303 28 6
17107 6069 50418 46976 71212 66809 42417 27750 71320 23287 76618 59319 64675 95364 86511 56013 27137 22351 38894 644 74150 25785 67575 83292 18224 68006 78684 29760 
96708 84511 17430 30166 6931 67847 93494 78143 51007 35910 5892 22326 59196 98861 97997 40223 94224 84507 12587 37713 6857 67833 54708 81006 93617 22282 64297 11840 
6639 59333 41599 3346 60195 59028 49864 67126 43226 43357 45268 94233 79266 67511 32910 54813 66371 30906 95035 76947 15412 7622 31011 38621 75454 85718 19626 85422 
24351 275 97261 30989 59607 55211 50686 19801 30591 549 3278 73816 43905 64897 84400 39522 32407 17310 94335 15130 48215 5721 8428 79979 13342 39438 18599 5147 
41507 38224 90568 65857 54850 4180 96845 14456 59391 47530 50609 89981 48079 53886 80148 8335 18783 64548 47857 67541 98209 58543 82670 46423 64263 7449 42753 93957 
63238 61351 99103 4744 99575 6023 70600 70776 10202 67444 85232 85944 14974 52192 92276 79404 6077 88776 87738 24859 69675 51946 8752 67883 10488 91421 30657 91103 
15222 73410 85059 78459 34760 513 83203 50686 6535 53802 21462 33089 21246 23045 35384 52571 75236 27660 48326 97664 16435 52415 38875 86109 20713 47626 70343 31200 
39046 999 38654 70619 90760 23712 49078 41872 24225 32280 8909 47111 86081 46722 80199 23678 86118 15583 92600 61353 59594 57277 75369 76028 9692 14243 78488 30404 
61868 65182 77955 17265 82532 16609 87884 73292 40320 36961 31515 80896 69240 40423 28007 71672 87145 24557 11702 89614 56491 4301 67319 16084 77930 42687 8463 87621 
56929 3302 18024 18796 68483 12330 52412 51015 28938 40295 40658 85610 93607 72172 82857 62846 12594 10863 50870 16090 51772 78923 22056 8262 99575 89374 40698 77504 
32060 49160 65124 88988 68814 99499 24135 37296 11829 76546 4662 40766 33193 45319 42727 26799 33842 25584 5997 62788 52798 73218 78877 4569 52140 932 29183 51714 
6657 69880 29218 38716 35391 94341 27703 20556 93840 68189 57852 22020 61087 78865 62785 94279 24184 21864 21077 58025 47447 43425 20812 16596 16642 16041 37517 68781 
33324 66699 20495 39981 52930 49712 95048 4672 44052 22751 25228 54243 7291 99431 76262 68377 78295 55399 62655 18830 77262 84 93207 41060 43508 30370 57655 60150 
46410 95171 28930 96086 78221 49424 52418 31150 99135 47465 52174 59539 86567 93753 30133 93858 93183 6395 62234 87829 61793 41241 6659 55406 41324 99865 96465 84831 
30234 70471 44980 92996 65642 90262 5433 43862 39685 57850 91364 55172 21666 59889 31062 8233 53641 61194 18442 63175 67588 97027 51003 45732 38267 57661 17489 79590 
73877 13953 80773 20463 776 42104 29810 66417 32365 35242 26630 88402 9443 34345 43573 47460 10585 90986 55692 64225 52179 90485 27399 36119 87512 94754 81850 25778 
68766 99339 21720 42643 29643 2492 79457 46770 44595 9266 13186 76960 44507 56168 65361 70301 6864 25285 17760 17449 16270 89804 81673 84800 80288 25424 20918 84151 
36529 19120 9929 5294 34810 48000 64288 80804 50491 43744 27574 95085 53009 40759 88396 13867 13278 70108 519 20142 95392 18279 37590 28013 24434 35614 12813 21073 
77389 50082 5224 13917 69201 31504 35563 4010 79503 99850 84814 29993 43594 12387 41429 12954 69497 29825 26821 82775 99932 27339 19268 11676 61969 73209 39688 86402 
25174 68852 7475 18915 18934 12698 49183 88134 44201 84745 8496 23703 84595 93309 70047 28188 22047 11475 41141 91543 41299 84313 90669 57583 28004 9936 69258 89972 
99496 25297 92726 24670 94149 200 59936 29434 29249 9118 33919 89801 93863 42414 29855 78457 52074 99901 22996 74120 27727 80488 65663 69026 64801 56331 26608 92804 
82619 12217 99127 98466 37513 91852 39487 31661 8403 99422 77446 37651 8540 11365 43803 2402 70130 73657 97210 22204 89909 20205 96323 17636 692 78337 3013 81844 
51020 45972 90999 33638 58188 90126 48455 95700 81977 87942 43713 6732 87363 21158 44382 12254 48874 88185 14655 19004 78193 28216 41207 68102 48420 53881 2089 65464 
32218 5101 63659 83237 51072 54658 33226 25611 44783 81680 21310 43111 85973 65022 49842 89688 2532 10576 1941 51405 15112 32948 70408 93304 61163 11614 77757 25935 
81847 96197 7750 14064 1297 71408 97300 68720 26065 46877 94330 87199 44908 31992 46662 30881 97013 12855 20568 15896 23430 22508 67301 54893 55455 37708 64549 32970 
65674 58657 75256 47520 54854 83005 77935 56150 54412 91586 41222 96829 38462 51903 379 83369 83894 47040 30601 97259 76247 51168 13154 16028 90028 80454 70921 45482 
34514 35469 94803 187 94125 70058 64058 65330 53062 58344 21480 23826 49929 79053 37006 4742 30955 37384 4462 14849 776 35063 12107 77022 86230 25260 93049 76257 
22066 80321 38091 56579 32141 49245 73117 42618 19303 53526 7947 88716 11869 45778 12541 61797 24830 49546 82890 72137 3282 87351 86985 4057 22413 15443 97430 24995 
57054 6830 1251 79119 87151 55693 35697 35643 4938 8813 78260 40592 62338 86207 29307 90558 31984 58200 68706 73166 24097 51595 45302 27378 38946 48638 47786 61358 
64080 61567 86352 37485 68397 3955 16604 71899 75999 68652 7541 97288 77465 2153 37879 56154 4711 83538 63064 36694 41737 31769 26211 82185 83364 87864 9563 22309 
36501 73700 18 16932 35267 86370 54417 20015 6676 87372 8265 99026 56023 32157 96314 49839 34309 34192 22345 39019 17729 85408 92065 75817 17176 34627 58002 539 
22491 83916 22847 75343 73967 22865 92275 9233 25586 63043 45599 48613 50414 70215 47638 6436 2372 43951 72627 53032 94495 94971 8403 12223 80378 16819 4392 97553 
51445 78745 98092 73935 62660 37290 65630 36626 76506 57904 62211 18443 37298 24161 67055 87711 94376 14693 10498 13099 74995 83124 82482 69489 94446 90884 98064 74823 
24054 2455 72376 75499 81199 86819 65785 60210 40460 31414 96835 16966 5669 75397 35408 42966 99558 18815 47028 10285 33507 73878 23383 24853 57001 5864 94342 51447 
13100 92405 42621 37153 11211 31348 12651 8761 18166 94788 85322 74978 42553 82156 91943 48222 73905 43702 91187 73462 62516 54567 83746 12374 28444 7128 37227 1796 
29343 47920 69594 42442 56676 12215 79595 84238 43562 8597 92998 78080 3384 78319 69409 45937 76826 61351 10510 50730 21404 18048 40543 272 72614 24288 12645 17409 
47767 66223 19205 77110 14142 88798 35903 87169 17364 31849 71406 77278 40446 80755 71709 60181 59073 41117 22469 52251 18819 32978 19332 40222 51026 59875 40493 39991 
514 69490 57400 48281 52064 76604 41742 66206 81753 93996 69726 15469 25845 41132 9098 66290 21886 80806 42822 97311 21922 65291 65913 57092 98268 85244 13665 65645 
45118 54158 5636 61984 39999 63035 10264 92062 55990 68357 74619 37742 62352 44345 69562 4548 85476 78659 87189 23713 59464 30011 21023 97737 95301 86935 54828 9920 
88531 68493 75565 33648 39002 81200 95631 95352 60586 22246 87413 16575 6954 78384 70668 85658 22728 40230 90205 24555 18888 93746 48267 94704 23756 85642 92440 35408 
88928 63620 45327 77458 48464 37243 27458 3817 18442 39440 99168 95379 61686 2932 11953 84991 81315 82621 87000 4042 22850 93557 44948 58089 87302 9567 52792 27409 
95208 45232 62816 84135 25203 24494 61593 73666 61737 89050 93834 96530 28489 93001 91909 6526 12284 20213 7869 93599 2833 94868 13992 42034 88424 58940 123 92077 
68506 52914 19485 80065 14497 82300 80551 39699 6794 58495 29716 84882 63896 39901 81411 92385 49253 89671 15262 61537 9884 39482 55135 29068 34350 69126 71102 39125 
44417 87576 31202 29274 40489 50686 25690 71338 32986 6241 27388 56131 64735 73456 41012 28631 13356 38774 37367 62609 44797 68980 24145 54680 8462 95631 83747 42811 
64756 71200 98287 25525 58775 29488 71150 15616 80174 96840 86953 29511 3080 14340 1993 84166 87795 59356 12796 17503 98129 66514 80111 42925 35494 4255 13956 43955 
99885 14055 3117 80992 85254 1403 22868 44029 30891 94018 59644 27416 90857 62948 73278 93936 93639 75270 78101 81434 34625 7249 98936 49105 73762 95398 8382 25607 
16004 22337 69561 15888 36391 72677 13231 21645 90432 36099 82025 37674 30116 58020 65089 37324 20967 54718 47611 30957 29987 42063 28742 80963 49311 44029 30067 39425 
39426 38448 65031 55429 77137 50944 87668 13527 23620 17251 51523 30403 53349 33547 68076 99816 7918 49516 53491 45236 4233 1101 76193 50571 43163 4934 31533 8826 
48963 77952 48250 88388 32751 29632 60169 9887 80575 47836 23414 4195 65086 91288 50949 34786 24835 19025 50953 49104 68540 4443 94340 89125 5543 70532 39695 48706 
75465 87580 73883 40779 81883 22132 45519 14633 51763 5687 24520 32338 69874 64285 52884 34960 55572 3832 86097 96758 39208 37050 45862 24100 57844 40201 13224 63387 
27084 69270 28444 18900 73201 2326 59679 55083 40809 5197 69716 8923 27235 10587 41260 97108 74871 10495 48419 46794 30679 34516 43552 69886 87917 5765 10337 45760 
45965 39912 25498 89400 9182 70293 8299 98734 72618 67977 53817 29778 89525 39884 38701 16759 50470 96312 30219 41692 6807 78637 88485 53837 29504 48388 23722 17420 
70504 50411 79532 32820 90322 5029 22219 15855 75322 30518 14589 64291 14846 84757 94069 4371 24640 49121 37481 75109 45432 67699 33152 52238 46336 37988 6074 75839 
86376 46148 9611 56879 12910 89142 89699 3231 10522 28269 35438 85843 58786 50026 66486 73632 34782 76906 94354 75773 26026 31834 67233 71457 99533 384 40047 62220 
38371 62472 38058 24746 24971 64020 97977 54232 53161 4027 57463 63683 32295 92900 65877 7433 59277 32362 81064 10410 25619 75417 86182 51644 7250 53414 39453 23134 
53797 95851 85353 8519 74674 39763 49617 15997 3782 47593 70228 56943 67971 44042 36977 16617 53293 2853 24049 12569 51567 21464 39330 77185 13232 25511 45181 36834 
95276 985 59967 65424 13187 45320 73943 4212 1434 23559 20208 5215 87503 6788 62157 71825 50829 15485 4793 4122 18338 28842 33042 86256 66657 72372 79792 79889 
14234 41324 33074 25862 58660 93040 7637 71846 54711 81579 92410 56144 21489 28969 61359 25343 35756 39867 13519 2937 55352 18312 7058 90041 63505 56451 92648 30161 
45174 72439 26401 59408 13763 59474 1621 72422 68866 9257 60620 23576 7188 53029 96072 45028 81997 73782 70371 34105 30000 241 37041 1703 18552 60450 91743 82056 
16900 84390 28569 62074 73181 54969 37833 86943 30795 55805 75716 99660 65061 52687 39587 72248 5715 35658 17276 4064 9439 3998 38168 55791 4238 91560 57493 39142 
52009 49236 37549 85260 49977 66117 47333 23157 37438 1517 26451 68232 57321 18519 67891 38734 71205 7477 10981 93272 59487 44608 13687 85277 64957 51854 41067 85547 
43413 98560 24688 11773 64147 62236 97032 14123 44705 44365 53632 82142 62233 96434 50373 35906 14952 34615 74639 2509 42091 85619 95780 1577 46579 9466 86854 27887 
77671 44272 13433 37435 42831 54472 49207 6977 16708 46238 37452 77764 90602 91083 59905 69187 87516 26629 5092 18820 61243 79730 21328 19685 81700 33459 37614 44630 
42924 40819 72517 20594 85090 85949 58028 27921 40421 23586 51249 73480 69823 88700 51243 76777 79782 27499 45963 83650 54127 67406 2469 15369 47135 40148 51405 45186 
73606 89018 89816 16529 29836 62332 53474 14926 64632 27853 59198 5052 51438 10446 94883 37612 99146 62477 14388 95279 89975 60350 95280 60453 44107 97748 92173 91241 
54247 43578 52779 27852 32595 42594 60732 78783 21277 30557 10060 85908 58409 69257 7312 26198 96054 2194 63810 11551 81023 78197 6830 70997 54899 2109 31450 99005 
16209 23622 6598 86807 67199 59376 14659 16146 18321 75390 94928 55949 5947 4987 41856 80707 90595 65519 23257 86648 67713 87066 14551 48735 81614 21380 36083 52864 
39840 83884 68221 72400 23858 74818 59207 91056 50545 90217 23553 85217 81958 34832 41165 4256 56170 99372 84963 46764 64891 24571 49764 48955 27988 64314 14041 9601 
2045 66475 78817 58236 50359 47037 46988 74216 38206 22546 81623 5102 12762 21528 90318 94719 56359 47834 15327 12529 63557 289 75644 44799 24859 25407 10105 52846 
89720 24145 78798 8116 6972 57614 66352 73682 21002 13339 64249 59207 52236 62223 80660 64997 83750 70977 76067 40109 35162 91393 68989 98719 8033 44632 43517 49243 
70039 69974 18440 76110 10470 97238 578 17441 71203 66929 91122 8557 96619 55370 84115 48854 17593 64775 30202 17694 52103 22620 74154 87265 30365 43142 2335 38397 
87774 62203 87640 74164 32176 6079 66625 42646 19668 67202 76438 7223 50482 67560 15779 63452 39281 99893 28657 73225 64667 75210 90919 33122 97830 65072 20386 28194 
24566 39072 66590 28691 1274 70581 2854 49802 93012 69478 8799 12679 53032 85236 19901 19865 69147 52031 83317 8428 51924 11973 98004 32942 87183 5274 66063 1364 
86698 2800 29557 11263 41871 12498 39953 59497 99431 59158 9298 92442 44987 18096 21472 98018 19683 57725 17883 88830 9755 17551 13609 61678 45875 11612 94620 49409 
16886 77034 50772 19935 79834 96680 31197 21704 9178 87501 97552 24960 46658 23201 17401 91644 57648 55224 6014 77331 12948 40248 66160 22703 57798 79768 732 3672 
7731 95351 53081 24616 88737 20204 44550 68570 16884 92098 6625 42413 79598 4177 67372 42607 43729 1124 34251 1377 56347 56616 78707 85647 96863 61218 8349 54660 
57337 9080 74683 65067 20783 44115 6035 9519 64319 66936 94440 81202 59034 1064 23614 54983 21592 7337 97590 65321 8460 48192 66697 81158 21159 61755 66804 18021 
39324 91504 89032 96660 584 80066 61726 21366 24181 67760 47236 88499 51048 41675 69700 10081 42738 9665 81415 80682 33353 95356 46002 58164 59899 29050 39321 81057 
7156 22477 15429 46479 13980 20812 59490 30915 878 21215 68632 25058 5327 15867 13556 56374 57541 99607 82806 16631 25623 64220 97312 58975 75928 59665 17138 35826 
5066 72810 33235 28573 11638 48663 91403 25618 69475 50892 72884 86704 88458 41516 11761 10136 57382 41668 66509 31275 41274 65666 47905 83248 46238 61568 58574 22165 
37584 92063 74342 59001 64872 7576 3925 92862 72591 95327 18479 58417 46218 7714 45120 51027 49229 56880 61163 6611 98547 44023 37885 56172 9689 2141 55771 72278 
80060 14344 94442 33995 6406 85135 9347 87629 92711 13271 80490 81653 8597 15320 40069 71166 23034 85188 22192 72262 58419 99706 95224 73317 43729 49460 29488 69769 
67952 1610 42046 64363 15953 52839 98357 38710 37973 7703 26338 47035 37325 23180 45039 45921 38499 85107 33438 77884 86646 71982 50146 45064 71687 61721 18380 31767 
11181 64219 1535 79132 65828 59932 43495 98132 29122 58203 36841 67095 82258 79531 30481 19582 19062 75520 81855 57560 76978 31644 51796 63624 3625 18293 8687 75312 
80013 43419 23430 7545 7637 24965 3029 89817 1248 62875 87948 30370 21077 41141 13816 19686 37023 60648 55620 56084 52519 37474 29995 29497 69117 98142 9472 72742 
16434 34510 64405 96447 77928 4186 20343 1917 29150 23371 91733 46750 86245 96032 77119 7322 53524 7286 43359 90546 67933 98978 62981 20452 36451 9328 66300 21920 
7469 75771 11013 23903 10280 91769 36701 88208 95954 57043 90124 41456 80414 98208 88205 83010 94239 81675 90331 47763 88960 50042 54660 56892 49019 33993 93695 1822 
43320 59994 23741 67140 35764 51105 7394 46044 42873 44094 50603 38826 17489 57078 96633 14254 71637 84837 97263 65875 82863 3946 29989 71822 53987 1001 45066 3005 
34993 38760 4826 94664 15106 44918 61803 50869 96022 69197 13264 38894 29642 80218 94072 47130 53647 90704 61383 25283 91893 58646 7510 91107 62591 37498 79281 16577 
38498 24346 35933 89842 79457 40759 84505 94562 85676 62660 61783 98050 48208 75046 36943 77849 55264 47366 41331 8910 54422 2713 50545 62666 77710 58054 53772 56652 
95551 33052 73228 50401 73749 25513 56594 69558 66271 57451 64119 68298 20110 42253 66347 84669 17299 19642 78869 88914 83359 20199 14175 37780 39264 64719 445 16973 
22772 70569 89977 34675 19972 79556 1427 93721 5068 58020 63278 87690 31822 43748 55988 68283 86001 38686 52951 19651 58327 31820 24916 41686 68370 39090 95817 7633 
20161 12614 40958 59284 83182 30934 10310 3153 10489 11736 13225 31909 86108 92854 19598 17929 52954 75585 86212 38954 30623 39162 74956 88949 87333 99871 46986 55703 
55312 42803 63335 75472 55416 20644 34756 54949 51577 45065 58101 78418 73153 87678 26678 75612 80531 46275 93540 33484 38212 96103 88789 68834 51617 80096 57782 38949 
79966 21120 94651 35278 63922 74338 27101 35689 11333 78208 90637 79262 39625 65089 57679 12777 52766 84356 88388 33297 46982 98279 83132 85193 94382 88273 54026 45998 
68368 28160 84946 64686 49279 95949 16315 29552 86638 43415 65240 97970 37975 72228 93583 77599 37316 67613 90375 90082 51968 95114 39730 15302 93392 39213 494 4125 
27485 70872 50122 12205 15383 51420 76890 81013 63720 9556 26916 66709 52970 92155 81030 7296 80734 74613 84894 18049 42225 91620 24482 10545 86733 80563 25846 96477 
19776 42691 16953 63612 13562 67075 75816 45296 34846 69057 26308 98565 78612 53223 81625 47934 61729 62654 55229 42462 37266 56475 76863 95843 48094 1344 6387 51179 
98259 32232 64007 18034 91274 80959 97997 21188 48033 90165 66483 99230 75573 9143 14146 54185 62365 95770 18470 40446 58424 90050 99259 12041 46524 76121 7883 94618 
93817 14269 62148 8427 62852 26154 26460 70478 7112 40808 91665 71497 30972 74499 70726 6545 83641 84872 77081 62358 96993 11902 2803 55416 1951 18413 83809 64827 
10886 91691 75796 4702 22312 37943 29480 1515 64096 55939 71992 87559 13098 80008 75407 60422 54507 46133 66966 38147 47356 60398 16856 44348 72299 36010 16116 90601 
54423 99924 55427 65308 7966 31222 86361 46629 69164 15840 64496 49611 88130 36487 53522 17579 32847 28928 78000 87353 91412 61317 41851 38767 21714 58707 99467 10364 
11068 31934 965 65490 48209 56391 47149 72526 3965 49861 19155 89480 82052 83650 55443 86533 36488 8964 4112 69334 54243 82111 73038 45655 43428 14889 773 81493 
89947 239 91857 1014 48524 9173 82856 96732 81915 46356 85610 85879 96217 4764 75359 78268 4765 47153 81153 57604 56116 85264 43290 10358 67374 16327 72364 27153 
47567 73137 24998 37513 89727 16854 54879 38251 26026 54086 51334 24292 441 36943 10171 13009 58058 1881 91277 79174 49033 88781 36778 21500 74044 80067 48209 57769 
96393 20573 1274 60312 93709 26271 14176 83435 43124 69054 38037 85501 23139 89371 26144 39932 42665 36314 52940 723 54546 60568 96248 19930 49348 33025 41429 23391 
29443 89638 97512 42188 26562 98785 2499 20270 25055 16674 20056 84530 2080 58093 86382 25218 63815 12525 81501 6479 65191 34441 23553 19736 95008 36153 39666 44356 
69177 97446 84098 98620 3435 81609 40807 29996 96745 59657 50265 21799 76330 70321 22680 78409 44765 9061 19979 8579 37938 1479 31409 3128 35919 71314 39215 47279 
7466 95232 91634 92994 92678 92083 7965 96112 90044 48771 42460 86788 24779 92724 8587 1109 79396 47618 95869 40512 73031 15847 65442 10968 33678 96851 30447 69596 
84516 86013 16874 8333 97597 24859 1326 90274 16942 25643 2737 23337 74413 45196 10124 15544 54272 35062 16652 50019 82680 28872 90531 55710 44719 55972 83029 78396 
69174 29827 64343 53689 32191 97569 78373 29787 38779 96051 36412 72072 21693 55501 95408 12457 17048 5532 28000 71319 40593 61003 37690 39624 89875 28220 11685 50945 
84191 11065 29340 69717 57243 10034 39757 89434 23954 18130 35572 62733 14180 71984 51156 52224 43836 46564 64680 60883 68447 9032 48554 9039 70034 86243 65015 59908 
30814 76699 10852 31356 87764 56543 1072 45006 82929 40829 50791 6882 75310 86363 85966 5841 74698 37122 58064 18533 83685 39095 95767 52131 48126 44320 77521 34512 
46914 42535 94419 77727 35586 21623 25435 23349 94517 26506 84706 93797 83686 35497 679 58995 38211 2996 64835 12908 40117 22898 47792 40153 61993 43558 8635 26470 
4230 2508 60981 51143 45042 71752 45222 80627 9726 70656 20327 4242 13513 5033 98039 97199 40529 15069 72545 95091 18064 37380 7998 74533 76629 55789 14685 54973 
99346 39672 81443 3575 42179 58775 71070 3572 30526 32643 551 40251 3298 20877 60845 33162 25909 75235 46712 82789 6655 19257 77879 24718 56636 2228 15602 33264 
58016 46639 4589 73714 86310 86031 93640 28488 44805 64709 48411 91683 97351 48961 48285 17000 69838 25481 66514 12098 715 13225 11239 7369 32481 5469 48439 5468 
7697 64040 55084 82064 27030 59672 55777 13339 62054 65769 58178 23210 30477 6589 14892 44180 55549 79529 77531 41738 5009 44044 53836 5724 73621 65074 29444 6101 
70542 94234 27921 78238 74626 99356 76654 1655 59027 32430 31346 21080 14550 89523 60641 45027 12463 75533 5558 68012 55061 99440 9749 76421 43484 79936 82144 17104 
45009 27940 39556 31903 22173 83828 26492 13150 83183 3145 14805 58561 51927 46150 79640 66476 52024 56633 27854 64487 32165 49763 48850 3577 49203 58598 79997 9038 
54886 78493 26141 16246 22784 82048 48148 61308 65876 90992 74458 65410 10488 5614 23971 62414 51763 19962 45242 20138 76594 89447 84624 25110 39210 33473 28686 4764 
8423 25035 13801 63308 19879 56293 95905 42662 38340 44053 3969 20567 51396 78426 2329 61883 84039 26299 40649 52153 46260 85890 72291 39206 91688 56914 64315 47249 
6739 9353 52012 15161 50739 65812 94820 70617 38456 90724 13278 93148 51128 17246 13714 2523 12024 32394 64406 96062 58692 21406 48215 21304 23647 36857 60509 15334 
93770 41175 62583 508 66879 30946 32020 17617 96758 26839 88233 35213 17563 1510 28360 68690 35108 58426 87565 47131 90819 68322 43192 65863 89727 7758 3518 13373 
44614 64026 45058 54736 21552 23992 71595 88431 54938 3615 6047 51695 46805 10632 3259 64367 28493 47971 49409 63600 22748 36973 10730 29918 5294 70274 95780 11372 
94383 99297 24744 55349 79674 86153 26436 17578 10145 98030 6008 65082 17996 28406 33128 64801 55389 52738 45519 83882 17060 94927 47481 39807 48251 74563 69725 53544 
61188 81856 81267 71922 81153 22362 27270 77178 8515 53705 94755 35011 68087 762 92 86082 45520 49571 67234 908 18660 12753 84789 35720 24031 48622 75526 72282 
39536 61602 42177 723 43458 23444 88996 24610 45805 16266 1787 54319 86322 96542 5681 54408 13655 5772 56842 75526 71694 40427 76434 90354 53179 77574 26073 77210 
42547 17950 65843 82082 79552 8019 99156 23009 47814 88152 47618 93619 20769 65756 64289 7090 78649 69970 77850 8656 92093 51043 84181 63787 91469 76966 70492 61000 
70892 96564 54561 13438 14513 20403 11872 94064 44773 11027 33424 92587 15530 97393 86205 36298 63149 66845 43388 58149 36814 37589 66804 45259 88631 67337 9045 96451 
60654 79536 57450 47897 92451 28362 61335 23315 48764 89558 33731 93537 584 67154 2475 32466 64547 5031 68763 44047 71875 28502 2195 25041 82442 85351 70299 87424 
69039 95695 83875 46044 91582 57676 93941 84032 86038 55275 23698 51153 61184 57428 44689 61767 24582 63515 10584 5480 68545 79347 49526 56772 7848 68072 81812 6642 
53422 68462 94065 38812 64156 77939 84856 55737 35615 78796 56120 38004 50422 79817 89156 11605 53597 50197 89723 78178 13711 307 83657 98608 96005 49534 55379 20204 
17605 53542 26845 87379 22003 20910 26190 2510 98848 11045 74598 50814 6192 47069 5169 72965 43237 94325 84569 96833 44521 90644 75010 74583 7302 75018 73190 3306 
24551 44920 23509 42156 98461 66706 29534 36815 87615 72075 55676 2814 83120 30273 69980 5663 93693 75148 78628 36930 85824 79548 33762 30344 70191 25124 4927 93844 
141 94468 97149 24692 39388 37010 83199 54200 20067 29084 91015 7681 1158 46690 26846 629 93315 13177 6292 87007 88325 1271 23936 90500 80818 57698 20844 67361 
82821 42122 61204 99313 36589 74705 40356 92328 28066 23554 46528 48132 68989 53894 55812 70147 583 99009 70775 93897 12186 93418 97256 16862 94688 21191 7361 75506 
95240 44556 42866 94412 3029 20421 93725 39618 95125 34080 48297 23190 73986 94824 71321 42974 48717 43484 13120 65652 58845 247 75900 87382 93664 73155 4243 88352 
10698 27955 63857 5937 88863 23074 349 91891 43494 10425 47860 54971 44504 96157 78160 18489 7332 65833 61463 72401 25668 90934 38052 84512 91180 30303 71893 84844 
19810 76135 73195 30507 20442 53403 52795 9304 92828 69495 1194 52673 79919 49054 7643 24423 61562 2155 59263 68893 67987 20725 41293 93654 28011 95696 78166 19190 
42351 66410 4033 62160 58897 93579 9018 79338 46981 61812 4993 39808 31307 6186 8833 11225 71591 16475 51999 49504 18629 11262 18397 2967 48338 76041 12973 92700 
88089 91138 11890 30439 73899 32274 8950 32795 25853 17967 12132 89185 79778 33476 45345 27436 56014 54177 55013 27604 70651 7011 93460 5632 34624 11856 8598 99314 
4248 21570 92013 8688 29059 20254 55478 2958 52528 64427 35752 78380 98745 64236 83916 94875 97711 29260 22310 53724 83436 77322 97680 70439 685 91139 92422 51660 
19346 17371 67325 39945 38941 75690 48633 84351 95943 20462 3660 64822 1241 55764 59553 99985 36351 43469 94859 50413 72728 17169 20489 72516 10842 18168 59306 27878 
25658 51727 95890 61355 69097 63214 17651 24389 38903 82635 25092 51198 3097 45103 16019 4337 866 75572 4321 37216 35392 15532 87629 24471 32700 8117 96986 59893 
42636 72643 4123 84645 40721 12 45999 26170 79577 80001 66910 34832 62636 92001 86029 65732 37104 18399 70068 54321 10322 90740 91537 45713 6271 95517 70184 55322 
19985 83521 31567 62620 56164 35689 63616 13236 52052 9614 39405 31628 5966 6315 66459 68601 14667 52487 34332 68122 87238 20751 22443 97559 27843 30331 43272 50465 
42199 13455 5787 62183 96975 53705 41154 69490 89393 4769 82726 41444 30734 38482 73071 36699 61148 55882 5300 75815 8368 55983 60288 11957 76734 99082 9516 20928 
29412 69139 71392 87962 82593 93530 50144 95919 47234 91297 81761 52978 96065 80838 94421 26798 19319 83844 63497 80467 39725 85148 72633 64444 41130 49272 92753 34215 
48354 2268 55142 94117 71406 26534 82079 70350 36415 32222 82620 83649 39871 80732 36626 35935 61569 47399 79085 97240 47594 58933 77706 3670 44080 66690 84465 85209 
15961 77217 35776 64314 95836 90917 74783 83593 33802 56861 53942 70217 5434 52914 70217 45304 33645 23194 97591 95214 86944 93027 92453 50889 51959 86510 54558 12390 
69551 55375 13950 85511 32591 49725 66177 44779 40642 57311 28371 90795 14171 98665 77363 35956 51578 47579 97612 1574 87125 11554 96787 74068 4580 5591 24957 72890 
8452 95866 1631 78002 51240 15580 79865 183 65305 62393 44961 22298 19703 89683 13092 50225 88347 90455 2532 56276 54385 143 57850 41509 28048 70988 31929 48979 
76579 56885 21868 1382 52750 23498 95736 20342 55430 91952 36876 20734 70696 98188 43031 90398 87870 56122 56974 92569 62928 75857 48844 17313 76000 6693 75173 20399 
77681 7101 69378 70611 80337 7597 88344 49439 31095 84079 69780 2876 76030 6655 23609 46725 21194 66639 53474 9063 39112 26799 1631 18392 2656 50475 52056 95007 
73519 27228 15405 51199 34329 84782 38161 31017 92379 26505 80455 39825 10583 50234 42700 2965 73240 82660 66041 94433 65650 19515 19848 4761 62665 21478 39504 81672 
88304 91559 76678 61823 18787 8435 29373 69467 93216 67534 483 1946 94038 80938 58122 20972 47523 17173 40288 37115 99832 6329 47899 65481 42195 84098 86594 4859 
21928 26097 86531 10231 34008 79560 88405 69146 87994 34130 38612 97562 1663 55446 15859 12052 52735 73981 49375 16610 91153 89663 53724 7337 95991 17974 89169 54537 
2072 75762 59395 23999 18211 62277 50581 68570 58189 55338 37715 46182 89467 76326 60095 7481 48123 75954 35884 858 66286 85258 17467 57438 91272 87542 81126 3614 
21867 70295 58150 40290 62408 33897 80640 80618 12525 31221 65539 70713 86558 3253 33247 92376 79578 93341 99856 44053 69294 52091 44910 35579 53700 78728 9369 44972 
82621 90494 64937 4487 77140 23087 44777 39548 73335 25416 36517 85859 72988 2056 56572 75897 5308 89818 68272 1238 99510 84479 45290 85156 52921 90199 37086 6621 
85278 46454 67944 67898 53300 32880 72384 46791 72318 33512 86338 45652 75280 22855 47863 48267 24910 20786 24164 46569 26955 8787 47806 26464 9618 93095 11619 62538 
99645 65057 85510 1274 11510 53453 69171 81161 2685 57907 27952 75002 91418 30641 37006 66697 53495 1220 31316 94756 22005 71831 41325 48959 96969 5482 75422 6586 
14929 3393 85476 30925 68449 87337 32199 96310 40790 1369 93823 43474 75627 38126 34827 67045 68766 88184 50093 38613 89403 81408 49720 11407 69590 7396 60365 66559 
12878 52139 89496 44158 55531 74971 75082 40331 78660 23632 36640 19449 25001 46814 79274 16979 84939 30452 84023 70057 18636 50468 8669 24390 48227 58388 52149 17817 
65784 12513 84375 95013 81003 73870 39170 52885 65193 30603 93215 43852 54235 46207 79652 95587 93020 75277 12565 94311 5728 12940 64367 40715 63407 73035 65105 11633 
47774 17253 29449 29909 46117 13823 41273 27120 4045 80442 96356 85589 27397 89571 29440 81631 52129 9091 77217 61500 719 89781 55810 6446 2720 20176 47161 82478 
9562 28617 94111 73688 62221 23559 3596 24689 53734 44869 68160 74130 41662 64516 59718 69058 70438 89157 50688 22566 14599 44256 84065 15317 50389 56227 38114 53108 
76402 1626 51938 2316 30242 46048 76003 8814 85958 95950 33503 56043 40818 18014 30172 98832 82529 89889 67889 52966 79045 34929 91883 9995 79184 92300 41663 29572 
48526 79777 99032 41279 81402 67321 43594 27996 13368 35948 36809 99325 31898 86663 71720 89067 4677 1891 87898 3557 91780 72139 72875 87176 23419 64757 97171 18954 
57056 38833 48526 21933 34961 63909 79564 16363 31229 23157 44358 60948 75457 97518 76624 23706 533 48343 12772 21561 50234 17022 25117 42013 5512 97991 29188 28930 
79100 42710 47883 52507 97895 12760 74440 32855 93020 54003 49217 40600 93511 9926 1547 85319 23796 94523 9024 40680 42865 38148 62240 9450 55169 3708 67814 60680 
1699 13354 5961 97150 56063 53843 49656 70309 66603 40447 3164 59622 10801 68732 16574 4312 78658 18120 5982 18805 12642 15006 59484 71859 69505 21723 97660 24673 
25430 65474 1704 43480 95179 24016 40629 51241 77858 90285 21550 60812 30731 41065 36786 41532 9796 53359 62195 4805 71478 84528 23609 472 15885 83092 88682 85389 
21166 86341 26413 46596 68166 44468 6427 63344 68483 47056 30937 46341 53692 68838 7152 774 9902 43937 58657 36049 13647 37203 40854 85125 21731 64462 1948 37615 
63906 6981 23004 85071 9673 49416 31666 77839 93884 54445 57534 78718 17852 88470 25058 71543 73659 48562 88668 99912 8850 47325 35961 22497 84527 76814 23973 22609 
57627 25920 60224 21532 49252 99579 6603 58924 65346 54620 53114 75581 9064 10648 54299 26915 15469 95708 14809 89128 44269 3477 89039 53119 67153 24999 75615 68031 
18164 99587 90640 75791 41858 67215 97322 91109 66793 3924 50032 48490 58544 3146 40423 67607 30145 94721 10874 45613 90428 25682 34740 51049 45510 40131 4167 12662 
65129 96133 80693 83293 12071 71332 75435 70280 54898 72756 61388 38042 76680 27771 86531 51575 47268 26953 35533 77412 38025 46406 39377 28453 88440 90468 95853 33949 
30598 19 62963 12079 12503 43655 11723 24573 31338 87157 94852 86235 59912 72591 24276 52943 16713 27158 4517 63981 70463 40050 57744 8487 86455 13472 53291 91246 
3940 49143 41547 34537 65513 4509 62967 78015 64515 74689 18939 95852 61845 30142 98438 21757 19084 39065 91051 35797 82574 95568 16129 53036 35617 90224 61523 38423 
3696 14813 29669 23987 80308 71215 74875 45820 92075 37842 40187 56589 12530 59125 68792 90727 5619 83581 28835 24702 22645 19885 76850 5218 15452 92978 58254 51068 
99554 36128 89491 19601 67292 35511 43587 47599 23077 34813 93419 15151 72654 49957 71739 1536 25433 56882 92262 31051 40462 21096 72105 79458 40980 48954 84675 56432 
58284 59280 23851 74189 11759 29693 93789 79051 65203 53727 43001 4631 4891 52771 19781 93897 2727 7871 95432 28160 64752 4045 75562 21565 25140 47666 1022 82471 
12972 2049 55254 87607 77680 79105 78147 89439 25149 88287 84841 90352 58365 27841 94982 63255 80612 31115 57151 99690 38985 68934 27849 20089 72978 19763 41653 14469 
83780 59027 96940 13103 61075 68545 709 38754 47649 95207 44544 72798 83493 45736 79501 41857 73577 90834 21464 70540 21948 78614 70229 77285 47548 14430 13725 36877 
50544 71729 51346 34323 30755 64637 47426 8181 33181 64486 63287 97182 59693 24182 86331 43185 69918 65831 1394 43494 73016 22857 30385 94964 1470 16965 88600 65369 
47746 18676 18598 98289 90404 69943 32612 37511 50931 96389 45691 84111 60874 25329 81292 20566 49511 67622 80103 19428 49804 81496 79273 22820 4352 9657 34135 22173 
26621 39086 3894 74367 57761 22491 89007 48164 8785 21618 85674 59715 18006 47717 60177 95232 73045 57821 32149 22555 41794 12251 58334 91598 10098 37606 30769 30801 
47262 81255 52974 90235 20340 73219 80953 78100 12061 69959 42615 20845 7929 28289 96911 25934 92357 73439 37517 65401 31259 69666 4308 73053 81916 62641 81002 8366 
247 11770 39166 63860 93024 8491 70446 29715 81709 51398 7814 93769 37709 50428 30965 45637 95068 44227 87922 3776 17666 25439 85529 48924 95104 89836 38328 77019 
68828 19329 1736 85426 47450 40902 65638 56825 49392 36083 86539 47453 3833 10704 57573 41541 77484 88538 87177 88903 49116 75098 92679 66781 16888 78207 32057 11991 
84394 70384 5362 53221 6065 7097 54999 69866 47998 20636 43043 13742 56718 45933 61194 76902 56637 18766 34794 50472 23655 38322 39374 89123 29772 32052 55903 46659 
26610 4311 58650 11003 91047 64011 80576 97111 87459 35574 83328 35457 56209 42722 65550 29278 88655 26743 6180 61643 61860 40973 12114 1867 79295 67839 90989 9066 
99891 46891 55724 42852 51202 30725 53855 42248 11087 34430 55710 98546 70003 55389 34002 42563 98111 15903 71840 3117 42645 94371 64759 4504 35344 93224 22722 30990 
61062 13710 56407 60952 60601 28482 20156 28154 59207 74010 86753 70293 24791 58814 68838 11145 30554 19191 53707 28664 35093 41898 31780 94089 36269 12890 14945 71612 
6113 37666 18953 67175 51376 75359 44478 28328 3840 64633 56481 79398 54994 59585 49691 79784 34750 34880 7280 65303 54071 60986 93967 5515 2884 42098 99604 55504 
54988 14548 43467 61100 68565 62419 44626 19940 54129 89104 48267 74320 53736 21099 53718 25082 97035 19760 4865 31784 54639 28497 97087 25061 5834 7405 30576 25069 
49502 46531 80572 20841 77430 24038 98293 45994 86456 42918 82286 40584 32021 30552 31256 2109 68003 84973 27190 65037 4732 48406 96821 59370 76902 10259 783 82736 
17663 47710 24156 83516 10592 4728 20709 88021 28765 19001 50366 31573 78270 32651 88508 26643 79555 19763 28751 47557 4735 72292 28945 25818 20697 42117 1540 13951 
52375 2322 13038 86389 50031 37193 86257 60622 58272 6965 64994 87037 42317 15359 34961 20586 64362 23468 47228 60268 43231 92330 24176 64317 64621 53120 90135 1670 
95237 91674 31972 63963 10347 61361 66704 60377 98553 52960 20998 56825 59924 2343 60213 2240 17701 95173 22825 98414 18640 86405 58681 78222 78734 82856 58891 59707 
52328 65377 77728 63916 57050 9699 27878 67396 71059 10933 44124 85963 63892 81473 59139 23815 83815 19351 26054 17867 30875 65231 16281 49515 51635 91313 44088 46720 
90521 2978 6426 42848 68354 84153 6763 41755 10203 50992 25502 81261 61925 85977 83576 25816 67449 42714 65983 51263 78417 8388 85482 9291 73618 18114 75157 41604 
9426 35597 88324 16298 38574 11101 59145 23280 95254 82259 81386 5456 49603 23240 3069 27879 9216 2996 70046 76665 45709 36028 44279 40477 60768 29760 49768 34385 
64225 24924 92341 73651 60520 80664 6300 15446 91764 65445 55077 3369 64055 52814 25177 13657 76053 44597 57887 1621 47592 27933 78285 9652 80312 38915 50129 41079 
85027 16248 91816 49251 41171 84156 39253 18043 64819 45553 49840 72934 27349 21268 92655 91403 74081 34183 21412 66486 78779 79298 68106 42722 23582 62742 68725 3894 
18008 18853 44972 3034 35100 53139 52285 92623 37294 7889 27017 18464 53441 93208 91398 97141 14475 404 88544 4907 34586 26307 87744 29716 5604 55849 72437 45538 
34942 41161 49431 52950 76366 10754 72335 27817 63893 24619 20439 17538 48860 63807 36002 18652 57014 43751 15793 87840 44154 20688 92747 95091 46994 80490 24806 68949 
52691 13594 14486 87632 71106 80268 56933 47471 7374 29268 75288 87618 70238 12078 5155 19097 75885 41156 37749 49250 84906 69893 37090 45411 90580 29836 40501 37573 
26677 81658 22873 79367 11603 37359 83351 82709 17626 40283 30179 41351 85902 21818 28968 56140 50248 34123 91588 42484 75278 45688 91733 76536 15580 45174 38298 6159 
91361 95151 60083 18038 76808 82956 13756 88411 36666 97106 71119 70643 53741 17649 11994 39642 55819 40961 12133 6066 91435 3721 48549 66713 49408 56633 59600 64988 
1807 97897 87498 93167 93047 63933 27556 86207 63240 41312 74617 99905 38417 62087 86899 8509 96087 98892 48151 51905 56205 60283 74322 47639 64003 39222 30703 29763 
95855 90302 11102 97661 4551 14951 7179 97597 78883 34735 83803 42122 76046 74771 58378 30814 53209 45277 39323 65648 60520 87473 33904 33076 64107 8226 80715 44462 
47447 27769 74224 59653 34423 1677 57313 38973 16627 80844 52921 95510 15578 53076 53983 7975 44198 28713 38788 97407 90341 78110 79406 50860 81934 13309 288 62393 
37886 81002 6854 85333 25122 97429 61337 59544 99105 35002 98516 15731 15845 51437 27592 31422 20864 81575 39396 65061 10287 94535 78819 627 88997 58224 67838 70930 
71533 68125 49674 9418 65478 72879 11102 90600 70307 72439 50143 85763 23792 65011 1494 39636 32799 29085 87409 53662 27011 43156 35074 53649 37690 13893 70627 26686 
72116 38465 13968 60000 22941 79993 85770 88419 52872 96871 95370 23178 85661 61864 8941 9452 43226 26786 65439 76024 72222 52847 46037 99233 12354 81111 69233 50044 
11355 39860 93081 83470 94676 23400 59822 17616 3393 45591 22386 56264 42461 17755 95793 44474 95971 21085 70277 39196 47870 52068 31572 36444 4914 93960 52028 17268 
91422 21260 83663 2776 77471 93095 2598 72146 16495 62419 89762 36239 8009 28499 8854 66821 62606 4646 27646 58576 42083 97923 14123 6304 49990 45694 42747 71255 
56006 94774 4874 47427 32386 88536 50203 9856 97983 69152 82002 14477 31570 88115 67067 55930 16613 75920 22750 79218 96917 66748 54145 38999 64670 68268 45303 31011 
30313 4401 18617 86318 15527 23491 33745 47912 28378 299 74119 26360 85802 72472 57188 33723 60586 24254 89652 93551 173 28753 89120 13442 95500 43265 52440 76521 
27884 14094 23883 58196 18495 42500 60866 50373 82342 10962 14636 10719 27612 88754 53431 13413 77578 10618 47135 54515 34872 53138 64417 51396 81890 53537 64837 93742 
13153 33629 86614 41036 47722 10497 15583 82568 69348 92800 49292 51689 3761 63927 78759 31372 69033 32189 61136 46610 59159 24622 17476 94030 77759 81893 61777 76001 
35429 42966 86094 64933 76594 72707 5968 40667 83203 37902 39587 52550 30702 5230 20590 50814 69157 99349 98538 54541 31537 59673 1150 7047 647 34977 1076 78405 
16869 79205 70757 52297 22170 56850 17229 15115 29557 39548 72133 29111 93802 28071 98013 40855 33301 18602 91668 2457 17950 6557 73349 65839 66230 90850 72885 83228 
25826 90313 61632 42695 85869 48741 11343 8038 5590 28572 39504 51498 84471 11636 80609 94624 56059 78621 35478 89359 13574 43498 8167 47876 50054 81515 13714 32635 
72364 2950 15862 98189 9614 93846 40883 95482 42586 68578 19871 48175 97149 75726 16025 97971 3714 12985 92595 59772 7957 28072 49130 21530 87921 57296 69405 37975 
55162 99470 70609 27525 2420 86471 42065 28385 80316 99300 23867 22901 67877 60089 87427 81377 35815 19803 79347 39528 32787 88293 99299 40743 16365 64780 62273 4285 
38427 31677 58611 93588 47499 29220 21112 66270 32042 79528 94654 12357 78827 34872 51609 46703 94961 55387 28079 47127 75190 23778 86654 7976 12070 2304 65071 44786 
67083 27343 65423 5509 75371 24033 15448 22869 53252 52911 89138 1645 32438 144 30353 11265 35015 81961 74319 46327 53700 2398 93453 45241 26175 96458 69568 54596 
15113 34638 99382 98547 61980 64804 20407 37351 88836 35854 76571 58440 88764 65709 60084 21202 82204 90437 48818 17218 88749 23136 63545 42448 41885 73349 4040 84411 
86159 73608 39007 1271 8245 38388 16170 70225 3191 36576 23927 8378 72430 16849 66817 77545 98909 26901 15098 81112 33689 80267 98330 38789 3403 78226 81237 61639 
67926 1628 46050 70436 75235 85056 71707 83480 39795 4228 70056 59337 40803 10334 67714 29584 27182 34531 23481 26091 77783 38578 7202 27823 18845 21883 66611 38599 
16460 64199 16589 84386 65827 62638 71173 41061 64045 59231 40892 20191 63458 10947 79527 4261 21280 47241 33844 64814 98123 57324 90904 75905 12254 14457 3727 47450 
36340 86689 2400 69151 50888 18988 69888 16714 97978 41061 74126 62022 291 15018 82213 63749 42316 61739 68009 79948 25331 18204 44761 23453 91880 52016 15709 20485 
66472 35787 84286 19163 22476 86685 88314 73363 5672 74553 6428 3649 15613 96905 82023 15904 11922 80587 96004 70590 58677 80364 50537 84008 14919 11649 23812 23150 
63664 39521 43634 30135 75307 27919 65650 97782 30955 70315 87496 36627 44867 93923 56627 60480 90828 55001 92735 19101 35587 5090 6042 94264 85453 56578 94623 371 
84578 18434 23521 48241 57954 83506 94728 33261 27777 60377 47394 58731 30691 34890 11709 91909 45164 84688 68740 52343 39688 61474 71444 75275 66563 93837 85890 68367 
66767 80512 85090 51344 15297 8610 99585 73251 8467 94312 22863 52595 71040 70256 27678 18082 21497 39386 9990 66661 24073 78730 19003 63761 56555 6798 55387 39470 
16987 41276 24188 83753 38139 9277 35096 53435 34238 34680 43037 42705 45343 82251 11651 32734 68859 39328 50815 6707 78714 77157 73367 19138 72238 8722 82898 45144 
31871 54636 965 48857 95911 25153 48961 50401 34429 84057 20188 68667 35088 63224 27723 80431 61827 39373 13164 30685 95053 80331 37391 73766 57487 27110 9255 46076 
52183 8505 91219 405 63140 92184 65614 59051 17336 14574 25803 68116 98630 45990 36782 33718 9214 80856 30500 87392 36581 60015 18076 31633 40345 71818 21750 14183 
15279 31004 60258 67461 39508 51477 67866 2648 60012 49831 78050 77347 64404 3852 45462 63034 49842 98596 13103 75407 95803 43602 79150 32383 3616 13577 80367 60313 
85394 2116 74495 17025 49472 34753 837 88979 2581 85054 7978 62592 34884 2379 39938 99288 22583 1751 62321 88776 16698 91775 80534 12501 35376 59683 61235 55343 
73259 41602 15655 75004 60069 90150 92028 9540 41254 92865 14871 43834 77918 22848 22777 12802 41579 79066 12089 64161 80816 90761 69288 13866 98887 49821 26366 50614 
9503 3952 5956 99113 45553 37963 74116 5622 44464 66144 15161 2069 75360 30031 45902 69629 69231 68678 82430 10809 47743 10870 91321 44910 17982 60608 58775 16868 
10428 1492 67481 36282 5444 89789 35394 67348 44103 9509 72969 88566 92004 4482 90634 83715 50864 52887 53344 20094 37916 35773 47254 2010 62995 54926 63271 97328 
15533 38398 14196 42312 56241 98028 94945 78036 4168 30338 45384 48270 56199 18352 53187 64554 39185 60172 48269 90049 29410 1612 26494 83677 53736 90100 85686 33082 
45025 65309 30410 76910 3706 60957 35573 76298 75336 30518 54334 79504 77207 99717 44125 49757 34420 13664 14311 73605 73835 62579 80005 19597 80542 6498 3273 50629 
96597 5311 83711 41622 70619 14120 34883 90676 91428 70455 66973 66763 17324 21306 46266 94531 37374 6743 44287 71794 20406 74949 61750 10592 53879 41754 30188 34420 
48251 33461 85049 61200 38771 85111 19173 9389 99230 54055 16416 7009 40861 83388 73771 58185 21046 36389 69067 58419 43131 13353 30212 79888 4654 91961 90479 58532 
50066 20667 92952 98317 54127 94352 75868 9249 79462 95040 34989 95043 65446 51404 2051 6306 51143 75821 80842 72188 12209 49908 46959 71691 79613 93522 51578 84266 
1835 42057 42797 51900 79075 52100 66568 49553 62803 42435 58801 42264 53826 93789 53658 19271 61544 55708 41929 12686 47881 22770 1226 76441 72678 48184 48132 68642 
41705 99709 52907 43539 58117 12055 11791 37191 64155 78358 86743 26957 20793 61895 85573 90970 72035 39230 10241 33578 11290 52169 62616 59170 91290 80193 35610 80319 
28376 93 48960 86432 16154 1866 46323 74270 30273 58113 27813 10779 36470 30907 54087 73614 92802 39659 64584 81188 95241 91176 31118 6530 59696 93733 65699 67337 
90277 17660 47656 18652 34105 96615 21435 50258 14833 84109 40879 61457 42221 68691 72235 95043 99598 26321 85008 8751 65980 65943 89938 77572 57118 37407 84101 33165 
47491 66151 502 37767 162 64509 72770 34266 61123 94205 84523 92307 78313 25402 53763 36886 10444 25997 31928 10041 52318 16935 35143 34649 99230 41433 28572 72699 
78839 12672 5864 26330 78822 22717 80448 95335 87225 53218 29601 64699 47422 14123 57006 42086 55876 27120 95323 66320 53117 27250 92712 21786 60537 27855 72786 76118 
85639 1357 48816 80829 30380 71031 23510 25553 93747 3958 20887 97323 57175 50487 62022 20948 80962 35379 79385 36837 62498 74708 3156 31966 18309 95868 70103 78845 
40074 59240 54962 25712 76948 20130 22892 7327 91160 46402 32879 84907 50359 53766 98581 7533 20604 76954 28480 1565 12332 7864 38402 91182 82571 57909 39499 880 
70128 9602 96076 10201 68841 67390 52264 45789 87519 75156 69467 95030 21557 2346 96288 71915 72463 94869 95799 93066 71822 24278 10983 506 48493 49384 91687 47416 
23644 31185 64647 93772 57138 60722 3972 42331 44463 72588 4471 48333 64095 73937 43363 85651 92634 39650 73917 81448 50870 86067 74514 22692 26696 85496 23197 75188 
51231 31235 38955 74874 78771 3601 84997 52261 64323 5321 94591 25137 77908 15413 73470 42002 89349 33184 44004 98335 72833 34272 79782 23703 20338 70647 62746 47033 
72494 2294 38572 40076 49880 77527 31302 28650 81127 16298 80910 61801 21618 91852 86938 99525 7264 76759 57878 12965 9942 1881 27651 99126 52504 7432 39180 72841 
94431 1925 36225 66924 20570 74797 23352 70449 68675 54653 15451 49801 70950 12712 27954 8920 4564 31243 24796 28179 8001 82674 57495 34294 906 85145 33419 53410 
8929 72599 42602 3359 90875 95179 86634 27797 86327 9985 98245 55001 64637 13695 21153 51939 26407 49106 60858 47322 80348 85653 75500 4700 84678 32995 38993 1936 
34491 72412 71697 43419 61362 14298 63129 68588 9476 66115 96384 95802 76099 10981 67154 57088 41027 88307 25378 83785 53764 2587 47458 34112 4591 22958 38811 89269 
72304 94156 91204 23146 82919 62900 82917 44280 93549 46045 29219 19377 12159 41955 15178 4610 69287 98684 78049 10313 86990 19778 10450 40753 22364 57907 91216 26954 
97216 46379 32574 85871 40534 23777 9017 23452 3028 91933 84083 96577 54329 29653 15953 82840 71607 47482 3801 40893 46165 81849 67558 49506 17978 78007 90259 40341 
35913 97826 83646 33129 44204 16220 18999 1089 56348 44367 40892 59376 36299 41326 72304 90628 70979 4608 89819 58937 52089 93619 16182 14606 75467 83739 80463 9796 
78097 87073 50136 14009 84899 50133 63489 45454 82704 98840 46543 39052 43206 3786 14779 95857 45112 87082 2836 32442 91689 92654 91378 60129 86272 7559 91086 78090 
7649 71549 4237 85745 58621 70724 99754 59871 20856 79594 5325 3560 94785 68219 58963 54343 72004 73741 66551 33467 60822 69386 65908 68862 78391 57286 45342 81014 
81196 52780 75455 88845 24328 79691 74589 99300 50414 90694 59171 87621 86640 80847 91180 81424 49065 50142 52118 21068 40234 18668 70887 17407 88053 36794 86268 82795 
10431 47962 80160 7979 17093 71966 96823 57772 51656 87763 57071 18421 94809 32593 22394 97800 13439 13573 79223 62503 80067 47693 99923 36652 66360 87161 54059 70765 
23954 56678 53559 50737 4639 50071 58715 21731 22036 71889 79502 90044 59651 52925 8464 70811 85517 30857 68610 15308 60782 64185 94162 57200 11877 10436 93851 78236 
97596 47909 49000 21550 4587 18911 72286 25577 68981 47352 63660 91016 19240 43161 81059 95242 12437 5875 66053 14306 53083 51014 29613 30216 31550 23774 87415 59778 
34210 97618 54366 31805 45526 19717 69706 66464 38627 58343 92041 23959 5694 72052 31327 24933 31564 28737 36527 44001 50963 18931 58306 4046 69944 4270 34261 17846 
28043 38028 77623 78604 35645 31988 26761 97522 51705 96466 63986 6683 54809 72378 46994 76854 44429 78320 18139 75992 23408 54665 36344 74371 73595 11001 78416 59890 
15270 29028 77735 59665 67055 71710 38268 2699 3697 65028 221 71753 77846 80558 94788 32654 52935 41781 25859 13715 36452 43997 6058 59859 98661 42402 50581 72255 
53402 45348 48497 85024 74376 26231 44688 57782 97940 82955 76833 17989 64335 93405 6093 42180 73962 880 91185 43248 59012 17043 73314 11815 61040 79371 88026 59700 
38124 38606 48307 7878 83954 96803 92901 74681 39385 37588 48814 53677 36894 25646 71665 1228 35402 94109 43407 9363 94989 34591 68962 70352 51634 58627 82167 29025 
37998 70192 5076 92473 25149 53382 350 9102 66536 9602 134 22273 47189 65300 75949 84083 90945 63965 1662 42699 74425 45069 68413 69413 96011 37375 56117 63996 
96001 38283 9372 50350 24826 14448 59175 49974 67829 59524 75428 50717 69126 91913 89341 32666 57212 65289 33100 64509 45605 34762 7207 20029 96182 75619 5794 8544 
29345 78262 72540 41698 32896 81911 92047 57721 12710 67573 7694 80539 27097 99473 47607 12574 91386 36947 61591 48597 18587 94691 29457 80543 29452 36663 16923 25633 
28634 39068 50528 57978 17329 23067 99675 50224 21330 8074 7944 34039 75646 31990 30929 19094 47814 94887 48019 39199 48185 9610 4148 66771 4300 33604 63665 50103 
86619 80588 92087 15252 36007 42614 89581 53336 82033 89256 3559 19714 13681 27855 70104 5678 76196 17385 41124 24009 12271 89142 63208 60456 15103 83707 43578 35754 
33662 23595 85856 20280 20534 94294 51883 56540 36908 41464 9875 35292 47071 29786 55005 60751 57640 41460 82780 33835 58844 23903 57843 71115 13045 37402 47922 28147 
37460 7851 80253 71122 31445 66108 7753 51978 60402 59636 24870 13661 1099 34744 65304 64521 64529 20308 25271 38520 61767 24402 88706 36963 48305 46549 8077 77701 
302 72350 22199 54114 96552 2451 25235 27997 84911 32987 96326 61664 8974 21195 75324 26424 72291 40627 90944 53171 77286 32566 91691 55404 56968 80396 92366 5272 
43296 16794 99324 59950 5495 21522 14063 2047 23973 55649 46395 8883 4987 42720 70546 13961 80267 62221 40384 68909 19199 47680 22079 96484 80245 30121 68239 53564 
26869 60605 58835 86516 93750 58158 46465 99245 96032 76879 1291 20004 32527 47685 45238 53866 6756 15783 67826 3374 94355 24561 72282 13553 72240 10713 10036 68837 
57185 94626 22400 84053 55230 97587 70569 48980 72096 33385 64576 68127 10264 65866 4482 59142 29902 49719 29359 36657 81853 97184 56383 76207 38097 28664 89759 26688 
55728 16146 11876 12913 10772 34276 96965 82353 48214 83885 47684 20309 17270 12259 4788 43885 94476 9269 19378 24377 58988 48737 77386 40840 62272 33768 33399 368 
78783 23157 43408 50863 39303 55283 63775 50074 5910 77091 48778 54123 60976 96462 74432 94597 8720 79219 38481 3196 4839 57858 43924 80178 6594 37661 37370 68866 
87780 70768 85585 66563 93924 28992 33777 49578 627 97551 99651 6536 90993 64781 60659 68320 61242 51442 62916 69961 47012 17748 89508 51850 75606 49784 32028 98551 
87444 69397 83768 75224 40164 85705 58138 50439 31048 91914 17 31674 5816 16019 38210 96808 80799 98868 65128 42040 50309 44395 28353 97320 62143 17860 65521 54100 
83995 13900 69002 71439 83296 69122 63014 39811 54826 37503 6602 85873 29416 6618 17547 51583 22636 72108 64742 19787 70975 29869 61826 37635 90616 6530 51306 52758 
40742 16826 6857 24736 30726 92210 96174 30373 61331 75539 86536 16156 13041 93137 18381 58808 16106 35927 10390 38741 8034 75132 74879 95360 21352 53057 49346 11967 
59586 651 81076 327 33828 4284 25063 64553 96494 37588 11278 57824 29479 97813 90332 42519 7301 8712 1327 23406 60990 28068 78498 85375 19551 53377 80734 40903 
6433 30079 52869 82370 47081 50297 99049 80908 54580 40463 61813 51073 94402 73090 8897 23880 87254 15580 82751 94554 24291 429 34311 85280 28496 12808 70654 48047 
82536 67739 88949 5320 14169 58169 87690 61249 8465 86738 58508 79397 27200 20320 30469 21601 9761 55717 61833 97014 71296 44583 7919 95586 45011 42229 97217 73506 
71389 84222 37904 53924 51960 43204 59244 66128 17725 63285 43728 42541 66374 2236 21937 9925 22555 52406 31525 32316 8122 9709 45681 95770 54291 69952 91355 99301 
