76 21 12
85 42 1 63 17 81 23 50 65 6 54 89 34 23 52 72 70 57 66 72 64 
90 92 34 92 41 21 49 17 41 26 1 34 27 15 2 7 38 51 23 95 56 
63 28 78 67 99 48 23 64 71 38 6 62 23 97 54 95 98 70 87 23 23 
20 1 37 73 60 74 23 82 68 31 97 95 8 63 46 55 37 61 77 75 18 
90 49 67 44 44 64 13 82 38 87 54 39 24 26 98 49 49 31 17 31 27 
63 38 41 8 45 78 69 21 52 38 11 52 4 6 95 67 18 29 5 57 82 
95 80 7 44 28 7 74 96 37 53 11 75 93 18 19 70 38 91 73 28 53 
25 31 58 71 98 28 99 54 84 32 48 15 39 91 94 45 16 90 82 20 52 
8 65 21 78 86 11 20 59 38 73 35 68 82 57 17 9 8 22 44 39 69 
58 29 11 52 74 79 93 7 98 44 66 62 64 43 100 74 14 10 11 86 44 
31 20 52 47 28 11 69 72 50 89 81 78 52 32 3 30 24 61 27 19 26 
41 83 20 40 8 34 1 19 71 44 1 90 47 47 70 58 67 93 59 56 73 
88 7 57 43 36 80 3 14 51 81 6 85 100 97 92 85 97 62 56 92 62 
45 39 9 66 48 27 58 6 82 31 45 40 87 87 75 18 90 41 68 70 98 
52 21 95 96 6 43 57 13 87 71 9 25 31 75 24 57 32 81 39 14 25 
78 100 12 5 70 53 97 89 74 94 93 94 40 88 51 83 96 15 69 66 24 
45 96 98 20 53 81 100 43 95 24 20 46 35 76 15 39 72 4 12 66 48 
6 57 35 8 39 82 23 59 100 98 55 95 47 26 99 27 25 41 21 1 13 
19 87 88 33 26 12 88 37 77 87 94 33 73 54 24 55 28 34 54 25 41 
100 71 66 99 49 43 39 70 43 3 40 81 91 24 6 2 64 95 30 50 88 
14 23 93 89 29 20 75 82 44 15 81 66 32 31 15 26 22 36 20 24 75 
1 66 98 58 19 61 52 100 63 40 14 85 84 54 13 4 28 46 47 94 26 
65 26 9 79 3 30 14 23 53 40 23 71 37 80 89 50 84 41 12 75 54 
48 58 7 60 61 87 57 60 80 34 24 57 42 2 60 71 67 82 76 6 56 
46 94 87 86 43 70 26 6 44 31 53 2 90 64 14 76 20 73 7 54 96 
64 47 49 23 18 67 56 45 72 11 90 66 49 27 60 19 5 66 14 35 70 
67 24 86 81 51 57 5 58 62 1 21 9 1 95 78 68 50 22 91 60 11 
56 8 89 68 78 93 33 92 28 54 10 3 39 90 6 48 95 15 9 47 87 
69 99 81 46 66 30 67 9 41 77 64 100 18 31 30 10 15 21 89 21 82 
92 11 72 49 58 66 63 19 64 49 87 62 29 33 80 10 99 88 50 28 3 
1 45 86 30 6 52 2 95 72 84 86 83 55 86 92 72 48 10 87 96 49 
48 76 81 79 85 79 66 86 58 21 86 54 6 16 60 57 69 54 29 52 91 
63 58 76 6 29 23 68 67 70 16 15 45 96 93 81 26 11 66 36 31 3 
89 36 18 48 44 39 1 24 90 43 38 48 18 44 28 92 11 95 61 26 61 
57 73 5 37 98 15 54 33 97 57 74 84 26 21 28 64 74 3 54 16 41 
53 34 84 32 25 46 78 38 71 90 94 95 95 83 92 61 36 77 58 92 50 
41 18 22 20 81 95 23 86 63 63 90 48 98 22 24 43 51 61 65 41 7 
59 87 89 2 47 24 30 4 68 79 97 37 53 68 17 47 90 55 61 4 44 
8 53 17 32 95 20 92 11 60 50 21 46 38 23 44 14 52 100 81 83 96 
17 35 15 85 33 57 91 94 60 87 1 65 55 84 59 74 28 22 85 77 42 
30 67 64 74 80 68 25 12 50 72 80 36 86 16 68 42 7 13 54 45 66 
18 99 49 28 73 76 49 57 5 91 39 71 6 64 2 73 88 65 74 59 96 
9 44 11 29 38 69 41 91 65 6 8 64 55 87 36 82 36 44 86 78 82 
8 35 45 61 60 32 25 85 90 20 94 86 83 22 23 3 14 13 68 20 72 
83 26 58 18 7 45 61 45 74 95 52 9 39 13 20 23 89 4 64 61 49 
49 95 70 23 49 84 87 16 55 10 98 80 68 67 86 64 80 82 38 74 34 
98 64 98 69 86 38 72 50 50 21 50 44 42 25 93 77 11 60 31 21 10 
62 40 28 100 3 7 81 92 32 66 41 96 15 9 33 53 33 34 2 5 84 
98 46 8 42 75 70 53 57 90 62 19 81 42 18 36 48 50 79 32 16 20 
27 30 80 59 34 64 93 88 68 28 85 66 87 78 40 8 30 96 50 92 66 
30 85 35 65 84 85 44 15 100 15 93 81 46 4 15 10 48 2 77 75 38 
42 13 15 33 20 44 29 69 87 46 51 71 81 15 55 65 10 21 16 76 14 
96 22 17 10 83 64 63 59 90 100 53 54 66 85 73 10 65 94 48 63 44 
19 43 10 25 59 20 45 74 47 10 69 68 78 31 50 41 93 61 82 45 65 
87 10 1 12 71 18 5 19 80 100 89 22 9 65 80 80 61 53 27 71 73 
46 48 3 96 41 48 8 74 44 72 61 53 72 72 76 89 28 46 68 27 86 
41 87 2 20 67 62 24 45 84 49 90 84 51 37 76 50 44 49 93 67 61 
98 39 32 73 79 59 70 99 37 55 39 24 56 11 42 69 86 86 53 34 27 
88 85 64 63 86 7 63 79 74 24 76 64 7 100 94 18 69 92 54 75 83 
29 82 93 70 50 30 7 54 64 34 93 100 97 55 85 55 18 15 80 93 42 
95 99 41 89 16 61 32 70 87 14 98 68 58 20 70 40 26 75 3 11 68 
54 59 74 38 14 43 53 45 35 94 92 34 87 80 49 99 63 70 86 29 20 
53 38 39 74 77 16 1 31 27 68 84 37 93 74 50 36 78 47 70 71 38 
55 9 69 56 8 83 77 93 11 96 97 1 86 23 77 54 23 60 32 42 43 
68 34 16 70 21 93 16 91 16 5 97 76 25 52 83 7 29 27 70 76 76 
70 14 50 98 67 72 57 98 13 52 65 98 19 34 19 12 1 61 79 57 57 
54 81 61 89 88 41 67 9 16 42 78 29 43 27 47 14 36 44 78 87 61 
28 5 46 46 68 47 58 98 3 66 52 84 26 92 23 18 58 31 86 52 60 
66 94 38 13 60 73 8 89 11 68 16 16 14 61 35 12 70 33 14 36 36 
49 13 79 23 31 36 5 16 39 16 81 85 54 93 96 26 1 84 37 20 100 
4 33 12 38 96 82 22 10 17 9 10 29 87 85 11 75 41 26 13 57 7 
49 10 51 44 35 3 80 23 75 79 26 7 90 16 3 23 89 64 39 98 25 
20 84 61 30 58 2 56 23 58 14 23 67 16 19 53 71 98 28 45 76 53 
3 17 20 57 40 9 72 78 58 97 49 41 57 79 51 58 86 25 67 51 47 
85 18 17 38 88 14 65 84 41 69 87 58 41 95 97 49 67 26 58 15 27 
98 71 57 100 81 42 76 99 44 75 84 13 91 21 1 5 37 36 97 57 74 
