16 11 3
61483 87365 16632 8068 13229 14966 78392 65398 10523 93807 29492 
28514 66440 43707 85115 11562 24648 19843 17176 18878 63857 8058 
52324 52344 18183 3264 59350 23459 78431 37160 96471 39914 40876 
13102 64333 54104 44419 42725 19501 71293 52883 48993 16159 19322 
9051 17625 47235 33698 37467 64411 68927 1323 72468 21250 70019 
7002 40865 29368 30461 19296 82880 26931 75561 23755 56384 56245 
94211 802 15321 13711 88447 68203 79055 4605 3876 4457 22229 
51111 54507 59696 15521 23433 77370 4340 44683 47388 11341 85547 
93108 41801 21194 92339 68731 13106 16093 41466 69351 10303 42268 
84671 40366 47066 69226 35772 51670 73101 40229 73898 40563 94735 
49945 56083 34519 43667 60422 95553 7406 71763 97452 513 29915 
18645 9203 14998 48103 25296 56463 33805 51950 15082 18475 92315 
62147 4052 44439 13816 93505 84667 4066 34067 95753 54010 90150 
46623 97676 66923 42176 5082 55037 39627 21946 1304 74623 31149 
16301 22725 72796 72763 72881 24745 4197 91356 33412 66343 11759 
77850 96511 5263 78868 576 39330 74620 70937 45831 37594 68613 
