23 11 11
64903 58739 91657 97673 64551 33170 15104 24552 90035 81492 78795 
29530 51505 76693 29042 97105 82440 33943 32764 22160 5115 42780 
80535 91227 56322 91601 94050 99295 25023 28860 39653 89925 3950 
47661 3949 84853 80830 19053 9404 87216 16896 4551 16746 84752 
97595 62139 81856 96387 12434 30971 18546 17548 73751 15432 25127 
46424 7032 19176 45719 32055 64388 85371 38331 68337 49383 42280 
53189 46565 77684 78945 33780 94579 99847 66877 95682 13793 29016 
77538 10179 41449 8508 45077 75348 98610 76860 474 45034 83892 
36002 7104 32298 16741 8826 70628 85077 58208 29259 54618 4772 
6942 49914 38552 17872 49760 5428 13554 79904 50795 7443 6435 
8595 32302 67863 295 30912 44722 768 92297 28613 53121 99400 
60910 69861 8225 47890 54938 66432 77148 25907 87556 442 75820 
42459 34665 41931 64238 64570 38186 15033 72012 44620 39979 20666 
12482 40273 51577 57204 57393 60225 85816 10513 59624 63078 80374 
84200 10967 51663 66983 4466 77569 54538 21259 69740 13348 72276 
28022 77586 36845 66207 8970 25209 27179 48948 45874 39660 5573 
13802 96863 62965 74026 99031 73477 50001 78460 53850 50552 5778 
5512 17534 26595 99432 88424 47854 85523 1771 36481 13544 95708 
73325 96103 4677 14885 23281 69977 77110 62940 75549 90911 76155 
38513 81288 91537 11989 47640 69996 65839 98191 75773 87702 32077 
18719 3486 36852 66572 89008 54974 19404 18904 50682 9081 15006 
55358 23965 54638 25334 1075 33929 882 8337 10083 55746 89625 
17971 67735 53616 87966 49925 68159 80090 53978 235 98809 57463 
