98 10 9
14 47 54 44 43 48 38 4 80 6 
40 12 2 12 51 87 47 5 89 16 
42 89 90 78 86 9 25 47 6 86 
25 71 32 30 66 26 29 3 29 61 
60 20 72 13 32 74 100 78 78 88 
45 71 28 87 49 14 47 25 60 52 
10 36 75 93 18 40 19 46 95 99 
58 54 19 81 67 50 55 18 79 32 
57 76 55 84 14 3 49 60 79 8 
11 88 96 37 32 13 29 2 10 23 
1 20 28 71 100 46 72 6 63 2 
90 19 77 44 3 90 98 51 49 76 
11 12 15 58 100 46 22 28 48 83 
50 100 2 78 70 54 23 93 59 86 
94 48 56 71 91 10 12 88 13 13 
15 75 76 29 32 75 27 53 3 74 
35 4 25 89 81 46 42 56 38 100 
93 31 100 48 53 42 58 17 82 22 
29 96 96 56 77 27 30 3 31 32 
28 17 88 52 5 68 49 98 23 86 
50 15 68 49 15 73 42 24 89 75 
45 69 71 40 24 99 18 53 1 48 
37 28 16 24 31 21 43 79 70 18 
16 19 84 35 19 98 7 61 21 47 
35 65 15 57 56 90 55 73 95 7 
72 31 34 88 6 16 60 100 94 29 
17 61 100 1 96 18 50 2 30 71 
1 17 87 15 73 43 5 80 67 99 
86 39 81 72 26 38 87 37 37 33 
65 6 93 64 58 88 34 7 42 63 
29 42 79 68 8 4 62 64 83 28 
14 20 66 94 43 43 83 30 79 72 
14 96 29 6 59 86 46 44 92 87 
7 73 80 85 40 87 40 1 51 22 
28 64 94 46 10 36 88 44 17 19 
15 30 14 43 88 24 80 85 68 24 
71 74 96 50 10 35 88 50 87 38 
23 66 54 16 11 63 4 51 6 20 
69 73 2 82 67 41 57 47 25 24 
70 47 97 65 48 59 51 35 60 89 
25 82 54 78 50 17 40 53 67 97 
24 87 21 77 20 88 17 76 34 41 
100 55 87 48 19 86 6 21 21 65 
9 45 99 14 22 48 30 13 52 96 
61 75 82 82 52 1 21 20 77 54 
61 28 60 99 75 30 85 33 50 57 
49 10 53 99 23 74 98 53 38 49 
48 50 76 82 31 79 34 51 98 62 
56 10 89 15 61 16 44 45 100 45 
53 48 54 5 99 29 30 96 81 19 
45 80 68 72 61 99 50 47 1 47 
8 9 9 49 75 69 16 71 65 15 
67 17 14 21 73 12 49 2 8 81 
20 4 60 87 75 73 37 76 19 90 
74 78 98 82 26 24 50 41 94 14 
7 61 82 21 33 54 84 33 55 91 
65 26 46 24 13 72 96 1 47 66 
90 21 44 39 2 21 63 4 14 8 
69 20 20 51 92 4 4 76 88 11 
18 52 36 16 76 48 87 23 1 34 
89 90 6 84 29 59 56 43 62 69 
50 31 41 22 81 32 25 36 59 13 
46 77 64 82 92 91 81 78 14 81 
63 54 23 68 89 3 27 44 45 40 
65 46 70 5 67 2 88 44 38 47 
56 83 23 71 16 66 62 49 95 27 
81 58 32 3 77 72 5 55 67 49 
95 31 95 64 87 13 18 75 56 55 
73 63 89 95 34 57 12 47 5 6 
25 85 63 8 88 40 79 44 46 97 
45 40 80 39 56 66 3 73 92 59 
79 16 21 67 62 6 75 73 4 79 
79 28 16 93 87 55 84 17 98 30 
14 42 69 93 32 76 10 35 48 54 
45 26 69 17 45 31 23 71 3 78 
50 33 58 17 26 44 71 9 61 68 
90 74 62 59 18 93 34 79 79 34 
32 75 11 53 92 7 35 66 78 89 
43 79 22 100 95 99 44 65 7 56 
84 49 81 45 7 98 90 92 28 20 
77 12 95 88 64 86 46 98 51 23 
86 45 53 59 45 47 57 40 63 16 
95 47 64 75 43 22 24 32 13 51 
4 42 62 98 29 77 83 26 26 85 
49 64 29 53 22 25 100 79 64 62 
46 58 60 9 84 3 30 7 86 94 
58 89 35 71 86 15 48 20 41 25 
56 41 88 37 93 10 61 44 40 77 
58 37 34 17 45 18 19 26 76 57 
71 85 45 58 56 83 72 55 54 64 
79 10 56 67 98 1 28 58 44 67 
34 1 3 20 18 99 89 88 76 64 
96 46 49 41 3 56 75 27 10 80 
42 88 89 50 6 86 50 33 96 93 
51 81 46 5 52 63 3 40 2 30 
56 98 76 56 90 30 63 16 8 72 
95 50 11 36 99 69 73 100 1 68 
92 4 1 37 8 52 51 63 44 5 
