195 15 10
16160 38532 15838 15455 643 58048 28635 34415 63181 14601 94948 1946 74592 61102 5600 
8275 53152 2897 86551 19692 51789 78568 44507 86633 4157 70844 64299 49775 93590 19865 
58641 9750 58396 74478 25204 59038 48877 70190 93452 28409 1143 4751 30354 75734 82205 
35954 361 35356 55202 86911 71399 6990 81831 15906 93622 85987 3101 74272 52113 13042 
94136 10753 22791 52532 1582 64346 11569 50458 50888 21373 78866 52030 26123 25572 44115 
8327 77877 44475 60035 33078 47738 31433 40067 29568 63690 50040 31906 83142 40663 84019 
96184 34798 11123 35326 3681 29057 99672 31602 95866 66911 52974 74732 35292 79096 16655 
95758 3775 94531 40233 63809 27608 87970 11593 84026 33889 91635 50417 65794 74776 91079 
49812 70959 25876 77287 6285 45909 6343 22308 77510 2208 5570 30483 93291 40861 25930 
9945 36618 29704 20827 93202 9864 64786 97523 37809 48811 31411 29443 15579 13557 4218 
6657 63368 91529 48885 57006 14165 94793 79700 36472 72302 81908 42041 19136 91550 99253 
45065 17847 52222 91121 38673 45424 17336 19811 59298 55144 84973 7061 84586 552 20617 
5156 7208 336 13036 56092 57342 27200 67236 37041 80023 39537 35300 38415 58672 43202 
37667 20089 77400 6240 11209 32424 68015 28544 52234 27313 40 37207 34373 977 37758 
71341 22484 61317 71676 35519 33761 45369 79070 996 82410 59092 56885 34061 97506 15556 
93614 51524 35644 71013 57764 63204 3437 25778 8100 72022 53090 8139 9228 3814 9115 
63337 75154 31599 24654 46830 83469 58414 92198 62539 75761 90959 21630 32645 41372 35488 
64553 34985 87011 16548 22350 44774 79752 42138 70552 87851 30511 23641 12341 39739 43807 
37807 19427 18960 85757 60432 82141 69226 35197 90691 31764 10958 98001 69745 43602 39372 
5232 8154 90709 92243 24702 29410 53368 20805 71547 23919 25007 2057 63912 37347 58147 
7718 75153 93926 43029 60910 54357 41522 46487 89554 32212 94602 511 30212 80698 60464 
85936 85930 84970 92996 94524 26023 22405 47891 46827 93951 71810 71833 12359 52073 25531 
86858 59790 683 80783 19170 77944 35139 60691 40782 41044 9254 35383 57906 39466 16081 
18370 41753 18362 19691 34748 12885 45713 57152 77127 92539 67454 65288 80723 79812 17360 
6253 83021 93501 23287 63803 12671 17583 98942 73361 58364 39985 82615 93747 97891 38432 
26179 32612 96536 44540 52302 31283 73776 98014 4786 67254 6904 72239 32542 87626 68402 
49901 93878 51423 43402 17164 31577 72424 34746 30518 45784 93110 86855 44750 3208 1097 
99533 45738 50060 96068 6629 2361 43702 96756 16726 64839 64009 39981 53429 96550 27606 
38183 62803 21483 5957 22556 54998 37533 94979 6096 84403 57114 15557 87609 18216 35116 
88705 34100 80853 55116 46520 3833 73828 90221 588 90553 71412 64596 46885 24840 77498 
74490 63022 56652 12324 68978 79207 83673 22863 90537 89768 7265 64002 5324 94873 82217 
56791 99929 16317 37643 55044 62836 41475 28871 69408 58414 35775 40819 23010 82659 82011 
16859 73500 45032 73510 85823 30362 69068 85847 53224 59604 75615 60488 23605 97290 71712 
22174 54081 71640 54842 8075 43035 17677 65902 71905 3436 24315 24031 60607 63676 23041 
42617 96886 96540 87648 70395 98714 34361 55814 84560 87584 31769 60174 64423 71726 73816 
36134 93899 44248 24125 48740 52322 67159 82768 18223 55415 86203 58890 79445 63161 38917 
2485 5777 35803 15376 9777 22549 14089 44137 78363 98649 48073 10131 75174 12495 81856 
48989 64981 92106 93236 5457 57197 61910 72616 39964 96484 44382 42519 71725 23827 5679 
10642 42663 11456 46444 74391 37584 68992 88479 81720 47354 3479 29792 73837 78653 58639 
72044 43993 39971 64150 53581 45427 21346 15490 34394 77662 28325 78776 20180 50 18954 
42210 10691 77968 70017 57134 52358 7600 42477 57189 89320 6183 60667 35463 80019 39319 
10453 52062 99664 50423 16211 53244 12202 53909 85085 62947 31570 29761 41722 68101 29810 
77027 10310 56852 54995 80327 30337 23704 4278 72814 80892 9949 78996 41559 45412 59014 
97229 72216 27427 96892 38991 59990 66487 67544 13898 67923 30490 61819 97684 72212 29919 
27493 65590 56580 697 36936 53258 31033 60640 57536 3846 41531 67484 99193 99441 29247 
74558 96670 17815 1985 9913 56805 78326 76400 24348 92223 44322 71189 70393 42005 43400 
16663 85850 25342 89594 86546 62277 42852 33930 22916 16739 37776 80799 574 36968 80239 
46173 11526 76908 63987 29862 86821 37143 8187 79572 77842 16761 23893 49030 87153 82250 
8782 20167 68099 34123 9760 70996 96399 68963 4925 35667 2053 59052 16465 2627 12372 
96703 65151 40249 89963 29137 70110 93135 82631 78296 72706 76824 11408 96598 42205 14912 
95199 50986 35078 79649 1460 61189 50644 14211 46504 71921 49877 48556 47324 66341 51182 
59695 79395 16332 99943 69357 61820 86404 62491 60802 64699 35196 53977 92458 48146 96182 
7369 43344 63519 58798 22993 64979 19987 89988 79189 66490 61908 29065 15045 9232 11757 
82579 85278 91151 15262 85221 60508 93434 71624 39350 70587 52675 74546 24564 45132 39043 
20745 68853 82386 84263 27650 5378 65593 63988 11718 44781 46829 89977 90197 61874 15560 
1953 60804 838 9456 92417 2410 69963 85850 90385 25664 72789 59411 16561 97352 20895 
55603 34448 89747 54341 18710 17396 76070 84303 97736 87787 45435 44564 77764 35632 22789 
93323 53936 83592 94160 63391 92361 96569 49705 94562 3306 75369 67350 62716 8281 81053 
83610 63884 15500 73356 18224 34210 7104 94293 34864 4839 82080 96650 65754 76195 32281 
88543 69517 2569 88486 80029 82311 80846 92949 32016 75408 96254 23736 59109 58970 32016 
40162 42579 12251 55661 32287 46826 6222 39390 41119 57437 60580 39550 54087 26333 15744 
2719 31227 1612 5287 19713 81640 87598 16910 74589 35965 8669 70842 76052 67778 29811 
8067 7939 88742 36670 79951 21028 83495 2525 76769 24613 59961 53700 80514 14047 96384 
12609 33118 27611 14221 38404 63675 95860 42353 80584 70448 78317 89253 57642 54368 57030 
3804 78787 81320 92545 15456 77622 29924 98950 80146 23044 39915 40107 76743 36780 70505 
73127 49389 3622 17089 79961 58378 80763 75820 17082 61346 62620 95399 50598 20261 66118 
23979 40416 61256 21650 32961 76711 99272 79236 92013 79417 2280 48279 35875 79022 85058 
22732 68500 50798 42705 85588 30758 17434 82702 22930 34516 44048 1901 46266 10997 38513 
12383 51328 78928 73639 72977 11888 66701 72248 7476 75065 68017 9755 39695 20243 5128 
41105 59326 73628 91902 18383 75567 39012 35816 74621 78293 70331 35020 80193 32948 46016 
18705 45331 13695 97632 35321 86672 25872 18373 75271 33347 9790 59639 43101 49484 96234 
64580 90588 55559 54559 98842 90293 30126 37853 26109 21098 16145 12791 56117 12689 62091 
18484 31393 23773 32179 29024 59093 18850 71247 93817 10472 20945 3606 70111 64045 69442 
66344 44977 60029 38254 99535 58870 44899 46012 13074 71007 67109 45570 149 23225 58258 
62239 58061 89650 86011 90239 35026 61455 25440 6272 71624 35911 27217 91581 6021 7613 
61022 88716 68941 21051 43322 68476 96272 88220 14487 9346 75578 97948 71267 92078 37524 
29525 70669 95584 19174 73031 85822 70551 34486 11261 93175 22461 47172 36743 14041 69544 
60707 75063 74612 29648 12465 17933 98123 25088 22504 28961 50785 14433 26908 22052 22862 
64432 51576 93530 60015 87101 66561 45837 57652 17398 73449 50826 56210 36972 87568 70250 
6516 48274 61664 81127 77921 90480 15411 92395 15568 54266 21356 66352 85050 48263 88403 
7911 29046 56330 1441 89061 43431 84353 51249 1082 18102 24697 68259 74311 61669 72178 
60912 84536 20451 22576 82014 14724 13055 13776 23470 28622 68041 44825 11326 69442 9440 
16080 77352 54837 72410 95144 43897 15840 95848 11497 33273 13949 52546 1531 4611 30566 
90060 65523 15101 26862 88098 13466 41585 17504 27241 81407 62478 11633 42583 73803 81074 
68374 89882 58425 23211 78643 69921 83459 94482 65768 94956 27754 79717 63853 45636 84327 
94418 35695 66201 25870 62557 54298 55687 20493 88154 82927 18251 50631 94559 60834 40785 
75632 29207 47018 50408 52417 25661 20328 35876 36494 86096 47183 80600 82164 11035 26235 
82842 21804 78282 49043 64025 57190 19692 19711 94034 7845 2637 12285 74827 13547 73118 
15611 5530 2324 78981 55937 71093 4641 92617 6968 41134 95064 70502 21733 77227 97888 
64320 60068 19691 58953 9110 83715 16142 28802 19777 10175 52998 22413 38811 27825 52311 
11928 59787 57840 30604 38767 30128 1696 59759 22744 25015 17245 34159 95516 55329 11385 
9755 36000 87805 29445 94952 13266 29511 27445 58419 49287 53972 11417 88051 92782 55593 
40361 4710 15379 98200 35313 70498 44679 53360 30256 83775 78374 63852 17933 90241 19181 
29318 99995 55180 17122 45791 50132 30387 75301 93928 5158 40939 47899 16574 28989 40681 
72166 69349 61742 3896 83900 13406 74393 28578 66765 4649 12352 61490 68500 46637 68082 
4032 75954 68076 59212 9427 13866 25695 56165 5518 19622 61322 46456 83873 94247 91796 
24553 66412 77496 2646 70308 61395 16051 61052 6324 99167 82052 35028 60656 50552 81664 
28737 70935 73969 13164 46498 99747 43381 72192 55911 48898 8166 33585 11705 92038 27831 
19852 32942 10595 97347 35587 80902 75093 51637 58305 97768 50803 40357 32795 27810 7260 
30810 56546 78194 21130 69709 24692 20876 29441 13235 93139 78338 21400 26723 6394 29789 
54553 42597 62730 65147 39943 98316 62400 15035 66304 20705 29154 33458 61061 78301 61267 
68320 9110 34164 62865 46592 20224 87556 67467 49664 791 60605 44353 22190 87327 67098 
51979 58232 9694 31060 39730 65988 29376 2130 97374 12031 39186 26528 45489 246 4828 
23107 84917 30289 73623 47781 76880 93846 35337 44347 59862 52479 4951 20566 91020 8630 
87664 59350 66861 97357 90410 6590 63345 36137 25071 77070 48167 64256 3597 10007 80853 
8424 49466 82121 38713 23088 29902 15592 33285 81590 59938 93146 50420 81241 13712 41439 
6222 17727 789 89434 31435 7550 12375 11131 43686 37446 88201 8204 18053 91797 34563 
98906 221 84028 81026 55285 23467 27279 70876 56751 25220 47166 66249 75639 44758 96312 
17078 67331 14038 34218 56764 61824 41767 69138 72955 85452 6583 61155 10007 40988 52951 
44569 39893 69523 44948 37270 41159 84766 80901 28387 57869 6120 91904 24117 81759 36661 
36780 98836 3991 67169 49405 77106 28992 91171 46243 18298 92974 69178 79452 2980 10165 
48755 63901 66409 34629 25200 3678 75788 9966 84578 4174 67834 7050 12429 8302 88808 
49089 61433 3995 69431 28601 53399 62888 73944 60921 9130 92242 53894 94659 88045 73225 
4823 53151 37125 71231 87780 78677 91261 79919 88642 92190 444 72827 99239 12872 81128 
4398 78312 42560 8392 64094 87512 78142 43333 77807 39062 68814 70048 9307 63473 74445 
82532 84647 27595 36008 55878 31726 14684 63490 27996 19677 72031 44791 92503 87622 74014 
73630 92019 68677 32541 16763 49122 36404 11256 92454 14211 66670 61268 610 75976 24740 
75054 74859 9386 19001 10867 81615 67078 41902 61456 11426 61579 33487 56216 70433 37460 
46582 60415 29478 15258 92955 62592 64380 29359 73848 73185 43569 40517 34452 44178 32844 
75543 35584 7703 1281 54584 34921 82895 38013 93174 60703 49438 71104 10541 5654 41537 
48000 52235 1951 93829 83844 11257 72773 48223 40615 46620 21408 535 3488 72211 61065 
52683 47754 13000 60385 49034 67583 11657 48280 5595 4831 8982 71385 92286 35874 77038 
33822 225 45624 52124 94054 29467 63381 66826 94042 20347 29797 15449 37234 33284 4011 
98298 85966 51764 11297 62703 17149 95231 90711 65429 17177 11893 90762 88561 4179 26636 
81950 38000 26860 27573 90124 37265 73392 69856 20442 67433 90202 50238 99233 27435 99873 
3243 42084 2191 71359 69732 64893 88507 64962 71955 70287 98491 83848 77401 3403 88026 
20388 85353 42377 63599 29277 32500 864 2668 18707 21305 86452 8909 71543 85684 52695 
87767 5279 94779 89957 76637 64510 71201 81495 45824 43156 68134 60666 27003 45534 64068 
15028 65921 49420 57404 29519 95049 6256 30382 97716 41314 68039 84168 50222 55933 86203 
19269 43699 91481 14047 33656 84469 94908 4856 82316 57083 64363 50449 17748 91365 95982 
81816 22744 78254 47587 96500 7772 42635 2755 54506 56703 60420 22544 57222 10642 78476 
43424 29910 38526 51257 60308 72181 52077 71567 93389 50744 28650 57751 1192 62749 65468 
13525 60916 88211 91778 8503 84710 15902 67489 3816 70407 24191 64236 92950 97764 91229 
87777 57540 37490 26302 8796 97797 14835 77224 85715 24575 27968 14364 98677 45511 77113 
64144 75388 54380 52355 67165 62882 53416 99418 46723 73584 69824 87265 37819 79125 85029 
45399 66901 42568 82888 9555 67715 97036 24389 61290 82750 48963 89257 13466 47639 51120 
6930 28135 26507 61309 96841 10023 40543 50256 9441 87265 23839 95616 90881 78009 74741 
92261 23407 41641 34828 22646 51195 18894 19681 91935 80184 18783 57249 85792 32248 21240 
36911 55529 49374 79769 16837 46214 6144 73731 12821 31936 60995 36660 27551 68228 14668 
2291 60488 54427 43932 11668 77072 11478 30561 96753 3413 27096 31887 77013 12888 64134 
98252 66150 36014 47625 62271 52850 10190 68414 26581 23011 349 3927 76022 27899 88506 
7041 46542 48994 61467 90473 60661 38539 18302 7573 51643 38066 51021 83529 15079 80260 
64014 13330 46409 27 77307 25031 69228 3848 9796 12160 43210 26496 32439 19231 54395 
20944 26272 936 86289 4090 7760 63301 42628 42413 70874 10622 80479 38246 10502 95557 
18505 90867 25238 81265 7245 18896 6296 92825 39096 16091 4984 82305 58939 53774 1536 
13333 91070 44159 30620 77358 48248 54731 40659 7228 97143 27884 34201 77621 66129 44703 
89529 84633 51921 31119 65897 75518 50014 88544 68342 89109 20987 89677 87766 79925 43451 
89301 9609 34520 33459 56580 11877 98058 27662 68887 5285 24804 96770 39486 18777 79250 
540 24657 80234 68812 55775 62483 44329 22141 51026 12670 27601 88364 2347 15366 84640 
62149 21018 94248 13020 54476 67179 41248 68886 94840 10135 90522 35996 23256 30007 71124 
18858 46898 95780 99091 15710 67907 61573 60038 6399 28951 89060 33999 33666 7758 65717 
18306 69906 86734 12553 82925 57562 79732 24172 26447 90923 50658 16968 26918 90266 63327 
98041 9123 10224 10173 8213 42285 94431 86138 18675 829 31440 7734 51179 65105 15491 
16895 83410 1748 3629 12315 1024 61190 8398 25195 3988 15672 92205 20955 42590 82470 
633 56982 91592 27209 83506 16156 85845 77936 2293 4519 95116 50084 28604 46295 15189 
60446 63189 14950 62193 83169 43616 63216 60710 68365 4763 64697 84037 96967 2004 42978 
95788 2636 99959 87379 46196 83465 3534 32041 77752 22179 36559 72868 72262 81515 19162 
3802 41960 98702 18752 4153 81871 78719 83720 42580 47084 4834 23629 31120 18152 41984 
74097 13939 44619 90407 1317 7167 90223 21203 39207 67975 43381 75765 57194 31994 57279 
76355 35796 15591 91408 70899 36095 89630 49617 19814 48562 96700 24648 72190 44171 42799 
14173 34619 56738 75143 41378 74406 82309 31600 11960 21515 15926 55340 13632 73119 3686 
87262 65825 39481 2852 57233 10379 38946 46862 76347 75112 95423 73047 16111 83964 33569 
75261 98136 68188 48350 89631 9565 22756 71939 57516 34715 9806 73442 6407 23437 46560 
26444 27050 28737 82276 29902 85969 92654 85199 49182 85352 76662 44605 74750 92772 44920 
8319 68033 43056 92858 16382 32686 18774 55489 20976 76289 6556 30781 49730 29314 54217 
12642 72109 97619 57730 54384 43872 60050 63389 29070 9231 48740 5732 70187 23490 14855 
15107 31808 99239 74514 41017 31973 23551 59790 87461 44526 36078 10368 75307 2160 56033 
45875 31153 28141 43493 88882 82524 87364 48931 45912 32786 58161 94652 54869 44700 34493 
69723 59806 66300 85314 34319 7316 17286 57869 67105 21098 18746 19534 47818 94052 21693 
3850 56279 69197 48343 16123 58078 30866 3487 23360 93130 52624 81521 87781 7492 42572 
38625 93566 2377 4924 95231 53047 28591 12516 27267 12047 49966 62364 47932 97783 56416 
69625 17984 29046 38821 66326 45168 13251 13544 65006 36610 6673 17629 34482 10805 41472 
77053 49429 51390 95781 70704 46620 65179 99294 75488 8797 27692 25453 71161 75623 39587 
27576 61599 57570 72973 16772 23896 18140 30022 37439 99498 66631 60463 33478 17465 71267 
74950 94517 20695 42691 6650 91398 89310 71828 7043 64797 80625 51086 6601 51785 26708 
46187 95712 4659 3757 68684 21430 44004 3175 51451 97794 19024 34433 58256 52502 68249 
29522 27451 62766 50216 70141 69415 57965 75802 57594 81359 56951 38218 32444 63551 6354 
75503 26090 2065 80161 29846 87100 17942 73849 6627 69392 87994 25650 20177 46249 78151 
88425 75770 21953 67542 42337 8445 53308 16653 599 10902 98011 57549 65471 46806 37451 
71825 22308 63540 90241 18821 9737 77341 36762 99937 319 22506 87930 25968 59034 34178 
4119 47458 9947 42423 31352 68635 50868 84659 85287 51466 11912 99649 25366 77383 46454 
62816 65559 85114 42708 55799 3934 52444 49491 40695 52381 49809 63200 40310 75777 22233 
90840 96247 86043 17138 55021 33746 85773 5888 34756 87411 73705 46668 87060 99070 40402 
33513 78238 22312 18626 20945 78110 38911 73388 43953 79606 42120 93761 59157 98782 85889 
97742 89621 98487 136 6758 53508 33881 92530 59395 68636 79941 49452 31655 67000 64873 
88408 16864 43110 10719 51842 64054 5181 90752 53794 49133 70357 95913 59245 45866 94694 
45134 43607 666 43620 43742 7424 97127 93974 99953 72874 62609 96245 22325 10616 79596 
3549 99023 96460 46659 26094 64653 27064 31274 55404 97209 96758 42113 93122 56002 87978 
4167 1135 47936 21185 61107 8029 28608 58233 2002 44912 47458 80962 41157 86134 7929 
20752 89683 23304 33563 36341 49397 14567 79756 97022 69971 76965 93779 28435 86438 49780 
16412 6956 50915 80699 28140 28373 5079 56747 2957 23432 1659 50415 20745 59167 52900 
28674 96270 42582 68329 46185 95274 17725 60751 75030 14746 30721 51994 8524 59155 54783 
74655 91918 61738 41921 88968 89878 70293 94046 46624 73250 33829 64634 40016 54574 23800 
92915 99599 20070 35497 67927 66254 30770 85651 27004 22151 16748 74077 90496 41623 49583 
45278 16277 41501 7016 58198 46820 13245 44842 57218 59868 18091 91046 40854 58106 45619 
