58 97 15
41 77 92 74 3 43 46 43 15 74 37 1 53 32 86 56 79 100 92 21 41 26 37 78 15 61 39 79 19 87 93 59 63 85 32 18 27 29 60 93 3 48 93 7 79 78 62 9 29 5 30 69 30 66 98 97 79 37 27 97 23 19 7 38 3 38 55 81 67 66 73 21 14 65 27 44 42 40 53 22 44 34 91 25 51 88 21 29 76 47 77 99 18 83 88 20 73 
94 53 91 59 25 11 24 90 37 68 83 28 72 5 71 57 47 95 7 34 68 88 10 14 16 60 83 99 99 3 23 92 55 13 2 31 75 26 20 63 45 55 90 68 11 60 24 57 6 82 90 73 21 51 39 37 62 21 87 60 75 9 51 81 73 5 12 47 30 83 9 26 89 98 93 99 9 68 55 14 1 97 39 22 99 29 10 61 1 96 20 28 56 23 8 28 27 
71 74 8 6 82 33 46 79 77 45 39 96 99 4 96 47 42 17 46 22 78 58 23 73 77 50 28 51 9 55 77 32 80 84 89 61 68 34 91 96 78 29 91 29 85 39 27 26 7 24 100 85 81 74 57 58 23 37 8 83 43 37 66 23 72 6 35 92 40 78 39 69 58 30 49 42 20 76 20 26 99 19 10 80 92 19 89 66 7 48 100 49 36 66 23 8 71 
10 99 62 87 89 31 96 18 31 38 89 6 57 15 57 27 76 88 18 94 28 35 100 75 34 1 63 51 23 70 74 32 20 35 70 8 17 66 78 48 55 66 5 63 32 13 89 8 100 58 53 79 92 53 6 25 5 68 76 27 37 1 11 8 35 32 67 4 49 44 3 3 62 7 65 93 72 5 52 71 62 5 2 53 9 7 30 65 74 57 91 62 57 53 21 43 37 
87 46 85 31 48 40 44 7 56 88 78 61 40 100 22 96 1 27 56 59 56 20 32 12 62 45 68 67 65 10 55 52 56 91 34 55 30 29 61 38 16 90 98 7 90 71 2 42 97 9 1 4 28 32 15 42 29 82 8 45 44 62 96 99 52 81 5 34 9 18 23 25 7 20 83 96 42 37 38 91 45 90 94 25 73 9 66 1 42 25 46 85 38 93 35 41 74 
40 26 34 9 48 10 15 19 93 63 13 29 52 3 25 41 48 49 13 8 66 14 50 42 11 34 31 3 21 24 28 12 49 14 20 49 23 34 67 67 96 31 47 47 85 72 87 33 72 52 40 38 17 89 31 27 75 62 81 47 85 61 58 85 26 77 33 100 10 52 67 58 82 65 4 67 36 43 51 60 46 90 49 62 31 79 40 57 40 72 3 76 32 60 61 9 36 
45 9 97 48 75 54 82 91 10 48 79 4 98 38 49 39 86 62 21 64 1 77 56 72 79 83 56 90 95 64 25 40 72 74 39 98 79 20 89 88 19 67 43 68 56 91 7 41 52 27 56 4 4 11 28 34 46 83 24 40 98 100 31 22 73 70 71 52 89 59 91 8 77 34 75 84 76 33 24 80 12 80 83 67 42 62 100 39 44 75 79 94 27 61 15 99 30 
85 2 71 96 45 30 24 78 56 8 5 41 83 84 52 14 19 18 8 80 69 46 76 44 24 69 70 85 35 20 66 71 74 88 18 70 69 42 99 25 1 3 65 83 39 68 49 57 85 56 88 5 1 63 100 77 83 21 13 69 93 78 40 66 18 57 35 86 50 85 10 50 87 26 85 25 45 33 33 81 40 21 86 40 35 85 16 18 58 28 86 50 58 77 15 75 34 
1 60 35 37 22 37 23 99 21 100 96 5 84 76 44 4 13 35 91 50 3 60 7 30 45 56 39 74 22 65 7 74 77 93 10 98 29 84 48 1 83 43 57 67 71 52 22 83 87 12 32 89 71 90 70 68 45 61 41 66 25 99 91 1 91 100 50 72 84 98 72 18 92 29 84 14 80 58 49 18 21 80 58 92 22 28 11 66 40 3 84 64 1 74 65 43 26 
14 66 61 63 38 78 7 18 14 20 49 71 20 67 91 52 24 34 73 3 44 38 42 46 73 58 98 99 22 93 24 87 58 84 2 95 13 8 64 26 79 13 96 99 79 39 50 54 72 74 9 68 63 2 13 36 59 63 34 32 55 9 19 12 44 20 59 8 79 22 34 9 34 81 59 64 19 60 70 43 33 78 10 96 31 22 83 90 36 68 21 90 76 39 2 71 10 
12 78 40 85 63 49 19 44 7 34 14 19 55 56 51 84 65 46 15 39 28 4 74 95 24 64 22 15 17 44 76 80 74 16 64 36 16 34 79 74 68 93 92 22 48 43 6 65 40 72 3 20 75 28 66 50 91 40 64 59 83 92 38 8 7 2 44 74 35 74 47 54 66 39 28 66 33 85 82 24 56 84 43 82 11 61 31 54 52 47 64 34 38 54 42 96 55 
37 69 41 10 15 47 28 5 26 93 37 62 74 61 17 9 55 98 71 67 80 24 18 26 40 52 63 93 45 10 99 33 78 91 42 45 37 69 49 14 13 86 75 38 98 43 46 52 92 17 19 72 92 36 49 31 39 64 23 35 73 73 67 51 64 61 95 100 81 95 66 94 80 40 31 29 83 77 33 26 45 3 97 88 90 46 19 29 9 93 15 81 66 34 83 29 46 
29 80 26 24 45 19 55 37 50 36 71 78 68 96 74 70 93 61 59 90 31 39 50 76 6 82 93 39 65 73 84 45 4 61 20 1 80 27 37 81 14 7 10 81 54 83 2 98 95 12 87 78 51 36 53 56 70 45 46 86 69 81 30 72 41 2 72 72 80 8 4 93 66 13 73 20 47 74 17 94 85 56 71 87 43 75 94 12 19 91 97 39 71 79 10 64 80 
82 35 59 41 39 51 59 3 75 30 50 100 98 43 36 53 65 23 48 39 68 59 9 59 8 47 29 86 56 44 17 89 79 75 82 69 77 40 71 51 69 72 2 66 66 37 71 30 11 18 20 79 28 28 37 35 26 17 20 82 61 88 22 91 62 3 11 90 94 33 92 14 5 93 80 22 30 2 4 92 19 23 70 46 51 58 33 76 27 4 9 39 92 83 29 5 37 
91 95 31 23 86 44 27 31 75 1 60 76 4 3 46 26 73 44 28 82 76 56 8 31 64 46 22 98 26 27 35 16 73 17 91 10 12 17 40 87 17 51 14 20 54 60 98 26 55 25 59 82 80 67 12 96 64 34 93 42 12 79 57 84 95 47 93 7 16 85 45 84 35 58 56 88 69 53 65 23 29 24 4 9 42 16 4 5 1 48 46 12 27 55 47 73 53 
91 79 20 75 23 56 10 33 11 49 1 15 14 24 43 37 27 3 30 42 58 34 42 6 32 5 84 38 3 56 42 94 35 62 20 9 17 81 41 79 30 42 45 95 65 39 31 43 42 12 37 99 45 30 56 28 35 39 17 89 95 59 34 81 20 54 89 88 86 82 18 15 75 62 9 91 100 91 33 93 2 69 92 99 99 99 78 85 38 95 73 32 53 59 64 24 12 
4 11 49 85 80 64 11 93 24 1 44 67 86 37 20 54 80 18 4 78 96 40 15 42 65 98 94 23 61 17 86 65 79 34 1 10 49 12 2 73 12 45 91 97 81 10 3 12 80 58 90 75 50 56 16 14 54 61 88 66 77 73 82 7 6 83 16 7 94 17 31 57 61 21 6 94 82 8 5 61 17 46 87 66 2 54 79 7 14 66 24 42 90 6 48 48 88 
15 54 33 83 84 89 96 56 94 89 37 53 45 98 70 91 84 87 44 38 66 50 3 83 73 45 25 78 44 72 17 59 77 1 41 12 90 36 67 35 76 55 40 21 4 61 63 40 47 6 29 64 7 31 47 79 27 23 9 71 94 77 81 22 78 21 33 19 9 51 5 36 57 44 8 61 56 70 52 3 27 80 66 33 62 64 64 89 86 24 11 31 100 91 52 29 11 
36 99 71 38 4 7 95 99 14 55 55 36 58 9 62 37 74 95 50 90 10 38 27 33 48 10 84 38 13 65 1 49 63 23 86 66 81 80 17 95 86 71 82 43 79 43 31 4 89 81 45 98 70 72 82 18 81 18 7 93 82 59 93 44 34 79 62 14 10 78 60 48 100 41 42 30 36 73 85 24 5 30 74 74 1 55 43 33 72 2 77 53 60 22 49 45 52 
10 59 61 39 18 60 38 11 2 67 46 74 51 69 78 32 94 3 84 49 46 16 72 47 45 77 58 66 25 3 17 86 13 29 24 82 89 13 92 42 79 89 67 81 10 96 13 3 98 96 3 95 64 27 41 60 3 51 25 79 5 93 16 17 73 91 50 13 3 42 54 33 82 20 13 91 15 77 46 65 73 48 59 88 74 100 47 28 2 23 58 6 15 73 74 87 63 
23 52 65 16 5 97 98 25 62 40 91 38 85 55 62 85 14 1 10 65 47 38 18 69 95 23 35 20 96 74 34 70 25 51 86 81 99 35 5 60 74 48 50 11 54 63 95 19 64 4 83 62 93 100 31 40 74 17 59 21 90 92 91 66 42 28 47 41 14 3 52 39 2 53 49 56 16 95 74 79 51 9 40 43 60 22 34 34 91 44 6 32 36 48 98 29 27 
96 21 40 98 25 79 100 77 79 7 92 74 80 22 76 40 14 70 100 87 4 85 77 47 90 61 34 90 58 15 16 5 35 8 2 11 86 53 88 64 59 31 89 91 5 64 30 18 34 81 56 89 65 85 35 7 45 21 96 2 35 63 6 21 70 59 32 7 64 71 71 74 1 11 64 5 27 46 74 12 26 82 100 43 66 86 49 10 6 44 63 92 58 20 13 28 78 
44 34 93 66 56 67 66 67 82 23 45 79 48 56 5 29 7 47 94 92 47 3 50 90 65 41 99 36 5 26 66 100 12 58 65 67 24 31 85 58 5 81 36 52 36 92 81 42 90 74 86 36 29 87 77 45 79 76 81 84 53 46 83 64 3 48 83 79 30 19 88 34 100 23 85 87 67 65 81 56 91 66 92 71 52 68 15 30 95 47 65 48 92 48 63 47 95 
45 77 76 16 64 9 15 38 93 1 4 10 81 12 52 98 3 22 1 22 88 83 17 35 47 16 78 46 78 24 40 75 52 15 90 67 75 4 5 20 56 60 29 89 71 32 86 73 53 39 47 92 21 15 26 67 30 4 65 59 79 4 33 83 71 22 49 97 77 53 16 33 13 96 21 35 27 58 60 31 96 6 23 68 20 48 87 1 3 51 59 34 6 44 16 76 65 
64 25 42 69 40 26 33 36 98 67 62 7 26 93 3 83 15 70 54 14 56 54 69 58 65 2 64 8 17 39 24 32 15 17 100 55 42 32 90 91 51 51 98 76 95 52 59 61 73 12 27 81 18 95 38 34 96 1 41 64 92 16 47 6 33 47 60 26 30 49 17 32 52 14 8 98 65 18 59 89 81 85 69 50 31 7 83 26 7 75 41 98 43 87 56 75 85 
15 100 67 16 68 98 19 81 57 16 97 26 74 86 59 10 54 8 40 12 43 17 19 69 9 68 11 48 23 85 84 90 37 50 5 4 100 23 37 8 90 85 34 16 70 92 77 76 51 17 39 45 85 9 14 94 77 76 93 51 13 76 92 49 78 96 4 77 70 40 84 12 25 69 27 46 12 3 73 63 71 64 59 56 72 24 1 100 100 93 3 12 20 94 12 97 42 
15 73 11 7 9 74 83 77 100 80 41 55 5 3 25 68 13 32 91 37 32 91 36 76 93 99 96 86 10 92 27 76 17 90 34 77 63 68 5 15 48 45 69 4 99 93 71 12 77 61 48 8 3 35 36 95 33 31 33 94 74 11 21 90 100 55 18 15 22 23 81 21 67 1 24 66 45 46 77 21 59 76 29 61 10 64 8 94 46 40 87 19 50 7 61 2 13 
78 68 87 100 100 7 67 100 83 84 44 28 60 65 86 35 45 99 44 8 6 37 5 97 75 23 98 33 35 51 98 65 70 84 64 69 42 82 20 76 65 64 4 76 28 41 10 24 91 5 83 48 93 87 44 67 61 94 52 96 96 49 60 66 84 75 86 25 9 6 1 73 69 56 1 48 48 10 71 39 15 5 38 59 91 34 26 51 27 77 98 22 77 9 39 60 84 
25 36 44 30 88 68 50 43 68 97 43 78 19 33 44 23 70 54 65 3 79 67 81 7 65 3 35 25 41 94 60 17 30 3 46 69 71 47 12 38 95 6 67 13 38 62 87 59 68 3 62 98 70 94 5 86 48 91 10 41 85 70 57 66 24 55 34 94 1 97 84 96 54 2 60 91 16 47 50 83 1 63 80 70 56 36 7 4 79 17 44 15 38 52 80 61 6 
65 7 7 14 42 2 67 95 61 10 62 59 11 44 60 25 76 81 32 63 40 35 41 56 30 55 45 34 86 57 39 3 15 45 16 56 98 34 3 59 43 64 69 5 8 80 29 35 61 61 49 100 47 90 7 29 96 3 62 82 59 100 36 26 97 3 81 46 36 83 56 31 99 25 35 6 4 16 92 16 76 40 15 22 81 73 50 77 75 63 10 86 15 45 63 11 99 
95 56 86 78 64 16 28 88 3 33 91 70 76 59 45 15 25 18 48 98 20 24 24 82 85 61 96 81 23 58 79 18 66 64 47 29 32 74 16 86 58 58 7 85 16 51 51 41 20 98 90 39 73 13 21 57 26 16 89 100 74 19 17 39 35 15 67 18 40 34 3 97 91 61 81 59 11 32 99 82 81 40 21 54 4 41 62 29 8 51 29 33 69 97 23 3 12 
41 20 51 74 74 100 17 34 32 75 96 15 25 78 96 16 98 49 19 90 10 48 49 60 28 82 81 76 56 83 39 97 55 42 22 28 41 90 14 24 16 61 39 40 38 34 7 87 82 26 28 43 25 77 3 4 10 83 79 17 17 18 13 71 11 87 51 3 76 16 26 92 76 64 83 66 49 90 4 30 67 32 25 91 60 27 94 21 61 72 37 29 41 2 52 51 88 
2 53 15 69 31 6 44 46 41 61 95 82 65 76 48 48 100 38 59 78 31 79 90 54 67 19 47 68 70 49 55 23 54 70 91 84 27 86 29 67 99 75 100 63 51 47 62 50 84 20 80 66 98 69 20 64 87 18 84 8 66 90 30 19 59 72 2 38 10 83 56 8 57 56 22 7 2 83 9 38 54 40 3 51 8 74 66 47 91 1 54 57 91 36 27 49 7 
29 38 68 63 46 27 19 1 48 78 54 82 38 91 35 77 94 37 84 19 55 30 10 55 36 18 45 71 96 46 29 24 35 49 86 80 75 57 80 75 34 34 56 71 76 43 99 21 79 82 40 33 64 1 40 99 70 84 21 65 81 49 41 16 97 78 95 24 34 27 98 19 12 53 89 87 95 39 8 26 73 47 10 36 47 49 86 68 85 58 32 65 58 72 32 7 50 
79 30 83 5 27 54 16 31 94 2 78 33 9 3 5 7 12 40 5 13 77 72 49 34 4 65 43 27 97 49 76 75 78 11 79 56 64 94 39 57 47 16 41 8 70 45 14 33 36 19 45 12 42 45 97 97 10 40 24 6 88 51 80 18 13 10 25 28 55 63 37 53 78 77 60 99 22 74 32 57 44 28 21 85 73 69 82 82 8 57 39 48 59 70 17 72 79 
41 99 85 56 87 37 85 64 97 84 37 22 67 93 65 94 65 1 18 34 34 51 41 90 89 40 49 58 8 72 88 49 70 72 56 9 61 40 72 9 23 8 30 89 52 46 35 17 46 4 50 80 55 42 21 43 34 69 53 41 40 40 41 62 64 96 70 76 36 93 84 10 52 65 51 3 10 85 19 7 40 20 86 94 14 59 89 47 27 41 87 19 32 80 32 47 75 
53 22 62 45 57 24 96 21 74 50 82 10 21 89 49 92 26 43 5 84 83 51 63 75 90 81 58 21 12 5 47 16 78 9 60 87 32 7 7 57 8 41 66 28 29 14 20 54 8 24 90 90 27 52 16 68 32 74 88 95 78 34 10 7 94 21 93 25 79 52 33 86 92 98 66 72 12 37 25 71 12 66 13 38 17 28 57 48 1 44 94 30 78 55 37 23 27 
81 100 5 32 32 43 75 30 8 46 93 44 23 63 55 88 75 45 5 3 1 4 55 97 50 85 26 4 73 48 31 53 47 87 37 79 29 63 8 36 9 52 31 31 14 38 18 41 82 74 95 34 78 49 30 27 33 55 82 57 3 64 10 1 51 98 79 79 60 38 67 20 89 49 50 55 86 20 95 19 45 89 53 74 37 34 52 22 89 34 78 43 97 39 43 99 88 
74 30 48 63 96 67 4 44 69 58 82 40 4 100 84 44 52 58 32 86 9 53 26 94 83 20 43 73 14 41 61 39 70 60 2 17 78 5 13 46 14 94 37 69 93 21 12 97 30 43 34 90 48 59 36 82 30 78 54 43 70 66 82 92 25 35 60 3 39 72 100 4 65 37 72 10 57 35 6 38 29 39 79 76 49 14 9 78 43 15 72 13 80 5 56 5 39 
15 59 29 87 58 32 3 94 55 64 2 89 69 39 18 59 70 45 59 83 54 36 26 20 60 90 99 64 97 55 3 11 13 31 49 71 15 4 64 21 67 66 10 88 56 79 46 25 23 57 60 28 92 37 47 3 78 46 67 74 100 21 36 65 3 37 35 17 92 98 38 58 15 99 97 71 77 95 47 51 51 58 31 94 94 77 97 71 74 63 96 26 35 84 90 37 20 
76 54 11 73 43 20 40 93 17 62 21 11 8 71 61 18 53 54 11 82 2 34 55 16 81 32 50 64 73 87 35 48 92 97 73 34 17 12 78 85 73 98 47 32 20 7 49 73 12 12 54 66 97 60 81 77 44 31 93 68 17 27 16 8 24 40 93 92 51 70 76 75 19 22 58 38 80 59 62 43 70 67 8 18 79 89 94 22 71 38 89 87 65 56 46 40 95 
38 31 97 59 58 23 77 31 33 66 10 91 28 4 12 94 64 29 72 4 22 45 74 12 86 12 76 41 57 67 88 94 49 36 4 6 11 80 36 43 45 97 33 24 100 44 18 15 72 41 18 45 86 91 56 71 2 83 63 58 49 2 3 49 38 58 54 100 37 41 42 34 89 74 57 41 69 26 55 92 67 73 36 52 63 44 74 17 78 88 26 79 90 81 27 27 38 
33 26 75 73 19 60 62 44 16 54 12 42 8 55 60 80 42 63 95 85 36 11 63 23 88 93 12 68 19 90 6 51 67 32 76 85 91 89 80 58 42 91 51 49 45 10 29 87 72 75 23 59 37 37 34 24 29 97 92 100 87 97 50 5 80 25 42 70 13 21 79 54 64 30 55 60 39 35 98 11 9 21 21 45 9 54 20 90 51 11 89 89 59 38 93 38 15 
86 59 79 7 38 33 22 19 87 81 57 21 79 19 81 51 40 77 59 45 96 100 95 59 88 35 69 26 80 7 92 65 17 70 23 6 2 44 24 40 25 33 12 55 51 44 5 42 20 15 39 16 15 85 74 2 20 42 79 99 100 70 15 69 40 38 26 93 33 50 85 57 34 48 63 84 92 67 78 11 82 16 78 48 52 3 49 71 97 80 21 48 49 36 16 40 25 
42 85 57 43 21 66 76 68 28 11 11 47 40 22 28 7 51 27 59 54 75 29 50 6 50 97 7 37 65 98 61 58 82 69 100 54 34 27 74 14 89 84 60 29 57 39 35 60 65 45 13 91 74 14 97 75 62 3 63 26 100 23 83 34 43 34 87 77 12 12 90 1 96 49 29 4 87 15 63 3 60 27 93 85 40 89 11 2 91 73 79 91 47 62 76 89 47 
62 17 59 74 6 11 21 6 91 76 44 5 39 46 16 17 39 52 57 79 14 10 70 86 88 12 84 1 87 73 48 100 89 58 25 47 68 45 4 58 21 100 14 11 97 82 27 35 85 35 66 99 44 35 36 32 98 20 84 36 44 83 35 84 40 60 30 59 56 86 68 76 85 34 38 81 15 17 68 99 51 85 49 47 19 85 30 68 56 13 3 99 96 89 82 35 48 
64 46 4 1 13 31 85 46 69 17 12 85 36 63 87 20 11 33 90 47 62 9 2 75 63 52 22 52 34 56 99 49 53 54 49 66 85 85 63 5 53 27 41 41 41 27 12 3 12 54 50 73 62 3 99 25 55 20 76 40 28 26 88 80 80 88 97 16 72 12 72 76 38 64 16 78 42 28 80 53 81 81 78 42 84 28 18 90 48 45 29 27 71 68 6 2 55 
55 69 26 66 92 1 55 55 69 84 96 96 15 1 28 48 78 21 83 5 39 72 4 83 52 30 5 19 88 58 73 42 26 50 59 69 2 65 23 70 100 71 17 14 71 44 13 100 65 95 56 55 66 12 89 17 41 46 87 80 3 59 21 81 8 31 49 10 95 72 31 46 94 48 60 16 91 24 67 7 19 22 13 36 85 2 5 78 47 91 57 49 50 30 81 9 60 
30 70 7 1 1 4 46 48 63 61 90 39 27 97 57 100 9 92 85 62 96 62 8 87 70 9 88 99 89 96 11 70 66 69 22 66 72 67 65 87 27 54 25 53 50 81 5 11 24 89 72 72 2 32 10 71 92 97 22 80 44 32 2 61 100 23 78 23 90 42 9 16 96 85 21 97 17 25 59 41 65 31 12 66 14 73 36 5 21 57 36 64 40 37 25 91 60 
2 14 49 96 74 16 91 59 88 39 75 12 98 67 28 80 30 93 93 2 81 97 22 89 32 86 29 21 62 19 80 15 84 80 10 58 47 52 16 35 91 42 98 40 9 26 19 38 18 11 40 98 59 13 87 42 98 67 62 11 85 93 26 21 72 87 78 19 39 45 5 81 86 2 20 46 27 38 84 97 100 75 94 10 87 32 51 37 50 65 99 87 57 24 7 81 63 
36 99 1 80 3 33 17 56 52 63 83 41 98 79 92 24 24 1 10 8 3 98 57 67 97 43 24 72 49 4 34 84 54 86 15 8 70 84 63 21 98 97 13 47 75 4 70 51 56 31 58 59 29 14 77 77 57 52 48 57 7 34 93 12 71 59 19 41 42 34 13 39 30 26 85 57 81 54 7 89 37 64 99 65 77 75 41 85 27 40 94 85 73 86 97 44 96 
67 36 38 100 48 28 30 73 13 86 6 18 92 94 54 7 92 70 83 18 62 20 96 2 13 81 26 50 77 69 45 43 56 34 95 4 62 24 28 26 61 33 43 4 78 49 10 69 70 44 87 32 63 82 33 27 14 58 28 90 79 73 85 34 58 79 37 19 54 17 44 14 49 39 69 27 39 78 47 8 21 85 39 36 67 23 62 80 33 90 22 11 14 58 96 23 36 
85 42 41 1 85 54 1 75 22 27 13 51 74 21 23 10 11 58 76 34 72 8 18 13 81 80 78 38 75 100 25 11 41 65 11 78 70 64 4 43 90 17 93 15 89 67 25 51 25 52 36 48 11 53 60 43 32 37 32 59 88 56 69 29 72 32 58 41 95 61 35 84 29 79 51 17 46 27 20 70 30 55 69 41 8 28 83 39 16 15 97 3 22 18 83 94 49 
92 86 43 5 21 78 33 99 80 2 96 6 21 17 88 75 85 28 82 12 62 73 79 28 21 82 50 38 16 95 86 8 80 80 12 52 58 44 3 89 97 98 95 69 15 34 44 99 61 77 63 74 49 41 2 22 74 3 59 90 97 97 97 28 76 60 32 85 55 34 74 52 83 20 20 49 53 15 100 65 92 62 38 92 54 39 13 28 41 24 17 89 20 65 69 47 24 
100 32 30 85 57 81 67 76 53 68 80 67 67 44 10 28 81 54 81 72 18 60 64 41 76 53 12 92 21 59 67 72 42 97 56 98 29 74 25 81 41 4 100 59 47 9 86 79 62 19 50 80 78 14 72 6 18 84 49 90 94 16 13 35 12 68 84 40 93 8 73 86 11 72 44 57 80 82 87 94 100 37 25 29 2 96 86 71 31 35 60 24 50 24 10 13 43 
93 4 35 100 76 72 62 47 16 70 79 49 57 24 100 93 48 28 46 95 14 16 78 100 27 53 49 50 63 13 92 7 16 78 7 44 50 20 90 17 90 20 65 46 43 64 38 42 43 35 89 8 50 66 7 28 18 7 77 32 19 20 39 87 49 97 30 98 16 71 66 5 43 82 50 85 97 39 79 40 73 67 47 74 84 6 1 1 12 29 85 83 48 23 69 97 19 
50 46 86 72 64 43 14 45 92 51 94 83 81 33 7 47 31 33 82 36 33 82 100 14 18 34 61 40 54 9 10 3 7 96 26 22 38 40 18 81 42 11 15 22 43 74 68 26 6 1 13 38 82 64 51 100 97 64 91 50 24 1 52 82 48 30 3 37 69 21 69 10 83 36 31 78 9 50 3 14 50 67 51 83 31 54 34 27 69 77 77 44 29 80 26 76 9 
80 64 77 52 84 38 35 19 20 12 27 21 66 40 22 32 43 57 62 48 90 89 16 66 65 11 46 44 36 73 5 68 36 33 19 72 71 5 90 42 68 69 63 33 8 84 65 2 40 26 49 82 66 16 99 30 27 45 26 14 17 30 33 5 62 4 76 84 8 17 78 76 85 40 8 45 75 24 98 67 50 99 100 15 66 50 97 92 94 74 58 63 55 90 19 68 93 
