64 45 25
6 22 28 65 82 14 69 47 86 70 67 90 18 13 89 52 60 70 83 4 59 50 74 86 42 40 12 80 3 56 21 61 77 49 25 58 62 45 5 99 14 23 88 83 35 
76 87 46 98 69 49 56 70 74 93 11 65 4 43 68 11 63 80 88 63 4 45 24 48 1 75 13 75 62 47 61 90 33 6 87 54 6 94 23 79 38 86 44 42 28 
63 4 42 42 91 5 97 88 80 96 40 54 60 15 16 58 75 57 91 33 43 96 38 88 18 17 25 55 12 18 34 74 22 76 67 12 32 15 99 63 10 91 17 69 5 
84 26 31 40 68 63 34 63 53 21 33 21 45 39 32 63 73 57 84 100 75 47 31 89 98 93 98 88 61 18 44 96 95 74 87 15 89 20 29 93 92 61 13 89 100 
96 3 24 4 38 23 78 84 5 18 33 49 15 20 10 84 63 57 78 89 44 92 29 15 21 21 59 33 85 47 84 80 49 59 83 86 81 12 21 85 29 54 34 95 25 
95 78 40 3 7 80 46 51 8 13 23 80 71 7 64 69 43 43 69 1 77 6 82 40 26 18 68 31 3 14 56 49 43 47 52 1 26 49 51 33 61 25 12 83 84 
27 51 26 69 71 78 97 76 59 36 2 29 55 84 31 20 91 32 62 37 83 62 62 31 65 46 44 41 9 26 24 87 29 1 7 99 79 3 75 89 90 28 69 96 11 
52 15 2 83 28 90 65 42 4 95 58 1 38 98 62 16 74 48 44 26 55 94 4 9 20 45 99 47 13 46 10 16 13 63 98 40 52 62 81 7 9 38 8 98 88 
69 65 13 16 60 38 22 54 94 31 73 90 29 72 2 74 81 18 86 95 67 78 46 81 10 53 41 48 12 38 87 80 55 99 47 14 36 69 19 29 99 44 18 79 15 
72 4 47 41 42 41 59 19 38 39 28 42 79 27 53 69 13 84 23 63 83 88 99 51 7 79 1 50 49 79 16 72 82 62 64 75 54 22 93 43 13 73 85 91 99 
89 11 64 25 33 26 7 73 76 57 79 55 57 80 55 87 95 26 20 8 41 95 61 62 87 3 74 59 39 17 10 28 27 25 52 12 50 58 84 26 66 14 32 74 93 
86 60 39 63 79 46 3 73 58 16 12 12 42 22 51 58 83 30 36 7 33 47 57 42 82 34 7 95 17 32 39 54 91 77 68 21 74 22 46 83 37 57 95 30 78 
97 39 61 26 75 67 58 73 75 99 55 60 57 1 28 88 92 81 30 68 48 50 94 69 95 76 58 3 22 87 81 18 78 93 43 4 11 52 76 38 2 82 97 58 35 
77 97 26 57 26 45 5 28 38 25 74 66 82 77 87 21 9 5 50 1 99 53 63 51 80 100 52 14 49 62 48 25 58 73 81 36 69 37 15 7 14 88 24 47 64 
62 67 24 66 68 24 17 20 87 67 100 38 70 13 86 31 12 10 41 84 43 28 52 31 42 10 44 81 85 91 97 47 9 20 64 77 96 80 96 82 98 47 71 68 11 
57 50 22 18 90 57 60 69 61 43 62 22 86 43 7 76 91 5 37 62 20 13 57 100 60 90 49 7 61 16 69 17 66 91 86 7 99 98 28 59 40 89 33 25 83 
91 53 73 95 89 35 66 1 43 17 12 33 66 18 93 81 39 61 98 81 46 57 79 43 84 90 82 24 22 59 7 12 11 31 58 99 17 23 51 60 92 62 92 57 32 
36 37 70 96 87 2 93 43 80 88 78 21 21 1 42 79 7 5 41 38 14 39 6 89 41 65 80 55 8 36 86 43 24 7 90 10 8 83 4 39 22 33 60 42 34 
53 21 92 58 61 29 23 52 87 11 44 51 42 98 59 77 35 1 53 93 43 14 52 77 18 43 98 50 2 39 35 54 11 27 63 24 7 38 27 93 48 70 44 90 20 
54 18 54 54 70 99 48 84 50 24 53 92 21 54 45 12 89 51 22 67 65 97 73 2 23 66 2 93 61 43 12 14 60 17 19 82 15 67 65 17 90 69 60 63 22 
57 74 62 59 47 28 23 44 53 77 18 70 78 10 30 20 73 95 79 42 13 60 8 31 76 24 73 44 36 35 18 44 60 31 2 58 11 24 1 63 100 71 32 29 80 
13 48 5 7 79 46 19 90 5 2 18 29 74 13 16 8 82 59 19 13 60 76 75 35 29 89 87 99 72 15 30 84 15 34 90 45 31 60 86 36 61 3 16 86 68 
83 93 49 93 11 13 52 39 39 38 67 27 24 65 98 91 94 81 57 80 22 1 62 34 86 97 94 41 64 80 8 98 24 8 90 87 73 93 25 11 31 91 38 6 7 
35 96 100 68 4 79 41 4 41 74 42 89 20 34 5 51 41 2 74 100 92 12 72 36 88 83 66 78 72 24 84 6 71 36 25 75 14 66 30 6 91 71 47 10 4 
51 60 96 4 86 96 47 97 19 83 85 1 100 14 72 23 50 30 94 37 6 20 2 23 49 8 14 20 6 75 75 56 35 71 11 20 18 58 68 36 40 4 89 91 70 
12 14 71 93 59 7 51 78 8 73 26 67 38 97 72 13 72 79 99 94 90 18 11 47 37 98 38 93 38 28 14 2 93 84 46 51 90 96 28 49 21 6 16 58 2 
39 70 73 18 68 66 7 37 28 5 26 78 94 18 15 21 83 68 14 66 14 16 7 9 44 55 29 49 22 39 2 61 8 75 30 28 92 36 16 20 92 93 97 85 62 
63 57 44 31 70 9 44 86 15 52 81 22 33 81 95 71 82 55 30 8 36 9 100 23 77 19 14 69 15 50 31 77 7 74 7 76 35 2 13 1 54 45 74 38 77 
69 8 59 75 89 66 11 98 65 33 74 35 99 42 1 48 24 30 54 50 88 82 84 90 46 36 95 91 10 32 67 78 91 77 52 79 95 14 76 11 47 1 46 97 43 
98 44 18 27 98 67 15 79 2 56 24 38 50 66 47 81 85 24 23 61 27 1 7 93 29 18 91 29 63 87 23 60 30 41 39 27 59 53 57 61 8 33 98 9 98 
44 41 34 19 63 47 97 63 53 89 91 70 79 20 84 65 94 96 47 34 34 73 93 38 82 53 97 14 2 5 63 45 45 97 15 59 43 11 21 47 100 64 17 30 35 
52 47 28 47 93 62 32 17 6 21 98 10 69 63 11 73 26 55 69 74 21 27 16 31 100 14 82 63 30 64 97 34 10 24 80 2 37 64 70 42 36 68 3 5 30 
13 29 7 19 50 80 39 28 47 22 27 61 3 41 42 18 89 75 27 65 7 80 1 70 2 95 57 69 97 61 50 62 90 57 80 39 88 19 66 35 92 45 47 94 37 
88 64 26 63 90 90 69 22 42 90 23 88 46 43 37 59 92 98 48 100 29 38 88 47 55 74 90 99 20 84 88 7 99 13 21 40 54 41 61 47 82 35 35 80 29 
23 38 73 20 37 72 48 74 11 47 80 36 36 31 55 71 18 14 69 30 86 9 35 27 21 81 60 8 67 39 36 89 28 8 8 64 32 8 89 94 54 21 82 41 51 
88 12 68 1 32 49 39 92 83 17 65 15 76 72 82 67 59 70 94 19 78 10 2 37 50 95 90 70 28 82 20 16 45 39 16 77 87 6 20 21 22 84 36 98 55 
69 16 14 38 61 84 67 22 85 3 72 31 44 93 59 26 13 74 70 3 41 98 42 47 18 62 68 53 49 17 8 17 84 73 7 45 56 73 66 40 76 89 70 71 82 
80 48 46 53 70 48 94 67 89 92 36 3 11 89 3 80 48 72 63 72 78 59 27 50 25 18 77 13 39 100 46 19 47 91 23 16 39 68 35 79 59 22 33 22 10 
36 1 9 7 63 80 36 22 58 37 98 75 66 62 66 65 8 36 11 98 58 79 88 26 13 19 36 34 51 9 96 86 9 56 44 24 36 31 97 45 68 46 20 33 7 
37 49 14 72 11 64 29 89 3 6 53 21 94 39 72 2 86 9 63 41 5 86 28 35 34 73 2 79 44 86 85 80 86 51 3 97 66 83 37 68 41 42 41 34 80 
12 87 17 20 1 9 24 38 37 11 71 61 64 49 56 50 86 87 35 88 89 83 5 71 72 24 11 13 64 96 92 75 35 60 47 35 68 22 73 4 32 95 16 96 96 
71 97 81 57 83 20 97 18 24 20 89 47 30 1 63 78 44 37 12 3 35 98 70 9 70 26 40 65 41 87 60 64 35 92 72 18 63 69 35 86 88 75 84 69 75 
46 46 18 35 9 72 21 7 41 29 28 18 21 92 11 59 3 74 94 46 45 63 8 65 49 45 4 23 29 73 97 26 70 66 12 31 37 33 37 29 61 64 47 81 8 
57 92 62 82 85 8 26 47 67 43 95 12 46 69 92 70 17 17 92 82 29 22 70 61 10 98 73 73 96 6 32 52 97 46 33 81 5 11 79 71 5 25 82 2 93 
73 72 9 90 15 42 70 36 11 82 45 8 6 69 4 11 53 7 59 98 92 91 2 2 69 72 58 45 6 59 89 78 82 49 19 96 90 40 31 52 21 27 12 27 48 
67 89 100 73 48 49 16 38 2 69 59 73 26 3 30 85 92 8 66 92 78 62 82 18 44 85 38 23 96 16 70 62 5 21 87 4 69 2 41 70 71 99 94 96 54 
24 32 45 83 98 88 60 11 69 77 6 6 67 28 1 82 97 15 38 17 1 41 37 2 34 6 24 32 52 72 85 27 3 81 9 52 69 20 62 89 49 68 94 15 95 
47 48 44 61 38 60 61 78 97 14 11 54 38 95 57 9 31 83 11 12 43 63 32 63 76 20 63 95 66 77 42 12 76 85 72 13 96 32 91 44 97 53 98 34 99 
6 94 30 89 57 41 83 71 24 97 46 95 59 41 60 35 82 71 63 18 94 75 13 77 17 57 74 70 6 59 20 11 53 49 51 9 41 34 79 64 82 76 59 41 16 
18 27 49 41 89 18 86 16 31 63 32 87 88 53 92 46 73 54 98 21 57 58 14 42 36 77 23 12 35 15 79 5 42 80 97 82 97 34 97 27 48 81 65 35 33 
8 81 57 14 30 78 70 88 91 11 75 19 33 38 6 48 17 10 41 48 58 22 96 43 71 23 91 51 39 25 35 47 57 92 60 87 21 81 26 63 91 100 81 75 90 
86 22 6 47 14 5 56 88 100 99 58 74 89 60 13 13 94 11 70 85 22 8 5 2 85 67 92 36 100 66 25 85 40 30 84 53 86 39 40 86 37 49 59 25 8 
23 90 2 85 11 38 6 70 95 59 54 61 2 89 60 20 14 97 59 95 80 63 81 18 55 18 7 55 28 83 63 51 72 16 35 34 5 93 3 99 51 56 60 5 45 
71 24 10 19 34 4 98 48 84 68 54 53 74 9 81 8 23 83 80 90 69 65 94 61 68 93 64 75 4 68 71 26 43 80 45 76 84 42 23 19 61 77 72 86 37 
4 94 59 86 25 48 54 89 41 67 56 85 30 31 88 49 53 14 91 33 58 18 16 51 92 86 12 20 9 49 56 12 42 14 97 66 13 3 55 6 69 62 90 50 44 
78 50 97 91 92 29 100 9 96 2 52 81 65 72 90 14 27 53 55 93 2 21 57 4 27 62 24 88 52 25 84 29 26 80 71 17 60 22 77 55 23 28 35 88 51 
76 1 78 29 7 22 30 79 78 85 57 40 8 97 91 84 80 71 9 59 93 77 18 14 53 24 88 32 10 75 83 86 27 12 66 86 85 47 16 62 31 73 53 90 69 
95 73 48 65 33 58 9 9 27 74 13 2 62 96 11 88 30 48 67 41 13 52 25 59 67 39 41 91 91 82 59 86 6 58 2 38 67 63 98 93 36 62 94 97 58 
57 85 87 4 51 80 17 54 56 27 72 46 20 63 37 1 73 74 7 83 27 96 49 89 94 94 25 7 39 73 64 95 57 3 99 59 82 67 64 89 45 88 35 64 2 
23 17 74 48 75 56 26 70 57 15 15 50 91 22 40 15 85 35 24 39 85 82 20 51 98 61 47 85 95 11 86 69 79 11 16 53 67 41 22 75 7 89 76 49 10 
15 64 46 49 87 37 33 20 56 35 69 68 82 53 62 44 38 82 22 49 97 26 67 90 99 93 48 87 68 97 48 82 12 46 83 50 82 67 69 89 2 38 57 35 42 
70 78 80 52 51 80 100 76 98 89 74 90 37 61 57 85 60 90 96 5 72 45 86 39 65 27 92 54 83 26 96 52 55 27 55 5 58 55 80 7 95 53 96 83 65 
4 67 25 45 14 81 69 10 19 7 75 45 50 80 27 75 27 30 29 5 37 33 14 91 64 20 37 68 67 20 33 22 38 9 67 52 41 35 61 59 93 87 3 42 67 
29 68 93 11 96 50 47 80 63 89 43 83 25 62 1 96 46 23 34 54 41 85 47 27 45 5 19 32 8 12 50 88 79 42 98 26 43 44 57 6 32 99 40 57 12 
