146 67 27
49149 29031 49144 25603 30465 38832 25521 95397 15611 34289 15124 30894 84329 56586 72600 29906 56122 31712 35484 24639 42988 90748 85803 94588 61770 66478 3157 15497 93375 30423 72407 58875 75805 37902 84477 22621 93085 26349 18017 8695 60637 49492 55940 61317 6078 44891 91222 78551 76602 43057 3189 35942 33804 88992 30529 11925 71821 33685 43774 81547 80460 32532 40421 72616 70433 41250 95237 
79869 67598 29605 4916 44587 79097 77207 22255 1526 22098 29829 80076 15051 72885 99617 67344 23041 4960 97873 51317 76780 47909 95090 58326 28368 27621 15098 17336 14405 56347 28924 94274 23945 58528 15541 84883 53976 92747 7137 55501 31196 53317 51929 62599 42554 51545 29942 65594 56504 44166 33262 49635 92075 28352 24312 36794 72324 39409 54129 86729 12108 99404 97354 36052 74284 29246 37286 
28259 21992 60774 112 69540 14091 52040 48490 56644 19936 78431 38589 92791 22597 71850 42425 31023 16553 83088 67816 88877 38848 38297 75605 50955 37700 89310 3358 11983 18555 40643 56594 56898 1417 73057 42789 31859 41448 91278 4854 61383 69709 43442 54173 8657 31643 12949 39679 48196 12388 23846 53424 51235 62142 45380 2190 99842 34689 5547 28176 69595 46190 1121 26492 63958 74177 69281 
12168 15624 60558 17021 93358 46618 76814 63882 71626 24808 93182 27656 73003 5569 51502 26426 56804 13643 71805 75345 29836 22845 80891 74364 92439 43432 75484 35283 23741 49661 20915 35908 81636 97824 69280 74994 60794 62445 38875 32419 87253 48409 76427 76607 53977 27928 19385 10780 41570 7541 86124 87758 30386 83367 62121 39176 26798 37604 90810 66891 3616 11724 2798 1604 25900 88430 76597 
86693 50874 31823 35463 54478 80231 11889 31085 50560 39816 50469 77691 97738 58009 80167 1847 4746 63533 63967 60274 6682 17922 67435 73572 37890 79159 92722 39493 21410 81151 32441 24454 48376 80615 59916 2854 60846 88157 33938 27757 44324 758 5447 58413 75118 85613 60259 79864 49145 24225 56489 72179 58499 23923 45750 96388 19433 38471 35880 40842 35973 68320 65295 84349 48934 41563 87202 
26131 29719 21139 53887 74042 21896 59334 48807 97013 61298 9065 93228 10443 49642 49716 82621 8140 89991 44722 4527 9423 83193 56758 66617 35517 41429 48263 19865 90362 6177 7066 32845 52247 28204 3083 42641 66451 78768 91447 79816 40066 511 73043 66860 50152 39111 65832 58291 45453 10553 79169 71227 10097 52278 54195 45614 93706 2458 65478 420 24986 72544 33264 77233 17099 52698 19873 
99902 31466 11319 79717 71531 11829 69111 54742 78333 24573 20573 52975 70025 31125 48496 41252 41222 773 95446 86835 94479 14255 68664 94898 39241 57559 44513 16473 91010 13562 36345 90911 45027 64015 70627 32909 92195 56089 87650 70527 80662 8222 23502 50686 55699 71997 8289 96920 89121 3735 106 83599 34341 68769 94848 73581 42680 55712 6405 33689 69274 59101 24599 30652 23115 11577 63561 
15310 67665 67562 2188 48326 92136 42041 15364 47834 14037 23652 61105 19510 43738 61210 3108 78079 46330 14308 68011 89009 70019 74416 22697 55644 33516 63647 86296 56631 75223 66208 88292 59240 50121 90479 23917 42256 48872 39280 6441 62908 79284 67545 82417 39373 28754 1877 33803 91436 16184 1814 80444 2554 76229 19493 74550 26096 83139 77197 99078 74714 43404 87369 33953 9876 94200 57869 
68484 43071 13501 74924 22330 9136 42469 21099 64860 87574 39327 98663 79009 71862 476 75805 90767 93056 95297 65316 19151 94787 42512 18229 85852 2267 21949 19804 12143 32500 94025 80626 91922 23877 71901 14252 49364 14369 51702 14223 18295 7380 12885 97303 79241 29712 89459 70007 22767 1107 51675 58270 95894 94186 76498 98097 96453 14798 17901 24947 47298 28277 21924 39219 68505 93824 69822 
17868 24545 37875 48442 42839 45254 77679 56493 24494 7390 45952 10853 46509 47058 62527 4778 59303 56712 97627 73752 69516 12424 91652 94462 76073 36280 16385 15292 21136 26561 1465 39003 51105 39340 3796 93943 84593 81474 66787 25439 5216 12738 52643 51724 76148 15169 72853 51802 88232 70479 25553 74100 99254 33556 84913 75327 86187 1298 6970 7322 27858 8434 62676 95314 47773 66472 5608 
32366 64297 72394 74156 69512 1484 26798 37587 77631 41966 10439 45784 46549 97269 87689 20648 96523 37596 5561 88201 23783 23210 95170 47456 67419 3603 10132 62732 67728 92955 68339 16445 73603 57084 90600 43115 58567 17397 80701 52549 75714 7492 98333 38614 4760 2373 59262 17634 39968 81174 5834 80102 20735 17355 27558 4505 37310 54041 67236 5037 63347 51926 21481 36949 9009 28432 80063 
67576 62180 77116 36476 37893 84607 34808 76506 5718 53532 52119 39704 93500 49644 45537 73601 86730 79244 17510 91234 32905 87902 58469 54293 51248 26746 92125 88197 52107 20556 84611 36034 82735 78078 72509 36979 79036 23669 13484 1106 77200 81955 40809 87051 47950 2697 77004 34680 81940 94513 25913 14844 82415 734 85488 50014 43831 77612 54562 95937 98167 55525 48322 97253 49954 20831 34231 
28990 60851 64067 30095 38050 62373 70903 25101 10322 73599 2104 45001 71891 12968 87266 3086 11734 87999 88574 61748 31829 66185 32661 44118 80704 88185 92439 77956 38139 29621 28539 83480 90471 92605 29926 44873 54977 828 69973 65298 90778 88428 26651 62668 1395 13916 82106 29481 18266 70679 91228 50094 53215 40240 94211 33918 44777 3002 28226 82915 32622 56764 82746 23093 65720 12671 67965 
20696 29850 54289 2345 20627 42716 28995 99647 60462 59262 81752 89942 77527 52430 97521 43973 21996 37761 38183 72266 82537 41184 491 81803 90158 73606 64548 13250 39325 93570 97566 76372 23419 51854 78716 44045 10921 24063 43691 87734 83324 41794 77676 77203 10575 75196 21175 32571 29308 75709 4836 28196 16893 21678 9998 23402 95283 90897 36651 50959 84466 50568 27330 24236 18773 6045 68281 
29693 46459 28323 17426 29783 86469 11453 23337 97043 3001 44511 29613 32308 20219 50800 76856 53463 72477 86853 76864 84111 94102 29866 51421 94919 80433 95102 19155 99205 1147 3787 45249 63957 48461 79027 10091 34929 90479 33427 31972 93479 94289 77936 42139 14508 28736 18994 84322 17564 22198 77538 18027 32651 7403 69447 27570 4188 64549 46724 19744 82047 66862 81345 62355 15322 60371 72446 
50251 50849 5872 82222 60680 161 60157 19170 31020 5244 54515 31693 39160 76712 9230 57186 9363 32985 42984 53284 53524 23884 7 73267 22282 66868 54611 84637 98541 31333 57082 48791 82182 79305 47364 59213 95817 23873 78382 43188 29116 49248 74881 68275 25959 462 41812 51673 49798 84796 4956 3321 25031 21314 92940 47313 4533 47550 31949 3074 78883 5382 51864 77416 84686 99228 52980 
96855 39452 47713 40042 68567 96960 31274 53194 39270 31736 95005 90943 81533 96152 12250 1206 21183 33564 94145 68495 54448 58046 16795 57521 53280 22176 25737 30695 23213 41316 26 36419 80767 47738 76461 49333 61049 7734 18878 319 55821 13883 7613 37354 26386 19862 38559 47568 69777 49055 32414 24225 7100 49208 98097 60380 87735 23833 7426 27300 65148 7452 63718 45914 55189 56530 11599 
16238 64264 30476 32908 36436 60710 40520 73789 87096 76733 28699 51015 46510 77753 83429 87086 84853 48988 85182 61584 53075 9015 69009 96726 74162 76460 60443 20076 48001 33325 31674 80590 97588 78501 13497 50375 39211 70368 24164 42658 47100 69214 93672 93609 63319 93452 97046 64523 42440 82228 26106 11866 91242 95114 8591 81755 87926 85385 1830 35926 18709 49855 32867 32648 44708 46363 83023 
83918 16730 23538 42927 80181 9103 36598 73790 72421 46402 70835 53295 88841 69414 79400 706 60655 90866 25648 42410 78791 11032 60591 31068 29741 26798 63934 62388 87857 26648 45410 88126 59729 85299 31052 39909 94402 84001 30050 66822 30402 17237 36469 35594 86650 15868 52651 63657 23085 78298 22418 18227 89330 99360 49294 35422 42509 29579 14161 30365 56226 75923 18490 15954 61221 49541 72215 
55622 49894 2264 38796 80295 19500 75264 15889 22502 7483 68539 86158 30568 46837 8575 48794 52518 24286 14440 87939 66795 44018 2099 97159 16596 78021 15649 48901 39242 81541 21115 11215 31434 39731 50010 11729 75582 41625 43969 98083 49108 12507 592 79675 75695 25518 44820 28212 49804 75611 16150 16598 19629 34601 13756 36224 28973 45756 1476 68214 43649 22591 95781 91434 78673 62142 3162 
54254 3767 63482 68689 52874 75989 69280 48900 51683 11150 10071 96247 60953 85682 28748 93902 21662 63348 24009 74237 92321 86117 75712 76886 29765 14654 72666 21198 93326 51160 40712 47580 54926 4193 32620 24151 96533 18251 73050 48216 29400 99472 60814 6704 85153 89561 605 6814 52909 40966 81050 61581 27082 56762 54818 56846 71415 43836 94395 81093 94995 35106 45024 49920 55651 77643 74070 
52183 12245 63471 16750 41645 62942 77563 64700 64447 67124 81657 71260 36384 22622 68662 14316 66055 41775 69133 22900 29541 12968 33646 10633 7962 85104 72008 57881 40754 49650 48302 9288 61895 11772 26038 19891 91066 19952 942 55512 3427 82598 43123 56162 21571 28136 70477 87625 69910 39610 26876 15803 52577 60522 42787 76891 45625 14795 51123 2730 80796 99425 12017 59042 27548 54406 78932 
18613 74358 96226 90476 94136 78823 33599 50298 16746 61734 20774 4370 47996 60383 31246 63798 29312 8119 6584 6202 53743 21378 57324 56472 2174 73100 84840 77567 648 39246 72851 19260 29955 69076 26088 24090 64250 59686 74387 80995 37771 95161 1717 85766 71895 32962 49563 1206 57432 72499 23759 11174 10228 97435 83997 28753 70534 68836 6320 71181 8081 79170 6793 54387 48245 32880 78477 
28846 92565 52863 9841 46687 64375 27909 32453 52622 60870 98367 70179 34653 87217 93938 45826 97445 91372 46174 42549 78257 15009 48868 49438 39442 44389 56230 93828 8985 5461 88656 37831 14377 41519 64023 61063 22245 91931 93515 74866 69152 8234 45045 3804 95450 55334 65981 9246 63057 12154 51795 41313 43514 662 90750 99307 61403 63331 9487 70387 85143 98142 8217 99519 56012 88591 60582 
94609 80521 70448 85826 66024 78681 30870 69827 90483 2555 52159 99728 81963 64312 51522 23276 24178 68536 30377 23484 29938 10060 49322 16676 95202 47464 41245 94721 19827 29835 71654 14435 26708 42101 261 9083 37134 47482 78910 27616 66389 47420 43695 48351 28084 11569 87978 52261 96456 18355 92096 26393 44766 41418 59420 39967 5233 664 51039 41411 46851 22692 72198 73558 81145 72458 82640 
34630 36291 77901 78597 19031 25321 22291 67382 53404 50211 55359 22016 46666 90065 14111 89410 34830 71880 48830 91149 77112 49493 58539 18523 12695 97583 90720 86252 78727 79529 85244 13356 32171 79496 8304 51202 21168 30594 34935 90923 80805 6645 12938 27470 13062 43401 33232 64243 15280 82061 55391 8744 47905 30282 43618 60600 27864 50689 63203 6590 46569 64798 36297 95091 44294 60952 46292 
65461 91545 97578 72736 88701 4223 2025 32523 33636 45425 65754 97878 77057 64166 69621 85800 12070 99902 45769 72669 27765 96457 52224 50706 59377 17021 3354 54467 61314 64305 759 43127 72201 14688 15862 77254 35262 34238 9776 68897 79663 91881 66775 56719 56046 36395 58870 68115 36296 4638 57136 80412 17446 25711 31117 76822 42731 34470 31288 20397 15126 48398 79875 87326 63086 12088 64579 
14699 46325 90706 83596 25987 82586 66722 99057 38631 3116 57926 23098 55763 78915 96585 36174 96360 38647 83642 89533 81377 18111 37173 18125 49588 85570 97999 36913 65007 10086 1492 79706 72763 92197 79653 98749 91135 46374 14158 46117 65841 88435 69214 21603 67350 82150 74128 80061 20796 57769 69594 18525 92231 23118 53001 41818 8687 51000 95082 90046 77437 96573 69751 50199 5122 65755 65300 
12608 12128 79457 58724 77968 84243 44290 15922 51592 42791 90049 48005 79939 64169 33950 98463 72751 57067 67815 14568 82105 18814 26001 72150 12603 38926 58252 79153 44047 24006 60804 73006 36133 56612 31729 30452 40855 76018 46373 8798 18809 52773 56802 98747 33293 90751 13561 6043 64169 81375 36962 46274 16541 62963 18423 45495 1888 76675 40999 62286 680 1803 35291 53165 58414 67019 99968 
15620 59389 46341 24418 94549 15465 97571 93295 48758 4674 23207 54800 68842 20933 91762 15115 53825 54724 33538 99319 72963 26564 56670 35248 43595 58472 70538 13111 33237 53908 13079 48857 13296 75771 89626 7844 91235 87196 17490 39992 91869 57048 94792 60711 77981 2905 92177 48157 73980 42066 47476 46942 68629 20497 82189 28576 78968 52726 58038 28556 6633 71116 93764 36281 46886 83389 44124 
38121 86937 77966 94464 95157 35013 5607 72219 12993 8511 64396 61150 82490 6461 24977 29431 91442 61825 27971 36369 40792 97048 94406 85699 3681 65522 79463 56313 28759 79203 436 83231 82491 78401 77695 77648 29766 83301 49866 42758 8164 30613 20259 90653 53426 61587 36436 44867 23411 80758 97587 80554 77806 91992 66253 97838 73865 62067 54150 18976 57621 70937 2206 40112 49338 96252 17759 
95455 79553 83976 38212 4068 14589 74823 11072 68014 52761 47507 29232 92524 44617 26818 73077 22422 35161 55681 20259 25378 17747 74408 44353 75368 45344 62910 31831 11033 59162 49589 6487 55066 33564 61051 59133 64504 52225 70204 32517 4985 34063 61748 97508 78679 4917 86937 17452 40078 42617 37710 81807 76716 28469 26159 68435 90164 89068 265 17549 64581 66205 40387 19646 16120 1437 95130 
80624 70013 81686 13140 91350 32100 91240 88857 27130 12508 92145 44581 68937 51114 82290 50743 27829 10758 93253 12615 17273 98673 12879 34821 63253 95435 75208 99251 11554 92996 10732 92177 63009 92417 21669 54358 24516 29260 59566 51645 41767 51711 12577 10704 2824 94866 61446 47004 21975 71051 59618 55600 69723 88848 90420 32975 84282 65627 48577 95835 58623 59309 4364 21631 68077 26032 92340 
8945 55291 51905 76941 97057 19967 89518 24112 22790 735 1910 69793 22710 72960 45762 94661 42682 34609 85080 92008 18890 50707 40585 31077 25681 16245 35440 63663 84321 61471 56002 93265 33113 24258 70206 46521 44225 59723 70633 67014 60457 88894 53159 99518 61853 98920 94178 20886 49881 95610 12893 68770 46316 69829 16198 88348 86073 51637 52010 86746 29459 24363 80010 78923 48620 66567 25444 
92844 26289 12428 59858 3098 1321 29368 18967 79525 28287 29497 410 78167 25106 29654 63289 87773 99483 95838 76120 1907 63827 28129 88652 93285 52491 85014 88560 17462 51580 14003 10306 94221 42782 86515 97318 60454 15882 16284 39978 60520 62132 56739 55039 87237 86392 34679 75009 2226 30516 51128 4133 94342 95608 9136 3979 64450 94149 92538 81912 62081 22892 92217 56301 82025 78731 69970 
42478 10964 2605 98807 71483 64737 55545 42873 51973 58288 77551 26982 60514 8067 78109 80998 18760 73717 6485 22738 54518 16986 31627 36429 79066 54518 28645 35366 52894 23727 21687 95371 34690 24291 94177 22525 89027 66073 65397 41000 40713 59300 67981 17578 83718 62441 14927 2477 52509 21411 41567 7027 38396 73193 43455 33813 44063 88452 85530 13308 28530 7216 8679 63220 31507 19207 2096 
20533 1632 83844 61532 42344 43143 45864 59921 43212 8305 74847 45689 77165 12609 3607 84191 67357 93151 43998 1169 53565 48801 3051 66873 77330 10266 91903 40549 41772 11109 58996 78657 29092 59192 56540 71435 2334 2404 47707 61898 27060 38905 23938 4224 67866 27544 4767 35222 37046 65116 52742 90611 13916 55792 73835 91245 66058 65737 48146 24181 93197 7141 2837 22289 66332 59377 10075 
85018 78132 57782 63267 5191 13038 87204 25766 80903 14747 46884 32476 68144 11999 85218 58754 25914 41009 48940 33511 23418 14676 81656 47599 7873 5148 66787 46513 87832 26163 56587 72849 20646 14368 36115 25836 43758 39670 67954 24660 54416 14837 57136 38911 43188 58705 14017 85453 99713 62956 18963 23131 93984 618 70729 1856 5766 53867 64720 93597 80030 21306 82797 675 52026 35263 42863 
95783 74932 27168 36794 45699 58356 93929 84609 1543 52633 14977 86996 68698 77933 5958 91828 71916 22928 78908 90123 45045 32774 54842 54993 29155 76147 37789 46182 44524 89403 5396 40306 80686 32563 77100 26384 7270 87380 27344 8813 56365 42321 12160 41414 36605 34469 33241 24872 57396 28500 14994 2440 77625 86187 57432 23132 78685 11572 85665 23209 974 91060 79866 81659 39974 56965 24394 
47243 60697 68090 72407 17061 26762 84566 58474 63366 19035 8066 88237 76430 52917 19582 95222 46893 22120 69005 70024 17156 80577 55688 40364 97902 63099 20230 95913 3072 93546 36658 66667 54242 4747 39073 87654 47860 23639 62479 27577 59025 86896 32165 51806 56164 51746 47027 3057 90217 32384 89432 7373 12960 45120 64088 27213 8218 669 23125 27642 94215 76135 94308 64808 97233 49732 68814 
45093 89722 47644 72669 48746 34540 4834 552 7055 72931 63930 10111 79500 96313 99543 86872 25624 61014 50959 52837 85583 51628 92313 29576 62194 68447 23883 43353 82032 89967 12166 27124 79688 59810 16144 44786 10701 20977 61689 17755 10260 25618 44218 89759 38283 43760 76630 80258 21125 43940 49446 6707 11919 41759 36283 74112 26557 76517 17465 8588 66483 45982 52063 62523 22143 68207 7308 
32843 5535 68996 66950 15794 10965 11167 5552 65599 71278 98533 45857 92402 58825 95302 15460 70743 53412 68094 61207 96321 44611 95023 21260 27445 41004 73323 6319 63147 57881 29978 12341 63415 98973 79290 79209 26290 6808 1112 91888 94437 15997 54096 86838 74821 65750 18650 45563 19161 86743 6769 31833 47705 1791 53093 75150 42795 42767 97820 22293 647 27798 50985 64061 43122 46627 59621 
69411 53434 60733 77651 47871 93081 48098 51060 67901 13847 69709 13463 49360 72804 20232 81192 20508 38374 34284 95657 97520 77050 93477 36164 94048 37626 87149 58109 80747 33775 34081 50158 87208 11165 44160 51430 4245 92257 2490 72145 22456 88550 85608 71815 61353 22191 53006 81861 60564 3642 93869 74436 80691 3697 10599 91091 41322 97747 65551 38421 31521 99631 4930 35081 10796 49089 2862 
31392 57697 21703 3537 80152 10253 5496 51966 87957 44038 4972 86169 20953 8613 80038 95388 5655 86 5987 96745 57760 20085 78647 96180 67958 78278 1109 3038 5425 50197 22251 36816 24245 43954 56704 4397 54206 78551 72714 58514 22588 77685 44683 43541 2649 24720 55280 24656 41157 77618 37752 98916 97703 16399 95095 82012 11028 96203 1401 16452 46399 23651 69619 70644 67604 42675 91392 
21809 21225 64105 80323 43813 58142 41357 3705 77142 66076 75336 1797 7232 52954 55901 6148 67008 72299 17594 49019 99678 13797 50419 16129 76547 74069 85747 63542 41673 44773 54933 79833 65998 35390 76507 26162 93531 17863 29866 70672 290 21553 88821 23874 74506 44721 46373 57865 33371 63966 6883 33048 77762 73653 65528 54309 47722 67626 34202 5746 12399 89135 85578 78396 40876 78437 20909 
34406 96299 67126 21429 12941 88678 26601 36814 63184 87673 83186 21048 37395 47151 44283 86794 41265 17935 52321 11925 82008 36299 46126 87753 48697 51612 73331 43444 92487 68119 64352 43244 64417 31477 81025 93709 20154 7625 30522 99689 95298 30059 37089 32692 93562 81371 35838 34826 15657 88158 63102 97665 24456 25579 85417 89504 77191 75099 32947 86029 43217 13650 45625 23986 45126 26649 17694 
81632 50625 64568 81320 62274 94626 34760 11318 88187 16130 47155 39364 48139 35312 2465 45803 76120 44396 31219 81975 37938 22670 14922 23966 65886 28571 85942 6223 90049 28942 40269 71680 79567 4836 69351 58192 15813 4111 69509 4000 36592 16663 59715 1082 68327 78532 46884 60798 22927 94455 42772 60864 17124 74045 1181 99361 18968 87123 5584 9016 32416 62204 97047 28334 67039 82749 86526 
82851 3211 56034 3202 56155 89049 62917 57236 73727 57800 4120 34524 80726 14926 93647 41589 32049 67692 59121 31409 86659 62595 53344 12026 95011 15547 25424 23344 98937 8172 26221 81788 27735 98607 1341 83889 87655 80609 57476 77733 38408 61595 28608 19133 92872 22254 77073 24920 6297 36194 72681 9307 15140 26024 37684 10150 57923 63107 49846 56859 87631 76066 54998 15365 74672 72691 15605 
78678 53299 73080 56410 91707 51027 1369 27191 43898 23623 4264 68818 46271 56809 57850 71930 71948 225 9613 98450 58147 89072 48295 31358 76702 40712 2707 8418 31736 75397 24022 10413 28696 13453 83175 36754 64479 84543 63944 24729 24517 68207 9898 70788 41367 67747 42717 29667 67971 68681 28116 42470 57752 92762 73827 50805 33473 92885 59222 81560 68282 99595 91973 13329 29400 91499 50082 
10230 76041 30377 34958 16910 98584 44855 4049 56302 28953 63117 85968 96924 31797 14083 55745 5901 6844 45923 56705 56669 38807 32279 38228 23440 48225 46552 36768 77624 38050 3201 87854 30443 33578 22811 47352 48513 84018 51400 4814 12970 14516 7134 26245 62664 21216 81989 68564 44412 27911 25269 17432 83070 57547 72011 6509 5771 18563 59629 99747 72964 79181 87600 3406 29110 26762 67109 
77622 27131 34860 98788 56453 65727 5921 82697 28391 43488 81038 96954 4251 8948 38574 21682 8369 12472 93693 14878 18243 28607 74506 34341 1570 70038 38292 21328 99148 65053 4788 76769 8536 39648 91908 64988 5374 14180 64036 33764 57668 45073 47070 78270 70373 85643 16304 78741 98115 9996 93618 32709 54954 84475 67049 72875 54513 5340 94202 53660 86744 98990 46780 11631 54989 55040 76618 
60362 69219 40654 10478 43238 2078 57547 21508 72450 59541 37811 51191 57655 64158 61160 6715 35463 45635 73763 8337 16499 95454 18891 86510 98550 17880 49641 10180 89220 4680 3150 49581 90251 60155 76410 33488 62232 50308 71347 51034 9849 25509 2224 83855 6018 79735 90570 41480 41721 80684 66169 58219 76138 85059 61080 91039 19290 10721 17570 8509 15400 20719 74441 5650 97225 50851 55490 
75809 17510 43188 26842 27358 85049 29065 27565 91066 25151 18134 48898 66872 98817 15066 25090 91306 16476 86170 82344 35765 13242 99914 44273 28641 36984 18713 50643 34209 85915 22484 10017 3425 65671 53210 47134 50719 98626 91050 58137 23776 9183 23386 90647 24352 38451 32089 15657 54926 34610 14353 7042 47851 14266 51314 92843 67601 86378 59837 18161 72293 82320 44529 92069 47991 97738 55554 
15061 96363 46604 89549 20139 72138 12934 27137 96489 51384 59225 12146 22661 93834 42850 29702 58036 57115 97367 50879 41067 83745 10715 59228 72389 9387 20108 80809 73729 17846 36362 88789 14208 99317 78338 50698 71455 91271 77835 67943 59007 37059 96440 98019 47245 39289 44073 5280 12755 41439 72510 70174 41535 99577 45753 13923 8963 65860 94731 82691 83705 47445 87831 14265 46761 66168 64962 
34567 73791 42796 18862 49149 96207 31653 63519 59803 87294 7591 65082 16400 49030 53944 86573 90564 53520 32325 20839 78834 98185 31921 61524 98241 79365 49354 12505 42478 31874 93819 93396 22016 36614 12257 87516 49172 43910 51034 8974 47555 58625 90408 63954 24006 60703 50527 30921 14222 99203 51759 93055 13739 83680 70930 11980 79396 36635 40836 38225 68508 34654 31621 6875 87620 43877 94390 
36791 4138 45424 62117 51692 20400 68876 31998 44405 29578 82524 75325 43799 98078 43436 53205 11817 43467 40486 40148 39214 77120 97335 77439 61980 31989 9059 68854 19608 69287 79596 72750 89777 41371 51218 41468 61770 20093 73465 22526 49670 72340 14202 9820 86770 73989 79376 98586 17455 19861 55085 56669 96981 52419 34107 75312 759 59517 44165 36718 28803 40112 25820 18579 97834 77037 76399 
59603 13482 66215 98480 63151 54907 29034 89323 41676 3022 85050 56613 36829 4911 28049 93497 18243 80467 43955 93554 97578 19823 54070 34295 64977 10534 60114 99908 8367 53503 76306 84322 66984 58872 82801 46486 13778 28186 35808 71805 31208 37210 28417 68036 42120 56465 77884 76714 53284 38190 70267 67213 58012 40688 1507 22988 51221 77973 22895 59588 31475 15552 43909 14810 74424 43061 61295 
4553 71247 13455 92710 2454 50664 37478 86841 9135 10295 81076 85848 63578 19265 72466 47142 77276 13153 48648 16615 80726 42972 39510 56665 90798 71413 573 5607 45836 59985 66902 66741 31231 80356 59450 50036 47371 96927 53228 56505 7221 34303 42352 87150 53567 14817 34291 47194 44321 99291 80161 41398 42262 19670 98062 33060 91082 98634 38666 53270 58619 21919 36362 6201 18626 95811 72589 
65996 9089 25816 22500 32662 60119 81203 19811 30037 12371 70454 93583 56692 86096 73743 14441 28357 9764 12503 77768 17197 11136 32786 70466 86106 71056 6827 8659 89682 18989 81247 72029 44430 23414 94529 77091 83532 92083 13253 29921 4454 58 39855 77497 86153 13597 91937 30862 23360 4439 24981 40556 31927 57766 27374 34384 45174 50552 59394 34855 85893 40640 6883 46674 64054 17763 23764 
63937 26198 53368 10209 47003 69778 50063 24499 55930 80011 32787 3143 3370 53578 28124 60278 85504 2241 4003 36239 47414 54554 95633 98620 56798 52624 21855 3471 33029 55969 43586 96966 82166 13306 23526 29168 83083 73589 70018 39012 53599 2805 58507 73321 56382 86630 49950 58237 88870 53952 10827 52636 24857 6459 51255 98007 75435 73109 1477 8463 29078 45063 21780 27595 74720 45306 56763 
57802 35246 43132 13165 5196 45936 71671 78516 18669 58300 28465 93257 63522 98768 4084 16157 39977 26894 67411 37983 18680 56872 39459 27143 2301 873 48922 29895 75592 10579 3009 49745 45824 46141 62910 51020 8428 50932 45887 43449 9232 90704 36705 89105 89471 57140 5261 29447 386 89023 67429 19065 62246 23240 62559 64546 24112 11481 10793 16056 38411 13801 65800 84235 76293 45061 51606 
84721 95993 97492 28169 21576 4547 81225 10680 94018 54717 32292 39816 55102 21314 23597 90518 83560 46836 53077 64457 87299 80909 75249 19706 19319 89050 85506 19905 65342 46918 87862 66414 42910 1706 10934 64485 6252 92159 91516 16621 46875 23807 56437 18328 45121 96385 8845 45032 43220 78273 9488 46870 59181 84737 66576 78500 90138 68433 14756 71831 15350 2618 38245 74612 4323 65530 55448 
26926 57688 46964 43547 20914 87122 16335 55593 48594 12719 80790 93625 72290 59062 19465 19159 18243 20553 2086 13094 27042 86870 44201 98872 2220 63170 53468 93183 67492 18998 64982 10770 93037 28297 54316 30303 15419 87002 85895 64012 99720 66684 73989 88361 42098 9805 7519 76692 46709 25957 89785 73750 12826 50337 88973 31397 13507 58793 24579 97350 77790 5913 8119 87178 34209 78786 17480 
49627 65787 3375 29991 81858 86410 20331 70218 28507 46487 77737 5198 93195 20045 11334 83296 32870 78023 88620 64267 91529 47412 5197 88878 41553 11109 13349 28731 61670 92134 62562 27648 74273 82288 73990 56130 68698 94320 26348 13556 57158 20436 35106 66704 40480 62791 49999 89701 40813 54971 53967 32341 2382 75516 37571 60287 2976 50919 5369 64645 59404 67930 92293 33676 50218 66282 89806 
35267 76954 32505 48822 34111 52940 279 815 93419 63070 67165 83119 3882 22135 53438 36223 40869 45305 90145 1155 48280 41063 6523 29277 16818 74452 37921 66846 41021 20554 73003 76287 13859 5507 41461 47970 58446 41739 65136 68216 4808 48652 67686 8690 87139 37475 61264 28007 82779 51408 45513 47411 8822 52035 93039 41991 42838 47311 8836 83859 67864 81838 76497 81723 3696 34309 46044 
62141 76048 27531 46708 97207 76182 30746 22248 63320 68220 99863 7678 67351 51270 53190 31113 76443 5224 40503 18434 64414 87813 43621 64624 55676 25459 41120 53750 29154 75429 99793 7647 67828 27323 70706 81386 19857 1451 3634 83176 86023 19848 7206 69725 87470 60395 17189 63912 81971 57691 98697 46384 45503 42318 11007 17530 84128 68478 87632 29633 60258 87424 53631 28085 31099 40689 25823 
50955 58491 29456 50482 44513 65655 57687 30589 53124 18082 47777 17036 16404 21819 32084 62787 83673 90753 90145 1203 74880 58622 5186 20865 18880 92609 90847 63316 40059 31535 89138 91013 90026 34945 57847 50890 600 15533 81479 53723 49966 45607 87110 66369 67426 19194 45507 51098 26298 35651 68652 17530 94273 73837 38394 29504 82798 45592 92819 22856 77127 98309 30221 83504 33253 88067 34393 
50204 3599 32223 3927 69917 77830 7388 52637 61607 42933 98144 29056 69231 33794 97708 86760 44418 87896 41505 73921 70693 3448 83092 9901 80574 81400 40121 80429 31004 28187 31174 81208 48137 63396 1486 18053 57577 8873 70690 35535 68158 85185 64591 53740 18978 78650 56851 79748 66545 98355 53668 53590 1802 53111 79842 98728 34510 19962 95508 65514 64500 26681 63073 12636 90077 64558 47041 
64005 89782 34082 99540 74291 19266 64130 28030 54595 59131 84880 34342 42027 99586 4362 11968 17740 73824 91809 32819 8334 11770 28326 90199 92621 55007 69623 21609 61435 34180 68649 25439 40313 19082 41330 14604 54699 21811 58985 9293 80941 43865 59987 22968 59802 80700 34935 77541 54523 26744 10359 79208 54865 55037 69406 47486 10043 39028 69094 71477 89559 54094 13267 46224 73175 54597 77179 
44225 76407 36163 53517 57348 96379 29855 96667 56181 26906 31601 33721 81429 74696 60432 60636 45913 15468 46394 93398 25510 1773 78843 13338 7684 49288 42956 70259 38814 97552 47437 83038 90311 83599 52906 64010 96330 99113 60676 52510 26018 8628 2582 7446 99676 63013 84434 45588 78480 47179 55337 20341 65303 34179 50030 89338 99818 92986 59596 38631 6889 7032 21668 13551 6983 90925 77560 
3312 90037 54587 55821 16055 79567 58402 39852 79242 37767 40637 24829 32598 4167 96517 69291 69470 30695 19320 75159 46864 28657 34755 85494 51898 41786 23513 65448 65120 14437 59360 68431 4474 30298 40603 36880 9864 15357 93083 5457 53123 33720 46637 85720 37886 43153 55010 23707 73847 90682 98866 37062 35690 33620 22555 87587 91757 46067 69387 73229 76856 28746 58011 97681 75395 98614 34560 
85259 30322 27642 90715 83444 77713 37352 85515 31951 96856 56877 55657 70703 63910 70874 7764 99599 20845 46671 3538 28954 9089 72924 2182 85944 18021 60192 99976 93415 75157 50887 95025 5478 78529 85740 88921 72593 39443 90788 4543 36298 64016 60200 23352 27925 47425 47468 43875 68270 10490 47412 97223 19578 20335 15756 21874 38355 75947 21849 48122 51104 72736 43146 56581 67616 45237 61854 
40208 1031 68993 61103 37329 33008 37654 77032 77284 85078 40851 21158 53347 51340 68570 66921 87270 5256 82676 9143 59963 74975 47343 8084 26078 20078 67581 99010 4045 12818 60863 60605 13848 29855 21707 67528 79214 75712 44560 56497 60789 1762 94007 30488 53102 62576 13760 56723 84183 96436 65865 44145 71410 13207 68580 13839 49637 36161 12848 70033 65330 90063 30637 79177 36269 68695 46705 
15483 44406 7616 88331 21547 9377 82337 52034 78830 61264 65793 51904 61799 78580 17768 22295 66341 47327 90875 80179 13315 43387 9379 83347 8716 99441 30336 87892 35709 15382 50948 67543 76140 74915 55874 97686 644 54562 66071 95825 32178 48215 47729 93976 26795 65496 16270 9487 29174 7144 89666 58840 66882 15396 58539 75597 14836 5226 79841 66896 36959 47140 34439 13098 22055 6664 27135 
22698 61225 9557 18522 9754 57772 66250 3729 918 48098 19999 10404 93623 43494 16421 52463 10376 31816 11001 2324 63003 32578 98516 29899 69536 45656 80689 82634 67710 3704 26120 6759 64928 35677 25280 91034 9800 7882 94762 10717 72331 14760 37472 65953 58254 70245 34767 84981 2060 62119 87304 81415 94696 85820 11313 64232 47827 8353 46865 31888 12056 89336 38646 93335 25012 80277 84368 
34811 88158 79130 61879 60488 10241 15703 42793 84846 85947 77559 69826 4358 39678 73482 85772 34373 59301 13436 14956 23479 21788 61820 55366 50195 67508 94011 43530 92519 74287 44249 43682 78797 23378 21912 55636 49971 37614 14780 34816 23560 92339 4642 44270 48368 78123 30041 99092 53775 59829 14048 77253 97968 92219 32618 48163 59726 42980 8044 68597 17266 52292 12278 12414 92022 34189 68050 
58344 88155 82829 93159 28066 91519 97800 72335 56238 92274 18728 55330 46048 94908 85729 39652 92875 77947 88621 57389 54025 31600 81784 22621 65218 34076 51250 77631 42449 1790 62032 792 89944 61213 10302 18010 69083 8102 6696 25321 16727 41775 97002 79127 36682 82730 18778 29557 77028 23751 3297 31052 55350 85081 70024 36919 35508 21273 30902 94308 23063 92933 11451 13006 70497 21752 47367 
39580 46205 70415 64900 62932 28541 61901 58410 65223 60982 77187 11131 38009 17289 14427 85413 72639 15859 55436 25909 51366 76709 56810 45673 99771 66095 73475 29128 36591 95227 92847 92522 41431 79613 57421 20714 8153 35673 79123 89727 96654 72662 857 34663 89950 31636 36427 78940 47494 91862 4849 15212 68570 78010 77236 84692 44104 50711 30172 80695 45937 39370 89568 3719 18982 46989 24433 
43486 82661 19907 33213 95667 92568 50421 46681 98870 82056 83107 94161 45902 74968 99009 61113 59890 77019 38348 44581 21122 89058 91104 18168 34994 30473 24088 38713 65806 71076 79497 25644 70088 15755 58856 82106 24675 9276 28786 23544 7684 11892 17704 53585 3212 33065 14697 63101 10083 53044 24033 47556 58454 31489 82076 93447 61961 6163 48511 44119 93590 44359 69762 80029 60114 44969 62135 
84788 54244 90920 24683 78279 19164 58738 31863 38727 91802 62911 18179 18236 32307 42211 82144 90760 73699 80571 84206 52012 3085 49069 96130 96674 9779 82243 93054 69892 27211 55188 71031 97806 62460 12065 76085 97975 70803 24299 36701 62604 87210 54879 97192 19516 13441 79335 10275 3492 76257 10832 71855 79341 59900 84336 92366 86031 66578 85419 72274 93788 40607 43305 91593 19418 71721 84029 
17392 42523 8328 54092 21479 95537 25322 35022 15052 55114 14356 41678 74957 90612 52509 46811 86304 28761 47498 78669 14791 14075 64087 87064 7862 21045 46720 15807 40462 18441 99835 57853 77315 8162 28296 15145 20050 69969 50166 35101 25083 64521 76778 16391 71484 45639 79554 57787 74399 27051 36455 5541 41126 16894 92604 65339 37938 55676 97497 78400 90468 97332 36252 67782 21845 80900 82927 
41895 50868 33092 93347 92302 13965 70125 8693 1800 32115 88246 59587 6513 31648 12393 12053 72773 29286 21008 54464 67224 76683 51960 45623 67150 65643 98226 51284 87488 79125 50562 45734 29993 83653 39080 22294 13969 25556 47338 15769 57670 51935 75355 80534 83583 4099 8938 72707 33385 29946 43522 16960 22980 95482 62582 6482 77476 60807 74117 81315 56284 24678 27048 86276 24682 66128 24921 
38651 91683 88611 54419 49353 40545 46125 46238 40479 50223 55176 13186 99959 1473 73059 16918 40804 68540 95851 47285 62368 73010 37753 43682 29293 62430 70730 31920 87112 36857 56840 42114 44891 61802 96532 94243 2347 59008 40481 59177 25582 12008 88714 25541 13480 61773 58810 54283 30312 54661 17920 9031 27670 55672 52713 73314 34454 23442 5233 21565 76650 78424 80030 21540 40226 76561 32135 
58924 51920 88967 18100 77501 974 6814 19393 14453 68586 78203 68735 15249 49215 86654 24280 93236 58678 93344 66549 93131 16785 71781 31047 9786 66556 11076 31325 6781 3988 79811 82056 72259 68777 16508 49759 69750 23321 85504 84202 8258 63706 69289 39858 29272 72294 80489 22507 47323 73832 5407 40453 6968 77187 87851 16753 60094 15278 64430 83227 35617 44240 65282 7875 13017 81789 73986 
99118 21461 59489 99672 46070 39546 68960 85928 68817 57605 82768 7675 4928 56600 13081 61732 63567 6619 65935 96672 66712 97564 61101 49938 33181 21692 31572 41055 51060 29712 15040 50178 67525 90880 49849 13594 30425 35160 15873 99241 9116 98641 23267 14043 55240 36347 92127 35158 59317 74413 31829 26029 71976 9281 92318 5156 47325 40241 62563 98384 69953 93954 48561 37477 84834 98409 67422 
15258 49920 83295 30851 59036 81935 54117 89430 53526 6816 97908 5035 66132 72320 53216 8512 60648 62496 17182 65803 9820 57422 44717 8204 43726 38671 73116 97554 39856 87877 64976 55113 37796 48270 2315 96831 46556 72784 2613 81 79599 520 5115 62082 89192 58330 86946 49839 37178 20479 15641 63349 94252 76710 87904 37978 15380 61020 51883 55235 48896 16858 26699 86691 65127 29014 99874 
11682 1797 2486 28114 97747 19357 49581 76180 8548 24262 79477 58386 61439 99955 90379 24788 10559 67088 12691 48536 98819 90062 418 70405 38957 33628 97103 25648 98754 42468 41873 26788 60616 44358 71253 74714 80066 20833 50894 88614 45095 30370 46999 22885 46677 53729 64024 57235 20816 93067 22122 35986 83128 38891 6390 22085 72518 19845 64084 87624 62312 5956 30763 22928 66665 2015 97641 
46730 39200 64886 35343 646 11608 98694 23530 58284 52422 87554 15518 73238 80620 53991 9223 63747 92881 31965 2183 65399 51809 66266 69374 14120 72221 136 53399 38885 18502 67392 1967 57701 32277 37309 58346 60236 36002 98228 18519 4776 2133 50388 94365 99104 4378 19939 79202 13611 51903 81385 95361 3711 47650 64734 34183 36223 81221 3933 91459 99722 71324 93425 57423 19953 47086 32120 
80188 99439 46699 15059 4214 48831 65446 98578 47934 86176 18517 27136 99786 70419 8520 11498 90482 72521 76231 24664 25095 57451 28596 32906 73524 16272 26330 47298 36224 89767 79418 32763 89206 26116 47821 93419 74947 29619 91997 39232 15794 10513 66367 31931 97283 91238 43428 87764 80111 36010 28779 5205 9812 73727 38110 83335 89998 80792 30633 26221 70558 26402 75335 59763 52517 23156 69534 
43815 52774 61530 83047 84919 88394 65765 33201 2028 73355 76628 6144 53465 28989 34922 75021 38800 8648 29483 22134 98645 26626 69118 41217 13535 95519 16552 73298 48036 56059 59183 8202 25184 20712 7600 26454 25457 73365 59654 43836 63071 52633 49979 32887 81621 84901 7907 20420 9900 53741 58905 24897 80366 28023 66113 93901 23541 99016 83550 87928 71426 59084 12482 96609 96147 20081 23062 
21603 9797 99067 65438 72867 51699 15417 5753 33319 16669 30012 70090 26568 83752 45347 51464 80470 73369 33929 90722 13261 49296 90623 17541 37074 49706 30022 33682 45852 50102 73096 83806 76251 88514 65595 49117 40213 97363 71222 89883 30383 17585 76325 56951 17688 21671 24766 98157 11391 75046 5230 41003 40694 12204 58543 77767 78261 4916 27800 40464 55018 17247 24269 47620 5761 6216 13088 
45973 19930 84309 52207 50313 1893 28531 7263 19581 66553 48380 34089 77943 39778 55671 35298 80471 84226 93840 58237 62487 98756 86036 2950 70125 3283 43571 17744 9043 49786 47183 71367 86067 31492 39925 36379 49736 84808 59993 85668 51360 8373 36109 45655 48150 8131 80952 28620 92356 91143 3208 54842 6250 89243 74144 76374 92525 17714 10469 17919 83851 57652 5637 69917 5495 45562 6296 
71582 30369 66288 73602 98080 91012 9710 60086 39161 17840 57389 84132 10195 48532 87339 81389 54781 76582 55532 47507 85458 89597 74327 19729 73447 48330 25365 43363 70176 87278 66010 41758 33998 48650 15359 48430 39661 41420 8515 95174 59259 65904 79305 85805 14435 82996 83545 85567 75929 39076 49425 77738 28672 23752 97466 18470 88433 39183 78185 58609 26460 44194 366 76810 9195 32076 25239 
48856 73495 50105 44029 49105 16008 23333 51261 46794 22680 34806 32361 98608 90233 98137 76346 35257 21888 90163 53726 26673 29345 48262 85281 72157 8808 1998 65318 18002 34073 90556 66857 7567 40660 10885 56671 73020 50570 7931 19813 89601 59088 68525 88209 49321 66662 80906 929 4901 71068 54654 31573 413 19268 16853 88921 28075 18850 54238 46076 69274 61145 29285 76840 1804 56521 49862 
74823 7090 74145 10988 96691 33232 79512 1251 98904 62525 82156 99832 67426 53223 70838 98998 69987 6457 32203 75259 34531 67404 29496 96958 36678 90640 26242 29869 8796 82763 79731 99970 6204 70227 10957 19246 19810 90469 20496 35066 52993 2651 34897 36770 72226 22086 52120 58564 28542 84322 33823 79424 68077 79670 76382 4754 70310 2623 34623 95457 1737 30705 95426 7941 17283 6383 27186 
37092 96851 64034 72157 66195 83036 23406 2965 55261 61843 55084 30177 6737 55757 63999 86160 23833 43668 78893 44939 30329 97868 95913 25785 99604 42969 21211 23896 60251 43945 51082 13694 40795 15115 2203 23341 98150 25608 42657 69763 3802 97740 99939 10538 69848 80289 13050 10033 40308 91942 71323 70637 89809 67235 12773 89413 26555 50335 13308 3157 94279 80741 16850 51425 12207 19052 74766 
26709 61011 17422 12823 64813 31514 29113 91702 17713 9401 4751 27745 49708 96693 15419 36696 86501 82653 49469 92265 25559 99803 21925 28715 94082 19017 45565 45506 47576 80968 36623 90636 41979 70397 3458 23143 1910 32570 14844 35974 58322 19595 80071 24381 32639 95489 61077 19139 94494 26897 27756 20052 43051 49680 48767 53484 85048 10683 15342 32623 8002 51964 23258 66332 38712 43067 89474 
56973 91988 20670 92947 50309 40264 73017 91042 72902 68505 68470 8392 62998 95366 52499 99402 54768 18530 64520 8252 3578 91554 39945 36200 99555 8260 75810 65887 46972 18876 71712 3944 10864 92381 96890 77524 48996 86258 68565 38249 71115 37034 46641 50464 48751 15491 49865 3519 34021 30736 28122 37598 22289 68066 90149 38196 76325 65958 20434 23296 1186 92145 27240 12049 878 40481 5924 
49873 43091 74489 88122 14205 27874 51114 64668 76625 66604 30885 96495 624 61620 24616 38221 261 92681 28370 38456 69005 10679 58889 8653 11864 67385 52244 40264 68262 92724 46188 18135 52166 37028 22608 66370 64901 73721 47390 57877 56676 94626 70723 57300 72597 95338 11872 72857 4370 56593 11312 73375 67272 86552 98379 95487 70289 50622 35751 38550 59697 98290 73036 11863 35317 95643 94584 
16569 85715 58325 90798 42391 52950 61520 99690 25547 56858 27913 98403 61227 84506 26067 50953 68129 28970 65683 63615 99258 16304 15717 37808 76001 14006 10843 4215 49322 22838 98798 82243 8552 57123 73040 50942 26424 34559 66983 51970 7768 94896 66725 85347 95753 92791 36299 63881 21760 1982 43847 37370 34637 75916 75177 26989 89921 2371 31203 55595 25208 46353 37837 50112 19827 27228 17405 
46250 61786 84388 14572 69554 95635 81296 54900 7739 90438 7550 87971 28549 25883 31817 65918 60520 7732 57446 3860 14005 76169 35063 69599 17728 97767 23787 67839 33945 51014 85244 96546 29151 85983 11117 15056 81617 8764 69955 89355 99201 93857 77325 27750 36091 25493 10019 12962 49577 83817 16822 63581 59985 68236 49531 77712 82354 73317 45551 16298 40682 47146 12843 69832 33128 23960 84888 
31096 32723 71194 36802 48276 65050 30478 92377 17493 72322 2395 30454 21898 86211 47275 1830 62547 31862 51360 40259 14215 41028 2161 30512 81709 49306 43355 51541 98785 83666 36428 29880 32740 7621 83033 81015 89023 13510 89743 6515 2183 8490 53320 24081 11052 16947 42262 73599 48808 9974 13857 63023 51001 16017 9886 49062 81674 69592 602 80458 53257 53381 26689 85997 77353 26073 83363 
66375 39582 73106 89241 58116 81595 42561 82196 92646 59507 40810 66244 24666 50783 96452 87688 1783 28820 13926 50844 10493 83517 67797 7302 36774 21177 50342 39122 98530 76414 38836 81256 32347 11941 86849 90463 9887 29409 89010 18885 5267 29819 85128 29932 80601 97932 17620 98736 26751 47897 65931 53596 31413 33728 60897 84538 71256 11239 23659 86137 87652 62495 83745 36351 90787 70593 26813 
674 1 15822 19558 5267 45641 21037 51550 42593 35320 85521 41328 62071 33417 23611 15666 64830 57338 92914 49367 44945 4152 89378 47434 8156 68224 31178 44506 59010 1770 87670 76035 18122 3491 11944 39740 65483 49333 91289 8076 84652 76810 65755 63074 26578 89365 78739 91407 63054 71653 57126 24351 92156 46503 71784 16663 31078 19313 77520 6439 37434 65189 98826 55555 85032 27121 11646 
66866 76453 19286 91293 77457 96095 57048 40530 22673 62764 19269 30431 42170 7273 3908 66520 15780 50410 54655 32443 97839 73967 9962 4278 11400 91503 3103 83306 92886 46575 11303 59751 23028 30588 51044 484 26683 24443 57365 65707 3558 92985 12489 45727 257 16397 28598 16037 83158 83252 64831 80997 73570 74792 1626 1321 82646 21080 978 75531 67654 12280 35282 7033 42868 2677 23868 
85902 43471 81233 67960 47028 74217 80448 9107 90826 13196 37704 23214 96354 37308 88044 93702 10877 79187 11679 28550 61833 32758 29527 53715 16763 41807 5348 23796 1026 8024 47663 86927 67846 28895 54886 31226 19464 51685 40332 10289 64881 94387 33502 77586 31694 37897 87639 58923 17083 99317 87472 95267 48426 33350 48982 65188 91508 54329 5335 92533 78705 52998 79459 46550 98244 50696 94127 
34059 18733 34458 44347 99965 28845 94200 93902 76890 32096 81540 52164 49179 97208 39635 60797 45633 89337 9778 27172 80844 80459 48859 73377 59163 1856 69187 22064 16451 36235 16191 50510 71319 67000 11208 71283 12196 5408 65184 5438 53855 63075 57601 19385 60282 13588 80182 22266 2924 89959 65789 83767 86769 14647 73495 62283 32854 59034 84347 49305 11620 16889 16166 82938 240 43725 70572 
28788 49132 35755 34225 19339 15181 91825 38723 75462 5412 18904 14079 8335 25215 79867 8454 11983 94514 98300 90618 43719 73685 91316 93023 85304 8204 25540 84593 24795 69265 55164 53582 34748 7270 87806 54086 22450 95983 9161 14263 1394 44416 28341 26081 85982 24560 34534 14317 35425 49185 4934 79143 22870 96249 88518 24525 20804 30409 9118 45598 99673 80633 15532 50773 4255 19689 21210 
26704 15671 30370 57319 33417 91138 2011 59497 77119 26570 94030 91435 78346 43214 96368 57489 82435 92616 62358 6960 13419 92766 32429 75369 8791 13061 7252 59563 17315 26940 80772 60371 58963 27494 17689 92379 34983 36051 51875 12101 78973 62256 3536 57318 21821 16255 31158 4256 25223 93515 27567 54993 86281 59995 30361 95071 89407 53964 54633 6722 80904 51756 83444 39866 95601 1132 48596 
46935 53534 470 59036 32506 79077 78923 89824 897 11529 20981 21504 36751 14496 49070 91744 17128 9064 38456 12198 98471 92420 83182 21544 89675 51289 4987 45892 63242 22470 94487 10176 76003 11308 85563 8509 90384 64485 98332 91280 92366 35664 29136 29116 50159 78205 37211 67286 87269 92019 95835 2091 84438 95368 23634 90464 46657 44972 36355 26250 67441 47193 52777 59795 58500 38340 68303 
65235 19176 82986 72866 11541 18650 2001 40657 85160 80206 94219 68798 83826 86237 64632 2268 70674 76352 42253 77489 39360 87224 13843 65609 71016 77387 18385 30810 35886 56724 99113 17472 75900 98450 90338 3792 17099 92338 44448 2259 88895 55019 87408 72720 41255 52039 74987 28281 28390 33591 5769 67749 20814 35964 49709 8181 13350 84446 38991 65588 41169 54455 83059 33420 52904 73396 37212 
86355 82086 98011 4965 70980 69381 92372 60052 10636 60762 51390 38916 5504 84981 44684 89604 5794 96999 39313 13975 10349 23758 69317 75936 81278 23771 75346 31050 93026 48742 84613 79380 47179 98975 696 18158 68356 93067 78209 78991 53829 29599 34258 59332 14579 78941 48935 36724 92292 4599 67050 2640 28356 52718 94927 25986 76488 70272 57035 85866 35365 41647 81597 82543 40621 82293 17053 
8976 91711 11613 4318 45539 57563 38575 21222 88493 33868 70157 25217 26159 74755 8618 45150 19463 61336 40076 45448 54175 26699 2482 56392 62064 60480 37989 60958 17452 36633 78010 26428 28343 5975 47097 73882 63537 85672 95103 52030 35891 81611 93598 62049 72718 2215 23550 92180 79902 63625 53979 50429 90323 72812 6820 68738 33291 61160 29696 50742 97792 24057 93521 26135 30031 56970 16368 
93568 58993 27822 61949 94883 9433 55546 73283 82150 74112 96832 90681 70366 76808 61011 20794 83482 33822 27613 52220 83464 88773 98267 50557 2916 38675 60430 29050 68706 17399 45417 78625 92743 73239 40573 87625 99023 12470 77259 97524 86581 74090 4556 56946 67249 65566 94091 50730 15739 38056 19301 15554 43180 17567 82462 46095 56242 59243 75145 41299 92993 36913 36275 85735 26503 76847 89711 
41877 5668 66969 39400 92248 57410 60307 65546 24658 25872 59636 91740 57962 97691 11040 89867 40870 44959 72329 86965 17552 47923 78461 58850 40916 31725 95124 26650 74580 88322 32713 16456 93989 99681 55856 2588 57091 16162 68133 98100 58386 44121 89839 32699 58163 17231 22566 99033 62189 11246 2349 79740 75520 97161 38589 16435 45237 50064 59437 19816 54737 92149 36272 48725 8181 8479 67664 
65271 40992 52149 63371 15729 96269 69561 48428 54431 86791 87345 69815 48979 14942 88515 45070 90461 2027 10 23248 47264 50073 99036 67079 4809 91184 19702 69885 99364 28180 37549 80987 85524 89697 60709 1252 2317 46621 66031 73099 33412 69727 42914 98742 84668 47780 43812 91481 49807 43821 31080 97070 10246 30115 64148 31406 37650 83850 1291 53365 28381 55191 50703 13904 44887 11411 15156 
63555 58032 97538 36653 7795 67265 95918 6536 51932 43698 66699 59764 93504 26872 7195 6925 37117 53661 87424 84874 91310 71273 86164 61027 16006 41354 11729 29909 2592 39492 61416 66146 13875 58954 19151 21669 26218 15068 44556 94501 58765 27607 70617 68620 54478 77811 75544 7946 31472 62968 92819 39133 50592 95335 159 66597 53040 28240 12858 55632 84083 90625 38129 97957 49578 73631 19625 
92147 88699 80532 3000 63815 8138 89968 32435 78967 67778 24330 3264 15601 87297 96083 71086 54241 91417 87596 20837 60808 15835 50046 32791 99917 40671 70920 14225 6600 60902 50201 15099 49600 30733 18098 13415 55222 8065 45849 34189 92194 86530 37452 24147 73827 49886 95232 28067 57654 99179 65255 18462 15014 31653 51252 31282 72323 38523 45507 95274 99425 12059 10372 65376 42791 28469 78790 
14365 52885 40990 64905 61431 27520 18708 85577 17698 68594 97160 62116 42599 96338 43722 61060 27703 75374 28664 75337 64048 83538 37195 75674 82962 49253 86045 64690 92044 30866 43479 22760 102 821 87664 61532 44692 6371 47108 62389 74964 60619 40856 17563 56957 84577 94974 84659 76303 39989 59995 56702 23527 13541 32375 22840 62794 18420 87529 71189 49285 31008 93948 49386 48180 81611 27270 
92871 87981 90729 55259 79297 51348 96114 13211 8304 97042 24536 9314 73344 64525 85661 30046 88051 99201 62420 10890 61994 97191 98419 33182 46475 45778 43481 12213 93957 25091 39482 86827 29424 46562 42085 8720 97909 54550 38282 22564 51591 62817 31878 41287 27341 33890 71332 15391 33090 50103 42633 11436 47294 41051 60969 10120 86828 4450 38684 97136 45892 94517 83962 75315 41079 42398 386 
38987 13299 38667 61551 64889 1484 9780 22527 45176 43669 10210 60567 93110 60313 19551 20897 23958 60601 81866 34077 63780 2667 89113 60915 48558 83629 61228 23873 24707 3625 24258 80046 16923 79277 41596 98163 80760 67727 20690 42287 11395 47251 19205 20856 7563 38755 41753 47872 15707 39970 98301 79486 42636 87413 56752 91193 87393 17979 31417 12100 21603 72027 8497 54877 51303 50092 53040 
48414 34170 90081 90700 45564 37331 9905 66419 61246 65011 24523 9117 80718 64492 7417 60203 7127 11181 33307 14672 98574 51285 46088 27025 72888 34466 35521 44116 85768 1964 97155 50533 36133 87235 57585 98048 40918 83841 80818 2163 48851 5341 27631 29568 69832 35048 6123 93311 62580 39429 7982 61153 90713 70421 4529 79952 21239 40049 24068 23358 58364 37574 73891 94496 41161 31475 92543 
82078 31667 73361 84240 80517 95053 11870 26437 81236 63269 32559 74546 42201 88339 98879 19705 95403 85652 24234 75355 6890 64282 15774 30247 22646 69699 20489 33493 10859 68315 42388 92936 99981 32100 93527 80498 27152 21749 6934 8387 1369 55844 99285 43569 44182 98163 63274 39584 83814 87507 31290 7055 68140 63415 53654 7137 33114 74142 56982 43972 58809 99369 53260 58789 31468 63138 55638 
58619 84886 78923 83357 2607 34766 82641 46175 95299 97156 25800 51235 97321 29658 98876 4376 97798 62291 74381 21286 11756 48522 78267 55727 7330 77635 25338 82471 25454 88476 38108 424 89713 17031 83781 92319 68148 82773 54846 63447 79928 80645 31033 93601 26655 29908 97976 40804 8550 72356 62089 20305 37229 56708 92384 60911 50694 17721 59733 76148 22548 97840 76571 12261 31222 76703 20931 
99370 75828 75776 79168 72107 72773 10200 65707 15779 56459 80034 56582 65009 52389 18670 1665 5970 75377 94048 83232 26071 28121 42964 18570 50668 57155 95140 79280 88377 88195 16563 4098 64022 8690 83265 36128 97814 9816 1835 13592 82626 81868 70173 63986 50609 88843 65651 72930 80571 76050 72513 22993 20522 15476 41562 71190 88982 53054 66821 77358 41248 83383 97807 21621 92073 97423 74100 
89886 23590 75934 3478 6216 74154 90002 86553 41114 78844 52203 30395 75767 44605 2907 15111 65126 34734 56673 52667 23715 26078 19488 17425 67325 19222 15231 5297 27646 29006 79396 33884 52595 71682 37361 75162 45835 27362 61715 3300 22558 13917 33694 14676 74873 52952 29786 39999 87685 2810 9017 11399 28887 44856 45175 96211 64078 76758 17859 91723 5763 97255 25606 58357 68936 79318 33519 
31122 23032 95233 50773 61941 25501 818 76616 16726 53769 22753 56724 41453 25563 65740 69203 54449 10596 14378 67012 91025 7487 84870 99099 13249 98476 41057 87957 83763 36726 37827 14884 59757 49411 82008 38049 74912 82825 14664 91637 36593 53769 64712 94397 79331 46803 63600 33779 73750 94329 17142 81126 1815 2012 80225 31415 487 21281 19371 84250 58006 57198 15485 34115 22960 97493 72163 
14223 96669 3179 5859 49614 56947 86922 44010 52629 50077 7609 86407 23826 18289 3549 4952 36455 21912 1528 67869 38750 39160 87240 22999 97165 60789 54836 47631 83748 52328 36146 97971 65348 39324 20181 14961 12622 23455 58971 65250 73531 82931 68008 13708 17572 87908 35011 54026 9819 36538 21895 48569 75697 25486 87919 89214 86274 42754 53196 86373 11433 89341 695 93133 28664 20876 8093 
57637 60682 83415 22886 34212 66346 7246 64271 83917 95153 99282 37942 21324 52171 76188 86244 44220 1673 90514 49785 87946 33268 2980 90671 61052 8673 91365 54184 53688 28592 78629 11325 89273 62043 50562 39836 28388 57807 20459 28656 52960 36092 82950 90635 88262 59137 76878 48833 60810 83743 98617 65107 33362 17949 72129 94414 42973 79846 64949 96660 8437 59929 7984 14062 21972 74898 70249 
66711 32704 90707 11719 2015 26798 94668 92649 31412 70156 85878 80244 47317 69621 95213 28776 19334 29513 904 13747 72485 80749 95048 69144 5538 71328 93480 19599 93299 68377 6199 76362 1080 96906 88080 19447 40055 99099 28447 87818 69254 14325 68062 16571 297 79626 61698 19630 9138 62601 49729 97974 59702 61128 67117 65239 32455 76948 1189 42106 45324 7387 18467 62756 4292 22898 82202 
60699 21996 10648 48516 7601 41324 32929 24171 57972 28906 85868 93954 38043 64821 43682 36016 24522 21161 19485 6112 69967 96432 7300 12072 58108 14686 46890 37215 35330 69787 19416 96028 91782 46415 60895 99383 4091 10176 39905 62062 39081 42125 56015 93476 23297 16048 45843 64170 37208 65327 70281 7175 78111 77580 35598 52570 8617 82488 89784 43946 68626 25551 56325 60408 71965 17220 76142 
76055 43747 32398 38117 82827 90874 10483 76302 14170 26531 22145 94691 63738 3823 64971 87264 81933 58902 39214 50854 67519 21701 40637 11464 90326 66187 84141 67085 54504 17712 59578 30558 61458 8328 85026 44284 99201 95509 36938 29723 38391 75434 24413 18480 79256 5736 5744 77541 64637 44957 28394 48507 83009 85383 59971 89686 51569 60463 73123 6072 78174 49052 52982 39631 57379 38007 266 
72932 49867 37203 19006 88257 28988 59770 6737 8244 81857 28832 85784 46494 90140 30529 95000 89500 15911 71322 79185 83832 31784 68659 89903 26309 17711 59236 65939 91441 13595 82557 80724 63461 36111 16081 68070 65099 75851 91158 73342 74059 19989 75477 20552 26480 22357 31904 15979 38268 19577 11515 38451 67713 96526 28353 94021 30588 3941 59960 38380 17535 58868 19104 80995 94978 51536 65416 
60076 43738 56573 49769 17797 92913 25245 54700 19392 63954 86603 51722 18573 22532 79589 57023 90244 76114 1727 84264 6701 5667 60575 45080 23201 19442 80535 4196 14420 32071 85963 90847 75808 42536 40616 93604 35448 82212 48304 71192 46165 51258 22913 64737 73789 2501 38111 80384 94966 39838 81000 1666 45504 41574 63098 68705 77368 43632 89252 8139 92054 75214 98985 67862 17749 55952 77817 
69549 38164 42472 57092 680 93730 80004 81769 83870 98857 19879 80606 10174 59716 61605 11840 21572 3178 91289 90276 96897 34920 95879 5035 26974 71092 20372 11187 5193 76323 89003 91093 30838 31475 48184 47870 41556 44539 45990 41777 59747 65868 22382 69921 41936 83986 98112 79859 3516 89400 70134 16764 24319 82364 21799 67644 53455 58522 78830 74999 34844 84185 66091 82034 32011 30626 46255 
73566 75165 92244 31694 34911 58111 54076 21183 16398 54413 19294 96256 74280 8693 82741 91044 49364 81456 12842 17007 34911 87715 12189 26261 22558 12725 8704 20943 44735 39329 67197 34652 30845 59440 66345 82108 33903 36772 3290 66652 91185 22584 79260 65464 47628 78352 56507 96991 59808 85700 30350 11070 73414 58890 37330 12324 71614 62385 49618 32700 1714 33167 67351 48910 92606 50047 31017 
42860 86819 50659 25864 78003 89594 5123 59818 37221 99826 32677 50564 59633 34728 97265 87054 24494 56154 24384 36817 44119 3120 2786 76818 21185 35952 44168 70095 44910 94214 17463 4121 97384 68121 29984 75386 57714 35106 51556 94935 34932 84232 61850 10916 18959 59114 97970 43452 15267 38705 96620 59385 41824 15758 52554 63009 51709 13073 49455 12970 23638 66917 17091 21022 35038 47074 12759 
9103 98532 64314 20389 49815 64897 82238 60730 208 41351 75051 43659 56617 13755 56631 32353 71931 72388 84906 51291 40448 14330 745 69770 37968 84013 86860 58989 35402 50285 88099 44505 48816 52413 64893 14982 17309 47131 75712 33868 88481 67114 77527 61450 80869 50509 10154 52799 39248 11412 4089 96047 25741 21185 65816 63708 5197 69027 39048 40599 19312 27147 1455 84479 95911 66347 99461 
29571 29829 91524 63439 18310 58637 57317 96111 55857 7825 6264 25007 63424 34027 45447 59470 59768 66631 41638 39827 88180 10664 95227 45130 46327 22373 46584 30806 34635 29282 46618 64205 59111 54493 27643 93772 29481 1311 89882 85338 9135 12497 10344 88910 62876 72143 48380 22643 55125 6369 78821 43304 17032 90399 88433 79711 12771 51368 10516 63757 80650 73485 27962 56112 27977 71956 49883 
57457 73267 56116 42794 98753 68612 69490 87663 47839 41632 52394 86833 96756 58762 65654 56412 92145 56052 61196 71855 85175 28916 98722 48931 9565 72206 93244 65676 16534 81552 31910 73991 54818 88025 33136 69922 72988 2625 57584 20827 60608 26329 7659 73716 1442 89664 46479 9939 45716 24026 81793 47242 52941 96867 12524 78857 85424 22120 44532 1958 3671 92793 75948 58488 80817 9083 44761 
53805 28060 2345 74631 5019 45025 98641 95086 46467 88305 57916 56405 50372 81942 54549 13965 34882 67767 26488 13739 53191 48607 74622 55148 52277 67415 47447 27116 48231 56529 71877 18387 940 90573 9369 22311 35597 8010 17396 98415 12666 91664 54819 63037 73605 25720 77001 8486 93486 19840 22224 46676 84799 96846 18175 53427 80612 65621 80543 28842 38502 68771 63581 39441 75695 72949 78103 
27643 97310 11851 26058 9975 3514 97228 73011 77118 39299 66363 1955 32785 86203 24179 95812 71001 37376 13987 24427 17987 79607 21321 63180 34460 6443 26760 90253 98489 99709 68355 26132 97018 80205 68541 23345 70 65768 96355 93539 21419 79070 95494 54203 65272 19672 50014 52624 73399 80352 93402 91385 76311 14723 70916 10770 37517 97676 1022 36006 13736 85729 78489 27105 65933 47029 50449 
82355 29148 63156 75893 50566 42225 71386 21120 23848 7409 71134 76471 80807 67837 69872 88543 44147 946 75811 71269 54815 73486 72290 90820 3573 58018 69308 47029 40303 32688 97478 39009 61835 76985 14901 12401 19209 2639 33520 43056 10047 21005 35878 7206 5194 22101 95748 49340 23047 71558 36960 77861 61395 9250 85032 81319 83619 70691 28348 40273 3378 42177 79281 65212 19161 10534 93964 
38369 13172 43836 97776 23218 64840 33653 30423 86385 55753 42523 52077 95151 30432 89036 89363 8179 98285 90746 89497 98256 61436 34196 38528 64813 76372 34161 46377 95532 44694 56692 50252 57865 527 48027 81082 81719 98031 27857 68103 70136 86731 20179 65286 33514 9215 71001 41692 23851 61746 47541 22106 39534 81736 76986 4346 58108 11146 67074 53639 55839 23766 3891 13703 40644 68269 11136 
22362 66300 55344 6817 36435 42074 26995 1720 75588 52561 89072 17279 76412 50818 81171 14869 90351 62907 8206 11048 21014 19351 94474 91004 75189 34591 94894 5243 75234 63163 32731 13948 29462 88074 20764 82248 30148 64110 319 22087 16671 89391 55717 9434 40208 36888 40654 46910 99794 48860 74309 37159 68210 68782 28162 59751 3372 23056 81345 94958 2570 14075 8905 48383 2149 46020 30630 
48648 10129 30948 70734 26799 36690 26450 52584 93249 79689 93238 40158 79482 42097 14467 16640 26658 99600 61154 86408 19324 84209 84105 14281 3130 98179 39537 67864 327 85556 98493 65326 95684 45792 36059 38835 82482 78861 91418 75730 58549 1007 32240 54383 59455 63058 87374 86113 62657 48527 88872 81980 49087 72976 12612 68568 87507 52148 36431 87833 37703 51275 69511 49739 97067 5569 88573 
