18 65 4
48 82 28 62 41 90 57 51 8 65 51 85 18 7 38 18 24 77 64 26 44 76 74 60 80 22 58 68 39 23 25 86 56 5 100 96 94 56 98 1 20 48 38 90 7 75 7 82 3 70 7 99 45 32 58 76 53 16 43 43 90 20 81 45 24 
80 92 17 35 89 70 6 89 7 95 95 33 1 76 35 70 34 85 66 66 43 93 18 58 88 13 99 7 93 95 30 72 86 98 58 74 19 63 62 77 58 8 9 10 35 96 32 69 80 49 34 74 42 3 31 29 67 81 35 59 75 16 82 60 65 
39 86 84 54 47 60 63 55 21 72 41 16 3 9 47 4 94 21 45 49 3 25 15 84 59 26 10 26 7 70 42 98 55 77 51 53 89 65 59 9 88 100 76 43 8 22 46 54 94 90 2 97 14 68 32 24 93 41 1 100 62 42 49 16 71 
51 21 59 15 79 19 2 78 94 44 38 67 89 43 61 30 44 9 43 63 92 18 56 84 18 7 46 12 55 13 82 5 33 40 71 12 58 72 41 3 68 78 69 8 20 81 38 15 41 80 30 32 98 85 68 67 43 13 78 97 25 59 53 58 98 
75 21 7 98 61 9 65 39 30 73 10 62 62 77 3 93 6 86 90 42 53 57 84 65 86 32 42 45 36 99 94 10 19 1 59 31 61 24 21 90 48 31 52 9 59 6 53 16 43 43 57 96 51 92 12 88 75 5 32 10 55 26 71 25 78 
29 56 90 4 76 32 3 58 35 63 16 40 16 83 34 10 91 81 60 82 93 47 56 49 31 17 4 8 87 28 37 68 83 26 71 59 57 26 68 91 88 84 82 3 18 16 12 9 96 23 90 40 22 98 89 4 14 44 11 53 71 47 72 6 24 
94 16 33 19 83 75 7 18 57 61 36 24 25 44 71 47 85 11 20 82 51 23 48 46 85 52 16 31 23 73 7 68 88 39 87 71 13 45 88 21 5 75 44 29 70 67 28 55 29 47 88 79 22 87 76 6 90 91 89 12 64 95 80 3 85 
18 73 49 62 13 70 18 39 65 47 9 31 26 15 59 24 2 89 45 41 64 3 30 7 91 94 22 37 25 24 21 42 49 69 3 13 90 20 51 55 18 59 37 95 25 48 19 27 88 15 19 4 17 48 62 59 41 83 95 17 58 67 58 58 88 
12 22 29 84 73 35 53 83 72 48 8 71 66 86 58 32 56 13 49 3 74 7 96 8 54 64 18 72 22 75 59 33 49 88 68 73 22 21 55 45 68 14 67 85 51 25 16 6 37 16 61 63 75 8 70 80 71 87 51 44 14 62 77 14 1 
96 86 74 16 40 19 83 6 85 19 8 61 87 14 50 2 26 12 28 85 33 7 55 72 58 51 37 19 79 50 19 74 35 92 90 26 62 24 31 99 43 91 59 81 56 60 82 81 23 10 65 56 16 71 79 25 21 15 43 99 16 13 25 50 57 
14 75 70 37 58 68 31 48 79 11 3 38 45 35 61 6 51 68 73 73 46 98 46 12 92 96 27 57 20 28 65 33 54 34 22 63 2 4 62 80 15 16 69 11 50 81 68 52 48 40 25 45 89 70 8 33 65 86 89 37 13 53 69 67 86 
90 81 39 46 43 70 60 58 39 22 60 19 89 11 19 28 35 15 69 56 75 1 73 60 89 9 73 93 29 91 30 71 71 69 16 65 38 27 23 28 48 82 99 88 44 17 67 31 83 35 86 57 35 10 17 75 70 41 19 99 83 49 21 5 69 
36 70 58 14 44 86 61 25 84 100 68 52 66 50 34 1 36 43 87 97 59 62 19 51 32 17 85 80 89 89 100 76 10 58 89 53 43 1 29 78 100 49 29 65 98 14 17 85 56 4 34 66 17 52 16 48 20 100 80 8 41 79 83 2 36 
71 55 30 71 35 7 22 83 87 86 33 1 3 69 8 58 2 74 74 53 41 73 72 93 52 79 85 31 13 86 66 35 40 96 57 27 54 78 61 41 16 93 93 70 62 100 27 63 25 52 68 66 24 39 10 76 70 94 6 34 79 23 69 71 18 
25 97 24 55 57 64 70 50 8 39 63 59 65 77 84 68 44 1 91 35 10 66 56 3 71 89 33 94 57 3 63 34 99 86 88 56 1 9 57 60 47 19 19 63 47 2 30 91 54 20 77 63 38 32 17 8 20 49 53 29 4 68 14 2 53 
53 9 6 61 65 65 59 35 35 73 82 88 2 24 41 73 100 55 10 83 71 70 54 72 74 34 75 41 47 28 46 51 37 3 11 53 67 21 88 54 93 21 41 46 44 82 19 95 88 80 29 11 1 82 82 75 16 8 15 14 87 60 65 23 14 
27 28 33 48 67 86 92 87 26 38 82 59 8 28 47 87 56 57 40 89 90 14 4 49 80 70 87 40 86 62 53 64 89 85 63 55 22 55 41 48 44 74 58 51 1 56 89 56 64 28 44 5 41 100 53 21 21 92 12 58 53 16 21 41 53 
36 95 74 90 87 73 33 60 83 35 60 38 23 67 2 51 62 58 91 13 63 63 33 54 74 90 6 42 63 46 94 98 92 19 87 78 44 71 89 26 5 100 15 27 66 68 29 79 26 72 92 88 34 24 41 60 66 46 1 28 43 46 25 34 16 
