29 19 19
39 14 57 61 59 61 70 59 56 94 44 10 16 52 65 34 90 83 63 
12 4 58 27 50 96 36 35 23 16 53 72 54 19 80 66 77 93 35 
87 48 81 83 9 96 34 73 81 76 7 44 87 11 53 66 12 49 53 
46 23 68 50 46 21 68 25 86 96 69 20 83 16 100 17 24 48 50 
48 80 77 55 75 64 17 28 81 80 28 33 77 50 100 26 95 72 46 
71 57 93 40 28 75 55 80 43 31 79 93 30 58 69 36 33 84 4 
12 16 83 39 48 59 88 99 37 34 70 34 4 78 26 95 6 53 2 
37 95 84 15 39 13 72 8 1 56 43 4 67 59 87 57 58 97 96 
57 85 29 26 18 85 56 96 79 61 48 32 97 94 15 11 33 28 34 
92 28 42 34 83 60 44 69 17 2 18 12 10 2 93 87 72 29 42 
67 59 2 66 91 50 59 5 12 43 84 98 34 63 39 68 46 50 63 
66 66 64 83 30 25 37 74 12 8 2 53 26 12 7 43 2 8 53 
59 20 96 42 69 29 5 7 48 2 56 11 67 74 26 50 55 51 38 
28 62 97 81 66 74 92 72 16 46 80 20 4 51 15 45 19 96 1 
77 43 54 84 5 21 9 31 22 63 33 59 42 46 55 74 63 28 66 
35 95 11 66 14 66 16 81 10 86 76 63 62 70 16 97 75 88 6 
57 9 20 41 19 62 86 25 87 100 4 52 34 98 14 51 64 31 18 
96 93 3 71 55 16 92 22 13 66 10 70 74 70 89 14 89 2 51 
13 89 51 69 92 36 18 58 87 81 88 56 28 80 59 98 86 26 42 
8 90 7 69 59 33 38 100 98 26 1 49 91 41 51 11 33 38 28 
90 24 61 29 80 88 9 90 38 94 15 79 53 5 37 21 15 69 59 
14 67 36 67 67 78 7 17 88 91 54 16 32 30 76 61 61 63 21 
2 52 14 16 30 67 72 67 39 87 87 97 52 5 85 18 71 62 77 
39 2 67 45 17 99 26 44 11 38 58 31 39 10 96 54 91 14 78 
9 53 16 96 1 67 52 85 37 23 99 13 13 100 79 9 68 29 34 
11 91 71 20 21 61 81 17 15 72 82 44 80 34 59 27 35 25 79 
71 13 53 69 25 17 68 56 26 35 36 11 97 27 34 17 99 94 97 
67 60 68 49 3 100 34 13 26 20 90 56 91 2 8 59 27 77 79 
34 2 65 69 64 62 95 97 78 94 91 26 60 50 94 60 5 45 94 
