185 14 4
51135 1802 7202 51527 75839 80157 15704 41934 91834 87282 22308 38598 92282 35739 
96940 58009 66298 86042 69888 87615 70440 51809 55727 76298 23396 59852 92467 65506 
24389 83680 96511 91875 1833 3712 43401 94023 220 75456 35956 8406 79090 74616 
47003 71371 10354 60294 45731 93003 46335 31971 80618 33126 83779 52696 25775 23526 
28900 18241 89031 53288 18272 85542 45162 20104 5605 4914 14126 22177 80369 66434 
30582 59458 41049 93936 47181 67754 54229 9263 60757 16915 41233 57726 66393 41364 
10421 92167 64889 55672 26760 70272 8959 45031 72165 70472 81487 94121 91737 11964 
16297 88458 78397 63230 64267 19445 57165 27799 3551 11393 37062 64307 44660 94646 
38384 11052 36009 65156 19570 17250 20828 46329 3873 46138 91360 76037 32962 89198 
86509 24698 1161 2806 13155 79558 82387 77422 15354 39552 21572 18904 67296 58633 
83210 28307 69631 37945 39358 21991 3101 75280 39240 40280 21608 59464 86417 29319 
51852 19378 18516 38361 60428 19677 57518 89934 99234 39904 83707 14587 79455 5279 
33491 63103 63911 33052 91409 49893 70997 47119 71884 90449 22398 27475 30728 44005 
86939 33496 73324 38790 69226 91839 93502 29653 27867 51019 19586 27100 90923 3293 
58039 86729 24923 91529 49831 88833 40932 41240 55078 11928 88358 26961 18728 27107 
54435 49455 71111 41373 82951 60786 96515 52176 68977 90016 98180 96843 41035 34117 
40295 48309 53761 98333 35037 78683 6213 84868 83868 47144 42459 38945 75424 47168 
65905 94151 74274 20339 59958 61736 78064 42908 38874 90930 11435 7850 97297 25966 
21044 54683 60082 61338 2991 13843 76022 38028 8877 82234 39247 92744 45730 81705 
31688 21153 45224 13944 31655 19497 50635 91612 97584 45050 34519 36457 35979 62305 
60658 49627 88270 98054 4310 48352 75743 7300 78546 51765 61679 87422 50350 17277 
96518 96079 15333 28205 33583 60556 58501 65238 96404 25487 56849 93988 70536 7720 
46796 22866 86376 7454 72492 74646 5507 76801 39349 81249 453 34246 49365 78483 
21667 99715 95760 18184 12145 11092 62741 45728 71648 37593 27317 68051 63079 517 
78390 33614 8236 25186 56479 10964 48991 45322 85609 70849 22123 41309 68449 38927 
75554 17814 17409 13572 33880 29520 48108 46024 40612 10848 8103 28611 64792 35419 
13013 27870 35936 91403 77835 60523 32940 50665 71486 81930 95986 73446 52778 34460 
14754 21226 73386 6659 55391 7147 20231 89270 53018 68338 51646 93629 95537 59748 
38591 76680 11519 51604 4549 63806 59358 82383 24328 92297 49399 12166 74226 45384 
1963 43355 79844 33069 80932 69581 39727 36323 93079 76309 25592 46097 60998 93589 
39725 72886 53337 94668 49565 81207 46271 70465 45012 5628 69199 85691 97924 18597 
14208 88501 63981 16171 31855 60176 49239 12786 29756 88965 65460 22835 81626 91052 
68931 42623 84640 25007 31861 54328 19674 81425 35534 82296 51890 96897 4275 21088 
82588 18550 39685 13147 7050 20017 29317 55256 80192 78555 84394 9947 83872 49853 
49133 81849 57256 34415 40823 58248 75774 72683 12575 95447 54108 64461 94095 22349 
77709 98369 43436 76648 16919 99472 89795 40320 35840 35463 95576 16031 30370 96321 
42330 30593 46173 91462 12441 3429 25877 53263 61676 1650 25946 90602 13448 96405 
55062 23894 18753 49123 22263 78540 25770 55533 94364 31916 12204 30203 67379 24131 
46234 97748 20451 88563 28340 66624 80024 40780 86404 22252 94042 48079 40253 36339 
38680 53701 32743 10094 77594 51495 59216 16208 46387 1337 88092 40750 33253 16648 
70952 631 40778 33537 98378 77581 22099 43069 60556 18475 83848 46959 40726 94241 
11389 80979 30580 50068 51031 79674 76513 44976 47521 52080 77536 93907 53417 81979 
34656 3021 14978 21959 20003 72108 55496 34732 49688 77594 77800 10243 12420 61647 
73553 69498 72239 84941 66828 19170 51360 17858 98844 27873 79185 46364 79952 73072 
56622 49720 71403 7629 69092 86380 29587 89094 58487 85082 23825 8174 79028 1624 
34768 7799 79622 24672 77296 51861 9612 44123 71030 60972 61980 69873 5196 57517 
32588 1499 46940 89209 67571 18342 96837 36662 4722 42776 42108 63208 44209 82284 
87734 39588 83908 38853 47387 79881 63525 24682 31741 89488 68805 19123 50459 47136 
5347 72006 21004 37935 73505 67944 43495 41075 86285 56684 94088 91006 15811 36195 
70566 60019 18479 74651 15959 18738 13503 63345 98618 77027 4378 46711 82867 73182 
65833 49677 36670 87531 21683 74025 41817 95187 41968 85312 52613 28253 58347 63052 
35610 74157 15599 22527 50527 50429 97177 66485 69166 10680 46181 84135 4058 50559 
47197 86924 40092 29381 36601 76761 16912 58283 67138 58728 69821 9105 60391 38785 
53709 18737 18188 89319 9245 33786 28197 59772 84214 25374 42608 69731 36053 88789 
70218 56462 39347 17414 43386 79438 46795 96338 72551 80058 70972 39688 55137 57144 
65144 15528 12280 18853 50616 30467 24523 76213 64253 52719 35984 64818 78092 94943 
34549 30496 83731 4766 3310 39429 38531 46695 35219 1677 59384 7769 81734 30355 
63808 36871 3850 28951 68750 16129 64155 19365 62947 88677 95577 43551 57748 47912 
8369 52191 59207 59269 82687 42937 64034 85996 82366 18916 49042 17584 20593 24777 
41704 2326 71483 21863 55548 75332 67165 24297 7812 31320 60014 70758 36348 71942 
14309 10447 19854 22677 62638 79060 81945 61676 38348 62330 64023 37065 81245 29416 
71000 1837 54192 29055 20515 25674 50917 76062 17357 34434 16711 25168 65753 76724 
12277 18452 48665 26585 28899 84870 65613 7888 80281 63909 69563 18629 42590 49937 
72045 40187 79352 43045 58375 33543 72099 78889 75568 39368 71303 9276 73801 88013 
50795 55905 81088 63071 74356 46104 6008 19606 30974 71620 43845 27606 51881 13407 
62586 94470 63343 34631 34656 59046 77675 93031 8940 66125 88271 84507 5492 59573 
10134 79292 63937 60928 35196 45024 40351 25904 7480 46358 45509 54805 34329 89354 
82410 86209 19112 44996 80679 98807 79626 31686 57852 73652 41068 66792 39776 29339 
67650 45268 88911 77784 24559 69200 55063 76107 30575 95413 2010 38054 58122 63870 
92858 92451 69575 91620 78659 88687 36615 75689 87493 32592 23727 61696 6243 64794 
28487 46018 94132 96137 7637 99395 90272 48548 68594 45334 24654 99168 57099 43015 
37222 15220 6884 46431 7670 76459 38050 2681 81497 91016 94721 85341 23607 18447 
47036 29849 99593 91875 92219 93724 88011 16207 93118 94634 64754 61711 56319 5759 
77231 13417 48773 30804 44989 55657 77234 69010 48467 31636 88042 29963 22651 82763 
15303 46258 17561 78690 92458 17153 70564 1028 27229 74926 17235 20346 69559 98340 
98409 42230 4099 91991 55646 69223 22794 16986 41231 16379 85996 89697 48014 90389 
36011 87017 89503 51313 49626 7064 46355 42083 40568 16918 59463 84148 91844 76697 
4494 61402 91388 19254 3631 95486 11244 75629 81061 50389 8966 22291 66767 11313 
28340 31133 1702 64350 18149 91204 32015 67774 14619 78369 26208 71539 11638 85670 
55686 3481 78718 76531 81235 70106 95784 1217 81943 23379 93197 63003 73767 2163 
1646 56886 13475 29985 88018 31528 10686 22518 22732 59052 90291 53702 53772 32850 
25240 65410 34872 80926 68890 13589 73808 66476 83694 85944 67693 81989 9322 60889 
44991 99441 79403 62988 56326 9230 9324 60695 40757 20010 83212 63488 95413 89854 
17190 49185 22703 58781 30946 73926 56058 16187 87515 29866 82663 87560 15809 50355 
69548 41482 27595 30891 40922 23350 93878 13599 32579 3202 90645 73335 39563 73856 
53175 34975 80061 86716 511 19116 45496 31456 93041 1554 47643 80555 47771 30305 
84467 63579 97011 54014 5060 40957 1256 62334 64306 11486 92284 96884 14687 99281 
86571 70601 89488 39745 5575 69549 26460 22438 88664 71955 53893 81704 89860 17887 
78611 37630 48191 63077 17560 61553 33442 38972 18862 51050 17657 99519 62535 26292 
12755 93573 25572 99325 64173 15060 39069 86099 960 65528 8536 89623 53834 62429 
87678 60046 80315 66288 14027 44858 45716 47939 22762 95510 86910 41623 46559 20918 
41142 25445 47209 53896 19017 89133 69572 83189 4192 8640 69287 5151 90519 94175 
11125 60704 56603 98802 37101 53269 81442 67480 14478 43509 15418 37240 55370 18679 
95214 18280 39596 52707 43724 86804 22954 62740 92288 92525 62280 96479 17516 47919 
17981 8034 42093 45457 85090 15047 60611 22190 84667 58404 89669 99145 1912 21438 
52736 73634 40116 64301 91913 79711 17008 35637 82867 56313 14728 75154 48838 93360 
87985 66353 57630 22317 90739 99722 67774 92180 31120 28384 14369 15786 86787 20390 
31282 5050 41827 84017 78683 81943 48318 70596 78005 81677 22584 60871 37989 53663 
36025 86826 63374 40361 69531 21003 62677 76621 20724 46802 68800 68195 91537 99520 
83981 78323 36261 15262 99725 78088 15631 78407 76382 80300 65354 54386 61976 4289 
31609 99964 74304 83985 3142 37677 24345 89024 58680 3373 65644 95755 50175 50795 
63950 41711 50314 64282 36386 2927 79543 36110 81014 11525 30868 73747 91824 12574 
44484 70151 33214 92444 70115 7517 76428 89608 45194 17124 94983 20225 20497 76978 
15979 87023 27772 96280 45085 94437 60561 81470 97363 56456 33931 94728 67980 81151 
84826 76156 10076 29310 46306 43289 21753 32772 50806 14533 22379 12351 31656 17361 
48927 68504 10690 81257 71878 38461 77537 16963 49250 38097 14784 46612 10904 65067 
57692 78884 46217 42517 55039 56292 88178 1344 15932 26283 50468 83089 40815 72846 
95439 72470 6559 60717 57326 17248 41974 29203 72061 35862 46165 21310 73958 77301 
84273 1214 42367 41964 80097 4935 833 51487 77578 89010 69182 93509 15292 19649 
76598 56106 8847 88388 44928 31757 49105 2253 65356 91078 47807 37416 26939 10324 
75077 17248 87624 59350 34813 46342 17665 14909 51276 18497 82747 28853 7507 68281 
38713 22798 87929 15310 95256 13127 3698 40183 44883 69154 58787 10239 76583 22945 
47654 19873 33268 22731 37120 37243 98432 88285 83584 16096 3193 34859 34593 2292 
80063 58451 70572 35128 81248 74852 50437 92855 87979 70486 49389 32861 39639 24527 
43099 16221 47472 7105 36093 80739 46187 89565 17982 44618 94201 17917 77065 13745 
69128 11657 16036 65542 86459 2959 669 84059 77811 51106 76913 65789 37943 26302 
15001 77582 67180 74452 10154 14651 81556 62599 11742 27742 68515 46075 88711 62715 
63991 82127 76459 33118 10136 8847 98660 96594 11805 99328 80652 5967 66785 57565 
71755 4728 218 3108 98661 67397 77559 25166 98400 59114 4116 10141 3207 88982 
56215 8269 68048 36557 90395 60859 69675 530 86057 84686 97124 97861 365 94127 
3828 83502 68043 91934 4581 68260 95041 19593 52009 72599 44758 66760 48064 65226 
93252 51270 70559 49466 75890 38607 2374 66285 15817 88400 83166 1873 73085 96641 
16085 89802 90768 19912 89655 58810 28198 94235 43422 39590 13827 11782 12189 74936 
94893 76604 56513 88144 44226 27072 53961 20115 82030 56334 2751 97846 44734 85917 
99718 34170 98909 15802 40323 6028 52066 29977 81190 96615 24211 40963 36204 54389 
69096 64744 29325 63988 41348 85837 52131 85573 29260 6091 5687 11289 78776 24790 
25486 23509 27058 25203 57679 25966 57357 14353 31994 25774 44330 29535 22388 68540 
70497 74943 22929 39592 39687 68605 3579 81034 70793 72061 82958 53 94503 4996 
27693 73278 29785 53179 96787 56842 94733 70817 99160 68441 85169 31153 94214 29498 
77039 32953 14390 47535 7896 53670 3478 47582 22274 7056 44967 9418 95468 27924 
9470 89970 49271 53515 63247 79056 6693 76385 35897 1425 47201 35056 69866 48722 
82560 80431 94571 59598 13384 25312 23484 37631 78981 26961 1564 17606 50368 46530 
27024 45835 90805 52845 52156 40075 6359 31755 35482 13051 8139 71379 30828 71692 
22786 693 36765 21698 81123 31335 81295 10858 56647 21131 48488 35627 48091 50051 
69585 14811 12932 96608 76997 3736 65804 29153 60163 88515 77259 95644 1565 85397 
83374 48744 73440 6160 49436 10204 44209 46911 41539 25503 74120 98185 62985 22608 
50163 27428 72658 36099 42238 85590 49058 35586 5677 14862 64738 82191 3376 58348 
77835 21292 43745 77560 70036 17184 71 35823 27388 44279 99085 85278 86134 73205 
99814 49118 95812 66328 76545 84821 2427 35134 86762 51484 70720 92439 82697 51809 
90981 2424 10157 85167 23716 70253 62727 10103 3788 62797 45925 47527 7076 45010 
32804 9561 34566 48969 58678 30377 15297 51575 31549 34075 3060 18311 85558 73779 
27101 84607 41940 18081 87030 52096 3248 10745 38700 65974 20847 42487 45122 83124 
6366 68549 44485 39169 78109 79050 4490 53139 25778 19786 21065 57326 53860 24124 
75636 55769 97903 2736 40375 56194 37169 27405 24641 40416 54501 63340 22741 75348 
22178 84214 74823 28543 52763 35659 84064 47223 14708 88553 16713 56837 8338 37777 
14162 78549 61901 6150 34317 76155 8885 91044 32348 62405 18448 56988 2820 72948 
36679 41912 64647 58856 26126 55821 87399 95240 91479 87814 42462 22538 76366 75527 
79374 1055 13303 93536 95955 91555 16037 46623 67709 41273 37666 16408 3678 72465 
89747 6497 61765 26425 48409 26411 1633 90886 98584 89031 86125 90062 93196 44938 
12600 69561 20464 91973 86967 50119 1860 82921 41673 34248 29543 9382 75521 67209 
42141 79198 39673 31888 2046 1437 58312 66806 44200 59944 57691 59135 65326 43815 
49196 58521 5105 78147 44433 25568 86472 31399 75686 4683 14319 17359 38931 43862 
43092 14451 27422 85232 93648 83446 17119 12045 1235 91783 78851 45434 51726 36541 
4568 17052 96708 70115 91924 1812 48262 36357 27379 34733 84107 19417 55767 98426 
53127 94697 42287 96218 9147 86060 97801 19146 69505 14920 31191 70739 6702 10041 
32524 74779 62933 53443 8182 59640 23558 106 61451 88171 52814 5182 39255 36920 
40950 95021 51697 94076 6070 10335 90293 15216 96394 88093 50714 65899 19364 98256 
52989 42417 24648 85513 17196 87580 55307 41729 63572 78864 58186 41374 83386 10999 
46555 38992 64271 87504 34013 15967 97931 40082 42654 88223 71649 39047 92668 38714 
21297 28383 36969 74286 70800 61616 76150 4347 65548 31456 46075 29119 10320 20613 
86844 10057 31611 33399 49049 12233 37254 99413 44552 51537 55846 87205 39759 43846 
42603 48778 82560 63900 77161 35880 38185 64312 97496 30686 68658 79395 62141 31084 
24865 88812 51696 11708 98869 99659 61458 64269 28243 15064 63681 89146 66600 35878 
76350 22710 79723 35305 71488 62282 99204 65000 98162 53740 29311 12009 84425 14320 
91403 46565 61755 32619 35377 29803 44326 50597 45813 5784 14865 74055 20847 94897 
63201 87446 30774 55902 10155 10496 91206 97994 89130 6761 79345 3643 60500 8655 
15651 44924 39326 23405 7841 17433 56023 43217 47235 16700 93813 93047 22483 25029 
83453 59681 19925 63005 63478 67050 18907 89985 77545 26464 87978 83026 33225 67323 
86668 10076 92329 18670 55000 48007 58426 79192 65439 30800 22408 29025 47500 32572 
38423 86334 73952 21875 46015 93876 1232 25844 77277 36490 15828 71173 62953 20158 
54199 12529 3832 57218 22605 12512 75888 93956 60518 50665 73147 42308 81465 11906 
71332 28964 44477 26106 31649 34780 64333 77663 45007 65564 19859 22283 2053 35686 
93455 81357 55843 47653 93886 76026 4871 16490 88538 97110 26797 65407 47774 99943 
7715 45590 11848 95398 74553 72676 21504 22554 7455 85836 216 52461 67751 36426 
91095 69803 72112 84549 51159 44306 48554 61396 20332 69776 94237 25221 83237 21033 
90627 31010 20975 14693 76600 49174 26443 67504 21849 64298 90057 45655 66485 6625 
14467 34235 43050 5561 20389 31513 6462 71547 92171 71367 49295 28854 41142 43531 
54074 40730 80916 61052 88091 18242 75745 81042 67416 2187 64898 5616 82836 54954 
51271 49320 77930 82089 83554 37332 4002 3942 85196 26815 91840 77366 98181 41134 
6219 55674 1017 60292 96403 81932 37696 845 173 29792 81887 67588 31978 46784 
89556 14813 18089 57178 80484 96019 39266 64037 49702 59619 67978 34897 86433 76169 
28615 965 17303 34833 56638 34671 11477 69392 16602 49172 70237 33126 78963 52123 
17066 27292 98906 6621 58456 33346 63798 38939 45716 19415 19327 95417 79034 3656 
46666 81818 79824 75280 82783 13478 26464 55772 48148 37940 25164 81101 3463 95400 
14227 98777 63874 47644 42420 79131 70616 875 12476 50765 56165 58192 70179 75491 
