499 16 1
24426 31087 55298 8813 80912 33872 20014 85619 84821 40895 43693 35028 80646 12770 36428 79274 
93713 5167 64500 8535 67857 76431 13679 23323 21502 15995 90094 96349 37493 20662 88541 78270 
51748 60191 87082 49011 94062 23447 50981 78882 64342 94673 30261 61339 23794 66689 40612 17506 
88207 21464 26041 72415 97894 56071 95738 35747 88417 2183 32095 42261 22844 36988 20530 90943 
97178 23963 56305 91239 47409 7285 86472 28102 18309 16732 5792 42103 99772 46404 75960 4331 
84219 2000 76745 98464 74422 72482 34210 79190 74665 82657 21450 13860 19644 41979 21155 16821 
65941 77459 24411 29702 1096 10882 57803 19404 43965 63595 77858 60089 26350 53818 64419 10568 
72169 41163 9031 46591 29997 59592 25780 21013 42248 63582 34872 78243 5560 72378 11415 87853 
49837 35825 17554 67284 63058 75356 3039 7023 55302 80897 67111 98003 34714 31529 24922 6882 
89043 33952 69824 19039 9896 11956 56403 68495 75537 7627 46738 81096 80004 58152 85300 46192 
10329 2853 13475 73386 94561 16514 96760 49862 97410 63870 47865 48475 11750 72786 55356 17145 
23090 41532 52535 32985 53487 8938 17831 45375 16564 64568 42822 96567 39072 28122 42759 49400 
30974 72585 22785 25534 89098 19545 75396 2859 99766 39612 51333 27868 28749 6689 61364 51838 
48220 13898 1174 18058 39187 35357 63432 55750 99924 6253 68669 38995 34374 27779 4746 65348 
363 27531 7233 89461 63427 98980 92319 79544 38591 43652 7411 83692 66692 85126 35529 31263 
99024 53055 49320 38210 88411 12751 10312 4686 35355 78980 60033 69729 23110 64778 51428 23472 
8660 75012 12932 72086 73992 21603 51630 12582 65254 75392 96273 48297 76870 48154 79559 75893 
17560 28878 30454 22322 57980 57117 43359 93334 52448 3391 79414 75557 68169 47193 99029 93180 
22205 28312 65266 96196 49914 33247 25129 31519 24990 37754 79815 1859 2259 75725 94103 36170 
4602 24557 74843 78933 98025 18201 88619 50473 21592 68032 42381 6112 31577 57761 99291 53781 
86073 80908 66328 52338 14154 7808 209 55496 45561 96375 57354 64171 72100 51457 340 93053 
92365 75182 71986 90389 9735 60604 57213 31326 44987 99594 53789 76563 73706 69431 46695 59778 
66691 29374 28468 97196 37182 28676 52691 99094 25050 10045 79617 13501 61501 79956 6554 53865 
71490 94891 60605 81224 71846 17818 28901 16832 33763 99041 9747 7468 84823 72793 83598 51513 
18519 12065 48709 55700 40740 1399 71145 82141 27795 50761 95642 89295 47069 18547 59511 18558 
13437 20116 16133 1634 54285 45033 18465 4399 44073 44563 28218 28895 33708 11815 96760 52226 
23879 45468 24277 80970 63218 95421 79463 91013 62534 91456 96659 9602 26354 56170 44511 56142 
92637 60643 57775 63273 22027 92591 67671 66099 37154 95888 11345 87213 24055 8104 39438 64285 
69923 80066 45255 33141 91838 41069 40505 54371 48876 37163 80324 75229 93332 24834 31370 2320 
1828 89144 65592 23854 81734 49614 6304 35239 61854 17649 22451 85908 42104 78240 50192 12027 
58305 11798 61519 50143 52866 2023 20865 1741 39185 1189 93321 48869 42374 24690 67540 44202 
13833 49484 84407 11919 99097 90711 47157 60950 24711 69608 63209 83166 64199 13401 11544 22504 
41550 73062 72646 10768 91436 93510 12508 46973 11050 22181 12193 53424 46870 79732 13977 77055 
29215 14735 88973 44664 21797 36129 21965 46507 22088 85174 29673 86287 14926 57568 8790 56475 
30630 97787 67242 38417 7648 96102 85389 18698 18282 13933 88473 65151 93665 18801 58557 39231 
33535 47529 246 55332 83658 22211 18190 22097 23736 64214 24735 38661 21782 49876 11487 68763 
47662 78729 7179 71662 91182 8920 90359 9463 22852 95183 90965 32868 13983 49522 88451 47517 
13402 88696 2848 13411 27258 37390 35508 50993 1603 60242 6005 23384 10118 17492 92146 74131 
12572 15677 45792 3753 24596 52502 29567 63799 47684 20531 96667 61666 86404 85117 9183 99806 
90164 28382 29568 17422 65771 65075 84766 83726 41669 90771 7109 68138 8262 15607 42268 20833 
31283 4412 40937 55878 56913 70503 19676 4597 7385 32694 66262 93789 34162 91796 9946 24326 
36530 39513 58099 18652 20940 42864 2377 62608 49986 9486 47097 74599 41444 89364 11783 72726 
93775 52719 44955 67040 23221 80982 71636 30606 13676 54249 40746 64189 46045 67043 4866 98926 
22907 62964 17577 43846 22180 19954 22805 88517 45791 69901 63116 87234 75617 74898 76311 85743 
27617 21265 52782 50837 2246 24417 97794 32273 95018 38539 96462 57414 5581 17679 56339 28488 
80643 73915 88685 19174 10220 27842 7690 56010 97742 87157 59595 89710 62055 35905 75453 6023 
73521 28234 56859 92119 69003 71005 24391 64020 9543 37204 21433 31476 54883 77771 76315 51877 
68037 64999 87402 78257 92840 11443 50618 6934 98600 10213 96643 60654 62469 72095 66676 35990 
16681 39886 28108 85683 27242 68850 49702 36785 6054 71134 84612 77288 65256 60926 45516 33292 
42276 32917 11548 51468 44359 62166 58401 42958 88730 71395 19963 67550 59842 2990 3539 76522 
59228 47998 62204 86469 16848 11905 39605 39253 99390 24216 32892 64645 85141 78407 14288 43769 
11323 42188 95236 72033 4353 69988 31343 9434 41382 51305 76983 17575 70647 96874 94096 46226 
44871 56299 32694 78070 84555 72299 33674 296 12866 66565 81292 14359 61323 95580 58127 88997 
37767 69714 61030 58471 39701 92372 84256 97434 60028 77590 15009 47026 74463 9104 93251 35686 
81755 42297 30107 82661 30947 63781 99309 43812 46697 80600 58170 8020 92531 32648 97016 46649 
18713 58045 21471 58413 66768 5726 72199 43148 83316 3559 90173 74130 12662 83424 9815 10768 
25720 39922 9781 56666 3702 9089 16829 66750 89688 91351 74769 98571 40350 71785 45219 59063 
46181 83042 33827 12949 88767 6025 56096 88434 9583 62620 62564 38597 46043 72378 65716 88114 
28651 75496 61131 48704 84584 77960 15454 90624 85662 90222 5546 26011 78358 50764 85073 24539 
33805 18900 53839 38924 41276 26286 27357 50859 88905 89920 5807 51300 78650 71522 39413 23652 
47018 16896 72356 47953 94855 87809 54928 80516 94382 60473 22878 89092 27589 7951 13630 77745 
43202 83820 16668 84477 26457 60377 51687 15361 66648 57493 83012 61649 45367 22425 85301 8736 
55672 57656 56688 50526 61816 11616 47393 56197 88440 70270 45288 16028 94572 75269 93773 37773 
75440 26792 38602 1896 87168 90288 33609 70168 64133 16620 31816 9499 55396 33468 34586 11067 
91123 91273 77944 52938 19240 41688 25487 7680 28310 87126 23707 22881 78747 33831 77006 70538 
60623 31959 72434 64142 22246 22394 50661 2730 55365 98829 28580 27113 32296 63165 38179 23419 
70790 32475 92708 90029 74162 34546 14060 18823 38024 37767 41704 16770 87949 35061 87307 64923 
67019 76092 29065 5616 14837 96077 24698 70202 94905 53277 97314 27201 32794 51844 66971 3583 
670 59678 9963 91184 10576 24023 10006 48599 78141 68061 65368 66089 3121 69026 31012 70139 
61470 76428 92107 76306 72504 16804 62859 67409 70080 76524 94609 19225 44720 61579 22807 45389 
37608 32770 52924 48183 73144 62930 96781 51284 30990 78500 17372 50463 63878 48383 20601 41699 
24810 29059 34356 97314 45862 97215 81074 32294 90090 75682 51518 51161 53612 90677 12902 91219 
39798 65825 55754 12941 28754 68886 64224 76096 63738 81595 26558 27615 46330 63510 85665 71139 
92569 20020 84804 54782 33586 65877 87075 23676 57910 38593 74836 11521 45621 87737 19092 85418 
53562 74845 98358 98667 60082 62581 91114 23819 60527 34023 67785 6856 13885 53449 94347 22805 
73469 79150 77586 7054 61379 81013 47081 19288 35957 21917 47161 81577 26005 66252 66994 95918 
57448 65351 10937 33881 44283 2050 57700 4809 52425 25484 28017 66309 95285 22363 5465 68753 
17864 83050 92158 79242 64062 39239 14882 18 77507 62042 81594 3511 44645 64939 15781 18444 
30289 26717 52324 74571 45118 10023 95732 97542 51859 23748 80202 47143 62462 85666 32247 96677 
85068 24404 92271 65481 79994 7152 81851 57500 85545 79796 61011 30189 44735 76791 64984 91375 
19859 17307 82298 64976 43682 78029 78870 95540 18128 75423 59034 80589 77441 91280 77265 62508 
32035 69535 44340 12029 93038 42542 69528 78582 22338 46890 25122 83424 40032 90105 74798 59890 
23764 73447 41218 67445 51475 20087 79336 69602 95509 38369 66542 89301 46000 43807 51808 94386 
29693 12500 22766 22731 55041 92294 17664 93730 55535 42786 77153 11919 49242 68303 88160 73005 
41749 29377 40449 9576 65815 19784 95529 77676 74504 62071 66976 36855 22229 35136 31241 51921 
47635 54006 91003 19027 62651 8667 12757 34538 51452 6261 46456 17045 90915 50967 90050 49016 
96696 46850 58591 78862 82986 54119 56537 57489 32541 39865 10696 54769 91352 41936 6690 55338 
12293 97692 74364 91296 22710 3472 25833 74161 9733 88640 7558 647 55958 97607 49662 52653 
44456 24604 31515 43793 95075 4403 1282 27615 60619 28329 82384 51970 86616 5425 7307 98908 
19468 81671 90203 42178 85142 32387 32690 11226 37378 40247 28225 93336 54205 94238 62340 15013 
18842 93854 58805 30268 14609 60086 57882 75227 4766 56617 27197 91381 62041 50855 90289 97861 
48877 96843 40038 50371 45582 89079 61596 82959 29326 6172 92646 83530 410 54986 98542 19251 
65191 73699 49518 79799 50136 23751 55026 54902 80368 98574 46282 58760 65780 52922 56620 14657 
49765 13009 81379 11698 2088 59326 94656 47765 65498 3654 47646 65907 58639 62540 1509 23829 
36238 67378 3628 86373 91128 75005 41274 87847 89930 3908 62959 55709 56829 35930 86717 22945 
48939 84447 34642 67378 43773 29298 15142 9270 49303 79139 75176 7941 41678 76684 31769 94267 
44061 51748 96992 51540 43104 38265 39387 33033 42172 18697 5094 15353 54626 8162 38297 3564 
92609 72939 87293 52733 18588 18786 62002 67890 97925 53529 75830 55954 30212 23950 50221 90624 
92050 47212 42163 35153 1828 97901 84538 60352 16597 5983 75704 71223 30496 30352 91138 23104 
3290 78431 92188 21877 13568 54189 6118 11492 7717 98299 83798 54280 22249 34018 44903 30650 
97581 3418 65802 15760 17670 66691 92463 50619 72673 68166 21841 3169 14870 29330 42624 18159 
24112 34812 56388 37680 5352 62505 65523 13069 60804 49320 83700 99404 99689 28603 30053 97269 
48372 12206 29381 66041 78897 21843 16659 67921 6361 54851 87441 21230 533 46417 39388 24644 
81228 12127 78675 2931 74632 44198 32351 51787 93517 16051 51190 9558 44653 97594 6826 9376 
9799 52558 75416 5047 74401 8427 72968 97113 79629 60408 18342 80161 6824 74081 21157 4403 
86208 16183 23686 77191 60380 56036 28977 70249 72086 96518 79806 33090 94111 2983 42465 20261 
71893 34233 25308 46293 59011 14627 43405 38639 91386 78098 35152 14562 52178 72660 35316 54737 
88842 59001 31927 65574 15037 77255 52174 3474 90124 48331 36564 84234 51313 95380 20847 39557 
45964 62506 85849 4974 93484 45605 59965 84869 40054 95116 15782 92232 84127 51098 63320 89320 
26450 11599 54893 41486 88853 23418 44960 78977 71748 97875 79562 39413 93254 16760 78969 39218 
79265 81170 60543 72748 43126 20507 73969 83180 31974 89750 91763 16100 57199 55082 5420 83649 
66680 76664 41486 71885 82 2797 50861 71829 671 46774 27593 10277 63534 6562 65846 59150 
87731 26388 31898 30856 63247 22218 30387 95220 28319 22149 27672 85518 77231 49443 69166 60262 
42458 27003 32146 42539 29800 99358 30720 46822 62484 58312 57098 26017 81225 39295 85166 68955 
82035 33415 16163 45281 55632 46549 56852 83951 85050 84523 85820 78632 50317 71337 38893 92775 
98339 87391 51665 28138 3100 98736 74960 65583 57048 48409 7951 54624 87704 93117 23579 86090 
42883 56093 31370 98515 18993 88221 98817 4042 89096 988 82673 55764 72324 37918 48538 70662 
41660 16555 15152 44759 15290 6463 26694 88689 71223 34644 43313 75278 44112 83243 61367 86995 
39335 9088 1861 74679 97309 17029 78721 2756 18016 77745 58519 90339 15662 23409 77352 57321 
56315 8855 18432 71604 31669 45125 76645 2892 79768 19957 94521 23880 3199 55888 27226 58885 
64975 29086 33563 78635 46114 28635 97742 80481 6380 72613 70819 22041 12373 64522 95714 68687 
89729 14145 56642 21397 59269 33286 40640 55388 53242 35161 79267 72792 7400 22844 48028 88726 
51929 81591 83713 14394 26577 81454 94874 32956 70418 82044 71349 82790 46566 67062 67828 36294 
97558 24470 74042 56826 74107 14682 28565 43701 66194 7832 32844 73593 30675 80872 78670 98956 
62462 62382 13349 5390 60188 24575 38346 30605 6618 26046 29747 69535 9459 97574 22180 7016 
38395 96222 80193 28854 27255 8757 72554 93448 32940 5397 83392 79967 86268 78413 95274 65081 
40795 24974 70471 17334 49548 25168 64290 56166 51213 94036 42052 77023 7962 64232 84038 62708 
60453 80582 91561 4059 5690 64114 97506 54982 85863 97249 34948 88482 75661 46573 69915 32807 
71546 56737 50140 21094 81904 14430 93611 49468 24817 35662 26490 32778 16245 26879 95486 76697 
23812 87046 97107 45853 67512 10964 834 69726 8212 52133 58207 225 98705 28121 33031 70251 
84857 99523 7696 83112 30304 1306 48931 55120 53319 75420 4250 69564 18650 99735 62612 58813 
3132 59719 4666 86995 70682 21851 56720 95246 73984 14927 95470 72688 59399 28500 59290 60608 
44374 66985 43719 74677 84642 92650 46149 37961 84421 50398 7524 19423 50132 70135 94587 69615 
46205 99252 56610 16887 21103 13329 12132 11438 44607 7601 477 20358 52452 59767 80965 96826 
43103 41035 87854 44097 50036 34002 82057 50809 84399 5932 70231 50882 76066 64817 20497 38623 
80421 77106 55509 17875 90434 83992 29312 51393 7944 29788 71750 60395 5906 52714 73572 65361 
93748 77778 9457 43784 11779 91513 94592 12530 13796 81174 63411 6213 62342 83907 44835 59114 
61012 343 76988 67798 686 22651 19190 8629 52439 90939 69024 74696 43652 58947 40056 53751 
36724 65864 13886 64855 73728 24829 77384 87523 22354 40794 93736 84696 24701 38570 43809 2064 
55265 37149 69861 55950 59799 89050 64579 28589 96340 49954 3285 56343 25252 59692 10094 61976 
41908 40331 26830 15635 65160 20565 3158 87513 61358 13245 88560 2410 68166 48721 4474 23430 
85869 90686 95732 62019 96088 76662 90608 92427 42967 10244 48770 68218 86287 75215 46545 28194 
15545 89726 43829 97056 10290 63338 921 88000 92934 89480 90409 61099 54552 11234 84529 56772 
1920 96612 18791 14359 73273 9398 6785 32591 19641 55554 808 22279 47120 63705 50473 62665 
53430 10653 59720 80072 90342 60640 68071 83275 66472 74831 44373 21023 86065 45253 77795 4336 
41864 12937 18694 31488 22334 41830 64078 58326 13736 81238 80604 60855 44942 47428 23519 14723 
58080 99591 94794 48421 60230 79216 31695 43053 54047 76068 80428 56463 37672 74574 60798 79536 
87510 95843 11023 26195 37672 91453 84520 51407 89042 81475 28614 33983 28903 52132 65057 3334 
51722 59851 51755 28304 39066 99801 87708 9464 92220 68135 65926 29892 59060 26723 9427 46569 
38917 36801 89115 92941 44605 89986 60699 33646 71461 89312 83980 16715 41444 49037 20048 9517 
8887 88154 54172 64304 87955 41880 73768 96526 26366 39693 26417 85426 82768 52195 48346 38036 
5348 53813 30976 66304 43798 91675 99950 31610 80986 83929 48324 38781 32965 84724 64650 58203 
72877 35173 38859 77183 77052 12626 73709 19770 68670 16477 21547 67789 85024 86244 5825 90371 
40056 53152 56674 83854 44826 72975 15463 42164 56904 80139 97296 6220 64862 78297 80775 37738 
13470 19633 14921 90521 48610 4981 26642 33631 21457 48188 1420 6480 50784 23596 13202 90839 
76747 86228 91044 37925 59202 22859 96440 32457 2997 10087 38677 84210 88384 35803 21947 1853 
55435 53219 8725 20396 74551 35367 70378 96008 99906 88149 18839 50689 11744 32041 57880 4843 
34620 65275 59119 93821 88133 71910 26278 7481 81996 81306 91690 70379 17108 29989 72231 88894 
99559 97308 25641 74110 32674 96018 86469 48931 84167 5307 15972 95910 53699 90203 17104 88318 
55477 92574 98491 59962 64483 24768 83794 46479 22425 91836 16857 39532 21824 5440 44777 37734 
2747 70417 28195 51772 66434 14663 17054 50600 36322 33025 62862 6372 23227 79965 11042 78704 
72539 9532 55017 53373 50651 38810 99851 73075 30645 33060 28958 68820 38499 73734 6554 57597 
44150 34748 25720 26935 65763 42773 77535 2084 75798 56748 24807 15376 53064 35848 10431 25602 
61731 65447 95327 12381 4257 95177 1807 51253 28236 47116 20073 83086 20849 42978 57034 81350 
94077 82753 24637 76191 41878 2171 94626 17675 75270 19433 49402 28333 55280 59833 70287 17011 
25279 65613 45743 45887 60789 47550 97140 5377 11017 33564 4814 31866 92893 61848 29567 3321 
60952 70555 79512 2829 72725 74137 36855 64346 93569 86257 92679 65201 62441 62965 82211 87719 
28577 44305 33606 5717 8206 47097 11093 19223 97012 15907 67440 89904 94106 97006 93224 55057 
67561 89087 57886 56637 63224 11092 37335 73144 13700 30013 38344 76140 92977 36906 63859 21553 
97563 13816 27269 5768 77264 54714 24990 74275 70620 92429 80530 64725 5787 73753 36133 89699 
62840 10370 62687 42415 21462 21 31910 35161 30033 70254 11301 39361 23511 91511 60913 21073 
21678 4534 43193 98941 59247 68182 89567 46218 76963 70096 27294 82749 60200 79778 88799 39391 
90148 67837 98157 27961 84210 30067 79473 14242 16672 7125 69955 40182 98635 47219 77607 36664 
51752 20799 51956 27350 5332 41522 89919 82294 27969 17212 81394 4521 96990 86544 43911 3489 
54381 42068 31449 38590 72134 10921 69183 5157 18046 39137 45338 33032 86356 39296 69696 54459 
60094 38003 98161 81778 95877 88079 64071 23845 21643 61817 28365 34984 48360 88628 38472 2740 
30695 86272 57681 19180 97192 26864 24336 31589 82352 86025 64621 68707 41673 50668 39518 1766 
88670 37678 99895 84546 25756 63966 24743 63750 25782 69459 98733 74141 58086 37204 93233 5132 
23475 50913 40663 37019 94128 81350 68607 76480 67375 49579 61538 9047 246 1055 27164 5268 
55084 27059 6165 80840 7376 30907 44589 49509 16718 59674 23649 74803 13229 33233 96287 36704 
498 36949 90074 94625 18299 75032 71104 2025 24611 32642 27423 41208 50048 70938 46475 5132 
14348 68992 2323 21723 99898 63263 71231 16615 22936 11232 7770 36165 60816 20408 89220 61313 
57356 79293 55938 92006 70676 43393 10382 95286 92386 37804 52846 42434 25094 99320 63917 39441 
68311 66239 61164 84561 45853 48746 17527 68789 59977 41648 21305 20793 62055 10524 82105 35763 
6168 54394 44120 76843 97787 54502 88481 90172 8657 41326 32605 33750 56997 12873 73191 41660 
79111 34354 26220 24964 99451 60098 10104 59428 1746 31408 96572 63800 41931 95028 15914 64450 
49422 60034 41292 63560 14535 29772 53731 39543 87449 2688 73293 44446 15560 62835 86105 11023 
13540 12324 52338 12990 88773 62441 88769 90518 10200 85340 70670 68482 96720 2935 32931 62493 
62968 90574 26052 93854 36698 79782 33397 24146 98821 23041 68591 14381 85875 54695 41755 99414 
83370 94092 12403 72143 72884 17524 79012 83083 2863 66033 67916 15934 68968 846 78426 31935 
91419 4477 42141 28116 611 75537 52262 99431 98577 37204 30163 803 91899 88269 216 91620 
82360 28970 80114 71595 46493 59126 71029 65708 25158 38944 97993 94125 56141 76419 42412 47560 
97247 84552 92027 14209 76440 60640 29992 91368 97844 76506 92170 6094 64775 8737 97713 63486 
54058 77827 35081 16903 53304 22461 82610 78461 61405 80602 88938 17545 73372 47701 81456 86971 
48604 73483 1179 25043 50474 31170 16410 48317 7676 24931 70762 88802 50019 84827 52287 4076 
62653 87367 20978 15956 9828 19939 10768 87584 16893 16057 5128 90264 80109 2936 77234 28712 
76418 94765 53754 43243 42286 86515 91560 66313 11445 78673 55114 61463 63499 7401 81891 26151 
11119 19220 58458 20946 39159 85578 24881 56051 17986 46361 62666 98095 49296 56252 26806 42065 
51016 96912 85307 93301 83426 93218 75966 11223 71891 31079 89037 35389 38479 70927 77892 49598 
6499 52701 86895 45657 54630 11776 18059 72616 58136 80724 87062 23783 36975 30219 65847 4342 
27130 51153 13995 26908 44371 89960 38130 16261 21038 43518 68001 75869 30797 45892 41818 37295 
98593 28712 82951 69574 56839 17361 42189 31326 98084 45602 55108 51411 75821 20954 72104 2950 
72107 86098 29857 32829 92409 84338 65441 29799 44208 33441 5667 75004 79333 47484 28650 94277 
92547 27952 80202 65738 45312 22391 13415 59747 67992 68523 11157 60164 5828 99613 63114 94286 
85710 9322 27114 78119 10012 92554 7917 54219 42347 29935 45574 38031 93770 74223 32307 2668 
2174 28860 68405 63837 51250 98172 23583 35594 66694 51092 95757 88873 50704 75222 83159 52765 
84544 26624 47235 10907 35530 71503 81477 77876 1437 27050 15906 11558 17624 64564 14226 36149 
93423 98982 99985 61025 97153 39919 12970 80198 91010 25078 69071 58065 300 68581 10830 1195 
95204 58064 12101 47085 29567 9929 41312 47355 36978 73569 58913 70953 54484 73138 7101 64259 
72119 23437 25283 85624 63355 54604 65821 70717 79681 34891 45133 79980 19823 55962 97526 31379 
14026 9626 78463 59944 35906 19775 7298 72883 9695 66210 43835 64179 55699 67287 28437 27818 
90723 70071 29793 70430 24674 95613 57498 4354 46856 2630 686 66678 58592 98211 98056 88969 
24189 76519 65264 60094 12645 72561 49329 38691 55123 9515 2869 10821 76802 31305 54990 83876 
17727 84782 70657 42400 80395 28154 46754 27250 47136 63791 93927 22079 62001 91983 27399 2541 
84853 92662 62635 13849 81574 11963 52539 36696 21477 55408 47517 14630 3064 2506 14858 20791 
87288 85514 79542 84034 30020 42647 27635 77155 6437 21561 15585 84790 29895 42983 87330 31099 
51996 49964 44947 33569 78278 13838 70265 16107 85597 34133 47088 5012 36638 61945 42154 40277 
47459 21696 40662 77478 64342 68296 70984 70779 89857 2920 71920 36103 45902 59249 67202 14249 
25565 28500 47817 20194 42337 34433 36300 44285 68565 83388 49297 21555 61684 91450 61831 9142 
13145 2493 2971 93839 70788 90306 80969 76996 93225 52888 13099 55478 28488 96652 69726 54052 
41503 33895 74246 192 68327 26897 44476 36892 26636 10124 58446 88320 1574 36628 13813 31070 
39120 16784 24908 26260 23441 22228 19607 16666 75115 49057 72143 3603 45708 58221 74006 87211 
92115 64603 3754 60441 7852 48229 13684 50839 58353 88481 55510 76278 25109 69323 7347 80580 
2458 48607 6839 25898 70834 42798 58915 62301 91854 31058 82255 37562 89278 72612 41124 97744 
37215 44877 58184 61418 9457 88220 12256 84161 76700 67766 60438 1808 53440 84137 82388 55897 
49095 5578 98146 19928 48375 57061 98580 56581 4470 97186 94142 10099 69798 51617 7842 23364 
12845 82377 84781 22301 70596 97036 22814 47296 81153 83251 65455 34592 83739 64194 6840 32833 
69772 4986 69113 34498 62046 67692 91078 66515 81230 1571 76613 51027 69539 806 74390 82383 
83182 75522 21036 53778 72557 43849 17425 70062 43451 82879 4653 27190 47073 11493 60022 33196 
16478 29134 84045 94875 13178 91475 77741 94407 9397 70705 45433 78936 71510 36174 61318 54691 
11695 98705 24820 603 42553 58596 70664 2356 57827 91669 29545 21251 3161 5918 54446 35990 
35052 54842 47216 48229 62668 24956 58987 72065 95660 20771 51000 83521 56944 28669 54563 84990 
43726 79383 85592 86278 37978 72608 4985 12156 64276 34529 33406 83788 40447 87851 36129 91850 
59045 83344 56430 21712 24651 15416 10128 36662 36186 77479 20182 93129 6148 74744 94470 49873 
70478 96413 52502 24808 69020 57487 36963 49647 8367 70369 49786 65165 74571 85914 57014 49967 
69257 13443 71679 93907 45210 98158 30568 81395 75637 67101 90875 81784 41845 85344 48008 12322 
98109 16861 53481 83480 90699 90444 33127 15418 60812 82912 80582 51734 68826 53948 1701 54434 
83742 89731 64693 28952 87888 95260 26698 63524 62361 33925 61659 20557 35620 26018 49230 33728 
42879 2711 17208 49929 93154 50334 65346 70317 49597 62280 22050 34774 16227 40102 89208 16320 
29832 53900 61623 17720 65511 88321 81243 44223 22245 59254 64779 57864 85271 14009 7944 44501 
33071 25151 94430 42576 91836 59775 12892 57784 38406 51293 92558 54632 91395 98117 87304 37578 
68368 48926 55297 50230 37246 52892 94453 75842 12145 75583 50058 13767 89591 58001 58268 39013 
99503 69049 81588 7690 45175 10831 65473 83581 78476 74382 54564 86222 72498 41867 23799 57217 
90793 79096 7447 44390 48339 1899 36584 76835 77481 2993 90601 83424 77345 65220 22436 76847 
34268 20376 84536 79443 31206 66360 63023 9681 40742 17586 95902 29591 75805 36053 86808 82949 
15148 94254 43690 79838 12504 80273 56672 89984 83265 63624 89759 60609 28844 12195 53807 63111 
32570 54694 42553 80127 37406 21927 89808 78147 55865 2061 7737 31669 38113 10896 14617 69612 
5149 58306 49449 17652 54931 22472 23988 54547 86096 13746 31508 14939 42292 1666 78049 74861 
56360 36954 54988 93765 58880 61147 88263 14744 79559 12351 62764 17672 23247 93732 3635 44747 
68390 69436 62399 23320 91907 2738 94218 94354 16483 25725 9292 58775 27391 3693 49987 102 
56998 21326 10218 15877 82472 98480 46973 78383 10830 26088 96054 50428 19820 16040 95175 88209 
85475 73925 27880 93734 76662 22097 88087 9496 64174 13731 68270 7916 33775 18257 8017 90772 
55934 18234 23000 54758 33065 69972 33140 60246 96060 45545 10674 32231 61584 5848 20439 63411 
79772 48318 57144 72785 86766 61582 82280 67291 91664 66902 75206 25438 1510 99574 16209 57443 
34159 39209 12200 67223 25532 45339 27469 37943 90883 38142 70173 52467 60341 90611 32229 56464 
55280 89372 29248 58398 67305 27879 25688 58969 94780 894 84406 96289 467 16967 53732 50978 
56175 82283 18200 81706 27622 45668 19649 34856 161 6173 3674 60501 13136 35902 33316 68415 
41625 62563 43164 8930 6794 68852 84250 1573 86097 85007 14214 2915 1973 84297 53892 58147 
66579 88444 56205 10552 50463 92205 45408 50624 98377 49081 27476 11512 1335 60792 96279 42959 
39706 55794 68240 46499 40997 52489 64424 43445 37496 78637 46360 39468 62933 16603 13967 45863 
21398 70171 56415 71861 78727 1822 22484 77103 67254 66311 4967 68588 43454 17597 27899 99512 
89742 96138 62362 30739 48627 26785 74183 2474 21773 36894 41941 84705 69849 72259 46920 91246 
42429 3334 63106 37507 21507 1941 30962 5112 84604 52280 73700 28057 69876 17950 27568 75969 
14087 89930 6707 79065 33066 97242 81538 54839 34135 39831 55895 3983 12089 2814 11581 70870 
6147 74686 8376 44005 92979 39337 49117 77582 91616 39168 5638 77843 57117 49558 53812 71203 
55839 76870 50268 88904 74111 48157 60094 24598 87987 15989 44932 76 18802 56512 87297 41301 
47550 95672 1657 40528 51361 50773 18109 59328 89940 40098 53523 63408 6007 7334 50963 61845 
555 1230 67101 74666 65738 27194 99263 53725 59534 44194 70152 94688 17058 57448 35988 64607 
69471 53996 5134 37183 4769 39594 12863 11060 96043 66385 74468 2050 90070 41782 80246 90624 
59363 47346 81641 25100 90892 80903 78824 50425 41449 65327 61464 58506 39126 13803 39464 24949 
67799 44597 62131 72567 542 74993 99978 96584 57729 90797 14985 47798 32578 95231 38422 91940 
58928 36414 17040 66171 17317 12215 32948 75117 77542 94411 49974 16667 8214 89437 57967 76012 
50385 20098 64930 50926 11442 64907 63861 69171 72056 78846 16968 4633 90428 71741 12925 49355 
8155 29964 31878 41823 58530 64825 33291 36071 59235 83264 69090 83800 89052 27056 59811 39436 
63505 41092 6713 91299 22351 70573 60469 94406 49418 93788 15390 39845 81881 28314 5552 90035 
74629 37429 48209 33159 2253 97851 85581 77839 81114 71022 61639 86517 14430 37801 25952 77934 
95245 32664 69232 17595 19588 46052 12000 69006 56192 43741 25202 38072 72055 47105 44458 46683 
84533 92666 79841 3137 6868 65422 97328 87981 36443 75318 90849 67224 29470 16800 45158 24714 
65815 30741 58660 85402 93145 87011 70759 49336 30752 12313 87407 2806 59417 31864 49488 60302 
40881 45681 79790 47748 27454 77117 52080 63896 68786 42928 31120 98256 76079 92629 39321 58245 
39721 97981 43646 32865 84991 30757 82200 15742 59421 85958 34899 18837 34173 84387 95490 75053 
46419 75280 39152 73872 68748 91231 54119 53886 50510 1590 52141 42940 10570 91461 1184 50291 
89441 61182 99507 90784 91938 81707 22877 51358 84016 57776 86546 18189 58514 98388 93241 4932 
90019 48745 78803 58766 56327 49273 12651 6837 50863 81143 49776 61432 72604 67312 28074 78396 
28493 27581 85531 36782 9287 8408 4491 9654 66183 7388 27842 41048 5775 37435 62331 95793 
86179 41133 70911 42505 6757 99913 65693 57619 81056 31821 35403 70011 99132 63476 64758 43976 
91056 50289 80757 16694 58696 1599 26348 41230 25338 54189 98629 31113 91623 60959 43257 77801 
18443 14167 36658 25199 14080 2350 99170 95135 34170 34572 81497 33301 98047 46254 93628 5455 
96542 90736 22148 71589 92334 48495 29170 17672 19036 27798 65136 10658 88756 8392 4811 23550 
22559 41468 48749 52990 60169 47918 64476 94339 98841 45972 43991 13239 8577 37619 18693 21471 
28354 40841 93059 37040 5687 38581 54711 24722 82730 19846 51732 87838 44589 72894 11387 67147 
30713 76487 36488 90881 24404 963 1571 23244 63286 45562 52835 71863 83180 71527 93333 27885 
28719 2743 64924 34406 41323 19634 75479 40405 55831 43562 28242 16772 16455 39628 83918 47167 
32467 36758 54400 56870 37720 55970 96466 17358 1531 49300 89220 1062 37178 82552 28947 65897 
1646 10222 302 42969 46208 92132 83373 2038 35694 27966 18809 68500 83945 19079 32019 16411 
72188 86418 89633 26259 58739 86098 43616 76622 51749 32835 77683 88926 31738 22981 71174 33384 
33203 87827 92704 79410 79959 92428 97799 32004 20393 32960 503 20689 68390 32521 37100 40577 
35290 26732 66835 94029 29181 10451 87002 97281 59637 64684 2558 91375 4017 73732 41110 53571 
61558 33813 49332 57868 26240 47130 89871 62984 96441 90374 83672 64830 39246 37123 21758 90888 
63854 88593 1268 9386 15395 88269 23018 75031 69304 25576 82757 89672 99307 23866 43242 77216 
74030 92573 35084 269 56055 41306 79604 68847 48031 79628 50029 87277 16750 71786 94516 96956 
76730 95783 6341 92124 84051 29359 83507 69706 71286 82615 59378 86944 6481 2619 64159 96862 
11544 15594 13483 83950 56900 93086 52796 4930 72713 2824 8558 89463 90962 19425 2770 67691 
15207 9110 76167 15609 54820 76025 85315 42457 58639 61044 29400 81471 63662 93559 78333 91557 
25504 91815 75506 98755 1252 44654 20037 73965 63829 28594 79779 54790 48019 82548 22481 79577 
8009 14999 95186 79181 91023 96852 21637 49661 57895 51037 31132 37908 60947 25816 45817 2802 
17630 21322 1557 18881 82327 21593 9197 46156 66538 5327 945 14556 87874 39777 10485 12235 
54775 22022 91415 45797 18873 29403 11810 93119 80439 42941 47378 57737 85108 93194 60539 19089 
30868 62095 37969 13194 83687 63518 59349 66576 68844 76646 97484 73070 32774 7968 85304 87549 
29989 93070 49697 65213 22472 61506 58331 19263 4446 22060 93351 5905 15254 53889 24993 46121 
32335 79314 59314 32373 42831 35015 98949 28026 28012 96432 1095 60785 4399 2750 48333 50739 
12171 98030 15951 50995 75887 90633 70257 96685 12692 79959 2589 27945 33848 27582 90417 82534 
6895 49731 14907 66077 1097 13855 94102 29108 26638 11549 6244 31036 14298 70929 98126 42821 
85310 14076 93815 61196 21060 80423 57880 50103 60381 60469 94400 94228 88050 84816 76762 11296 
50898 8020 77372 51994 21874 71473 97453 64863 83021 3697 95898 13671 74625 10375 56491 59934 
24450 66657 37481 61861 47079 95361 11963 7459 55829 6362 18039 60230 7530 94800 71525 58427 
19171 48896 10421 41044 36720 24225 22258 36093 44273 18155 49763 18897 28529 22605 95182 69330 
89261 32663 47542 52691 28023 59504 60149 203 82218 78187 60432 89747 89338 31956 48173 8508 
97203 74945 65903 33922 15522 88160 70014 59794 22666 36128 95043 67546 58732 90224 53227 64344 
39238 768 17034 83612 76624 93535 166 58841 71721 60597 64939 77411 8904 29463 85918 6106 
20760 68173 40028 36281 56332 10041 96074 95350 46169 91116 62895 21252 97692 32474 1948 53281 
33241 18981 53245 26216 28867 53410 85056 588 14007 66346 77998 22910 95809 80267 45368 16568 
64791 85395 69200 37475 11787 65273 32824 57955 72741 12070 95559 70432 44543 97506 40064 94136 
32838 93308 20351 61705 46718 21759 78644 60724 88104 72993 99985 264 69611 45352 33183 34402 
47098 2382 71876 58885 84007 21051 33191 56747 33120 45101 43530 94015 42606 83593 88150 91796 
76901 24852 69852 39970 46610 48495 17045 51066 37839 33381 67681 7449 95085 17216 41850 42182 
19597 30077 17418 19955 51127 66961 76701 84247 12061 36582 78261 71019 36527 82762 62814 29779 
7613 49017 69748 70575 97511 86792 37992 35349 20172 5672 59149 15256 22887 999 73790 58836 
31075 7559 95142 82202 74519 88195 82800 86580 24776 77412 73950 61302 76525 36763 91080 84137 
85779 77179 71063 99641 63970 9054 51341 494 31078 10489 32101 70316 27839 22242 29151 58914 
29801 24293 57467 4319 12487 56618 7250 53614 34029 81199 14916 10553 34313 22347 11041 36443 
99526 98456 36083 79847 7509 3775 96692 38586 14264 45145 8902 58454 67386 54404 33719 13538 
95048 91185 17857 23886 64154 25106 77500 14534 22657 8767 41438 56969 47465 52479 93412 63342 
67286 45846 43189 74794 49621 56232 29732 80236 1376 54985 38689 85114 25740 72408 98651 37140 
79944 16507 61025 44098 57965 54876 58631 80621 79994 69 37589 27459 68899 47352 90800 36184 
93198 50340 27329 59170 22924 73412 39405 24299 44748 78093 25764 86840 66852 24415 23979 46796 
57273 1355 7245 31589 72583 65875 28561 52576 82295 82502 96386 67545 29853 87186 20080 23050 
53877 63761 82219 76800 53524 37975 17451 14624 32420 43214 1463 99271 83980 41793 62418 57605 
59499 69662 89193 32081 51889 17754 1009 34183 255 97394 18080 46459 84579 38159 85861 54808 
18271 84431 47959 71795 22406 65409 2770 54825 24975 4232 70447 25306 62376 32865 82910 21874 
2526 88455 70307 54414 22560 71315 4949 22814 68708 39380 85624 69639 93890 71484 40798 12161 
55915 88756 307 94672 70517 3076 65848 11843 23659 36294 37148 86034 85510 36410 24259 4388 
24864 10917 75153 47423 82231 80101 86588 67291 35832 72211 36929 29722 60047 77726 41882 32313 
82833 58540 26984 53349 61615 92831 65191 85273 45476 18691 87658 30986 55100 28268 51725 96315 
39185 26877 60089 21415 23330 46676 88705 59161 35238 41985 88882 11636 19710 47115 43948 18895 
22006 87283 72243 83620 80113 53786 85244 41941 72476 89253 89278 43927 17521 41002 40241 56705 
67878 329 94471 7559 63356 99528 66720 14945 41512 71953 42933 77574 19068 86880 96468 41073 
74163 85062 41045 70627 38847 42640 28919 11322 31893 18196 55248 65765 75549 11840 38821 59779 
28520 33291 67337 8227 49170 34056 39524 7034 6009 82456 84607 41428 69335 97426 98852 59849 
82487 56248 30476 21334 98888 59394 49007 47132 93942 20607 12896 69490 32446 68068 29268 77318 
17710 12957 85544 66880 47012 25067 73913 69372 7522 74871 27151 93209 72296 42355 53057 71134 
98602 99884 8819 13841 59278 57826 60972 69571 78432 90219 39060 27229 58286 84680 4546 75996 
97636 6442 59227 60999 31508 33139 46723 55382 24361 90225 64942 96656 32579 34350 84141 31181 
34234 92960 45021 9863 50785 22345 79433 45568 28915 18492 89148 3553 19523 93694 95900 33510 
135 55126 10861 47994 4616 57583 19727 28976 47807 1020 41983 96738 35370 26123 27918 69603 
19082 89290 95817 86218 27986 75249 48137 56901 10092 37285 60453 29615 47330 72704 79476 63816 
27829 90336 11809 48796 47918 47888 77771 12077 48907 19753 8814 84276 62227 53083 70230 81309 
58724 66046 83878 86710 57646 32015 59962 67738 69299 36766 13704 32980 9469 93179 96795 53649 
83515 8603 2444 47784 72842 80214 59860 21749 16318 85025 22376 94896 54459 92606 76204 13183 
75003 76434 99892 32649 8448 76205 386 94098 12970 14089 27077 38790 23619 23871 92438 7133 
48825 94881 71269 38019 91446 47480 59767 24115 32505 82142 19010 86963 91099 11566 16497 66102 
4351 32740 98750 12798 8944 99135 23247 38265 29575 66675 77054 53193 6897 85843 76678 72073 
97075 47946 10091 4872 11777 69857 28986 44281 68351 64348 47596 59449 92265 64092 41902 96615 
96832 40651 25764 22127 56137 65362 60392 2063 48388 53797 71608 55284 39640 48285 27356 53066 
12582 53799 57938 40710 40007 3275 84991 8357 83974 48938 84158 76238 29381 26059 89204 42564 
66710 31319 64691 39198 96680 41434 41261 61419 11582 12868 16702 51221 77504 60410 20639 6437 
14208 78576 47146 54214 81850 48488 78923 65824 13777 63080 58413 43158 5490 47617 85721 88551 
95287 66763 27749 8319 24548 85361 69737 36130 14580 86439 3702 8435 63200 24340 31223 93759 
2915 94720 64324 84765 43208 43246 66940 73336 22677 25352 16493 44519 89320 18566 33069 84607 
85328 77169 92925 9876 78881 79013 62357 93460 81803 66058 18246 45002 90398 49468 38760 93312 
44188 3084 94428 3747 62681 61367 77082 85358 86719 93575 29876 76038 28492 79296 76996 30171 
56465 86272 56398 51697 65285 18754 45157 47087 84812 63402 92089 75209 29222 47200 68520 73409 
66635 62948 93507 29316 40666 70588 31025 27384 80514 77252 19774 9005 56547 96769 39176 29363 
83041 95573 81060 64677 14327 42568 11763 15490 22321 20203 90698 51542 67403 75569 41302 34037 
54868 34808 79704 95534 21748 10728 39269 2261 87979 59042 11266 44526 72163 66793 90240 71555 
78717 87651 36231 9395 30218 64345 24884 52539 84548 31933 20432 68302 7502 78086 18690 78721 
12893 14746 74254 50992 25473 29875 53253 13452 88916 80870 74329 77430 64014 80920 48984 42730 
68571 1566 68477 98788 82263 93360 67678 83162 41645 4462 67815 65498 82547 86504 44218 11791 
1249 34824 62783 43074 64698 16035 72877 69965 13256 63557 47395 77269 44476 12730 36350 13046 
14296 4826 28186 12910 14538 95863 96071 56182 16676 63885 21679 99222 66740 82248 11013 84341 
17071 90147 27414 81768 22533 290 51733 35788 80198 15479 29408 24673 28208 65757 54071 58855 
70583 82256 71764 85120 94470 67834 57653 11146 31718 95683 26719 98458 77930 54083 99150 95001 
44229 26563 93120 66761 43204 61204 18900 23401 76682 48307 64425 4890 30416 18495 63744 17350 
750 51860 18821 95220 19693 76473 22717 67763 72155 49435 82572 66436 3518 81721 77788 64098 
24635 70908 47211 67838 48463 66110 7590 25145 30769 72014 46386 77536 90509 26481 94885 91258 
78340 13705 2829 14385 6529 25545 82147 95035 91332 81070 61470 94849 79142 39258 75298 3776 
26517 22508 71613 74979 88618 79202 16475 35738 67567 62860 13273 58075 5693 8157 65685 84032 
38213 68513 14768 44741 10410 13266 39775 1741 94335 17596 12941 73476 73205 88238 77251 99721 
10746 65215 91052 15715 60768 23878 67804 28335 3090 81076 86409 8782 5584 52093 9165 60148 
36958 23933 21240 63719 37198 61014 81811 47885 94961 94751 37712 68166 99340 31315 84238 26437 
96529 91641 58503 57297 15519 26306 1983 34960 23733 4743 43741 45668 73188 69257 5815 10145 
9541 27054 73863 63091 4419 55673 10975 99380 66775 65038 83897 82466 96352 68134 25255 92881 
59775 83757 66529 75293 26415 84863 10252 50147 89605 70344 95815 62792 55952 17981 89288 65493 
45035 79502 28583 65805 51526 55909 81536 34652 20946 65432 17118 17298 33566 58724 10178 93340 
42480 93058 84984 68894 77920 11587 35393 67524 98282 47559 46668 54233 65539 52307 19725 26925 
31809 64659 92730 99686 20567 74265 34338 41513 56049 67807 75162 89614 26530 1691 99305 69009 
94748 640 54255 89019 12226 89647 56542 26859 37205 19561 81091 19095 71868 17168 46020 20028 
98178 55101 19713 18745 45717 70402 76609 1765 38208 51770 7730 81089 53460 7034 66450 64559 
7673 20704 53577 36250 26702 26470 63108 80258 62383 60551 15704 34250 94070 78075 70629 92247 
33175 6693 27343 95244 77095 20303 13360 31654 72072 37442 12743 41883 44475 95544 22793 68500 
32599 76369 21101 59300 2839 84209 55909 65221 61111 71612 15822 71532 49687 2802 63778 99213 
9494 7473 10808 2940 27775 40520 50946 16199 77961 80040 74433 38787 75583 97226 7286 8181 
73594 28387 83832 92784 28947 39740 74356 6409 27703 90177 77940 93741 9330 58069 92954 18824 
65541 20113 38115 9668 60632 89060 25866 38592 69099 298 77379 44681 13875 1016 69213 87469 
45754 53044 96604 91052 92783 70960 97460 20486 77488 91751 30578 86818 66172 23531 21993 48064 
59996 60107 57731 20627 49167 99948 75571 34617 16598 52949 79298 30472 70316 48510 34292 16070 
1554 30896 23473 10688 18207 37285 47525 95694 29035 78103 82511 95206 17985 20855 43270 77980 
80962 17352 98607 46480 17300 90529 81096 33897 59829 76745 80720 30144 25255 15012 62565 43160 
62259 86038 70199 80465 23322 34076 76158 68708 12178 75021 80266 46514 12227 39887 24494 93188 
57238 39452 39667 90889 29980 20763 41137 89808 97507 21857 36303 39113 53220 98868 98624 15478 
1257 85175 12294 40930 19250 4803 9637 31427 79823 6254 94292 92050 46140 18785 1589 19730 
74588 57608 10618 4567 94722 68107 10726 8580 6315 47029 47693 59534 62248 62668 91363 79856 
47842 3656 20785 67091 8458 46773 14869 4633 69379 9161 13034 15518 44297 30974 51599 18885 
88581 62217 39803 83302 46675 66881 91882 52989 30261 55926 28874 92508 18593 36588 88715 66435 
40243 9499 49877 65052 72623 64746 86036 42001 73906 15421 73871 34554 46395 25469 53438 34975 
4037 93241 34629 50711 60121 26510 20051 90381 82435 48924 99240 17379 85511 87954 165 42105 
13804 50042 23509 2778 14787 9544 44779 5044 41317 35001 39597 87711 60469 9387 39037 64506 
18979 73665 15216 79099 174 51619 85831 98960 542 1422 16339 2405 5727 16503 44509 19530 
66544 68017 38659 97682 93913 99789 19077 35229 34789 75026 39291 95258 84412 78327 59763 3390 
51992 91330 98840 68517 42948 1022 83829 59842 2443 167 62246 24521 33021 23106 60402 15917 
7475 99060 13598 17739 98849 49027 69319 33637 24052 8609 28894 24815 3287 5008 28204 71630 
12690 43395 40147 71989 44416 23975 48182 63210 40493 10427 4082 73513 49885 64483 89429 57359 
63542 19379 75097 62390 68405 44415 12379 92456 53023 57624 33622 72661 78984 61825 44291 91673 
21571 84437 80013 82338 24763 28195 61899 65255 54973 65980 38767 4857 30462 44548 78567 10355 
63926 53663 72745 32330 98077 1475 41137 67451 59098 74758 56464 38081 52934 754 46105 90856 
1542 42470 73193 26304 87016 35091 7910 41988 17422 46676 63197 47883 7575 41763 58237 71500 
11778 47333 20181 26206 48807 77669 93657 24257 52426 66472 78689 21711 67225 41146 12566 68766 
99967 2110 95069 86982 53552 2978 45321 70973 66005 24869 18855 89932 66632 93444 61431 78409 
57128 97964 4614 22287 75632 14622 46543 44410 81093 41583 82472 64669 99080 95038 33434 99046 
13499 44854 86027 67051 64183 47700 54375 30188 72568 73230 20119 55551 83025 97901 50311 40152 
95864 71277 62438 87848 85898 25332 32257 83343 83267 14728 64363 82346 26117 97797 81392 55968 
42650 83770 23018 23185 47821 77392 53372 20389 66973 89842 75939 66349 4094 42602 6501 16310 
13878 85290 4157 16127 26974 36413 99469 10240 67492 80184 8937 9961 77980 90328 65928 36981 
90450 5297 60165 38270 99040 29888 75010 82365 36081 67301 48713 40175 9902 71565 56484 23779 
56855 60640 39905 180 13404 55726 10419 97247 35909 35707 7207 30240 26035 89486 83572 32836 
94782 60089 87457 10174 89976 62467 92538 26057 46119 41250 82583 72372 12815 39066 96150 86021 
16057 52406 86200 45812 24483 12970 43058 76743 48676 66617 23334 91062 56102 6906 40249 67236 
66994 27706 77409 73321 6524 86298 99377 68994 27547 81959 41365 56713 37376 53866 42733 53432 
22623 45284 99243 63458 74605 58653 40200 39633 25269 79886 47046 97722 86791 87295 81309 70136 
31352 75069 43456 54227 61366 59185 23220 88913 57495 80936 45625 11223 34801 4710 64654 73775 
66345 80249 37232 40950 38901 93784 96934 80521 73669 43979 78242 76811 47625 75903 63298 95328 
50971 6753 49554 12337 82289 89125 17601 56136 86412 79577 67358 37564 638 32011 11339 66983 
28611 64922 24284 83863 58705 37569 64383 48725 97899 58977 25535 45524 34879 88832 57203 2201 
11937 23109 30889 10577 12233 48489 66712 98645 44418 34069 52560 45055 82432 63898 28389 11042 
28820 69024 94905 3876 6592 75639 52601 4491 34615 94487 66366 85845 99671 23568 88046 11607 
46676 18934 38535 75261 83775 5247 90257 44544 39315 42816 5950 21746 6714 34339 49140 51885 
3362 44044 55760 26306 36034 24712 30796 70649 35551 97161 72845 35221 37080 60890 63179 108 
96176 1713 75368 96302 6959 65624 57197 62626 8439 63146 84371 31504 13836 49862 99740 17198 
10257 71852 43503 46291 96563 90650 33291 32113 4162 6135 83685 57593 83377 46863 57700 95904 
48576 33067 8557 71886 98690 65753 34511 23481 28898 35234 71336 42734 85095 71076 76283 11704 
59279 36137 57994 72193 43138 91284 20658 47299 13770 4342 4891 97146 67557 62591 9401 16132 
12009 17957 4369 27051 83709 55232 50531 28959 90465 38218 71692 91911 25645 64326 3614 84923 
16814 77959 73468 59951 85594 94125 7249 99364 98466 28491 12861 66022 7433 22262 98505 19442 
40218 19226 46492 40279 74457 13374 69237 64921 67943 57280 73183 93588 37957 93149 94862 54770 
87459 68329 14720 73053 62453 38320 88768 77271 83162 1628 59644 90595 23889 58149 26388 80459 
77374 72879 20737 68182 2604 6325 49454 70546 63604 22636 80485 1560 32136 75347 72681 19595 
60027 87400 92647 22480 25719 81414 16102 8880 99393 75745 15826 39634 50245 42213 20092 43970 
31443 57180 12151 34046 63504 61604 20944 43459 592 1428 61370 32727 93126 50402 68673 53153 
37801 61319 91984 79871 59084 8085 5102 58477 181 20928 98110 50426 79492 34553 10747 10935 
8084 39250 61332 87939 853 82275 31397 17796 55 9118 66875 93180 59519 35547 46332 13671 
13218 38315 93541 72301 62751 14994 47129 62932 52273 61590 29709 31765 12494 56807 59051 20577 
96056 36734 8515 96909 35361 56263 31056 35415 81732 97930 28594 41250 33477 74926 71272 46694 
29592 81164 35346 92343 96158 98827 71626 48430 60416 17686 96546 89262 74492 55596 9838 70548 
92330 18353 83808 27690 74615 14863 79456 56347 29145 8049 13948 78973 99326 1572 25666 45270 
82735 77363 53964 78892 92541 25589 43674 69309 59626 40219 58570 34117 12167 68407 4664 20848 
86759 4823 64889 77726 19686 44344 50424 65182 68744 80723 44154 68070 82294 86171 29691 81381 
63533 83654 60272 72426 25594 20297 41734 85219 76868 303 19335 89034 68709 40351 26233 71820 
45173 91121 65897 81210 35464 16320 46391 20559 13394 90544 88628 95688 76714 34670 77068 56599 
18323 53691 29024 43916 90340 70757 29134 67207 87411 64821 72592 56119 5171 98824 44290 66695 
89944 26538 47905 41759 42857 10647 62317 72603 17543 67297 84642 10608 1966 78061 67206 20289 
31751 12581 80556 38442 99689 26042 5648 3451 90862 94591 75922 96032 93414 20211 79078 99709 
46749 26982 41467 5957 53981 20136 94911 71523 87432 79552 82130 5749 57612 65688 42389 5715 
94620 22945 44156 10661 48986 66156 14111 56199 60746 90032 52230 70512 10243 31307 70220 73343 
74641 11687 95651 28621 48174 90562 16495 35605 70113 98624 57705 27725 80663 94 49791 75283 
39390 93946 85943 4727 76453 53 60925 37199 6437 13154 7710 33031 60812 94281 6373 51804 
5967 18375 96776 54140 8936 13270 6096 95401 28246 80153 39477 8908 80246 89267 542 35987 
99564 2836 40713 76017 19241 1637 29567 25677 31142 53628 58707 8305 47908 81431 60109 70227 
99805 73236 40718 25093 2858 46814 20493 31103 43318 59969 56362 23563 65587 73256 59549 65150 
76091 261 41166 11683 18249 70732 37359 49390 40711 12417 57694 88619 10199 34154 58845 10004 
7390 99562 35096 10247 62727 71940 57701 6044 31908 30414 45958 97494 3669 21858 78995 96112 
38470 20161 24146 56718 7244 61505 6107 47955 90273 80153 36573 472 14306 11769 26827 38047 
27682 61922 64645 6761 50213 38697 12804 82120 69111 75114 95965 89131 96971 74959 1594 51793 
11471 25740 8510 18715 3596 30969 83021 10220 11121 35945 10691 41778 47713 37517 96177 91746 
15790 60821 98506 66002 15870 27662 64473 1332 2775 76789 90462 16097 51748 8408 84241 79570 
34147 92751 14636 54094 23719 97656 64313 51191 33600 91356 9320 97664 45224 5496 89410 77366 
82669 4267 43367 98538 31928 24192 99869 51054 980 6682 83503 69079 15089 67743 65001 65587 
76845 79636 19680 16915 77292 345 84457 27243 91700 93777 24907 36923 99272 30668 14288 98292 
51286 74007 96829 83214 14550 13049 50619 31881 19731 50473 17312 51171 34568 82312 16758 11412 
61947 52789 28327 55590 69485 12783 82833 61184 22911 24091 14459 22183 71110 45098 36826 22395 
19104 50007 21960 50005 63055 88931 81886 99137 39403 99197 66660 73970 97860 99769 1734 59806 
52557 46412 31748 22042 59194 14580 99577 82105 38670 14035 20639 26131 59133 73816 48525 94588 
23822 86837 60945 3229 75767 42830 2365 31521 58378 69024 5491 56237 85144 23576 32394 37701 
69987 64141 76094 45532 95072 92022 43988 50093 22409 80978 76223 97893 54794 41100 92480 78615 
27936 69776 81843 3702 12605 560 35222 87334 85935 57064 59922 71079 96991 8668 25131 66977 
89160 17576 12509 84232 9597 72848 34324 32005 53826 10547 29897 8619 51646 38729 3585 95933 
8504 1780 99634 37461 18691 51207 24794 4625 24623 1068 92055 21613 9735 33537 4942 98894 
51112 17450 83125 77061 90297 33801 9065 60474 60699 55314 85444 28696 10394 89029 24628 35249 
7160 40613 72709 25850 91819 13855 46826 32793 14922 55233 54406 24656 88769 59347 39901 39881 
93148 39378 16941 99796 73178 42357 60270 33876 14022 45713 62571 24415 51093 3550 59664 58252 
