83 86 13
31 2 61 95 54 82 100 61 9 53 29 52 88 6 81 61 40 21 42 14 22 88 24 65 47 63 10 24 97 96 81 28 49 42 74 3 75 26 15 84 30 43 87 17 48 67 30 39 39 71 4 12 10 80 76 56 42 86 31 91 33 11 70 81 52 43 35 27 68 50 62 49 92 48 18 92 67 47 82 57 17 86 69 26 65 96 
33 58 81 63 48 65 73 17 46 25 12 32 3 31 81 16 80 25 63 97 68 81 43 49 38 11 86 58 88 50 53 20 60 86 82 59 50 6 28 47 82 39 79 84 21 11 51 100 87 14 48 54 46 42 55 35 4 40 92 91 42 97 10 1 82 43 11 83 49 38 30 30 28 60 66 49 22 16 100 9 81 100 62 79 41 16 
13 45 8 5 35 49 1 97 1 34 91 11 16 39 49 45 21 28 56 38 76 78 5 28 86 38 27 99 16 19 67 28 63 74 84 50 74 84 98 74 69 88 84 85 79 84 81 51 12 37 88 39 66 44 66 3 81 44 1 96 63 19 24 25 44 7 26 17 43 23 42 63 11 78 47 41 13 80 91 76 68 30 15 33 73 32 
87 54 76 39 1 90 58 24 14 53 83 92 22 77 14 63 39 76 92 38 68 5 17 58 80 84 39 46 68 12 78 54 17 5 92 17 94 1 93 59 54 27 50 27 3 16 89 93 43 33 30 11 37 98 20 68 81 59 14 100 22 91 5 38 47 49 6 40 49 50 50 54 28 100 32 30 67 73 75 61 5 4 23 41 2 43 
60 34 53 73 86 74 15 90 63 61 38 20 100 39 22 50 44 49 1 76 79 19 48 5 79 4 8 54 96 61 48 55 95 100 28 80 25 42 21 39 3 11 58 54 1 79 55 96 28 7 23 58 77 22 62 8 25 21 61 20 82 8 75 28 7 54 59 83 47 31 21 1 41 78 55 93 9 61 89 88 20 11 97 96 85 10 
55 9 30 15 81 63 22 7 90 80 60 100 14 58 31 34 59 23 64 65 16 72 25 56 11 96 18 7 44 2 16 98 63 45 65 43 60 38 1 1 18 12 1 31 69 83 17 27 5 80 91 72 3 68 79 13 63 97 19 58 50 34 56 64 30 72 58 89 9 58 90 78 69 42 9 90 24 77 16 80 56 7 4 58 26 34 
70 40 30 40 98 32 73 5 47 54 76 5 95 84 14 84 62 35 77 22 24 52 98 39 83 53 97 86 62 74 20 83 14 1 22 11 84 46 15 31 99 42 35 93 25 100 28 38 34 4 59 57 7 8 48 90 12 44 75 25 70 46 7 83 99 28 93 82 73 59 64 72 100 50 16 76 50 44 66 83 99 76 40 6 84 87 
95 47 82 21 72 51 67 78 85 65 6 77 98 30 87 62 53 38 63 69 66 12 12 31 95 10 6 86 67 41 24 61 88 5 82 11 8 100 88 92 16 45 21 13 75 59 26 79 97 89 47 62 52 58 92 98 20 49 83 86 90 6 99 29 63 32 39 22 31 78 65 46 75 37 10 1 96 88 79 92 28 26 5 79 35 48 
77 6 96 11 44 37 17 42 17 31 73 55 52 55 85 16 100 59 53 61 59 100 48 37 43 27 62 47 58 97 94 86 2 41 96 45 30 64 38 46 94 10 53 45 16 37 13 15 95 17 28 53 16 27 41 58 54 3 56 11 51 49 96 4 41 43 1 22 7 38 68 100 100 20 45 15 56 9 82 2 25 9 6 40 35 46 
49 40 100 4 50 2 4 97 6 96 40 6 18 46 95 85 45 46 56 41 61 63 49 94 64 25 2 69 16 88 66 64 28 66 19 29 67 22 78 24 70 17 81 87 14 76 23 10 21 78 51 33 40 51 78 55 28 31 23 43 19 40 59 98 5 29 78 24 3 55 47 72 23 80 58 36 55 80 46 27 9 48 12 48 50 89 
2 77 20 76 72 90 15 82 39 72 62 16 47 64 23 45 35 45 24 44 81 30 75 78 9 83 77 20 82 26 60 35 55 31 10 78 72 77 11 10 100 72 78 98 36 100 42 22 44 18 66 76 47 92 5 55 75 81 26 8 7 86 43 13 68 4 90 40 32 52 1 31 23 30 80 10 29 22 32 25 91 49 52 37 40 57 
44 66 37 69 74 95 6 68 59 74 71 100 65 3 51 65 85 74 95 65 35 75 38 66 51 28 14 3 16 6 11 59 23 99 28 48 94 85 15 52 58 86 4 22 40 54 39 76 79 85 92 14 59 29 79 10 8 45 64 24 2 74 34 24 72 13 72 17 98 86 21 7 23 24 81 14 77 19 90 8 3 81 21 13 62 51 
22 21 47 37 44 48 10 30 24 34 42 95 2 91 32 22 98 7 97 78 20 26 48 61 33 2 94 5 14 7 55 88 27 2 24 23 1 86 52 24 71 45 18 24 36 2 46 85 8 94 14 79 19 61 92 3 62 85 7 27 43 14 14 69 15 90 43 67 27 46 91 49 91 60 72 78 61 69 62 20 63 75 51 33 87 42 
88 100 78 94 78 20 59 92 40 25 33 83 92 11 28 82 59 70 93 30 47 6 99 60 25 61 86 75 45 72 68 32 23 45 78 1 64 36 44 4 61 76 38 4 38 65 85 96 35 29 25 33 34 23 93 59 35 78 85 32 2 53 15 24 49 92 24 13 80 67 68 92 94 5 95 31 21 31 78 55 59 3 88 93 77 32 
3 64 9 39 95 10 43 9 34 92 53 9 56 32 28 75 75 73 79 69 4 51 99 81 58 9 35 97 1 12 28 55 27 36 94 21 98 88 81 31 79 85 91 86 68 18 60 42 91 90 10 46 41 60 78 98 69 65 94 21 28 73 28 54 8 21 26 5 60 58 87 39 43 78 76 10 47 36 52 89 25 13 34 17 25 64 
14 93 28 59 65 55 31 92 60 91 64 85 47 24 42 34 14 84 63 89 46 61 24 49 50 1 61 35 17 85 98 83 29 77 41 94 83 24 37 42 66 1 26 12 24 20 45 37 3 59 25 100 20 1 48 21 1 9 55 69 45 5 51 26 33 44 19 16 67 55 57 84 7 35 95 30 54 92 18 8 50 95 8 21 95 55 
41 47 15 96 15 12 52 66 37 84 61 55 99 79 61 8 62 68 42 56 49 95 47 19 2 97 13 61 17 59 16 10 57 82 57 71 93 8 88 29 43 48 35 94 78 96 1 39 15 94 95 15 40 93 33 93 41 45 54 10 55 69 19 11 50 75 34 43 82 21 23 24 21 58 69 98 53 69 37 19 14 83 85 53 75 18 
46 16 14 99 25 69 19 95 31 20 69 64 14 2 85 37 77 57 94 46 6 98 14 42 68 80 76 52 32 3 69 77 18 35 27 94 55 45 88 85 65 8 49 30 9 85 66 85 93 59 30 98 56 96 92 23 75 67 27 6 21 95 35 38 81 61 83 35 58 22 72 74 29 72 3 37 8 21 74 100 79 3 97 87 50 40 
61 76 7 87 34 27 34 68 17 14 80 51 1 37 25 72 62 53 43 65 42 50 85 15 1 15 69 97 53 71 37 14 46 95 52 79 73 85 98 41 51 78 92 51 66 16 74 28 20 68 44 61 69 80 27 69 46 48 17 99 18 5 12 63 99 15 94 24 100 91 64 2 68 7 52 86 74 77 13 46 44 8 58 12 87 85 
80 84 84 48 82 1 53 45 15 51 60 8 26 11 51 90 12 70 48 15 55 74 91 19 19 86 26 76 97 64 12 28 48 95 75 81 47 27 26 62 30 37 21 55 47 23 96 10 93 96 24 47 69 66 18 39 51 95 14 99 59 78 78 58 72 4 38 71 83 15 84 12 3 4 18 49 79 66 10 71 61 85 69 81 50 86 
19 52 81 84 50 91 61 79 100 85 83 89 55 65 4 38 28 58 93 45 59 71 62 68 93 74 53 62 54 2 99 24 6 31 8 7 73 68 86 72 52 68 61 58 84 16 95 11 73 88 7 31 10 21 99 3 94 3 64 100 4 14 23 9 97 30 16 69 50 53 41 53 72 1 11 55 68 5 17 40 44 75 71 54 95 21 
56 89 23 71 40 78 36 62 39 32 92 6 1 93 58 93 45 81 45 55 87 12 12 3 3 55 29 25 60 24 45 67 64 19 89 3 49 25 16 87 8 7 44 60 99 53 52 96 33 96 50 19 59 13 73 62 68 1 86 79 76 83 46 91 1 34 45 49 10 61 87 70 19 30 29 70 34 81 65 66 28 66 36 87 79 8 
48 46 61 85 76 36 67 21 79 20 7 23 68 68 83 7 37 54 88 66 23 22 98 87 39 25 52 27 63 30 34 10 27 46 47 55 34 13 75 12 32 33 86 52 53 69 10 89 22 97 6 96 70 55 82 61 32 85 87 94 67 72 56 45 18 2 99 3 14 26 14 98 10 99 49 62 19 58 3 92 6 60 87 76 15 20 
88 46 57 74 91 75 97 46 19 14 99 70 68 65 95 81 62 56 32 62 18 2 71 72 46 76 31 32 3 97 4 90 94 12 15 85 86 12 82 4 77 81 25 45 97 19 77 58 27 60 71 96 62 41 67 7 68 49 90 23 46 45 64 39 56 79 23 41 42 5 97 70 37 21 14 33 92 43 42 18 2 12 13 15 4 31 
73 23 79 63 45 24 7 61 63 15 91 37 55 32 93 51 1 81 24 67 13 15 61 6 32 14 69 96 29 72 26 1 47 56 15 43 80 74 3 94 88 93 30 94 24 75 97 77 55 20 95 20 34 55 25 17 68 94 64 48 17 41 1 63 96 15 58 75 88 60 20 27 53 2 21 28 76 69 56 30 88 50 1 73 56 26 
41 76 19 4 23 87 96 23 2 91 90 59 18 29 18 37 56 22 38 28 50 65 96 5 47 35 7 47 7 62 24 99 89 42 54 12 81 49 86 82 39 27 92 8 56 9 97 63 83 34 42 32 51 37 88 97 23 46 95 81 60 19 79 48 12 32 11 92 32 49 25 22 75 16 30 82 77 26 44 59 11 85 42 61 73 81 
9 95 79 56 75 38 26 53 85 37 36 96 81 67 44 57 41 70 25 70 52 1 47 47 11 57 32 4 70 56 36 30 51 14 37 77 51 62 82 36 51 17 83 31 36 78 39 76 47 63 97 98 15 43 45 25 51 28 80 20 83 16 2 85 29 38 62 80 52 43 67 2 11 1 84 46 78 22 73 24 85 69 74 51 63 70 
76 14 97 7 85 31 22 38 68 51 28 29 82 79 23 100 32 33 100 15 31 77 88 55 52 24 24 25 75 38 94 2 51 42 8 36 25 30 73 92 32 100 20 65 30 94 16 61 78 15 27 60 43 15 15 94 38 90 71 12 27 16 65 78 58 73 65 82 2 89 73 85 41 44 49 70 89 64 83 66 30 9 26 24 23 92 
69 13 81 39 76 7 7 41 36 64 13 52 97 66 93 21 2 33 16 2 54 4 17 36 21 46 97 98 69 71 89 89 83 21 80 59 80 86 51 67 1 63 19 97 80 11 69 81 95 84 82 48 39 98 36 11 95 32 61 63 2 1 3 37 22 82 95 1 67 45 19 67 59 37 15 38 99 83 70 93 18 51 93 8 48 28 
19 42 11 79 56 12 79 58 100 52 92 46 4 58 42 23 77 100 11 91 89 10 74 58 2 43 8 46 51 7 73 21 100 83 99 55 47 29 65 46 81 56 92 36 65 33 58 41 85 69 32 73 78 57 83 31 51 42 77 1 49 1 21 100 36 71 55 34 100 71 79 32 78 22 67 94 7 25 35 43 45 18 67 74 26 49 
56 76 43 84 77 43 85 49 42 72 20 48 5 71 18 35 2 47 9 68 41 15 44 27 9 40 44 75 13 69 76 69 44 70 4 72 12 88 21 53 59 40 1 15 10 70 50 63 17 58 82 9 24 26 35 32 65 30 58 30 98 85 98 93 54 1 65 65 41 85 18 51 76 70 66 37 39 67 99 55 24 80 15 99 57 49 
30 74 78 39 3 27 76 52 20 29 4 36 46 96 72 15 99 47 84 64 35 22 82 33 29 5 64 43 3 21 44 84 94 21 74 48 100 49 99 19 30 54 6 27 50 77 41 48 75 76 63 9 49 44 41 77 100 56 72 54 76 15 89 21 35 62 68 86 63 18 4 92 72 61 70 21 37 62 20 11 37 82 71 85 25 63 
14 76 19 85 29 46 99 17 67 85 30 86 71 92 56 26 35 27 87 56 99 75 17 18 38 53 51 8 90 27 71 55 2 41 39 82 86 89 50 4 25 79 42 95 23 97 73 9 75 11 65 25 85 33 94 74 86 44 82 27 70 4 81 23 96 71 4 33 59 53 37 83 83 30 30 5 26 54 66 52 64 82 76 100 14 21 
74 51 64 7 77 85 62 9 7 9 79 62 41 89 14 77 72 96 6 53 53 83 6 70 86 21 51 61 20 64 33 45 67 96 3 43 32 16 4 90 24 82 51 65 71 64 93 94 12 51 98 64 33 3 33 19 75 35 31 46 50 16 91 16 63 45 11 95 61 14 84 84 47 35 100 69 50 93 62 61 43 11 76 27 65 60 
97 39 46 80 85 96 95 27 11 57 71 73 3 83 86 87 19 85 73 18 53 74 62 67 87 56 77 14 83 42 74 31 80 71 62 16 66 56 42 29 65 65 1 67 47 39 53 17 23 77 35 75 3 48 93 89 4 70 2 38 11 27 68 42 98 30 58 15 37 51 43 1 67 96 68 66 34 72 82 8 49 16 34 51 64 27 
91 19 96 44 56 58 71 75 99 20 56 8 34 93 11 29 45 77 76 12 42 61 36 24 68 36 91 53 86 6 79 28 24 26 71 31 83 93 6 34 12 61 93 98 5 3 78 50 80 53 13 21 13 48 96 32 83 87 84 20 44 63 47 68 40 70 98 75 62 55 8 26 16 100 23 72 55 52 21 34 4 34 6 68 81 54 
99 16 92 82 35 35 96 34 54 88 3 52 62 64 6 69 89 73 20 63 45 26 14 17 11 69 50 69 36 83 22 34 50 13 68 84 99 15 17 53 2 19 56 63 35 61 83 23 86 55 38 82 32 51 98 43 20 100 11 7 34 84 93 83 96 12 18 46 26 35 98 80 5 53 94 39 66 29 14 3 83 3 84 14 53 81 
8 24 32 18 83 65 1 75 99 48 86 17 94 63 51 43 42 7 96 88 46 13 16 11 15 50 13 98 15 17 30 23 93 62 40 27 78 93 1 77 40 38 93 85 52 95 28 46 1 75 33 98 39 48 60 53 49 72 2 63 41 83 85 85 96 77 11 74 69 63 2 60 52 94 45 3 88 24 48 40 50 32 38 88 31 97 
92 79 21 93 42 13 75 78 97 23 54 59 96 22 21 97 34 72 42 30 74 81 53 74 20 54 5 9 41 36 58 32 14 78 76 7 42 2 85 38 24 38 96 19 12 68 67 45 39 60 74 64 40 78 37 12 31 42 20 23 29 29 54 94 58 81 1 99 82 85 36 6 74 83 76 85 50 43 81 88 2 6 4 94 83 40 
5 65 33 76 87 61 57 92 55 14 72 7 13 6 43 48 11 16 83 86 53 32 80 85 72 34 91 75 79 25 66 35 42 99 10 28 11 18 72 17 32 95 75 44 100 17 43 62 85 25 48 89 9 79 73 32 64 15 58 42 92 75 76 33 25 38 60 36 55 83 4 86 78 79 29 29 47 24 91 31 100 90 71 8 68 44 
91 32 10 100 25 1 75 1 33 99 38 45 86 92 79 90 78 56 20 58 37 66 81 27 49 33 68 19 40 35 14 83 18 76 82 95 76 8 95 61 7 32 57 92 23 35 33 52 43 52 62 79 70 94 57 70 26 24 88 18 10 54 100 80 29 33 74 56 41 68 16 99 51 24 90 25 11 75 29 53 78 90 83 47 83 91 
68 9 14 56 26 75 9 77 6 89 61 31 44 1 98 12 99 100 35 41 25 45 15 5 49 44 94 31 43 28 21 10 88 86 65 65 13 25 41 18 13 2 49 57 54 98 68 5 50 54 45 26 99 11 30 47 54 23 30 96 2 50 6 90 88 22 54 100 47 47 69 11 100 69 19 53 19 86 57 68 40 53 93 90 63 22 
36 69 96 65 64 49 67 21 38 6 43 44 57 41 90 25 51 89 46 22 93 64 7 2 31 98 54 75 39 69 48 27 37 95 43 52 43 9 73 33 66 67 76 22 59 65 99 61 53 44 82 97 59 41 98 41 90 52 15 29 20 62 55 8 8 97 59 50 58 83 82 23 1 57 45 59 73 43 20 77 38 53 74 96 93 71 
36 83 22 2 11 93 15 17 52 22 13 11 23 70 45 5 93 46 13 89 56 86 83 27 62 20 80 35 67 24 58 54 6 31 7 68 76 21 84 27 42 97 89 16 18 34 20 10 31 85 50 86 70 32 13 83 3 44 70 69 67 27 74 25 9 80 92 84 52 76 11 45 24 99 61 41 84 32 3 14 16 52 52 37 36 64 
20 38 59 41 59 77 19 32 1 27 64 45 11 67 72 73 12 95 23 72 87 7 3 41 20 19 45 71 7 80 86 26 17 96 18 75 73 36 59 25 63 74 69 25 40 40 49 51 34 71 74 73 29 77 13 1 47 57 23 53 36 9 31 5 56 48 31 80 84 89 5 98 62 73 74 54 13 22 4 98 44 78 70 73 6 35 
73 52 91 95 56 79 55 86 35 11 86 65 90 21 6 46 18 67 19 43 72 31 16 76 28 59 5 98 83 10 84 55 13 74 2 20 4 56 58 90 18 43 55 60 15 60 5 84 78 23 26 50 5 41 77 33 51 81 82 34 42 65 40 54 90 41 25 46 97 82 35 66 76 41 25 90 100 82 73 30 56 98 79 61 90 55 
45 41 87 78 26 28 94 65 33 35 6 57 80 54 91 67 19 66 7 96 56 59 29 80 88 84 30 18 96 19 24 92 11 10 69 36 89 14 53 21 49 10 29 80 63 19 98 33 85 57 80 92 15 60 23 54 44 52 23 91 23 46 83 33 7 3 21 95 17 25 67 65 34 95 96 96 66 94 80 2 50 12 45 64 71 67 
69 66 19 91 57 93 88 91 25 46 93 97 92 61 21 10 77 6 4 73 53 21 66 33 22 15 44 66 30 66 85 98 32 55 40 40 47 79 30 23 76 74 20 67 87 92 76 63 50 31 35 2 4 100 34 25 66 29 43 95 95 79 92 78 33 83 17 79 13 46 53 88 71 24 54 57 16 81 20 17 64 6 18 67 58 4 
43 23 84 37 18 30 15 61 7 47 44 23 77 56 20 30 96 43 5 1 99 72 82 70 88 97 28 6 63 85 9 57 7 92 94 24 22 8 85 80 7 80 3 35 87 74 16 82 16 21 83 67 92 16 88 80 64 15 37 78 99 45 34 58 88 79 33 61 87 69 41 45 48 95 31 87 20 47 20 36 19 54 54 10 21 41 
41 84 8 77 61 6 73 47 15 13 25 48 25 63 16 65 59 16 11 90 2 31 88 73 18 6 27 71 67 47 63 8 83 70 36 43 28 61 41 42 73 66 41 97 80 57 14 39 24 76 80 77 6 67 49 75 72 75 45 38 74 60 45 56 29 33 50 8 93 91 2 17 8 42 65 39 50 78 77 73 54 56 49 11 22 98 
86 45 24 82 83 97 41 79 4 22 11 54 29 55 96 30 71 55 24 36 93 73 65 70 46 70 77 46 81 51 95 66 95 19 99 77 67 40 8 71 13 18 76 41 25 71 23 47 25 46 34 17 70 99 38 67 20 67 13 100 17 7 17 63 77 16 92 44 7 99 14 19 68 89 11 92 11 85 39 87 82 24 55 52 74 45 
18 94 11 82 45 79 41 62 41 17 77 32 60 35 82 25 5 50 65 15 41 75 100 31 13 33 7 68 84 80 64 54 25 74 87 70 4 27 31 96 44 59 80 55 93 61 80 97 10 44 63 3 71 14 85 83 47 91 2 82 71 65 87 95 90 74 64 93 52 46 89 95 4 20 50 48 80 81 96 42 24 59 44 94 24 28 
29 70 71 30 4 41 95 90 87 84 63 3 29 15 48 69 61 4 88 62 51 19 42 99 60 18 57 55 63 32 35 91 2 5 73 5 97 67 94 83 2 9 85 82 75 85 50 35 88 89 49 90 60 90 40 19 7 96 26 70 80 60 12 81 64 84 37 60 2 82 94 56 42 31 37 16 67 39 3 6 79 51 95 38 92 35 
9 51 82 34 72 61 93 83 93 8 19 81 19 20 63 12 75 4 94 64 72 60 54 74 65 32 76 12 70 19 98 30 21 79 63 92 92 7 27 36 14 45 17 84 16 31 47 91 34 41 6 5 52 59 30 17 42 57 28 63 28 77 92 48 55 54 40 98 60 66 86 25 62 2 60 77 32 7 19 17 99 76 74 50 34 55 
66 28 12 45 90 39 21 34 86 28 39 77 77 51 94 62 75 7 15 35 84 98 93 54 15 91 30 40 40 15 94 58 42 57 54 84 47 27 17 33 54 7 61 82 57 7 96 32 13 10 18 96 60 62 50 26 52 31 65 43 45 58 100 39 15 6 22 61 32 90 45 37 96 58 18 53 64 13 36 76 75 5 24 86 66 25 
11 17 55 75 11 99 84 11 37 50 68 10 63 99 99 7 35 47 16 52 51 79 17 86 7 43 90 30 28 7 6 90 75 60 64 85 10 99 47 99 49 14 8 11 12 59 69 46 5 85 50 7 15 18 92 73 12 33 2 39 39 7 28 65 18 43 49 28 41 96 78 89 61 85 51 73 95 20 70 51 56 71 57 22 88 48 
95 99 32 96 89 22 55 68 86 24 62 35 3 55 82 80 43 42 17 46 66 11 17 88 62 72 58 18 93 98 18 87 48 49 35 89 23 41 56 8 16 70 94 19 24 75 98 18 69 14 63 34 77 79 73 38 2 31 7 95 80 24 33 27 25 19 15 47 11 23 6 27 44 100 45 67 74 94 84 94 8 99 80 84 29 52 
73 31 82 79 77 13 55 9 40 31 80 6 29 90 80 34 16 23 33 60 89 59 54 25 52 13 23 31 48 51 83 20 81 16 50 57 29 4 18 20 86 97 25 14 86 57 100 2 79 32 13 68 42 66 92 94 78 66 76 25 68 10 96 1 78 46 57 58 1 26 29 87 22 5 52 60 61 3 13 40 87 25 59 28 91 2 
73 20 67 1 97 34 10 92 86 39 37 95 96 90 20 24 28 94 29 79 53 41 82 17 80 68 41 38 47 31 39 20 3 57 20 99 43 81 90 28 20 79 22 67 68 94 43 95 87 23 25 91 63 58 7 95 77 47 32 24 30 23 95 84 31 66 82 73 46 23 53 17 53 26 36 72 19 78 18 5 52 43 47 66 52 5 
60 29 4 44 4 85 66 98 68 48 63 1 21 60 75 25 29 80 50 16 51 69 45 69 25 96 63 24 61 14 28 21 94 31 16 97 67 81 94 34 80 8 86 100 20 61 76 100 40 26 15 42 46 59 10 22 54 24 45 66 38 73 38 83 55 53 80 22 85 25 7 65 33 93 16 4 5 92 3 96 69 17 37 14 27 99 
87 32 22 32 97 11 56 87 94 62 39 25 35 76 49 42 40 33 86 7 36 90 50 90 85 18 58 73 83 84 71 70 67 45 53 64 7 8 2 52 21 92 76 56 67 25 97 58 57 82 65 45 23 14 34 59 84 44 31 66 27 54 87 94 50 39 9 56 98 62 60 19 53 35 26 72 59 22 29 68 55 45 12 29 11 97 
87 46 40 69 63 19 74 50 64 75 40 24 83 90 37 42 8 89 76 85 60 87 6 41 54 12 37 17 92 47 65 30 92 57 98 7 27 24 56 90 50 47 65 32 36 1 73 95 41 1 79 1 87 36 93 92 47 29 8 90 28 24 19 71 80 69 77 6 92 32 47 93 31 11 25 66 63 49 61 4 49 91 56 35 27 48 
78 25 28 85 15 55 9 33 26 40 1 2 46 44 86 92 37 16 55 13 33 69 61 93 72 62 36 79 48 62 78 26 86 6 10 52 60 70 37 37 10 89 91 7 85 76 50 73 43 4 85 75 25 97 20 48 58 55 27 6 68 4 31 5 61 92 57 73 14 45 9 75 33 99 33 17 26 82 89 68 38 25 95 62 22 14 
9 31 20 87 36 87 91 18 43 3 62 99 75 27 43 84 53 28 34 85 44 12 66 85 31 55 9 25 16 30 90 77 61 61 63 48 99 5 18 42 8 79 40 82 57 35 17 9 62 3 93 57 14 10 41 96 65 50 21 80 31 62 8 91 23 71 91 73 75 8 14 34 38 6 16 94 40 84 2 53 86 46 61 51 55 2 
47 19 3 19 51 33 80 58 24 54 80 66 79 7 73 92 40 62 97 7 55 88 91 8 92 28 5 53 79 59 54 77 30 56 95 80 40 26 89 15 32 69 80 10 27 4 1 66 65 50 25 71 37 15 30 29 94 34 33 24 45 86 100 74 93 94 5 32 72 93 47 3 13 78 64 39 82 16 57 98 65 81 69 2 47 50 
82 40 84 14 64 28 51 63 53 95 9 57 78 32 1 76 86 14 54 49 4 87 64 12 84 81 92 4 34 38 54 15 30 37 80 93 16 82 7 68 76 67 76 53 98 76 29 83 41 34 83 45 20 99 56 55 79 100 59 64 89 12 30 18 100 9 10 15 90 69 34 17 35 9 21 85 84 49 67 77 34 2 21 5 100 28 
60 30 79 18 93 68 81 22 85 32 82 47 46 23 15 31 39 1 91 59 85 26 60 4 2 93 5 74 50 4 2 9 85 32 78 77 99 10 50 84 41 31 82 38 53 96 68 43 48 58 1 33 83 12 36 85 57 92 10 6 47 63 66 31 95 95 59 93 4 8 28 96 90 9 33 94 56 52 36 4 9 88 88 43 52 75 
79 8 66 89 65 12 51 30 94 97 76 52 90 79 11 17 74 52 78 58 45 85 9 32 88 69 19 27 11 22 1 42 29 18 82 45 81 84 26 26 81 1 77 22 31 39 90 56 90 67 13 86 52 21 17 91 89 88 18 52 9 70 45 90 40 26 86 20 61 12 46 41 64 74 62 95 65 52 50 6 70 15 92 73 87 60 
64 76 99 33 79 8 54 23 49 93 100 34 65 12 97 62 53 61 87 66 55 3 69 56 9 39 22 52 11 9 63 26 84 62 10 14 21 64 88 21 8 39 54 24 50 51 85 54 11 24 20 17 26 88 24 86 78 46 89 41 54 4 18 89 65 28 54 37 43 41 57 50 79 10 26 80 12 62 34 74 85 53 42 63 92 66 
100 22 63 41 62 68 44 79 56 8 58 9 44 100 1 52 2 31 61 27 10 25 88 95 98 25 47 92 39 91 9 38 12 71 78 25 38 21 55 45 80 13 5 75 64 5 26 17 87 39 43 96 63 83 91 12 7 89 3 97 31 11 34 94 33 64 18 70 36 25 66 16 89 70 42 4 26 68 21 12 58 63 60 72 97 2 
83 55 42 38 51 73 100 37 18 33 100 36 54 35 12 20 2 100 41 44 3 67 63 75 78 72 38 89 43 86 90 25 41 32 14 91 4 14 27 21 98 78 8 51 13 71 22 66 22 15 61 77 33 23 51 62 46 40 51 88 26 40 65 66 71 78 8 26 43 87 99 40 64 58 43 28 29 16 94 50 30 54 78 14 29 29 
76 26 68 26 14 45 65 78 62 36 7 70 13 50 8 11 41 71 69 35 99 49 51 44 50 32 49 28 46 29 56 21 55 75 98 68 20 62 97 81 49 55 2 62 56 9 24 97 32 44 83 82 92 85 25 42 17 25 69 14 54 76 86 60 50 83 79 21 96 27 54 45 81 7 58 37 68 33 85 99 77 67 80 68 52 56 
61 68 80 81 33 85 56 70 44 58 52 74 30 99 100 35 43 81 42 52 69 9 85 53 59 61 19 38 80 70 93 93 89 24 73 21 9 81 42 4 38 45 78 19 44 29 54 38 61 95 90 29 55 74 81 13 86 100 50 17 69 94 9 10 17 34 82 77 14 24 33 3 68 62 21 11 90 74 1 51 20 90 31 74 15 12 
86 52 11 87 68 31 80 77 40 49 10 22 77 75 97 9 77 64 22 97 27 12 23 27 14 42 68 44 16 82 7 53 33 69 40 100 100 71 28 91 71 89 64 48 15 60 8 91 76 30 40 2 93 62 80 58 3 47 53 18 28 60 23 12 28 62 63 79 32 43 22 3 83 37 2 98 97 61 40 72 42 79 25 34 40 56 
43 95 2 96 64 81 7 86 92 86 47 6 17 31 48 38 85 31 74 86 80 22 98 19 45 40 98 21 25 89 76 68 83 77 15 47 9 21 32 100 6 79 58 74 9 5 11 93 87 37 30 66 10 79 85 55 18 34 75 95 22 3 14 5 79 28 51 88 100 82 39 5 12 96 79 72 53 41 16 39 29 45 57 39 76 93 
45 45 26 71 39 99 73 52 55 4 31 5 43 30 39 81 87 2 29 17 74 81 9 89 71 38 86 27 28 61 71 72 5 48 94 96 47 67 99 53 70 30 58 12 59 48 44 97 49 24 13 74 4 22 63 27 11 48 5 38 60 76 61 64 75 54 11 73 72 10 26 41 39 35 4 49 82 100 46 82 23 10 56 79 83 70 
5 93 17 61 82 76 36 94 91 63 48 2 35 71 63 60 64 1 94 67 1 27 18 98 61 41 8 16 71 90 85 27 35 53 87 68 80 75 62 22 37 61 75 71 31 37 83 94 89 76 13 90 55 30 87 15 22 46 30 92 36 66 18 22 70 5 89 1 79 2 22 67 62 49 37 93 85 19 38 26 47 50 15 1 80 53 
15 53 99 96 45 86 13 14 7 82 70 47 82 100 49 55 66 62 3 55 6 40 25 44 65 71 93 79 23 24 31 37 77 81 84 73 66 96 86 24 77 56 71 10 7 71 65 25 84 19 79 90 58 3 33 22 26 77 52 48 1 35 37 77 15 20 49 81 68 86 4 96 93 26 6 100 48 22 24 32 40 54 73 50 56 57 
71 33 33 75 33 85 9 69 13 23 40 61 3 7 99 59 3 91 36 60 42 84 81 65 67 72 18 91 21 26 47 44 10 31 18 42 68 26 62 80 100 2 93 3 60 91 13 62 81 48 21 23 83 53 39 49 77 9 91 49 86 89 92 95 20 61 89 39 38 50 18 38 51 10 92 11 52 4 24 85 3 97 59 86 49 97 
86 77 57 77 26 42 65 17 89 36 30 29 74 67 78 44 56 81 5 47 43 57 2 66 41 5 14 99 42 15 95 79 91 4 55 16 97 72 33 37 59 14 65 85 32 43 28 88 23 32 34 65 40 88 82 80 44 96 78 85 10 25 63 52 28 70 68 76 93 52 13 3 65 77 87 96 19 66 83 93 50 69 9 89 8 91 
21 51 38 98 87 99 74 1 50 53 22 17 29 14 20 41 17 84 69 55 32 40 21 14 32 22 34 93 10 41 35 30 43 72 80 29 22 53 30 23 58 51 92 86 17 11 78 85 95 98 39 26 37 59 91 21 32 77 13 42 17 47 23 60 70 54 40 91 59 21 13 16 24 4 53 40 67 82 24 61 79 62 38 68 73 80 
88 4 56 100 97 73 98 72 84 67 77 23 57 35 96 21 2 19 77 54 58 43 87 81 55 18 94 44 85 18 23 72 74 79 23 22 3 20 93 38 38 70 60 46 56 7 66 58 25 94 63 82 88 50 14 94 67 60 37 51 77 60 74 2 90 48 24 44 19 16 81 56 37 92 1 93 99 18 2 23 64 64 5 51 13 70 
45 31 29 33 33 58 44 58 59 33 5 82 76 75 50 8 30 86 100 82 30 98 52 31 20 15 95 76 65 59 98 61 42 78 94 74 87 37 32 46 22 88 79 49 15 80 57 44 66 56 78 47 5 29 30 76 43 24 4 59 34 1 20 75 30 65 1 17 1 84 14 74 23 92 23 37 72 79 33 89 86 10 87 90 90 16 
