94 51 25
56 97 66 75 93 44 29 4 93 45 65 91 26 90 8 25 54 26 81 94 62 61 62 69 82 61 69 66 6 71 15 61 19 81 36 12 24 16 15 69 12 31 59 37 73 18 14 78 44 46 71 
57 6 85 25 87 45 46 4 51 16 19 63 35 51 50 98 26 65 64 94 76 95 4 13 67 22 26 44 17 71 67 73 28 51 50 66 47 95 70 49 62 40 12 96 42 13 45 67 78 9 13 
53 3 68 17 21 89 94 16 5 16 82 30 43 84 31 9 83 25 30 31 86 21 94 34 62 59 78 80 36 38 92 40 92 60 57 12 100 50 80 57 66 13 86 60 97 16 20 31 92 1 13 
29 21 59 14 82 17 44 14 52 81 5 43 73 16 99 36 16 1 15 72 66 28 9 77 76 76 97 6 19 97 18 99 18 76 13 51 44 56 64 47 88 21 90 12 36 88 100 3 40 14 26 
57 93 34 34 68 61 30 25 79 78 95 78 95 22 90 98 66 97 13 12 36 85 53 48 21 93 47 75 32 12 1 89 57 34 74 24 47 3 1 25 80 47 2 27 68 43 76 85 91 40 49 
27 25 1 26 97 93 24 71 77 87 23 17 43 9 90 19 55 44 19 79 23 65 33 1 84 27 28 21 18 68 69 96 44 21 73 40 66 96 62 42 82 85 58 25 93 47 43 47 90 13 77 
64 29 9 17 64 36 96 84 5 63 4 100 58 25 24 97 90 19 11 83 52 95 40 76 39 38 70 37 79 34 13 94 62 74 10 26 61 6 61 17 20 65 68 78 89 91 26 30 9 36 12 
60 82 3 88 72 40 9 8 70 43 73 63 56 98 25 33 10 82 94 26 53 58 93 82 98 83 8 79 43 95 90 54 29 44 93 100 35 2 60 4 96 84 18 51 33 94 84 42 75 29 67 
80 38 11 61 35 45 20 13 87 67 54 92 95 97 85 46 31 38 5 86 33 40 3 35 72 97 18 13 23 98 31 2 35 93 15 69 37 86 33 75 52 38 67 46 34 3 92 16 40 48 1 
24 40 56 58 11 4 28 76 26 25 58 80 60 51 94 28 87 31 13 62 83 50 28 28 36 82 71 51 21 71 4 44 10 59 53 72 62 80 47 39 5 5 18 64 7 63 43 93 94 7 54 
28 57 33 55 44 66 78 46 86 100 1 81 61 59 34 32 72 13 31 63 69 87 32 32 93 47 27 85 92 33 91 19 41 75 25 36 41 54 82 78 53 82 59 13 93 92 45 16 56 27 30 
25 13 62 8 5 8 34 41 51 19 31 69 11 58 93 99 98 47 80 75 99 13 33 64 57 76 60 25 32 86 54 8 98 15 15 54 74 1 94 24 71 25 44 33 82 37 31 31 35 62 5 
85 75 90 48 83 17 7 7 100 92 13 7 41 79 74 94 53 26 88 28 48 64 72 80 97 60 63 27 94 24 83 78 50 24 26 33 93 84 91 92 28 3 51 68 82 76 14 86 1 53 13 
100 16 36 31 12 47 93 90 40 17 24 70 18 48 47 50 40 30 93 83 9 95 33 29 28 8 42 13 60 94 78 11 9 65 42 72 12 34 13 3 2 36 72 20 83 70 21 74 52 13 57 
60 60 41 88 87 1 29 100 12 74 77 23 34 93 64 5 4 49 69 7 51 5 30 70 39 100 90 65 51 55 21 62 14 13 50 100 13 30 99 77 4 27 99 37 20 14 94 75 62 62 33 
64 18 63 33 57 14 75 21 64 29 93 25 94 5 26 93 70 56 44 46 11 22 96 99 93 9 92 68 22 6 52 86 75 14 70 31 27 44 3 42 24 47 19 17 4 96 62 25 3 5 70 
13 78 17 12 71 25 55 90 98 12 41 83 87 55 53 69 33 48 72 27 24 70 97 40 73 92 1 97 95 57 18 59 35 34 22 5 10 77 46 8 40 86 90 26 92 94 95 77 42 18 3 
65 87 51 56 12 94 9 60 88 65 78 99 51 63 20 7 73 48 52 80 88 90 21 13 81 15 59 57 8 76 11 24 15 61 79 78 55 39 37 94 4 66 92 6 29 64 13 53 11 16 84 
98 5 4 11 86 70 69 94 29 97 57 52 63 17 83 40 23 21 28 69 76 94 60 82 74 75 46 26 86 13 61 83 18 64 45 55 86 66 100 14 14 56 66 76 25 48 15 47 20 94 15 
96 87 27 29 12 1 74 89 38 86 49 21 55 13 17 61 50 82 61 63 95 16 80 22 40 79 88 39 99 82 5 94 20 31 22 32 84 47 20 73 84 69 45 39 33 62 99 82 95 11 44 
42 79 76 63 18 54 51 8 52 32 13 97 51 95 70 34 30 16 54 3 52 74 47 90 6 60 40 87 55 51 82 96 29 57 10 98 63 60 58 14 43 70 63 46 16 32 79 46 100 84 100 
51 57 98 92 62 10 83 100 64 85 34 11 65 42 72 63 4 32 72 70 26 41 32 71 8 15 2 5 66 85 4 16 42 54 59 55 63 42 55 78 26 40 40 91 81 11 5 37 94 76 6 
20 68 89 42 75 55 43 80 21 80 35 88 21 40 47 75 2 40 81 79 65 20 18 7 53 81 63 89 74 90 46 45 57 86 87 84 40 81 15 60 60 1 48 80 41 46 7 42 85 39 73 
1 59 42 60 63 22 22 3 96 12 100 40 68 85 26 3 24 59 17 36 18 70 35 50 10 80 56 51 16 94 75 16 4 17 75 18 38 97 20 33 60 71 73 79 55 50 82 31 8 50 18 
78 19 52 27 28 31 82 31 46 27 5 13 31 21 88 48 59 36 20 43 95 90 67 25 97 17 6 27 76 8 44 53 26 95 79 6 77 12 36 74 39 92 86 21 65 25 68 75 60 39 17 
6 29 84 31 25 52 88 3 79 95 46 32 73 92 62 78 68 26 65 93 16 8 78 36 72 3 55 46 14 94 15 20 74 98 2 98 1 89 100 79 84 97 62 56 88 76 85 7 1 1 99 
68 8 28 3 80 30 57 77 44 2 91 15 75 88 16 24 40 4 23 19 39 71 80 46 10 7 30 16 7 82 66 74 90 94 28 69 75 37 97 18 38 88 32 65 27 99 88 67 3 63 85 
93 33 16 39 43 23 20 10 81 2 28 7 91 21 86 11 47 22 7 65 12 94 48 76 73 47 15 39 1 77 75 93 62 42 83 56 64 3 65 97 56 44 55 98 16 40 8 63 62 66 79 
25 12 26 52 84 24 66 74 76 43 48 69 56 89 51 11 5 5 27 53 12 71 7 9 86 46 68 48 59 86 78 83 97 4 34 32 79 52 5 55 46 4 75 1 44 77 11 48 34 89 100 
45 59 58 6 97 4 73 96 14 58 74 49 6 29 34 37 7 85 93 13 30 48 87 82 92 64 44 91 97 33 43 41 91 100 46 39 55 71 35 69 80 8 17 86 36 50 74 94 87 19 7 
68 66 93 50 57 56 93 48 4 77 42 45 20 41 42 58 96 64 92 16 44 51 84 29 86 33 54 80 71 72 38 39 38 30 40 46 38 32 45 41 61 86 37 80 79 31 37 74 94 81 41 
37 31 24 17 69 8 71 48 79 42 85 69 31 66 8 29 3 91 73 96 51 11 84 82 89 14 19 14 8 51 54 96 81 29 13 49 36 83 48 66 76 84 34 59 2 93 87 4 84 11 51 
86 73 35 68 61 48 38 74 7 88 79 3 20 7 15 69 95 49 68 12 76 52 46 34 53 90 72 8 73 35 11 11 7 45 78 68 44 15 93 3 54 24 5 73 82 71 93 28 71 61 40 
46 64 85 32 68 26 3 27 99 89 37 9 96 33 38 15 29 4 59 31 57 34 35 81 16 57 74 43 27 86 82 72 49 18 3 68 44 58 94 94 98 83 54 45 15 91 11 43 46 70 73 
2 55 59 82 70 67 7 65 93 92 98 17 92 68 71 59 63 80 5 8 78 87 61 22 53 3 33 96 48 54 20 1 8 31 34 30 49 41 46 94 84 43 10 28 62 32 38 24 12 42 83 
41 80 43 14 33 97 98 80 44 3 51 96 11 33 30 92 82 70 37 75 5 31 36 32 93 19 70 68 30 63 51 22 43 45 36 75 42 85 6 37 88 56 33 98 41 14 41 22 83 77 48 
39 59 35 71 51 53 92 71 35 54 21 56 96 65 43 22 58 28 27 95 15 35 79 64 75 92 4 48 26 32 47 64 90 81 86 93 33 77 63 19 31 35 75 26 51 17 100 9 96 78 55 
10 12 85 25 38 76 28 37 53 11 83 68 1 15 54 45 100 30 7 18 12 41 92 90 43 61 89 51 8 66 57 70 30 41 94 19 68 74 56 20 84 90 88 36 5 93 80 4 74 38 73 
86 30 17 27 73 29 15 75 36 32 84 5 13 24 51 32 44 76 39 15 11 28 2 47 84 94 78 39 20 68 12 5 97 28 31 21 56 97 48 43 80 31 100 45 6 50 76 1 25 66 16 
87 45 69 33 81 63 63 19 82 30 82 38 78 61 20 51 68 68 98 11 47 80 10 91 37 11 18 38 87 35 53 73 80 21 58 60 35 72 30 68 53 12 57 30 72 76 32 40 43 81 2 
42 60 63 32 97 73 2 86 11 36 38 35 67 10 44 78 97 15 8 64 67 19 21 49 42 48 80 81 91 61 82 32 72 96 15 20 20 68 5 30 56 94 17 22 4 60 100 52 27 59 15 
45 29 87 93 70 35 25 3 77 37 36 8 8 32 74 28 51 42 84 33 97 78 49 70 33 60 21 84 86 79 98 31 7 37 75 29 71 51 31 47 87 18 6 95 49 79 74 100 72 57 84 
20 34 32 90 66 43 62 49 81 93 99 11 51 35 37 79 57 88 61 55 74 79 60 20 79 90 93 30 14 50 13 33 35 44 74 53 39 88 1 19 80 51 81 30 37 17 61 45 56 21 99 
82 51 10 1 30 52 46 59 65 47 72 49 81 67 75 33 5 62 86 23 41 88 3 22 25 72 82 21 79 3 20 60 5 81 13 34 32 58 93 48 4 64 97 36 82 23 69 87 84 6 61 
76 93 16 97 69 39 79 90 17 33 61 77 37 41 41 71 25 98 15 72 53 30 20 88 11 42 8 49 25 13 10 52 6 77 49 74 15 79 15 31 11 75 59 99 68 99 69 92 48 35 63 
52 64 35 40 75 76 47 23 53 12 84 4 69 60 4 94 74 82 9 57 92 35 15 91 2 66 11 93 65 46 8 17 61 42 8 35 69 6 10 21 17 93 77 85 53 80 79 26 62 39 82 
5 73 49 47 27 66 10 19 82 7 78 98 67 19 5 2 88 11 11 60 79 3 36 16 7 68 46 33 29 84 66 33 8 66 80 34 83 89 5 65 95 82 14 13 53 19 14 92 81 76 3 
11 31 39 26 37 58 71 21 86 6 87 70 66 4 1 51 87 41 55 3 87 89 16 100 41 86 65 84 18 41 86 29 71 76 54 59 33 77 80 70 34 66 40 99 21 92 50 59 33 56 61 
19 44 29 70 36 14 35 71 32 75 57 12 97 32 17 55 17 45 34 86 79 51 77 29 24 69 30 82 53 86 95 71 81 23 93 69 88 27 39 71 53 95 82 49 79 99 55 95 43 41 32 
73 91 61 2 66 81 31 48 33 16 94 55 49 16 47 17 55 73 55 26 25 2 59 25 80 57 80 26 52 20 9 24 62 69 77 28 49 8 27 81 75 20 88 23 87 34 91 41 7 46 18 
83 47 77 8 78 85 39 3 36 58 63 12 19 32 88 98 32 47 24 65 22 43 52 96 29 85 39 22 43 84 39 26 82 15 85 11 100 23 13 87 80 27 50 50 58 38 48 42 36 23 6 
57 66 57 5 46 41 43 67 36 78 58 61 11 72 97 21 23 19 85 62 50 11 11 51 21 100 50 62 36 73 67 44 38 75 48 35 67 42 2 2 71 11 62 81 82 10 1 57 28 85 18 
29 96 80 80 16 80 29 29 15 53 47 58 90 21 58 77 87 99 78 89 70 88 2 50 21 12 51 29 91 87 98 20 82 78 51 49 57 31 77 23 84 75 80 25 95 37 1 82 36 30 22 
57 17 23 58 90 86 8 70 77 47 68 48 80 97 98 29 5 28 57 27 11 32 6 36 78 43 88 59 30 18 80 38 34 55 95 75 40 55 97 16 1 64 63 80 60 12 60 16 92 69 42 
54 52 47 89 29 41 29 88 22 46 19 59 31 25 54 6 65 60 2 32 60 17 47 91 28 58 51 43 49 71 84 3 22 82 43 50 75 71 89 96 68 60 7 99 84 12 4 48 71 57 80 
82 25 78 72 52 35 74 46 36 44 81 90 65 62 84 67 36 7 55 84 74 66 90 72 50 53 27 49 23 35 80 4 59 57 75 62 44 1 7 79 44 87 20 61 1 55 27 88 61 33 23 
87 99 64 10 48 16 37 96 38 23 28 93 82 84 68 95 27 20 54 57 63 92 76 23 92 83 1 32 43 34 54 81 84 18 91 31 33 79 78 23 53 5 15 34 41 34 81 67 53 34 24 
16 25 51 90 69 33 91 100 28 76 5 60 59 22 50 41 7 80 70 29 33 27 95 18 67 29 50 33 81 83 8 48 8 59 38 76 43 80 27 22 55 31 82 65 5 83 5 11 63 26 91 
47 52 85 16 18 13 66 51 94 48 10 93 7 20 30 82 63 61 60 84 67 91 65 31 95 48 87 5 62 13 47 60 64 31 75 34 96 40 36 41 40 45 33 46 65 63 80 79 75 39 62 
42 81 79 24 75 78 11 31 91 75 77 50 90 60 24 23 55 16 58 95 7 3 27 4 19 41 83 97 16 74 10 9 54 40 32 81 17 94 11 7 20 40 8 10 99 32 32 53 99 42 99 
5 96 25 60 14 18 43 62 85 68 71 93 73 63 76 53 31 70 64 38 89 3 45 98 1 28 82 5 78 23 3 34 18 79 94 83 96 88 44 80 7 66 72 79 80 100 32 11 69 47 48 
9 1 44 7 53 24 40 57 53 14 11 87 83 89 32 65 85 71 60 16 77 77 40 55 57 39 38 67 59 84 66 67 84 61 25 88 36 64 44 89 29 54 27 11 95 58 27 31 28 86 46 
4 15 37 10 71 27 48 89 85 83 54 52 19 66 76 6 2 92 2 90 20 55 16 83 1 25 9 31 4 95 29 59 9 65 68 31 92 67 19 28 50 24 79 68 89 7 25 90 98 26 31 
69 33 98 51 33 74 60 16 77 6 44 35 66 60 55 96 3 21 66 31 70 89 9 89 29 15 14 71 64 91 53 33 23 51 83 56 76 94 71 53 99 66 39 64 25 93 11 80 14 76 10 
35 16 70 24 45 37 89 67 100 79 19 84 54 21 19 61 97 12 83 1 11 48 39 26 24 32 37 3 97 12 64 31 28 86 6 24 22 46 90 73 77 8 57 30 81 27 90 77 38 72 77 
100 71 67 26 94 50 14 49 46 25 64 29 4 49 34 79 70 80 20 95 56 80 3 37 60 29 26 36 18 49 64 18 19 30 95 64 80 8 64 25 84 80 53 88 28 39 18 50 70 38 96 
77 17 98 13 76 26 90 63 43 90 26 12 60 55 58 75 34 65 39 11 49 70 15 88 97 53 57 98 74 94 93 50 62 90 14 89 67 3 51 62 44 76 25 3 83 83 78 68 47 68 78 
47 37 93 86 85 97 43 35 71 88 27 20 50 69 34 38 87 88 41 100 32 68 25 34 50 7 63 18 5 30 47 4 18 91 41 55 88 83 89 58 23 67 29 72 87 14 61 74 2 1 73 
85 69 49 70 70 7 85 39 64 14 86 67 84 76 59 38 15 42 26 72 64 92 53 87 31 66 47 4 19 100 28 55 68 29 25 89 35 9 28 98 74 65 16 57 92 75 46 7 68 23 30 
83 67 34 69 97 100 67 100 70 66 79 25 85 7 49 74 94 9 53 91 34 69 59 91 60 85 88 18 52 11 100 86 77 85 6 73 84 72 24 54 90 54 78 74 13 78 99 6 38 3 48 
71 71 6 13 83 42 1 52 93 11 3 30 39 88 35 11 23 7 86 76 48 39 5 73 51 34 72 56 71 26 56 42 97 61 54 31 3 54 34 47 16 37 77 54 24 11 16 98 69 1 74 
16 92 30 89 42 64 12 50 86 89 5 27 37 17 33 67 71 38 1 70 54 89 46 59 64 8 27 61 29 27 86 96 70 16 36 12 31 99 61 16 88 17 43 24 33 75 91 56 64 43 25 
17 83 22 28 46 81 54 58 9 32 44 57 2 11 92 65 41 43 77 56 30 93 50 53 77 76 95 32 40 89 56 8 71 77 87 68 10 40 26 18 24 69 26 25 31 70 89 71 12 65 78 
41 9 80 45 85 7 40 17 98 80 24 58 3 53 44 70 62 84 95 31 59 15 9 35 45 78 23 67 89 39 45 81 99 76 25 83 82 16 51 32 96 27 89 50 79 32 19 92 67 66 74 
25 32 82 59 29 59 33 95 99 23 91 79 21 18 56 56 52 71 58 83 18 84 71 67 14 54 38 57 73 3 31 97 86 64 8 14 75 92 61 73 67 51 4 87 21 59 94 72 81 52 54 
51 87 76 69 53 29 58 61 1 12 43 50 98 7 9 11 81 100 23 5 66 26 8 5 46 18 50 17 51 53 22 53 40 97 73 44 77 31 4 30 42 47 31 39 5 39 2 85 90 76 41 
8 1 1 64 46 18 13 14 20 66 35 72 57 83 45 100 12 27 55 41 68 53 23 59 57 61 12 93 2 87 34 9 88 34 72 85 3 37 99 23 2 85 46 58 68 42 9 31 68 15 23 
36 68 45 46 76 57 57 69 58 43 2 19 30 87 42 15 89 78 65 63 31 49 9 88 68 50 48 98 18 15 20 5 82 16 50 57 72 58 77 82 100 30 100 82 16 93 96 57 71 60 19 
1 60 79 41 28 81 40 77 50 54 49 6 87 64 55 96 36 12 72 69 63 2 68 44 69 60 91 25 82 2 96 35 62 26 75 41 6 14 17 55 20 65 60 6 29 66 1 16 29 25 84 
92 26 3 87 46 14 78 71 96 79 18 30 40 43 56 80 1 21 97 7 40 13 67 98 41 84 50 8 65 74 91 56 51 93 94 97 59 71 19 54 50 88 35 89 82 90 21 82 62 69 89 
2 81 7 51 74 90 100 81 54 26 24 61 28 68 7 24 26 77 94 79 26 33 65 67 15 6 87 96 68 55 84 21 87 42 71 60 32 22 93 37 47 16 50 75 83 56 50 9 32 96 39 
10 28 4 76 42 61 14 38 28 68 73 48 6 15 70 66 98 92 58 86 38 73 35 12 55 42 14 15 26 9 54 35 36 9 62 78 69 75 67 97 94 39 96 99 5 66 16 2 57 73 40 
46 97 26 58 4 68 23 18 45 31 23 31 66 31 92 95 52 18 61 100 11 52 95 61 56 12 77 10 20 1 49 66 98 74 23 53 93 45 70 89 27 45 19 92 75 62 87 26 79 99 25 
41 50 72 2 58 83 30 19 3 30 19 20 27 92 94 79 37 38 1 25 16 45 44 7 71 57 45 49 88 96 25 28 45 96 81 54 31 10 72 85 40 90 4 18 34 97 97 22 86 49 46 
1 45 41 59 15 98 56 63 37 51 88 16 47 35 97 1 17 58 24 1 97 14 56 67 99 4 15 20 89 63 17 41 7 58 52 73 7 7 36 95 9 75 10 55 9 6 7 26 64 31 78 
12 96 34 78 46 37 92 65 78 6 81 70 12 90 21 37 48 79 72 42 39 46 52 46 6 9 52 83 24 34 61 88 29 94 65 74 82 9 90 11 66 23 81 30 64 53 66 12 84 37 5 
22 34 8 67 91 17 71 74 92 4 34 79 33 79 96 58 12 56 48 23 21 70 55 50 85 59 67 96 42 3 53 16 88 60 82 31 28 4 4 72 8 89 50 92 67 97 49 30 52 48 52 
25 69 58 26 54 17 93 1 58 47 53 25 35 65 59 65 92 62 20 63 69 8 65 12 26 61 61 55 65 60 59 41 29 16 66 82 84 58 82 42 57 87 18 43 51 76 59 42 38 78 57 
58 85 73 70 10 85 30 16 1 41 74 41 69 90 59 2 73 16 36 66 72 22 84 66 72 59 24 65 48 1 21 6 37 45 75 98 30 56 14 30 96 87 23 17 28 81 18 53 48 53 18 
72 74 53 37 97 64 61 62 63 61 34 68 50 79 94 47 60 1 60 41 97 99 63 65 26 43 82 78 91 87 48 14 12 52 50 9 67 10 70 30 23 55 97 72 85 43 70 44 43 30 85 
91 80 47 55 5 42 89 35 84 75 34 97 86 85 98 46 52 8 67 33 82 22 81 53 6 23 74 50 66 3 86 8 34 84 63 91 77 51 25 60 77 58 8 14 94 6 60 97 65 78 29 
46 99 10 50 57 32 23 58 49 78 43 57 11 78 71 1 55 21 77 66 49 86 26 62 80 31 73 76 47 51 57 92 1 66 93 57 49 15 66 50 44 8 6 55 38 76 7 44 48 84 9 
96 21 34 9 100 16 34 28 62 36 84 5 36 1 97 45 1 64 10 50 7 70 55 61 59 82 20 2 81 55 10 28 75 96 37 27 63 22 54 25 57 89 81 92 41 78 88 41 41 98 91 
47 19 97 60 77 31 31 78 11 85 39 39 11 34 27 37 97 48 42 73 4 82 53 47 22 82 35 15 22 84 5 21 2 53 32 30 83 62 59 46 98 97 84 8 31 62 97 79 9 38 3 
