93 49 47
41450 11131 88383 97750 26278 23659 97493 94955 5616 16550 91204 42792 46913 30842 8337 38674 26172 31684 81078 25963 71688 60694 78864 86233 33513 90001 73465 24497 50693 57465 48705 8494 68596 53439 6243 11225 93450 3735 22531 15417 36637 13735 58208 83549 60928 66544 38574 87099 14580 
19651 29413 86267 96697 8276 88852 30209 14628 62316 71057 81672 19781 36114 90165 4728 89552 12759 32304 83001 32846 54834 98418 69482 68568 72977 53030 45847 39521 7956 32945 54100 43958 62358 56718 40654 86985 45569 87214 17965 24237 58271 15988 44017 10736 22505 65096 287 35263 97399 
99640 68108 52232 14409 37589 37152 87385 6971 82998 43257 14926 32295 97356 75235 94652 70426 15889 97988 15994 3102 15952 56582 77724 31940 16950 88459 54444 82045 5098 6058 95795 21089 74166 48027 35497 28106 1530 39233 35076 879 82490 66353 33173 96197 41588 44176 66622 73828 42164 
98968 93281 74467 55549 71005 22758 72499 75815 93553 70895 80912 99611 66690 18352 90128 31068 70200 18233 32597 9433 69661 49827 8274 52365 83000 4470 10304 27175 87444 84131 85690 86411 77412 60157 58311 64768 99266 30809 40582 92819 18056 37846 92429 84745 56197 98908 15812 26397 33492 
64760 52181 19504 14586 60454 71869 13937 81275 98524 41112 68718 99007 43153 71480 92770 3309 29791 57537 2575 76951 14470 11745 95006 52315 20525 96102 24864 19432 11913 67612 52923 93024 19792 72427 7610 96597 60647 37898 77871 75522 79009 62941 74528 38514 34420 67297 58174 64210 41185 
77100 57513 55655 88844 52518 7969 9368 48620 49184 28799 76884 16795 98074 69908 36586 86852 93869 49534 63850 31766 27405 39371 27127 6697 30251 81992 41116 97547 40165 21678 38732 17265 79190 94386 6108 48059 18706 15476 13030 84242 60626 6266 1036 75051 92525 53974 78254 86393 3507 
42103 34510 47263 97826 77988 53959 28076 59979 11427 41974 144 33104 97057 33760 28645 7794 39867 93055 42852 71694 22437 27093 48672 28702 28128 40074 21226 98453 18328 23970 18312 76782 74831 65574 74607 52819 35885 19034 29149 47311 77360 45644 96766 74416 79403 41762 82210 35622 51168 
25061 23667 73604 52153 88690 2305 96632 28764 23530 95085 47091 47499 29748 40224 22330 95321 31183 91500 47557 50216 37000 11219 43927 82644 24336 18343 78398 66097 552 30371 17265 41964 70390 7220 10468 59079 9525 7099 87842 33054 18535 51284 96905 48282 91508 35586 59955 39042 27085 
7511 5609 64084 18730 49536 63079 43065 67878 57829 25514 84781 4551 59130 43096 74940 66349 53563 34019 92225 60661 38212 25279 79196 89496 38535 43829 97355 74120 3783 52748 1204 27646 58356 81639 46375 7891 61070 5791 92120 35250 47656 93252 39800 23137 36347 31092 5838 89909 65110 
98062 50570 3321 39692 46117 9168 78226 6297 22874 52345 10080 75621 69900 37725 50329 67891 451 58219 28960 22593 66691 80561 86601 59942 20360 9737 96289 51451 15574 2549 32912 29988 69470 52585 69679 31938 78104 47905 38235 17330 16601 64666 9302 2853 2390 59630 87095 19192 34201 
32406 58136 891 12966 44736 77184 49677 70825 89824 1128 2750 92373 50391 32737 78194 2975 2416 10132 97431 66672 48366 14760 99624 13031 24061 18828 31772 83691 5922 50963 34243 38327 25450 51485 67644 70186 28668 17321 41010 34844 18448 60111 43568 85190 92848 21761 4517 11615 31892 
1947 94638 96609 16706 94261 25991 40766 29441 57762 40808 35362 25076 75050 90041 50526 26534 57684 37063 71554 75004 94424 6397 9803 54534 49964 94993 47381 88076 99509 58995 19968 17807 53632 32928 34512 64245 58919 91629 10037 33032 32437 45398 58108 23838 51790 24985 66724 9474 62047 
38277 829 56470 61025 10632 11003 27340 21976 74736 15415 37836 33730 51734 55642 3714 84662 6505 84310 59932 98133 94346 92963 46921 56095 51070 87111 7885 76054 53834 33710 54452 8462 34538 10921 85838 61521 38276 13177 99848 13011 28591 37683 63092 96677 9676 83157 81338 16180 83818 
41269 14313 94515 34231 77585 50610 1653 64695 74846 94058 34880 24907 48510 43341 75796 75782 29178 53669 30409 58706 53516 43419 3649 7551 22863 325 17226 22371 98014 33406 6189 55634 64070 703 6216 41654 67664 7868 22701 58861 18278 57580 119 83139 921 75915 58920 46450 29583 
5681 21508 99450 65451 25156 7000 88313 25480 24226 10684 39845 73983 33224 95478 38052 50278 18045 96057 34294 42265 18757 9506 60542 76337 9625 43680 93609 1891 18951 56410 47825 24631 77917 47274 90082 3072 54274 94746 44903 94851 21781 1099 68833 55004 12928 23236 21634 30973 19292 
55927 73237 38049 81784 50130 30737 91408 93809 40697 9650 29111 97106 57474 53742 75023 21100 60175 94446 75373 54920 55701 86575 76701 56799 55407 48056 86079 78642 69689 17051 97933 25615 6639 52333 23751 56768 99421 15158 66928 40117 41160 96038 53575 98633 66131 44949 19732 26305 39394 
11456 81225 11446 98030 74277 84597 69788 22332 70675 48429 92021 87725 62714 33987 10715 31398 57737 67482 47171 89247 34409 87287 30406 46798 57213 45390 12929 2161 81474 39233 57907 92929 36809 69352 7311 11085 70300 93450 49769 40974 41879 41789 45050 20944 92127 55764 68693 66216 39597 
32215 55462 90357 19502 2219 37155 93066 47608 50083 95227 29081 5667 53133 38362 42476 38836 45672 69912 9136 39121 19680 66461 97351 77820 27863 34646 69947 83626 19691 36162 39575 51905 7975 29931 87758 10193 67085 80824 57800 17167 92402 3233 22834 61886 41594 81661 721 3617 51572 
26208 59089 87604 9021 72792 65423 36883 23789 35369 36860 43479 87882 76434 11736 95856 6365 15845 6048 73449 13020 80200 6968 5421 83432 46153 67306 25025 27813 84379 44993 95736 10586 4081 83339 19606 93224 48762 72840 17013 482 9700 76843 88364 86133 88578 84219 8849 4423 6619 
82298 17442 86818 5617 39215 86601 51769 6520 27977 95933 90898 72969 91668 17836 93401 91359 53793 86625 40120 26633 3637 40601 36332 80479 45316 38816 85409 45887 47665 6183 52505 46314 39976 55674 51930 79190 42274 20050 2062 86602 32334 92959 59570 40353 27146 52970 31711 97291 39594 
88182 40275 59582 28783 76606 40061 90450 31773 41821 36336 79437 48003 5192 42102 87978 60865 94031 67168 19490 30432 69229 6091 79117 78539 82012 19470 22037 34982 51180 19327 90927 39362 59601 50509 84496 52558 6921 74945 682 48741 11281 80119 96743 32824 38572 84720 93689 48955 68239 
29530 79386 37467 51973 58503 32358 33984 94324 54394 68965 45503 90072 76244 1216 66024 26752 85711 34933 33672 77008 35614 82412 4640 32084 95506 37463 70656 80225 47503 19610 64816 77033 15347 18634 29005 90201 50991 62988 84524 21736 48305 30027 28159 24548 47594 94182 67651 33305 45466 
1322 26664 81080 85 31303 29515 95590 85117 170 92166 32620 36131 56981 26004 51478 75615 55008 41678 42957 34347 26202 81045 99003 72580 9203 23550 20173 19737 7552 69829 65202 8873 12844 62633 25309 60498 92148 37250 45615 92317 45768 78234 44800 19100 4237 96277 11066 75596 54306 
70375 26294 96859 51419 25297 85790 60621 48846 22315 96709 56398 8495 61911 81622 21339 24543 23283 81836 16690 76884 43802 25359 39003 22035 70158 58103 42623 82786 85520 34570 53443 55894 60864 66654 7312 86160 52443 84285 51357 91109 80993 24106 99604 42903 22080 37294 83798 61714 19129 
487 38597 62931 42197 77600 1317 28706 52054 60292 27843 37573 11213 81286 93467 88428 64291 17130 90939 16733 1414 42296 7842 82407 82753 23797 41661 4832 61090 25458 82897 96570 42297 21494 75852 84493 15445 77169 29551 67498 53812 57393 5070 81376 55030 14888 69804 19320 32018 60742 
36053 49783 19389 60246 48541 2142 394 90202 23325 61483 32011 6222 58052 90659 44067 50256 91504 59511 43776 21054 43360 97587 78446 64781 78962 33476 79669 48765 52795 28038 25859 5199 77820 45247 81796 26361 47388 98541 32914 87065 60023 64924 93286 34427 55583 53704 84682 47086 13214 
28457 84491 72925 42395 62936 37705 37708 12763 33725 2825 81910 61762 28683 3460 39582 73929 1608 82294 37669 148 15207 24733 76523 96482 34370 10949 68416 88073 11982 31853 17638 56790 16343 6914 15536 95631 44618 53243 24745 78343 72419 6654 56456 17453 26466 12389 7734 28073 94682 
45402 28220 26240 86486 4742 22722 37207 32042 7489 41631 60375 39342 75620 33516 72036 82533 49051 67666 43502 18646 8763 38196 91064 15416 94652 8517 58233 7040 16250 86305 18074 78003 30877 44313 64488 51970 83386 18046 364 7227 59676 60738 62920 51647 94254 34955 34179 43304 18973 
94032 78301 27735 32228 69365 59502 26879 94233 17735 50270 10482 4039 68343 4836 51267 29008 85675 3237 28745 3720 3600 52323 79747 80689 15242 31393 74942 50197 81923 34598 85521 75954 12898 13255 8181 98614 72756 51411 92846 6842 1681 19679 27233 86375 24514 78499 31734 10188 98087 
60479 30259 18038 12801 10005 98727 44395 41397 73668 94591 39671 24617 80111 15625 37515 9717 23805 52480 98824 75216 45326 5666 93248 65004 32898 79622 5870 27748 11356 16057 25835 88186 46316 43872 17338 72672 42598 61732 14069 32618 72674 53739 57234 69136 85715 11100 78852 9520 63580 
77676 1087 25257 99693 94334 6612 32590 73955 12481 60337 1662 44890 2523 6199 91205 46395 23537 80228 5344 1620 94296 37961 90646 64387 11547 59781 50101 38998 54985 75972 2577 49012 93410 44185 48704 87743 50797 97645 78050 79629 57981 79711 24518 76856 2262 32074 23250 42150 12302 
28593 43769 22949 66554 50766 3687 94452 10547 70140 33449 65531 46111 52378 30894 39521 96562 79597 43615 63710 77241 21664 43339 51573 17727 84208 28428 19988 16282 68029 62137 28583 96622 22257 51531 79527 73023 71570 73978 99921 41709 23778 65451 87819 76155 12696 43691 89069 92292 87306 
52778 85884 25321 12468 37456 43047 96676 82236 79386 12957 50264 57874 57891 63237 80131 25773 59115 53153 97342 49444 53073 39050 73222 34875 43221 65728 63922 3263 54796 56213 6920 23926 42096 32241 52745 95903 91639 49420 94490 71025 78728 61106 28898 52970 40694 25380 95095 99809 78532 
92436 49252 47956 47838 38825 99182 7410 20905 63103 10672 75700 35667 17592 15977 94114 66184 68722 6369 57822 34493 858 28846 29573 78315 74096 82542 19009 99475 77636 18817 94359 86424 84420 58666 34261 39597 74200 58022 60501 53654 68693 52552 89321 86284 68529 99786 52467 53602 6154 
26641 88094 23364 71838 17666 1678 45933 16560 20686 61760 10547 55854 56118 13322 40274 31135 63934 96222 5334 21955 56722 58988 90648 9273 64660 93283 94153 64445 62102 47754 86951 88742 52200 10314 60579 69865 28343 22864 2776 65381 84623 29675 21234 57092 42996 77859 88226 6930 74080 
93560 28884 30801 68899 35883 56426 33558 29166 50578 14354 91267 14684 17656 96360 66883 44321 73290 53099 72664 96153 55875 38044 97127 1901 75629 54218 44896 53488 42444 51825 27567 36003 97061 74720 21253 32943 47497 54810 62108 14426 85515 69726 29109 19523 82437 95991 63843 55727 65442 
52858 68231 21316 7253 65358 39568 82882 35927 84463 36369 78370 52640 80287 30724 49700 71358 51976 82642 18854 23137 61102 33280 8652 47179 62388 44526 45968 74731 8368 18046 40172 77578 86276 77839 84830 67985 17406 84063 3912 18220 36783 82281 70859 17070 13005 20558 88427 81332 19552 
23633 4469 97005 56912 29472 60535 35651 73997 6502 10381 98716 24547 66904 76293 10823 44742 77475 95159 78499 77889 99070 96719 14672 97703 67577 48093 27059 4487 52871 8390 40390 76503 29210 37394 49766 58681 97928 85417 32677 4430 12149 47745 45328 79053 40389 72502 40146 17863 67661 
34997 12104 83082 31715 26775 97136 15643 91219 40546 20129 44089 65288 60518 36944 94497 14263 86709 53178 28543 72125 2206 32972 84274 66302 78299 79678 6691 50801 36175 40905 34813 71171 53008 17894 2885 96134 31382 18528 87352 71927 55008 47793 37214 31878 84736 31711 46140 71444 1240 
74682 59921 19797 24005 44194 86099 18656 40223 92789 85808 76397 50045 20620 47568 3053 54865 50452 99186 86246 85331 86538 74525 56691 50682 11738 88568 35417 43448 34707 6860 61039 25741 66780 80836 66097 27325 83286 84752 67547 76074 86911 60296 26118 23882 7863 45522 95099 74666 44708 
97696 59997 47597 72220 16687 98278 83958 21606 50046 43757 72664 56905 4796 98404 40037 85631 80853 67361 85268 65604 51260 61341 68867 11555 3810 92748 35769 65684 87846 10434 26743 85542 70430 74339 57761 3468 88968 58070 25073 55365 1827 97737 12269 6622 12492 68657 8604 93344 52370 
93871 75300 19981 71563 44166 31535 91724 36913 67303 57407 41111 77736 84149 26652 64518 74839 764 84337 80158 58834 25762 35522 60660 23498 64143 83633 52341 32799 8588 45685 85168 18810 37336 5148 90372 81501 53034 98447 34765 36688 55854 75875 30776 56354 18878 11645 31193 35994 95981 
27702 94827 21742 63224 71838 61591 27366 71822 30284 76516 96761 92320 78036 15570 29655 99535 22293 11155 52569 20739 62271 89256 92944 54498 36383 65650 73375 48027 13194 25720 60360 40895 20546 98453 4118 8735 60044 47835 96908 6679 40703 93668 98998 18738 9237 28652 18272 47881 56158 
70840 68620 18428 76448 77915 89277 29182 43564 62652 77209 56757 88371 37568 14004 25269 52372 18121 50355 28767 82308 47263 35445 23010 40930 34442 58099 66519 79445 76370 14399 35602 63562 99370 70382 56361 77285 59658 85542 37200 38661 79102 10309 43384 33021 24312 85004 85393 58784 35358 
14159 57443 98972 49604 80452 56254 397 38550 22772 79842 31272 37170 31795 94833 52892 2176 51193 46528 78186 53086 83727 33198 32188 10387 76581 81560 34698 61584 66952 9834 13294 97463 67276 12265 47066 64080 84870 63814 18981 7641 43655 50252 61163 91802 61436 14054 10329 12628 60581 
88514 82066 60659 21712 30605 71046 14644 12164 22095 92580 79116 31928 22225 76578 99204 50841 39995 63283 35711 20160 98615 43351 80167 48867 20865 71968 10302 34918 82296 39282 11850 87162 21347 72509 8873 68303 59906 39868 80466 82000 32447 75933 30280 54671 68862 29483 5512 25208 9117 
41222 45368 7731 924 25534 72949 21789 97501 83251 56706 96148 38884 84908 83309 76582 73768 8533 44884 33673 48401 25349 32024 80847 17634 78655 51870 86495 24489 57381 11703 33605 14954 57070 57688 15877 82603 46988 37665 96455 30238 10723 92602 85473 11982 92263 62054 85749 795 6937 
35773 49195 48638 84148 46394 66271 62803 98263 52765 87291 71995 80819 37248 86948 37888 11287 19176 36842 58274 73193 49648 4864 83915 58602 90336 12248 50864 52390 14348 51658 75678 50120 853 24315 50619 63598 6937 13421 61860 76054 17064 33854 56872 70663 37153 11112 81949 56328 47953 
40222 29520 13953 45085 29786 72554 51773 58385 23417 4162 72732 75074 96191 22851 92278 20506 89822 55875 43794 19594 34086 19847 36657 84291 93071 7319 21443 4182 5619 94123 68486 45841 39994 82438 7277 86132 54991 59049 44516 78407 79562 17248 69833 75753 56450 78462 12610 46271 50689 
56403 82217 84774 92602 18873 85417 85672 42544 6859 6205 48162 17333 74690 10354 57327 73480 33983 59810 28470 9383 4325 23229 5297 37924 9413 81049 94374 87874 10010 56996 38562 82764 39212 39688 91717 74437 25104 93740 33332 48314 99944 97845 65647 90986 24551 39325 64465 74885 99134 
9286 84267 19810 48866 89563 57734 58278 86963 68459 62504 96972 41806 17417 79736 97370 73456 87804 88158 98559 81544 21489 46873 81487 19333 28871 88824 60235 84547 53288 35119 32 78926 19386 19841 44143 25300 93926 2421 12263 78736 81276 25586 20542 98692 21673 34263 88500 9477 22420 
87058 91020 60260 50282 88858 95944 95504 77682 56179 80050 30969 91297 80081 26246 27034 16274 70389 52334 26551 89161 80948 5287 70436 6533 42180 85479 44558 76442 73978 54034 15213 77388 61405 75472 27669 50262 71415 39525 27943 27593 19574 75264 18890 16007 1509 62275 48632 88249 30960 
75182 77409 11907 80468 64196 34792 22647 66027 79349 15440 56356 49734 30652 33743 27490 6123 77764 77751 77538 17288 5694 5130 53213 97309 40371 85571 98817 18998 34202 87066 49957 25736 80826 61864 22555 45022 13007 45202 11048 8707 76993 67403 58440 7645 17498 85929 13767 95261 80031 
7656 28900 2076 29138 98464 99384 85860 387 98201 4857 50940 1618 54814 76675 82443 16677 99230 43816 46035 60783 54863 54741 37775 38618 29532 45419 56115 31812 75538 67727 11842 83193 12978 13918 28682 11441 13301 14542 11827 27853 19398 62767 45822 74211 55793 44617 7239 55022 88432 
53273 15804 59647 24365 69931 98264 53896 15349 70730 85707 7238 54808 97549 6783 84137 11466 35464 11929 41118 50005 23756 85323 69403 2874 31144 59965 75018 75760 83556 30040 64192 36828 62195 40190 61193 48477 54805 15088 80178 41886 17147 87415 13045 14695 94197 97181 42512 46013 9109 
99981 96017 49216 85303 81771 68441 16447 41736 43459 8558 25291 89850 89101 78470 68396 29290 56014 16873 84094 87454 97050 42331 4600 816 55375 35646 11365 52555 78157 57377 61664 78137 53393 10879 79792 51516 95672 12590 93251 39130 21147 34893 28979 26600 29714 13726 55889 85728 30598 
56335 89533 43999 98665 94132 44815 54040 29777 56179 22946 24285 13555 84609 18773 83299 11840 98564 34814 7511 11153 44416 62992 48652 95660 8322 75251 25374 22047 47491 27453 52645 20177 16985 12995 35194 11116 57809 5585 57244 13987 28530 97880 43893 13139 16652 43544 41330 15216 94709 
65192 42720 55477 44535 7723 67488 52856 99325 92861 74902 63168 36665 43898 83344 53649 56893 34889 81116 31053 40473 54711 61392 69003 52590 21636 98493 69242 65179 39822 809 76240 21365 59880 31716 65899 83955 99203 18754 83279 8416 10007 62798 61432 70257 62494 15081 43501 97382 12548 
74553 37855 83611 52296 6857 36200 73932 5349 21793 55462 61522 38953 31701 82886 15185 79768 65136 99139 95323 83889 98769 3738 10247 61567 65169 80503 24060 96601 24003 21441 25501 14908 75647 9111 83555 82503 61662 57486 4203 83455 29300 82076 38759 61000 64961 53943 57120 30096 53081 
52442 30336 51850 72531 40583 29768 37699 37437 53827 50652 77792 91619 92504 9051 83618 1614 92605 82472 79627 66443 86675 63081 95742 85102 18192 56741 66415 72134 30212 12862 41567 82653 43198 93416 55183 132 39535 9234 37568 93361 59885 31711 1331 52388 40761 84948 70353 33366 83772 
49979 99808 70446 29412 95549 71899 47603 68641 38313 36088 98853 51175 77654 81505 94372 71069 53040 10855 10603 62273 64774 20315 38509 96485 37998 7248 37245 39297 93952 86962 23068 43930 3121 9865 89693 98669 81764 37295 83662 20076 89735 98866 71250 67388 96722 81973 54809 49761 92827 
81763 28385 57601 2078 66893 70437 56427 90492 24033 12075 84443 10995 51495 44725 14115 77711 34417 29136 75826 88064 29149 95902 77798 28014 83503 45185 41087 81828 99993 90848 91006 81756 35584 64958 185 18829 35394 72963 9320 59427 1389 10115 86773 52883 54839 887 30594 89255 46374 
6419 93670 91874 18672 71467 19887 18527 33004 60974 16706 32996 68173 7711 31103 3756 72669 47639 38936 24414 20601 48256 192 21990 58370 86964 91224 29560 4203 21817 35166 66928 44588 28836 58802 79611 16654 95040 14489 49657 72365 31194 99005 40537 55257 46459 60645 44277 94098 99580 
68690 31050 64187 85234 53039 38908 72197 44263 68467 92751 82431 3633 59679 43370 48820 18480 39333 65473 29871 53821 31482 2236 1367 46838 42772 56623 93296 19768 17251 3745 35700 85940 34795 99886 87525 87833 38794 59722 48447 23612 68824 47230 27244 28502 90599 76063 63333 29931 57888 
93204 104 5721 95439 17822 52558 54562 74444 45853 74330 8046 49598 26381 10337 84392 26266 97862 88576 81411 73935 53375 5023 42758 604 32266 71260 7554 24681 50944 53837 98920 44147 53940 4640 55937 71761 57197 10499 62556 19401 1180 70601 85350 27560 80937 86093 53825 95150 74669 
51588 69084 44395 56610 11842 44998 5227 83101 52551 29907 50396 6387 28826 94543 76678 49817 50479 64790 7013 77329 43697 42766 78508 30649 28115 22419 27938 14208 76244 23087 5228 44183 92171 49622 792 20364 10971 6018 19816 63521 52277 70211 86260 97454 64753 79289 47271 31584 60431 
54283 25264 20479 13400 20124 51128 41515 42542 95417 55722 35137 18503 77301 79319 27025 26922 80110 47388 37892 86128 67203 17764 38404 37414 20375 35857 18518 16016 83127 66453 92798 53762 8069 13276 67161 28192 64403 25027 70733 76171 97100 5870 11026 74400 85188 38050 1321 65298 1790 
55564 67777 85344 89680 22532 39109 26406 58388 57627 58773 57867 40431 51570 27980 48499 64846 11492 76690 45600 36519 63775 21771 33618 69644 32796 24370 71183 87197 42042 52832 88986 13958 20608 90682 3637 43139 29790 46394 17879 3768 21519 92097 44199 73088 36428 9049 54285 47919 2091 
99885 789 65865 38007 50759 35508 87154 91480 23042 90702 33521 75874 96040 47478 96481 86721 67466 55972 16510 30212 90202 20278 51730 82298 80828 24817 18725 89876 79102 82995 91966 95338 136 74182 49696 67246 26041 36849 58725 49083 27550 92245 24956 23589 56075 37788 10309 23540 93759 
43171 53751 83960 63448 5480 82609 44275 46649 17685 34150 42102 17032 42468 37439 33519 16649 3486 764 42690 40334 59488 8124 84235 68084 33079 24176 24158 70866 50836 64050 80977 94006 34152 81288 57453 55984 63897 18079 2632 97933 68581 44733 14964 11048 98523 64834 44048 18360 65597 
3089 75045 41436 11212 59279 25872 60642 99806 50029 31508 50642 30430 28836 60999 64582 10123 34804 20565 90371 52882 39548 88304 21462 632 19619 48861 15506 84453 9261 33865 66401 12349 8909 7837 39913 84539 33708 554 84345 88 48413 34986 46870 77248 12336 11451 87371 47139 48367 
94093 21 87914 82396 37834 88545 18367 3047 4050 19171 12307 37914 85571 41007 63174 9759 80919 47712 59818 81473 32056 76258 46237 83393 23127 23485 95729 34577 27207 42867 82943 21299 59239 87208 20047 97073 75752 54765 119 96153 73935 28777 50418 75857 69783 13591 85616 50702 61302 
61785 48526 9710 38042 94762 93102 61168 34598 5182 95744 61804 64401 95038 83103 23639 98597 19501 37063 74348 74265 53533 86852 48199 82309 37269 40407 52092 50859 26022 19145 28513 4159 84022 38222 42200 78783 47675 3368 13381 52857 15463 91536 33609 26853 90990 57247 25449 10490 10662 
16149 84754 64194 3000 49304 62855 40269 89711 31298 7479 32084 66794 35991 36242 50815 90564 78442 29597 38239 98161 59329 7447 13623 67217 41055 56827 58206 14653 82276 85048 25314 98424 86153 5860 17775 35457 85066 58043 41519 16363 65522 89954 83156 17864 26196 33970 8428 20989 79918 
46666 35501 55599 70464 65475 22815 11518 22302 97372 26170 20929 82419 67836 35704 68572 73695 53478 20380 75112 27873 78250 7826 9746 68203 7333 27609 10750 57654 52388 48090 37571 15405 83590 9521 85868 65417 48687 97385 87718 46059 23555 24998 28477 7742 60701 13400 97788 14178 50131 
72899 42050 28380 80724 51795 96583 88056 95756 23684 45709 48143 71774 99631 63548 71715 25504 49415 37131 74190 63152 41200 20248 3058 66197 65077 10799 26897 94828 8586 57427 44959 81484 15828 73338 78559 83975 86272 82966 96082 9956 28674 44224 98081 44656 24123 69795 70159 89890 6926 
44349 53041 48125 80948 56098 30674 62376 66896 73922 57204 75481 47700 2162 73316 63528 91851 68226 63854 94475 51191 59935 4430 96216 20510 2510 40871 44633 72304 27382 34522 95581 88082 3914 60058 69029 60011 90731 31405 26906 64652 4960 18738 12352 7121 8405 92231 15323 76630 56084 
9797 44172 32370 30578 40387 52879 49439 97609 13863 38095 41342 64736 33675 29423 68649 93732 14804 28659 814 46208 71916 81818 51167 7005 10521 74639 15409 19103 6313 8390 91538 32462 52561 23907 63039 92947 93137 12478 6908 7000 50572 48249 71735 598 77672 56736 10682 92475 85394 
11495 55034 73662 9664 22552 80666 20184 13542 96075 39286 19854 4464 30823 52315 57025 71081 31706 66323 64218 60535 73230 87569 27458 21479 75655 28055 15502 32390 55088 7976 34136 66583 63009 7797 92598 1912 88462 29134 15453 888 84771 51658 5352 15594 20325 78728 3026 52030 61402 
67243 12564 34632 54811 56373 72462 30466 84427 87963 79207 39515 12290 13342 22449 91650 21138 31398 93561 25952 60531 9013 26839 45302 60670 48542 77247 80994 43621 80272 49375 5023 63867 78290 56006 18677 34662 28467 65494 35441 32781 61053 74955 45070 74394 13755 36719 11884 45152 46631 
37835 5683 55643 81025 67336 32664 29567 44582 30010 89539 24853 79384 10913 88719 74026 66918 23748 8687 11736 5593 44127 44516 66645 35433 5937 57391 65539 42655 69274 10691 5637 23460 32725 61279 4484 60 10295 50402 60993 40304 56293 85845 36039 67205 90916 10064 34123 31015 18751 
45858 36607 79229 6726 19604 31014 12662 93346 96552 71669 78971 7242 77305 2430 56318 54936 23265 72729 65230 90019 33721 21885 46311 35918 57923 13515 43185 84339 47637 74199 19441 9847 27157 98669 32924 63112 29682 61937 56457 42586 33605 35427 66179 27262 54208 22497 98549 77473 11577 
80130 67491 45298 2014 13801 97567 76288 27315 40751 76978 91304 14949 96418 17502 42105 11439 50425 21569 57472 28713 78025 57 78670 29804 66236 5931 84011 5084 20831 61483 16660 960 45325 61957 19325 59125 59523 11964 2792 16625 88942 10447 31573 85359 44300 90030 96797 11076 11598 
54269 39788 5974 70677 18457 35777 36912 40739 19788 41995 61569 97622 58655 78880 42947 36963 14556 18423 12838 26520 37566 29462 15461 48012 77387 819 8663 67416 13968 19738 95365 84588 75878 1338 55264 94334 53467 92176 51425 73254 50522 29345 87227 9176 8225 30173 62491 22780 64948 
75328 49299 2513 21141 81111 66877 98527 98282 75539 82294 12249 11629 77658 13188 87506 78996 68451 81839 32462 76978 49615 22067 27500 78960 9293 53027 87184 55818 15517 26315 37117 7196 91966 39629 28337 89428 6505 43215 87709 98396 25509 16309 10024 3166 29496 13881 98513 97947 12071 
47326 74924 61686 85744 2423 40645 11389 71802 44180 67206 87318 86846 4322 10866 78811 60302 55554 68239 83159 98768 72299 81554 24276 88608 7929 43794 18103 21809 42306 16049 33879 89632 7325 95564 91727 26099 52560 3115 97900 96739 86672 1570 99937 90993 12435 78747 67647 67988 63337 
50805 66755 51988 48710 7383 40595 56638 51176 58697 94798 93481 91098 45028 99464 98422 56944 91191 40872 9503 10657 38772 22594 97329 40341 22530 88321 52775 17628 72319 37114 97317 23123 20220 49304 88184 27602 89898 44821 95129 64946 55970 4962 72395 998 20777 87168 57941 11967 28040 
83795 38976 66811 6388 36304 23503 45269 40976 76277 62897 13295 29742 60213 52769 49961 25868 40953 93915 32117 2125 89043 97062 58095 94004 85809 75444 31133 72976 49736 59451 1015 33530 98426 84177 56270 34729 7679 1538 75705 307 80786 88999 30048 57350 41767 96361 83217 82719 90275 
15333 84844 95669 28747 59290 6025 30907 34733 37157 3882 84468 96607 21249 17997 95033 5425 74266 29761 29456 92156 5465 29762 72941 10815 76162 30291 52582 72522 13507 51652 79148 45192 36495 91168 90290 12136 97192 21196 46868 50700 41429 47687 63659 62677 65684 58691 84454 56301 4803 
13909 64808 26620 43670 37749 37434 36183 84391 6367 8704 14249 58019 4203 59440 10865 95371 66081 23001 8914 87276 86220 75966 45057 33907 39624 7733 99590 98314 92186 72242 19468 6094 37050 46087 66116 91150 99873 2298 75540 6239 27354 89788 64257 31556 65580 91474 43278 31660 14474 
68544 35288 17045 44509 80344 50951 84132 4428 66892 98797 96614 39134 18264 19059 92535 80703 1526 36 80575 3824 75575 3165 47529 81714 83774 79084 63645 75247 38714 11657 6072 7257 46944 23116 68117 43639 74067 52248 64418 40958 67396 61031 96443 2011 96442 5329 82713 97967 5364 
79639 18142 97290 99156 65670 79004 82929 44754 59000 74527 99819 70656 80598 23427 33951 20065 91543 77589 10483 60142 42007 67793 27537 19389 64235 29547 32182 85916 28612 30149 91279 24602 48290 4921 23757 13960 276 23037 75065 59275 97563 91235 29931 94512 14661 63881 30929 6203 57822 
41411 66344 16180 9203 10232 51920 89790 39778 84102 92057 84741 14250 99687 9343 78891 4607 49451 9202 4882 72488 84266 80509 86402 91852 10439 80914 6512 90671 11842 29066 64844 69604 95409 81023 95159 21992 32943 1300 78122 17044 93356 62862 47645 93042 88556 42887 97649 54359 52089 
