47 19 6
82 13 45 69 37 10 25 67 24 88 5 14 49 13 14 27 22 54 53 
91 8 17 39 20 76 12 4 47 58 22 45 92 34 41 60 23 50 36 
89 25 23 46 38 72 58 52 50 79 57 2 21 16 70 60 36 97 23 
91 43 33 12 39 24 98 79 35 72 81 70 60 5 92 5 95 15 14 
98 17 45 54 18 65 70 40 76 57 36 51 47 31 83 10 21 6 59 
52 40 30 32 61 42 88 4 98 34 19 12 31 35 56 37 4 72 58 
95 100 14 83 50 12 65 84 73 85 41 32 36 32 13 19 92 54 59 
95 52 44 65 15 75 51 22 11 7 93 20 53 44 33 35 45 96 99 
80 68 36 20 51 23 3 64 94 94 69 4 41 72 47 57 86 21 60 
59 83 66 4 2 18 47 86 5 44 33 55 23 1 90 43 3 13 45 
18 58 91 87 61 83 10 7 91 48 80 50 6 62 67 9 16 37 56 
53 93 99 86 47 73 38 37 15 40 1 12 58 10 54 96 70 88 57 
76 78 4 55 80 10 69 98 18 36 34 25 88 26 75 25 25 48 62 
13 14 54 65 77 63 74 82 58 43 69 66 70 99 70 25 30 79 45 
27 48 32 13 25 19 38 99 96 14 98 57 26 64 62 90 40 24 63 
22 33 5 42 99 75 92 68 51 21 98 47 48 45 78 60 69 48 49 
20 43 63 17 52 88 80 13 78 72 89 92 45 73 49 38 71 23 30 
90 25 50 39 23 97 84 100 8 4 99 57 75 42 71 44 45 58 75 
9 87 46 97 31 42 22 79 80 92 53 61 34 77 10 72 99 59 7 
50 18 63 48 74 37 41 44 80 85 54 55 46 92 52 94 22 46 15 
52 25 59 4 85 92 32 46 15 30 56 22 31 74 84 31 47 72 71 
43 4 8 48 10 53 91 13 98 65 58 13 16 34 71 72 70 14 3 
16 28 85 71 1 15 44 36 45 43 60 68 37 63 75 36 24 79 26 
36 28 90 94 40 58 27 62 29 49 27 83 64 7 67 86 59 82 82 
95 78 24 6 97 60 68 23 47 91 53 72 26 81 14 71 20 23 50 
34 51 98 60 33 61 18 52 98 77 85 79 71 62 54 76 11 65 95 
33 11 37 86 83 14 66 48 85 37 70 86 70 72 83 82 56 95 99 
7 92 75 91 23 97 5 76 24 15 41 70 47 51 6 84 33 20 49 
80 56 86 1 41 7 72 75 88 28 69 39 34 12 65 77 34 62 81 
10 37 95 50 7 93 100 64 77 85 35 77 16 90 62 17 82 21 40 
56 8 67 24 98 53 36 63 29 21 76 9 30 12 55 79 70 99 31 
34 75 67 68 52 34 10 65 2 91 85 42 99 45 8 74 94 12 61 
56 40 82 31 100 11 95 54 42 64 5 24 49 79 90 69 82 23 78 
99 77 20 35 18 70 79 77 44 73 89 4 80 80 85 63 80 96 57 
85 89 72 89 12 21 20 53 41 1 27 70 51 3 89 86 20 59 16 
49 54 40 37 57 20 68 42 82 47 89 90 84 77 61 72 40 33 43 
92 73 96 18 42 46 73 83 31 92 93 99 92 46 38 28 54 57 96 
47 90 94 87 79 77 63 92 1 54 76 95 97 1 90 67 42 36 39 
76 18 82 20 16 74 17 6 53 71 14 48 17 4 94 4 34 22 18 
77 74 24 53 69 20 53 58 86 46 45 76 74 63 58 93 30 83 10 
35 35 32 49 35 100 4 28 55 89 1 25 66 75 48 18 43 19 22 
52 57 19 97 32 92 11 41 85 40 75 46 27 10 29 27 44 28 82 
23 35 70 75 59 35 49 58 4 43 76 77 95 84 96 91 68 87 1 
60 23 92 35 68 70 44 48 96 39 76 77 13 10 47 87 20 33 88 
77 89 30 4 65 24 40 12 66 7 99 18 66 21 10 100 41 31 95 
88 27 85 15 55 97 76 53 36 95 86 23 23 26 4 27 90 28 66 
2 45 24 52 15 41 24 24 93 16 6 87 56 32 72 70 87 20 46 
