518 30 6
24409 7605 47779 68453 22439 54431 82707 91995 20918 15963 58499 39027 93342 98706 44859 88332 44704 23975 52229 81683 29731 12971 68856 98594 9459 3275 23741 90991 35392 4970 
56316 76153 12574 20446 44605 51364 91228 27311 59710 28498 59625 34561 83876 52967 33266 28734 57650 94322 52709 9878 76004 82439 22849 44859 81032 48659 64485 4772 39649 16228 
26093 12316 92380 55018 49114 53337 6382 40341 80647 82443 85190 56624 17003 69065 25942 50269 97799 83591 44590 50507 9821 36945 49297 49021 81803 46681 97679 62639 67804 53679 
78866 93897 82346 71246 48914 31459 24582 71647 88152 21580 70442 73341 78203 87444 42406 4144 54064 56556 4087 15005 7062 13907 51949 72710 62927 50103 19390 76957 12741 87194 
46987 91607 97442 29332 79204 46355 60791 3785 34354 48942 41716 4795 22282 36271 8590 81039 56766 62654 37594 60852 77658 61007 91110 29607 33717 70388 79709 53106 47344 8802 
56651 94330 408 54092 23662 79611 16799 804 99747 67504 66097 57814 72298 88378 94084 80887 85769 50850 59892 23362 28053 37550 721 19163 83508 34437 5902 79568 3894 53246 
88369 60545 63927 5128 30988 3940 1090 64138 21095 17188 31641 87191 75002 20290 91921 69085 17529 77689 36286 77420 17402 80691 31321 18122 16205 31180 52558 22106 10748 56452 
91703 15468 33348 71982 20596 80687 75921 21685 44825 97016 55225 76465 558 30226 96755 92478 15662 30635 70166 51948 8054 87568 48990 55727 22041 65194 86906 74599 87299 14005 
47402 95354 29473 97101 67335 66420 77787 43255 4456 22611 56622 59680 15428 57180 89905 28534 66009 5567 59168 36175 73866 67221 40094 22855 39299 62134 4400 26205 53084 91698 
40209 16837 87051 86033 13937 54385 52452 8076 13992 56908 30686 86965 32939 62465 60496 22844 90998 26505 44762 50165 79031 34979 33738 19124 74185 73036 97609 78584 15592 50693 
86633 55801 67529 73684 58185 97818 44420 10637 5893 74763 83896 52930 78080 16834 15395 38575 56029 6392 81431 17142 56557 60461 52120 6646 95936 42656 79681 93545 21239 95273 
60589 7872 67425 28117 97907 25609 42286 58678 52597 48178 33441 52844 17460 27872 86030 32854 82798 58410 39245 64229 75552 12153 41041 44023 18798 36977 86679 14831 46873 7917 
26455 7461 32140 93879 51929 30046 35839 94215 5076 4788 58744 54868 73983 76203 82739 60012 9056 65536 18422 64653 46116 10325 93157 87157 54347 28307 40485 57377 43137 87357 
81646 69591 94817 13785 79821 46745 60183 32011 57311 65258 53150 32407 20125 27133 8609 19215 87144 34017 84750 21917 15021 30866 32241 8177 34374 2940 52835 74858 60316 95971 
62214 58313 81913 57030 72098 78085 20126 48632 26448 93789 30241 79597 26195 50365 6729 51155 69579 10225 85171 70680 32141 16543 17897 64382 41072 52270 83673 93906 27127 60340 
6229 89340 18653 4493 62721 7102 82578 99199 55733 9025 92987 85973 4973 19181 52689 11702 70335 38619 21926 71858 9298 70418 88400 43547 51151 29471 95816 34823 39729 22943 
95163 45957 28634 30167 50449 7707 37268 49378 6905 9352 74754 99891 95324 79727 35423 64364 7780 5757 2982 46057 93966 28631 16474 82366 72177 67625 28188 67993 18799 84268 
7287 13961 30224 35920 60479 97025 43626 97746 62754 66882 7097 53860 66772 18772 49938 2194 83135 57717 24303 86116 20125 18268 31099 36598 16985 3275 20574 61525 87619 39373 
45792 11257 69685 92368 63529 30164 5744 7154 44261 68497 90388 51358 38708 57159 70129 88645 75705 69616 62713 16359 72083 82837 34626 3181 35787 67963 22808 72712 29487 10426 
12084 91630 38035 98121 83997 1563 44636 6092 25068 88896 74589 15455 40253 13296 72614 26734 18293 64670 96349 81005 81028 68431 80194 32005 87964 15980 99967 10771 88691 45805 
37548 17127 53787 75582 31599 54135 77144 76234 60227 2212 65129 51167 17666 21734 80814 6631 48467 99106 71300 61167 80111 68679 45949 60304 684 33912 92635 17002 61034 97677 
79159 14934 14803 32945 90515 46401 87079 84011 38986 47305 2574 4115 98471 36591 42200 79285 59574 90666 94742 30873 68184 74852 15904 14132 51507 16587 64396 44141 49940 41781 
41818 29098 56714 72972 62042 47229 35725 65473 47591 74710 12777 66516 95176 27600 3106 37375 23236 62679 44392 17977 9904 28927 9181 25807 59411 77039 58745 23806 37532 8684 
65586 95701 37782 22300 68672 99823 85880 20748 65295 49822 11810 94424 16337 23337 38375 19442 60712 77962 98473 21455 12290 8376 50382 21470 50534 9792 98509 9278 49949 52392 
34313 15534 48092 72094 54185 16763 88269 56416 53863 69915 6237 65672 80690 22573 5360 19064 58367 66071 13377 73191 3878 25667 97918 54259 47136 48451 80402 61996 74080 30350 
14387 24744 45883 78830 96838 16420 95593 1458 72835 65807 71372 79072 47830 52062 17996 53189 87477 92714 35612 854 82256 39489 26520 80173 93747 90007 44975 74148 68355 35406 
4497 99093 60150 66731 77923 73339 99502 89867 74796 72337 55673 46167 67760 19854 14580 2107 73042 18409 11173 8653 35614 93428 48141 62133 89953 58239 68491 51279 48738 53197 
3037 69586 52290 63186 52669 46564 36524 52170 52782 27671 24506 24806 90189 8617 44659 4769 27076 17700 39529 38248 42705 75142 48027 7197 53626 54331 65436 22116 5610 30525 
91665 8646 111 43954 88183 52779 6869 41058 4948 59650 68728 45806 84455 58916 70774 45465 80036 97849 79516 35916 52448 22220 11057 16827 45769 64682 87509 11204 3150 93118 
58080 94814 18115 58190 55119 22649 27320 61987 63706 48620 37988 48785 10777 38794 24053 81550 84258 20440 95751 63773 56356 64550 2345 67412 97728 48113 48446 85237 75668 51595 
94706 33747 62760 12821 8289 17878 51821 35608 96216 15527 84227 34203 80663 11355 89348 4715 9257 73605 25155 21359 53729 81510 85908 56073 65273 83636 4185 13718 85224 79852 
65312 79929 29951 28071 9101 38239 62300 60922 90198 58515 92800 90777 9069 73462 2131 98416 78177 11387 88372 19683 32745 58453 1192 35005 14525 66464 34992 35062 96534 20215 
31265 61845 16495 61215 6268 25596 15805 84919 2869 6003 59786 95668 96779 68854 69129 15261 83622 63657 26648 88345 83339 75744 46797 882 10748 77674 83698 45739 12735 80231 
82305 60351 58427 98800 21566 81046 40747 53722 65965 43615 59724 25750 39282 72854 10955 24762 88115 10928 88419 31114 99273 88109 6857 62421 88991 33957 40094 89040 96047 69180 
69270 78352 29531 27696 93503 51096 25094 34249 21169 91058 77863 80893 33159 33496 70098 44113 58257 58212 55041 46675 5677 70665 51136 12534 33085 56478 46490 89531 45517 58888 
58710 31138 37239 88240 75185 47093 55687 278 81341 76856 91335 75555 74100 24493 9050 44197 84958 67307 18761 56350 30333 24437 43366 97820 36970 92802 54297 99811 82332 16165 
58699 57394 47302 12289 45633 22487 75734 17672 22764 57074 94527 30451 48981 68626 71295 58030 29174 56252 41688 47934 28953 72021 72371 88670 69840 25692 81472 40489 41855 80155 
56653 16905 37548 20307 29193 83181 42793 21278 17204 81908 94704 11730 12358 43684 96707 83653 18065 42232 56256 59753 90166 85209 48125 78888 73878 34316 4579 71701 74804 46433 
51856 47809 63337 89403 68115 8882 88935 27259 30159 6138 9166 24862 34219 21524 68545 47277 5176 2962 89509 77783 62714 79674 79343 10838 74913 53221 45153 79491 41273 36309 
42276 93128 84117 5612 82531 68583 30845 87817 95841 61004 93955 21358 2217 44525 42881 87114 91802 64408 90075 97662 42191 52788 93687 21533 79977 68599 91105 41481 48089 32378 
94141 90364 41857 78257 12328 40739 63191 43172 28556 75383 20527 38862 96741 39096 83386 55973 26209 91539 20381 16283 89200 78923 85422 82886 16807 81750 51484 24264 23230 15925 
72993 17371 22640 14849 11979 51319 55588 91522 10843 84143 66904 31369 39356 63644 86816 39093 19617 13024 30632 56349 45658 36183 51623 47431 35421 68429 29180 3256 92692 68762 
19180 65684 2484 58172 96885 30814 9490 52472 22335 20332 52966 5591 68053 8673 85586 54868 47765 21554 84244 94748 77902 46253 30931 29524 93684 66351 14305 39215 69606 23348 
7976 5138 5384 26811 63309 2268 57625 89150 71091 96311 25834 40408 1901 93886 49080 87487 65105 96844 9040 65700 91592 3294 11953 38874 49169 21988 21576 63473 61202 7533 
86821 85530 12670 8556 28692 92330 10823 86316 97832 98265 82627 23665 38672 879 33902 87751 88365 15358 946 13757 81058 8889 17050 9362 47762 66218 31349 85689 46043 8902 
93222 32863 94431 22243 41418 23123 14573 68592 25790 12404 66856 24768 52420 5527 25647 86321 9629 30363 1678 10574 44119 99087 35815 77520 8448 83576 60090 39796 85617 6132 
48698 78838 55346 59480 1080 13115 98954 32004 81706 41096 60759 64913 65863 13178 86791 7861 15850 96419 38224 17528 23344 98694 32966 59158 92566 41414 59086 52655 97561 44702 
58786 62610 39891 14131 22090 57322 27245 37395 5678 25302 78490 66436 6566 44353 95966 93356 68565 28167 6126 6788 62046 29469 21834 95012 4979 14399 36425 80416 83405 33985 
41469 42190 12947 81359 72672 51388 38680 16268 88782 60709 41569 67272 27145 48134 27976 39462 57841 96540 67628 63966 19680 29674 9786 57865 24685 31116 88615 77461 11531 72019 
27797 52999 30560 40743 50709 3231 92130 5741 19498 97264 66449 77418 64535 9945 41903 8862 49406 16095 21753 33386 80060 57784 79411 6197 32000 20447 37313 20614 97907 48843 
8984 42055 18194 55895 82798 68902 59125 91279 90994 94974 88542 57443 88743 69428 67387 46997 94641 33145 63091 32746 82882 59502 90529 62292 65699 38881 82738 19363 59494 96996 
84557 84830 55402 2750 40724 54551 88004 16201 45830 78997 27526 50723 52791 16269 20151 20178 79617 31143 69674 42708 63888 52555 18561 54417 31198 84259 93297 13935 3621 69142 
27282 4530 70323 82683 7279 27399 37234 11634 43599 99415 90631 87476 66489 43421 3744 2991 79950 99713 34134 65975 58772 98021 18529 77332 68789 49726 77943 78437 80012 97915 
63931 23645 2444 50605 22680 9723 78003 76265 37708 21601 75679 28338 25429 42167 88111 45524 45158 84412 45236 95643 50387 4007 93663 85267 81339 78804 51345 59281 57240 31356 
73547 37522 71353 75991 88127 94032 2065 66129 70296 39772 4082 62326 84462 29510 4492 72572 75033 66001 73335 20269 61643 23721 40627 71658 25340 38317 66813 76684 13949 24052 
24391 87496 77926 95743 63486 66052 89774 65550 48532 60069 21673 68965 22394 6134 98474 43238 95057 89859 25590 68392 26479 3585 8464 67105 91594 33803 5422 58406 10486 35722 
98809 34877 23217 76734 46971 86702 59137 36745 68603 7669 13165 6628 76633 51911 12761 91459 95148 7818 97669 37089 76209 24147 40673 84672 7603 32266 34827 29376 90671 45312 
65098 5832 96540 88314 82565 43511 91368 41702 96607 76322 65722 9771 99301 58706 61681 12062 66516 73180 36231 64184 10269 28791 4682 67293 29814 12285 15911 64640 58012 22933 
26304 23109 28764 22843 27775 27681 82705 35494 69382 79311 28167 51455 89082 27468 26512 67114 55881 93028 56646 8463 57211 83266 37253 61893 50558 67066 90529 82820 48058 48540 
5753 74361 88001 34516 97203 32127 78548 96260 83972 47929 75570 28490 15735 81003 72309 42247 64469 28189 51626 21114 36651 8836 4379 90255 87080 71288 57321 93960 54108 21730 
58852 59860 96090 63204 10727 9644 11682 89275 5903 95653 53555 81473 24142 85642 78827 96451 27888 43295 40991 79513 64408 93994 4700 85138 84248 8132 56426 57920 2091 10533 
79649 77294 86744 75738 40497 97470 1734 52178 3096 7636 64182 56651 5460 4676 42292 84287 17478 86531 27581 58468 82395 8341 68813 3446 93478 69413 11577 66255 27332 30020 
76787 23333 7313 79882 15422 64162 77352 17155 32691 96799 24791 96873 53449 30250 1548 12092 30888 19025 14974 74821 93844 13720 83161 62657 17166 92990 32069 45094 59245 75752 
75113 52383 99084 98778 32265 30858 79291 25968 48012 11981 22766 89154 8853 92567 35756 26752 21010 66643 62128 35984 41463 55972 66055 40975 34980 83220 33965 83400 44666 9561 
59151 36130 78295 74587 51259 10559 5444 30549 36526 69807 42530 75644 75313 67734 68210 11068 10838 89219 94062 72965 41554 51877 28936 7609 92851 80267 7180 43167 63666 51845 
52727 22817 87975 31022 13755 55585 57932 35550 86134 10810 21708 45015 86453 97020 12748 54662 8087 23585 60232 18501 96550 1786 70377 41837 25746 63227 22104 32925 6394 85769 
1122 75472 24937 5448 22845 55043 61032 80777 90592 47165 7938 12300 92179 94390 9319 21279 65403 33758 61215 25634 52258 74116 43771 22634 15953 85868 2212 54408 18793 24957 
56528 36266 16781 81465 58065 39625 52859 35448 36753 59803 98965 44690 72102 7495 55431 97772 28773 20833 47881 89988 62819 138 64103 22941 39123 96407 8809 57687 50814 43953 
82643 7342 96570 99423 5158 54634 55400 74368 90081 92152 34170 89045 53194 6271 96540 8624 20395 41664 45809 68275 31651 24979 84765 12106 47919 40239 24864 73079 97925 92030 
17031 80568 99371 13600 96342 20880 68233 51741 95247 74666 43893 29417 63710 13438 52039 76601 38413 88785 18265 84221 73412 49915 25551 58176 78372 89822 98414 3236 62900 12691 
95265 79931 93258 10987 9882 5951 48218 94467 57692 59816 69132 17936 5584 49193 31373 73975 25794 86137 62759 44058 86710 36170 10324 12260 10697 88696 2081 25463 8283 64981 
38153 19899 61263 47762 47237 71144 53712 11806 65610 27755 71621 51093 45690 93557 286 93414 67531 26079 79551 46641 86488 66260 99163 96811 94871 9859 1858 96952 35321 26492 
78284 73473 62742 39546 37586 26330 27041 91298 38135 9003 19052 26108 60095 81094 36016 76732 90859 3546 19162 70409 66538 5649 53020 65700 18812 47891 75559 20669 61194 27231 
63513 39477 17056 26254 95374 54641 52584 22414 62290 7070 31416 97694 33177 7863 78787 85544 84594 85997 5441 3756 72758 71979 25756 25777 37678 44567 90019 29588 65236 67564 
73171 28748 7040 90226 71353 2413 61218 40288 41179 39860 47358 72594 37553 96886 96808 32691 82430 81402 18687 87870 1509 91444 76200 27264 33573 30230 88183 23591 59817 69770 
91155 49339 14869 14546 55916 86221 33311 33486 26509 74489 73345 90218 63434 10897 87103 60242 43587 85884 57995 78625 73754 59503 70069 49953 3118 19993 80182 91300 43583 56351 
61069 51089 22041 75937 81987 77957 78510 15297 11442 5018 6137 84786 11587 69570 12034 98689 29811 71972 84573 4157 50596 74678 63659 37016 40982 83129 57008 37516 90780 16943 
93866 68201 84383 32258 60489 66369 26566 38998 98017 38007 60367 4153 39144 71953 90075 67529 86994 19885 55852 87918 40394 22800 62595 20404 59815 3576 3532 33175 41091 10664 
66469 51308 78864 67203 99918 55704 33572 26483 11054 47940 80842 87772 68445 36337 59725 58519 3866 63070 94755 59717 50987 35148 82516 29933 55552 58683 33508 59083 8209 90951 
86098 74677 58610 81313 58231 58527 37017 8154 1362 48070 56094 82203 35841 24538 18539 11917 83056 38756 74986 94162 98473 42324 29310 97340 72256 84861 72374 22116 60295 80582 
29418 46393 71610 88027 27705 29841 62906 81073 37994 64267 29142 10439 62821 81335 51328 81359 93251 34383 20115 84589 28545 34939 26912 74206 48630 99168 59066 21004 37635 35712 
17937 67052 82104 5899 55078 26161 52091 34335 7233 6436 14953 52727 16875 77773 34061 68202 75484 27311 18937 11950 28251 63833 63240 55163 38038 11869 70682 13455 49224 8316 
49166 83513 75367 31270 89411 46796 73782 41501 81131 81014 64288 12435 33740 81162 90208 84152 65716 65691 11463 84652 93992 56065 64836 57231 11227 2873 69099 98260 16327 34675 
6575 65492 18187 98293 13113 7597 45089 86894 65449 42571 84260 29736 55005 34351 27250 45212 18503 92965 27254 46317 93968 37597 2381 58803 94827 29960 61675 63926 28219 94353 
98600 51146 76196 33138 49438 89309 40734 94526 92554 22534 37096 93165 68621 92101 43868 95870 53664 78722 5186 97270 41390 99153 34866 60122 57955 29693 90081 35981 9970 34652 
46685 24921 85797 22881 58058 35234 28541 15143 46112 37446 37676 83207 30611 6296 91659 90830 18518 61675 69551 23703 58944 27292 39208 10161 87413 97162 56205 93846 49495 66174 
28497 96179 7446 30645 19059 65503 82230 63951 96997 28341 1397 34672 11548 48359 57320 19558 39188 92189 81232 25090 15891 56527 68733 55098 66688 56145 68612 39244 66342 34458 
21770 94838 30636 29215 41834 66047 11070 24064 46349 8066 52404 47745 59090 80303 12455 32761 99861 67994 24949 97444 93083 57191 53971 61815 28641 37010 34312 13604 76253 653 
48061 98022 11843 95048 27237 53676 77446 54658 94091 23795 62723 46495 87891 38164 26797 346 87276 43009 68339 12224 40453 77774 85767 10775 39588 30759 47784 90251 44362 24036 
90904 8774 38410 19098 3821 81998 72773 97619 36655 83216 21413 15729 29710 9303 70245 72858 9648 57520 32219 94339 86096 72671 72112 71862 83445 28051 2620 47580 18302 63333 
87967 25557 72106 26376 44654 92278 24725 33778 89896 61379 16993 11308 93460 63054 36963 63704 52264 46610 37575 84482 40948 23670 73504 29411 11883 73300 57462 14502 20879 75763 
77834 25197 17671 66291 51573 62324 58569 92649 12453 48464 70380 45798 59772 63839 25203 96734 43894 77466 59695 81468 78299 16995 21490 51802 46405 33372 41453 20218 47874 78683 
95980 42059 3880 30002 8350 71804 8677 83270 64452 21130 31733 34831 83279 7856 15021 8481 20941 58914 2299 96988 56734 80597 13982 78223 48751 76738 11594 6555 96956 75819 
85238 9287 17878 89117 39289 42579 77272 47965 25848 41723 85446 73932 76554 68724 81788 7926 93557 2728 66840 95855 99715 23573 92803 30048 1795 41553 23138 29740 48108 20093 
5559 49697 45731 39788 55165 1371 82366 32436 49336 24565 74158 51133 98496 67063 36209 96635 74989 29765 99363 58180 25619 15429 81752 18421 61829 99898 76326 84966 29637 40785 
21410 51547 90481 67140 91334 45645 84863 90051 78080 34198 14615 68589 85330 29463 52004 21538 26097 26992 67654 41811 85171 9624 73592 83274 28045 35420 99523 20722 36737 45511 
77858 74498 97058 68338 57989 4743 30334 42851 94794 24765 77048 9408 93353 78730 55222 45356 16619 97671 88699 625 39481 90221 10248 29424 89846 54644 64843 89368 75365 17931 
51231 53222 92428 48288 37911 50417 53030 84596 93267 64175 9360 86667 89935 19065 81748 45156 80772 98366 42826 69471 15342 98659 76043 25590 28082 65889 80233 9277 71608 55598 
27207 22838 25171 35987 87477 79434 2755 56859 64029 96021 21033 73389 82687 10967 8805 80786 72475 89576 95504 31652 75398 10845 30310 51441 36434 74744 33681 16667 84020 5288 
88616 27578 44478 30138 79916 31954 9571 82670 5164 89952 78691 26197 79692 77729 53515 88496 58515 25989 78071 70370 73993 69821 81214 4302 37613 17648 79045 87645 50666 79416 
9284 55633 6994 53761 85770 3261 2067 11693 85931 7230 1644 64621 49778 81335 58701 3293 86182 33567 45633 80604 3936 19625 50424 1502 40279 4388 19149 35675 92032 86166 
15091 1316 41798 38436 55076 27567 41696 57142 55611 27626 80724 57254 8598 30501 54940 83651 50145 41121 17217 12130 21725 37505 48106 88500 39006 88384 92888 74506 24059 1271 
60671 55501 2586 2468 93936 57662 46386 51983 31155 1997 79609 28230 75602 4558 58731 30542 88208 25227 88014 21777 37356 26090 59281 85462 30942 14638 90197 40181 89143 14255 
41451 66165 86107 44037 84984 96394 18050 31369 48377 49204 49717 44337 93786 25319 48894 52516 72212 53454 94094 60225 75230 31450 2667 50862 16911 33608 81851 23459 73788 70993 
37714 15238 53509 40172 59274 38492 36566 77323 69860 84942 42879 19577 45630 36664 61247 94523 5531 33458 47976 99624 93682 39557 47425 96348 90418 80687 46307 72268 4146 20094 
59612 58211 51684 29472 98382 10957 67963 34947 4632 54175 36240 63862 73751 81869 16877 34997 92744 38759 84806 57071 54734 78487 96628 2159 91187 3397 82845 53845 92017 3342 
73939 67980 61552 25622 97452 59934 52930 65414 11232 73913 19588 63824 54126 9690 62044 87354 61038 54787 26112 45843 28210 97198 40682 24837 99356 48220 44585 98552 2064 36601 
1894 92354 4581 79797 34327 2032 56082 87257 67445 67314 77521 3385 47489 47999 13074 9532 35352 74112 80671 77816 36306 8880 75013 76987 50068 90720 41558 94652 5623 43622 
31253 23868 35975 52185 3665 70302 54216 59746 73910 38012 43411 67782 57748 90899 15780 70822 16783 67484 61285 97453 45299 13942 6332 20311 7281 72751 27382 48838 67402 33004 
8811 15006 73224 44786 67190 93240 31439 37757 52985 21700 92121 12748 89481 49868 3646 21613 20689 20428 89096 98325 34232 34394 12267 56915 71056 19547 29665 14789 84736 97067 
64144 93547 28424 37367 54684 95614 30606 2474 49722 99943 24173 41842 12690 30005 91710 32687 51617 28750 69467 40712 43427 3698 91457 55693 60613 78864 91591 6629 93652 92678 
3695 57796 86224 48471 11514 57259 44084 42120 59732 10157 58414 256 51999 87455 30261 60060 20141 98229 88809 5959 38941 48587 9657 46749 4279 86621 25613 12221 93249 35616 
4899 13296 93411 7474 78118 21277 64733 22201 63396 40816 48709 38161 41072 707 25615 71332 77118 62107 69560 82279 68066 24852 30865 94074 87953 51496 80694 29917 80068 90294 
65532 1318 19941 75295 8792 98058 96571 89876 36610 76318 30691 1671 14478 88114 2377 56444 75797 95847 18550 45357 78125 86615 86560 8989 80688 90864 76836 77733 20780 56904 
84379 86312 58221 20671 61606 83364 35081 58176 73239 88042 50845 20282 89712 65322 24747 8441 21765 544 4287 56666 45900 82411 43281 48811 7751 40320 39675 939 34405 76806 
57842 35135 63117 32414 55805 41074 15778 7237 15601 5368 95279 66445 42001 84990 48118 66748 93430 86234 67291 97716 42900 29542 96478 2532 94704 20581 42851 34378 21519 93607 
11184 79360 28741 90652 28125 898 48078 43902 8134 63678 49270 3412 46475 7622 88402 10944 74369 98183 97178 41659 95899 40077 87552 8728 42608 82256 29308 1810 16633 67178 
11769 44168 62889 56861 51172 91014 57758 15601 34915 82244 79278 536 2007 42104 8158 6760 53048 98878 4943 66577 40537 17193 6653 44440 25920 65612 26695 71580 83773 59680 
38757 95541 20199 1646 52402 71370 9011 26511 86970 43925 25106 82600 60813 27113 41055 85322 33872 10454 84199 38814 77030 41087 56006 34 85527 98278 65645 12221 86209 65770 
71900 41317 61310 8451 59314 30063 79820 68324 72926 83142 28601 98031 82093 89413 25143 23147 74734 59015 49953 75284 14180 26982 16371 86538 43368 1897 1167 9012 30469 87375 
91133 18721 28691 68795 27171 88005 15209 23342 56328 88134 6483 84928 2517 4927 90692 27659 44426 81777 3025 94378 57061 33557 37711 89783 20094 81078 8031 21260 6442 38499 
8634 97574 73571 53676 66368 741 41680 81577 40435 14360 86062 46917 99287 88578 68196 6331 32589 12621 88107 51965 23350 61519 85521 61060 51301 5614 42138 75683 43225 64931 
14182 51858 62504 4104 21886 45224 4845 63565 43152 45279 77924 45565 8547 93563 50495 93094 99893 83083 5714 4351 35047 45415 82222 36920 6475 33522 58885 64964 9205 2110 
29894 39738 70319 8749 43841 92204 53972 65037 55769 13475 26667 50044 59040 51566 43606 9534 61011 59850 8968 66725 80553 60366 28491 62774 97285 34965 96295 72522 99928 21851 
74631 46173 77940 44949 54922 38133 53505 25245 19521 25625 55072 46188 75668 14111 14105 35626 39996 75115 11827 65315 58191 92379 42032 86682 55152 55669 37998 67799 28190 37926 
6001 2820 450 83941 64120 71723 22073 33976 96968 57945 59600 52039 4132 51620 82501 34588 3597 38848 9703 15423 20514 84245 7802 62545 70926 62953 18213 8924 47103 46402 
63201 53104 65573 80002 53396 46045 51725 75468 80020 48692 49764 39620 17082 53896 7591 15934 4835 11187 71133 30889 26609 91646 15134 34410 54190 2411 13715 88755 27686 77169 
35156 7238 30272 17081 87240 83667 63125 38964 75486 43144 4007 25250 99115 37440 95497 6705 69725 331 17891 40857 31220 44500 32502 62705 95261 3043 65115 25327 91797 92801 
2496 43305 38 32767 76737 3629 32786 39861 58944 8271 99356 79302 49872 98471 16741 45368 5175 86465 62051 39418 43673 93270 269 76174 55974 95529 95569 37440 37208 3717 
30240 39703 63373 46630 88821 40109 66610 21606 79969 25554 46229 79325 4855 96100 94147 37948 57820 15673 40764 19870 55090 84437 29491 71710 76962 85464 67239 72530 22903 20798 
92599 69495 60500 55971 32476 65672 96080 99085 3630 92400 24638 49858 88076 45845 62309 82222 83792 36480 97895 24555 72701 69336 25343 2191 41046 2305 4006 24636 91186 43261 
45433 83784 12755 22284 56107 45230 87955 52186 60666 7936 60937 85304 57793 49013 47500 36454 31234 31291 89285 45480 72197 61986 31168 97540 64176 88565 16196 68182 29552 23733 
11442 74984 7517 40548 13619 79975 2129 17925 32160 62794 25861 93096 64449 5 58460 11948 52810 89694 59590 42095 51525 31787 20432 99044 45678 84607 87608 78225 69140 17159 
1957 96933 8494 25825 37480 22112 5799 55960 56389 54310 18754 82249 63758 99554 98605 22217 11502 51415 28262 87443 9861 79787 35581 30292 78830 81258 14898 82790 75834 390 
99948 77791 97322 8442 19967 51154 46905 42118 7113 19645 96427 42218 1893 76536 41772 16850 98753 69625 68264 27014 57067 78124 23152 92648 24767 1982 90257 39664 84771 82443 
56405 1070 60233 70079 25863 96551 21232 72768 38668 44696 92412 51447 3266 10657 27982 45037 27506 26734 31013 12121 70100 4431 6596 93251 13430 31362 95232 3687 87377 96354 
86129 43782 97424 62713 13860 23286 75615 51443 12405 14283 96138 21169 82081 99403 48177 10062 60791 75682 53148 8155 87802 23247 12586 94397 16497 26015 42110 28081 46053 29486 
24434 48533 73267 38209 27597 87126 77847 3212 54920 6603 33846 51058 27771 15926 66812 75947 25987 27603 67980 95486 35757 72133 18732 48342 82881 35229 90709 24990 63309 36761 
54476 4094 1646 27742 58655 29242 31220 36501 32453 86139 43103 66298 53548 87226 98575 20360 79524 40914 47962 47504 36399 70 19636 55131 64764 18869 6711 55472 43858 86371 
8584 98333 6816 10229 42427 65470 39471 89998 18322 88275 92488 61425 70925 46036 65002 69499 82747 44525 10412 47060 92028 63163 47129 28016 34645 11892 46884 41355 83715 7093 
44077 92299 21778 50892 2527 64204 32714 58349 70553 51035 46624 63040 28811 17548 25427 93812 87046 24525 38337 13810 71584 46716 76972 35065 74731 11616 63308 37966 69322 47023 
45059 13398 39321 83188 80641 58199 47391 13354 16548 34295 64389 79523 13686 93199 97070 55465 87011 467 79989 41699 30628 67925 88414 23951 2989 79497 35566 66296 33814 21239 
29670 78872 34636 68990 78411 31629 43541 25801 44982 76440 76447 25722 55962 90133 18921 69383 45597 22283 86201 41937 80333 16829 9861 68746 40779 12849 64594 92697 95497 98408 
13935 25166 93631 64923 10508 72042 12903 54048 97842 57884 30487 90641 83606 86448 80773 18878 72182 26369 57512 58382 68305 37844 75210 94518 22941 32341 23718 87535 25037 19214 
85942 55323 60732 79572 36597 87591 51613 49499 41638 65807 23735 88476 56447 7340 91275 37219 42569 63456 79939 80 21837 64595 54275 13399 75464 77215 62091 99182 64749 87127 
34747 50690 58801 95478 30262 11750 83068 98226 61248 41057 64032 84982 29532 36830 8673 37158 90400 67593 613 70338 84024 38802 51285 38298 52200 26748 15513 14290 42281 96613 
17768 77028 47303 92920 88857 93916 4669 88277 8493 82269 29333 72525 67250 75217 9354 92275 12374 99754 59867 29339 86443 43891 68140 54079 98540 36691 97179 30404 50980 39459 
27017 85099 32838 90671 78018 21695 938 99039 9971 9430 81307 55655 98306 64908 47223 7660 57182 59597 23765 33401 5287 26559 93643 73426 96990 92182 10116 94168 38938 77447 
49978 65954 62545 82816 56624 56914 4510 73913 55952 30832 83342 37258 2838 81648 18518 50061 5659 92051 26009 45775 25451 31295 88685 35445 4720 85674 43979 14835 96193 82916 
8633 46171 65221 71177 45338 38196 28090 66199 12108 394 13382 95449 54003 16219 77096 72520 66279 82754 64571 92287 44880 6373 23581 33565 41818 44652 19238 85796 75838 31783 
85063 84470 94305 50283 71998 39642 88478 16440 22192 585 16833 35573 96033 70835 51791 89481 59707 18070 88586 24277 26708 33466 30649 66641 67030 88818 27644 2619 90965 3482 
34401 76027 4303 28705 26309 76301 84698 31138 92740 6889 31722 9572 42461 44107 96758 10604 49939 56464 45025 38524 97092 71732 71989 44093 54724 55370 32910 82368 74341 23875 
85849 8741 16253 6503 53798 42562 82803 54847 90051 91894 61736 38125 17817 20548 82231 14575 31151 32169 87390 76175 87044 84482 64259 75385 44926 18982 30754 77835 17701 21446 
18061 19901 46539 34314 26404 336 76875 9206 55182 83277 17452 33269 21401 35268 70169 3631 49842 17671 52151 53584 10198 39195 54417 74456 14579 99342 9789 61684 93528 27490 
83130 11589 63742 29668 45902 90145 46355 22776 15703 17888 22404 33154 67509 43805 68421 37677 63787 34615 55347 15938 4550 65544 71484 58966 56351 2414 74659 82492 80449 68186 
26333 79930 79774 90074 25949 25675 80219 72303 64802 12273 6543 87206 45426 74051 31010 30198 28079 94796 64812 83425 27085 69361 65321 14920 44678 38023 17333 19336 36866 97782 
87522 63198 77711 67295 69624 3660 9322 66194 92314 74123 78466 98856 61328 23891 89258 8689 70440 17336 19837 35252 17113 63273 20964 98785 78193 65642 36807 11877 84977 73673 
9658 88850 53222 3721 72497 22845 23732 81818 89038 32397 55940 67503 31253 33620 7745 36862 58660 78185 54198 94848 29788 87662 74473 50751 86446 52665 16392 39604 80893 17721 
29628 6903 22922 82850 10623 95418 5694 50706 77235 94732 83102 49527 78586 30706 99498 2683 67568 58157 80867 38117 69357 10654 25778 43829 77756 28575 96493 10500 68178 93737 
28220 97806 639 51141 97007 11261 62911 2700 78318 40145 13783 61420 89671 8721 92125 5520 11403 76044 63677 92269 30512 33033 19274 72641 93213 97029 1215 6057 7528 85745 
99793 52099 99902 432 19592 96908 11692 82502 15959 6362 38998 29742 67781 28669 38462 76257 34188 66216 68653 14216 58484 99164 63600 94109 71805 56812 7489 73019 79220 31369 
75115 79013 83467 75016 79444 19410 71923 7487 1911 87882 13848 40909 33975 97980 85929 88788 74237 36468 55003 42889 67036 29838 42052 46987 23946 30208 3799 47786 3227 83018 
79154 94693 78382 62621 69709 57825 82030 41631 65312 293 45864 95511 57553 79838 93491 43481 84977 67727 96300 39979 26967 63335 69816 85370 10322 10113 15578 30472 57899 35156 
29841 37052 29848 8223 16024 99556 66047 14406 57539 47710 14698 19754 43221 72250 15944 53063 32082 920 37141 44733 57251 64107 8068 43418 49476 34741 53531 81405 81564 27781 
16560 11404 81184 62760 35978 13560 78667 18377 27965 52557 66086 59014 72311 25658 47615 88254 78720 96048 5525 15860 40780 62775 96318 65199 6193 62146 99939 76075 43550 81502 
20207 76462 9258 17742 55573 45235 31301 34239 63611 75617 86796 46049 34630 59106 88058 98596 63711 83130 94643 85587 15341 35423 48362 11659 621 70906 73804 16912 63332 33705 
14765 83538 26518 24022 17631 82090 85609 48932 32681 65571 40900 19476 27971 75530 94933 16029 90477 74995 99158 85120 60581 14498 36894 25294 42508 53866 12551 32663 70777 75882 
82720 85542 75771 9237 25915 93402 7679 11523 58685 40359 93446 99584 76186 21416 91465 87470 37444 81942 62464 52953 83413 39396 83803 20306 64690 26310 74171 77240 58973 44948 
53122 41692 46841 45244 67280 72755 38645 91310 630 13681 48020 94075 13265 24205 15490 4729 11674 69286 3022 90489 38590 86434 29885 22392 6739 94574 48702 97262 88165 24026 
42209 57638 82069 5401 2882 65700 94507 57878 57010 95136 71559 5029 5562 1175 45586 21052 22255 73611 6689 25277 64100 45278 28062 10336 67670 51153 21261 32723 48414 9425 
73100 6974 83415 71520 12374 86296 37219 6880 60525 10580 2016 48435 31961 23929 65961 77546 44980 88216 51156 68020 29844 31607 13298 57905 41942 97319 9057 63202 46393 57470 
72627 35844 64443 56041 7363 93168 58688 60933 48 35564 71513 18415 351 3473 42343 66311 81018 3675 54526 48525 88046 721 80132 1343 58626 22073 15013 84034 1627 77757 
41504 90605 13600 22298 46645 20962 15466 21684 81895 31865 73599 69759 66631 73949 73231 8973 40260 70600 28999 11137 19124 17045 11858 15607 34739 70483 54032 66104 54516 55658 
43860 12371 46262 57460 51021 9258 94773 82838 30941 93019 31054 20891 62777 97684 94840 36007 23008 35099 6606 52007 46235 42082 85403 58092 57688 36493 44926 11719 2596 15794 
67376 46456 44516 29989 20267 95536 39246 31391 94725 86538 24410 25778 7429 87186 39813 2268 39545 62821 53718 62502 31179 16304 4583 32933 74396 62271 69425 35673 90341 72021 
51466 74069 34828 12334 4057 71446 24221 43303 2836 18946 29840 27245 61075 37268 30783 17240 55887 70327 80060 9604 32828 27590 42260 37411 60522 33007 16033 29946 68679 22725 
18318 36497 96793 69497 48830 850 40942 89402 60504 43778 8347 90343 87374 85774 43963 18156 3013 16201 88482 99424 42157 21310 43365 84416 75072 3886 17422 7456 50183 86100 
30180 84853 38948 26973 54349 4129 44174 95291 93531 4677 55420 18229 11371 42793 4002 55333 60949 23366 71534 65782 39141 30042 87091 82505 14457 78514 2742 31878 85969 69277 
34329 32501 54129 73277 59473 24829 93757 19998 36471 87287 24674 8242 5516 36044 51035 25869 7729 28335 49235 95614 94116 88375 25655 97559 87232 56463 76072 89973 88340 78393 
75601 39020 10893 29729 28648 86717 70910 22405 23066 23732 9691 47739 31974 31558 134 99360 57427 24214 27694 6661 36179 21809 11387 78185 35719 98618 34647 28143 4943 39338 
6535 80543 78358 33779 26624 7005 36847 97533 45761 59912 37616 71804 24002 69589 3361 40487 68948 60787 81053 96641 67447 17231 34802 95186 95416 70520 93803 46414 15014 98745 
85752 21548 79288 64109 71678 5911 87465 8524 19795 49578 84787 57410 21381 25140 43351 24741 65627 12298 85528 46679 25291 69326 80261 76444 64511 92028 63315 58314 38442 78329 
73410 24193 16228 52697 4653 87906 74959 8469 12781 94753 58046 13920 68515 79426 39059 11865 4167 4685 40514 89694 67715 65804 75371 47976 58599 39882 56355 21914 14547 94796 
242 87956 35340 32821 57005 39992 20726 31963 48461 49859 43068 6506 63778 11582 85932 2836 39798 6450 23873 80311 12495 7939 62467 87865 55914 21065 27746 28621 59330 42292 
23416 75923 46600 58756 8744 3604 15099 45821 51918 63559 95679 94985 86417 75808 22918 88700 78644 79067 95149 18868 59378 23995 26806 38196 11859 99072 59260 55957 27692 34942 
14600 67459 10864 61199 42566 35959 81154 57665 81780 33072 37575 93810 28056 40343 69618 67326 29042 64613 46392 40542 83480 22121 80888 26637 60316 92747 25708 35928 65055 69751 
70869 96006 37210 98084 73557 79775 34043 54710 53791 15822 87781 7718 25983 32189 48060 95600 15866 77102 60212 78609 33995 60043 730 14883 3032 77397 23981 28739 29676 5387 
14842 544 1392 52051 14980 91300 48177 65374 46010 18320 97547 50142 26037 23529 98682 74096 19129 30899 67549 95692 9508 17896 72087 26589 49130 75118 3985 89462 20208 33661 
94848 35049 50556 12591 3451 81887 3891 67980 47260 66252 86299 44806 32745 28687 68335 47779 2782 3815 95029 86683 15858 4536 4578 87944 47476 53707 79413 67813 43168 99621 
17825 54367 51021 68380 83309 54472 66619 3551 38803 13878 69802 41453 75036 18899 70139 59722 83029 89272 63536 78057 75954 79393 82593 96883 67337 30068 66941 46749 14232 26460 
62721 32056 97178 13742 16788 80487 84565 83406 84037 23367 13635 70191 64819 88670 89089 34957 48391 72117 24228 28278 50173 16534 7671 49117 29768 91359 95537 96709 54459 9768 
39520 17180 41824 36698 47273 58611 17184 31837 58368 1220 55203 72002 71410 20021 77024 76850 71329 25414 65318 11908 53692 15491 28441 77714 64607 58209 85424 76495 71269 39882 
86263 10788 73413 44438 47485 37037 19400 64668 68873 77767 82240 40427 49768 70001 76799 26791 63203 48127 68557 28520 60035 38600 44010 4827 16313 24969 79387 1736 1463 50655 
57969 4077 61443 31382 64866 25279 68418 84265 6299 53643 62031 88538 94069 28151 74890 70868 54941 38092 35346 23497 66612 11732 62096 26973 16559 94760 51941 95945 96495 69756 
62952 70816 90184 24394 2197 55050 66024 86966 55666 72322 56960 17697 77211 51029 45847 52101 38248 17139 90192 89945 40636 73155 1677 19083 128 18235 13843 68420 30531 26689 
38175 93482 97504 44711 34227 16052 16112 251 19370 71777 88924 76329 89473 66135 43709 51671 18235 98308 68810 24778 88253 9445 14285 89929 44879 14412 24515 75073 82831 71397 
18114 37358 81231 31969 98420 31809 64373 14531 48411 83742 86307 37335 76422 75780 3469 36483 27450 38055 51142 96259 79184 39394 22055 93468 45674 83286 7879 70188 58358 7062 
57937 76471 60771 39167 24792 59190 87327 89164 73720 35738 89257 60026 89424 65678 52157 92892 18512 95959 47298 69654 8569 26481 25399 30624 19949 71073 30261 44179 57612 88618 
67592 15548 81441 44714 71066 6232 3903 58393 95395 93974 10482 84651 54000 99905 66680 22508 9148 1544 18466 56445 71197 43387 99277 96595 90362 35577 67667 20622 96108 41631 
9239 80051 73530 7031 24765 44596 13262 28667 19340 25008 22641 46173 26010 92992 46077 92690 31851 71576 94233 66669 28020 81781 10055 43648 94727 416 79225 78746 21037 75332 
20376 46627 55382 93905 70010 80146 54852 83271 25165 74191 24631 64157 20363 50640 73500 82791 59681 5350 54366 70265 88370 98737 52045 98424 42385 46772 15191 21609 25517 52579 
13292 45892 15558 85025 56148 85567 65171 11000 85189 6687 85190 9819 70843 21905 76811 60694 21047 36491 82395 75413 6756 70765 90501 75152 69188 32885 21923 731 70845 63791 
53309 84136 26034 68866 69161 82182 70784 50683 93181 55973 57369 94722 82143 44563 32978 58953 21608 54025 95444 4002 45789 2199 74766 36289 77350 60306 85526 15625 61036 56370 
79415 30696 40506 21801 15914 26018 3982 86697 76700 13514 59021 50420 24587 41164 11334 57565 116 49293 27941 95559 53294 90081 14109 44412 26369 7811 4717 28246 39787 82104 
84616 35553 29151 41473 57353 61416 67490 77686 48113 60541 91199 23485 27312 32138 64648 54997 6054 81116 4289 50346 93026 57582 40426 23487 18345 83146 31297 39413 11392 71083 
21516 96007 6635 67019 37479 80340 28434 21320 58025 92898 81860 65576 16383 25523 14065 97382 80519 20118 94849 84807 70463 87875 58740 10888 11361 77085 10385 59009 16497 21776 
46443 54365 34134 69429 37735 71612 49768 66168 9283 24145 75418 91142 89720 8152 16664 3784 21885 13534 40253 16734 98340 10715 20960 57080 37954 32320 50516 48338 7680 83364 
70114 54122 37728 20599 23550 75462 92211 89670 57982 17845 13814 33399 25339 19885 57902 58354 23668 79786 71888 63920 96519 70227 90986 17478 43658 28939 66149 10525 93628 73828 
93889 80093 44301 47968 692 84203 39782 9254 73872 97763 27098 4037 47513 52436 23921 5414 10790 63940 1551 82677 27859 98070 69255 18844 31899 29265 64134 98048 39789 57761 
88227 33677 37854 32528 97997 38545 33082 37778 47798 23305 51892 74895 27341 15756 43683 51261 37521 54472 15200 39071 53500 59410 37140 22754 94605 69039 52018 58738 83438 8159 
32850 88016 41835 70703 36895 56183 25599 69976 93960 89748 93280 45851 64643 36972 61606 24677 88232 15478 79148 19783 54549 32647 95544 91688 71752 90148 77078 40122 65237 76867 
48280 98087 64883 6466 85141 1777 62649 10740 88105 56608 487 81384 18811 81481 18356 96768 6157 22939 12246 1656 59074 66794 50654 54617 74833 22406 44765 68263 62527 26353 
61481 10806 24439 26363 17271 25932 44492 79919 53023 32596 52879 69861 30331 88041 67694 65038 1160 90202 87977 13405 91858 63402 96550 42511 18018 87735 81268 79134 55997 43794 
5487 17477 70951 46277 60192 4574 88560 21035 844 41582 53630 53722 27795 83960 58114 95488 48998 59274 85689 53326 72678 93898 16727 85580 36409 51096 73314 17676 46582 45662 
77822 68420 79490 48772 31048 56033 53345 19608 77067 54189 77541 30696 24262 5335 31008 82376 822 96357 58001 2863 49682 30678 96760 82760 32609 33168 33855 5922 67196 96788 
67935 61369 65207 47425 26492 96255 3457 96189 15862 80524 50377 9754 27571 90990 15089 58578 89717 32262 54934 47717 35124 20967 94747 31884 3726 27355 81403 53933 49629 64950 
50720 17563 42670 15927 81339 69162 28533 84796 65350 60746 81671 32078 70499 9241 23067 85587 67819 29136 17849 39104 76852 69324 60071 87950 17559 63796 31657 98962 34080 81285 
80263 84800 15199 22933 17078 96538 8446 61962 81333 73795 22707 63003 5872 93205 88595 45290 78792 56413 90777 12992 95517 83981 98667 55587 71930 16226 35734 3586 31539 86166 
1222 11801 70965 16421 51085 4394 29310 59530 66355 10642 49676 89061 89996 71899 98617 94942 33541 77408 51355 24317 6751 63223 8297 5418 35161 96579 21643 87246 16516 53181 
73411 17738 81333 60727 50510 48770 65120 79819 24651 47826 6812 74327 53238 13159 46225 51855 8100 79765 45614 75806 20434 68717 55380 45082 74134 90540 41660 12128 77786 74528 
81660 51196 8617 79344 11923 59126 28113 93394 55296 52764 57572 62107 43442 27161 91617 89666 95367 99716 85783 40981 91874 6216 26049 47253 67649 182 37793 25661 28661 31930 
188 10320 83125 8804 89663 11399 67929 34128 21145 23224 3243 78716 1682 46684 5876 93298 36349 17595 9365 38483 58575 1238 61050 84623 48491 28699 1156 2635 54359 29816 
34564 54546 56487 34040 79701 46149 61791 63981 96628 82935 87204 99870 78002 5237 46553 83877 98534 99254 17823 24250 54088 76397 25488 15138 77371 90330 43836 94878 92964 14546 
24693 43879 85443 97531 94270 65143 60032 56060 29123 56659 38994 32678 56529 16995 37914 19433 17224 52799 35038 35046 93400 89126 27795 18887 4263 21517 25568 64450 16395 34883 
95347 57439 78761 80789 54970 89383 62283 31353 45442 91405 88011 788 40434 60891 34134 94699 80324 51357 63849 15361 2755 57248 4486 46901 92487 25100 84769 18054 89549 1163 
52937 84895 74954 48049 82035 46275 37431 44317 77627 99225 52073 81989 12 92506 42880 34145 87204 23203 1854 51052 54915 20960 24652 75753 67860 17138 852 52628 35191 6753 
70143 4479 7999 61448 68880 6386 7722 6310 50702 1700 21886 2775 83688 21897 95280 26567 72394 98836 66121 74247 66239 37388 95206 90890 29492 79417 8027 30343 48396 59570 
53447 34890 80400 77798 96337 49279 84183 20410 71941 34884 38461 93826 54010 38501 32075 49290 81419 4468 64477 47540 78714 30715 1279 90271 21605 30770 86039 45983 77464 50786 
21904 47263 85676 2304 25060 98364 51582 25594 35126 39874 60477 73586 33700 14487 28438 65774 80128 9857 86593 44604 73748 65306 91670 75026 71928 13274 22147 74318 75609 99610 
25103 97512 46872 27130 99815 88283 41846 67749 13876 76971 7622 74353 66908 57673 5191 11698 39798 1670 21554 26390 62625 95301 8047 54294 86678 79974 83920 8824 70643 59528 
8433 12098 57039 71657 39227 56854 59939 97424 40954 73815 74394 48575 64519 57654 22600 86061 69351 62397 87730 7256 88787 66706 2556 96833 20999 89233 93159 4918 98056 63801 
64445 22840 75898 37836 94496 31477 94689 54435 28900 51994 44601 19646 16920 9119 77299 39519 95179 63001 1916 99260 70256 90702 65965 89163 3886 3315 78395 97044 24585 92802 
60845 89029 15641 53094 26864 10137 84570 37904 80923 13470 6249 25523 33115 23169 50993 26765 62687 62523 6117 64602 61782 92724 71655 44098 81886 75541 63764 76632 88936 88348 
69433 66132 93729 85073 19226 36944 11561 20147 91200 8835 49968 97448 50709 83082 20616 1701 26198 83303 64223 32314 64256 42356 41389 52263 2805 23274 44155 66569 99905 33090 
71268 69337 99222 64996 70762 34799 18292 98674 71297 9491 23861 21265 6938 74569 20698 27554 76270 46896 27208 56844 95561 7815 15552 36950 60077 18356 60223 4231 1276 76480 
53673 88896 62168 69246 53891 49281 20396 72182 64307 91692 98024 88167 12956 4962 62735 33654 48867 55356 96901 92426 28552 92461 240 44103 45762 76669 62458 22337 80899 80086 
98816 50923 68981 60983 20168 39223 26616 40563 27757 90922 32255 25780 79088 45210 30741 41822 95215 95959 13530 92115 88384 42081 928 88624 86183 46689 65292 64992 69025 62542 
61429 67840 13465 46761 45175 33632 85984 71790 90547 13740 62711 22801 55871 58150 84362 86612 16323 95929 98922 29852 88043 87306 88284 88970 92281 90818 52011 73924 72162 21035 
52817 33590 5227 66281 80351 66753 16265 82686 54894 23163 12777 17604 45963 68647 75753 46676 71610 92075 42604 70532 38279 46999 74189 26562 52320 66469 17380 4330 56744 89541 
41717 9560 39482 63295 92193 36184 30047 24809 18869 84940 47971 47997 18895 10285 16644 10999 56960 4605 3073 15916 91488 57703 79266 65676 84265 31585 48496 17996 52267 5239 
23888 93983 31151 79721 57277 23343 15905 3675 48151 51125 88614 12473 15474 7508 22757 48469 34858 79716 53073 37930 11983 44561 11985 91248 26588 12601 39185 91436 30596 91451 
13026 70835 1785 44176 50555 75413 83870 82811 79087 48372 50288 84052 60844 65761 7911 83600 14229 42768 79668 67301 97049 8002 28213 9033 15602 71153 21633 54786 62588 68580 
46236 91965 39414 64372 36141 6321 39784 36362 89131 18870 1086 39418 19273 61929 21530 27183 61881 35758 69950 57900 3059 66998 65901 47623 92383 81502 18775 14015 36287 97714 
98947 98874 89679 38360 63245 42171 61032 19380 94884 66515 38249 95969 22284 73873 57898 43814 1055 36130 79571 87356 94029 98981 54354 76281 46604 63088 74135 81730 93454 26773 
79444 92400 25647 85474 47112 5243 43996 8143 24623 38879 91009 79223 34848 13293 53096 9097 57106 70502 45226 53028 57858 55606 52009 28563 31886 14964 91650 6020 96693 85103 
32793 92488 93855 74791 94313 40966 96385 38308 49108 37359 77187 40117 32934 28386 69761 2381 53834 26866 72882 15411 96245 47091 71016 48253 75653 19253 63216 83654 41625 76261 
68757 90769 85100 62611 81911 79413 19928 78295 17720 85387 32006 11258 25503 64939 55995 11615 67319 9828 54832 56552 25238 51077 3643 12605 15681 95647 48210 95249 79301 89834 
71509 64409 80602 56608 43371 78864 52372 63298 57158 86444 48684 5515 14053 90539 70453 70048 18505 54123 96227 73337 27027 37817 24413 47021 66773 56445 42667 14982 51693 38319 
4815 23201 2727 1768 96161 62449 80631 48532 42098 54141 51327 7134 59655 65380 14024 30108 51779 32528 582 48005 5864 43960 2173 46628 90980 68946 3073 33647 83927 71117 
88317 88742 94318 7396 90509 6830 69844 87492 71713 28294 41632 23040 35427 1286 4771 49450 47745 56549 81977 64679 4553 4193 8638 6726 67172 99618 75671 86596 49616 75949 
57713 37932 64690 68382 61679 71551 91563 31523 75394 63275 59816 17025 2666 11594 34662 7436 61043 82407 63984 59371 47085 84889 79915 72074 7966 47087 88043 99988 50034 37658 
75936 7746 91942 56978 92479 53620 28528 84041 1494 20273 47316 77661 37297 66333 89254 71958 90121 50296 70716 54104 26019 34152 55344 5933 6226 63309 69371 94268 63296 19405 
48278 39232 27150 56571 12561 19629 26542 57440 20021 28036 77712 67336 22048 15008 50021 11302 86965 40141 77949 74033 10596 3967 8184 65940 26252 14409 29248 95622 25029 8896 
15026 73306 64479 58528 29876 77039 94508 56417 34478 14528 804 12189 98216 22852 27196 48236 34153 30512 4728 28453 4544 15323 32420 12728 81262 58671 43488 26862 70644 68516 
35757 85670 58173 235 60549 88048 77273 55056 60817 11750 85935 77972 40290 84150 17175 83837 48737 67679 30700 53464 96132 51596 68787 44903 80675 66400 3573 24162 93261 90568 
9030 29017 92589 67202 45603 53137 71602 22875 24544 32418 50976 10479 26741 7617 10980 43916 91453 59717 11594 22153 29532 7725 73748 14670 52627 54422 81070 72551 94935 90682 
63119 3964 36051 72059 71166 81653 25196 42767 20880 49739 91536 88207 76569 18276 95824 87549 62191 3628 63617 73785 25780 9500 97861 15879 24170 66840 70300 21591 55742 65235 
12272 18860 69198 48322 7271 56715 46327 32466 99481 83558 98556 91016 71764 91477 9292 83939 95377 87834 87567 58993 77970 29698 68492 92183 45577 9013 59022 32228 30603 14763 
97462 42875 49975 83012 7548 57245 39726 70226 6062 55559 53783 4617 46574 41899 12445 72217 25837 7821 60051 29755 83165 54372 75805 68009 46554 21381 77021 5575 53608 7624 
36690 67422 66850 86664 66785 74397 43908 6510 60975 49969 62068 14757 70937 24994 56655 83382 97210 98844 7554 73612 44950 90719 27984 20754 58727 90889 58486 52099 96464 12094 
59722 33153 95867 42923 36168 62651 33672 96427 85512 94646 62747 63932 25754 33683 88925 82409 33416 2486 97604 57322 92450 58905 48040 36785 96011 23118 27673 54496 75216 40488 
82941 51290 89992 78807 10564 26159 57809 44235 22585 43321 55232 85331 7252 80986 35366 96176 79746 85133 15013 93701 42454 7462 52605 6845 44246 48615 46314 71919 19463 37882 
12406 2403 89171 2398 97562 16086 44908 55370 60321 67493 98690 15552 69175 5941 12889 4540 18468 92634 6025 33481 86334 48478 40942 55291 71675 1540 3905 17988 73458 39719 
55869 2215 58474 61391 20964 56035 77477 65872 27756 54149 49716 26446 86052 35242 48738 98941 56134 83558 91574 62158 33390 94260 26987 90683 49550 98661 92222 53454 16649 82031 
9525 72517 84246 67998 33908 21561 40384 27736 3784 68139 81884 69851 10936 67935 5093 76026 66875 77578 75935 74801 39735 9324 69060 66721 6 18609 65382 8580 88414 98382 
90610 97938 87250 91207 82287 21157 29120 22670 65244 32903 7161 47127 19106 34448 31414 24198 10473 14640 1775 86407 89440 57861 95730 74851 40933 12088 9811 6314 20667 98225 
21047 27628 12514 8297 18835 11153 45805 47954 50174 11049 97208 57334 58175 16313 91782 89588 56862 18606 4228 58636 5013 10019 32848 17094 84870 73781 45533 94680 96446 66199 
9256 17493 93827 38122 42141 29013 49274 87945 93318 99447 98993 90525 56781 73520 6838 64914 63107 63699 83519 83686 38687 88531 10057 71534 21977 11278 45314 67509 5957 58112 
50060 31565 75604 60238 69686 17744 89250 18959 5688 82567 34757 21033 89443 91537 94552 96280 72802 74010 76331 56321 74048 15017 61203 84104 2902 83179 95381 48216 67040 17689 
6327 17099 65605 98282 77336 35290 32377 82937 70600 38064 81855 5357 75448 71297 13245 69999 67577 86047 60361 43907 58719 34408 75275 19921 34863 78176 19452 46595 42743 2843 
64283 65421 36293 46240 63702 13628 81529 96078 12916 68481 50494 94770 90189 42293 66066 3433 28644 49994 5831 89004 10252 80901 39763 85526 822 74625 80054 36625 21219 22796 
55819 1853 4569 92111 48092 68270 22090 45973 80700 35005 30805 47545 29774 20993 89837 12191 40777 18480 62185 62960 23835 88788 43860 63597 90666 61033 54573 70719 14009 92143 
93514 69827 93996 98082 61937 58439 82704 84026 20763 79755 35382 67919 43651 81507 5263 33487 93698 62392 68319 72234 25351 92153 61021 85562 72102 51686 62947 26674 38756 76955 
18817 48622 63134 29164 63055 25070 3954 45758 25448 41069 41864 77181 8987 85514 58688 14250 35353 52385 76641 20023 40970 18343 12175 18342 20256 628 86380 83202 27302 25135 
76509 46118 73756 39642 91633 36811 81063 95586 98920 22862 36654 57136 43 45641 42649 58730 76242 94353 27466 69234 14375 68435 3928 26550 86776 24183 27177 89507 7385 70830 
14642 245 33299 4749 39886 24931 41559 37300 20517 56831 60162 73522 13966 76556 35514 56614 35285 11755 50967 62750 97340 65341 47536 1267 8242 50663 25450 51771 40170 49186 
38952 71163 49430 72251 75911 5667 97181 17470 59318 34049 74300 19479 23923 4617 96034 59436 77582 47670 87543 28548 10419 84882 10241 74306 86149 34834 24969 27950 2956 81490 
77135 41908 52652 42916 14158 28562 64934 27690 46031 24251 78091 36682 60082 18365 57650 72467 77800 35232 20137 81694 80131 46907 66576 90371 37565 69076 41557 62533 97025 60864 
44022 90511 2771 96673 49778 33280 25234 31063 77322 87617 71665 71764 40650 31746 90128 98300 20565 84279 49883 57053 65973 30013 3959 48900 36736 41523 17975 78292 20407 31351 
55507 80780 38213 58278 77452 4342 7909 19038 51756 1582 23006 23420 89697 80007 71518 79824 94658 92082 80455 44540 49134 46427 74553 69444 11678 11288 27319 46004 5931 64077 
93706 61437 44857 31918 36066 22308 52611 60327 57697 4366 78260 97054 27785 67957 77061 15654 47780 71718 7735 44586 32610 73220 91012 7162 59016 19041 34801 86334 65044 57083 
50410 58749 18519 11618 7018 70937 33926 59628 47615 7974 80345 25874 5028 24482 93830 98440 40135 41610 86509 64222 2547 19118 37441 93559 42631 12808 28951 93783 99141 93995 
50865 65903 52743 85736 77520 59761 56672 27797 35740 4286 52123 16085 30159 73502 56918 40341 71941 97052 98302 58449 61273 848 77567 15066 10758 36549 27873 39709 30332 43366 
33703 81196 25620 2797 66931 19491 62557 39954 63640 14649 60591 15762 47085 7102 89263 4002 47442 61203 17405 45743 36003 78678 62942 29921 10095 73700 66470 54319 13408 96801 
14036 47110 94348 56007 49906 77631 75498 28815 33936 39137 43463 94527 71250 6899 17980 76864 10900 81773 54418 44656 43867 90420 39685 6808 20341 49779 80507 86810 20450 93914 
99962 34485 57375 10661 90492 7281 88291 82341 52447 22227 37829 12261 33105 9078 19159 51084 85941 46410 32856 40358 91065 76722 30777 30750 99881 67469 96880 80388 70630 17329 
90653 86943 68166 48028 97604 75009 71660 85894 57349 40458 24472 95177 52718 57576 4254 88228 25011 6546 50989 57866 46903 42053 50939 94031 89154 67172 77852 2386 47559 48481 
36066 54563 35424 4231 18942 49379 79239 90601 51624 36587 31058 76096 48115 127 33671 52368 88354 75034 75265 55694 32899 38519 14099 190 48902 19604 83713 26753 21989 47623 
91585 58055 2185 43360 78637 21127 92738 57876 28079 44362 10814 75489 36809 58929 75615 70479 27648 80321 45512 2913 36014 94763 57783 66464 11304 6684 86068 11368 33436 8056 
58990 25021 66110 61174 84732 61099 98652 77470 18974 26731 38183 46139 2219 74991 21419 94185 61821 65419 74505 23685 84683 26871 18447 42465 93334 46102 49149 79401 57469 98936 
87457 32810 23956 69918 93983 25040 31016 8987 2509 66341 35717 40691 28832 54287 32033 50250 48471 93853 15668 22976 17537 16702 66198 52335 59167 59531 14788 8315 55284 88608 
7250 59092 21417 47558 45361 31752 72597 92729 40738 91457 59069 76454 48499 4252 30740 80531 70854 79210 74383 86521 18537 8272 19575 1086 60606 78741 76969 75394 3407 32252 
64001 27008 7695 1770 74565 53055 33521 63513 45783 74258 71321 21204 67063 19819 41807 14154 16701 12660 9715 7436 15533 28252 15707 35107 45689 76312 13847 22657 68057 17253 
71260 48410 44260 78954 50179 35177 32009 51 15041 94143 90660 86362 31698 57722 22532 73505 71875 55585 2516 81589 63020 18048 26192 78726 53154 71881 71389 67000 10889 55798 
604 82149 20559 61216 61102 87089 12744 9462 87139 27784 19957 77798 30497 68006 51871 69381 57862 40097 24965 60378 38037 87984 78425 64229 83061 31579 52461 54449 14930 79701 
26598 15534 61849 47156 93101 39303 34244 5844 48764 21382 33627 85072 15531 80476 53078 67401 49856 10939 7497 74820 71316 45534 79155 49741 26114 62215 97671 94926 33015 12600 
74626 59613 44485 52827 23120 37585 92129 57364 43428 40892 95097 77055 42316 10628 73882 95393 94380 23737 6331 18229 14908 93999 80114 94062 43739 22579 72628 57761 17504 21994 
70360 8481 97958 14845 61307 21078 52429 53435 94793 95857 10679 89889 89263 52994 16868 63144 48386 11248 3232 71068 45828 18139 81418 25941 28552 41508 48519 17531 99268 82374 
39524 69628 90854 37482 84472 68513 74911 53252 21947 69703 65460 48977 59591 54722 1970 76459 34217 66707 4058 37448 54127 49885 55586 35544 92177 489 93404 57047 18019 92671 
39420 57543 62298 46625 11376 63121 31489 86286 32725 53436 55988 98184 18764 31930 69258 37086 24740 3474 20144 28797 40922 74270 95033 12859 26166 3561 13348 19569 60607 47718 
12239 16378 5260 90889 79355 16635 70361 10843 19272 3085 80630 91611 17621 99394 23541 86878 36479 48280 90351 56622 93429 47624 47244 4813 76835 89761 8374 6534 9329 85332 
54251 37919 1710 75863 45159 81064 8849 31872 8258 28121 51308 88888 19731 68928 88281 59623 55805 41111 7903 62508 14084 17683 26483 61327 22495 3317 51087 47220 26202 76767 
32552 80453 31038 50613 56315 92548 48028 65163 24419 56285 9635 75727 61524 45718 44654 66156 5340 16811 7266 29594 95670 21350 47276 22152 82676 86123 41821 50115 49694 84374 
26881 98597 64826 74270 65561 37492 66818 13588 19007 91236 86225 28641 66962 47748 90710 27968 30256 96050 44778 37521 25643 56799 75222 89271 95302 57898 91745 53474 24364 57790 
37848 67596 56387 2673 41866 21947 56517 8683 51887 75523 16270 54463 20515 99584 18562 11225 27551 48817 23626 88680 86338 65620 45478 61559 71242 40779 35808 79338 94253 60171 
37128 48452 44119 9866 51124 85984 31812 23992 11018 50 15866 27287 54512 36381 26870 73074 63957 70772 21890 3934 59451 24579 69553 21280 86138 40795 78411 38297 20132 89015 
14820 57259 37466 58938 67124 4941 61273 15288 28933 72290 31689 44798 15928 86201 97530 59150 75626 77838 29921 97515 81771 5724 38446 51324 43355 40935 8470 21765 79231 28601 
10779 94050 2212 64596 69339 85687 69537 30611 17326 98469 19252 49015 59618 35180 35215 57148 10681 10840 51337 56953 24706 33108 62676 63151 84431 6031 4085 9252 44147 99668 
37852 71278 10069 56415 35873 79408 42102 5409 26370 59427 20229 45622 24793 79847 97153 60007 53346 7833 87198 4682 64785 28256 37789 43813 7758 38571 66195 28195 47822 10341 
44214 2026 81618 54282 58440 17491 33689 16893 22899 76411 76320 43128 22032 1112 39326 35536 77471 92671 43368 81020 13704 24504 25627 51493 84668 33385 6415 50862 77931 70589 
77555 22144 72614 59172 76425 47405 93014 26466 64298 32265 19228 56969 91744 41259 58080 31069 93146 51902 40091 52865 49274 53794 77368 74900 21638 78388 24636 44405 29249 18918 
14993 6803 41061 3958 82327 33838 51362 75340 76655 15659 7604 95882 72627 99347 53492 47059 46767 46637 15312 86857 99501 64585 57003 93220 55837 78640 71607 80472 39396 17208 
99390 54388 24010 56802 58345 22688 6991 9707 98028 83645 41717 21983 95878 30696 37682 49369 77754 800 96005 93065 4009 11857 74002 61011 5077 29838 56002 93035 26661 95398 
10242 26050 66137 50604 99204 24482 73291 6194 50540 87670 6191 8608 26005 2068 39303 80038 67789 17056 80837 80145 26473 84845 92002 474 62207 13430 46663 34561 6464 73323 
29958 33058 15725 96094 13 14928 36927 89655 37473 87466 77325 43663 96074 19681 62083 51728 99718 29871 68784 96906 10015 11608 98103 2016 28433 60309 31797 75095 94869 54613 
48417 41178 87670 80493 37272 87682 11772 90550 77336 49245 94368 71012 9259 90441 7044 71341 58520 23113 17563 43655 20019 27578 55262 34473 45945 46 94781 94094 75140 6002 
48706 39909 63531 52727 20401 17154 40408 32173 7704 34095 97769 2071 21459 7027 8863 28502 94720 67382 67967 28634 11037 4337 72563 66298 38809 34860 66344 49941 28953 57835 
55942 77658 14095 19473 46736 50848 36626 87143 99372 60681 37589 97140 62751 75399 20518 71613 3901 31589 38995 88219 60223 66383 92555 49137 49032 31363 83996 31727 81303 12948 
89562 53597 6957 3656 89421 53692 70855 42398 57186 70226 3079 11127 67365 65829 86525 4235 53794 6777 35823 9140 94995 12397 75522 87549 61534 40905 35263 45529 72632 32918 
74829 62193 86514 98137 82200 92286 68181 53055 34683 25366 39632 54113 36492 6997 19942 39369 27583 90087 46145 79757 15578 57492 92154 91099 45040 70039 48355 96655 31919 20986 
29572 6747 83178 32437 21236 81730 24722 89416 51136 59404 14781 90767 13517 67625 14115 49810 23345 41697 56248 69489 21454 71825 26980 29959 79275 88372 16349 27629 85026 48267 
48615 30949 71366 48144 63385 92601 46225 88106 82016 97360 63861 13148 4479 77377 80772 18593 43538 4116 76642 99785 89957 14447 71609 33288 60757 67235 21659 77105 94864 23036 
25371 43478 53984 13088 7973 17368 5688 54198 21825 87703 67909 85686 17203 72387 79414 14326 7332 22952 18442 83973 39088 24750 14771 27049 58037 91879 94283 96048 68983 89146 
19083 10705 48975 89419 23793 56948 6786 45832 27497 44963 49887 95405 30648 67089 67792 10061 81414 91475 49364 16207 91799 88452 40956 6569 15500 15345 98447 9782 11392 83781 
15280 30474 94485 64254 36244 34629 37553 59382 96813 81401 4344 46699 76806 34991 13787 60949 61403 95200 52423 10767 27759 60573 99218 68714 67141 31069 410 81939 40850 11801 
82071 72481 58627 92907 53087 94870 27536 6991 54251 24348 88392 74946 87398 81549 9936 1184 42497 71339 12735 11271 98457 56845 71843 14026 41911 55335 45094 42320 37273 2295 
54121 35695 74776 29099 28601 44214 40320 72488 51204 10923 96835 39595 85868 584 21143 95804 18119 79991 83494 47206 7613 98302 4050 79455 12327 45960 34789 57420 88280 88413 
76066 58752 24107 50841 4202 69060 95054 44521 41547 62610 55443 54734 18556 41311 55317 39699 53466 73436 36041 53311 20641 43654 51612 24690 39460 63938 87002 74249 37709 75281 
79013 13774 50384 19472 80967 54585 88531 92372 15457 30077 54981 87252 84810 73537 28562 56479 29587 98379 29914 81979 51689 66906 25632 19652 7947 65092 83589 94948 55692 37649 
86580 51056 51422 36963 70527 32388 7899 75409 41112 23356 21838 96092 10607 22999 85980 55520 79477 31918 70250 25742 13897 21938 8999 39528 41589 16946 20971 41529 11893 93014 
79177 98473 44070 46950 51787 30948 95690 59686 22709 36801 99393 44546 49244 26351 83896 35224 98222 79725 67141 68471 5466 81037 90408 30817 36917 48348 47762 74239 89876 59654 
67253 85404 74478 27674 32353 26265 58621 28042 85950 81329 81194 1694 42226 30438 28044 42474 65661 42617 22198 49153 11087 44015 30190 17846 74831 83458 66193 22592 57696 72420 
98598 41300 74175 73075 68973 6527 99339 43946 50921 1640 25274 32114 19685 83852 62551 64080 26325 44563 6696 64874 93716 17782 8888 40257 35627 71 23714 1819 39014 97761 
90590 37611 55413 64764 10686 24385 87643 26376 68330 54915 44368 9956 3380 64052 10159 82283 28132 52835 26845 34827 17708 36912 52609 42947 77168 4587 43017 17233 22758 82031 
31346 13347 35993 86758 94463 63030 27494 98457 89406 12176 53371 33773 38483 56750 14176 48641 55384 42307 17827 82229 93486 35534 35492 62446 94832 29012 67032 54201 62596 89789 
52583 93941 19488 88575 97050 30302 51605 40896 28758 57362 53071 98480 91134 7905 71581 5309 72897 26965 63968 90723 25545 57453 26256 61036 19898 37439 90047 3281 91639 52643 
9422 44221 62935 28909 49148 76337 75562 17104 17232 4319 74465 86654 2798 81950 94558 74378 3610 67454 17694 67577 74528 43238 41381 17135 20626 77630 54573 27024 80911 62564 
96018 6684 23136 58953 35592 72283 51641 11153 89386 68872 31823 80202 71877 50972 62151 82786 41701 65761 66591 59395 33337 41118 18984 91070 58252 39609 68699 29176 66633 65961 
91739 62650 72644 14875 37954 24587 3509 5946 52091 9247 91169 265 89448 63045 51236 51599 62182 92937 33711 28772 68683 67047 86241 87666 74468 60844 27275 59519 90020 10259 
41831 98110 89260 30827 29336 43566 55413 32845 49511 23856 58443 40680 24120 47890 20076 91708 15840 82258 996 49550 27381 69678 32949 29974 57343 7416 90817 969 83286 97188 
11227 25117 11650 16839 55943 40985 60404 27707 90181 9914 51562 48623 66945 92034 12865 87021 93 45056 69278 1088 10958 13010 70765 43906 42983 44459 67673 50152 45428 67311 
47339 73006 92427 58988 89844 48369 16325 66599 92427 6505 92865 43989 71480 59809 52374 696 63181 52466 45751 48810 53553 56708 61820 40669 16965 4802 85127 990 54953 30554 
68300 18644 19912 77078 93983 26107 25446 10307 92706 17872 16812 85570 78212 4643 61730 46937 5338 24911 99402 67440 90072 69306 40500 51891 9974 57464 73045 11453 74805 44349 
58358 43104 62992 78269 20181 56975 4376 61978 67281 13433 96202 444 15354 90765 21438 77083 54054 26775 18345 53455 94215 8417 39113 34714 76659 65438 8529 49703 76890 83334 
94052 35248 42789 73395 29868 79322 30369 50595 41299 14002 64027 53852 30797 79380 60969 52235 72815 15022 95361 91159 84828 89575 15927 23940 40640 92586 5730 49169 58640 98971 
48854 52691 50570 91642 42438 80438 87315 72806 31032 44966 3159 95059 98817 33956 90790 59785 2542 63604 91158 97902 71115 75986 3829 87041 16277 44468 95978 22006 9988 70970 
37329 58841 40012 87898 66835 82449 84687 54149 71607 15719 99114 74765 27129 14283 25072 34270 90419 27613 97874 81577 41867 85340 73914 45695 72380 90190 90162 84710 28548 16502 
55679 82228 91694 12042 70125 58528 94491 54812 29029 66097 86882 44494 40861 30362 75128 82285 64631 65547 9897 78856 63475 51763 64195 37388 97457 52927 43929 3971 53988 88828 
36824 26018 71055 28517 38059 57532 3397 32549 28695 48777 98645 15576 93270 55858 62289 84750 38142 43271 50296 64390 22127 30122 32505 2673 83861 29961 55599 44141 50283 25938 
32969 87106 51955 20375 31975 90014 77906 35371 38914 6600 84147 53911 38527 93768 9768 17167 78517 64261 60438 45164 28650 98916 91637 61154 1588 75497 7467 73539 19638 74101 
99476 68958 77559 67783 89332 9533 57796 67238 44903 13061 90189 45401 66971 28716 39168 93090 45882 34037 57350 22671 95552 86000 21586 87189 63505 39526 62685 87323 29416 98674 
61424 45243 67631 38982 13025 56963 48514 87172 40552 9768 233 47092 55168 67203 75807 10687 76645 38041 61075 33994 77063 56627 36345 98649 43815 99850 54526 22851 87172 83941 
21525 64947 29183 5507 3928 58560 78821 68793 45731 19372 78560 45963 66464 50079 29518 58622 77118 6162 13014 38192 56507 90077 11170 92852 5077 54984 9053 59602 77835 12576 
59894 15711 77523 5428 21217 97802 63987 38 66595 26070 35761 61506 88384 18576 11585 17901 93550 5054 40414 6563 43245 13273 96639 70767 6124 18067 25750 31528 94020 19936 
44103 53913 51998 37977 75693 73215 35779 39679 89604 18725 82100 25364 80230 70484 60292 8166 4736 53841 13219 45150 76755 72816 74774 89746 43582 80897 7812 85683 28776 1832 
5619 89230 72096 57616 27207 47788 47182 79337 3819 36785 98061 85918 78501 94642 56401 55144 2808 61137 8984 16026 22638 85738 5193 97411 75483 65126 94659 99647 50809 23434 
1478 72779 29015 73573 30394 56221 21361 93928 51909 41531 47064 49969 27448 25564 44611 83849 97059 63770 61337 6042 96147 83974 8132 1340 97736 99966 66465 8746 99612 33625 
48531 17441 6403 77545 91014 53149 33766 28726 47076 2026 70256 94139 51995 97703 36055 12957 97903 33113 76726 59239 55507 72872 59564 63638 90563 73651 79955 73380 82396 79567 
7004 30926 97007 13407 8471 4372 66555 58588 49449 29982 60613 19704 40472 28959 33759 92878 41915 48013 25991 34992 23604 97849 24216 83167 77838 14778 56818 57792 4509 55565 
53710 11513 86491 67069 41271 94961 87792 24177 69900 37241 54158 30512 73296 10981 75823 7054 3859 17737 71419 29849 69081 95022 44049 93296 78188 21886 24425 51357 96029 45286 
6922 49739 56798 93412 33159 14420 4724 20950 38596 74623 58190 92753 21486 47838 3733 97308 71243 23943 31397 42661 70143 477 37682 14191 10124 32222 36076 50900 83578 48457 
96185 6851 14547 69334 16614 47705 83753 21337 68654 22348 12311 43196 31452 50149 91033 51537 63808 62275 75479 95204 21288 45622 12032 58969 76164 38507 91190 28592 5759 91120 
77048 18295 97970 91594 87629 14584 39298 87733 52272 24303 26433 80935 83850 57884 31083 74882 25772 94890 53509 17603 6446 74796 63224 18477 50116 55739 73336 41306 84330 79094 
48777 61377 97388 46746 52970 1368 77681 8619 89101 29953 49274 15533 27239 33123 89768 58321 24357 15540 69562 94217 49494 76007 85364 12717 10836 35479 68455 84171 93136 69137 
63264 41912 30513 77003 5010 99835 78371 99042 24805 67471 45346 74078 99355 72584 7201 89122 47256 31557 21013 16818 42125 70506 9176 27488 99574 20011 62966 84381 20533 56102 
53517 83796 14365 84029 77151 35726 215 55521 34768 25020 22991 80113 99097 22345 52697 22649 27818 99952 70557 48831 33121 12681 35688 42297 40168 35262 78659 3134 19642 99192 
75587 73158 99339 6303 73538 76489 42029 73753 32009 76796 15124 71351 56908 14220 10047 9604 53221 37865 25908 23777 3047 59028 36458 38734 1324 76625 73995 79983 96110 9988 
95526 71696 83145 94864 94351 73035 87705 36379 46787 19713 13174 61910 7416 86433 92481 17462 12389 45701 71678 38296 69478 91076 97323 22287 29810 14999 15263 20156 11333 11373 
30144 23210 99420 29640 18073 93770 2674 5777 46500 65812 41842 59673 44073 49257 46106 36554 83070 58494 98606 71100 13141 84435 62175 26815 6721 91984 58165 38336 28492 69497 
49708 58635 92706 65479 4626 27131 75601 7300 49259 22100 89463 91100 81773 33536 56708 44230 70089 56130 19075 85046 27229 32215 69481 89403 59029 92553 97739 17194 30888 42582 
3042 96947 17568 12100 62426 22193 55582 38026 45844 4840 60125 35307 12292 58249 68842 85351 18830 55282 41480 37904 40327 68708 86470 26159 74463 61851 18712 88553 79044 65951 
31134 98437 79250 48701 26888 41675 87245 82469 96052 33089 87309 72528 68395 15952 47129 37236 1302 65958 8869 42782 20214 49195 27841 6683 91706 18655 68533 26769 7207 63928 
92719 54692 62365 71968 3392 5604 29994 90637 88073 42397 40077 91733 31277 8471 7684 78405 62058 25337 60714 70926 84470 80927 36472 12311 87610 28177 47317 56142 54945 54524 
36422 64016 9215 98786 52335 28959 20741 82329 35947 8813 41077 76023 545 72353 84493 24580 67109 62902 49917 27823 33827 50738 8749 86650 63048 96358 14827 10365 68852 86123 
81240 5273 50138 6806 20410 2473 35764 41150 1153 88062 66315 42229 64084 83211 30934 64928 7791 98042 27829 74059 25864 78007 24796 34613 64657 4196 47322 95835 30912 32525 
81957 12151 54149 48447 35308 74558 67271 87424 32060 68423 75485 98374 27003 39569 97936 57936 4496 5726 55978 32325 96136 81841 26683 37284 32805 91339 41479 80127 3525 88742 
29003 1834 17244 83152 50280 52551 57709 33902 39974 6120 18676 15459 20845 45678 71379 18781 3614 75874 40858 75943 24550 36994 74135 51233 90629 6940 58923 48459 3418 62448 
37200 32420 80633 54443 15571 47264 23345 89632 81165 63319 12103 99840 95129 32948 45517 66507 68080 65482 58732 8937 41424 83282 62282 31911 50866 52910 38850 26140 1368 42267 
88587 54919 91038 85571 9361 22961 32834 49058 12592 13998 12376 41046 30189 23856 73993 92058 6714 42072 57539 65445 67361 15315 65078 29642 47225 15943 98904 2426 58435 16623 
44692 47021 71542 52081 32592 97254 75041 81777 46311 3984 95775 75038 45030 25963 98893 19022 18020 21958 77446 91911 87403 61158 23577 52480 7151 70801 84775 6054 89578 43209 
39029 50621 6581 10570 2701 55524 24175 77742 37301 70486 81725 49427 61875 43106 91741 77120 78480 9761 99077 72277 18023 86479 33434 41599 55311 40584 28751 56437 62990 18328 
15997 18370 68948 22577 28939 71648 94453 69465 65741 48105 56302 63818 97531 18177 6923 89271 95296 85402 15383 94372 74030 33405 97203 7463 75003 52513 64399 20105 25301 43740 
38432 41297 62109 7379 80225 91047 95379 74677 76863 77471 39133 33165 57640 36663 51341 80915 42286 62988 66316 57668 57359 40346 7425 54561 64160 98779 23425 28558 18884 48725 
72297 57315 90021 34405 81046 86598 41803 92776 77626 35018 86598 16759 68182 44238 69773 19522 25152 12058 82509 7819 86078 56219 64516 93502 27132 28676 92280 50556 73585 11163 
99281 62234 84830 5653 12990 82227 92250 71145 75002 69876 6162 61599 2986 74343 5836 72758 10216 47339 84816 9076 55158 70893 65294 19673 80746 8777 64700 73025 59333 38285 
540 74965 16870 85369 96969 29859 67595 89219 1003 58948 75446 7164 36898 78431 97858 42734 51188 24425 90072 52355 33500 61581 39599 15146 81254 20344 23922 45953 9721 99606 
589 10260 74570 17458 11980 71539 47317 95926 77109 64671 54873 68906 88187 91770 63688 86044 50855 31227 10469 57279 83582 60320 18859 23180 91817 16464 59876 15739 62417 69596 
15344 79357 96207 6266 96815 8186 94156 44131 20463 71264 25153 75335 56521 13339 83456 20208 15735 50663 51434 42555 24293 51367 2874 59503 90899 94691 75967 50774 26781 54735 
36721 58476 34091 32927 64741 30905 57464 58896 91387 77926 46511 16540 69612 3031 29878 69419 39590 61964 36433 7376 4518 60725 58742 7392 20228 65992 18434 12546 16765 45214 
67280 69837 3689 17722 2763 84782 48627 76578 43677 56365 54503 90188 89256 40466 9570 35486 9885 49160 97449 46317 56535 1967 7042 15276 25710 43621 81268 44143 56166 14384 
5708 39797 573 25748 57518 19687 10529 22496 96265 54206 95213 67119 60745 84468 7585 70314 19953 33821 19473 33754 80137 92359 35720 3530 23987 61429 63502 5254 21923 19667 
35989 27630 75815 52913 53377 33333 72600 63906 72180 68864 34463 67392 52334 11559 51860 59918 81872 88164 93738 17697 38269 90227 10055 73988 10108 34041 51768 73610 55646 73690 
9628 7987 17671 85443 60899 71048 35127 33498 51305 7306 18713 2119 91050 71047 13677 59261 47316 11900 47424 57406 45948 85693 47632 56003 76032 57739 6395 27800 47700 78393 
17841 57328 86379 51864 59122 63629 22911 94248 13479 90567 17905 32191 9037 8954 19589 39065 68214 66905 50964 31990 40662 13264 17682 88293 85618 10065 62383 92012 54216 10083 
86756 88409 83762 89486 40272 42883 53115 79534 37130 82945 86452 71386 15135 95488 80340 51076 34552 48553 34332 1867 80542 74993 31482 14575 79637 17099 24640 42019 25463 95207 
68453 12218 83615 68566 1704 23886 11448 71170 3419 64929 70466 89870 36315 1952 1709 16654 53027 52612 81558 87358 70831 62100 78702 2312 93026 58338 19411 34017 16709 44873 
29224 85161 73442 29190 70079 91497 53076 81526 79018 72846 62807 49483 79068 15473 51435 97128 32126 4461 49740 30035 8171 20570 8486 86872 39233 1512 45210 58643 51880 61918 
19867 81103 63430 93309 10293 33508 84805 79720 31386 80175 68917 94192 29657 64336 9664 81091 61464 58141 1904 11203 4527 26426 48124 13013 13297 87356 30876 74858 62351 82755 
36775 98569 63858 16557 91877 90502 66416 93034 86573 97801 73208 55489 8344 19216 36177 34359 16659 97640 8851 18562 25194 13378 44987 73317 42742 74635 77024 73617 49493 55726 
56371 2619 54295 36580 19175 62523 43433 85591 71908 30005 99743 45115 1846 8087 80683 38022 58797 97341 35661 67648 15902 77206 97377 77240 66874 40118 51874 60249 13734 17718 
15975 86456 20337 86621 23036 55863 49143 82820 57805 21051 12825 57548 82517 31022 81986 63199 69043 57134 60539 21055 24781 92792 98260 38509 86383 81485 78626 54609 41733 8711 
72326 57707 11519 92662 44327 34554 64877 9822 33725 22681 47224 46549 96580 29740 77570 94917 9291 62964 52051 86181 370 93183 95325 14981 31692 81707 96465 26669 36315 38198 
51732 8641 12256 63250 17654 72935 14155 82530 82756 47879 21563 29979 10780 18142 76070 4701 29411 85360 67665 81461 71541 84386 90995 66865 99367 22686 64923 12183 65707 1238 
66732 17438 26230 78988 97039 60235 68274 11193 59117 67381 75423 97031 97359 86202 31524 89780 90903 60934 75140 74919 58746 63032 59304 49741 46248 75022 88778 27522 87205 54484 
28759 70288 88273 71340 65627 85311 47927 33900 12855 7043 1280 88278 4073 14990 90831 35596 4770 81733 12882 96261 56651 71627 75644 32307 21367 38243 7328 10145 65764 10884 
80980 10875 81172 69253 82214 63150 70915 46492 97050 122 69886 14681 88399 90310 46023 95581 42258 67144 77314 55139 63404 50316 26765 55399 82622 64484 93641 89950 90980 59404 
17185 71959 70278 14708 57563 68844 77858 28478 31687 91259 44951 1573 22291 49701 91882 68313 45281 34139 35456 22594 89277 15211 72910 32394 70609 71883 96877 80601 61832 4208 
56357 95369 76166 26634 10076 33729 11829 4285 78558 59868 11895 23508 61440 34186 73208 53321 2498 34840 3812 37954 57434 9440 53164 46695 41833 40125 18577 55061 20725 96761 
59268 77081 92129 51786 20067 18556 85514 48247 39193 80423 8114 51087 20282 85905 85272 9841 39226 4122 44680 59389 58427 18465 68828 11590 65159 27013 68066 88 98425 5143 
96848 57693 98575 5328 25830 18641 40235 27695 83240 95779 8117 7705 46866 28398 93610 48489 38238 49187 52610 99269 8575 27388 17734 93754 38978 99244 20766 23395 99331 19191 
28537 12530 93235 27112 34209 19064 62104 90796 46758 61695 86574 54874 69400 33439 99623 79361 98280 54212 28547 67241 53480 53473 94629 87565 47226 49958 86809 67992 73352 2491 
3534 18241 15021 96768 61704 65581 32183 40159 56376 78940 1854 42950 50165 87605 92740 66139 66965 7371 20350 11863 74612 90181 65335 85592 94098 28912 35549 80906 13255 25252 
99748 16788 59844 31120 29907 21547 96701 62089 61706 53076 57380 79911 12377 7544 67515 5117 73682 34479 12487 10383 62693 3450 16916 44379 89041 11013 73290 40941 8270 2897 
66193 8017 36036 26036 39137 65943 63935 52189 44383 41992 21616 1763 21902 33993 9306 89416 55461 99340 40246 84299 9722 2938 4101 26637 47316 93141 37649 36957 34082 45918 
56205 16626 70287 92241 59013 25775 58183 39299 77963 18917 81290 15930 20679 3191 49922 46337 92606 21734 45676 32851 22385 71749 52140 26485 98386 99455 35977 52386 52764 86410 
14656 8968 3035 84942 1208 78400 10716 75742 17698 5030 94659 98988 20959 15337 2178 87233 61673 11136 25318 23700 60338 47702 95449 12478 90538 93834 11932 26515 62571 81047 
12924 77226 90015 32311 78519 7574 10710 5586 99668 44759 26967 94326 60098 47926 26014 78628 51510 4039 89763 76827 44090 50100 40881 39538 62577 31418 49723 90861 57932 12294 
88259 87208 5871 78273 19518 742 2199 30227 6327 1866 91337 33294 12543 51435 97571 54908 30062 65432 58946 19824 42258 3036 86275 99490 58925 48852 30908 8648 56064 5191 
37293 44322 92398 59515 38947 11915 60256 57497 58493 82935 59362 49830 32580 88256 1264 30150 43163 31325 95581 18461 67500 54190 37848 53774 53680 96772 18977 939 21771 75040 
6129 59063 35714 14879 18578 91012 43145 78833 48508 1638 78119 24221 67819 10698 12476 85434 40847 55638 33110 52779 90450 609 23321 28297 70734 93352 41421 89711 10642 79543 
81102 16770 38606 33167 48000 73535 24178 91145 68719 72685 9134 46838 96905 76952 57535 9380 62385 14734 81370 95494 83864 88171 12454 23536 32820 83187 16887 74240 89249 27528 
53782 70351 60650 8739 3517 8649 98625 27695 16145 67344 16731 25278 30533 13636 18581 88067 39367 97317 19152 37088 9162 19368 25259 21615 42903 74430 21154 59790 65021 10402 
3669 35154 97104 64318 43893 621 89319 42517 44667 21815 26212 61397 63445 56744 91384 82025 61163 47103 95694 96666 542 4855 16033 42152 42822 58936 16581 63975 35077 81601 
74376 38745 16755 71480 19415 76999 88452 25085 35867 49470 63251 62079 10866 26695 35174 18602 25072 12688 82056 20765 25706 82597 41971 41738 24749 84792 17025 41329 48766 68453 
39282 39494 23550 56036 10973 59316 49386 15776 752 85252 65245 64002 47330 92462 7049 98856 11063 32120 27895 9470 69236 53600 92067 11206 11690 33167 95998 28714 90847 61115 
13519 30128 608 37068 2515 11580 96383 51900 27355 97134 37152 92599 77487 833 85061 84535 16040 12475 33006 43935 21945 2241 13886 30363 29799 25575 79881 42148 70641 70727 
3262 84159 17207 3870 21226 36073 15449 33960 87973 59156 31093 41476 68106 24931 58660 69518 9466 91052 81993 42471 34986 20289 61064 65223 50651 7214 90798 30531 49361 77790 
17609 52622 61948 51167 56491 99525 87240 88292 33484 91564 47447 80928 49391 31904 5858 8050 1422 15323 15453 83414 74146 66790 20054 51561 32013 87056 58774 22810 33938 8134 
16951 51546 60755 78898 2713 33598 78422 6304 21889 28257 97867 85687 9184 47257 33942 31393 71658 35363 63068 87111 35128 37213 53900 55181 5125 85912 42236 63898 25073 76173 
88383 42023 44071 65489 37272 46783 99086 32045 53086 37326 60301 67304 39364 85836 14560 73306 17229 2569 8668 80296 89679 43796 33860 43579 15328 38984 45842 57564 19233 87267 
33736 7615 45641 77806 73103 82913 40940 88541 14957 10377 25866 91610 77680 65230 77445 8591 54887 11025 11160 63554 91320 17190 23701 25179 77120 39029 80514 22962 12944 99746 
26580 63031 7360 72220 57189 96815 71484 14480 85355 2793 24857 27572 94402 18888 9153 88198 43831 64039 99223 54990 43945 90542 88531 67645 32073 65651 23025 28938 4964 35968 
28684 31543 15351 52395 20114 72539 49209 91598 87018 34563 94390 28226 62135 88791 47114 71287 76988 7296 51678 92562 78637 95622 99456 67167 63266 47880 32817 2643 76817 37780 
54962 5500 85674 70312 57895 5788 42850 23455 97385 46220 58018 91774 74445 36504 96916 37910 24142 90255 45205 75819 99169 23841 71440 98624 7360 51058 46503 40176 70052 23319 
94308 25013 45171 96333 95325 19417 2120 54526 42871 15856 745 17240 23981 91542 53743 37248 29451 94237 27503 91008 86407 26671 31200 74199 41646 38559 41608 4500 95087 11659 
27818 5746 36671 89340 2078 48347 8756 4198 2873 67979 36405 19969 85218 60386 11510 55313 97633 57313 65901 41487 48320 52307 68157 95871 26505 26154 50782 84464 30653 45868 
96122 74823 51613 32793 64162 70042 81139 89270 90591 363 73600 26996 20332 58817 87381 31841 30481 85013 5505 96381 26500 70176 48688 11008 66047 91544 37162 16828 76008 84166 
79047 72129 58988 47011 21273 39502 17052 18764 45123 7643 19126 18722 34638 55809 77538 38370 4002 24371 39734 9506 20751 66233 79682 85790 93593 62080 77334 47106 95259 69693 
31271 74305 58173 6611 37667 95798 46112 71070 14561 91234 95064 50038 9955 46053 5847 3844 84422 26200 28214 24156 35705 65317 6740 31738 51106 16684 93817 44791 63789 89075 
14483 11412 79731 72656 18022 33749 68453 64133 4819 99365 71718 99882 65754 98024 62287 71600 1867 46708 14151 46433 87215 49856 28101 93955 81593 79206 10638 91762 23997 90779 
97188 54831 2190 93271 27486 36563 27019 12290 695 48189 28006 72412 64423 93760 86787 26709 81711 88653 89768 95862 51437 76983 62069 79537 87289 60013 75095 14278 51774 99091 
5056 65314 53921 23597 58584 97759 60159 1954 26400 77205 50143 54406 65968 30917 64517 52754 57625 46227 57759 47392 42088 9195 40726 20508 5084 28014 80521 80178 42292 32294 
95620 63699 13959 65892 87296 72542 63650 63806 90848 6402 41011 57342 77159 6978 88258 41675 76084 45882 87901 33842 9625 46341 43036 50351 66848 64471 94716 63720 44648 53359 
12366 56619 17058 26324 22511 20705 15218 2512 84510 6065 8913 41872 63406 86071 65202 51663 27745 41285 13896 31998 75126 39872 94690 34513 6574 77889 98984 1290 41609 59983 
54648 53974 16602 88057 80297 55464 8761 11866 57975 9623 17930 66888 67846 81335 69310 33047 49349 13407 74331 79596 61756 65808 19468 56445 321 26041 50685 15656 27330 8645 
91990 98330 62618 8591 86386 59267 64054 11499 71132 38381 37473 5414 5268 5318 3100 90929 38365 52449 4335 29047 32044 66090 11207 51511 38886 27879 93904 89571 43534 37585 
98215 35523 35914 77185 60466 38652 36451 40871 50150 23934 79251 87622 29347 870 9291 48799 91799 47655 1247 96133 93054 49642 78575 4260 17505 17460 32138 11408 7030 92023 
48992 21597 43897 1258 98781 4362 39909 51583 61585 6410 91868 40835 94031 37567 58057 3321 86365 66207 67328 3963 78691 76733 53604 57265 97344 71108 74725 29481 82515 98106 
37855 47859 36054 81751 49116 34834 2465 89024 2768 64049 95433 94636 21235 5815 48554 79291 25487 34918 45497 9166 38880 24188 85898 8835 97804 83241 79943 72528 29073 78809 
86986 83279 26667 23039 65030 92134 74225 67494 97509 76992 47894 92941 87979 69128 15107 36532 48419 56946 87801 10267 66111 43032 50806 68361 51867 48610 67953 48161 37489 13378 
26969 24474 96656 69988 63865 78037 78473 38089 45530 75982 31432 9775 85274 19411 78903 381 72294 43673 73678 76447 53939 39788 19478 21097 24500 87696 69706 92453 35856 7194 
5830 79177 48020 18837 65516 11884 96874 43988 49972 58755 36321 81403 68530 21595 17165 47432 38327 89459 7456 12004 65905 61394 68143 1734 82490 8995 5782 68547 1447 41637 
92093 23628 37165 40112 58816 19032 51995 55689 79372 18318 30796 15692 16072 15677 53638 33237 63108 91964 39047 86915 20319 21303 48308 4814 23036 47150 13808 28817 32048 31606 
86806 24140 71585 40322 64251 30400 59354 32597 2441 38725 50914 33236 70768 66986 48912 24406 16574 28371 16369 55620 15285 53040 76922 79944 57853 16309 43445 88012 45126 75493 
19617 48283 99632 91201 88604 80235 21600 64309 12831 40392 19385 80097 73627 90153 63434 38890 14558 80007 67260 47278 35626 98896 317 28899 78840 74521 45207 22284 62532 6684 
14128 82148 54966 30112 89700 59922 10346 27652 24230 39528 68043 43615 35976 58022 50119 15761 96911 64676 95767 80523 11953 47744 79418 12270 76642 74609 86790 38201 13245 65674 
44884 27372 47821 16202 73835 37521 76123 84180 81524 16704 40060 49566 76670 92387 7587 26788 8148 4498 91463 20266 1372 19768 68010 80789 48389 61003 55398 51530 99203 84994 
17203 60439 12365 81376 76640 2552 18896 52762 3083 16771 85817 43142 66336 62487 51881 73923 5626 60028 94772 97089 80293 96143 33208 64654 93283 81596 42009 65032 33125 41211 
50025 66680 1649 78742 48055 94640 81293 83302 47401 84375 72 33218 43869 66407 12056 12101 56681 17681 72128 67804 31121 68772 80298 64328 49778 73581 62275 91786 38612 11752 
49348 4989 78431 67349 82 26485 61988 81374 9786 25741 82100 9857 75310 42320 76263 87365 54420 49296 21397 42899 17099 52518 11671 97397 33197 77800 87329 11824 69585 42292 
23575 35284 47280 2005 2632 47361 44841 80972 45086 54626 6712 43538 64482 82021 85857 57096 85737 56629 22743 7133 99527 39842 76002 27549 53590 9199 5348 40918 21022 91284 
99561 60948 42920 63193 79304 45551 10553 24144 42874 71991 78769 49585 31880 59602 47957 34088 33049 33693 90716 55792 57178 6595 11985 33179 34143 81926 58729 55843 39195 96102 
63478 38755 57049 6397 1947 36352 68300 28852 60495 11173 17194 55615 77110 49073 15216 41418 83160 48265 75111 90228 20408 48640 96822 32392 81818 47316 14317 40547 19510 69863 
36648 82988 8617 10049 5736 10564 46400 74035 55767 23247 1560 72960 78861 95021 22032 94077 36438 21543 58693 27900 28122 79100 76539 41295 27843 58357 88611 58511 15255 24472 
28373 51902 23811 36989 78302 29547 63904 24702 19933 36022 64300 21492 8981 43160 32864 47364 37236 69302 85259 12280 97201 13380 91379 90092 54675 35573 64800 59637 94083 80054 
460 22455 48307 24271 75796 26609 53817 56051 67662 90101 92073 31961 27945 1053 75120 60808 64769 28708 30109 50027 40987 43662 79758 48718 50105 50784 84290 14904 10420 94725 
94957 27232 17179 43263 51502 9326 69871 21670 65377 53884 11770 57449 85844 56066 74853 60964 16874 39621 6023 63334 89647 47009 23347 85757 12078 73451 36540 12720 88354 63312 
7444 83310 90543 24622 42925 58396 33948 29147 80065 15676 83031 8186 73124 68874 64252 64328 29837 81125 3949 35859 60810 9947 99220 84157 95703 27649 57607 32243 40368 62313 
11906 47811 45622 2448 72433 88546 60843 22732 17693 57259 38407 17075 65444 27882 85948 46047 92209 32137 43523 12509 84347 4333 22456 99918 4841 34510 27567 62447 83104 67934 
24759 95009 15745 86733 97456 4529 91630 74650 27260 25674 31908 82018 42748 13704 26251 28696 59750 34811 77184 19625 47320 61530 23957 69775 61448 28797 20636 89014 7595 3740 
73299 48706 98748 89043 35438 12556 93571 27067 3557 37182 69093 35465 35551 11840 65520 61801 56887 41621 96612 34070 61245 60283 11952 85201 46409 89751 30349 67044 78764 37944 
70783 68414 3001 85883 57457 38438 98438 67379 81856 1994 4561 50948 53810 40111 79140 19329 18264 52378 60950 31227 86448 22194 91509 14751 23747 37917 4501 70447 21312 99616 
24742 92095 68029 27742 77977 25485 82531 92766 92864 64387 94759 13776 31686 64921 70238 27177 601 88501 79555 61550 36079 82354 96 43939 97104 40194 98207 1604 10640 19519 
1219 51734 11613 85599 79475 5941 27436 62006 15058 20299 42744 9816 50426 90781 91088 20663 17958 91689 25516 13864 69590 77946 96217 69685 21885 9672 26230 20091 27627 53222 
55961 45197 4955 67573 30795 84429 89865 58230 62786 4922 94880 5529 31090 45305 12662 22177 82320 46971 30217 24187 60834 99807 2132 73402 85843 40368 83073 28425 76811 10699 
81646 32771 55895 2952 16696 86689 87380 6560 61271 66518 27834 56150 88398 75275 17807 1059 13803 16478 48029 44020 40664 25214 43826 59147 98615 46020 99515 98039 74444 76325 
8737 56089 9095 80983 59040 42142 84024 62772 48702 45294 45641 92887 17795 34038 68161 35601 51449 98315 52078 15829 42334 9093 41043 2511 68240 56009 48531 67754 54048 39326 
60430 79136 11767 85876 60119 87158 28018 60494 49929 93071 22139 11921 2309 39933 45959 86821 91886 13759 85135 60315 29587 27469 69408 70629 46331 37647 42990 11213 21752 97037 
50539 98533 92524 62305 760 68994 49462 28777 29487 15743 38199 51625 27663 40507 7910 89973 27327 99795 3731 28814 60109 33318 72634 45868 20298 18964 83514 63287 30177 21617 
76675 97067 36501 69199 75723 37261 38192 41536 66037 84031 57278 20588 52007 1293 77446 59916 91265 4773 59710 11348 49938 36171 44665 22571 82038 81314 41534 81904 60953 88062 
19872 53979 1480 56373 23177 77202 93633 77721 18738 76021 61751 92367 96608 13757 93659 90406 90025 1276 11530 66086 12623 61467 2256 73639 84037 646 71304 41922 98901 32256 
29984 18772 86235 47815 91496 25763 25017 85128 19835 60106 77501 97937 68824 90460 28046 62483 80865 18070 80110 92394 84155 9084 53860 2763 82722 37896 3408 54025 96170 18660 
2633 42505 37431 5219 90319 45279 47333 31687 30406 67168 91792 24258 65104 60616 14718 93149 39450 95582 11218 35911 4328 11725 44994 58187 14487 27715 12435 34246 98091 8604 
52905 17075 51108 6687 22293 57778 51965 85978 89465 98723 53145 97608 22980 34600 74575 54049 27749 14024 49631 55318 49934 70310 67042 94927 28496 97880 38993 40930 32125 53436 
65885 85029 70510 33344 8068 9155 91122 60032 95132 80586 58754 64628 78193 98086 99227 52768 52134 26975 83143 18116 98645 49429 88425 82038 60707 33273 79918 99700 90554 12042 
53135 56439 13423 39996 89782 21490 49150 97255 97873 60633 77840 72979 25260 72385 71064 24487 41504 39549 67813 24646 57665 66457 90426 62441 48495 51133 95713 44764 50832 86267 
56805 20318 42705 86579 60313 48838 8068 25815 62445 22293 86447 40284 95271 28059 29020 82686 52545 70523 22234 36709 11521 79898 19518 18298 58691 84364 69430 54403 29127 36613 
40669 2283 56930 99725 88862 33595 64915 13281 59409 27359 35573 62207 83994 47195 90265 13014 29880 59161 99888 52114 12222 27760 48363 31739 46058 7053 16102 15487 77808 61580 
68452 18476 63862 25381 34553 69075 75327 99467 98708 51087 26825 50632 13294 27170 97827 19910 40183 27706 95423 56423 96171 7644 84182 44534 55734 46591 67938 88187 78430 45745 
66118 46881 80573 29979 88613 15125 15406 63940 14591 14113 15026 57767 64744 44671 84936 78922 80933 41471 6628 92707 97893 19150 350 98426 63683 72435 45017 47973 76973 39798 
93717 43090 86678 74289 73068 91642 5765 4825 71933 20355 18937 86959 94473 33 47981 95761 78954 45265 37231 1933 37971 51475 21083 54672 49900 1117 27106 11268 49089 4078 
67417 59158 47167 70446 49798 36587 62088 55563 57763 34020 92269 76700 37330 3094 93084 85311 98854 88389 46927 36084 90322 84898 87558 11404 39569 53809 28872 83027 81429 94313 
3456 48845 53470 50623 19291 19619 3561 97730 75181 61323 31749 83802 54374 69079 86895 63809 70741 85748 52198 17667 38183 42519 18916 42092 70274 58485 95900 99145 57863 93680 
9809 61318 42525 63278 28292 78167 82897 48204 75896 74429 9527 7644 74582 80252 93074 61476 44061 80166 47223 96258 97833 1757 55128 33100 43848 25401 91584 39748 40897 65798 
33427 50706 27116 92303 30335 55407 70469 29583 3611 62716 4012 29489 70360 78593 9740 79785 56421 70152 59951 19995 66409 74135 21752 21536 7234 65599 63288 15170 21698 4185 
80967 71477 71242 24434 63779 1576 79841 50600 31159 99803 13315 51522 45643 26 46466 71734 79811 19238 41886 39761 39233 8294 30247 60984 46182 37480 42934 9469 69001 64632 
30005 66320 36108 17598 90753 16238 19174 70593 66837 66684 86747 80152 34557 32389 96529 97374 4123 76339 16612 62360 32451 55844 87005 79049 33179 33186 16529 76112 59007 1881 
40743 5363 68200 93202 22961 58953 9440 58486 45897 76276 25169 32644 72779 76077 81384 85660 73450 1858 61998 90061 64217 10801 45904 51222 89849 79082 759 22729 71546 76117 
24610 12288 81480 9161 21842 20792 68113 31281 79277 14010 23908 20797 63005 13039 96873 60740 98698 86674 62598 77047 76735 43166 4199 38990 10739 94048 34424 11498 33128 5969 
87614 57737 34608 85445 83250 56449 6236 51362 4081 85512 81723 44341 22660 61079 73731 35884 21819 72428 22558 768 65826 15644 60285 70025 54633 71024 80424 89056 98873 13551 
11376 86486 87640 45984 71931 70889 18784 78166 38602 22865 80030 20325 83557 2689 97755 57287 54925 35925 46066 77482 36692 11891 93125 13329 98267 64109 84352 95042 53165 83224 
8593 64540 86061 12584 26875 57991 99824 45659 52509 38425 84875 48890 75101 68431 67930 72856 42069 22854 8780 88134 16687 61824 16376 26163 75152 30995 90272 75855 26036 43436 
75430 50980 24327 61490 63563 51202 35833 63386 13212 4693 18163 14438 69934 93263 82868 37863 82470 41288 77069 91250 29421 93755 69425 62148 19918 60928 93142 10189 53134 19178 
69976 28563 70157 10654 6404 50072 61855 58588 29809 91418 63280 47971 5855 49565 41234 5074 87428 40055 46361 80848 31304 92133 74602 17080 54281 10871 78007 63774 37411 31140 
82951 7386 76054 69460 18040 82458 35883 96246 57397 65691 4016 37029 30014 9870 86593 71247 31296 74020 11301 94008 71219 58957 86141 45821 92388 56773 73043 70395 20546 10454 
17886 19849 17839 10292 5660 52230 92749 41542 48476 66497 23584 52491 3525 53597 78712 90118 41195 10007 80489 68848 4015 51708 44156 6507 13880 36543 63279 86922 23289 83824 
97375 57527 3672 15214 67818 25683 83795 76918 67224 32270 43414 7160 1112 46939 60756 79824 37056 18303 6182 17544 87150 10196 85603 31305 33054 99482 84199 96332 86404 7488 
80156 83778 65014 179 15343 32831 42214 99138 9748 9437 47759 69513 32948 48871 16451 93704 45046 53506 12006 51227 87402 15507 77775 89356 63163 10828 88838 47361 23512 91593 
71200 20019 75370 52565 20197 90713 85395 78762 6202 11494 88199 53960 81007 21146 19182 13809 31201 64227 83667 59558 31806 87420 91416 9580 76775 54578 36759 65612 18291 60270 
57204 89490 80288 48926 58407 16837 55990 43801 95598 62191 71647 148 32502 69005 37646 51684 99165 85198 15910 82831 44756 47715 70250 52523 73646 47025 23453 26757 28988 41743 
87026 2544 47584 83666 51469 5990 502 7458 66143 12451 86000 54141 12599 34853 39497 66596 86536 38661 51793 18798 21492 12900 66512 91741 65423 56510 38765 88875 83266 84105 
46969 70291 86648 94552 70308 38116 16894 70809 61925 83036 99612 64276 37176 28562 99128 76672 95157 85664 31684 63301 4461 53175 92553 87324 44916 74327 43833 32 63201 43450 
488 26521 30093 87135 37424 400 41602 54317 87561 3526 37352 87172 84153 90879 32085 83281 83902 43593 85296 15586 6893 89756 85112 99445 93431 46379 73771 53616 46411 53323 
97065 46898 96195 43509 50385 33619 43909 91986 87935 47821 11864 41639 34992 96016 48869 83428 79296 32771 27020 64591 64708 33912 70698 49819 49709 80481 96198 39831 34096 58960 
93154 47512 22209 89348 91021 72593 39318 51281 80931 27253 99101 92794 85243 50444 88809 34111 33871 84457 83233 60890 49047 64292 11153 36097 30463 60861 32929 26660 692 83376 
1971 10197 47239 40531 15896 54611 29476 55214 5891 10406 82466 21343 3199 84060 71786 92007 18170 22008 76463 17755 99249 41862 82046 10402 94310 12508 87614 27238 55519 88305 
26965 57489 14853 74203 14372 30749 28814 43847 85962 51056 54252 84779 72399 57450 68838 60536 65808 3359 98896 58623 21113 98144 16836 3159 24897 11145 32018 12511 54734 87537 
17167 98050 61377 32020 72252 75748 79120 17417 19594 65081 68473 90197 66211 57223 63998 51400 34110 29806 54758 33005 4780 92223 47501 21615 11733 72397 49111 43750 84907 20196 
