45 14 6
73 100 24 28 64 84 89 70 26 20 12 89 63 90 
5 2 74 68 15 82 15 39 46 49 53 52 41 69 
49 6 38 21 5 62 49 20 45 89 89 70 60 53 
10 22 42 67 23 15 34 38 48 48 76 93 48 28 
97 40 48 45 46 86 17 2 47 17 22 43 58 62 
65 17 14 26 39 7 92 13 74 77 2 21 77 78 
66 24 57 62 64 57 58 9 94 74 10 92 43 83 
34 100 45 98 16 10 24 6 17 67 19 42 44 20 
62 20 49 27 95 58 40 58 14 97 18 59 23 80 
50 65 62 35 64 58 33 79 20 8 37 88 26 55 
29 21 74 90 40 75 69 87 32 8 96 97 57 14 
55 79 45 56 95 58 90 58 16 22 88 87 81 76 
74 59 30 54 79 56 95 71 30 63 57 13 23 52 
9 31 17 15 61 61 70 55 19 59 64 86 33 3 
24 65 79 97 23 8 50 2 15 44 72 44 59 80 
8 33 31 16 63 100 30 23 60 99 77 30 10 92 
67 42 94 90 6 24 86 81 84 87 82 98 83 5 
94 41 84 1 25 66 69 87 65 98 9 77 49 37 
58 58 28 25 51 73 14 8 97 52 88 80 90 21 
29 72 25 22 64 60 75 88 26 43 26 42 40 34 
70 40 22 28 49 1 4 51 74 17 59 22 20 98 
53 62 19 81 85 95 55 49 55 29 88 32 71 14 
25 10 99 95 2 21 74 50 21 77 1 46 93 11 
67 65 8 19 26 78 52 10 73 6 10 79 34 50 
10 4 15 34 65 65 80 66 37 53 16 10 29 68 
55 74 78 74 38 85 44 15 63 95 76 87 52 86 
65 85 87 26 40 1 11 5 65 91 70 54 43 37 
63 72 56 17 97 33 90 86 70 86 100 84 32 27 
22 84 12 86 68 50 63 60 2 73 64 19 63 85 
72 6 74 34 29 29 50 25 14 92 62 35 29 61 
70 60 87 91 43 51 28 63 52 90 22 54 62 85 
72 25 21 43 82 94 76 62 23 77 38 36 20 99 
22 48 59 91 8 97 81 2 99 8 64 51 97 37 
56 10 21 27 34 94 21 67 87 48 28 9 24 65 
96 96 63 17 43 73 59 2 22 39 4 20 98 19 
22 46 56 77 56 28 55 41 21 75 8 8 74 87 
68 98 52 64 93 14 32 87 39 43 89 60 81 92 
31 31 62 53 76 17 81 83 45 88 24 65 14 83 
24 88 69 92 37 20 7 81 86 90 67 24 32 7 
35 13 50 65 95 12 69 70 28 2 53 72 89 28 
89 54 10 12 41 30 3 29 2 61 9 39 51 28 
14 82 34 48 46 84 12 40 95 81 62 74 34 66 
98 22 93 86 75 54 49 68 35 4 48 36 64 57 
74 14 36 87 48 69 34 93 4 98 85 50 30 46 
24 63 11 21 36 55 58 62 8 6 29 94 61 29 
