486 26 8
90652 73346 50034 1214 69988 7610 85557 5801 28381 81935 49200 9058 59052 75321 44274 60182 16390 31533 65203 72441 77244 17385 92851 13672 62423 16658 
53919 31023 49944 42944 95304 56947 32642 45338 58160 2629 52947 60068 8429 97679 58354 57628 23089 17406 32949 67362 77587 65690 15246 59141 38131 92489 
92877 30981 6160 55300 63991 76430 2674 13934 19374 14330 87232 68367 76019 61744 70995 45317 38163 95775 42996 96517 53403 82436 30274 2703 49797 7860 
68392 81394 83352 22874 73883 76228 53855 96394 47879 34197 72824 50553 48130 8549 81234 51713 76915 57252 13456 64261 2568 51619 60035 61915 64487 29789 
44350 94760 32491 10498 18971 883 8244 2322 40108 98478 78549 93962 94871 26428 28158 84046 93332 92639 8946 90917 60704 2212 48168 74159 66472 67087 
42129 42859 45354 22967 72647 6055 17726 5138 16553 36696 22372 41148 55369 62479 39625 50270 72793 50847 76697 17302 34893 86380 26293 60190 77296 86996 
62402 41815 77506 45225 25253 35987 88083 70606 58953 60730 76661 93031 82219 9565 46078 4590 50712 1447 83420 90336 51716 72564 41182 44764 89866 92426 
31143 32510 52616 24790 19505 31369 82956 13362 76593 8208 49348 64676 95166 24653 25405 71826 17683 23975 97742 63760 28564 48453 65206 28335 55140 33273 
17251 12673 78036 23468 5099 25530 55977 74066 66671 91833 5434 49626 5194 82026 74186 70894 46701 69351 95546 88457 57528 13228 12431 71621 76987 57346 
20073 58545 2033 91564 91817 19283 4236 86205 42750 25686 11734 98726 99751 94757 6910 5184 60734 28455 3562 34919 99348 66614 20621 94893 71423 94500 
24472 205 66120 17811 57551 2544 76355 75935 94107 84523 95217 14695 70727 54318 40380 98813 69395 56483 93569 76304 78018 70654 4758 81579 5573 20458 
64545 42545 15350 35967 53397 56174 36171 35868 73984 10073 38412 50338 86007 48870 51212 97575 79916 21939 68244 36648 37103 37638 93130 47023 13941 87499 
17676 35051 85430 39600 55508 49974 98497 87209 85940 51893 43382 38462 87760 17365 48535 42523 84054 50893 91393 51618 64820 87660 73556 33063 24307 27010 
70701 17436 74032 993 4935 8059 52395 90364 47659 7902 56689 46155 95111 58980 14399 54844 97441 18510 88561 62327 61033 88966 29572 68777 40583 94391 
56436 30490 27453 80743 57499 14505 14530 47882 31850 35816 55941 84244 42531 19951 92146 99219 82457 3608 58198 13207 74803 55639 31716 63363 34317 9100 
52329 63888 77876 9263 58278 50664 39753 2083 47758 13603 32939 62287 77837 64788 98103 50129 49032 40633 70079 57529 56204 68887 61136 14401 82093 52290 
86391 30160 15653 20708 39260 84333 84595 17135 9947 59225 84150 49699 61307 31907 79654 94245 94194 57490 75385 8648 7618 24416 65632 94048 81944 21835 
62934 59431 52588 61378 11720 38978 91537 43724 59685 30796 28056 60632 64283 54355 19856 48432 20405 97514 96691 58 8110 90884 73899 83494 15883 97868 
7909 97866 91915 6204 36053 71200 81986 88640 32577 93706 43969 40466 53781 20006 71261 98189 80637 51895 52543 16844 16679 72947 14357 13369 73005 38818 
20604 63255 22312 52838 61123 46572 50703 69389 69128 86755 40589 51113 75394 89517 61170 35715 29982 14951 55720 17595 29491 36356 69489 82033 69551 2519 
54979 83907 15887 44335 39076 36490 7590 61387 89327 85064 7959 56382 54452 93438 43136 95040 44550 34882 909 22072 70596 30890 37022 26315 64836 66512 
79022 34325 64896 48572 36843 19874 48830 69082 80561 87905 21923 4502 65644 27602 89565 73602 83983 44016 67039 27118 55408 27940 78351 56316 50011 48946 
3557 3384 91612 68393 86247 70633 19069 51142 35556 72263 87368 84385 41344 67928 88642 79619 88781 54285 7220 78345 44238 91202 38712 27628 34671 10471 
55567 13022 83138 21930 78319 86695 25313 86283 55087 11560 56915 90507 79053 8823 62769 66420 9559 20465 50699 98200 83 39479 52484 7302 34175 96721 
14855 89239 40700 65877 99709 96267 78898 82847 34548 73569 85893 59860 59851 57331 87771 33117 47837 66824 41939 10605 49595 51498 47421 294 66049 47503 
56124 18533 71156 6651 31605 2362 95889 72305 68239 11949 84923 63488 94795 19470 37056 80687 95681 13258 38017 83452 62727 2205 66627 4665 29162 16221 
72514 76582 16514 38563 40437 88990 73447 27944 95640 21403 30306 91528 93707 98544 19828 94981 62031 14623 30802 15439 11661 26483 45048 66030 9934 7774 
68234 92912 28791 97395 9132 1304 73977 41998 56218 30765 30987 29664 58708 42978 67419 89013 50857 77477 3908 70684 72458 65939 1658 19611 97729 13319 
46093 42776 79348 72378 50550 63933 65289 79340 61328 74421 96995 51656 32770 69565 98772 63756 15580 57479 23085 82998 46492 73941 60475 50399 44624 49284 
32689 46282 68894 30417 75952 14987 89545 71651 3716 56446 35583 69005 35785 13262 59777 49131 81269 92546 18695 80040 72653 34275 37519 95737 17272 362 
69677 94098 67112 30652 43381 99801 93285 12275 46569 69236 43613 52465 40886 47328 8910 76469 32684 61046 6082 92460 10177 87351 1357 45223 67390 74009 
95849 4908 86097 29473 21621 72125 23570 88733 2777 66951 4885 96061 95577 67805 81649 55541 20270 22534 2868 45531 15354 35552 6577 21436 44363 33105 
8786 45720 94679 92527 36080 90528 97435 22177 20000 19055 94301 43569 24139 13429 26871 29023 9490 38799 13180 7490 94339 33449 46375 13559 95331 61729 
65462 18259 99516 9824 51363 24653 71895 62394 33531 7975 52921 30965 30151 89272 66372 40803 49192 6862 54232 76063 52237 80073 31213 65416 87562 25552 
15216 33936 39110 10546 12016 4571 28805 27883 30746 96519 68887 2641 58912 2418 10615 28184 49734 57117 17455 32457 97919 66647 39319 52150 59061 91555 
32222 90273 56970 36135 32176 72185 86423 87637 99082 98438 8559 27886 42673 39305 24405 11559 58297 99668 30328 68911 27852 80062 42379 61658 12518 40297 
28304 68188 8799 87364 59742 41020 93989 33063 93507 26164 21599 79929 30153 20681 94718 38711 64918 37390 78015 5674 48949 36311 5342 79276 21573 49545 
75689 63951 11202 4559 20600 39506 72746 29398 43221 48840 86769 53561 81902 80275 96077 19853 76555 26229 56885 71273 64939 21802 8662 59306 27476 73962 
11968 49169 69590 49893 98713 45278 13843 9914 49836 50794 65771 22582 80191 25344 87773 83312 78904 69674 63586 91332 5878 40141 17560 62762 11413 98851 
84564 36426 74508 28391 10388 86475 77559 79977 52719 76271 25254 82914 2536 91442 33707 68307 14023 13898 10002 1795 97209 5257 87820 77146 96589 10050 
33638 30500 72811 61402 29350 73726 97828 3857 2116 8215 6684 79674 88191 59402 72296 29796 42315 74832 21237 92374 43138 51611 22623 53139 53405 36183 
58395 57577 13328 71335 67626 63318 1835 40436 24719 31184 14162 22546 51393 32629 47112 74428 12303 35302 50181 84598 65098 8848 59429 2686 1221 18918 
54297 23843 88408 7701 60025 63155 81629 89704 34489 49254 53021 52675 6042 77740 211 36555 16637 51603 69183 63749 42382 97837 15402 92562 98787 80499 
17761 74567 99537 18981 9837 53833 42823 98244 77885 19199 77750 59514 8903 12239 25119 78275 81265 47512 56014 81475 84066 89003 49429 69601 52751 91810 
83789 68152 724 82575 65003 18484 73494 64539 37465 83330 34723 96639 81573 12607 32190 59323 88472 57444 87913 13591 35718 85529 61102 8084 67004 61520 
97086 16432 47472 66188 8242 47612 34339 25317 30187 15693 43800 20032 96583 97616 3361 31305 10607 1285 60264 42796 60607 48735 239 64871 78677 35956 
50400 56131 60391 33755 34002 57476 50186 81473 23663 74779 29084 74354 95 75622 6398 60247 95653 2981 74214 15365 50637 84820 16650 10900 27615 93608 
75987 44205 58479 54663 96513 25230 27145 56903 58984 61146 30731 25521 58970 54393 16652 4406 45098 16746 80027 51496 93344 92032 70828 67558 7396 21464 
52377 24045 48716 96344 17653 24702 56900 92483 95716 53412 34064 22861 26667 9399 358 57397 34919 59328 11789 51570 63733 73239 84668 60111 24734 94363 
68494 95561 61920 92242 33376 30649 32638 82091 43344 66642 23144 243 75476 18860 70007 9539 58072 96673 35289 58429 54069 86560 34108 82209 38129 97840 
71799 39148 74303 96532 49863 42796 8444 11782 35037 41820 58782 84027 23910 2125 50668 63406 18720 26144 82265 5078 52034 56688 1750 87323 31468 72170 
73882 65576 70730 28362 63415 42529 83862 37717 55412 33724 96865 63856 61857 48253 22027 20639 32279 62288 39115 99299 25693 57834 25442 24309 79263 77475 
80996 81012 81149 12464 69533 55030 78039 56615 83392 57805 99143 83605 11874 70906 17328 8738 51113 79184 73342 73139 99822 5621 35427 55289 4919 61119 
29474 46712 85428 8737 40538 82775 6100 21687 11590 75633 76716 5980 32247 76459 63785 47741 76415 92010 34998 93742 17099 86111 72926 90440 59249 89099 
12412 94675 60739 33682 72146 90213 96745 73925 98949 37283 73051 21400 58969 84641 97032 52036 90620 45630 44847 70756 9722 21261 62765 44720 31355 79863 
30830 4280 70303 90078 9730 99066 1105 70469 32748 89602 77033 29492 79878 92333 83126 52928 13732 42094 37568 27116 10482 44540 72745 71680 15295 82467 
92940 94412 27186 24294 74274 74367 44925 60928 64444 71007 59994 81900 57827 9093 87853 51211 54936 67730 43543 38062 20658 73626 96507 74577 741 6988 
19116 73486 78667 50763 72304 87959 45174 15841 28604 35799 90207 89881 96727 71002 77239 56720 52902 35065 82164 40754 2627 37099 8484 46169 75160 45493 
19794 71667 20069 36887 95006 55537 26724 90025 22651 99027 77983 84176 14867 22938 19974 21425 29170 16700 92426 6408 89771 45327 57824 71934 2433 60450 
25385 27268 22970 544 72760 59116 88562 9180 96002 83568 81068 22725 73592 20070 38103 67926 4245 69321 7215 24219 90745 36385 57270 83170 59144 47041 
44849 33320 35326 47281 10121 60710 74548 33091 61254 63659 8558 66167 89190 4559 49734 70258 43635 39677 90327 98089 23954 94572 67409 31169 35142 58153 
83905 92411 57674 59400 55803 2522 92719 91129 49802 19192 51838 40701 52282 29443 4359 77191 11962 9901 81749 61695 80158 41735 17724 86836 39823 41677 
97759 23583 89197 32900 98087 73101 41663 55760 48853 97465 58282 41571 88593 24435 60762 56783 65136 29395 2577 85846 6585 14538 95746 4685 92585 92255 
62771 10308 79091 18945 51984 93201 42527 57533 26101 40613 30633 84115 96373 79485 81579 54654 37408 86524 95440 14521 43306 60575 60268 62234 62773 66852 
76772 74870 87889 85708 67125 50659 96015 62567 69604 64350 55767 28482 21882 98219 69095 68867 82333 65467 64703 63912 36472 2110 66787 31911 32983 26444 
8838 93250 88677 71610 76453 81800 62831 64341 67507 29955 31352 79873 92521 17307 44223 64640 45788 82456 62858 14882 51322 61543 96700 16025 41806 49523 
34486 8592 97786 83820 35035 6623 77069 40063 94584 69874 21863 57414 50566 5721 3721 81917 1946 12593 15575 62520 77232 61363 44975 56442 92596 12649 
34336 5648 45025 76141 71522 95862 84732 69307 79682 36118 92281 73102 76180 3216 42975 14394 76982 93541 36467 80702 91809 38412 9646 7384 931 3230 
85098 45905 59671 94045 74905 94006 16044 19929 86498 87566 15791 71229 56872 95472 23698 65505 84925 99877 68720 27900 30623 45701 21440 67089 42754 29600 
5500 52400 53335 6430 55629 38432 68686 31651 48829 43591 42008 64872 63519 28505 52437 95661 16085 25661 7484 39782 91165 92409 56010 59884 20308 86632 
21937 58099 53720 81042 87698 75571 49793 41033 82000 5421 95816 50686 53423 44644 10628 11782 25868 90498 40286 78304 86159 72722 20316 9994 28855 11480 
2402 1217 87716 39061 4200 26004 13511 74272 7045 17561 49842 56838 58593 48194 78610 70760 98879 32033 31756 25858 60166 57623 16355 452 52278 2513 
89525 72594 12507 34732 425 31260 35948 88140 86673 40147 30495 183 14418 37540 17743 64260 10729 92687 12453 89338 79799 27683 37722 11554 53540 97888 
85528 69894 14691 54157 88759 20567 43102 17617 55298 43527 65228 91245 48018 51900 47744 78513 68435 62161 32404 86177 42772 43132 95216 71576 48821 75014 
15610 2895 86567 85501 17134 88446 71747 48176 58954 60505 68742 2056 94473 24040 61934 76052 31636 26303 27952 79379 21167 96386 57892 53570 98914 17015 
13053 94129 88591 78226 69142 20552 81120 72060 6053 14605 76857 77799 62780 35811 54655 31521 37866 49127 71912 16151 41530 19900 42453 69481 99278 63620 
82218 73521 17189 97484 90536 46594 7964 95478 41171 77106 16029 38642 65517 22081 53246 58726 99879 16025 94536 54533 63897 48753 20011 35809 64903 61541 
55708 7355 47373 71337 70974 45943 44858 4515 59778 51745 51108 67741 47222 92278 61198 63250 47271 26715 85331 516 85440 1561 32892 96327 72446 96788 
45079 8808 48948 9981 86700 21007 17335 50425 8696 4661 96367 69905 9175 56144 21649 76634 40236 85222 85263 1434 48471 32533 28148 50153 33048 29939 
68066 82291 42617 40511 79078 87695 49318 44378 97675 36018 65384 31361 86442 90431 52373 99160 60335 61547 71655 81983 54532 11890 83556 39794 13323 32027 
88678 57822 98531 38077 4112 66596 20367 46728 7106 15797 34422 72776 60174 48448 25145 41909 96161 27938 32340 48533 27097 92674 26432 15103 91009 80963 
26992 74564 37109 56667 22942 42138 14488 21473 80215 18600 88068 581 81679 11526 16377 16101 84301 76550 80900 25797 18459 93412 53734 50798 58297 97182 
59823 84728 12284 50831 82042 39275 25395 35502 95941 64688 77640 26781 86160 57854 61732 90580 74786 43410 2105 91163 75862 2757 84064 73114 28553 18874 
66525 98638 86023 24821 95819 45846 25900 8102 13028 7942 63728 54774 43443 76021 19462 21082 19153 5621 95287 80884 96200 70073 40645 98304 77587 16507 
17412 61650 89620 62316 80524 72496 60953 82898 13669 56771 28743 39568 81224 41771 63861 61304 96544 7304 37324 16005 44737 56476 37978 56376 53711 34177 
26448 94355 48833 4034 27213 82596 82035 33184 44912 62558 22032 5864 45456 35700 78987 90550 75267 76562 48672 39128 37865 61568 62783 91540 77572 23871 
64367 31901 80246 18077 82430 23045 28784 31262 27078 55996 30209 9113 5532 75120 88022 27563 97336 49829 63262 92674 56731 54880 69235 5402 94007 7100 
66969 56789 98639 60893 80660 63006 9145 77257 97434 91574 302 26217 39187 43731 98565 69396 52843 20448 60867 57217 48010 58202 23397 27623 50875 80127 
82502 36462 1881 76509 43561 85201 49649 58551 46093 46660 37908 55238 40269 51694 63163 40570 94262 2350 84300 92826 71745 53495 29625 32611 27063 77634 
7165 50459 21608 74391 46938 4110 10852 65170 96970 70764 50370 46618 29315 12815 9630 83574 84404 49898 35267 47566 6819 29529 49915 91118 38706 21659 
60964 68331 70622 88026 62316 77786 54837 83924 68528 1774 88033 79380 66943 1354 50143 33664 64323 95809 46478 73952 79383 30881 40201 14649 78447 47019 
60529 28361 54489 99235 66372 15452 83917 53345 3478 46232 47482 58314 46507 16009 76439 34539 95388 59733 52244 61883 93396 16567 57691 39874 6870 37073 
87106 47071 68074 65552 94089 28602 10265 48577 44188 92988 80381 28104 46332 83858 90688 93813 58523 37194 9821 34961 88085 5209 11045 40328 67091 4440 
56894 41133 60665 63764 94558 64123 27186 62631 29674 37626 7584 56290 2555 68124 49277 82935 96227 95608 83144 3266 89420 41666 40460 15593 92978 28544 
37153 20374 85223 20595 41165 42117 61727 18182 22232 56284 82304 65769 35266 28329 3394 42850 84619 5948 10973 33895 5234 23551 45855 88377 43169 51626 
46394 83628 67218 55723 28523 4370 76096 13745 24964 17261 55861 86691 35442 94444 59326 17745 60212 94592 62425 79958 37441 47043 2257 64765 97290 7491 
4667 43144 12219 64187 94769 58613 47814 61987 30687 76336 82708 6783 90081 7672 40395 62293 10714 75836 73089 70039 9932 49652 64630 72356 29609 18422 
35751 31866 99538 33040 55708 20557 76183 67926 84743 87303 42890 48909 49289 73577 25244 31997 96711 31676 56020 37105 10321 66733 29292 83409 53123 55575 
33060 34105 44282 62669 68878 80032 10886 68416 13071 66593 5324 5605 50870 6418 92908 10112 55326 58548 40 96922 6896 96750 28597 62915 50206 38917 
45999 95849 38677 15474 51423 71737 49578 95704 50757 18455 92088 77994 3222 5158 60938 8545 27115 11807 14963 36374 38270 70288 94921 38309 67209 18169 
51410 12158 81083 1615 67426 43434 97463 6103 58907 65237 77839 8484 77293 44947 43290 69380 22940 46512 90889 83877 55056 18003 12035 86370 54376 50305 
73010 65649 88613 40218 83817 40023 68727 81251 57989 36153 24684 71804 42255 99942 37040 36445 24777 14332 81391 68067 83711 20682 14578 74600 20910 85985 
8954 49296 72355 63330 15952 45364 28978 4565 1933 29146 60939 70660 10396 35279 6812 35080 7082 49066 51373 44122 1862 76150 74805 99604 44216 58516 
20285 58793 49467 57546 44777 58420 23193 33483 38101 39145 78846 83430 60061 80779 12575 20999 51438 22971 72629 74601 74402 79711 23666 25774 40184 25527 
1923 14988 25130 46138 89855 61766 21282 55673 35663 82411 14093 58855 15893 68545 97999 94739 51975 58059 91869 64549 95409 43306 87519 68038 17906 78272 
64100 57923 4046 20635 99801 22320 51974 41282 68458 58181 19399 6091 13853 55061 88501 44297 13915 4394 12842 28266 15484 64816 86324 7352 45716 98085 
67009 33235 66122 84914 27858 46573 59188 31903 67207 75340 54223 35532 16621 39032 93712 36019 61474 7565 7431 49975 51861 21345 70720 81054 49610 86203 
45869 52286 93554 91585 50370 60562 41171 32843 61827 69028 95767 37366 17283 79325 12705 87857 14856 45677 43240 8568 81695 4713 32484 89125 71039 84344 
26821 41758 81750 92783 44312 43970 45068 54217 51906 11789 14778 93076 60983 92956 78456 56749 46673 12090 36073 59377 16298 50928 5053 59537 75847 3099 
80601 8330 8575 67992 9026 51748 26101 90775 44530 70413 34744 5949 24629 3002 34089 55759 96077 95071 65066 90884 68171 11739 19325 4243 87467 51974 
71522 8872 11510 63721 11970 8463 72050 36897 92806 97427 88644 18906 88201 49525 89318 39297 71825 30299 42298 5913 2409 54726 17335 67474 61962 85505 
95564 97638 6099 83031 49612 93972 91902 77473 57692 20223 2287 46094 57119 95092 43520 62114 13998 48073 27990 19667 3721 99814 66317 62370 5726 68725 
33447 39412 52551 11760 24916 48114 9398 31014 31144 59009 41338 23045 52833 99029 59620 55120 61474 33090 50211 21346 95204 80560 69418 39545 16579 89490 
39359 82895 68211 61436 67972 1657 848 36874 13417 42115 84987 39166 89481 16131 14526 30818 55527 67358 46198 31498 38829 7672 64588 5392 29017 76143 
85951 14786 15687 18881 20627 55045 18128 88837 32833 86099 6845 33680 22972 20261 75794 24310 59426 65274 56792 90303 12443 28671 57661 58641 60168 96489 
82664 24755 1880 28032 897 4183 59169 16584 23063 79795 87980 57542 84983 20812 43640 91827 70843 82963 12088 46637 23625 87865 28262 80416 78168 40705 
9086 52180 15697 69254 65020 98360 94008 66900 26391 11257 87434 85559 27840 26848 81705 32171 84390 66687 52983 44381 58513 40177 43696 70600 3165 67320 
74817 31427 47735 69336 88483 73173 21515 4179 42426 86534 2538 52785 69785 45280 64041 73570 47190 8232 418 28894 56755 1159 95580 26089 45539 54092 
66265 5586 41044 69430 72905 15860 17208 36992 1547 5690 10164 23061 26220 68941 25946 45109 38077 12083 90388 18470 2004 37577 43053 18773 66470 99807 
19931 62049 25895 81822 32492 92160 87407 73535 77941 60312 5746 95148 13655 7292 837 40170 46704 43408 25462 89002 88516 63538 17436 78903 82007 19439 
32831 25060 38212 99300 41218 58142 77700 67113 56315 26543 75624 43722 78 69916 20385 22175 65063 34039 45819 82251 90560 92522 25658 16021 97875 14173 
95910 15310 9427 94269 51101 42257 35680 89312 57908 76897 63805 51959 60361 20120 78501 52336 80193 94930 22251 577 33457 87313 50967 79275 85915 57878 
71796 11572 73898 86023 42096 86159 1332 51522 80427 52432 10130 16106 58095 84389 93003 21900 36347 69715 58371 31200 22051 38563 42481 44301 55491 75937 
31614 22809 55211 17528 80686 43359 45452 54583 29381 87547 57093 30712 55421 37520 99496 81902 53625 57590 66291 62979 95841 18989 32694 54211 50188 54744 
9125 92669 99044 80967 68605 47009 3775 40168 80889 84460 83526 26340 55394 12906 30238 12487 59969 2010 50006 75816 83912 19982 33406 50202 99313 29246 
69190 48358 99809 35730 3101 25285 28398 18496 22604 13354 81857 26378 69873 62745 10838 53398 89084 82583 82655 35673 95069 58976 37683 61426 34791 21594 
97760 68196 88147 13424 13794 73688 61781 29954 9417 64881 71590 54166 99728 94193 67520 81584 36923 37392 44328 47760 7142 49763 46694 6148 1788 58115 
65123 39470 19540 16266 77415 33651 813 81913 47074 30958 55600 8854 77263 65017 90086 48853 19182 6166 59397 3053 87749 96319 56797 48429 60430 63938 
14543 7124 86437 16330 65238 67912 72151 1129 84177 65917 34780 1341 47829 98205 32299 3429 23411 9561 68445 13496 74765 3978 19661 34162 7031 23762 
30480 63827 88542 90910 44116 3084 14385 30552 35766 79622 14815 7916 80750 98991 73833 31881 332 38013 30086 48982 41441 53496 58542 26237 83343 33307 
30215 19356 83820 37245 59469 14299 1071 48010 21560 61538 67445 35944 8441 3210 31917 23256 27478 29019 38598 17662 60899 55281 55674 7336 4262 13467 
77183 62804 39703 76878 12462 69917 96233 96281 7161 72053 26931 24583 20062 64843 2472 3858 17138 10913 23420 49055 34168 50897 94425 89117 84910 55323 
44398 40583 79011 48659 70401 56193 27814 10104 33070 56627 80020 45654 69259 3533 17706 96190 44467 54119 77384 46939 57977 94521 74203 81396 59927 24722 
48644 54351 13838 33553 26026 58235 90487 5036 6894 60888 77580 51059 70991 27002 7686 67362 72655 76944 70894 6713 89485 31713 60831 66868 95003 18807 
77741 69205 202 37667 93926 65197 92018 7763 98749 34395 65998 89236 39430 89243 66475 33361 56653 53817 60362 64338 21178 49369 57634 8424 56081 47118 
40136 16911 30338 51490 52070 8078 20694 68623 45744 30971 33820 54113 38733 32568 88507 21082 38155 44288 26676 4629 77649 83329 58445 54362 64018 95975 
3730 21651 4398 59810 85121 60885 93073 15458 12374 45142 39887 49419 13764 85630 80389 47583 56095 35473 80151 60953 56555 34657 21593 99582 55638 15593 
82910 30434 69954 46928 26408 73684 84930 47157 49845 70050 24393 42917 85507 53118 88058 25393 2536 1822 27375 82924 49404 99821 34749 45906 77125 91303 
80563 98717 7236 36200 14309 90146 66633 84263 53425 9393 74298 38354 56549 24142 8404 97294 67059 10262 50411 55116 52007 52947 73289 95733 52222 22693 
95553 86970 84950 72677 94624 65512 87746 1860 18063 2054 8357 1048 86316 61781 26792 76965 16486 99692 1107 24889 96985 68165 51503 47396 39632 3509 
16694 12921 15593 68915 51965 11145 72237 36914 173 66860 18778 87918 85071 53192 6324 93427 54239 8991 71559 81030 85956 88045 80722 87062 29285 94058 
71578 80787 41453 27561 647 58146 56833 16239 43413 8797 43735 15649 62063 43908 98860 97192 48177 83931 50383 54500 93709 4622 63491 65268 2003 65798 
53312 99076 52859 82596 93134 40788 79735 50938 68348 80381 25436 25181 96620 68848 50329 40354 848 12391 613 99707 9582 65142 99989 76317 35993 93698 
80938 15835 58965 99292 81632 28628 14720 34490 27575 7853 75277 7309 75142 59977 4042 577 85157 17013 85776 51837 73718 86623 64228 90683 2682 90161 
55824 2670 66477 91816 12719 63766 7651 88035 79410 89282 16662 94129 40124 60589 18333 31752 84249 93474 91728 88290 94051 93236 21654 96178 45073 95372 
82801 25652 86054 85482 15812 41877 4503 98641 50044 17222 78758 74046 5256 58167 63328 38270 68647 19803 15210 86979 51554 99458 80453 59634 4100 90855 
52869 25753 87032 97941 21124 69832 23592 7177 71665 55756 65405 92520 70748 15449 9741 49505 89494 31348 24024 69173 85969 92670 5327 1178 96001 56881 
636 76453 32866 4735 83659 85734 30487 70690 83675 67963 56874 23618 91491 44890 79373 56896 37409 66472 88696 63501 15977 94541 94849 56352 80066 97169 
65373 85392 98347 61373 58624 15334 54177 91489 36420 37835 77223 66906 24877 77249 51220 81750 17218 42711 26639 12943 15958 80400 79414 4653 43900 11742 
99193 55100 84445 79258 52269 49818 81002 66967 27542 39625 82300 98071 31114 18719 52257 24688 1976 77133 18288 53196 75234 35505 12258 1873 64799 28215 
98624 44213 32867 42523 55954 48411 13975 40399 44021 66243 6568 25022 33209 50461 64646 31860 48531 12111 50578 17140 53150 68905 94272 71437 22100 69506 
23294 50709 87730 88092 78923 86353 48656 28141 45227 20962 76552 59201 61360 20572 41795 84279 61945 91355 34739 26590 23214 99622 55053 90143 16761 8202 
59048 27384 79639 81147 13241 19284 48208 970 23727 27130 3674 72383 55271 48901 93344 48174 8101 71055 68745 66248 55333 30689 57602 6423 73630 80816 
22396 28682 70958 55508 36884 30005 82892 32874 27504 96132 52157 75711 13454 75883 19192 17127 64617 74462 82379 57960 22635 6832 45366 7731 73079 17050 
54771 30680 23473 28401 11495 62220 73434 98805 17728 10317 28809 16971 59542 72664 13102 28050 64726 26555 20285 83918 60034 84901 58379 42412 59213 97366 
49243 4578 5096 38673 21628 76219 69353 61452 20971 97199 23671 94404 96003 57750 21073 41164 74720 80614 30179 87822 8664 94905 30728 28948 78822 7113 
30200 37200 49525 89412 50917 15119 10342 72365 53792 31969 48583 23144 93420 69553 36694 33442 63956 32697 91192 1380 90212 65911 81994 20390 70084 7009 
15294 812 52308 94115 7924 82507 47667 73800 88271 14935 88919 98612 87299 59062 46932 35881 98557 56703 21785 35250 90144 2093 84298 97687 3472 74509 
79950 1817 94899 50033 25177 26544 67196 77484 37011 91472 76343 1029 65271 80965 15963 70541 95928 19614 29602 42859 71846 28158 99561 93631 79760 6056 
95723 64057 20095 15546 38566 44 33715 49816 50076 58891 92711 33624 52727 46073 25095 29069 47101 90365 26385 79416 77258 22312 99029 23211 65170 70874 
67721 81082 80856 47480 3489 92930 11536 23583 8476 66453 39978 42190 32620 6406 17432 41683 40029 70158 87755 65123 15578 51208 71839 41962 30623 49096 
80625 46003 72307 45794 16876 40027 43227 97732 87506 46716 7013 15393 86650 15488 98198 26628 74029 47169 33033 91461 88851 73061 77970 76606 54535 93548 
27813 26373 51861 74787 75469 32486 20789 64127 94631 54016 4153 37858 68099 8010 925 75112 23402 87574 90599 37951 30553 80980 85120 63585 88792 73970 
52997 66761 66927 7531 76660 11091 50256 44873 2229 25724 77358 23017 6202 88340 93385 10354 26197 61483 34715 43473 36594 74468 31047 43545 12419 61599 
24524 97538 41536 13315 87859 10884 96427 71138 34767 89439 98580 85022 34311 809 27097 28020 40177 33298 16359 33561 60003 58908 95044 94717 2380 47989 
69184 49778 91533 97954 27729 32408 11843 85616 62074 16054 96499 58501 87191 47617 47939 2122 32638 98601 2930 76086 26620 59459 25735 42978 93019 85737 
18237 4414 96805 36969 52403 82341 86746 43935 80294 14474 76343 92137 89 38416 24542 12940 13268 11732 60556 77558 13853 9546 76158 33135 1983 2777 
92593 27718 62107 1963 29806 80343 6377 42963 17311 75131 25303 20409 19065 21948 34882 11759 30436 51323 66527 54977 80614 79794 83060 57521 57352 13265 
83418 33509 46399 85401 52638 55343 29470 14744 73657 75627 11438 96385 18589 28749 71515 60243 65509 90580 98543 16742 18690 28978 68064 85216 307 65029 
81362 99718 22550 55065 12982 22319 88573 75732 7719 57562 47426 53540 72305 21083 29167 83743 17467 47755 28843 88982 24350 94351 95913 22892 27444 14602 
68221 95508 16170 68527 76888 97531 68245 15789 52595 97578 38108 57519 73310 45826 15081 20735 15718 3737 58169 44884 3831 75636 8990 49025 64617 33339 
59727 76881 56230 87171 91482 40803 99030 24003 25681 75917 37885 93925 91706 90479 7855 46165 64350 81164 8342 95782 18250 24059 99518 76419 68942 19701 
68406 77932 68725 33022 11270 28452 26254 83852 31974 34087 24654 31003 58090 50334 23271 95974 60611 14976 2805 84817 77492 67154 65980 85834 79287 581 
9892 95156 76999 78834 14856 45404 73117 99933 94777 738 44736 37382 941 76709 71469 25594 7711 29558 92280 30981 41883 69242 62309 44687 54058 39800 
28192 36389 25633 7478 36969 51877 18986 30320 47062 33841 92075 20178 33773 3204 37267 78508 40585 38208 71568 28405 63801 79278 57962 72432 26611 16197 
58025 5271 77235 12082 45070 5427 64822 87055 29256 1791 55283 48241 48462 2344 98434 56888 38873 48558 60091 76139 43418 17028 14346 14985 45432 94499 
10615 19746 66930 37225 35942 24955 42495 29528 53388 3916 34954 18210 7322 80562 36352 62604 45154 84813 64947 59939 41700 3819 8497 18143 79958 68266 
51522 94303 83250 96953 5153 10216 33050 72083 63792 85343 13389 22638 14871 83128 26554 66176 1337 50227 46737 37688 12831 8243 38852 94129 68181 96904 
14300 93029 31398 94257 61294 82919 4911 44544 96223 10064 71111 45625 98498 34903 30967 28238 57540 62189 11365 84093 28365 12702 50672 91453 66741 63502 
99695 21945 73982 84228 35200 88281 77256 66597 98889 38550 65867 20152 99445 78441 46567 70555 24065 45064 5457 55032 89653 62997 33572 1017 63441 61936 
30070 14112 53389 13163 93965 69435 35107 67947 53662 70306 72579 30918 53254 71468 85819 19120 91619 85263 97560 38185 72169 37977 99600 77626 9360 89252 
56974 42931 90268 36766 4867 36690 67230 74607 49852 77546 44041 1310 45492 14055 71615 34423 44972 41220 5890 30790 76691 97508 32404 90602 52044 4572 
28578 51643 98549 37937 40894 55522 97220 47513 8640 2086 554 75869 93044 50405 69766 37084 51714 15258 67490 39680 49680 28813 97251 71921 59602 73941 
69428 8357 64543 37823 12929 9472 89465 11477 63761 46710 83351 60980 10574 8342 63065 11128 84210 72460 61532 53975 25895 29598 85584 93385 69277 51615 
22197 66528 39887 98151 56820 25666 6507 21362 63488 35787 47186 52952 63616 10946 99661 46966 71925 10235 55307 51341 21362 55868 23800 99245 26194 49694 
28842 28130 43078 14471 96096 65275 97350 52335 79777 54169 78000 86283 91883 41488 22070 39068 94439 85685 66365 10452 49002 38289 37038 20660 5981 74751 
92879 29780 73995 35424 95825 19189 79905 38903 33659 92353 20529 31008 44687 305 85176 22686 2939 93410 64173 41360 32477 74964 27044 98841 1767 92397 
53481 38804 13056 59461 29906 22286 5592 20252 57710 1417 39440 37614 56671 89450 29966 93551 36809 74652 93855 38337 13690 13145 31746 77862 54505 80575 
69177 97900 95767 70943 90297 49248 26098 19704 8708 56003 41990 30652 92607 16051 32068 32046 53664 88738 37848 99982 82288 74656 90985 92494 29344 4674 
5638 61090 98888 76494 41664 68064 74394 37430 55359 81042 3029 81456 745 28089 53811 59086 58740 46417 75136 90807 94814 45152 95896 32661 61485 78183 
23669 52469 87028 53012 73495 9017 30453 72382 1863 88468 56797 76256 42250 12155 73649 45278 93611 90745 73366 47421 49831 48457 10189 41318 39263 5002 
2821 51510 54015 64305 46044 77683 16774 33071 47046 90268 58440 93851 79001 60302 82318 52149 52909 24567 64304 26557 69845 74266 17301 59562 38038 83483 
8019 48226 41153 63633 69579 43973 15143 23593 8278 61186 17627 41403 10609 81025 48022 69048 74875 43374 29349 57192 95522 82257 81759 59825 25165 67955 
50442 58817 43868 88479 42300 51886 53056 99804 15519 22635 43776 47013 62579 68405 24550 80206 26159 35158 61230 74180 4205 36104 17553 49905 9647 13075 
48513 7757 89251 73677 75711 56045 32494 19579 60875 91145 87816 13931 90948 19686 52917 51075 83050 15495 35832 7600 12052 61990 42757 89633 36170 63314 
42088 70074 29570 51735 99500 78083 75843 5103 51759 51554 61147 604 87484 22021 91748 91651 52303 99047 27689 5219 50122 10738 37066 85953 18337 49117 
64294 61094 55102 463 40759 97189 86889 70328 65275 86388 64762 41118 91490 32873 9023 52636 33476 12858 91009 41576 4508 43311 40622 32196 48530 7095 
42934 1947 9399 61270 67415 73693 38715 22516 90507 95825 19705 77395 82505 84979 63783 47266 42448 71624 80138 51470 24260 13614 64327 15268 71541 68835 
74930 12162 17382 23459 19257 60315 41757 28655 37937 9172 18699 93003 31687 9206 5180 67743 86600 87684 69074 66734 34949 11521 38358 31439 62991 78969 
61404 27317 94236 32944 12503 85517 45105 29885 25328 80713 6551 67084 25720 60839 76255 44418 70194 24294 53623 75373 8388 56575 63056 77461 23308 14356 
5334 61665 45794 68324 40633 23549 11992 51220 56492 40847 36737 17949 70731 62064 98661 93633 29147 24380 70824 21754 85150 41017 62399 55124 16389 70786 
11698 95796 64599 35006 26503 69932 13022 88649 54607 70007 12197 82950 21226 68689 23796 74314 2989 10878 36377 1649 20863 81876 42381 91686 19981 27530 
32702 82379 82653 65442 69516 10703 77589 34114 45708 4091 4045 75081 9091 75003 45087 21288 57953 82665 6328 81748 56978 9316 8978 9707 27316 29840 
7934 69696 21525 27914 13577 70578 26644 12582 36019 96159 23284 13607 46625 85343 34049 50669 60423 59492 42024 21862 80779 99976 4526 3458 98075 77855 
29125 7052 87561 56440 36891 95494 42488 74767 39759 56064 45344 82754 84997 81362 95265 24632 11320 41889 9974 61721 8909 86749 21212 50932 8610 18342 
67259 29487 21799 65334 7341 67275 72385 11254 23714 25628 6747 66201 394 62858 38617 45738 61963 23613 43451 57227 48245 54771 15467 74570 32843 24376 
77670 70406 91659 2631 88747 58918 32117 26897 24251 55810 94171 12987 67063 34236 38614 90161 437 39008 53018 55405 84745 31333 79017 28195 88559 43613 
99317 4026 34535 48511 44753 12204 18916 52763 14835 7662 11680 63303 50910 52282 19112 61432 65269 86174 95668 3882 76335 12456 42889 45704 67860 43985 
77036 63228 88532 81947 6841 4200 2324 57727 52711 47076 69930 71626 16190 84764 95640 27870 48067 62901 80151 83530 24333 45419 69704 20000 65653 62390 
32455 8541 8093 314 68878 1481 79893 73761 83427 3085 77960 85750 60811 30670 49177 30741 18648 65366 31856 30639 9587 96274 93539 89738 79804 17871 
51508 65859 54222 17160 28248 86676 42053 36340 3341 10930 37820 83234 84690 37598 86318 79001 23347 47129 26023 88875 94221 44670 70593 42428 75308 80179 
55054 68846 86268 34857 86717 37776 17067 57290 54935 45314 43966 13339 98005 63658 24268 52177 63243 25309 89774 49561 4310 29473 13041 30332 34699 23613 
91353 5291 82392 66660 85470 37445 51857 71737 88653 54925 25864 5719 12215 80799 67384 72532 10489 65389 36189 34757 17565 99432 76417 23690 65344 97078 
53162 94736 43761 87861 18348 35113 9503 739 18124 94972 54536 86333 83061 43188 41257 8924 48907 69823 6074 32642 42354 16563 98030 94895 67671 31946 
94326 60439 55636 76021 57517 25149 70756 17629 13009 5455 52742 22512 22545 87217 33835 77080 89901 33247 36620 31158 58523 1878 17332 80948 34519 59686 
97510 32549 70932 81532 64494 81609 41971 36481 57629 15839 61630 44736 33467 74638 66542 2560 13501 89086 6129 63688 82518 96029 13286 19137 27186 71808 
37366 60870 52756 71884 36907 66617 4432 7838 64501 85278 89446 6471 21758 63426 38661 83387 8161 72127 74377 91054 74687 4229 80139 80815 84268 79008 
76843 97554 14496 20381 69361 51861 97602 38468 23745 34508 5085 44528 42345 69585 29805 48142 92407 67915 11567 31067 67653 36079 19545 42029 27132 10583 
62610 23622 7749 46877 2630 944 44430 33477 37676 30143 85338 35277 84962 25434 69784 90046 69961 28480 75982 16118 76621 84740 384 4539 32158 68036 
40617 68055 26417 84100 78637 89026 7721 86386 35902 26702 87329 96684 60179 41356 43178 61868 76632 28139 87301 46415 34537 73613 91246 26870 89730 67866 
27962 90113 72404 60119 58149 29372 28173 84565 13471 23162 89942 37543 25899 42195 64245 29579 55230 40775 70934 98407 18994 47565 42898 22646 10331 77434 
96258 1576 20655 85988 85793 48616 92452 74548 25087 66952 3919 69611 51516 17389 92772 57809 54931 18670 4 35527 64600 55233 92653 35533 69992 27998 
99449 12889 50643 9779 6674 46901 27706 27328 49240 29850 92296 41691 4397 17382 8643 8315 3344 76510 42055 12468 34319 13338 47489 50674 48864 12089 
5906 57869 47621 75897 85866 47070 5137 52861 73200 11810 99761 906 39138 49000 30755 47785 7042 35152 65166 15684 59818 84861 8546 1873 97328 59216 
15210 44817 9889 80425 56905 15794 54645 4525 8043 56863 67946 13179 9723 41146 41341 25835 58403 80478 74834 89157 44614 98227 40660 26131 30263 478 
10991 38808 2350 8319 98023 33911 69487 7911 14335 26391 40056 68980 47267 64450 25842 15213 77629 35564 56358 18969 61398 14760 15798 52583 20268 60411 
67161 77280 2893 97423 77757 13883 36230 96458 38553 34252 30368 8039 58514 61054 34429 98570 46385 98048 63019 72226 13260 56999 24141 85969 92319 1890 
17080 24468 70824 37347 1230 37985 14626 4122 35407 8734 18005 87989 21543 56557 38592 68262 80948 97106 29316 15376 12027 75700 13423 91397 64278 43034 
64748 4770 29002 57066 6660 46081 97886 93835 99780 99115 48171 30757 19589 99930 55843 37593 87918 77385 10501 26509 45647 91448 39966 91314 23176 68344 
83365 52950 59741 47642 12336 24488 68764 41337 97905 91775 3770 12142 85609 19901 27609 33780 67009 47197 33709 22851 1141 37978 16588 11641 80838 62234 
19441 20804 69899 58968 89147 53263 28269 65239 17257 40604 6078 86020 98293 3983 77794 18414 32476 79754 54666 60084 29885 21674 7280 79945 44525 8420 
17922 77464 36413 98760 39697 72205 35915 25947 47524 41413 95561 75792 6652 12817 32748 12729 15188 31040 33063 9333 65805 65539 89087 20470 41974 18971 
42143 49254 98916 3019 74025 33189 80482 10437 48300 36530 98993 566 78828 46516 41979 74389 22308 48630 87205 71407 77710 18745 18798 27125 28077 84602 
92663 17163 21423 34636 52486 79917 241 67753 99288 74266 941 79769 1054 65593 32651 47 66158 27830 46562 8136 2218 85221 73117 5775 56627 50827 
24519 91776 94303 52595 76377 86965 69758 14151 37952 38595 94068 54545 6347 93355 28810 23639 89475 46215 89231 38477 46261 71741 66307 92823 79876 68524 
94395 69345 74298 67374 36523 98816 59149 30825 67763 51878 34141 53872 66028 88444 92466 60095 42988 98812 53449 88149 38802 42924 34364 28033 81400 96976 
99773 64058 89798 96000 32582 545 81696 23231 67918 18218 38399 27066 65394 6161 78943 99534 60032 44971 87978 68849 5065 47317 84012 74866 35466 22813 
34141 86181 50845 31892 83156 66969 95950 89306 79321 28531 89850 61016 51761 74119 79234 90159 17536 44627 12671 96479 60513 89054 57801 64842 57902 79217 
12158 41913 54082 63975 81078 4574 50155 31922 36466 49663 15243 32415 55320 94563 60945 61521 55578 29057 35639 51163 35568 53174 12142 64590 66004 72654 
53644 23804 37495 27897 19373 66004 69810 73454 29979 50887 94380 96485 99160 30845 46147 30754 63259 1466 25316 40555 62986 97246 69611 14976 64760 21530 
68150 76901 86120 34153 65906 39763 74309 19752 67659 93681 85756 53820 83486 15734 21058 77865 12218 36570 8709 74717 67323 71967 76182 8991 12521 55520 
22588 98484 70495 87347 36365 54996 64248 22484 89149 30153 78598 63457 49905 46257 73489 52012 16428 56974 67745 37486 34839 96314 90407 43547 71030 57729 
31866 63564 83071 60738 35435 5658 75573 5929 93005 11938 77277 73604 34421 66425 3756 13019 46233 70012 75627 19721 22023 92054 93046 6119 45891 27884 
2433 36297 87783 89814 10378 36000 53377 9800 96737 88811 15458 72310 11092 24814 599 88368 98417 35019 71144 18524 64389 33728 4888 56367 69800 26910 
64773 62845 49381 10663 7081 51813 63312 94863 41626 90041 47214 11355 99840 43950 165 31649 32611 27608 56462 33209 32327 71230 84580 3470 89754 65320 
53549 94641 21687 23348 37902 86459 86193 87282 13473 9625 55446 93136 4487 13424 83176 51700 24778 99368 12001 41294 47368 60964 85254 3830 10524 17580 
75059 11455 21050 81164 76775 74598 75804 14813 14298 30058 17623 16842 33691 31095 26466 89137 24231 30952 18912 23758 99003 43689 39477 27355 1334 86845 
88318 86587 90674 98842 4167 82084 26648 41568 79600 3422 32517 71755 34586 63166 1812 52208 80007 35503 99655 6472 40991 23885 53775 59902 63994 69129 
19942 3471 96484 37627 90315 1153 24214 97340 16346 44732 95775 42994 2651 75374 62767 51519 47129 97353 14685 65292 49560 94691 794 49214 1163 58136 
89450 71289 34389 69796 40418 54330 73266 36901 8309 79932 38053 32522 93623 54399 93605 89397 97392 12607 81123 60158 64125 28251 73862 78809 93542 23422 
89852 10688 88987 7366 85175 94789 78654 19564 64584 19071 73893 54201 55971 98553 50484 10376 31074 44106 64774 41030 49854 78517 53636 30976 55026 34113 
75578 28888 29273 85472 68661 19124 12511 73999 26489 97685 85139 5143 17248 66074 24213 7493 20274 96536 6045 87109 6911 53471 47566 88036 10852 97420 
82904 80840 44747 54281 14952 20325 99520 44224 22148 68180 79700 34658 58531 6188 32342 43669 27682 65942 26095 51895 89786 62720 48430 95830 49829 71692 
65652 97394 76079 76504 11165 58982 57343 55912 13262 72294 76236 12782 32869 14735 97313 12568 49392 72195 18756 98085 32216 46437 64026 58310 14683 53811 
21029 79464 65993 70857 67507 31644 84603 43585 24499 95767 2566 81841 51678 32180 70486 44265 61313 3355 58999 74977 32274 24742 47172 67381 22827 95739 
30170 3204 54048 44852 73367 75076 40668 39359 62285 8174 87354 63239 51759 11853 75357 70676 93693 43387 19207 80531 4003 80519 83885 63002 55496 16158 
4095 19019 83539 26921 14757 30060 46477 68804 74911 19843 60231 15578 75553 38867 40104 62906 18457 8214 91110 93814 78889 1155 53552 98096 81685 57554 
94966 81921 36907 50461 98078 41002 85831 97968 84274 587 28027 30750 85742 19290 66944 62325 51219 42496 17543 7674 21754 52352 15887 12863 62517 94776 
14017 16068 9223 95701 73621 4188 77621 10528 54649 92051 67881 40479 6370 68506 57418 50749 99256 59511 86390 82551 21835 53960 41399 55730 61634 63152 
8081 77520 92366 70597 72295 6383 86664 81517 18435 76636 85705 12408 3515 56705 20810 71395 13535 43531 39901 87304 10631 55508 46815 97020 54410 85001 
50980 95808 40730 12613 58959 65162 6484 51325 52110 78779 74059 55125 76647 92493 31761 78703 21252 35275 35407 42061 23022 65294 1944 79274 52597 12574 
51133 99411 9594 5542 84412 76925 1350 41493 5889 60308 23007 12372 27984 75116 7502 2042 46593 84149 10887 78353 62851 32138 29979 14610 90551 69352 
79903 92494 48625 32499 21419 16109 31910 31012 21651 32673 24288 23000 90517 30176 99659 29875 58900 27643 4991 66401 46036 67935 50549 56922 46287 29752 
5412 92617 44361 12314 61969 24263 21159 26945 56761 42577 43054 88670 89941 81056 37694 30580 20407 44563 77108 20065 74437 36007 64059 95779 2407 26447 
63713 69308 99720 26351 99059 21483 18968 43419 33796 97288 67681 71306 24232 24441 30235 83637 29463 36527 81044 83508 67106 1450 28070 60565 37867 18859 
96571 18277 14637 15330 44723 78350 84637 60795 4700 47 82277 23667 43465 32425 37306 27497 20082 77890 68289 50316 77878 14103 3194 58922 13963 86652 
76723 42032 47216 30941 60890 60139 49218 91879 75468 10292 70228 76456 71086 91279 76502 69715 31298 36318 2139 68603 80166 22220 46492 64806 88888 24370 
78909 92081 99643 92871 78732 76365 51254 42300 7306 28496 2438 72875 20374 94257 83166 6953 70712 70604 98231 63565 40318 29528 16234 42456 14483 96399 
81027 60974 61204 69914 1695 56464 78347 1337 65686 73430 77702 33292 15729 1359 78139 34518 74233 14864 28774 73750 21816 15837 44353 36398 79401 84670 
82278 95634 43477 96760 8384 24504 57733 85940 10769 75780 58755 89115 77116 40793 62545 71169 74084 94625 72527 52222 29143 63111 83437 57916 36861 5252 
73753 81213 58001 69505 82235 40278 81491 25711 37037 6226 50214 11122 92165 60983 3253 67272 66449 80368 8064 45345 67889 98499 39970 56767 67072 69112 
19878 50508 43379 73090 72111 33483 54302 30111 19340 52888 86741 830 78599 40129 7055 45164 67602 15572 6146 70854 99195 88947 51222 7258 34291 35462 
22108 74260 92228 89179 59723 12105 56038 19454 85194 28148 69288 55848 74610 88627 8735 61350 89456 3685 17831 12863 48849 85432 44786 71346 56286 43980 
60292 23859 67589 94583 59320 89696 85194 51547 78874 61269 80004 34911 80722 81549 79410 50009 53748 54019 54988 78835 31721 44443 82519 49551 57305 31367 
34982 2090 2713 7619 62421 79356 31477 30009 90290 7148 19704 75484 75047 14929 53104 55050 66191 33825 36598 45600 185 6698 15971 55172 85532 64043 
15967 84402 13593 89623 15769 64926 8065 34833 88897 70485 30540 36725 494 20830 43873 36549 12665 35271 51478 65768 90320 34020 15944 43269 79620 32480 
49966 11942 4004 51849 92336 19970 36251 5928 25944 68371 87205 34008 19555 92453 20845 50094 29178 21338 70923 89402 74238 99939 24672 42067 65706 31343 
76087 98001 74611 72058 30481 40929 83999 34484 92777 76334 70805 45379 98613 96748 13749 2169 30756 33303 94622 51600 99749 40151 89289 87023 45904 79878 
86962 70575 21945 52667 1917 98031 50668 92879 70088 97500 33807 70438 31983 42936 63123 2787 88314 61735 99534 18415 80255 46641 68069 91228 14592 67817 
47730 20232 54840 93633 110 58153 64207 22054 27171 82475 20084 94190 75354 90171 91689 25512 60608 40023 68447 23730 42809 73113 1816 58695 7879 98422 
21687 75947 89650 36279 60116 53731 56510 31307 47364 56619 89459 11570 78672 16629 10397 15107 10819 85750 21629 18859 11261 82236 58882 96060 22317 1690 
85524 40484 76736 9754 38906 98423 85700 44907 34701 62167 98637 7562 93473 62352 80533 99283 73922 75556 15912 84318 90663 43082 86419 12291 61940 14031 
10879 20821 10090 49547 38863 11965 90031 15598 21718 45288 30372 23770 6546 81424 85936 21534 88986 95761 83886 85870 95043 74159 61425 27306 74828 52087 
86739 61246 80730 48679 91628 91608 85851 18070 41154 24713 30034 47536 56663 68104 9175 87034 91873 15720 68458 94160 53606 73795 6272 37491 59664 17667 
11649 37440 61324 2828 89527 48063 80425 86608 96741 72052 94567 98943 90121 35720 23656 20155 99608 96670 4610 8782 83703 96482 40854 68512 6993 94459 
58658 13265 48301 18321 47283 76301 55761 8606 79128 61639 56668 59552 48246 69760 31603 42812 68703 21724 94883 8710 58230 10842 5379 79191 35976 5433 
92024 93181 73945 99016 87639 32602 28632 52291 67275 92266 28591 39387 872 7718 1025 57539 83621 65622 43651 31575 24785 12353 53298 36019 37414 27879 
63213 42792 23421 99188 48224 15444 92368 38520 30812 96358 87474 59443 48648 54748 51709 93590 94134 68932 17659 11510 26470 1279 93483 86472 32853 34619 
98824 2503 86989 52589 46733 50201 95380 70154 65740 59956 85597 74459 14827 16408 70816 2300 92203 35815 73399 60263 45756 83884 29194 63414 11745 72015 
81044 5227 58487 13897 56197 73662 32751 43186 26251 79483 93386 37982 65988 75478 14289 67937 49936 29116 696 37104 47767 9250 89270 21166 69512 35026 
21401 15057 14791 33146 3424 95835 54724 61910 9731 10921 51923 58833 54106 78173 54667 63843 32507 20655 55672 63147 4943 5608 92262 5638 42711 56381 
14888 48332 93898 751 83357 15298 15808 98148 64795 35583 93982 19519 97492 20064 30439 49414 95248 896 43939 49914 81090 92797 70568 36762 55943 91862 
58721 64557 97500 17783 20937 28739 66114 31186 29489 49471 62835 61648 63970 27630 97230 74303 47148 11073 10718 93938 76839 5965 11185 37129 55878 92274 
29925 42798 45387 85867 34659 20459 66775 48510 38241 87711 77248 4355 35248 23089 70177 98083 84736 34146 25712 98318 8448 72859 25742 35517 83148 2580 
41481 94332 39708 13710 2957 85984 72859 48344 88203 23870 68802 54977 72379 23395 59040 49627 27749 94287 89067 97925 8721 90154 48422 34432 88471 73221 
23642 30565 8737 6789 33144 66569 17472 89204 80278 20429 91539 53137 85124 79741 93358 70277 34718 65736 93671 10109 31714 21419 20747 20780 35695 29468 
10934 84116 63899 15756 73688 3893 46320 82424 10681 95816 48992 28153 85019 45622 48581 76557 15110 50056 72650 8467 20332 7367 74202 14003 33827 22268 
51773 54573 43047 87468 84040 70332 87935 64291 86088 61623 68183 32407 60398 78863 28222 25742 23367 29592 87715 88299 22501 2824 38354 95150 27642 58686 
18868 18195 89040 52694 40462 40812 7266 99861 44631 7658 70192 48918 71948 56279 26892 40130 5038 87289 35344 49611 29382 75063 95555 17096 63361 18055 
36271 18067 13204 80264 93104 48423 98459 82143 1116 55272 39306 24733 55132 83937 32390 25324 49206 4337 97954 76097 60818 19343 79737 96162 85306 9119 
71224 80860 42566 50936 15266 78837 69002 28469 59100 78457 76891 73910 60599 94358 29182 99905 19090 665 193 67832 42340 49398 88520 40294 25494 49338 
75988 21582 61851 61293 30700 49426 58504 89618 361 73769 84806 85715 18589 60257 64171 95479 34167 41122 6188 79700 41026 41630 80364 57570 9461 22704 
23319 97980 79349 65164 63669 71688 86745 25519 32981 33797 74944 91484 23414 91657 81605 8219 77371 193 68475 57893 95672 2641 99014 18211 98692 56391 
59840 79056 13960 85652 18111 53630 99984 97459 18793 63652 85498 5538 5523 18478 39334 96818 26314 79099 88474 7918 87317 82196 8110 55791 40089 20133 
74784 55454 54696 89827 11845 14535 68882 42156 16539 3344 95786 16522 17154 30930 80173 2652 36467 85695 37481 92152 98865 63794 87602 87338 88063 74918 
85886 12525 47061 42326 49009 38196 97779 3704 28022 25975 34591 13256 68131 51129 16599 80268 67650 50105 11197 47822 52756 64016 49869 90236 72519 48733 
70382 60121 52422 74796 35038 38307 87320 98450 96984 36329 52997 94763 40032 81019 37089 74622 10626 21571 25750 43576 1838 93399 93680 29387 57573 46435 
93402 23793 53023 82272 88877 23404 42392 41298 98199 93782 95957 85519 8583 92940 38199 61580 4054 78230 42598 41143 69204 69575 62713 11305 13150 80903 
21056 6830 10289 78628 53264 20042 18772 6286 2313 7648 46041 44705 65297 44240 54838 61253 46110 63420 54193 84308 24999 74598 78889 83948 15740 64444 
53522 78453 75749 66672 75707 96804 89853 85995 91783 59468 6036 10554 65754 8348 34553 28146 69404 99849 88737 40593 61102 34846 20365 31646 35505 61715 
6243 30746 45663 21983 95189 15536 16787 87289 98559 92493 84092 88411 94839 92226 47879 874 2779 29984 25573 37331 74481 11329 37180 63218 51921 14633 
14415 88637 46278 66272 50352 52520 97017 96014 90854 8557 27901 23992 95846 42812 32836 96289 47574 27674 88515 11804 44899 7645 58139 86824 61328 32620 
98152 14859 95837 66424 29491 10251 55061 75768 76522 5412 44639 89890 17777 51845 14799 62029 92188 26996 4840 25024 23284 52414 69049 28150 64217 13948 
35795 22356 17123 97122 71327 15274 11980 67163 98049 57822 93765 69461 33589 86639 91224 94579 92880 25352 62775 7678 87381 54963 34673 8572 79986 74309 
77337 65386 2458 57906 79333 54604 80261 12807 68077 67939 28080 96408 51453 42481 54229 45217 11941 4169 48207 3165 98748 41087 44868 77874 65116 32248 
32836 16141 57172 29173 90449 34508 94559 9258 92413 90243 80214 89025 3050 48290 56963 47481 44698 8415 89961 98926 69984 18254 3095 18190 37770 18194 
75628 82637 96067 57096 31237 45255 73236 88408 74427 80036 22915 68985 5645 15328 75580 85858 20704 78629 34148 77667 42461 95197 86081 32422 94122 72416 
67027 13568 90606 4796 31761 82585 87432 44180 56032 35020 89434 29267 23427 63860 25654 62694 49197 47651 94373 41128 33508 15076 19756 84007 92742 78568 
95555 95175 10989 6029 83942 78015 19596 74547 99162 67709 73484 2946 11888 29515 37965 17673 75134 61392 97884 17139 24085 63432 64789 18457 4559 14649 
49884 40666 15007 58978 19234 10562 54152 46574 16590 54445 40941 52537 28992 40102 20245 18827 43047 48484 64693 81012 82508 39826 58755 80392 73317 99191 
43823 38105 17647 64734 69105 83882 5399 84112 42859 24632 11025 13362 87558 43966 67807 28498 12854 13150 68599 49451 31976 27998 97934 96668 25361 96794 
52846 84115 93537 26162 99657 53711 80618 33655 18444 49723 17536 23843 50186 60395 64826 61210 73756 52383 21527 41562 80880 34380 54711 65831 83830 3038 
10180 98116 16058 35540 94909 68903 36006 88445 11416 35662 58507 92033 69316 76951 58107 86851 793 8292 63597 81970 85853 37353 34353 7379 95266 31584 
41759 66329 97414 41940 69366 7593 40055 1775 59484 51315 87029 95489 56111 98444 47502 14618 6829 16817 91568 64935 20020 8712 89579 83616 90681 75431 
20968 41385 82810 32586 72969 40920 98914 70382 82859 84631 94327 22914 86406 53810 90580 89786 65651 46691 88230 13152 61308 11410 29969 69227 92696 49988 
77938 82274 49955 84970 57705 70923 26355 40514 3508 99323 97785 18773 86056 80643 3403 80382 19908 6160 50544 10488 95946 32546 57178 527 45697 34837 
11936 92017 4063 20983 58356 98352 3257 8311 83321 60961 95585 9675 17826 99092 25349 31962 34216 11405 12604 37618 8138 32512 43778 75033 42999 39723 
7578 16528 40249 53275 51364 68536 61643 55426 89518 19999 53777 92774 28309 53449 70086 23893 79476 4263 39336 4824 52576 73551 32580 65180 27520 57070 
14043 87649 48454 57041 27371 56032 89920 83971 25658 41283 52506 87300 13060 58376 23650 83188 67501 68310 36636 53939 92202 16111 74553 47889 37287 27129 
37791 86218 92308 81663 43287 6350 69311 91741 79742 96682 64124 69661 97004 89781 27295 65862 93432 40354 24237 17082 39893 8089 85391 76528 62027 93945 
8991 36580 58185 62629 63708 12328 48846 72367 93990 92133 95068 63300 225 91161 76333 64348 77173 89689 70480 4467 55550 80263 61172 96138 13696 17416 
4226 99087 10295 66253 9383 19285 19184 83919 98265 99243 96246 47111 87961 6587 55595 83028 86239 72171 90540 78923 36518 67712 68611 23349 88530 24160 
3611 66053 36649 17307 83468 40875 32745 93762 23479 58479 29399 59014 42397 27663 74608 54995 74773 62568 61581 46719 61947 47819 18889 52486 26742 71758 
20197 95352 11458 25078 35864 31421 91130 88864 48727 90949 46090 97823 1062 69568 72653 30460 44933 15049 74475 19540 70043 65599 82107 47976 12318 44053 
95794 47558 12890 38887 19316 49438 50591 30773 74515 2806 62193 81996 91669 27271 72944 37759 41445 74006 23678 14097 20817 68611 45498 95291 4502 15540 
60890 2961 63515 73207 63365 75661 37116 76255 14547 56431 25692 81489 3556 207 84294 82100 98554 75963 9371 71498 30073 67167 61855 53750 81264 82671 
38712 43113 77962 59566 58652 55203 62526 38519 44761 25890 30531 81876 2144 61429 38307 27836 42918 58214 44394 27211 40313 42947 19525 66035 30796 49597 
33202 92650 19699 30817 91673 58410 73929 69634 34327 48932 41188 96852 3802 85948 22742 34332 67823 41237 95761 22481 85424 38678 80694 29817 65888 21007 
89116 85413 87041 19911 51361 36594 28913 71059 67410 20585 45821 57690 6570 80147 22974 47757 76999 26775 33704 16092 61107 1526 57328 73219 40359 42752 
11896 21052 88920 94135 42058 94387 95899 45451 30650 47260 98396 59562 34670 82158 80146 80490 39847 3067 76989 62820 50823 70339 89595 84526 86430 67053 
2403 60109 40271 42761 19212 68518 80165 24484 62652 38574 18870 74903 376 49519 22162 98772 25432 56831 80929 21929 53673 20775 24995 30661 99947 92169 
999 5893 93046 3780 89297 95449 80240 29567 54561 99452 14436 51077 40287 93439 89651 75508 68341 90026 25027 90502 88797 66810 63685 86077 88739 17357 
23204 30085 64369 23150 22254 65367 45394 15299 85498 34690 27099 65737 80608 98012 81540 95043 49088 21826 88481 55090 97334 73174 61468 38712 63675 50264 
5521 43711 52693 10611 61067 75896 57048 25435 99045 79301 7153 60790 10951 92650 95479 54402 74739 92438 52413 56278 3832 17852 94456 92312 89294 91789 
65485 50761 46852 45512 17376 52372 89222 70068 79335 66641 45963 36382 8427 61359 32034 31932 22148 59336 40933 33978 13737 15671 26415 82501 88301 30246 
16705 82756 38910 5998 74544 20746 56758 21395 82609 74133 90118 88183 60553 85804 54823 6515 38537 79601 84226 86922 11532 6373 46258 68817 56703 76346 
84487 83117 58847 72787 29715 91903 71894 84976 97900 46437 5721 71009 84183 88330 61493 90653 76512 22045 92808 47686 44912 31345 27286 29137 18266 55170 
51861 80875 23986 8563 57221 24824 8032 32419 13963 54098 24321 85856 39073 22220 48645 44793 9580 49179 49474 71072 39831 42337 93117 48991 90022 38028 
80335 33660 83516 14952 5181 51728 95827 45518 60291 53047 70341 84674 85465 84303 38771 26137 70159 77843 48356 35155 38987 74287 84333 4813 45358 40516 
47149 38474 89506 53523 92853 69840 87182 92720 1143 8714 44448 96969 54231 21090 66367 24571 22115 68183 25226 60885 94319 11736 55079 59026 46890 10417 
33312 47574 15229 78670 88089 62378 33495 77594 15900 42700 63785 19433 51771 64928 28146 96218 78248 98728 33659 44615 39650 55773 29149 64875 33009 39820 
92962 88087 98845 39851 14856 48509 3777 30084 43530 91865 8813 93376 85811 41064 52427 65947 76848 4198 30874 21345 16767 25474 20072 50426 86440 59722 
6198 15588 40948 55559 55407 33910 59997 70604 90112 74852 19112 93888 21288 78993 2105 46452 72368 87915 3868 24795 53861 80715 45344 1087 2060 62110 
42912 38483 28887 29351 14556 35085 61290 71856 6995 33049 5765 66991 3652 12228 41843 39115 22468 79482 18107 24572 25933 6826 28838 29800 47972 82698 
26867 93315 136 28926 55425 43047 83760 84311 88749 14668 35747 50039 86523 42741 83087 8639 26084 3090 20866 67926 58556 43333 63759 93014 67904 89691 
99839 96741 35843 47811 95791 62709 57477 12278 7986 29253 71677 91745 13564 60425 6412 65662 10463 9286 24755 9901 17924 50838 29342 38790 35115 87897 
98474 98873 80910 82730 4915 80749 95822 40757 44911 91612 19817 2387 20242 27802 31640 91918 35899 61555 52342 58662 43568 79157 67948 84674 5409 85871 
51863 34751 24660 86977 22647 23134 2201 19909 5863 7116 17009 1684 64224 61919 9648 84041 80657 29889 11842 28648 21806 64092 6554 90499 22754 66474 
69655 90701 51147 75064 76571 3010 26166 17583 6338 65164 40716 24891 85072 62930 32006 2080 80965 12581 80350 6964 12973 61007 36852 41167 6006 75009 
5258 28912 81860 28011 95385 51514 18711 46531 42929 95282 65892 85446 29216 88582 50610 69931 13472 35681 49212 61829 54113 30176 90761 34462 53492 3734 
11820 6695 44900 17826 81704 50157 63089 63563 78168 58473 31428 13230 21355 90709 24863 3599 76154 54078 92180 43115 40360 22003 78796 89571 83831 32908 
36099 74591 83721 5942 94676 95541 12636 39575 29718 94339 89732 92806 74253 84251 67630 22033 13832 88984 29093 38695 92582 21598 9124 1113 64713 49484 
23115 59860 55406 23297 9119 7856 14240 92839 13797 8915 4731 26433 48490 50800 37123 54573 43605 27728 55175 27586 66112 69006 16570 95204 24052 25503 
16801 33176 26616 97865 99011 66082 74076 70768 5731 83194 78624 19970 92385 8772 28884 13467 51556 93725 64267 88679 64649 24223 32758 19823 51809 98869 
5181 68378 94072 45584 10232 27224 95111 53199 41441 10473 19281 15516 81241 25011 15062 76216 61332 7446 1339 6567 20912 52895 292 1530 57925 81292 
25753 90682 17467 77561 89550 22647 62290 99973 84582 88873 43548 79693 42072 84988 90165 77704 504 87757 2714 15565 63972 80397 39362 65311 86963 76625 
18205 3606 78155 92481 84898 20259 83162 2364 14171 89063 41362 92812 5387 25943 81684 48934 21987 40107 33922 28504 17810 50777 16260 36875 82693 80232 
17271 22054 61894 4234 15030 80098 7839 9536 72578 9088 29794 72091 11451 60316 77505 69164 69479 82891 11459 51163 31824 49797 91269 82097 78300 9079 
32873 94560 45953 31917 91143 79576 53970 53036 83809 85352 49485 7999 94887 38414 17087 41033 10504 44889 1348 88008 30405 70827 87250 41863 38341 19073 
8011 45961 17522 86311 71391 50394 97222 33696 98663 88364 13271 52632 41399 13431 54335 7235 21429 49222 45648 54867 6606 72503 16108 24305 76862 46512 
11483 64111 4726 49823 83183 12736 12136 17056 15398 83526 67450 12619 17221 66112 982 30491 35095 58732 43921 5782 65966 81702 55003 11613 36568 61608 
84115 69027 85912 60976 15538 97395 41438 36615 63569 40973 49351 75704 58028 64748 59230 41829 93719 92802 24292 94700 23293 59387 69784 83565 81520 35749 
65266 36522 63714 18186 14481 64180 87212 16744 41508 19102 30490 82945 55716 94059 23917 21418 69762 81945 2518 45343 23773 96236 38145 48065 7287 77789 
23803 77070 61353 5322 29171 42971 58195 92884 77508 72675 73415 64719 5770 14922 172 36260 14219 72240 30318 38135 10009 16431 36431 12526 78126 76556 
25113 32622 24620 48752 10410 64774 25821 88114 86447 54991 31084 44641 64226 8591 33667 37641 89662 39436 52562 89833 75695 83132 78424 22364 21267 88433 
38795 74049 17310 33272 50604 42423 65893 75223 91174 76302 56348 33346 64415 42794 4689 11851 87434 68914 20441 37452 6554 26454 76888 75468 32639 68934 
58599 11062 91298 96217 99494 46444 70266 33156 79715 20869 91930 45607 12444 99455 21908 68791 32800 2674 27937 37488 14524 15370 22754 51317 69174 29307 
77770 46061 21126 26760 14994 96077 37822 22643 92293 53667 69086 78910 86822 48800 16131 78751 10758 28574 78205 49017 13716 27357 51691 41652 64844 82566 
73374 87597 50234 42547 33256 28004 4959 70733 54763 36304 66809 8936 58947 75454 62603 28032 70715 65776 93184 86845 60879 3941 31770 55435 69310 45486 
82791 21000 87137 63987 19917 76862 51583 70151 19408 1190 14506 24366 71923 85620 77022 55083 94556 35968 46888 73510 80351 17603 55637 89886 20799 16515 
10179 52569 71950 79488 98054 54740 16839 1542 18726 36755 78404 86661 6905 14163 4202 21410 54881 92476 7030 31902 63911 17937 84221 10798 91446 64571 
44752 63434 54457 65551 79949 80987 34471 51898 60474 48876 22989 77312 50417 58067 14066 45172 61079 37323 75687 65280 75084 46919 74108 82113 78820 38018 
16401 63040 65167 24198 43962 9919 87632 14770 91821 67580 95756 26291 35829 72581 75166 75169 49892 41934 33235 80310 3458 10665 17632 95496 75945 9067 
42414 66404 91180 37585 4421 7580 624 69587 31778 60937 95857 35761 75707 87677 3340 71462 30319 39168 44043 21836 14336 10286 80122 63923 6947 99931 
74587 40930 95426 66883 49997 54191 33286 41176 91775 54058 65107 8750 39997 13236 69686 35853 48996 45392 39882 68687 33206 70200 24206 93600 8388 54894 
20237 4861 18816 27184 4791 9754 68113 16568 76637 18109 87110 26274 59284 78884 96684 40743 3985 36680 70330 73670 72532 19326 35414 28765 4364 84971 
15317 28570 78570 23704 83463 98806 28564 2278 25989 49706 28383 94102 66273 21371 12210 69734 47645 87846 48617 44328 44940 52601 97359 15269 42622 69890 
50946 94387 98655 71662 79357 30323 231 57926 54026 83693 73084 98941 2322 15424 48646 30704 25877 31270 52075 54439 1003 16071 58636 65971 76750 3575 
34923 74108 35195 77544 60349 2493 71931 75355 74154 67639 5677 74384 41917 76054 74428 15000 74994 76749 46775 39991 23804 72652 71260 92230 27090 88614 
24652 85725 70936 17753 5651 5858 91860 40845 99754 68561 59689 88036 60267 33842 55674 65944 24577 97590 58349 99004 28941 33343 92104 75716 89685 15908 
48367 60945 24489 75456 65910 49141 77532 36846 66893 83182 42703 75105 40378 58808 60017 67 46843 20283 33908 18869 2578 74837 16458 60927 73840 61751 
10621 82296 37466 305 98203 2184 77601 39043 77639 59863 4535 71522 96708 87780 54703 55762 79236 95080 30922 39252 95146 77764 75886 45406 96632 94816 
20242 29442 72094 10433 91192 99066 92728 45009 99370 7282 47192 93323 46325 41182 53185 67211 12703 66244 54990 83757 38357 34225 78836 69278 89828 90334 
63394 82066 52091 76377 76881 88684 22170 65326 99116 29713 64391 8196 74721 80112 15477 21912 73434 78153 79445 42970 45364 92147 25565 16705 92255 63922 
67282 71091 49551 73461 77776 12944 55526 46218 5673 48758 34901 27842 14083 34016 57555 78473 42211 48627 58585 74040 86891 48370 52192 66335 91340 13907 
74834 33256 46964 67088 97177 14245 54530 63080 87705 32305 92375 59583 78522 98047 8340 29774 25889 22423 63790 99795 17247 22352 48421 92183 96391 35311 
40553 64935 17998 48244 95193 92831 81499 42156 59918 95028 56400 14448 58107 60457 63104 50481 20039 57978 64880 44730 87751 7120 83504 67892 6914 751 
90244 71686 9285 2986 23349 66189 67920 41346 14432 79465 34176 12283 21620 94093 7310 94372 24892 81768 54828 87996 48600 91218 45973 13479 35947 50075 
20598 19451 17967 43863 36553 8210 15549 45837 11195 55249 12026 95467 96594 42809 91283 30769 55091 12902 41213 78752 23625 66105 76871 94804 70452 25471 
86021 32776 55301 38320 82850 92251 74122 816 52465 10674 25377 84365 72862 52924 39613 1239 48390 36206 44048 56024 83326 15490 68925 40891 10594 8902 
23347 3816 3705 93798 45638 89726 26573 939 44397 25774 9541 18518 26590 62005 45543 51966 46370 34756 4889 85982 35995 69630 38540 96394 25653 21865 
28235 10930 79107 38828 19831 2453 42644 39887 96250 4633 45964 39174 5571 90360 64948 31463 8877 7889 93468 70771 76206 56189 5527 97447 58522 41521 
67076 97061 54266 9081 35278 82500 36362 14384 37680 72544 16837 96675 12430 29438 1307 58394 68612 23230 48753 49911 54692 73982 74151 64511 61104 50356 
20699 66630 47802 79221 24502 31230 76281 78767 56662 27910 77619 93023 42294 15298 65566 75482 11972 94347 4919 13278 52740 89882 36507 17845 56144 7551 
8178 30294 72061 69281 97002 92760 52263 44803 71980 76764 92384 64612 71883 49045 92522 49501 42067 51167 81150 23984 26648 93121 34683 47918 22750 3774 
37800 75609 21618 10295 83159 46147 40589 55219 31780 53942 64330 84042 15096 52661 77157 7480 17273 49039 56524 26146 14891 14943 93664 96040 55278 20311 
5512 89960 68228 28262 10086 22379 20222 31703 32674 19732 94202 89614 91302 25981 43555 55632 10022 58650 8292 87178 66129 41916 52569 39005 84413 67459 
70299 78076 79851 25576 14738 85362 31888 99318 29975 58325 21696 50196 90027 70721 69927 580 60334 61229 26560 20240 33212 52933 78890 57855 56463 61370 
16123 9031 374 535 92841 87024 94963 89043 28952 9700 74405 77191 25369 4379 35515 63417 70927 41893 34137 57205 42473 10823 34785 85384 31062 67996 
38317 26303 25851 11131 87673 41973 36513 4398 58859 29353 91422 53821 18396 20373 79873 9152 97563 5241 29882 49429 68657 17160 91321 19146 74365 33793 
29968 25501 35529 77381 93497 73845 3684 35699 1327 91356 94023 37839 12105 69233 83543 3526 23054 18290 40250 19278 27441 54164 40870 73675 3592 9527 
90834 11265 45024 81550 45057 74991 7051 80585 68723 16899 70781 72406 52597 88459 80113 62971 26297 8570 32203 26192 28447 71608 44481 68697 90885 88274 
39212 31755 61948 59156 57633 69133 70420 2656 50683 31828 93998 57733 28765 79072 74631 15897 51478 43579 4356 47942 22901 30652 56511 55103 56843 84958 
43063 17676 70006 33947 5949 25569 82053 84248 84724 39685 53380 71495 58692 4062 3323 69041 78146 32087 48113 69128 47983 15942 29058 68690 63883 51958 
15694 36746 23413 88888 38055 66475 6563 24412 421 28863 66332 98826 13110 51056 38510 66490 38902 13554 86903 42224 82594 65049 90662 30706 50528 54997 
62999 79586 23686 26882 31543 55731 79979 54955 44619 34385 21429 51181 75148 38202 96396 41479 37027 9505 8886 91888 92346 47788 21793 79249 6363 4387 
60649 97025 51444 11176 68373 14443 90761 8410 57676 38656 64141 54006 9962 8759 88390 31391 76291 79889 85944 72686 21367 39322 82191 30253 47561 74536 
78040 69354 70136 84402 90092 30784 97778 57887 41960 66150 88681 32720 74560 46356 87727 55052 16713 97689 63810 21454 45431 56452 1342 31374 29138 22709 
87047 27680 52961 34607 18567 47352 20312 88703 31753 10403 19486 45883 84642 77797 12032 73322 10517 2943 36030 14595 57994 52742 12283 38155 74196 57713 
94607 75537 89086 23744 14597 92484 67775 67557 43443 86341 14908 63754 75043 63013 90509 10881 8895 75150 88677 37278 64823 15545 56573 852 30140 30918 
53594 42422 69073 44141 135 80031 19677 5572 20126 34274 14408 87900 18182 57850 90592 49442 21603 65635 12454 28463 92867 37700 3612 97895 91329 84787 
13440 47901 85638 59931 78819 39231 18704 64243 83371 18838 44273 19400 40762 80750 70025 55169 68649 4558 29370 59240 53999 50972 41226 82804 95787 50444 
20503 15750 48339 28184 536 78130 76084 86174 38060 71254 41756 56763 51848 41479 91953 12472 60878 49066 93221 47254 20586 78221 51811 49955 37461 5810 
17278 95038 4965 13064 45482 25468 28814 10172 53651 29349 88301 46086 15522 26360 33692 57278 99474 1891 98756 7778 14363 75985 56843 7583 39590 77428 
2156 91400 43734 39616 13561 61012 51005 18526 74075 96486 60345 2888 6657 30347 48589 11309 92784 64110 37668 26475 37739 53494 28366 52846 61271 59080 
45182 34466 66662 84771 11893 85169 76171 71979 24784 6083 32990 92141 24608 7064 4978 1304 26304 27987 31650 74892 39295 24434 55353 93315 67260 93092 
46808 11977 62289 24430 71056 7471 58895 54070 92241 87140 39238 84763 59118 80374 90846 92107 72514 31805 15522 77491 33109 41825 5477 81110 33068 44772 
5543 88421 54438 72803 97864 1245 1131 60152 25674 72187 67622 921 26256 59863 88060 65493 44625 63529 45866 51822 55635 18379 83627 87508 12222 33087 
29333 17698 14196 78752 78821 19739 67172 33258 8893 65035 50854 10023 25187 92880 98561 92808 93800 24816 69022 98211 6661 29999 61739 52526 81820 33725 
87257 65446 21232 15830 14884 66916 49879 29080 62020 28700 65170 29191 78309 74062 10578 45515 436 35764 38394 98997 44923 48545 40164 30297 63107 46824 
60295 41197 15702 42114 74921 19310 23912 12504 35139 38795 95772 1369 67874 57791 30068 33043 3333 24729 23456 13910 70243 40244 66025 24988 55592 10948 
89884 95755 57596 52990 58931 17890 94186 90984 76355 85458 10293 266 97961 61783 55413 10084 63151 39638 67874 9571 89033 71207 50651 12488 1468 37245 
69083 67493 78584 24674 94792 68467 36781 52387 37808 95711 70276 31993 86694 46630 33802 13338 63248 48114 91472 18660 58198 70974 58297 42423 96896 47329 
29981 47546 76169 31449 84790 45251 98941 79725 86277 93732 48191 23057 62470 85998 35119 32745 34342 21812 95726 68143 51501 58973 32609 42972 93984 90806 
30297 68633 49580 27193 32313 79561 74738 24833 27361 75880 70084 42653 55604 72712 36384 20147 95768 15205 22496 30886 47949 56838 69049 60026 41332 36901 
35351 73940 96224 29334 81097 26520 14318 47029 53712 46631 42941 44802 71463 70301 37033 57898 12953 92636 30609 65688 29134 26376 80892 51630 73613 45192 
8467 59013 5217 66150 95913 40567 56442 92136 86253 53890 18656 570 918 88719 47200 43858 33520 18663 14158 70552 92912 43462 79540 23521 9149 8673 
66248 90040 76654 39861 51583 1472 98873 56800 67622 94786 97366 24063 3273 83618 94304 21928 84188 95222 26999 47739 55431 60518 82753 69589 47422 75665 
29402 43313 99185 38551 68337 65432 44942 44991 21644 96525 46462 20517 69676 30435 31654 67041 70849 34926 67011 65153 73206 67550 76726 204 15288 32156 
77073 98041 18096 40846 73705 47498 84158 89241 2400 68847 54672 47341 30189 76316 60217 93002 13184 29892 23437 61189 13285 10637 96114 96647 92141 85671 
64196 68866 85874 79483 1022 79299 93875 35469 20144 83931 82966 20654 73171 85365 89500 44195 49058 19688 36862 25626 29041 50045 71870 52477 11233 85154 
79466 23698 81800 71606 9369 62347 40472 11594 58181 57845 90892 52056 93313 11036 52338 92631 48041 25509 94347 37540 69703 43404 73579 6564 85382 18971 
72960 57251 71448 544 58756 67265 24241 56907 38870 49961 19253 95693 61555 77433 69889 52446 45840 79554 79833 98178 72184 27873 23686 66530 81764 9740 
26286 71694 32655 11667 90665 21966 85269 78464 22509 44024 62080 63101 930 949 13062 20182 12994 74616 13966 82882 43413 59806 78787 39598 57983 50970 
67470 98020 33852 65586 24111 60137 53631 56765 88155 60647 78730 73423 55462 17590 17446 17541 80690 34727 18490 93751 71260 47835 84718 85225 47068 44483 
45030 25855 84080 19364 76824 67901 33735 27027 33486 57845 87163 3469 30961 75317 64115 26042 48739 35929 43631 82536 53469 40673 17262 88310 50775 88521 
36144 35493 90098 99564 79975 51479 25418 64054 70843 18593 48306 20929 45620 98144 78774 32782 1612 26086 24451 82078 52128 89541 18006 12110 72077 71475 
52782 5690 76136 3557 10563 12280 55401 660 11843 51727 52138 53612 32132 39332 72204 80437 60261 17823 78580 39034 66957 80191 81471 91407 78621 33598 
80947 96626 62060 69375 84452 14841 75065 60588 34749 85627 89219 90149 2638 17413 58227 54775 71024 90358 94107 43227 70795 54367 77402 49374 9752 44358 
45917 91222 52116 40889 41172 49414 53866 19583 18789 38318 34423 10205 15257 85524 12183 4475 92024 14820 21887 50251 69594 9262 40608 80052 52488 27754 
34418 29889 77128 60521 90598 39396 68095 59065 80284 25618 8479 34149 45200 43619 88818 95974 53823 20426 81497 66005 24900 73521 80824 63138 40123 66769 
72399 80730 46821 41239 8484 97590 87479 1963 74463 78077 57710 42557 37141 54345 84526 61971 4845 29725 5589 93663 25698 59411 14088 23547 41767 55340 
13419 38942 34829 53541 22063 23580 50622 85235 64818 75457 82824 52296 93771 73638 46724 51480 32546 217 22176 17071 62187 27021 63147 84128 37035 5197 
59890 67474 28743 1657 39165 42161 56950 73994 12053 79012 97573 62674 64246 62390 54483 63422 31037 48253 37059 77761 16085 69605 94329 38260 86675 56515 
65280 66174 56994 2314 71370 16884 86140 112 18540 25304 58624 91841 99297 70676 70853 13221 49701 51450 91962 20535 14871 22999 68788 51930 17111 1224 
37886 11439 39483 40912 84305 21115 7085 41299 23428 78454 58182 25919 78565 93073 51223 53540 84913 66871 40567 72117 80092 6620 23567 72053 27154 38437 
11403 12293 6718 28513 13516 44603 39951 52999 85515 24256 74113 8951 81906 13892 87405 40087 56163 82321 49511 7385 35861 50775 90607 92779 22892 70698 
99398 46458 59103 26552 1246 70505 55196 7964 99018 68712 68918 55320 38062 54432 95927 12174 63383 77832 42417 67139 34270 98579 49459 132 22315 1671 
50907 12922 94450 73798 99971 93847 36607 59073 36750 37852 45930 91946 45815 61299 77009 14733 16618 15070 85516 12545 43595 65250 6728 2363 32388 57350 
17294 98199 57481 39608 99869 8387 68881 10670 98536 68852 20869 35142 44276 73970 72994 90205 65915 35160 51503 59275 66244 84473 74344 51760 13369 17938 
33361 36448 20301 82101 93797 37594 80299 51278 93553 96519 76016 62434 7189 74552 47637 44409 9693 91912 18378 99038 98469 645 34198 66323 59919 441 
50795 34263 68552 64163 68552 18265 611 5204 365 10759 42797 80663 78388 52702 93533 54404 31487 721 28955 79123 45129 54999 87386 63507 54037 85854 
80503 4586 52177 40421 21378 19323 74683 6282 99838 43235 24546 16800 48438 41262 27558 7587 21924 5946 76640 15456 76701 8126 32529 5655 3600 94009 
77005 90985 73867 47393 76839 54369 51978 45367 94790 89708 81041 85824 95989 80878 29058 36886 97677 93848 78147 41587 17786 16422 47532 94425 48229 24232 
18902 97109 46238 22501 91118 39594 13485 81336 86987 6675 35705 55316 68393 46846 61375 49434 32669 57363 30311 78079 10600 44340 88278 88746 85926 6063 
21519 49809 16839 69748 90392 52092 66856 52981 74592 74325 92574 4428 55661 95912 11103 91365 51228 95847 38210 12602 45280 87230 86317 91943 65308 96916 
52634 53585 2014 38559 75999 39884 4719 9189 9631 95110 61280 92839 48090 35871 67163 57015 40299 39175 52927 67753 46891 20506 79951 1452 49459 25231 
88682 52127 33525 53989 65395 86158 23926 67408 41068 16276 7291 45786 25465 33274 57247 86744 42464 21688 22615 25978 78702 79265 65153 47980 63369 12043 
68485 43319 13495 17944 84901 2176 86422 18425 72516 51816 20934 12793 35575 62001 29069 59218 24138 54533 92491 81384 57628 51306 19423 80242 77283 98125 
75858 42435 46104 39226 70830 30941 82545 84324 65236 67445 2851 51657 2222 91718 3473 23155 20863 39047 1508 66283 98264 25645 37167 7106 23381 94794 
58411 42803 91388 52046 57279 67245 94480 19735 22823 81661 50675 5367 65984 32262 89163 85186 83918 7736 93256 3742 30891 14118 59141 48750 80400 73756 
90746 17566 80862 14126 12359 55624 73281 3746 7669 46911 87343 18501 82997 10165 161 50023 31883 82497 82284 21045 84034 66202 45133 77289 86295 76023 
91406 45435 41124 88157 19191 31869 22074 16404 62347 34433 88379 51979 54530 96048 98889 58224 30900 81886 68388 31060 31908 16622 29908 30544 37667 13942 
13097 82799 91230 99391 75173 98988 61178 16296 87144 96720 48164 9218 13123 26862 60002 17853 78840 30883 30252 94081 5459 61151 75966 90198 8563 24225 
6820 38470 71120 60838 52411 84216 59988 59993 99959 35160 58980 61136 67807 62475 57855 32322 88044 87329 59184 64397 5181 54375 95280 51785 48455 17090 
12935 40772 7287 21497 81349 14106 76319 52468 74943 45081 36684 34930 5073 36642 86441 64052 97777 54247 42879 71983 2921 30922 75663 78456 95319 97195 
32830 6950 48979 81285 24039 61914 22056 31325 99762 3404 45431 76080 72224 20373 21161 8907 71655 42585 61900 58095 6637 76028 28694 49515 48010 47966 
96788 40024 26421 92106 37218 75602 99055 86197 56886 39445 64462 95294 70770 80575 15049 16200 73007 87272 52924 94167 12530 24578 53103 74429 99025 59739 
50456 27718 25605 14817 75683 38745 54840 2103 30850 92058 94056 46257 94606 50942 85701 75419 62587 56470 55993 93987 89021 28999 81259 58297 39517 10140 
82874 92620 84569 81898 68710 35024 25967 10667 49841 1649 49411 4680 20103 96612 13089 14159 42868 24046 81452 28569 99464 60390 1390 55457 54376 6763 
807 51986 65059 40324 62126 64284 49295 63046 62534 18004 98069 88500 28670 64261 6501 94432 85293 26603 91044 14733 57113 33911 38779 38564 78831 38242 
98953 96573 10050 69681 3335 10857 38018 84745 67532 143 65380 16826 63188 27913 51181 77609 16413 96203 41869 39265 90634 43513 65867 81677 58246 22980 
31940 97024 77895 27122 35265 76848 40046 61667 62880 59732 88875 897 44476 56406 1040 9856 89583 80579 54120 40763 74539 70532 36965 32760 9796 43951 
76272 92015 41979 34517 14994 73918 31540 9240 17392 83157 86087 57437 61175 65318 17169 50049 66215 77996 6454 83606 87851 12388 80536 41971 53150 55075 
28854 6467 87834 55002 66769 64105 63368 8747 14974 94713 99017 46513 3952 16408 46021 6391 90196 7195 71708 23716 73595 37922 1712 96400 37879 89562 
8787 18415 47884 78289 73489 93090 1107 77674 48091 67875 58130 27810 76621 73103 22522 91989 35968 26473 24748 98340 32863 14944 5535 4571 38659 95481 
