56 90 37
57 47 71 34 99 15 44 31 24 78 10 89 64 80 35 61 86 90 1 7 74 43 71 30 48 67 54 17 74 44 97 82 90 68 68 40 34 11 71 57 89 32 97 52 64 31 64 1 73 64 7 98 58 77 28 57 95 81 73 68 76 70 50 18 89 69 57 22 79 27 31 67 11 27 71 74 10 34 74 34 50 80 83 7 8 10 64 2 43 36 
21 18 57 22 35 97 90 44 19 69 22 1 87 32 79 57 57 40 43 30 73 92 61 56 50 68 17 13 21 59 1 42 29 9 15 15 6 5 58 24 25 80 76 11 11 54 20 68 94 14 49 18 5 62 25 54 81 42 19 2 52 19 95 80 27 9 95 84 65 4 59 89 83 34 52 46 88 23 65 81 36 13 50 92 26 75 45 7 16 63 
8 19 33 54 51 12 62 97 95 79 100 54 19 35 87 70 80 26 44 44 6 31 8 56 22 34 82 19 40 49 33 99 67 66 52 17 77 65 65 23 43 65 28 62 99 15 83 30 40 79 25 98 9 84 5 31 69 86 1 60 86 33 10 52 98 61 21 26 78 85 1 72 1 28 85 51 42 68 32 34 98 56 83 6 92 39 88 60 76 88 
72 61 21 81 12 70 94 84 96 71 21 48 42 73 75 27 24 69 46 55 2 43 63 36 100 6 74 40 17 49 27 88 9 99 69 72 69 14 56 16 84 28 63 77 100 89 55 23 57 100 30 58 94 44 93 46 49 18 85 17 66 63 5 26 14 25 98 82 38 5 49 73 32 63 49 31 51 56 54 8 55 35 17 1 30 62 46 30 79 82 
46 97 96 2 22 9 26 19 42 15 23 90 39 54 4 40 85 55 95 90 14 1 76 82 1 5 43 98 34 74 31 31 70 27 33 91 35 10 10 77 25 84 18 63 90 22 54 26 28 48 15 93 49 42 74 1 98 69 51 83 42 33 13 11 59 45 53 46 55 62 74 31 98 91 45 87 64 99 12 43 46 78 35 46 19 61 99 16 29 1 
50 22 33 62 84 44 59 36 89 65 50 62 95 47 4 91 33 20 89 44 62 87 73 49 84 91 61 82 58 41 82 7 62 67 20 45 10 78 80 98 94 29 11 88 27 66 31 59 85 19 54 47 57 26 47 41 68 7 74 77 47 8 35 60 74 55 4 83 84 35 32 78 16 94 17 42 59 47 53 44 66 6 42 74 84 88 14 3 46 40 
80 92 47 14 51 20 20 6 54 4 92 85 81 7 78 97 1 88 96 53 83 61 10 24 86 93 63 100 48 60 39 27 3 37 92 53 56 12 10 9 67 2 45 47 60 74 95 60 61 90 12 44 2 22 19 88 66 34 39 13 93 29 91 96 65 83 100 72 46 62 80 12 15 76 10 74 49 56 86 61 46 97 4 99 70 75 86 88 8 76 
52 52 4 43 99 20 77 99 91 74 12 22 85 26 97 46 51 45 1 36 6 46 85 61 97 6 87 82 93 94 10 97 98 13 91 96 33 67 46 23 40 57 45 76 34 93 21 85 90 21 20 95 19 4 7 15 10 94 48 54 39 57 50 36 22 40 84 54 58 81 28 49 38 24 76 71 17 96 7 6 69 27 52 87 82 10 53 43 3 100 
49 94 9 50 81 30 42 64 35 99 45 62 100 34 38 75 56 54 23 63 11 91 41 14 29 22 23 33 17 26 32 65 19 92 14 99 21 55 15 7 6 11 69 5 44 58 31 51 63 53 13 73 43 5 86 23 27 8 55 43 85 39 59 55 30 72 6 3 79 72 9 84 82 29 88 77 86 18 27 48 23 92 72 17 96 9 40 74 69 46 
16 53 36 26 60 18 98 65 20 76 36 80 11 17 61 50 45 98 19 71 98 41 62 69 58 58 78 49 31 46 94 99 50 82 24 9 99 73 25 70 100 60 49 10 28 9 11 72 59 30 95 56 70 56 76 27 65 5 27 48 2 21 46 52 2 21 12 52 46 37 21 97 96 69 59 76 30 69 47 88 98 41 95 68 49 70 46 13 75 73 
60 76 45 57 79 98 30 91 49 75 27 69 23 74 89 81 49 70 50 48 9 99 40 3 18 40 25 64 53 99 88 64 26 84 73 57 81 2 47 81 28 25 1 50 50 89 31 51 11 32 98 19 82 89 74 100 29 98 15 33 48 2 48 73 37 20 29 17 21 27 49 48 51 49 50 53 89 32 3 99 63 100 18 96 40 43 95 20 40 9 
52 87 62 100 11 98 71 92 66 92 18 14 91 21 14 92 73 3 23 27 1 37 26 70 33 17 12 79 37 3 88 40 89 1 91 52 51 62 43 16 5 12 82 47 84 95 39 8 49 61 34 50 50 11 71 82 28 35 60 16 89 99 55 78 52 46 81 2 59 75 17 63 86 50 9 22 45 47 29 93 60 63 94 9 25 17 90 4 3 1 
19 91 100 74 20 3 71 100 4 29 74 72 91 12 22 51 33 18 98 13 62 57 27 8 65 52 24 6 55 78 6 74 68 57 99 40 59 21 39 14 49 65 86 91 76 59 41 60 28 90 72 89 98 99 48 62 50 71 19 56 100 25 29 20 33 79 59 44 99 49 57 99 13 94 89 40 4 82 99 31 23 23 72 21 73 19 82 22 42 53 
77 93 77 58 12 61 36 70 4 87 19 13 85 31 58 26 23 62 59 73 44 81 95 67 1 67 38 35 40 79 87 69 71 15 78 83 75 65 4 31 51 22 43 36 5 100 13 27 61 71 51 57 51 98 23 52 16 60 38 56 90 24 76 13 38 53 47 64 69 50 94 20 72 88 7 28 88 19 6 100 89 56 56 39 53 31 42 69 42 79 
76 32 54 3 44 43 7 90 7 75 91 52 46 62 40 52 41 79 70 46 78 10 54 86 1 6 16 42 26 57 73 53 40 26 55 35 21 61 24 79 88 15 30 33 28 21 85 21 99 6 66 77 68 19 14 68 77 81 61 54 89 33 7 29 11 61 63 83 74 39 61 13 5 42 45 84 63 81 4 61 39 22 89 6 40 54 25 68 34 37 
22 23 22 28 3 32 40 17 66 65 55 26 77 11 67 74 95 81 54 50 42 44 71 82 1 11 36 77 30 21 14 51 43 35 78 97 18 70 14 83 34 20 8 11 31 26 36 77 7 41 26 100 85 97 33 37 59 20 14 88 41 27 39 35 61 68 32 78 37 97 60 71 16 19 33 98 96 68 74 2 60 52 53 44 100 38 81 10 57 46 
97 97 72 87 84 84 7 67 13 43 63 24 65 30 94 49 80 89 68 5 43 28 56 95 23 7 84 55 16 41 100 65 89 23 51 72 6 9 90 70 52 4 93 68 34 86 69 65 75 36 69 69 15 77 15 38 83 99 92 99 39 44 63 27 66 65 51 24 74 40 93 77 44 38 96 29 23 64 93 49 52 61 69 66 89 84 3 72 82 47 
22 72 90 84 50 7 100 52 82 73 44 75 49 39 64 45 67 38 60 11 39 11 23 7 77 12 90 31 83 23 29 4 46 70 39 96 29 38 99 10 11 42 36 11 80 99 7 46 37 67 8 75 29 31 33 57 42 23 88 76 97 68 31 95 38 69 90 66 58 40 27 20 82 63 31 61 61 89 59 49 7 66 75 36 48 8 92 41 82 31 
16 78 51 98 24 88 18 13 5 76 5 31 95 86 93 77 98 6 66 56 54 24 74 29 11 73 88 55 14 69 85 81 98 87 79 22 74 96 86 30 23 90 13 18 75 57 94 73 62 11 80 68 35 5 48 45 78 35 99 43 55 36 23 52 22 53 73 48 1 11 77 23 100 41 40 27 98 86 51 59 96 82 78 30 87 25 27 16 11 25 
58 65 12 32 17 34 85 41 33 37 51 61 59 3 2 51 29 99 36 31 9 83 12 87 65 98 63 91 13 26 67 22 90 79 54 58 64 38 51 96 26 53 56 84 55 57 86 35 7 73 65 16 56 77 2 20 26 16 62 39 41 28 60 83 6 65 40 69 54 90 16 79 95 72 15 49 80 100 84 87 73 100 2 80 28 55 51 54 22 12 
44 63 39 55 45 97 20 36 17 73 78 33 52 72 56 18 72 35 17 7 21 41 7 74 72 34 28 22 39 50 85 82 64 76 37 60 72 8 95 40 80 72 24 83 95 79 100 67 66 69 73 86 61 79 12 33 65 91 6 3 40 91 37 55 66 73 14 89 32 9 28 63 32 4 98 27 82 49 93 99 17 17 85 30 48 48 14 12 38 19 
66 30 61 2 84 78 26 98 66 9 58 46 72 89 49 69 67 82 17 11 81 86 28 17 67 75 64 80 38 53 50 55 82 11 9 66 88 34 63 6 95 20 51 66 60 51 34 27 84 2 89 16 39 16 32 5 42 47 84 31 100 34 86 81 96 94 98 83 79 60 40 73 31 42 90 43 92 75 21 28 77 9 43 67 77 27 72 18 73 7 
49 24 40 86 57 35 31 54 70 61 66 9 86 48 51 75 90 94 50 10 21 78 71 64 44 47 90 67 64 14 74 64 90 65 1 46 100 31 99 21 44 64 29 29 12 31 55 53 25 4 15 45 33 85 60 29 31 1 95 46 67 20 62 56 85 14 1 36 97 51 56 40 15 36 20 78 67 74 82 43 78 96 39 62 80 99 90 62 51 37 
60 69 56 73 24 92 86 76 27 82 27 34 73 93 70 92 22 88 66 3 30 95 99 68 56 30 18 98 44 21 34 55 89 41 27 65 33 12 40 11 46 18 45 18 62 66 10 83 53 75 38 34 69 36 1 76 17 19 73 60 91 58 14 79 99 92 43 83 4 35 93 1 4 89 18 66 54 79 100 58 53 37 91 73 24 44 49 41 62 21 
52 4 79 18 82 29 9 77 11 64 11 55 16 14 44 34 31 49 12 31 59 17 67 49 41 91 92 89 83 5 62 34 8 92 3 42 20 12 18 82 27 80 36 43 45 31 28 76 32 91 6 90 59 72 90 100 14 34 40 96 38 1 30 98 92 32 39 63 95 8 44 74 87 32 16 31 14 43 6 97 85 63 38 44 35 28 43 100 61 82 
96 50 35 25 99 78 8 37 41 55 96 36 28 82 19 95 65 33 89 22 81 73 85 19 16 71 98 10 70 10 92 65 59 78 41 58 55 1 46 95 7 94 83 34 75 1 28 91 85 16 65 66 40 49 84 56 71 33 65 92 42 8 9 52 37 1 61 92 53 7 38 59 100 20 92 26 73 71 69 57 38 33 22 78 33 57 85 3 89 49 
46 82 9 54 34 45 55 94 88 59 100 26 18 51 97 61 29 69 32 97 26 21 81 99 98 13 56 82 67 96 83 12 78 43 18 11 39 24 56 27 82 56 4 99 58 100 60 38 69 43 86 46 63 66 44 13 78 51 94 96 99 28 8 76 70 77 38 9 100 93 35 81 100 38 32 10 89 91 47 57 33 85 54 47 50 98 59 80 100 5 
75 98 32 34 25 2 10 14 62 9 59 48 42 10 37 73 19 25 63 18 34 47 2 87 45 3 36 4 34 36 8 9 85 91 94 10 44 4 75 5 64 33 52 5 43 88 77 13 13 91 82 98 89 35 84 86 38 20 89 23 7 48 31 91 90 77 52 34 32 27 38 95 59 42 52 53 29 80 18 93 23 99 90 11 86 74 48 75 45 36 
97 51 35 80 41 25 56 93 10 87 71 47 81 81 88 84 86 69 64 3 61 86 53 3 48 38 28 96 12 72 83 9 74 70 88 66 46 95 10 55 81 80 53 13 61 41 97 46 9 12 100 21 49 52 23 96 90 50 43 53 73 78 61 46 47 100 12 44 94 21 98 74 53 50 87 65 42 35 10 2 46 9 75 94 12 49 41 1 51 36 
54 23 13 66 21 11 66 84 54 59 56 3 85 8 4 23 72 98 9 33 51 54 93 25 99 5 74 39 57 76 26 10 98 38 28 70 100 93 53 53 3 61 7 39 68 63 61 92 60 69 24 10 74 69 87 24 73 12 15 29 87 40 91 84 78 18 6 77 10 10 82 64 70 40 3 38 2 15 81 13 36 56 75 9 24 61 85 96 72 99 
77 58 38 67 93 67 36 98 96 97 8 77 60 77 68 14 66 22 29 46 34 16 54 60 76 77 20 60 25 43 58 53 100 96 71 45 62 6 42 57 2 1 85 13 30 5 27 95 26 7 93 11 22 46 71 97 74 42 57 50 85 14 2 36 61 72 80 23 77 74 31 78 74 68 91 55 72 69 2 49 75 94 59 96 91 81 92 16 75 48 
66 59 14 67 94 74 39 26 48 67 99 31 45 24 98 87 79 21 55 80 21 81 25 31 76 67 12 19 82 86 19 99 96 32 66 41 57 56 66 57 22 16 87 18 92 36 4 22 8 10 53 28 42 77 58 17 95 21 36 28 6 54 27 53 37 92 94 45 47 11 1 20 79 87 38 22 74 93 43 81 55 95 8 96 23 18 13 17 38 100 
44 96 5 22 48 93 13 93 37 11 56 38 31 34 76 68 55 50 12 49 82 66 95 90 62 17 7 26 85 44 77 80 39 81 2 39 73 66 31 9 77 86 46 59 71 74 78 77 23 89 77 4 55 71 45 68 39 3 45 75 99 21 7 37 1 60 27 25 25 58 33 53 95 31 11 18 4 40 94 78 29 71 33 35 41 78 54 32 80 98 
6 78 18 12 67 70 71 93 94 48 2 78 100 49 8 63 66 63 2 59 92 82 81 25 16 74 2 69 5 33 18 62 11 35 26 29 4 48 73 97 95 27 75 47 75 34 61 40 49 14 50 40 96 83 64 63 56 17 84 12 50 1 25 12 36 50 40 91 98 64 40 44 90 66 42 16 99 2 7 47 16 57 39 11 91 2 25 98 19 8 
9 20 9 33 31 44 35 22 86 84 37 25 79 27 90 21 94 41 74 1 39 89 9 77 51 99 31 76 96 1 83 56 20 91 40 2 86 74 75 72 9 11 48 88 89 38 8 83 78 81 83 16 22 43 45 72 41 75 99 36 75 34 91 46 24 30 47 62 56 21 85 64 83 32 51 72 21 10 6 50 91 40 18 12 82 62 35 22 36 86 
9 10 19 51 55 42 32 53 55 87 25 91 3 7 75 53 30 95 15 35 45 5 74 62 68 55 75 54 28 10 39 36 71 57 38 77 51 70 81 57 8 5 48 10 11 22 15 41 68 29 27 12 85 53 25 4 59 99 9 87 60 48 74 82 56 12 58 58 33 38 15 40 94 14 2 5 35 16 97 54 96 75 66 80 27 42 35 86 93 43 
72 4 42 97 86 98 60 95 7 92 85 73 84 78 86 85 82 72 100 30 26 95 5 43 26 83 36 12 68 80 54 91 84 48 88 69 97 47 15 3 91 99 76 74 77 13 58 10 85 9 92 62 55 96 4 32 78 91 43 98 71 48 88 54 95 27 74 91 26 88 46 16 39 21 41 15 85 98 24 69 58 15 82 12 62 37 43 92 28 37 
89 98 84 28 3 79 55 28 21 80 67 66 47 5 38 87 19 23 36 95 43 93 61 25 56 23 61 98 66 40 34 6 89 69 33 43 99 87 70 20 18 37 37 64 41 27 2 12 49 37 6 43 81 66 19 36 40 32 85 57 71 18 62 60 39 47 54 37 85 24 8 3 12 45 18 52 71 20 63 71 8 20 13 89 38 32 24 29 15 9 
86 85 78 99 96 68 45 50 5 30 25 12 32 36 8 1 39 30 20 54 52 28 73 17 68 62 100 43 91 14 3 28 98 33 26 46 100 23 47 4 52 71 68 35 6 27 35 44 9 7 97 60 86 22 28 53 83 27 47 25 40 50 52 90 82 30 87 81 52 33 37 3 3 56 89 60 34 75 55 42 81 4 54 18 25 81 70 59 8 17 
84 99 18 87 40 99 16 26 31 67 58 67 21 12 74 9 71 8 84 78 1 16 81 54 34 57 87 55 15 46 23 50 44 40 89 36 38 4 61 69 23 71 87 43 82 13 52 5 20 87 34 20 2 14 26 87 22 12 42 36 57 64 38 52 4 78 87 93 81 48 13 3 70 100 98 51 64 1 7 83 87 40 54 40 5 79 27 26 42 68 
14 98 31 3 50 86 80 88 79 12 35 91 67 4 42 64 7 5 64 65 39 50 57 93 89 13 23 67 39 65 34 4 14 17 6 15 2 37 3 32 48 37 75 14 93 16 77 51 73 40 15 63 41 23 7 82 36 30 48 26 46 34 29 59 50 86 74 3 22 76 35 69 64 61 35 56 28 11 58 100 3 25 15 95 47 21 76 34 50 76 
59 95 9 87 54 10 72 79 64 45 54 50 66 17 10 100 25 38 62 34 89 16 58 3 11 57 24 86 90 25 13 49 72 73 87 25 82 11 55 98 55 8 47 72 76 57 71 52 46 33 86 34 48 43 89 58 99 64 96 41 88 60 89 59 33 27 35 66 37 89 63 44 48 62 15 76 70 38 27 15 22 12 100 69 7 88 79 57 3 26 
97 91 85 37 1 69 16 88 35 4 28 49 99 76 10 14 51 79 3 29 45 24 93 45 44 99 84 22 7 87 99 56 29 36 44 29 4 59 16 90 15 44 39 13 71 100 78 73 79 80 1 23 3 93 19 47 43 3 20 50 41 71 57 69 58 100 97 61 11 65 3 25 60 93 37 82 92 15 54 70 46 6 45 1 99 15 47 93 17 18 
42 57 40 98 77 97 50 26 10 60 42 12 36 1 4 72 34 47 38 39 17 36 44 13 36 94 27 82 87 96 51 28 4 91 78 81 39 79 58 48 90 99 59 25 51 14 48 84 61 38 22 29 73 65 93 8 59 19 41 45 66 91 24 70 33 53 2 72 31 59 19 72 57 30 96 59 95 44 42 55 81 63 35 53 79 27 12 89 98 52 
85 15 94 61 36 79 13 37 50 96 47 20 67 55 1 63 13 96 58 6 2 90 68 89 94 99 67 5 87 16 56 24 31 1 84 66 79 96 55 80 43 53 52 10 8 52 24 72 99 81 78 53 22 97 41 15 95 7 19 34 75 26 57 5 78 40 22 57 87 76 36 30 81 87 39 40 91 14 11 89 46 40 93 67 37 33 33 83 92 3 
68 18 28 76 22 5 15 43 13 54 71 49 83 51 87 73 90 77 38 52 18 83 92 10 1 80 95 33 14 38 35 82 55 14 57 28 70 24 22 83 77 92 83 11 94 69 83 83 98 20 87 67 54 30 28 54 9 74 86 22 63 72 55 69 85 64 96 54 87 18 36 15 61 18 25 55 39 59 89 88 30 75 54 35 4 33 88 64 7 25 
38 69 96 92 90 80 7 85 85 93 54 21 59 15 90 35 21 80 45 9 67 74 36 72 60 91 5 47 7 63 71 44 83 18 87 72 49 94 57 34 38 62 6 49 28 95 83 48 27 28 9 93 53 96 65 13 86 21 11 44 83 34 87 65 51 26 37 52 71 45 85 60 58 90 8 86 36 43 33 14 22 93 7 26 88 23 38 74 43 1 
69 77 34 8 41 36 33 29 87 55 25 71 14 83 12 74 68 100 68 52 13 89 45 71 14 32 45 4 57 39 4 26 15 37 33 8 72 17 88 11 23 13 81 88 47 45 61 14 96 80 17 60 68 61 31 34 45 27 37 53 66 92 78 80 28 62 39 51 30 27 61 52 91 94 40 37 90 52 2 85 32 18 96 51 31 78 84 75 5 72 
79 70 63 9 1 42 70 40 45 52 18 5 3 8 50 42 96 39 46 97 75 77 14 71 27 96 100 63 22 4 86 1 25 49 9 26 42 30 17 86 81 34 43 84 93 44 77 88 35 74 84 9 50 49 31 29 45 31 43 18 86 28 18 11 76 26 88 70 56 4 7 36 89 49 71 81 45 100 20 79 73 3 39 75 3 22 3 99 4 45 
17 89 72 34 51 100 12 38 69 19 41 27 6 81 76 77 61 72 28 80 50 100 34 88 74 89 61 28 87 64 24 3 53 96 89 55 47 52 93 67 70 85 93 75 66 20 51 78 91 30 10 92 30 95 80 55 83 92 35 22 56 58 76 60 5 64 14 3 15 6 69 84 43 14 59 60 33 61 37 76 91 98 67 72 93 98 78 27 90 64 
48 45 74 24 4 30 39 17 33 54 75 53 89 17 18 99 76 51 12 64 78 54 62 44 77 6 42 6 32 83 70 80 27 95 3 82 24 41 50 8 46 76 61 87 92 78 37 19 80 48 35 57 53 48 53 29 53 46 87 84 28 8 15 6 2 17 87 25 10 88 85 7 64 45 93 7 74 82 78 6 29 12 14 82 59 66 62 63 11 48 
46 38 7 13 95 8 81 33 85 90 21 69 49 84 65 93 90 38 74 19 95 55 30 9 88 40 74 49 2 37 49 100 26 55 12 21 15 92 53 99 34 73 19 82 8 83 26 50 72 100 68 67 54 98 75 93 89 100 93 43 36 93 42 62 100 5 34 14 96 86 64 29 11 82 62 18 64 40 67 35 39 35 53 44 84 27 88 24 79 80 
66 14 73 7 27 72 11 60 85 59 46 48 39 8 81 53 25 44 92 44 30 82 78 83 77 13 61 64 88 39 43 54 5 15 12 31 38 23 91 74 33 88 73 71 95 53 23 71 96 66 14 78 47 43 60 23 7 20 86 95 11 81 48 15 95 59 45 85 33 87 58 65 26 31 88 20 35 62 91 83 28 4 60 26 99 19 49 5 90 86 
99 100 66 46 14 13 5 11 97 89 49 6 54 75 36 93 94 23 54 36 5 81 92 64 59 90 82 7 94 23 92 93 23 10 90 88 22 46 50 18 35 99 23 40 73 11 32 66 85 85 54 89 18 45 52 76 86 85 34 79 59 77 23 81 86 13 21 7 58 70 76 44 68 51 83 40 61 14 58 97 51 11 85 68 7 88 95 92 72 28 
22 30 4 97 63 90 9 35 48 18 4 24 14 72 74 96 63 86 62 20 82 12 82 18 79 40 5 25 31 28 52 5 9 7 1 23 48 61 57 96 30 61 71 43 84 96 91 46 81 52 18 14 63 51 31 93 91 87 17 73 14 20 77 22 26 29 45 26 89 1 21 19 13 43 13 96 38 3 42 18 6 11 83 68 61 65 12 51 51 80 
24 64 99 52 37 77 81 33 2 69 34 74 39 98 16 4 94 53 58 87 22 64 97 56 83 57 20 95 60 70 26 35 85 25 86 73 53 66 6 6 87 91 31 77 88 46 80 81 50 90 67 23 53 15 78 87 24 49 81 83 70 59 69 6 83 54 78 87 72 83 92 58 73 22 34 61 19 66 93 20 55 12 42 59 26 71 45 49 71 78 
