32 56 22
76 90 43 50 51 38 40 88 44 42 91 72 10 14 80 54 96 18 58 51 80 50 34 61 8 17 56 33 48 11 27 75 100 69 77 2 6 16 89 2 9 32 73 19 45 4 24 41 73 81 43 4 30 76 65 90 
92 72 74 91 83 100 18 34 20 94 88 78 61 76 79 69 7 3 87 4 58 10 96 31 43 38 34 24 65 50 13 56 22 39 98 56 38 15 89 58 8 28 35 20 56 65 41 14 67 27 17 24 89 64 54 31 
53 40 54 17 89 19 24 10 57 22 17 46 36 6 3 96 85 89 67 40 53 7 54 71 86 22 95 74 86 100 56 90 39 61 7 80 79 30 89 87 3 6 33 91 63 87 86 99 28 52 39 32 59 92 3 96 
13 49 69 50 48 76 40 87 88 98 66 19 79 6 5 82 63 89 72 77 76 9 76 55 60 14 86 70 57 40 65 21 88 85 71 36 12 62 74 100 59 91 18 37 96 22 18 11 11 41 87 38 49 14 92 9 
79 29 30 35 69 47 56 56 83 78 91 95 39 64 46 97 54 63 85 2 36 3 12 98 43 50 35 92 64 78 52 42 7 33 29 75 31 36 82 14 65 73 60 3 88 5 51 94 67 35 95 2 89 58 52 84 
59 38 27 22 16 78 16 74 62 96 100 93 83 81 58 47 53 17 1 93 21 51 86 87 37 32 40 26 41 91 61 99 81 87 73 48 64 40 21 77 35 20 21 17 52 78 15 57 94 15 49 14 17 86 52 53 
17 92 30 57 34 90 55 14 76 79 13 91 18 33 20 52 4 40 20 56 18 34 12 11 100 12 77 16 97 28 21 13 71 50 21 57 92 27 22 19 6 35 10 23 67 29 27 23 20 98 78 37 32 41 100 83 
52 76 99 48 55 19 12 26 20 32 82 11 58 3 30 63 89 91 38 56 71 64 78 90 61 7 27 44 99 78 27 50 53 77 97 59 95 8 84 66 91 17 29 48 72 10 63 60 100 100 67 70 15 96 11 75 
2 89 19 100 66 97 1 70 73 49 29 19 8 64 84 98 81 64 98 4 73 12 63 72 11 30 93 25 77 4 51 31 92 21 82 10 17 83 79 41 31 59 59 39 23 95 88 55 58 85 58 31 96 72 54 58 
53 99 34 30 54 85 60 97 5 41 6 74 75 37 14 6 95 25 96 17 19 83 71 28 68 80 10 15 52 16 73 4 14 6 33 67 42 44 15 99 37 21 72 11 57 85 68 51 9 63 20 79 46 90 7 65 
22 68 31 73 83 3 76 48 61 61 14 54 56 29 52 92 1 23 3 9 60 70 11 68 85 30 99 82 72 5 46 93 24 28 65 7 83 92 54 43 52 20 96 60 100 48 51 100 22 5 60 81 75 70 1 11 
100 99 92 71 3 89 15 26 16 79 84 98 70 38 92 74 9 88 33 8 87 35 59 60 40 18 41 66 39 41 76 38 39 67 60 93 7 74 70 22 4 54 20 26 43 11 51 51 50 35 10 88 69 20 48 60 
89 40 25 27 80 52 17 70 18 28 62 24 54 31 98 9 36 69 34 30 31 36 32 33 70 93 20 39 12 19 98 100 58 75 79 89 26 47 58 96 74 19 71 79 2 68 88 89 88 21 19 19 57 2 51 78 
95 22 68 6 41 18 58 50 92 36 39 17 82 48 64 7 19 35 86 72 54 25 60 42 97 30 60 5 32 10 83 26 83 50 83 23 67 40 25 10 27 15 79 60 62 42 67 32 76 4 3 82 28 15 23 24 
44 34 29 27 95 63 52 77 12 87 52 79 26 76 88 5 42 66 64 3 60 82 87 87 37 89 68 64 3 42 40 99 75 20 25 69 82 29 46 93 15 49 23 92 76 63 96 17 80 12 71 91 93 57 78 82 
46 45 45 100 87 36 98 13 7 75 82 88 3 79 33 69 79 7 12 54 21 60 70 53 71 40 43 15 97 20 96 94 17 93 45 3 80 95 67 87 69 48 26 23 78 58 91 56 17 2 9 37 61 30 89 83 
70 32 98 18 3 45 63 19 37 7 73 17 1 40 55 21 39 80 43 17 90 85 24 6 39 85 94 51 14 83 34 35 66 83 4 20 27 66 39 16 25 11 84 77 50 90 98 89 69 92 57 58 77 32 15 15 
68 9 17 34 43 50 20 8 84 24 79 63 41 17 30 65 28 13 94 29 54 91 69 22 82 77 32 10 61 46 24 28 54 41 61 96 42 81 55 78 56 34 40 96 2 69 13 81 33 6 10 86 48 30 59 29 
59 90 39 19 88 14 46 41 6 59 89 100 91 95 77 98 80 68 45 34 88 57 14 72 14 75 9 61 5 67 42 63 9 80 81 96 45 78 88 3 88 28 2 78 75 30 27 6 97 72 39 84 28 53 7 94 
27 15 54 31 33 95 45 41 26 77 88 23 55 28 25 94 7 26 72 81 7 50 87 3 21 77 38 1 29 44 94 8 58 99 90 90 94 35 83 71 11 22 45 17 49 69 11 56 46 34 88 52 83 74 54 56 
3 43 56 31 86 49 90 95 99 80 37 92 66 71 15 28 92 59 45 41 80 7 96 25 92 83 77 74 9 82 81 11 77 36 93 62 36 35 9 35 14 97 78 79 67 44 6 58 3 2 98 82 8 45 58 99 
80 86 25 88 20 57 50 96 93 94 9 80 28 17 66 93 13 96 71 79 39 29 37 93 30 86 26 90 31 84 40 10 21 16 49 40 73 50 35 17 43 44 48 23 12 14 15 77 61 38 55 99 66 43 44 47 
81 69 88 11 4 28 20 25 43 20 64 15 69 51 83 11 94 31 85 57 44 52 33 4 89 40 54 6 34 49 4 14 70 92 24 73 71 95 49 13 14 65 80 82 15 62 45 60 92 81 68 87 32 1 42 72 
92 48 29 25 96 85 91 65 76 14 90 46 61 38 10 26 2 41 60 68 3 56 79 46 36 47 33 20 99 26 91 90 73 72 14 69 56 4 33 83 70 22 80 82 12 89 7 65 30 66 85 84 21 63 29 9 
9 13 28 7 39 70 48 63 93 14 31 48 69 16 30 38 89 61 71 100 50 78 17 31 95 1 14 68 63 94 76 24 59 55 82 49 76 30 11 69 95 94 68 63 9 50 53 49 10 23 1 11 52 17 41 47 
69 6 14 83 52 41 6 10 47 40 10 22 21 72 42 15 65 10 77 25 11 81 74 20 4 74 31 7 42 23 53 10 29 18 92 80 58 50 41 56 89 50 78 9 21 19 75 38 80 3 62 90 84 87 62 39 
60 44 45 53 66 50 62 46 67 6 77 77 55 17 32 95 18 9 55 91 80 29 80 11 83 41 1 66 28 14 4 39 57 1 44 22 50 57 68 16 62 44 44 68 13 76 62 82 36 16 24 67 96 3 78 79 
44 30 96 23 43 52 13 99 52 56 72 1 13 91 68 26 87 64 94 99 91 55 32 78 23 56 97 18 58 74 48 53 55 44 75 97 95 40 47 46 95 18 98 59 9 17 85 95 32 78 45 22 84 76 52 6 
83 48 76 41 21 23 45 27 66 20 23 12 11 69 9 57 86 58 16 46 27 52 40 58 81 36 32 16 64 83 22 46 82 49 38 54 23 83 80 41 54 2 52 64 22 61 20 59 70 87 5 96 90 96 6 70 
32 89 86 47 71 59 92 4 59 30 57 81 12 36 21 65 37 73 28 58 85 99 68 6 86 72 2 75 68 59 97 51 47 34 97 69 92 40 72 50 69 28 30 32 63 3 96 51 75 75 60 11 26 27 16 63 
99 69 37 18 27 85 20 73 18 68 93 61 7 64 62 28 43 44 59 5 46 7 7 20 33 66 30 58 45 97 20 95 66 9 64 92 93 83 17 63 2 61 23 8 25 85 87 19 28 46 76 25 4 82 44 36 
100 25 46 44 21 17 90 38 25 53 30 70 35 98 84 88 58 6 95 34 42 82 53 21 79 28 45 82 61 40 69 60 64 66 55 37 83 44 74 59 96 55 80 82 4 63 69 62 21 16 47 62 49 99 83 27 
