245 51 21
71916 19141 45237 56110 68457 744 89365 72439 66258 81083 49456 61808 15973 36061 98699 73757 1409 79411 98522 75096 58957 86135 33482 88497 22232 8772 30050 81735 93968 49052 63866 82235 68192 9103 38344 53001 9846 44060 41791 92455 41495 91246 54262 57467 43658 69312 31223 61419 65074 46096 36514 
24031 32230 69995 28879 54461 95118 75280 52548 89086 24332 16413 71320 8875 41867 26016 61875 68064 86427 20017 76870 27921 11262 47483 85388 54920 16795 32962 16338 81868 79058 69203 22250 27639 39197 51129 98452 50666 26408 50999 39751 67091 83763 27423 92318 41982 53438 70544 26397 56216 90561 3267 
84137 1822 50749 69524 73093 67543 18837 5782 49411 14246 74984 71660 41885 30532 39140 56688 81198 81900 7686 37300 65342 7800 81074 57659 49781 50863 28203 76178 7079 18763 95796 91215 36936 46544 77090 26381 14087 95926 32162 79849 26524 23498 67860 68408 54029 23352 41447 51578 5251 65484 5230 
70592 73283 86303 44603 39416 37166 72805 31945 60596 7919 27740 51810 61206 74283 45251 87586 4721 57528 19748 921 84051 59597 68781 68810 13625 92132 10256 81555 13734 75739 86784 677 65374 89438 45279 4789 42955 18083 36733 3550 42353 80824 55359 3559 55106 16961 91144 76179 74489 27243 77099 
58539 3191 62231 43701 16816 70714 53956 14722 84447 46047 17857 85124 11420 7294 46754 32560 50249 64837 69292 53798 23541 66467 25509 27099 37924 42469 34595 14102 16957 78189 7553 91848 81380 86135 35548 14547 56849 5855 29268 57647 51901 47124 42770 63320 70769 5876 95879 21017 70712 81522 91167 
10604 47988 33027 54055 85912 75495 88649 16365 8804 83189 40269 651 80920 26404 36198 95466 83252 58404 41085 40898 10305 4560 20 89976 75329 5895 85855 12697 92958 83728 20215 19913 48068 53241 73967 50331 28736 78967 83047 37539 62156 23316 54541 43075 49719 7090 38541 49322 65493 95977 90219 
75797 537 6590 65773 75865 28836 67979 4913 38145 68058 25128 58058 32477 78368 32024 82807 23455 10991 82206 60993 89498 5521 31885 32572 71591 38974 87464 20912 4467 83441 27482 96615 329 34072 78739 92545 79259 46717 97457 33756 31127 38936 91813 63603 17304 40188 62762 40758 67530 44967 18103 
57027 50487 49987 89599 22077 88961 93414 59340 9779 93206 86821 22745 93534 37244 1484 86078 16503 48200 99887 50258 95678 38822 58422 59281 56125 98609 22042 13235 66139 67008 31337 39517 33846 97675 29115 72274 2987 38881 31613 12765 32086 34785 35510 41972 72029 36993 44401 4883 1544 44287 71492 
97222 83109 29913 72854 55585 44873 94895 68819 27363 78254 16507 66880 28451 14182 12346 724 33520 67578 48688 62637 99664 83472 98146 57987 71852 51490 2387 76734 69385 46674 48225 82958 46134 94489 55811 18070 55714 67057 3241 83076 45310 19747 66307 90112 50280 95005 7187 83800 62582 55874 62788 
78597 55698 77285 36583 27549 28774 38970 20635 14510 1995 85211 97468 64480 96052 69630 82549 51765 36687 85789 51192 98348 21888 33851 88460 88519 28855 95646 88670 91436 67872 51457 70033 39921 28741 6615 83821 57514 61936 4455 88376 63930 6018 2195 28409 2069 71824 27310 53833 24862 13098 21376 
39562 34985 55226 28021 23504 432 40018 12173 91868 24241 63630 61900 64161 92370 84866 47982 66236 63154 68788 70963 43435 74805 73157 88196 76873 61332 15505 47057 2546 28602 84785 42107 79939 40010 86479 19794 40442 42848 31966 48661 67089 11947 26912 47601 20669 28129 95582 3256 91282 64370 74218 
34717 55526 63726 22912 32399 41409 38416 95807 43954 83369 80591 2412 63307 36953 5242 83100 93746 48090 31418 42406 31530 43364 69317 79130 80384 13797 74712 83639 5079 55433 57856 56147 10958 37933 79058 59708 79342 33825 55515 39647 17193 36105 58411 96852 73057 63652 79951 66802 11741 11368 25559 
59622 71084 11227 38752 51467 25024 29815 51458 46454 1599 9313 2600 28908 63598 98009 88616 42939 31833 60482 98937 49025 12938 57347 45876 85995 20999 42179 69148 49091 69898 11059 8713 57333 22285 47464 8800 63660 93630 60257 26465 95228 85921 29064 24135 65870 27072 12750 8808 58904 89583 24097 
24281 2521 81443 86508 4867 2441 28686 90366 67884 14936 1424 92948 72268 40061 56763 97419 20072 50392 74027 46537 45619 76300 75600 69753 42169 19024 98855 67329 94279 88437 91425 18559 90957 72867 21419 12175 91660 66456 2541 75895 81391 3964 68842 53659 60376 25604 67429 80448 75995 41456 26984 
37965 17755 18935 7717 59923 37958 22923 43603 32237 27712 35027 67147 35020 24246 88565 47195 32257 55021 49735 8151 52763 53698 93344 22773 30426 18947 90202 10873 11293 31657 37856 49257 65763 73142 73325 25685 11100 96248 85640 59688 40311 20666 43186 75330 61263 48103 38876 93519 3123 88610 18021 
72237 58660 11364 95010 89085 30310 85211 99957 57954 33219 54164 7210 98981 27305 80535 41017 54756 93134 26656 30795 49796 63674 90333 25125 24936 38435 64001 18455 57909 68962 52827 30145 27621 64191 25154 33057 10852 26716 33013 68806 59934 3528 76015 75266 47185 72901 16283 18292 82386 42938 49087 
32181 22963 39419 73658 47899 77853 54010 82705 35761 22971 35531 82257 66944 16073 23763 100000 26925 50478 49365 95730 26764 52892 88096 18381 76 77349 34663 18368 59734 93953 83806 8267 16915 39576 81924 81165 33780 52285 63869 69540 75255 15752 68148 58550 31824 91910 58550 58748 58740 7914 70829 
1855 60805 75277 20235 77233 52625 54898 11952 28710 65202 95757 36976 98468 35332 35251 79633 69111 87535 43501 55002 79142 59252 39501 37691 7428 31411 96240 66175 6502 4153 37004 8356 81310 12280 28590 74894 81256 99839 86845 9965 81392 98953 63293 79860 50636 98543 59492 36098 86078 19344 91099 
65219 94948 46951 2909 2375 78361 15501 84901 1214 36005 21904 9569 17314 50535 54511 8559 31790 70701 95403 58107 52093 94355 21399 48304 44990 19941 7795 81087 22370 43490 88537 3940 54789 51840 6849 57163 46552 22349 42064 47766 74705 80319 73686 92019 47206 28196 577 95347 15249 12332 53453 
83693 23038 74851 31996 84380 11144 56142 81818 33513 99631 86707 37453 70772 38546 60653 27934 85097 99353 86349 32862 74057 83020 6548 82427 30225 51095 99356 41923 82695 11687 95376 66387 51076 86578 98382 35455 97721 70875 33625 47586 86858 20331 1390 57629 58876 62042 1914 43972 77746 4615 93186 
68154 87634 16085 50581 34210 83531 49936 76132 66226 77974 87859 32612 45401 74437 47346 97208 88509 34572 30832 52446 21429 51162 53835 79057 26389 32228 97323 86712 26325 1937 79897 94479 5922 95981 45059 56483 95864 11346 48966 62089 5671 36825 11052 51071 27613 58397 48278 32473 9321 95461 84919 
30749 46622 55105 26158 89362 87333 23480 76074 13657 41768 72322 24487 47689 68303 69545 4171 80518 97242 53136 42606 2912 6312 53657 70335 33924 28406 34964 66397 37726 30425 67667 84826 93398 22771 10983 82760 26455 34462 58833 56464 76229 31154 80950 40269 15808 66847 44439 96325 64088 13927 55282 
83352 20238 8939 53686 54162 53696 5001 36910 91421 35425 4576 92598 45175 43698 3581 27934 70153 54394 3118 26616 46975 50623 23917 87243 66431 90763 48034 79107 71203 61960 34389 54554 98549 59679 24591 69062 13374 45943 5971 21146 97720 26898 13743 42894 86948 33675 70827 57100 88069 90296 67 
35043 40918 40335 38637 7348 31098 86670 2807 18652 64981 53547 89557 63530 13225 30499 48943 42950 76441 71266 64095 74160 98163 94189 17053 85110 27864 4231 58561 32284 94526 74979 67326 51796 15314 22314 75495 62763 8984 78301 81414 90316 31847 87322 70197 45071 17820 19140 4372 94260 90405 68466 
68420 4919 79007 1824 90029 23222 22407 64941 55505 33284 39920 39182 85079 71585 61495 60574 50699 86830 38874 32112 77146 87073 35785 47342 48495 53604 66481 52867 47863 56885 37684 32634 78156 16690 50810 84536 39911 73216 49476 11767 6499 5747 50948 7930 93683 28795 68503 44381 15624 23728 76492 
92769 10800 28628 56463 75647 82231 39295 28513 46446 96180 66196 79079 90687 99238 46240 75222 55500 19455 24697 67267 42306 46796 34566 50235 40478 63360 35089 84859 78984 58816 77702 88104 85968 6330 44566 61614 88560 83861 6478 35005 96392 72673 30436 87078 88262 76675 78651 43762 12482 3347 27380 
71139 66494 61945 21373 6972 25305 72813 91830 20640 47980 85883 25095 33947 92212 86013 11912 97124 86225 18389 48480 98968 7414 78915 2397 95675 71942 81047 55788 84423 745 83167 55561 67239 45112 93285 74210 86768 82449 82391 23759 30428 68273 65205 80727 76837 51217 8990 73960 37441 27379 38791 
52760 51144 17706 55156 46818 5999 52554 18958 6773 53299 2124 78685 20537 63587 71969 94746 50354 70769 93488 90464 1196 78112 55669 98274 54948 23237 7264 45259 77030 34642 84050 29789 2137 18107 1297 65306 24105 53850 84263 30877 7148 86387 9561 27684 49973 97881 38781 16679 85001 48620 23494 
86196 26732 95514 822 81679 18751 8085 43290 95780 59078 27339 41920 61214 61797 43216 26519 2253 97066 10782 49481 4213 13520 75393 48249 79844 89625 3381 12874 74625 52001 36368 77172 78732 31881 77993 76762 66983 86077 20051 62762 45154 63741 4682 6367 41889 47897 49238 44141 61314 60019 93621 
65527 89890 85365 30127 69733 74989 33507 82607 49613 1859 35326 26785 80590 83558 4777 73704 50541 7206 10106 29654 52359 90199 34335 75078 32087 98584 24315 76228 59897 685 86200 41775 90574 71565 88253 60306 62905 21760 59264 12518 23618 94589 55654 20560 78147 76782 94263 45039 83987 20720 74692 
52698 10918 25379 27775 43005 40314 52089 35584 210 69125 21783 58337 59698 9699 46589 36355 72604 84700 11971 1473 24670 6559 73478 45229 1057 50259 55843 62447 50598 92914 37139 3295 3832 62517 31069 46836 2830 99509 82419 19391 68633 20553 94079 44682 46604 57020 81036 35559 58071 93006 53383 
82740 15917 26860 44320 33325 93470 16514 95772 44067 9428 32910 47361 13259 11778 94781 76446 14607 94289 75216 50349 79273 12120 44428 23954 58723 17799 4990 10633 75869 14347 64015 58609 30263 90874 19280 63588 84344 35794 59359 44762 45221 8620 92123 74831 20397 3255 51276 51355 97544 26491 1703 
76816 54962 62482 770 13685 80280 22111 24317 56149 36457 4684 31109 83072 95557 50388 46659 96252 86181 22369 41014 47753 30988 49488 22583 51384 52742 90210 19090 66637 33052 20792 59805 88014 99626 60574 1698 79905 99036 42366 52405 51844 47049 83513 34915 58958 50253 81573 71561 36433 20293 12574 
538 51280 78413 39472 19015 47507 29682 38104 14143 62733 75248 73947 50746 74873 50872 68795 71129 66259 27513 23534 18103 90913 23398 53017 49870 73650 50942 21431 26435 71234 50356 26972 38866 45121 66443 57880 92627 12476 12336 6769 75209 3935 97068 42306 78807 64291 27453 49935 30550 54965 89820 
48652 45877 13218 1668 12099 86867 68961 49881 13301 40195 236 56624 79060 45356 39419 53291 37982 51894 81978 61103 43454 85912 74522 2112 64718 38812 45916 31005 69361 880 20824 34364 63108 34041 52384 91558 37260 21344 41438 50560 61538 41674 23536 56949 3381 79306 10240 57715 47551 92217 35169 
7357 78129 9690 9468 59198 64853 55383 90202 50566 72614 27378 84929 52073 61418 53664 43631 98677 75008 1420 65589 52897 59445 5476 9846 62826 84781 36437 36892 32331 45005 72060 39687 39485 98101 65506 98683 62953 20888 5236 29870 9853 32613 14799 61926 10383 84814 21908 9059 59821 23327 90999 
29070 99124 96474 38915 61949 81254 91703 98840 29937 36707 87251 69623 76192 85351 35129 91226 64655 72368 96461 94525 98573 45426 25675 76850 55808 10488 15109 81218 86661 54787 72217 15730 53910 68690 70996 15858 49944 62698 31049 96232 15756 34651 65854 8299 20001 17334 99524 84656 6054 12337 95532 
20978 74114 21206 97827 29921 31693 12935 27490 18353 67721 99706 34082 21631 68396 21429 53840 34691 84126 1241 30922 16234 35891 13127 24532 55892 46813 40408 56899 52866 52744 68782 90195 43209 89987 88021 89481 38031 955 16970 56384 85027 16676 6817 23009 1423 28246 76849 52465 28723 94441 99738 
44956 30331 12864 69488 2574 76028 26247 75824 45245 78990 44605 35439 38550 34591 23459 28030 72622 40765 44999 45357 42144 78026 68525 65152 95800 96770 58352 48264 41845 52792 48001 86800 83123 77217 72639 85696 69596 98885 77872 14841 94226 22476 50279 49127 73419 90090 77156 62392 30854 38507 7748 
72997 16532 76272 54501 28684 89394 12852 76947 31238 65644 41300 34389 65118 34868 23380 67165 4463 38616 45036 19303 49194 83864 85934 98320 57282 76023 75476 19673 23228 30334 43772 12577 46865 20043 67077 91900 25788 96280 68847 57025 61923 26498 7766 43392 61365 31145 10557 65827 86112 71944 1482 
35305 55807 87415 33625 29440 63437 9100 65464 86664 39433 9235 99240 2649 29278 82668 94549 55065 78948 79747 28442 57222 6244 52559 614 67608 55 27522 49786 86166 15817 51267 21471 87976 38681 55095 17415 18469 80546 82879 21485 36330 8465 20724 55330 37742 19744 66230 9159 98691 45976 53952 
55912 68571 6510 72877 52530 6564 16750 2316 9081 32567 69934 30551 20542 24967 1997 54308 59787 98894 53538 81271 35223 62003 1995 90553 16096 21738 56782 41606 36780 19110 95557 9043 87680 18418 81920 40210 41333 98669 58877 50414 47587 45162 97316 84480 70128 99313 55140 29915 98206 8677 27537 
49781 87031 29531 56685 19479 67620 13466 61084 20751 48927 56641 29794 52959 75058 11713 9520 32743 26733 68396 83156 74320 29909 80471 75151 16389 96135 30290 62655 94341 55319 90191 44121 42349 36074 17157 61827 3693 46974 39263 40796 95901 95903 70589 48859 87312 82301 74730 20054 25385 59477 19561 
16056 89385 32 91207 5773 96166 21496 68427 6858 93166 58618 67330 51867 94691 84486 13693 14735 31460 69307 55530 43712 65209 26118 92570 68873 24770 83651 5278 66507 43127 24839 82562 32511 41222 90120 38284 53739 27968 23062 76949 21133 98031 44278 72999 92721 45116 3044 23808 76575 72350 95689 
20286 53911 38159 29207 39135 79280 12857 44412 45786 55983 85602 44700 4845 26823 34819 59480 96914 62786 82542 73862 271 96924 18139 73269 89645 79606 76312 29804 56180 65014 25492 92817 18924 63650 38375 58058 42930 67583 18821 5067 39917 4423 49766 61114 47597 937 20593 44510 80074 19486 34723 
80344 16410 69214 53613 22406 48819 46276 52209 21351 27641 94052 30519 62916 74054 68894 20973 16983 52828 56146 38401 9097 60568 4519 70210 24516 5455 90802 69026 85528 10288 3748 82224 43049 72961 35836 65454 38132 98463 17662 59482 42456 28065 90000 5371 2118 75245 26344 35452 44425 82489 73853 
53521 59408 78371 23730 83923 177 14531 69300 2056 41170 89400 84279 84218 78712 20114 49671 16843 34929 83684 76324 77384 28101 82676 82754 30218 74272 25449 65670 18696 24289 39522 72216 48 34244 12297 83971 34420 43180 53270 36475 84349 59021 37106 84919 37733 73571 50941 54575 8499 50977 47251 
2234 79077 46278 1340 9294 20549 43140 74963 39245 83781 30836 27812 83828 81431 40109 84150 15850 83288 53772 68677 83988 12792 5782 68906 50524 79352 36199 21451 4203 87175 68701 22788 66251 31330 24127 91896 51878 83619 66859 7474 67399 14046 51638 67578 95477 8098 51728 27678 91385 5499 12706 
91724 18290 34839 76982 85166 30543 13180 6616 34745 16706 91668 73884 82956 22997 14363 91203 74874 97981 58061 98700 81731 88459 50337 49308 83935 58434 1035 27964 66170 22885 40670 74245 41175 75508 51226 42692 6050 80757 49307 57146 97462 40974 31030 96769 80322 45392 87972 55195 59724 62384 70246 
41454 50842 20582 7113 51128 95367 8148 79092 77888 31032 36113 52133 88558 27972 19710 47601 34022 467 96907 7519 97928 54232 54900 11049 34553 291 99020 6100 76366 61403 76345 34171 28597 13279 41284 79724 24997 49431 75167 2885 96814 11279 71369 1724 39251 91078 49324 89624 91544 62583 13494 
5824 33166 68394 16872 67719 85036 32243 90170 61402 9997 82866 95572 38593 96144 36855 34669 21141 2637 9835 40377 15803 37466 11745 33878 93068 19174 99553 99043 10718 62135 12536 32893 11653 80929 66116 95723 82317 14710 85892 43718 24706 68757 55641 63299 81253 92496 97967 18745 11484 24153 59121 
27286 77970 87217 61163 87389 6390 60716 86431 33459 39202 15319 82703 50854 12599 65170 46576 94915 79879 48819 38632 4585 33928 10625 67883 15180 3120 82201 33924 14603 22705 9396 58241 675 12964 35755 88063 35705 12822 90846 85516 68376 6164 68218 35581 35114 33388 98509 30029 29618 47327 85012 
34202 81254 95636 18436 96433 15107 636 46708 46062 23341 72455 4302 24015 1770 56408 28429 37475 69230 19274 22990 53957 41789 7559 89537 76903 57298 88045 23283 86916 35372 8294 21117 32977 20282 39553 45762 35388 40188 8821 81449 79880 81276 2102 20246 99397 74862 48675 36871 60443 84300 76212 
14399 42441 83771 3935 35695 41068 8332 58977 27983 43703 83622 65452 93031 3903 5004 38792 39291 61543 47613 37091 57775 45240 55545 78020 44636 30406 43046 97859 7200 43698 74070 21598 86138 74192 25532 38184 15260 33863 97160 59594 93917 80781 25045 3300 1036 30048 42091 56678 7943 6055 93768 
65717 67646 65664 43736 28634 12421 3134 42844 19620 46831 33265 41217 49320 7457 83101 87503 39068 33315 1014 98661 43584 81794 40058 46883 99181 86457 5325 55858 94399 27732 49626 76467 11729 31641 36555 40362 44062 39688 83205 80033 2870 32822 37602 52189 40278 37054 56043 79345 86720 57056 94357 
46655 55201 50766 9889 54382 37223 15214 10239 47973 59297 76216 24440 71025 7857 60994 27739 68270 681 27295 64654 19902 60116 2255 72090 393 55660 28132 96089 42380 1539 6798 89034 56739 57563 98923 27472 11137 30488 37711 59110 6136 30278 83549 93512 38134 44542 21250 22755 61574 48545 3761 
81475 25012 6015 69916 41757 78027 14399 54197 20406 15937 60994 25791 89027 34909 41065 16499 46045 87904 54209 5154 94039 838 5054 87551 38972 65947 25152 78078 27520 90048 81838 25346 15060 4205 95261 56816 82231 26011 11012 18988 41947 88358 61130 47326 23266 2195 63824 85662 90098 34384 7168 
489 35221 28573 4391 90544 94520 29542 84974 38391 19590 66811 63737 34649 87367 75349 7816 85949 1360 18827 21288 59658 7184 82418 6983 46801 84612 70806 48815 91061 21541 72334 7901 56762 906 12291 47305 95425 58185 48630 33816 94126 15441 13904 45126 19159 89252 52941 21460 6963 71767 42747 
66621 95303 25164 89955 58455 26127 60761 7269 33540 98653 95954 41440 55414 13212 70083 19071 8636 28267 67700 58803 22392 99492 89058 83869 35003 94662 36809 56462 1624 24927 99208 84596 20229 40724 74551 78684 66850 51663 2304 389 50315 14610 58181 22081 27821 28263 41151 52808 72881 25202 27963 
11624 41046 17020 95492 76048 28033 32300 32509 46009 57226 48068 30604 93807 88791 21506 72490 55641 89520 91145 72381 39835 22106 30561 78267 49926 58823 35769 19086 31703 60970 47048 43326 2015 80419 55169 94414 8452 87468 43274 54460 61046 91342 1415 54852 80132 22921 43693 52124 28792 34837 40857 
84978 73295 71417 63244 39572 46592 99012 58657 94646 76334 5704 54324 78348 86123 9492 89114 10926 13312 32387 81737 74357 23728 83151 29208 20212 22423 72900 88687 51215 24088 29543 36192 97382 17312 15788 36954 63903 14799 95610 74900 91132 17666 29223 85832 20140 55067 74945 31065 68378 7331 12801 
42734 47411 95951 71941 67622 34726 44840 72660 85940 68927 18555 38483 66309 35866 54270 19614 16120 85421 15223 91019 76552 32888 36594 62383 69379 91660 53679 443 60037 61010 29595 19122 8420 41898 91062 92393 76623 35901 65052 78914 21179 99958 33748 3839 35823 88018 23452 68294 73438 55027 75665 
66341 4266 12258 45076 73645 20269 98754 90439 96657 76115 20034 15778 84534 61931 23191 93278 54905 75443 74682 33818 96621 74639 67565 16812 26814 71934 40263 95107 61723 11641 70771 28064 15907 99380 89491 5903 36000 88244 96341 32656 64359 32726 64785 65244 94656 87975 74874 65912 79769 49555 99729 
76390 40545 83646 93201 67358 71931 49815 62465 33654 61456 49587 78069 93714 65319 67559 99616 1318 72154 12308 50326 52864 45034 15110 34460 56041 19437 9333 21953 99205 75239 38033 91946 15783 38030 1498 83141 9961 51313 61957 59966 29120 27895 54386 39185 93213 38296 55152 94531 10449 67459 61208 
79665 28844 76317 14124 84885 12105 23456 23189 27662 98694 61221 19607 14476 99251 37457 13968 25563 5121 92276 85528 34240 20171 39913 89776 29735 78208 44927 40617 5008 28737 1824 84672 73933 78141 98795 75169 6597 22250 98357 34258 37295 75929 70217 51771 91531 7673 82090 17093 12793 74366 2620 
63384 10888 58884 53159 40622 53443 14437 81239 58451 59525 83062 43122 33457 77554 58269 8625 84151 80518 23333 34760 17813 99262 21328 85935 90792 29000 84376 7885 58144 58741 26856 21527 85980 2092 91037 26602 55534 21825 24192 13984 81350 7253 73458 31158 1159 31726 39783 1661 28595 63115 36420 
62759 62376 57748 65045 69520 3099 49421 93756 77595 8161 20611 15473 10493 22702 6510 37094 94588 44686 77637 24923 42387 1241 98380 73545 2399 46457 13327 4059 75052 92793 56831 37810 71521 30930 2855 41040 50380 68627 34795 27974 93139 71757 43447 3631 10811 66308 40724 5398 10993 18360 30320 
53380 35953 45052 26924 38351 91508 56602 58762 82911 49394 31944 20721 20914 79225 39927 78305 29604 24905 13099 57578 18043 84856 17376 21674 12018 83683 62397 17415 11027 97109 64086 80758 49413 9137 24033 87763 16997 80634 46524 99907 46380 94819 36979 67293 74043 93257 61950 3647 18161 75048 77576 
36204 76255 94951 57877 88272 94985 36625 22038 6011 50085 86124 3121 99497 11612 27153 87260 44960 7787 50135 44867 54166 61306 81845 37810 35348 75102 99759 38994 9614 91159 32921 45817 67413 44223 3693 72037 39207 56670 10426 61570 6754 12901 64690 6251 24513 91842 9862 69472 15980 76348 30690 
86497 37653 12535 40659 89353 3988 56769 28346 29953 47927 77619 75770 31692 21841 95814 20080 61048 52483 30505 38969 75589 43406 3658 98191 84270 11851 24404 70093 44183 17103 783 30679 54756 29669 71337 44108 50008 28106 88805 79960 92384 66423 55729 40427 4616 67895 60506 82015 36729 91011 20983 
12317 34416 40992 26859 35037 69194 51262 5129 13376 68365 5911 60407 39472 35579 31743 99931 85586 76200 5087 65546 84936 71510 37626 25362 92477 21872 85868 74491 58601 93230 95473 87269 43997 52816 30480 79033 22009 81741 84161 51737 66457 90072 12143 22280 42002 60237 22210 27588 36437 27297 9485 
37724 15158 47110 63085 7634 68982 65304 82124 43934 58533 93948 47554 18881 63115 78033 97913 85123 59774 82074 53211 42582 88497 65353 64862 30498 25590 3423 58085 78378 30719 67569 16101 62228 31031 95537 69861 16364 77193 68336 76649 52077 78635 24202 70958 41749 2235 68870 43224 78360 67295 96434 
37293 55791 78139 2154 86289 3728 5577 60725 82105 52647 44646 14557 14875 92028 26445 1087 8391 3637 69423 1391 72066 64409 25592 43023 22510 44178 28244 65733 38889 95539 78518 76182 67681 56656 94687 70321 76735 16615 31046 58839 85614 92043 89747 488 84070 32544 17926 8812 52532 3700 26554 
24597 68109 52145 67619 90618 12675 12215 72702 67915 7753 51219 60448 91785 24227 55135 62106 961 88101 9503 76152 73714 17897 82250 90553 1966 14793 8479 27129 67325 28530 53682 91921 96638 22178 75892 3607 51204 4458 76308 19119 12210 43879 79566 20346 68105 51052 82451 85417 55505 8305 61568 
29218 26201 43818 36123 44518 58610 60953 87998 42286 89482 58031 50559 2472 96561 26450 6078 47764 30907 82386 83234 59468 42616 79152 96165 10720 30203 94968 96136 85707 3272 74056 31277 45825 17873 83751 6694 92834 44703 94692 35120 50536 52722 85678 53007 49282 28479 59085 13398 75737 57822 96631 
51556 437 75782 47720 27508 22337 42687 39995 24395 62311 14050 55671 8135 31922 55773 31180 24756 16827 25871 76227 67363 94945 61904 36721 60578 6734 95805 73975 82470 69978 86958 50377 70414 62739 98096 97921 1427 57135 37916 25822 19445 51965 97844 43931 239 53617 75110 41346 70443 17333 17572 
54157 12277 95827 90878 72854 18912 3034 63181 17733 73012 50138 68109 43425 29228 66204 57698 30655 23338 11965 56476 59134 63929 70671 19416 80519 24287 10878 38216 11082 28210 72139 81590 56838 84317 72467 29691 3228 75501 9223 20960 64864 59360 89068 8288 88588 71624 82337 35594 11313 94301 92069 
70447 74582 62739 6214 55100 3378 17091 9668 30811 45300 81806 12400 18489 66123 1219 64532 69350 93071 73754 6662 57934 33114 12081 82573 38053 83704 64910 73646 95017 75562 82066 81815 50143 61156 88028 21595 80885 21471 31262 11695 83122 13067 40447 1611 79189 58017 66142 64891 67439 39895 71552 
25372 89360 83632 24296 27412 83688 5557 17409 78704 81119 15826 76870 31261 76982 64897 52855 57866 2719 84116 85913 85841 13535 42711 87451 92723 727 53592 73965 68165 93486 45516 9888 99198 45500 50535 26609 29187 56092 60370 24242 37210 76195 1111 84822 53176 82359 54029 27394 85078 54496 29658 
70918 68030 72368 58368 77105 89446 11959 51069 57610 21796 12937 83849 20993 58436 34383 63954 87622 90474 24323 11863 44035 16869 29325 45209 86397 11683 99237 13790 96760 53732 59799 67677 38114 32166 42396 15218 21611 70706 66286 95572 92502 79222 79420 29846 54009 30154 93799 57982 36980 34473 86196 
97366 51342 15520 42574 54090 27203 41810 84231 40314 11894 44029 7991 50007 76194 66738 81576 14156 37444 64213 26079 29945 59787 21850 76142 13795 52003 69941 88129 88982 20765 74324 86348 88458 89844 45273 42547 33398 87083 26777 73711 15328 70805 98053 81686 63350 64791 63261 93857 18586 27473 19935 
64882 3611 41784 41023 33758 93787 10963 21886 99120 48080 96209 1819 36537 2404 47092 95436 52153 50526 22212 25864 65853 9369 40268 63890 89070 21410 27150 82927 39995 70974 2861 4876 90937 60997 45899 24694 71135 73213 46579 70254 21292 42787 88425 74181 61543 35516 69616 13695 86041 8179 55910 
68245 33899 12530 32134 22969 33939 75635 22247 90286 62960 41459 95161 53896 2455 57411 78589 73589 46976 25167 60195 68267 84306 48619 58799 45848 486 44766 75894 2878 69297 48156 71122 3195 60685 19607 42515 94623 95241 64761 84908 74552 22572 96421 28448 25026 70183 7036 14967 17158 48555 75161 
1777 32860 40131 60575 95059 40616 21693 87304 43493 90989 35459 30966 94183 96143 50572 36698 7118 62164 17810 8377 53067 56733 21149 81514 98111 91332 4902 13077 8489 53456 4589 10265 2667 61071 70840 97725 1686 92532 1380 61530 99872 36839 92495 94054 49333 59418 47103 72802 37933 81265 81179 
90999 37997 18679 72513 36107 10010 93766 65535 18499 47221 86475 28763 49887 47545 15954 63963 65582 24837 65342 43463 24708 18532 35957 35114 67865 11726 98568 40666 49658 79832 38196 57009 34181 56875 45873 70287 83236 39638 52174 1734 86858 55000 46849 53096 2545 79154 17058 84478 20343 98751 27941 
61402 17283 80249 12867 85147 8327 11435 42164 74336 91266 96712 31344 25446 69938 77216 12085 53173 33205 80610 71259 36414 35609 18107 89509 54505 13612 6566 38983 50306 5317 83275 11708 38951 79875 24574 24097 88201 36008 82612 62537 43626 95675 10232 69071 65612 3800 97507 18785 37004 78116 90043 
73418 13725 24501 79278 68229 54464 2196 23563 4770 23864 6837 16477 62814 3064 57402 3262 91264 9762 85873 70152 53387 81548 80384 38809 63511 535 36316 82295 37538 14431 88689 27307 44507 29541 6585 12736 84005 8780 36298 5126 32643 59487 21602 95456 62550 95355 98717 70165 5116 941 40317 
58502 98840 37052 97311 62351 37586 33626 60997 91475 64408 66038 35134 8915 11930 41718 21650 12286 66849 74299 17411 99491 50137 39012 11298 12686 34367 26366 99203 55834 43658 55871 14336 42498 92922 11646 21200 46859 61623 82196 54685 42382 64585 89818 51296 76515 31535 89297 88800 14735 79948 6211 
14225 30084 61574 41874 59122 12292 84591 58324 68126 28249 14194 98813 70746 23467 26810 8297 70325 88432 6844 25009 47165 71429 31179 98461 64295 62713 4109 69446 77448 84056 75656 8024 30492 53582 66250 89613 82225 50840 64288 50350 79088 94833 49162 66185 18299 75971 90833 4975 80754 97677 46335 
27919 85457 77513 42731 49751 56578 46839 19196 34025 47247 11204 58400 94090 81137 41001 54 63361 91841 64341 30063 87280 59173 95576 69817 93823 71547 60649 98797 68652 58325 45131 12922 43781 22644 55652 9883 79221 18843 45431 29597 82441 72986 4348 76530 70474 45349 76583 33834 53541 40923 63896 
40820 16447 59472 10636 10269 47370 87637 9065 32373 45961 70547 45295 6094 93190 946 32328 88762 36140 77758 34710 18580 67095 39058 95109 37568 84406 88043 87754 54298 28965 68001 95117 61763 43824 22105 88383 91193 9741 97447 23566 72053 84346 85212 78146 77535 86157 26826 82649 38649 20935 17358 
57228 88030 56415 68689 41949 57172 56731 29702 11469 2048 97703 22938 63810 41526 61394 52193 49071 71134 65991 88988 59538 50336 74199 54036 44223 76707 80861 43223 15355 1795 60580 72583 6176 33347 41271 48125 6870 14353 94178 34691 16400 8232 57628 96562 66110 35373 65106 15180 6506 47448 4167 
66043 97784 94717 20078 58358 71423 17290 1580 86778 19085 78511 75712 41612 28209 33334 89736 35079 47686 266 69769 80438 8497 43748 93351 74606 79120 58456 6137 1977 5903 26655 84371 20038 21371 20801 94747 9146 38090 12678 12275 73526 91189 87986 15138 35749 37671 21225 70827 1708 21490 56947 
98497 46339 17046 91847 37296 12517 50302 43433 14493 72557 70087 15216 92594 7810 36016 3693 16955 90457 16370 29229 63983 23910 33566 95472 59659 71236 16696 46837 89295 54538 3784 87792 17228 37181 79638 54523 49698 29940 97955 64190 18848 84394 79405 11441 92203 31772 31485 25509 22229 47855 54737 
86211 71764 4654 81682 47774 75889 14729 94611 65183 85618 14746 52974 2845 51926 48964 57368 1623 95255 71674 82165 14102 72419 77921 41894 80973 9693 73379 6481 48273 21233 77569 34483 9348 82222 32516 73474 74462 63596 84436 55997 49214 99181 25322 68410 67458 74285 42129 85433 69539 13803 83949 
83640 2573 61869 25534 83546 87913 98912 6378 36185 36496 83947 87019 62195 82520 35886 35668 56982 99482 20103 12978 65047 35635 38299 33456 19445 28936 75585 4877 98474 5739 88825 98466 8311 67045 23999 8208 54958 39262 14586 91142 75757 14884 94513 54303 97403 30398 89971 54384 46231 26425 83713 
11277 62060 38364 61085 81504 83651 53021 2732 82124 75111 7908 80589 99773 74952 20939 7981 46261 60200 22566 53755 52308 37449 48267 22963 34851 78664 12933 5587 24895 39357 5651 52523 17768 60366 29959 15623 44016 99331 34706 42492 74441 42613 39432 74214 33917 60371 98546 80177 36922 21111 33931 
5582 74911 98549 28544 26113 77213 57828 48051 18459 97184 53702 87333 31304 30419 33644 63278 90787 32974 97984 33278 23767 40596 89061 14332 90864 49431 12877 87393 2705 50339 21323 8286 25249 36224 36829 51361 29788 94656 99412 64598 8191 69465 51930 55846 16235 1925 19124 23373 51251 17107 73002 
91369 74054 62063 5700 64918 11493 34928 52310 14197 85266 89984 38834 10514 26207 92014 78226 72346 86669 93989 36943 11212 79805 5225 67057 12392 7149 2532 35764 74751 19638 8766 66119 10044 70828 71818 74961 98672 6745 43622 12869 8362 49957 68054 35227 92516 60068 13453 64861 63088 23793 1804 
74299 19950 7028 57708 32341 30528 76591 68104 5279 96229 93221 71397 6272 64048 59567 97584 79072 82663 57557 8292 7377 7513 76345 42603 28 36412 72407 81241 99500 96200 83044 90150 16149 6423 64209 64841 53302 40800 49296 58580 53380 42517 46329 76003 22916 22247 73586 1987 21261 47494 10278 
28637 55006 86623 71240 71386 39386 59998 68978 38885 56197 68373 45387 88697 74795 9595 53537 28096 50394 19185 3028 20125 61701 65708 96127 968 4306 69712 2955 25566 33557 29584 70555 4915 32558 58146 92652 71944 18143 61629 27180 90692 30001 72566 95740 21147 98513 65629 65594 65258 84813 68621 
85383 62865 50680 81509 63832 54985 67573 83138 96903 1129 12722 83809 22395 45279 58306 15046 33574 76448 76674 77106 83491 23026 49671 79231 44172 64535 44859 9766 46145 29671 94738 31527 92535 61770 29387 56366 33106 96959 55856 46360 14440 68577 30168 53186 30207 88473 68232 80133 81273 61257 57238 
64763 84283 23260 43993 44806 87795 5203 70923 33939 34873 65661 81817 43759 43782 11203 16477 76887 24514 72332 23247 55305 57260 69766 8490 87466 58239 93073 83950 55863 54330 41187 20625 54964 80799 80970 99769 68593 86172 70692 18883 37397 52704 17051 81155 96485 44605 97631 73371 85470 69962 12969 
40774 27221 82735 65616 31039 57325 58688 14988 13187 13017 72527 50163 67980 53325 47484 67749 38269 33656 54792 73503 87404 7495 90553 68558 3979 51509 66189 93701 36979 52502 6670 77752 79723 5756 43367 27113 79432 18407 58452 92618 31423 30978 59132 15755 654 6616 99855 38922 56623 54646 28776 
44026 78492 19328 12583 98822 87189 95123 92522 24167 47625 15543 1918 43699 37650 61637 70811 17081 96395 29262 26050 44169 76592 85182 59923 93597 91797 76129 32519 48419 47126 77646 92444 25617 13326 21378 40790 514 16501 33312 24680 64125 65206 42949 24175 19208 4585 94985 36288 979 40598 62338 
45148 33541 47519 21422 27138 55667 13903 76008 4085 61028 53653 12880 2997 66978 34257 43786 67491 67109 93449 92170 47585 58655 35119 71759 94214 56055 83095 30501 73386 40045 9190 34885 73585 56708 72658 722 28726 86560 93081 49162 47588 46734 62041 50584 13711 12650 94369 97554 96110 87818 89723 
43695 62824 41193 31805 57037 97248 14900 3889 86985 54944 13079 38221 28528 86138 10878 45602 14864 97438 38682 80377 45025 1767 58770 11960 15478 87771 22680 13031 83880 26849 19105 43926 6024 76650 75731 79412 90249 90630 83301 77233 61925 12731 15453 6804 15220 26330 52405 30083 40119 7439 26812 
1495 9205 85581 13454 41034 73351 52486 70416 57230 79334 5873 1156 1710 82522 93238 81121 72770 83867 80773 50002 62143 93503 81806 68946 8723 24487 37703 55157 64606 45141 98320 66100 70697 83900 95906 11731 57250 64743 98498 30832 60428 4370 48339 62137 86891 41576 43258 59660 41794 40382 26013 
3936 33885 24170 89233 58959 48657 26935 30467 29614 72075 28787 12065 42772 29038 24322 70854 86288 89064 85703 33471 49492 90073 81809 11628 93315 39736 71237 69327 97881 11619 95339 1816 61855 35861 91048 37165 869 17983 67631 30482 6409 12769 42546 65532 41807 66868 52737 44446 72283 38440 94268 
21774 28512 92428 33402 21826 32163 20990 7504 30043 32608 19195 48210 94462 55055 55609 31626 55923 73591 15609 2756 96352 44729 45301 78235 2887 28520 30972 63684 803 69411 57951 38928 14274 50378 88681 52451 98892 9671 59955 28934 42278 79149 93495 53092 34203 49104 1069 6477 39046 16677 9232 
35397 77758 70884 13632 80644 15756 60955 44328 32910 30365 18630 71837 60990 69008 60518 13440 67899 86540 89746 13185 28817 68894 6679 81908 19448 55782 82977 42276 94828 16005 51507 46576 93762 38743 76559 90758 54498 37513 51437 3759 84229 70066 75595 45218 39073 52464 75010 23324 39003 81107 36508 
84172 66353 59538 82431 2152 31672 65407 44428 42851 97764 12286 89426 7877 51028 82337 14986 21877 19849 66422 25635 20430 36488 17582 81999 91912 70045 57008 15235 25400 54467 68094 9571 20819 43984 92001 22970 75655 73760 83749 18505 87875 96035 24282 95751 63414 6618 10737 85291 26467 77158 27277 
46896 29997 44858 28894 21909 31255 2254 37143 56654 73072 21589 66224 93890 65572 74576 33211 41226 48335 16960 76082 36209 29346 363 48312 92759 6981 75400 94401 49799 68909 21678 96694 98906 82887 41939 20814 14141 60544 74308 87146 33615 12248 53369 27504 77819 27945 77067 35396 92631 10378 27829 
45192 39723 28192 93503 48833 35172 68902 43234 1322 37810 81263 98015 36715 80501 56305 73880 94642 16849 48188 81787 66815 76787 51508 10671 54606 95804 87737 6353 88434 98114 34182 49977 54188 78725 43479 3020 30248 12380 62605 31569 66542 43867 45935 19608 24368 2239 93488 35361 35439 58027 33499 
2254 34813 85006 12924 5770 97161 660 28475 1947 15125 62656 51923 69312 57732 95402 72331 87979 24133 34936 19547 7026 95154 65481 26634 35873 84071 20121 71233 19510 94499 21084 38115 45663 6089 51038 51433 19602 68049 79907 21548 99525 58914 73470 68836 16645 85223 57518 4623 9356 8805 40521 
16381 20311 6001 59366 56183 6423 95838 43768 42284 90336 64851 80398 35999 87291 47787 3783 6892 32187 83689 28439 31711 58954 1909 16898 75598 87131 90768 96572 12838 15924 37092 45571 36234 59444 4936 92417 82218 774 36184 24502 7461 1034 4899 59811 88324 69038 63593 11568 1224 63633 40006 
49287 22586 58266 82536 14535 61749 89655 11106 74586 5579 64549 36508 41812 40344 57796 50580 22562 74921 3115 47063 82381 20500 68313 42192 25176 37350 22136 36743 54926 85769 76748 20564 8354 35014 19451 22889 96762 25458 50346 87699 31036 31247 40559 89199 71590 98354 56131 10503 73274 59245 57565 
72006 79745 42230 30549 4920 95931 52685 41662 67208 38453 34761 4123 63158 86126 23574 86046 82887 65383 52744 86938 96418 342 43848 1968 71931 42201 74450 98786 31826 33695 72702 20183 29791 14931 50732 34710 27214 3416 92723 94421 41868 27483 98544 5025 13609 38469 7423 12847 3851 76518 16136 
16620 76859 59983 34939 65141 18535 9389 63926 66712 43083 36628 86895 72873 67910 37626 23934 95123 57393 33008 5896 99260 76842 4439 20636 90450 59259 44410 19649 63109 20927 52136 96080 14137 28471 31018 79278 63357 56758 59555 30069 99840 12534 33315 89064 80444 87292 29349 91918 44684 62356 97813 
60295 39198 18603 80930 45999 77861 25340 81999 57321 62618 34135 53400 76755 78957 770 72384 42313 57527 31938 72381 73719 44472 22047 79134 41267 9338 8483 49536 54021 87190 47349 14315 42739 82303 11597 5090 60164 36936 87088 33836 15905 37574 87236 92659 16530 4357 65042 58843 61883 13332 47575 
51953 74155 69622 47439 31773 78959 55921 81308 49332 59462 28656 63646 2201 27311 75242 23642 87474 28529 10729 21309 44434 64655 24896 53444 81184 45604 34838 56378 23839 48169 20305 75791 38675 89926 23229 70447 85236 95501 51754 34567 71315 96762 98213 89867 24072 89806 13508 27897 18335 40588 65557 
79120 5242 90453 32563 86426 52408 67400 59155 76246 31920 79459 68389 70594 85736 91617 41040 70972 3470 92794 5538 74784 89555 20102 81002 13626 9908 94509 57874 28242 35096 23430 7361 40338 30234 56275 43115 82642 23675 18621 58887 55594 98080 27275 42540 83815 35244 83579 54786 38713 76372 76676 
29848 82278 96777 10849 12255 23036 21709 70128 51277 56804 93558 74989 13493 23791 47616 56607 22784 71290 75228 81671 43235 89659 25297 85774 73473 76892 85705 44611 15604 62076 37638 61803 44354 34414 89003 56608 73802 10711 43088 41430 83867 36645 16419 97359 76787 80386 70318 99571 68027 45545 97593 
27613 51555 22889 29739 41379 99781 15443 2341 31736 77518 39978 9891 38223 90744 98893 11183 64545 25956 54270 5974 9822 7266 38744 7180 84052 19129 77497 99974 87155 39393 97566 14768 90947 36807 44506 48678 52939 76300 51018 1026 53817 90996 10916 8392 98091 26161 35926 62635 52116 90195 84960 
78289 13812 23704 85468 97863 59184 79317 14189 62691 35061 11754 93810 42360 64912 54667 91037 17850 30966 58406 18876 1134 65753 46143 9525 63843 72303 61802 42829 40770 51996 27789 19058 65807 67844 20878 80022 43379 16546 10562 6069 51606 22315 16230 10317 87227 70896 1353 21428 18213 59759 40303 
19347 25511 86446 45223 5706 75100 7025 64886 15870 75372 92674 51279 57531 76869 88508 53904 36600 5053 64465 59020 73011 3131 75250 83327 90357 62497 1032 28137 80710 77142 68439 16408 19004 71236 77982 24709 46336 85006 89595 78557 76730 98620 46187 34260 91841 34695 4515 28440 56099 68979 87459 
29109 72109 79060 28788 78818 41557 29819 6954 22266 6960 91744 55025 42315 79332 33006 67024 42019 18012 72970 36927 11093 87941 83113 61704 96133 17807 66218 24572 73906 35196 28383 19366 23656 7442 48153 18825 48998 94323 42130 87615 17634 33874 42639 59949 29557 75645 43324 71575 10008 32645 8501 
21100 20585 7965 82803 16718 25772 65372 57641 16029 16919 86023 51746 40574 9817 99899 59399 75166 10573 17880 62781 28207 51753 21771 88155 97661 97415 47830 69235 23774 80474 94087 61225 17410 2052 60379 34127 44175 25750 91768 76555 42668 94142 28300 99594 20310 44550 75344 95476 55123 93223 58256 
83329 61328 96378 87835 58988 93793 52016 44575 33918 32489 55013 95143 49898 57064 55521 377 17590 97623 8496 94144 40290 2637 22444 39883 39299 83345 15226 34774 38467 8449 93029 38147 86128 89406 25981 45115 99550 77996 89689 49820 26836 44702 44962 76734 18117 16834 93462 35707 14456 1957 46202 
71098 20945 84997 10980 60243 68342 42558 95016 23160 67358 4396 61307 53485 10154 3639 98599 26055 97987 4640 75874 24822 49341 37187 17907 83809 54021 11368 35867 84828 29676 98421 55925 50621 83417 66905 27215 68110 25814 22231 91270 93171 42978 52576 46655 53131 72566 61605 79186 70552 66244 71411 
95374 31936 8598 29632 15745 62618 41000 67963 47445 87027 66383 19722 37647 66152 86626 81214 34261 28791 19796 41882 21961 62773 10809 84967 32256 83375 46571 27793 53926 12815 99203 65651 61102 7800 95283 93198 86769 52634 61161 50566 39660 27543 70287 93659 93694 73264 91224 44307 2054 11019 86188 
40366 90143 96997 25332 22398 96723 71902 50190 50648 1068 65745 32651 62170 89896 27933 55367 76665 96918 16527 43582 52929 60422 13868 46587 70467 3483 37810 14773 21888 65180 17313 62253 55323 14309 87584 77720 27383 59485 44262 94382 76905 26358 27032 39074 16253 71316 10792 9269 68233 43671 52850 
21162 20444 83069 84100 90910 86551 21910 5683 24790 3441 22995 87042 58763 53655 74625 36483 97389 50462 97096 91770 27366 23453 18802 82791 56057 90117 9934 65326 74702 53604 18175 12215 74047 17596 96314 64957 20498 34575 86991 45288 38016 26337 32329 96778 96343 23306 49612 93731 73767 46707 85500 
17484 86511 20653 16626 42568 27122 26559 24245 1823 96515 58771 30389 70561 76366 26702 51869 96864 61277 55211 58503 15644 97899 7183 12421 94241 30488 78385 4323 20606 25091 6175 54441 27954 26827 71066 86873 70300 13977 11117 88474 10491 69887 18862 81051 62605 45564 49272 75820 23192 4482 34322 
55187 2381 57856 67607 12973 88344 45991 33648 25301 87434 39822 79742 31739 83000 67159 18611 53300 81135 46079 58125 91625 32317 76987 89028 94921 38902 38299 87092 78445 59132 37765 33631 77864 95621 17589 90837 83964 79932 40836 25616 83717 80657 21709 15455 63656 88868 50417 33307 70002 96495 91432 
77979 45163 84770 67006 56436 40023 21656 43527 18467 97139 81292 68449 75003 76912 86037 82191 77227 82320 23026 19194 66036 3682 40903 81490 83689 29770 48258 33348 16123 61104 24779 94101 6267 25900 77458 62702 65922 15465 22580 740 12604 3871 69188 87606 97134 71576 86148 90712 53896 9173 9906 
19931 29206 50808 17773 29246 96929 66030 62593 29403 27134 3723 23504 33400 29622 17313 12453 11895 32778 35032 12634 61733 55255 81821 65690 68740 53397 51837 75804 7292 77361 2061 43574 22918 69220 61346 52163 66148 27376 31108 95550 54509 51182 35405 4260 97156 69070 16712 9050 18199 68095 21684 
79931 39701 19856 61972 24793 89604 13808 596 13247 7520 2656 56821 30437 71875 18166 98951 54374 45541 46410 66275 16401 97592 1680 20660 94747 87101 53723 20148 5299 38170 41831 1581 77870 78039 63552 2662 67642 93711 19609 80889 1230 22264 37709 48018 10490 72226 63320 81215 34119 9730 47490 
50519 23673 49169 87531 34771 52621 41253 54918 57919 95774 13101 59499 73644 91139 23050 92657 75132 16760 12266 56020 34341 50881 10080 82358 77723 98658 62029 58937 32776 88110 6426 83294 11782 71946 70824 46552 24566 28429 1470 98836 24202 14570 58334 14197 22060 97735 23206 97191 30846 35471 53211 
65186 2703 79642 63895 96777 78299 42276 55714 11074 30385 78491 10720 42167 66789 97895 5070 91354 26323 22891 90190 66877 37460 64875 81073 75871 78962 4278 73062 9807 56100 42624 91345 75155 22265 71591 71931 16916 13866 43996 27989 44251 38839 55060 2769 5627 52955 24190 13332 79277 47081 19873 
62505 892 84748 43578 76763 63709 64207 49824 89867 36659 92447 81211 11813 14711 69154 95 47978 83019 60443 75967 43621 99281 31026 62741 21259 83980 86931 34590 79609 34011 54463 42113 34902 39210 2042 11664 19270 82601 77839 9136 19259 70285 6699 47423 1348 92204 63869 49325 91574 24311 41643 
51547 39943 72669 14287 61201 73000 17569 95791 68960 67931 50253 27425 19185 5814 45818 30848 25083 28418 25039 50570 47676 95323 73620 11450 96670 82175 75319 62347 73749 99629 3989 25295 39572 93009 55933 17124 82361 73502 12914 51320 41432 63166 95096 60616 85331 40914 7816 26765 69331 32854 77335 
33359 44528 67306 61160 41198 49481 36478 3544 39581 52459 7532 64875 92030 16893 20807 9153 99253 94308 38419 66924 52092 17936 62020 29059 3267 19285 36874 30031 4967 86079 23717 54677 30607 91023 15837 88156 56855 52314 91699 96435 4772 15582 77661 13153 48826 98467 38658 48078 9127 77076 15002 
61218 95011 93373 90276 98277 12657 43502 44660 17623 29580 68376 72300 76538 75750 88136 64693 48956 40449 72743 45390 61573 88325 39402 74725 37150 37869 13382 1580 63347 6809 16581 40916 1820 9953 47543 16448 22609 91044 77459 56583 36976 45835 28882 13513 21584 33369 94558 70540 73818 67300 32281 
51742 55624 71683 26466 9126 25903 56200 27057 5601 63008 43637 46516 81179 69941 94058 13979 8901 1454 91437 65483 54781 37271 10717 84645 75207 44085 79202 62098 34254 46502 94378 85995 18477 82412 12461 43954 24666 68660 71010 30266 48019 14646 76781 29198 938 87191 43176 9838 88644 50964 91673 
59776 88235 2389 44420 79793 46473 23622 41890 80727 86475 36267 83073 4951 35031 11885 65257 59696 80544 36266 89962 44915 67264 83094 74112 68201 70284 33639 78039 75279 84602 69711 51406 89188 88451 95826 68980 34923 35799 10869 32001 38625 63488 31426 43575 98518 43310 25183 74565 40206 61449 64526 
85120 28712 63972 59231 13264 50607 9221 7654 42238 93822 93716 93643 99362 82166 89468 68341 33441 41618 79210 81793 80242 42697 13218 40169 57566 56528 65351 32130 96733 43151 13008 81852 88214 76979 57434 1478 27585 66654 9131 69822 76827 2847 63465 76188 1364 69284 44529 34804 27254 40090 16597 
23847 99138 46166 80367 56703 2693 62070 5184 15777 5220 18191 13980 93434 11521 71413 11263 39106 54418 20393 25279 47597 39591 5095 40136 40955 90731 84664 92110 34336 41105 8706 58182 56594 71224 38549 13296 73916 618 34832 6045 22189 53022 20024 31974 64543 7789 43236 20000 78558 63629 61630 
26154 19571 66725 66290 60525 73807 67305 52635 8142 24762 77692 66323 81355 48915 21223 11003 39183 38192 45834 61579 60381 98855 97954 92354 79749 5742 51942 16100 652 15570 77730 43157 51492 60806 9446 12017 34612 93103 81003 42753 34216 75046 25427 15570 40313 63002 26572 95847 1193 88757 57425 
77925 3964 55378 86631 83712 77472 38572 16164 78123 70493 93893 21279 21984 54698 47077 50352 5661 56531 47706 64765 90746 22752 6543 6315 63064 69544 49239 58910 87089 37995 32686 65013 41958 88063 67995 42022 65534 6566 58185 43656 93410 68429 81287 31746 39478 28363 82097 45138 1245 29803 26254 
91990 68906 32796 14656 48321 2340 80246 7230 5780 18241 56267 70792 76550 44329 55139 34923 26215 78056 9459 69870 71466 77887 67508 3211 17364 12222 1659 78853 13466 47813 5106 5455 16718 37902 20111 65038 56593 356 88619 62372 34948 44885 49515 27850 89214 21005 79124 31780 99061 88583 1649 
70526 82821 85509 90088 16537 97730 91746 95389 11196 39559 16847 33002 72628 71100 69464 37666 44044 69820 42636 22767 21119 87521 88633 65320 93086 9638 44444 24865 8698 33026 42865 95575 15846 28373 2014 48734 42455 10111 44123 53650 66021 77321 86651 38649 48420 56115 92666 8815 42286 35301 31581 
79756 22821 20213 45076 32258 29850 89519 57122 54899 38896 16339 66825 71093 61063 68838 19827 3517 95301 80301 73518 61321 57621 76521 99969 22392 48987 92634 31206 7624 27935 79138 87379 67107 99350 48806 99365 45552 54676 72838 16802 93571 89176 83627 81016 66591 68816 17194 70107 64116 97494 43625 
25437 71466 20145 41757 10209 85483 34391 57766 93106 78677 36903 80484 45783 36252 29290 61499 98155 317 50689 14957 93888 56216 98583 91255 22806 83750 8448 92913 47866 5941 52889 89654 93758 89385 31410 3966 74867 82152 61731 67972 60828 98633 64807 22963 51236 10448 813 49391 10765 51501 64347 
21004 7717 79281 12258 30522 63030 20705 39786 27247 42997 92674 33252 53106 82058 64662 57071 73276 63165 35153 41247 40345 50137 6054 79659 17724 16501 80471 67114 27265 48324 47812 48268 56040 43444 76877 2913 22826 97581 42699 66424 56929 51724 99676 10034 33782 80689 83456 23409 43853 18608 64656 
84197 85096 87061 63855 2820 19913 60678 86285 63530 9001 50449 28149 81392 10244 5026 84304 33069 18958 27002 99493 92239 78726 15520 2272 28859 96208 85728 52267 40060 20687 33274 40609 22135 36686 20815 41306 72951 81492 43942 52832 6844 94390 80980 88235 4634 2357 72539 54054 37667 15892 69898 
29905 94617 85417 32176 39827 97976 34255 8446 38036 71294 58071 94996 93428 11109 15810 34733 84059 13654 78674 36890 20497 89416 34221 25084 10401 36578 97622 80806 90596 13513 50704 20500 24482 52472 69027 80660 50448 3282 89105 4835 74575 63528 99830 84354 74636 31991 35438 75046 45644 30463 28287 
82493 36230 62507 7576 46630 15436 21549 27436 6031 51413 94491 42882 75894 46962 11909 72906 13761 15190 62010 18595 6116 41889 34776 6821 16524 66767 42258 91569 28762 89072 19855 11254 25302 98714 35181 71931 14149 73081 15718 36532 24494 10208 79413 16739 73522 91321 89644 87282 22862 68006 22229 
28977 9894 57004 35797 26418 23770 94406 34338 52532 83478 70545 80137 8779 85610 31670 97061 99758 4750 29131 52641 45595 39338 48406 62334 29211 39726 51977 32845 78940 36334 55073 24268 46228 12076 76417 88997 35846 70822 39686 4729 70651 10230 1217 95781 95839 32886 92842 11949 53988 21972 80941 
99582 77661 29346 61915 23224 85424 30244 56068 64363 66577 11140 88630 29156 39567 65046 34504 91764 52220 74190 96492 22870 84419 14061 18651 96610 46946 27844 24910 17285 66167 5850 16867 60179 51548 95133 83402 53323 41728 55821 17685 24657 83312 22666 53812 22879 4064 88316 14642 72635 62505 27486 
11856 63275 41546 30506 76236 4843 74701 1145 22128 40867 23347 55346 1046 91246 50478 799 44568 92206 56620 78604 33214 39931 1269 87025 62809 21684 91692 93803 94318 54196 37640 22526 33823 95537 53031 26410 16731 44084 43907 38858 84950 67253 10555 2347 74850 77385 19498 19417 85942 76117 98020 
19155 32399 15640 6179 11560 53676 14223 5362 64345 68418 59353 86870 18592 54889 56253 45002 71619 336 88908 26829 1637 72512 53735 20336 47361 31119 39833 83129 17060 15949 81148 36214 48347 13139 58745 59906 66814 72967 81619 31159 57736 40971 18028 92680 12211 74280 54033 83830 74615 59292 27010 
92604 31803 80744 12939 95515 11863 52771 94995 28922 68719 76142 81488 33417 5632 56584 9675 72446 29550 91293 3604 3637 32264 37983 96316 60826 12263 50348 44655 3229 9639 71664 95832 57793 68760 8770 69659 80622 61540 64653 25895 46610 57146 23734 80027 62778 80317 89701 35223 26218 97345 55178 
29855 45960 9512 26170 6786 21774 76518 67792 41355 2508 55808 53538 60301 24567 62308 46311 21540 40199 10964 47434 3161 68109 87520 99539 47238 67836 89239 98812 94054 2935 53989 23908 48895 79853 66429 55680 17978 59298 39823 59332 61806 95630 12870 38458 20196 91529 84768 41735 48079 12083 5521 
51239 80192 93040 50777 27429 60875 56367 42593 71280 59302 12933 11539 24548 92785 77968 96579 10763 53617 36401 86446 31774 32031 99315 70231 68578 7195 71351 10313 71626 83433 15833 22864 79976 25224 89993 23757 86098 62711 66349 73730 22012 79281 85268 62911 72066 79587 59489 99180 33204 12242 85625 
64977 44272 1292 51560 12849 24838 22910 39513 96463 22694 71697 35679 2670 96920 25671 26426 99370 88381 9126 73099 26745 88406 74718 6007 76823 54305 65496 76002 3860 94089 77979 85188 38360 79270 36747 67560 4107 76008 7073 570 98702 95121 52600 17723 92041 78270 60500 91410 83002 69625 80860 
26098 74382 55577 32105 67557 26233 13952 59910 46444 8040 37888 31632 62751 17157 68378 30310 37616 60738 53734 54537 75791 48855 7136 93513 40895 1757 54012 48656 84758 39988 29515 27208 30721 1443 75664 98277 27676 89615 58187 74119 14006 96074 22102 76756 29583 6832 23417 67198 67569 93503 38086 
43359 42357 45221 53223 99603 46977 23586 64610 48086 79925 10476 75293 10645 11918 50956 8922 55945 56922 67108 46416 70927 79533 68517 64034 9115 75348 3803 92664 59268 97305 30749 18978 56013 92321 72200 55615 39297 12137 36576 3735 92061 47051 95379 2706 75320 46335 27979 31265 19608 95086 94032 
90535 90970 62548 70920 16437 54248 74722 9100 13515 72026 56201 48845 28038 64873 37396 4 20522 49533 52931 24256 41593 99981 19634 60650 75301 82320 88628 22917 1928 65 16948 8814 91035 95847 79733 7471 50094 70807 32922 79961 42832 5474 28805 87222 70347 66200 3577 90868 32084 56508 15123 
90029 72840 51108 50678 64492 33428 39306 87408 51707 55722 4355 60520 46756 16554 56604 70578 66647 27410 3500 62959 86594 25325 8115 90167 95671 90667 93743 2890 22750 66602 34364 29130 39442 85472 79808 3933 35251 35465 91341 86957 91186 12047 47476 54294 28600 4079 24871 11599 47841 44722 90909 
34434 70047 15376 24600 65717 22394 34694 84959 61495 1296 19322 90625 40737 4793 70432 61021 56395 22248 52361 43351 13433 80760 90826 84078 25711 11257 8949 53661 59097 70022 60922 9882 40068 76297 50833 22137 98690 85526 7095 60184 86821 42768 67160 43909 63913 37591 4930 20307 76190 73642 63658 
5975 70753 70835 90052 12816 98443 15352 66476 73891 85374 43749 83772 25441 20045 50956 63929 35086 36482 71023 11622 39654 13791 78781 99915 77703 32724 4844 14361 8913 94837 78018 31239 81942 65205 21291 94757 63647 36642 77584 37538 22015 21333 37661 63808 57729 88617 27736 9167 41450 15111 37140 
81103 28901 15920 81017 22955 64995 2212 37315 90260 13401 31685 21498 95342 96889 59140 90098 76887 95782 84033 30776 34148 5365 84789 97955 63094 89757 42043 88612 31206 57153 25751 28660 2405 58022 9677 41711 39369 28240 79025 29628 41640 27061 67477 53333 40301 26617 43430 17188 38750 27463 64315 
72897 49179 49103 87204 28624 38859 29246 17235 86416 86398 59337 15076 5154 17359 41104 46864 56727 69343 42240 2706 27335 69301 70182 80667 9601 13150 40449 43140 68251 84263 23807 41148 33441 72909 44703 78417 28120 73948 12003 30887 76697 71340 45962 98202 88698 87065 45065 61776 72760 87304 64481 
94 72956 51014 97112 98909 64164 37560 42048 32414 21822 65854 89913 71615 55115 50967 50031 99586 24914 78385 30472 17962 49724 92786 32515 38421 96202 77579 16548 68961 81235 81028 85406 54190 32042 82518 53098 12557 36429 11498 61322 58251 93703 51235 46217 65169 18553 12599 64754 43467 90983 11578 
77780 40707 4363 26647 95479 564 4225 12027 69525 1811 9406 71282 56001 41447 70151 25450 70355 6580 36947 31677 81182 47002 99263 43750 12170 17815 56348 76924 77633 47330 88501 71765 4388 92863 98411 16219 9778 18987 28245 95654 20798 37650 66936 93150 95449 37086 18599 82155 60017 71898 13831 
41198 18899 29445 84947 31068 63612 57646 7991 57596 4976 12843 29360 25715 22057 44122 41933 31835 63109 86529 27488 258 40531 94423 93407 35979 47861 12005 34485 24229 83902 64668 81779 19152 94112 66725 50220 74075 40723 74562 31671 62050 87405 61030 87764 9461 21504 29697 57647 964 16225 85135 
1221 56755 95909 10979 9085 60121 39335 59922 84350 39589 24589 66128 58740 18700 49204 8959 9127 89926 83521 40797 51975 70925 18178 56091 96737 39681 85787 54384 56996 18363 55870 58216 91470 51778 85546 16906 28251 24881 76827 12600 64469 1415 95079 23208 36467 44282 48519 45593 50560 32039 86389 
2534 19315 20918 58624 32403 60599 60762 3138 17594 95477 59007 92162 3298 27137 77707 20203 55387 18939 13382 84338 83407 14796 79416 22967 67614 23697 87837 13206 74256 19875 15946 93142 55541 36864 68117 4295 13814 45231 7433 47759 40707 66439 56272 44004 9927 50331 80558 65313 69269 93939 49650 
69028 25087 29065 8346 92700 69114 96182 5906 59721 32408 38203 69214 4300 91418 37331 8594 21583 98913 16026 85694 39619 98817 58317 99974 8743 8647 96883 74056 94268 90822 40057 79647 15908 85474 4344 8607 70939 525 30864 30659 49284 85419 99873 69935 93188 53555 78528 14771 52467 10906 16816 
8437 9722 75132 24762 18464 83779 21644 8871 94398 12465 48928 74044 44724 50753 78387 53331 21691 95263 546 68701 60898 85964 84925 30832 79152 38479 9359 10274 7297 36616 27089 32085 46337 18572 56846 64801 18702 78490 90023 13099 7306 55302 3494 52030 6054 98232 21712 27744 9846 22257 96445 
70743 24573 81369 17926 20076 36200 43637 30349 59848 80252 73789 91933 26589 8712 48778 7741 27414 43619 97763 40512 50925 69417 60358 2954 75470 58589 41017 19566 84787 63273 32362 55529 87845 30082 73455 7920 66281 17091 54620 26129 97342 44760 34413 40282 53472 99542 48022 80885 43161 62137 37748 
10437 31553 14457 13390 7022 89398 70758 42939 74184 34030 75300 29712 38227 5382 19518 62498 88014 52960 17118 30494 66654 78229 64906 6935 31700 64448 71309 28936 7608 33445 83036 34396 81349 97492 64137 4722 3241 34894 47661 77424 68923 22960 23488 7149 44693 59357 69647 32707 12317 3116 63200 
95322 81344 44458 2256 29396 8905 89916 74683 32864 23360 57718 67259 21060 71562 31395 25782 91154 66288 73442 68578 51562 12753 8417 75063 73798 67773 44709 22856 80089 64176 86055 75410 45519 46864 94018 91266 55768 83933 65949 4983 23645 40018 88593 44704 27931 36339 86837 19085 18978 76630 87662 
70540 5735 96078 61954 79532 80202 6662 2387 76643 87189 4793 52052 49059 51657 62421 40325 23776 62706 22625 45111 86350 62642 33703 47405 90573 86394 34242 26009 5371 27223 30022 92262 32957 42451 54215 12488 22652 77228 31226 99294 64416 36019 67698 29827 87675 30118 70151 27802 9175 92775 72912 
11876 71768 22967 59281 78692 9360 9874 4700 31082 37096 34721 39696 86405 93523 10262 98892 16175 3842 30118 15468 84609 66136 83165 14435 70162 29635 937 97963 38809 93711 87227 50685 81831 10193 26317 76874 35904 52542 81574 83337 5989 32646 23032 92393 26169 49646 91285 42343 53487 37754 74162 
38095 20241 57327 68882 6754 3313 69818 4716 42121 79881 8294 9157 61711 34838 51825 38584 70741 4366 36509 54078 10355 85507 93461 2747 28027 43106 10383 86721 12944 48136 60882 67391 84728 34560 36272 91481 37872 6089 12549 96345 2321 20842 21853 80383 55680 73678 35319 42772 78043 71827 96849 
4749 73685 6662 23848 1711 66119 50582 88431 79063 15070 65665 46453 99797 224 99076 91278 54448 5164 20178 67144 23837 41019 88996 4219 13050 62673 39537 55822 57068 11364 69022 78168 1400 92035 2015 3111 58154 68949 7893 37216 84018 73557 20 83814 90133 99095 91443 44580 4258 11620 11723 
44446 68991 17070 48665 82040 79743 88201 54213 53162 15916 39587 47681 17316 31621 66048 36778 89774 34996 44670 26989 19013 18227 43360 19178 8359 42454 10621 69290 63064 22240 97364 7509 7582 14433 56173 89622 10527 44374 60186 63688 76641 99772 27721 93956 31393 93768 30733 37518 28763 91755 80859 
47775 9981 24218 66952 34691 66672 93924 20332 29735 32516 17695 37243 40097 32127 9768 46070 42654 54141 6256 22693 30781 22379 50413 41089 70123 44180 71821 7641 89294 63575 4851 53420 89907 29068 20372 40949 95739 14295 77632 41825 63162 95326 95420 3259 43805 5187 49328 2810 59327 71935 25502 
6459 94314 92267 63899 80788 52798 52072 4780 42092 31998 9630 95511 21905 38698 32234 79205 50788 62881 56837 92613 26042 68514 88032 29300 12318 93218 94980 15127 68896 83266 56981 91706 77579 65599 55605 74719 18396 7676 79498 76839 56025 89128 88702 77929 44177 20935 73486 94964 167 46674 3928 
42561 15187 8311 71860 43857 17880 83191 75335 86775 66457 48667 94833 60387 14265 66789 35105 49013 90816 30955 42203 46840 36434 30904 41121 80610 68191 30958 91925 84709 77631 95853 27269 9169 20515 15481 53025 38395 98671 44712 41521 81479 93378 36353 41866 23995 19493 93322 73007 10308 40628 31561 
73500 77061 62465 14620 74022 47007 45577 65947 31715 39559 78151 75336 48727 98665 90816 18104 53411 89486 62815 94932 70965 56192 47636 29182 80186 67129 38855 69544 93788 79483 1105 67287 56543 79921 98258 30565 43279 43834 12863 91345 83392 7365 66680 48471 22381 57495 66574 75792 63333 29388 87075 
50649 1931 34710 79830 98469 18190 18684 84364 11978 14518 1820 95616 71061 81740 93874 17977 41370 54059 47191 32715 37451 54555 15746 2273 93287 73241 68846 69078 36573 14585 56152 3573 16515 7214 99754 31335 25403 18437 15699 53732 49307 17518 49348 20367 15610 43221 54695 73331 97279 1885 6045 
51081 72791 21791 53353 66077 11383 38550 35155 64307 53134 7658 67879 86001 31223 67632 17335 72978 2420 49385 26709 51726 66903 76056 88444 98864 19276 43138 72194 32907 45022 94591 83987 17812 16381 53692 241 44115 92241 51747 8421 61727 75756 76299 47727 6979 43930 81413 79956 62701 30798 6664 
14427 14052 99072 2870 12915 34699 62360 85108 67605 7381 96050 67944 41545 12430 37987 58137 56544 30227 9883 81316 8305 85638 57614 72383 92616 17895 53796 88923 80596 945 11939 11374 14996 11010 14243 44262 62060 76602 45721 29665 335 41771 13960 58231 70552 51946 16367 43448 98524 26249 24763 
6829 11886 98729 79211 20854 16623 49358 26128 13570 50302 54418 24943 81649 81779 55538 25910 43839 32139 87983 89855 48825 29753 3814 7055 304 72111 39773 43751 70634 66021 84866 93814 94259 83594 89377 31464 16568 38734 73943 30138 5388 28361 55080 87036 10139 10617 29298 53977 59108 33632 43831 
24284 63384 63996 31339 80039 52458 71111 23790 23092 53484 25007 33257 64094 8600 22633 11909 25167 77719 85851 55304 83106 14211 26736 86493 40702 53704 32142 94678 29163 65773 54861 53447 29156 35208 1137 25547 87666 88599 49336 27109 58434 90694 60365 22527 99293 82998 50787 24459 60716 36638 96115 
60173 67200 39202 63017 7901 9257 95159 18931 54772 60931 73791 8218 6439 8998 25706 31985 96663 14304 97672 23771 72738 88365 488 11616 4009 99837 62403 44819 76904 15392 57285 37076 98943 96486 92 6844 22095 11602 25774 76866 88885 99564 1435 95323 24913 27140 43659 37928 57795 57682 78050 
46884 46046 78537 74852 66406 78373 37254 11224 55276 68997 68509 8703 67939 81346 8795 91134 19792 36748 16907 96657 25632 32822 14443 20954 74087 57934 80964 12014 15729 38645 90063 78964 1042 68600 53815 67447 63324 7420 78671 18600 76416 63531 43654 60707 61228 52448 51840 81020 5548 85099 94028 
31179 34272 8471 68485 8358 82756 49448 20371 14836 88093 26786 93800 5486 11737 47614 72933 75060 71386 67955 10011 64153 47837 53665 24859 9064 22464 93051 90083 28011 94501 463 59190 28772 8933 27674 37130 8040 93473 73852 22876 97917 637 33027 3403 12373 96992 92687 3785 68377 76993 30147 
32530 41181 83811 73740 50244 22627 83142 56679 66989 77642 57141 42530 22766 82425 86555 59895 90464 80028 50098 29691 77944 50735 62717 97698 79459 59709 6736 99595 44437 83728 29742 93318 24908 29904 67058 91504 52530 66551 64534 19519 44193 21674 62048 66958 20450 48603 43204 27265 44982 93301 56956 
39277 60387 36024 36975 56198 12084 43710 55792 56521 43790 1885 49838 85049 31789 33247 76552 670 99798 57437 36540 60342 79110 14940 43651 15911 79894 3206 43176 24875 96506 16483 64151 73245 68858 17477 45794 80942 77539 17937 37462 21328 19822 3651 22728 67962 36898 15632 68631 53047 73068 5171 
13388 68530 20110 57038 84440 16355 60243 43967 41229 73100 60449 21731 62696 29307 39208 8489 26600 16746 26426 64061 54425 62599 84063 77152 30560 20960 9135 15542 74006 82203 20712 3745 50732 57173 77134 51523 73527 37376 95490 31107 26828 72290 52838 5875 1596 92045 14364 28195 25142 57141 8607 
95918 36091 9022 89421 66650 29981 98556 82191 20339 97110 19255 40435 64193 92779 17569 15715 82658 71296 27556 13764 14475 99846 66601 20350 17793 74997 51065 62340 16490 24557 87298 12407 60647 96319 18180 27296 42652 16735 25838 79342 13844 45092 19776 94388 54223 37344 10102 36880 24992 37658 50643 
39466 53855 33596 59815 71647 24944 10879 50338 57786 35435 37636 70192 12433 50306 4723 39728 92957 21457 65566 72298 51652 27009 8426 46039 81231 45769 72493 18110 70760 26502 85105 26578 80356 18700 86392 68354 59995 13623 35044 17780 65409 72679 4324 77842 39336 9046 33921 32293 46855 99486 20942 
14858 42847 29367 60897 40429 91488 49741 58539 78599 76242 59995 5176 72949 95046 91568 41302 55040 21542 76345 89172 3302 65375 93495 81143 4711 18892 15064 53355 65746 30901 74296 80604 90099 3663 57852 30528 95150 7592 5418 73748 185 65412 95276 73133 60457 3195 14434 31848 24736 7131 21019 
28037 88857 14513 25532 93567 49757 40595 46921 15502 87847 21217 12457 77946 41231 86660 24825 52732 10603 30242 42831 10787 95653 38106 83919 56109 41300 14705 4308 66035 38187 25327 10424 27043 56191 35955 36962 5947 92901 83882 37801 97099 21450 66609 91396 79032 53269 16220 31763 63871 46461 74594 
91010 58465 29051 91280 30925 70351 22336 35233 52737 60522 60559 63160 3917 16749 15466 40878 22696 8366 41111 76848 21817 78913 43456 13212 57944 13076 29432 6059 93299 92244 80652 84308 50709 9702 75587 81633 96404 14275 16865 49141 74796 93775 12300 95064 10524 44118 35941 49571 52483 93404 42770 
90651 72316 86225 3863 30259 99301 33294 36317 8951 41889 33320 93258 92597 59374 85196 90582 55777 99470 23798 4917 90618 17573 33569 85681 44448 77686 21622 10370 46520 15025 53139 37171 87340 55715 57385 33950 71367 7030 70267 80317 48918 19938 89926 57867 79311 75122 48448 51440 74591 72245 56356 
65208 6169 6276 50889 66968 313 88862 77337 63185 20238 46827 16707 23929 18894 74091 57878 90260 81120 44496 86929 46389 64434 76854 4255 60096 51975 52702 11535 42918 41299 84243 8125 63819 6870 75365 30787 7183 80578 24475 86719 815 87654 3425 41095 6547 93867 98973 13158 91338 59820 86 
37726 40605 93292 41981 701 45266 11034 28587 88183 68684 12829 12660 48855 19699 4376 95993 43233 84954 20467 29951 85768 24472 49727 43215 31018 43593 42187 60528 51282 18358 60613 89007 58963 53904 47339 76015 15522 74725 20953 20056 59760 33782 32715 8614 69832 53443 4606 29416 38396 41425 59366 
40515 65896 25444 83729 13266 85388 42267 73793 36669 60625 50757 42027 35939 21013 5718 28305 36534 80442 49257 56589 40201 99390 5656 65167 85573 75450 69772 14988 13845 27548 90705 70711 9796 32500 54440 23061 17887 13058 13205 70907 90034 80313 29286 25972 1325 35003 70628 37858 15444 36237 10799 
71996 51978 32806 37162 37551 8255 23286 68890 38451 50833 75947 9161 60628 8446 79952 40 42685 93010 29596 13591 83043 9909 42876 25367 11233 77878 95994 65443 9673 48582 92593 98021 560 41750 35182 38110 50004 58467 23351 4806 9300 99297 13966 86279 7743 10270 86319 50427 3279 32266 80369 
2673 42174 39597 44391 69759 33826 56737 35201 43499 5318 44145 41519 5877 85894 93052 43986 52249 51519 67337 57054 77170 82985 87371 79800 90727 97640 66118 57505 17270 14736 54226 36295 56909 93822 80685 26667 27647 37421 78219 87497 42739 22363 45367 48615 24608 54771 8953 76856 22641 92641 50261 
99810 75625 53984 79609 82704 51623 62079 56560 85245 76814 27137 37891 50074 20958 34927 93093 64957 88700 71311 68805 31438 10026 30524 96404 50985 85294 21708 27841 24286 30700 94453 40447 22677 48436 20055 21732 16411 98485 78291 18007 91650 5428 55897 58076 42737 90823 51168 24045 79522 22478 9202 
27311 48855 56077 40067 99840 57722 78126 44032 82007 8826 38484 22453 31502 86920 58859 53233 19682 73696 47875 37688 65345 69654 9936 23420 28743 17110 74587 69139 96632 13417 78340 40294 78623 34416 96712 78462 92137 74838 22493 90495 83663 77329 12947 31516 64248 71806 1100 281 45501 48974 37968 
27197 34980 47903 66969 63722 65012 57907 32860 77995 87675 27552 34641 66298 78319 31352 44759 86808 6189 83604 77302 6203 60932 90249 54070 41531 78406 55169 41811 40258 20495 79778 83806 55474 44032 50774 35547 25395 25033 84758 19742 12707 12309 54382 79004 6980 85733 40115 93787 8274 23718 71088 
30828 84649 77688 84898 26179 72445 56418 67989 29054 76912 64118 12860 48737 8149 79985 635 49895 5017 85393 69636 17724 14053 24017 13079 21032 26102 53193 14818 50727 76910 2258 81554 61558 79945 82803 87736 68742 39221 72076 97795 32484 36193 10654 81221 60693 90639 98207 10588 12007 83599 96575 
29730 97652 20592 59161 35035 63045 12353 49853 13771 89263 52110 11676 67172 48406 94479 71260 17147 50051 43335 14942 82534 95880 41947 80106 56572 48937 78313 83511 60944 78263 80086 7025 75914 17029 66185 27301 80073 78538 93505 10195 84152 45614 21870 51323 10371 16348 38934 43870 66398 82269 58811 
65284 78148 17109 45389 51071 66046 40053 34582 26989 18316 31019 50365 10581 48047 16550 37881 44471 11439 31385 54665 95590 93350 76534 63264 3721 92882 2198 63942 75631 818 22752 57266 78965 56212 19007 46387 22257 59059 80968 65597 77374 28338 15962 4307 76384 48863 42187 20854 60301 89924 75518 
72242 83273 52052 35505 3345 61285 54054 67286 53267 54871 6389 10533 50187 78953 29539 12926 1209 4949 93893 83158 98675 38583 15471 2981 14966 64333 45167 52172 40985 51442 27689 13226 34715 96092 65082 54411 73728 35488 38049 26995 6710 44437 53879 56897 23389 99769 69822 40950 21069 80066 40459 
19743 35000 72281 22723 49966 52965 67890 2137 93949 35683 46177 23526 70397 42269 4959 41160 32348 40446 79208 59342 47156 39996 29572 20404 79737 45692 6577 37038 66761 2994 77496 2855 37994 66128 25578 87959 19092 9819 6447 13040 45501 52623 52917 32250 11243 57875 73409 43591 98321 52616 19284 
45476 8963 65208 65879 88699 10899 88807 25736 94011 91800 19583 96866 29793 85710 22443 17751 4801 48613 40549 34192 94113 93172 3460 26362 4414 61335 99770 48004 76007 68737 83640 37834 77700 48847 3712 82750 59745 92518 24838 70108 669 44420 83325 30462 30130 22119 64564 51282 70731 5113 1826 
64843 98284 5285 7557 19049 66619 23678 83405 42625 8767 67044 80458 2818 15890 521 85567 91986 9390 10404 62093 26411 54824 45417 56872 1305 67535 21435 68938 54617 26547 70763 19460 41182 92400 43368 60231 59018 67045 59987 17995 75811 27030 14804 78628 59271 31677 80547 51256 57418 90950 29701 
83828 62125 75117 57051 79781 59004 78486 65071 13620 21384 52185 49431 62566 44584 92798 39148 19954 76195 99134 37948 68357 42515 69103 63337 1785 17131 43883 53040 90901 51184 82740 91080 13309 74209 48131 9441 49564 26616 74511 63183 47999 26696 28966 26916 87631 38115 82415 7584 14309 81548 61883 
99018 40414 30986 62354 42198 64468 22588 11590 55368 73771 94329 62800 3431 84889 10930 29224 34452 37545 3734 13987 1895 46781 42952 45163 50764 81066 27577 58347 11727 25477 20230 10744 65890 67567 89449 8088 32034 12036 19677 3754 2158 30357 66553 5589 15246 93834 34812 66049 31378 54897 80035 
49624 18030 22986 94786 68793 20404 22363 27139 32130 47839 47368 59225 13728 31286 65025 38167 79672 77060 74195 83425 95569 4552 66329 1157 36149 60162 35968 2197 7891 7217 82232 73866 25246 21569 68652 94038 41972 7366 37528 90453 71556 84896 66029 1635 16181 31053 39802 12204 24464 30348 95628 
20033 34899 78308 21189 87399 54821 73509 5948 79063 80725 4531 52929 22322 26099 37932 16359 68071 45297 70238 74875 33204 71485 40904 34838 4018 71956 90991 16221 12772 21339 11849 32804 72589 6508 70344 76340 77681 60204 82287 56743 57280 86817 26023 79601 12915 63954 12311 97337 25602 82549 88564 
75157 54033 29467 9995 58050 17774 17337 74271 30545 55027 2471 79700 27616 25330 66396 3955 3010 26599 2593 76105 83879 89409 18479 79831 18675 82433 92142 16012 24386 91042 4575 99543 45074 50393 25889 19476 68166 43225 93746 15063 98252 12568 11114 42219 37897 77509 62525 57259 20460 65117 49715 
20690 54525 68193 520 73199 50625 92661 5562 91363 83702 26488 7257 45128 76880 33145 64603 61398 92721 74700 92812 7324 87267 20277 65894 41515 97786 28418 98773 34597 93534 48487 55286 64410 16680 55805 53961 83656 48466 59522 91370 48519 2362 98626 93646 95593 48122 74600 73342 40843 49299 66153 
64518 36565 86430 30412 78080 567 58829 93204 35163 68715 41691 90448 33124 74722 46252 3436 74729 11069 79310 66099 75940 81671 64724 85937 77263 12846 60537 50605 70040 9835 33109 34557 46400 35890 64968 40831 36456 40149 34034 87970 8863 75724 94769 58338 66797 57373 61774 41526 68441 41083 7624 
60732 39105 88699 46669 32719 17896 7205 99675 87935 17039 32784 38844 79790 85025 20163 20620 37833 60311 54654 25802 85525 46729 20571 43863 13526 94295 21988 71403 62735 79422 79026 39819 34878 84076 86487 67596 1972 10043 67271 6258 27081 16406 45101 6871 1430 65264 43842 39262 41926 98495 65064 
27451 61576 1986 87665 75101 96280 26004 46503 75366 21777 41880 15184 56654 25955 18022 24249 44278 28064 91519 50536 71497 24276 11988 94719 25706 77251 38560 64967 35529 37055 46382 62979 98630 48367 66995 90082 60998 92998 52936 52716 14774 11167 84251 87779 37121 2273 12027 97751 46688 19898 48286 
18184 44173 60273 12902 86230 53876 67814 51197 89404 4868 97578 68734 19849 62297 35728 26282 39646 45077 79217 92361 76202 90383 76612 63980 43855 95236 92358 57957 41923 12255 6242 76459 72780 82867 5712 59009 53094 73525 26557 58849 94744 24135 27582 30944 2783 79661 57225 42428 24737 52793 51141 
938 59527 27752 81269 19734 39339 73626 77690 81261 2233 284 74071 75012 83150 96135 50372 52595 69659 76929 11443 64403 17415 39024 11698 36549 35036 68923 95328 59772 38067 46468 77061 97594 74219 58329 17327 13557 48306 11368 11170 50538 11651 1592 41901 11152 97726 92273 63746 83737 85553 91540 
64491 19319 46915 76188 55867 81950 45110 67546 58073 99529 14014 51485 97122 4584 26165 30800 34493 74471 58519 62014 25008 70170 63605 66909 97673 61331 75533 77771 45067 77437 69310 9557 13107 16225 2096 85325 98174 63558 52870 72599 63086 66883 24083 76559 71467 50248 23710 5959 24718 82228 67972 
66077 68749 47928 49337 66422 25610 24869 44192 70676 18657 29853 96584 31763 46077 15032 17087 60603 78589 69957 33201 41674 36839 73635 18232 24657 23882 41941 46967 64951 24168 31290 31028 92917 79218 80364 75690 4827 21585 36233 91855 40241 66085 4790 88356 12162 19821 5442 89116 98409 75398 22316 
40082 28589 12302 74665 69597 36184 16605 16564 1134 57125 47853 48513 66393 27070 45229 58434 48249 66813 94666 40103 23405 60750 44892 11760 89263 81065 17202 78378 79473 8951 17045 35907 53891 29347 10571 23488 65530 43528 56403 83015 17004 4255 47880 99748 47677 93108 58181 95925 76272 52846 52379 
99676 29947 97270 11436 19210 94686 44989 13939 74159 70291 30984 10065 24182 60330 36987 64021 42211 96866 20423 41577 13869 41029 89456 13616 88705 98915 88148 981 75186 57345 53359 74862 87292 66981 2649 22853 61666 63989 36791 35824 34279 67774 62240 74812 44455 15579 55184 86665 12444 75606 44594 
26313 16635 34049 56280 21691 49316 44428 22672 24501 18124 92382 15714 5415 59362 18362 28267 37380 98702 65058 89555 32981 49183 51795 24144 93638 83725 79328 96654 96168 54933 41247 38832 87919 91648 11464 25962 40963 72243 48633 81815 90366 57366 97529 95781 16728 32242 40399 54107 30944 21808 43661 
80276 70991 11807 4419 64628 95531 83746 77633 8051 55031 18880 46882 59301 10527 58345 85262 67841 46939 50246 49655 37305 7612 47183 33085 40691 95777 89835 11149 26720 11643 71161 6995 82633 82968 11413 63612 94850 11511 41244 2900 66541 76475 66134 25841 87001 40830 27455 71193 87769 77700 37200 
25073 85311 734 74509 26001 96510 64343 53501 23229 92337 24662 30223 74969 23981 57988 54932 18830 69498 96176 38082 52390 72650 20567 94582 76003 77748 22036 63547 65516 99736 746 6940 1398 1480 97800 43751 97989 78495 97251 21218 70831 21912 67792 62152 45892 42131 17083 81074 27980 29610 35507 
96721 18612 72425 91303 94614 50172 13338 58160 32040 29425 75258 38979 30823 76737 53131 74573 74725 31625 88175 12294 18807 26439 96438 97310 88682 38568 14393 86107 82900 60354 21613 79620 78965 10389 70922 89930 60561 612 64442 8952 30036 39699 47930 77210 16435 17412 68134 91159 65388 56309 19805 
547 82747 16242 97856 71428 71161 28600 57535 54060 88954 95499 33680 67918 22240 4601 57848 82800 21564 38641 91751 51600 78339 56032 28809 94773 89796 13295 2283 55183 69603 38439 55729 68701 54680 53585 56480 25841 82184 30366 96252 87489 42217 29931 55407 64456 50884 29606 63607 72447 84598 71709 
