41 89 19
32 62 73 3 58 62 46 77 84 82 32 2 83 37 78 47 30 95 57 58 65 59 85 85 51 29 21 23 22 10 54 53 23 78 55 80 92 52 57 27 85 88 29 68 76 6 66 57 52 74 15 68 33 51 4 35 79 24 57 100 85 63 53 7 92 59 87 83 11 43 10 95 82 90 14 9 47 80 65 98 5 31 65 37 81 68 72 60 43 
80 11 28 94 15 34 86 74 20 68 84 14 29 30 95 18 44 55 16 75 20 13 79 2 29 68 83 48 39 94 91 70 4 18 64 71 51 1 44 23 68 79 36 49 8 83 18 51 37 34 77 8 46 56 10 27 75 44 74 13 89 64 34 44 33 97 14 84 97 57 58 17 35 93 17 43 27 34 45 64 67 74 23 65 29 84 91 55 27 
64 67 15 80 52 59 12 49 72 47 97 81 4 65 15 97 81 9 23 15 6 38 33 79 61 97 59 96 87 13 23 3 31 89 82 82 99 45 82 23 92 79 3 95 95 69 43 28 78 18 94 35 7 26 13 19 23 23 15 61 35 89 15 65 77 48 98 28 93 80 50 84 10 4 30 4 72 25 83 1 94 76 35 100 54 99 19 28 21 
85 88 55 73 55 71 1 2 69 28 94 100 29 29 9 32 59 64 56 35 47 56 28 74 43 27 27 93 97 54 14 81 94 20 5 48 43 6 49 63 33 95 62 14 23 70 45 33 33 52 19 31 8 46 5 2 25 31 94 21 37 7 54 82 79 58 29 21 63 29 83 48 75 44 61 50 65 57 82 97 9 1 80 68 98 84 21 22 66 
14 95 2 73 48 83 3 5 63 23 20 44 57 67 18 52 79 19 16 87 1 64 47 53 43 14 2 26 34 24 44 100 18 45 72 65 80 26 21 94 48 40 89 56 58 59 7 88 77 22 75 29 85 21 33 80 87 35 57 72 58 100 71 27 97 94 43 28 19 63 73 18 55 62 73 12 20 79 100 48 52 26 77 89 46 9 68 84 43 
24 56 52 76 78 78 24 72 72 51 42 35 23 60 41 36 84 52 55 15 3 3 66 28 31 54 26 39 73 9 34 97 64 85 24 42 15 47 65 86 97 58 72 71 69 12 7 53 16 13 67 70 67 32 50 97 38 75 36 10 35 69 58 99 5 81 92 19 79 8 57 75 65 28 98 34 92 4 86 59 16 4 80 83 35 29 31 24 3 
66 34 38 86 91 88 91 24 31 61 2 38 17 29 2 97 26 35 40 81 72 50 48 75 29 82 62 58 13 85 12 30 18 1 16 61 40 58 84 70 18 85 59 87 13 61 35 90 47 26 70 71 75 18 45 55 99 58 12 63 43 76 93 12 76 8 24 68 17 7 37 86 44 48 72 8 60 58 98 6 83 19 28 9 88 25 64 87 82 
27 1 76 2 93 88 30 52 63 97 68 70 85 54 65 32 77 24 91 35 73 49 69 92 76 78 79 52 93 17 34 19 18 9 73 10 48 2 14 11 98 81 32 34 34 96 18 63 71 8 97 44 8 17 35 36 46 65 87 38 34 72 9 51 81 81 12 28 34 25 90 31 6 21 16 91 68 33 53 39 93 1 34 52 18 68 39 15 84 
26 5 17 49 13 19 29 45 31 9 78 7 98 60 64 71 75 55 90 60 59 28 52 12 61 55 81 80 94 95 16 71 99 32 19 63 51 100 7 33 8 84 39 57 43 3 79 70 9 69 29 19 48 32 30 9 38 10 40 31 57 55 1 7 39 72 70 89 71 28 73 30 12 11 38 6 65 17 27 73 37 7 44 84 90 73 44 28 35 
84 58 43 90 11 49 80 34 70 20 4 98 92 85 61 3 74 18 19 42 45 44 78 3 87 62 93 11 5 20 45 40 77 39 82 39 40 61 72 9 33 27 58 24 63 18 78 37 88 97 78 32 40 56 34 26 69 26 36 25 97 33 17 74 23 98 64 62 10 36 71 42 14 28 18 77 98 95 13 85 43 90 68 34 97 53 59 17 31 
47 42 27 31 58 52 53 7 16 67 68 3 37 62 16 16 79 92 65 25 56 49 68 98 68 1 94 21 12 11 51 10 4 29 92 61 81 96 19 48 62 86 50 50 47 17 66 77 61 30 2 16 31 21 65 98 73 11 70 84 73 72 45 76 1 36 88 33 84 6 80 45 43 81 95 42 49 12 70 9 93 71 77 23 43 41 73 16 3 
94 51 75 66 96 50 66 83 89 50 66 94 29 63 89 61 57 82 9 20 51 70 12 74 98 87 16 90 59 83 93 52 34 67 69 81 69 86 15 57 35 33 51 15 95 91 75 3 72 36 22 22 57 33 47 54 71 63 43 29 45 87 33 30 54 1 10 22 87 25 78 73 57 80 88 3 22 62 5 93 49 78 67 5 62 65 10 33 27 
53 13 24 91 97 5 44 98 15 17 36 91 47 8 99 26 47 1 100 9 57 44 9 34 62 14 47 27 23 79 5 27 44 80 18 40 85 13 37 99 82 24 41 28 84 39 5 30 39 4 90 47 48 99 32 9 64 78 87 38 9 92 17 52 71 86 91 55 50 80 5 31 3 45 58 38 83 63 20 73 18 9 71 65 59 2 26 74 80 
64 64 40 55 80 91 78 17 81 84 66 12 89 97 67 85 6 4 20 20 23 92 38 84 15 54 42 16 79 68 47 43 31 86 49 62 28 26 78 61 10 95 72 50 43 38 34 49 42 53 68 16 97 57 99 11 11 93 78 89 12 25 83 42 62 32 3 90 9 32 50 70 78 73 19 21 11 5 21 4 9 40 19 5 97 70 67 7 14 
45 47 25 21 82 18 82 65 20 23 73 3 24 95 80 97 65 52 7 69 72 62 78 64 32 34 60 53 1 18 66 45 16 42 17 97 59 50 61 30 73 86 32 48 80 64 44 44 67 2 65 39 63 94 54 47 27 13 99 79 82 65 75 97 58 91 94 17 41 6 46 65 91 30 12 70 45 8 66 11 61 82 1 76 75 54 22 53 18 
20 32 99 36 6 48 94 97 41 10 37 46 7 53 89 88 16 58 32 23 75 43 36 56 95 11 82 49 32 35 18 3 66 17 39 71 64 32 67 56 93 55 53 99 7 41 39 23 51 70 97 25 64 32 33 59 94 14 59 25 48 76 28 13 44 18 84 59 1 2 14 93 9 19 43 67 59 81 41 9 3 38 86 66 21 70 76 15 83 
86 91 31 62 70 95 5 87 30 16 87 32 29 31 40 47 26 6 58 6 47 18 60 36 55 26 8 24 53 22 7 39 13 89 52 34 83 8 21 13 23 59 96 4 42 87 2 67 92 59 24 90 77 84 77 83 61 85 7 13 6 13 3 70 53 54 56 35 14 76 99 36 86 94 39 79 80 41 97 24 51 21 65 79 56 42 62 16 78 
68 80 35 32 35 5 84 40 60 18 53 87 69 89 24 62 79 55 94 19 51 17 22 71 33 100 26 74 61 93 3 80 25 38 11 59 94 94 98 53 64 3 91 32 91 66 45 21 20 90 92 71 58 13 93 91 12 71 16 25 15 19 4 39 56 15 49 49 60 99 53 75 1 95 58 43 60 55 63 32 44 6 54 2 18 46 92 82 16 
59 6 31 77 61 21 84 27 70 32 39 20 36 13 20 30 71 14 42 77 28 73 20 34 26 21 51 23 64 84 91 23 89 21 51 2 93 35 28 14 66 66 33 54 31 4 83 53 17 24 29 45 48 48 78 25 21 80 48 36 64 38 10 4 10 61 5 2 95 85 68 12 50 100 65 32 4 100 84 72 23 12 16 23 12 45 47 84 25 
94 19 40 31 29 43 40 41 100 94 87 36 61 50 85 12 67 69 67 66 52 39 40 64 6 62 27 3 9 10 79 54 80 18 85 60 12 76 100 63 21 38 98 81 88 35 45 54 3 11 19 54 1 10 69 59 72 95 61 32 56 39 85 36 8 21 95 71 97 95 34 17 84 83 50 71 17 94 24 71 56 94 77 57 4 45 67 27 92 
27 58 99 17 42 34 76 63 81 46 11 75 31 79 58 14 28 81 82 73 56 53 29 50 29 37 5 25 3 31 68 81 88 67 97 81 52 72 95 32 69 5 58 100 84 68 13 63 48 94 36 3 98 16 4 78 52 8 3 6 90 22 86 77 88 34 10 92 5 4 23 73 61 33 24 44 100 36 6 99 82 93 1 79 8 57 57 59 64 
11 16 6 32 1 82 72 86 43 15 42 47 37 67 7 69 90 2 20 78 7 18 59 100 71 89 59 27 97 70 42 7 85 47 91 38 81 14 23 23 28 65 21 64 31 79 85 72 80 56 49 39 26 7 90 96 48 48 74 44 17 67 51 54 66 93 91 46 6 65 20 33 29 93 48 11 71 84 35 3 40 83 93 17 90 82 12 89 81 
37 32 50 3 34 3 68 26 45 65 83 9 85 15 90 29 15 52 51 50 86 53 41 69 45 57 10 78 68 98 11 4 81 12 59 15 14 26 92 10 91 75 18 27 41 59 55 55 11 5 57 48 10 97 16 6 54 77 36 21 26 46 77 7 9 35 21 74 12 12 83 2 38 52 80 79 11 86 85 73 91 41 20 52 38 88 57 43 16 
44 15 42 41 91 48 49 77 20 22 89 83 4 42 21 56 74 51 18 59 35 42 49 28 13 52 17 52 9 59 68 4 73 9 45 64 8 93 92 27 15 32 61 70 26 81 77 99 31 46 57 18 87 58 45 100 9 13 51 69 71 70 73 43 30 17 58 37 61 50 15 75 33 28 97 58 8 73 56 91 19 13 60 57 70 56 56 30 68 
59 51 38 80 23 80 10 91 90 98 51 39 65 78 71 92 74 81 99 98 36 41 16 48 100 73 69 55 80 51 74 90 1 11 70 75 43 79 65 32 28 15 22 92 44 44 83 17 24 34 15 60 26 82 59 26 54 80 32 86 30 58 75 82 68 44 56 62 74 20 45 2 86 66 93 30 10 28 98 85 61 64 44 86 98 55 63 3 86 
47 88 15 4 15 48 23 58 3 37 84 74 81 85 59 47 29 40 8 56 90 44 68 5 40 6 2 94 20 5 79 18 44 45 21 58 92 96 68 46 32 51 19 12 87 29 10 15 69 69 23 10 13 42 14 52 99 68 97 19 24 27 88 67 23 61 77 14 56 44 11 39 94 29 2 32 57 64 98 77 84 72 86 96 14 52 99 64 71 
47 34 94 73 22 60 47 82 88 60 37 31 22 27 76 50 28 7 59 91 5 35 75 28 73 22 41 76 73 57 46 71 90 39 96 11 50 42 92 38 54 80 20 75 6 96 77 86 54 35 28 10 21 54 38 45 28 30 72 100 86 17 22 76 7 17 86 9 59 30 98 12 9 17 38 67 64 14 52 18 100 31 27 73 85 16 17 12 46 
89 63 31 57 84 58 16 1 44 24 11 25 21 74 33 89 11 51 53 77 54 70 76 85 48 48 69 64 17 80 9 5 42 91 13 25 49 28 77 92 51 87 68 23 60 52 12 71 3 64 99 56 33 74 40 80 22 60 95 38 39 3 94 32 94 6 9 42 86 85 85 36 24 52 11 83 3 22 5 57 37 3 13 21 77 4 52 50 64 
47 39 54 49 84 86 94 41 94 35 26 30 71 14 53 22 24 88 77 97 92 33 33 47 97 5 23 1 56 24 16 2 14 69 3 97 6 96 37 99 83 15 81 53 28 33 27 51 20 3 99 64 87 31 10 36 35 84 88 42 59 3 96 72 23 98 20 29 93 8 79 27 22 59 80 49 44 6 51 15 60 49 78 98 31 39 33 17 22 
20 59 80 74 54 51 97 51 22 25 95 30 3 22 51 14 53 100 57 10 50 71 21 99 1 18 29 39 3 46 61 22 56 92 48 9 95 44 11 16 20 57 45 74 30 96 87 82 47 95 43 96 18 63 46 18 81 27 8 83 24 20 56 79 12 55 87 6 98 49 73 69 5 18 43 87 65 29 68 11 24 11 58 41 25 4 10 5 30 
17 39 53 89 47 83 100 1 21 57 51 69 29 19 25 98 61 11 62 42 31 72 17 93 82 57 17 85 18 74 66 86 12 70 74 10 52 73 11 72 81 61 92 10 31 68 59 92 79 21 85 9 44 1 53 25 57 69 61 26 94 78 11 6 47 85 67 50 57 77 73 90 89 16 51 20 84 9 63 62 29 47 22 25 47 74 1 55 94 
14 80 88 91 42 45 90 26 11 39 35 40 64 24 80 79 74 99 62 82 13 23 63 59 96 39 57 21 91 63 67 4 94 54 95 36 50 84 13 12 74 47 3 37 22 83 16 95 33 77 29 46 52 43 56 47 81 65 20 71 27 86 75 21 91 21 8 40 56 20 3 29 67 6 66 40 40 81 35 72 9 15 69 60 57 25 59 89 89 
78 59 67 15 85 39 5 57 46 96 12 18 98 41 36 55 58 75 46 90 61 70 50 75 38 10 83 14 20 71 54 49 82 21 63 66 11 19 75 9 14 86 26 63 78 13 70 87 87 15 76 48 84 26 74 74 87 57 87 58 27 41 58 8 13 20 26 23 38 100 31 3 37 8 65 67 20 86 53 7 1 81 6 36 58 31 9 96 87 
96 53 66 88 10 73 100 81 50 74 70 1 5 72 90 12 88 56 84 26 60 90 26 92 47 13 49 77 22 44 16 69 48 81 56 9 53 7 89 55 80 10 7 36 33 96 48 73 3 83 98 63 24 23 54 70 87 55 98 8 50 13 28 98 93 35 58 98 41 47 52 21 8 58 56 41 6 55 13 8 89 10 22 12 84 76 81 70 82 
31 30 31 43 57 80 36 92 38 85 84 36 88 56 43 45 64 35 50 70 47 10 59 8 31 70 91 58 3 13 39 33 94 22 27 50 53 62 93 90 98 29 77 85 84 72 82 47 6 31 17 5 92 27 12 23 96 55 80 98 67 71 82 12 92 9 13 44 22 6 86 20 86 14 4 69 85 85 68 91 68 36 95 11 62 58 33 9 12 
65 59 30 35 40 41 78 48 54 21 22 11 58 41 96 72 96 16 56 33 35 98 52 70 44 62 83 54 47 92 65 11 50 47 97 41 39 74 89 44 94 62 54 4 54 1 75 49 69 82 33 3 32 36 25 27 98 59 80 96 50 97 6 51 95 2 92 33 75 32 77 20 93 82 75 46 35 1 46 3 83 31 57 66 66 33 44 15 92 
24 10 93 72 67 44 66 68 87 50 94 18 78 66 62 60 40 7 94 41 4 48 75 34 56 92 52 41 35 66 32 58 76 76 81 42 71 98 62 57 48 55 26 25 72 87 84 12 93 29 4 49 28 78 34 84 69 85 76 55 51 59 65 78 34 45 19 5 43 32 13 42 39 39 66 10 25 2 73 70 82 76 18 10 5 51 45 73 36 
20 80 38 78 44 15 63 88 33 19 82 17 32 23 55 70 89 64 46 42 37 15 23 12 84 84 17 87 28 41 74 99 20 11 28 63 25 91 3 9 9 84 25 92 59 79 61 47 95 7 40 83 73 62 46 57 46 14 43 25 7 16 24 78 78 3 93 2 93 95 62 54 30 87 45 88 17 58 86 63 16 25 45 88 87 91 96 84 4 
90 8 10 57 83 88 34 38 32 87 82 26 49 35 55 87 32 95 55 41 80 18 56 5 62 95 43 4 43 78 60 84 37 21 41 20 60 26 57 91 65 38 16 13 25 23 51 8 69 5 48 48 22 55 4 36 49 98 39 43 75 98 27 12 71 19 83 30 44 91 21 60 80 88 24 56 62 74 63 30 79 10 30 52 16 85 39 17 83 
78 59 9 27 85 72 97 3 6 79 99 96 99 10 28 38 34 83 100 7 98 29 37 59 58 41 75 43 79 91 77 8 49 37 87 86 9 35 40 66 13 90 62 63 100 41 1 33 75 100 91 72 80 28 31 38 20 5 32 98 47 60 58 95 96 44 32 4 78 72 70 91 61 83 53 60 75 5 44 49 56 35 21 36 14 3 25 33 7 
56 82 53 67 39 99 62 82 31 66 60 54 87 2 66 21 6 78 95 11 21 95 66 55 15 1 68 17 77 52 75 84 34 79 50 72 78 12 54 60 29 65 13 15 66 78 87 71 55 81 81 28 75 99 34 42 51 2 10 28 5 85 11 38 63 61 62 92 72 15 51 100 79 15 66 44 45 52 66 51 84 99 78 10 97 12 3 47 65 
