16 72 1
39 97 2 28 59 10 80 29 50 49 87 84 7 57 30 84 39 76 75 11 22 29 16 63 22 26 37 39 41 9 59 80 57 12 7 15 21 38 96 71 86 82 54 92 38 35 27 28 63 1 39 36 29 6 98 51 31 35 41 24 95 100 3 51 63 61 17 36 98 12 6 35 
93 11 26 83 98 53 10 60 53 100 95 82 5 44 84 88 78 24 11 24 75 13 74 90 25 91 25 74 54 82 8 99 92 33 81 89 37 42 100 90 94 46 23 98 90 58 85 19 33 47 43 60 11 68 49 35 10 73 8 16 54 15 14 97 100 46 38 36 39 89 77 32 
35 51 30 76 8 66 94 41 65 88 52 75 8 100 10 69 24 69 84 29 36 49 25 35 94 14 22 33 3 99 64 89 1 45 64 9 63 9 1 27 49 52 1 8 3 62 76 26 83 12 54 18 60 30 4 6 96 25 38 50 75 53 38 76 50 53 36 12 13 88 90 61 
91 42 20 93 4 96 70 86 59 75 55 18 56 58 75 51 34 64 100 9 17 89 36 66 41 71 29 6 58 18 18 48 59 38 92 14 85 61 51 43 35 5 12 90 14 87 93 48 50 92 8 18 33 43 35 73 65 63 78 74 32 48 73 43 85 64 8 69 76 59 11 10 
15 74 51 29 12 43 28 62 87 87 31 19 29 66 43 45 80 73 18 64 20 42 6 4 5 13 72 80 23 34 41 38 59 43 18 71 38 45 84 24 31 14 42 11 31 36 55 11 8 24 74 27 65 31 82 21 95 5 52 18 90 44 55 49 86 72 19 23 68 54 98 50 
67 39 60 50 27 66 60 34 89 85 13 5 15 94 25 61 99 76 78 88 19 32 36 56 55 6 79 74 59 76 23 78 67 82 27 93 47 38 78 87 22 90 43 88 84 67 48 34 94 78 21 64 61 9 20 16 14 50 89 25 77 12 54 95 45 80 39 44 17 17 30 90 
6 73 29 41 91 28 74 37 5 47 100 66 55 71 33 20 72 21 44 49 84 97 95 81 28 34 24 96 50 5 85 7 29 13 100 20 93 73 56 97 19 7 62 73 78 94 45 49 67 88 49 2 37 44 82 64 77 57 60 78 62 96 84 90 61 35 61 53 8 16 1 78 
75 63 3 52 8 47 52 26 86 53 80 22 96 13 38 24 70 49 1 31 44 36 72 56 71 33 8 30 100 61 7 74 23 61 77 82 7 81 60 93 33 39 14 80 3 3 3 72 51 55 54 95 42 78 2 12 10 62 93 61 22 100 87 96 60 15 29 19 47 88 11 31 
78 76 10 81 79 64 4 81 70 58 27 12 87 29 75 48 90 68 8 11 19 46 6 30 13 34 48 59 74 10 90 3 38 51 83 68 15 87 48 84 96 75 47 82 55 22 29 44 89 88 6 7 86 63 88 98 48 88 56 21 97 97 24 86 48 58 53 14 96 53 97 43 
79 44 24 33 17 4 76 5 44 33 63 29 95 50 78 42 89 33 15 86 82 38 71 29 47 76 94 43 80 42 85 58 37 61 90 53 16 17 57 59 49 71 39 95 73 16 36 61 1 50 98 82 39 21 62 86 48 55 28 27 96 64 84 33 24 25 85 92 93 94 50 93 
16 41 87 40 56 74 1 56 24 50 89 14 70 2 99 17 56 78 95 4 94 30 88 17 54 24 60 98 17 10 42 85 50 28 24 57 54 76 65 77 26 53 42 47 55 41 16 62 70 10 65 63 40 4 32 45 28 91 95 96 52 36 80 53 16 4 10 69 31 74 97 8 
78 38 55 84 30 70 46 100 31 62 14 70 18 45 67 45 36 61 40 39 96 20 92 11 75 53 31 57 78 27 65 55 17 19 91 46 40 88 97 70 1 11 40 18 55 6 62 42 18 2 33 13 73 24 76 99 76 58 55 53 37 71 59 53 89 49 50 80 36 99 50 37 
9 41 6 15 98 68 9 15 21 41 79 45 16 6 43 43 64 49 95 52 20 5 56 60 6 5 40 41 3 41 29 63 81 35 78 30 54 86 96 26 78 74 70 93 32 64 35 47 64 81 98 83 85 53 95 42 9 86 35 64 26 15 26 58 49 55 87 54 92 82 79 69 
7 100 61 90 63 47 36 27 27 33 61 64 37 55 57 98 92 91 61 17 6 86 26 6 93 12 60 84 45 90 53 4 90 65 93 4 12 29 82 90 13 43 5 2 49 62 99 41 52 59 9 57 96 35 63 88 98 74 72 95 15 76 50 4 40 42 60 3 22 41 93 87 
35 49 88 36 10 86 28 14 96 36 70 91 22 84 31 72 9 54 66 24 29 15 79 68 8 38 71 82 79 15 68 65 63 55 100 25 92 27 38 39 15 59 81 36 95 11 59 3 64 24 26 92 90 57 12 50 94 82 31 24 48 50 89 10 56 40 34 47 67 23 37 81 
82 17 68 76 80 27 30 43 2 8 87 44 64 98 45 57 31 75 33 78 76 73 87 31 12 73 29 30 95 65 62 28 81 82 3 60 8 33 55 61 40 93 56 3 90 100 11 20 26 95 49 1 19 87 31 31 59 11 12 6 75 74 33 8 7 88 19 14 20 25 26 11 
