84 75 59
24110 94575 49385 28506 98337 64062 94444 76822 30204 97454 92266 95489 28023 80420 68109 75637 36200 83262 45097 71734 52687 62349 39539 42477 47203 67377 74157 22623 84412 77232 84208 24873 71806 49944 69730 86494 14005 64173 79667 60561 61626 71932 56049 89649 68703 40509 65285 4903 40123 26733 92988 92809 5433 32526 35286 68988 99902 25794 7962 666 3025 92170 25538 91182 42113 95268 94027 72470 75792 73693 33030 37418 45624 5430 43418 
14327 62290 25054 35581 2412 68138 28568 11573 73571 61094 63210 58910 77347 89003 66871 94364 8380 75392 19902 15913 33857 31521 9940 6326 23664 83632 55707 77433 45608 77488 20850 76286 39777 62255 11866 42189 30393 40433 53761 20315 17878 33322 95576 95225 22324 62446 89588 30703 54190 25841 46616 88046 73713 56555 10723 97377 56538 82781 74809 2145 60268 12011 78430 44 90617 6647 58584 21009 63432 28696 57675 81309 62017 53250 92885 
84341 32048 98825 31395 2589 41017 78010 90634 14730 50916 17708 28458 23806 488 3266 25950 77107 31628 20732 93502 22245 43730 52086 59605 7161 80781 33632 4822 59150 3233 14058 43490 35280 12882 74884 54220 70251 69246 61205 84980 36513 78912 13437 60318 95751 33054 2620 72857 64682 39703 66359 3278 83432 34796 62882 6945 15576 96513 28118 91077 99746 42175 34566 51377 71409 25802 5597 41659 95047 66801 42990 47911 62065 72778 8229 
57815 5831 27200 47024 86864 66902 29734 90141 66685 80881 69375 73629 12808 65887 18098 3885 81984 60273 38450 49713 48033 80603 71661 6043 92001 54813 49032 39912 16877 21809 48140 91044 43991 91691 54419 30855 58592 504 37347 25276 81384 6721 15257 94191 88960 33354 98075 87295 9978 52877 37007 58010 33479 25019 80404 25480 79832 45787 65391 13060 83947 29882 4103 27938 21572 74873 75144 96515 75376 12490 21790 73111 35563 37046 67302 
24522 70400 81728 28168 80377 34604 81527 54739 84435 6545 51494 9914 86376 97281 91656 99436 97579 37889 19890 25516 75812 11115 17011 72326 2842 45853 10467 75953 81415 47513 43254 22288 34264 41333 66807 30992 75937 48333 2082 60371 54878 53576 86636 57605 67208 78291 73392 64786 32531 9634 6654 8342 20748 23664 80667 23589 85868 91133 99541 83634 54997 59146 22273 5612 479 89080 36604 92767 37412 55037 69489 8641 8612 56124 66246 
92171 50766 39637 56957 83296 49270 79962 91637 70017 3625 88655 9958 5845 79787 9498 89478 51136 84996 11751 56747 1826 17182 93350 94592 54593 64739 64080 63234 73350 20203 45831 81873 87320 85467 38829 70615 34737 18790 78603 21105 38766 67257 47414 60962 63395 73264 50440 14530 58259 78542 71277 60084 95723 80978 54675 66667 45716 35106 46252 35418 71660 92082 17290 58979 93901 72470 45945 44989 7611 24547 66093 62728 91803 13507 23690 
71549 86770 90481 86079 61380 69022 73707 21463 81096 71036 92489 64114 16752 43946 10366 68521 15605 18799 2162 74583 12699 74631 20527 57687 98593 61425 40132 61320 53227 69990 85009 41127 73111 91841 27205 34490 60862 17263 72304 58309 88299 81144 22423 21402 25089 49140 89922 40693 84290 92083 31627 13341 83065 68505 87379 81657 29929 27510 59328 99507 13851 60689 40633 86961 52529 84190 21450 29743 1452 10105 88051 89750 91248 26825 11151 
16336 92316 17424 73380 92958 25858 21358 6298 8922 6214 93676 6930 36142 37538 66258 52000 51388 26946 8985 54701 79474 93174 76150 25568 94625 86255 13619 727 93854 56795 28229 26542 65463 45653 16273 58420 71510 37631 64717 96784 43844 74744 3713 96338 28633 86322 48337 96373 13267 57321 51073 9093 66846 43574 34660 77823 46180 64630 78549 40034 37777 6777 82927 3239 68781 99199 61658 40291 36829 42726 37074 97025 33821 57138 93362 
78806 43460 58050 75178 73078 31723 42602 82170 14920 86175 33182 92742 32355 14163 71290 88740 51939 94419 71666 55177 63199 70864 33186 19841 24045 92263 73266 21069 26084 30404 30782 21241 73863 5183 96418 46940 53257 39019 45462 68177 25193 78643 60918 73899 9157 48560 78990 61096 42978 50655 32624 22528 37871 82162 42369 61915 74424 15634 99335 16859 62389 46468 38099 36251 68002 50868 99543 21259 89886 45004 89435 31431 39998 66704 21681 
49154 15263 671 26601 74592 67677 75577 97120 5547 57738 55840 67461 48513 87825 83147 65372 50214 29614 19822 2816 97616 70690 2358 35226 76927 63713 24660 8357 3710 91363 46390 69216 22978 47060 12168 97569 31088 87744 11040 36635 45481 66879 20447 93994 71056 3594 75717 37621 49559 95538 40436 63526 66227 59146 98751 43154 39210 39762 67862 59272 47477 30603 28487 70454 94014 40654 68022 25102 44750 79062 61736 90230 62292 82182 84223 
49699 2127 76291 87319 68038 71829 44107 31563 54407 19604 46666 97560 58813 2779 81774 18084 50255 12376 62922 20708 22742 19928 5082 47843 64677 495 9578 54906 79138 8111 55481 28837 10238 31771 16155 94627 19951 76613 26189 74358 96216 89206 88269 55029 91985 86394 89464 42239 15122 52386 79299 37863 72313 84380 85705 53341 1226 95282 8246 80363 19744 80078 9199 29981 28201 41706 40959 48151 18318 83500 38860 30886 72705 27129 85914 
81041 13522 75377 23280 28643 44114 18930 66505 16426 19661 52209 86118 20886 63842 94364 17600 83586 90793 26799 29918 35345 84856 70877 83496 19525 54376 38707 50410 43432 65835 36323 24473 79357 28052 64104 24351 72165 83033 90856 4943 19045 59416 91060 39930 23258 1775 73881 23195 8920 17031 53112 44264 1886 40340 44111 21411 94715 82818 71820 38147 48652 24495 62619 44360 68898 26722 85063 41062 26106 75918 62356 45150 51685 69768 1431 
74942 87894 75311 14488 96813 92342 67600 57429 10579 7939 1539 48341 19006 708 36513 73504 65712 61007 52474 10071 46256 95547 95133 3669 21652 87402 66025 83153 39087 35792 935 30380 40037 92597 44868 36850 1290 28819 94278 11869 53109 12168 60209 88466 12876 13073 61969 78587 90431 30794 5009 36686 26340 16494 40355 64343 20247 6379 63847 59333 58522 64781 6065 98558 57378 67284 51759 58667 96102 62388 86887 65562 74556 63448 54028 
3783 76520 32348 82369 66951 63142 3729 19988 5833 20222 60342 70176 40469 83072 50374 16153 41593 15155 38569 56503 88884 5852 24613 63902 18305 87001 67141 83867 61556 30588 54246 65338 23459 2945 64058 6761 66086 67786 26749 88271 4360 87090 74798 61180 86514 25171 77332 44458 40325 15901 960 45560 38104 25573 25814 56409 12573 92954 56627 90480 39893 10872 72169 63351 13816 36226 86464 96254 20363 13212 84524 24722 16653 59321 85901 
3166 843 79585 47624 41168 11837 64935 3079 49940 6859 28892 22700 35783 21845 79326 26262 61737 6549 14782 41440 36717 51007 27903 49322 71370 57466 33845 96091 90470 9517 98344 9988 10359 77928 73963 67878 6116 38897 87309 72407 62108 16200 95107 97890 54397 90784 40504 32485 97333 55285 73924 50401 6292 18178 99722 94013 91995 49918 6455 82465 75786 4798 92452 86144 99077 66414 70374 21544 21662 74034 93951 83769 90233 89057 98011 
60981 79840 38514 93466 93524 10150 67389 43924 32793 1919 43645 26805 93913 9914 33260 76377 85699 54409 85180 88195 69838 67945 74920 7733 5959 48953 1683 6079 39185 7091 4089 166 3283 58954 9983 96806 69104 77371 57082 1896 95641 17078 45053 89554 26992 94664 82282 12690 65424 83814 17236 51613 51758 92155 59346 74068 41107 61028 80147 96644 84471 587 96809 87753 59541 23143 84558 28644 513 57991 46891 12506 75069 91943 2059 
18412 2958 84340 47453 68382 68153 64689 19994 36263 56843 79339 10330 97950 56719 6828 94593 41189 7415 7753 28941 66955 30895 29850 11950 47759 87841 58840 60264 79261 67135 78674 97672 70092 79366 45124 38473 47518 26164 74819 132 83007 54157 26814 97308 10875 33641 91900 52063 41055 16004 97355 8009 63250 27205 36310 27360 15045 95150 87624 10657 78636 82649 8328 65079 62014 69803 19904 9532 95967 94722 26015 95325 65230 52828 92632 
92457 86469 84531 44519 27523 16886 58226 51884 80135 85430 88193 7494 16826 99694 11469 27482 78329 94118 52161 59760 56131 38315 96015 82014 34281 90736 24381 29605 72317 77208 22236 64773 63676 23118 25644 7551 56355 83869 59434 52841 69298 47626 76687 2475 47320 88155 46308 42000 98624 98468 18111 71107 36782 14125 69472 87415 21212 93852 33371 9881 87412 71959 74653 67439 11428 296 74989 67783 516 50774 36975 86165 98400 13661 88639 
62071 18168 34946 20422 16791 49765 54885 4249 2899 85361 73721 6665 6573 83924 40035 32805 71335 28345 7457 38774 56125 24105 30114 40259 24620 80888 77233 10785 95639 90894 15775 74061 9061 50721 10834 42203 16837 65718 46452 19735 51079 36524 26399 74003 36799 82786 6807 24486 27482 30615 79611 83606 54719 9724 23864 95691 6963 1097 22827 2601 8342 38601 93013 33754 5673 3847 75956 22510 85916 38759 58596 53346 75282 84995 27348 
28433 84132 50506 52918 11613 97473 32528 95219 68543 58603 35434 64233 65566 52882 87059 84518 61223 42012 77531 94976 47684 97729 70932 86545 83644 26042 45141 36990 1324 46487 80689 46108 30618 47547 15377 58582 45019 47904 53800 29913 22858 89234 94146 4775 42115 97556 5645 19690 39567 83175 14665 3603 97255 1948 6499 97250 27990 67991 34239 45665 14477 31280 91772 61446 95178 7148 20028 56548 71403 90179 86460 10612 79412 80605 15387 
37879 94513 37383 57568 50431 36909 88584 70385 34163 90532 76884 31412 34873 44874 82003 96889 75703 13282 5012 53500 8459 28511 73527 81358 16265 63706 67817 26876 59469 64774 58614 13699 59286 95996 71266 26068 32904 76202 96453 83418 83085 89688 14830 17957 50913 96832 31197 42967 26465 36208 96467 51275 64718 69993 32632 80982 50050 16800 24209 25871 81573 82823 39569 57210 95170 27187 83278 44426 3388 96082 27843 2824 85769 42672 37132 
36681 55855 68328 79648 98671 4535 76114 49945 85604 62458 98928 66585 28860 15728 90793 54730 97300 89967 10650 70862 1489 37836 54139 45914 57575 50220 73756 60398 52340 32780 97529 89020 88634 82208 85019 3657 86742 77484 69953 72345 56294 68881 55281 85153 960 62426 56234 14611 68744 66883 85472 70232 21071 55962 16145 78645 6181 89901 55395 58520 22680 52923 63892 27665 51483 65262 47673 38224 42746 17626 26921 99039 2858 98553 543 
3817 60978 73128 34779 46074 40010 20251 16305 77432 76212 32450 56077 98745 38702 11471 73616 77733 80745 37507 21749 32227 2769 69422 86803 61866 3399 30075 77256 6256 28627 77798 10072 5957 67277 44850 68382 7286 81452 84686 84718 74016 33487 57146 72760 72188 84968 46375 66272 82064 234 88021 30643 3002 73794 33797 64867 77192 63871 58474 83447 8849 36271 9870 31157 19899 71071 99538 27184 52523 576 28253 42890 34062 1750 15649 
6250 3069 78375 88873 85133 78608 76893 32127 97961 50686 65923 79179 44229 46145 37652 27675 71345 90274 53896 18854 10172 24967 18391 53708 93841 18966 98312 36730 69380 62 68730 91981 19482 47104 80853 4614 25712 74098 53092 40024 41135 19014 19203 85364 81510 56854 29390 52855 47128 83286 71708 73651 8252 6450 27358 18444 41768 25670 55173 11147 42083 23902 3127 61564 87357 331 82530 13068 74428 35621 53092 15563 70987 88646 926 
52496 45499 46667 21702 8978 29952 93409 82629 54555 16211 9986 72998 57978 52007 44522 85476 94089 84775 4954 72005 72132 5284 54534 1551 79712 6506 54642 11626 77492 43287 28903 46340 5138 75569 68041 14115 5521 77802 96743 76427 10364 23081 65777 68341 75087 10298 53816 85528 95073 58769 57532 83556 80404 12065 85106 76467 18570 56100 88092 12414 15738 16994 75105 20875 92563 43145 51342 14435 37298 64436 7213 47661 87516 72989 32353 
78955 83287 2520 64482 94711 77640 22013 78266 58044 50429 79723 34510 85350 35822 22602 14115 51560 55947 89219 88786 64861 32364 40127 79295 86013 4563 86508 50026 8430 75848 82378 3736 75486 84898 84569 86548 62537 6581 81165 36932 73361 60888 71442 58711 96709 10395 72825 64620 66341 62044 53406 47554 10759 9884 43200 13123 30798 29707 63148 39228 21907 61878 59315 97392 63127 43884 83940 25663 66816 65104 78947 40177 25991 66740 15239 
39052 77134 4415 3671 59826 82810 73428 7379 9920 83312 50579 23043 30461 96637 2542 69688 34895 64419 45355 32287 27545 89238 32578 69560 56053 97681 48506 12581 40024 15245 27819 95427 8730 48586 99097 84907 31395 88877 8638 41315 88540 75568 80709 19000 88556 83250 5040 23451 47669 50394 72089 91565 55983 4666 61124 12035 18698 25981 40968 75073 57577 85138 70499 82658 33723 85948 67565 81470 74824 92554 22784 79715 84473 19844 98714 
73028 3093 3753 12830 67113 70498 1270 58678 26480 22287 36153 54867 40985 62134 12186 16057 36062 97323 2908 18720 31046 88855 2636 12515 63678 95189 51650 59744 79661 71493 58457 69040 90937 78562 81870 58050 65411 99491 33079 8243 21778 85583 63109 79114 47716 91646 11522 130 88968 14429 18849 36365 3283 21484 65231 83312 16672 33232 43055 12684 21076 17864 81723 12013 96425 79944 86414 61835 79435 35844 86429 17564 21426 49537 96677 
85494 57534 8198 85623 46502 22627 4471 99218 42261 42306 64449 25573 58977 14032 84979 88012 35108 2842 69734 47120 15618 66030 49885 93805 61816 85728 80233 79379 7153 46122 92407 92646 3655 604 94620 66508 39582 99090 65726 81843 41395 46526 23767 16723 60557 8745 21086 95664 27939 7172 59135 43556 73201 25371 37360 35016 11098 17593 30746 34603 63714 23152 43600 67368 40107 38220 50228 79689 53661 15953 77883 11408 62478 1649 44482 
39386 26745 65568 35050 54683 72739 10536 98239 62291 35907 35598 13658 63356 69542 44403 97958 33255 83906 57910 16975 24012 96129 67202 3700 66141 99506 81582 93900 78335 99582 38382 17720 26327 20301 52769 97361 9391 79657 95599 71681 31915 47549 85338 95270 17090 46092 9580 66697 29997 67489 23 54008 79969 83576 74060 62461 83081 71993 56361 61415 71575 11094 95486 14253 31394 64607 11613 57136 44263 7212 28816 76177 71112 14153 87798 
88201 76596 13729 71249 6592 97569 87623 60599 93889 71198 51010 56350 70630 23003 29062 48396 94577 40155 43882 8829 87900 24840 36793 45035 69102 44004 90202 61630 31467 20706 65779 36020 97301 79508 7268 3892 77076 11243 80842 70965 98792 31852 43666 69422 54854 72727 34169 65782 29233 94402 74610 33484 19241 27754 78518 4694 71758 85071 82675 19576 5776 48454 55595 3076 44313 79215 23319 37740 90457 4160 25056 89248 52363 68721 75021 
23568 57799 25542 89349 87031 36295 80310 36866 55536 8064 31735 76581 96173 16805 59256 15748 22580 24061 71343 42007 68373 50557 65325 22464 41013 85837 47520 30260 38199 32592 21633 61767 90391 47174 51115 93773 83468 31425 30639 55355 55840 62373 31936 52012 95530 7543 67759 18109 47955 39101 60116 32679 6009 41792 55142 47021 27628 2661 93633 82179 35253 15265 43945 41995 78790 11411 35767 62257 59187 82757 17612 15026 61482 65899 67037 
57011 89793 51148 91471 37747 90248 67938 70425 12609 9730 25566 59629 53709 44579 69613 35887 96183 1229 96183 54529 80018 7594 90295 58627 83132 89404 92590 98158 67237 74840 81546 24247 64632 32693 32069 18730 39293 7 5506 51901 26088 47423 27881 96148 92001 97494 32035 4535 15074 28217 59063 11444 52162 65710 86422 35294 71465 79011 49803 38701 70202 31348 79299 51185 80393 11367 69914 19685 27725 75419 71585 70164 22841 15817 66312 
31194 29662 14698 52080 44736 59266 11143 72531 27780 93204 58952 63073 64668 37962 29227 3368 8163 60574 99018 59347 57318 26736 45612 77002 54461 37382 64938 40976 76574 80755 23639 7767 10416 54688 76199 71503 13954 87341 44033 41733 96896 2984 21157 61563 57297 66735 81282 65459 43660 96651 41157 978 23386 3120 77979 94198 40501 59269 35174 17075 40023 75164 41193 50438 29852 17391 21941 43805 21083 82325 1889 17978 85309 39397 95892 
42605 6131 93525 24416 49790 6527 65572 50767 29913 85044 45098 24110 25544 4366 75635 58970 60740 50799 163 27529 80650 17553 49469 40806 54988 31794 59046 89317 33454 98442 85209 76058 20924 95085 473 70713 1612 82397 37832 31524 67440 99281 71985 9335 19998 63972 68305 80737 14770 68467 8265 11771 2371 74086 68928 57358 22231 27973 46675 55684 42766 48235 31741 63689 59671 48566 50753 77634 30962 4936 9157 14753 20568 97494 40439 
40565 61465 8743 21301 92586 93561 29566 20708 12284 20003 89635 69641 42233 33959 32667 97916 76724 97253 46008 56764 73276 94573 23868 50909 41886 45156 76418 72990 65723 73911 13429 6288 51727 22171 43940 60664 32084 89857 81371 44367 9859 87357 30359 52091 21315 79378 50006 14390 76630 12366 87505 66257 23290 11372 17166 65176 56527 93583 38165 38602 83845 67945 44889 35571 6468 88828 12586 38551 95037 93956 82917 4895 81312 13275 56986 
18978 92652 23343 49719 85634 35708 37223 68242 75350 64946 85407 40525 37825 95341 95041 76426 79185 79338 37666 31107 85805 26493 43692 24355 21529 53999 7271 42776 51662 36897 99761 70639 45901 39455 36709 47886 91515 73931 16127 66864 55229 17886 7388 93053 13226 18780 69478 92411 98117 7143 39869 83921 49987 83561 24627 87868 37559 48249 30643 5573 1498 46755 92563 47398 86209 29272 11635 77723 19554 44113 44586 74782 61998 68325 67834 
75224 3457 53663 83986 17925 60805 23854 18198 27144 23766 42824 31363 77677 7425 62005 83249 8922 25111 75811 72671 11319 5082 84305 5394 24636 28417 66331 15769 6767 51008 83603 98342 70816 53617 82327 88740 30774 22532 23289 57917 46298 82465 89279 23974 89889 67635 23574 98810 92745 99384 71480 20415 20818 72136 42160 45453 16904 24843 77573 23670 92202 61175 22011 63017 31144 20689 68108 61917 59573 91397 19833 5870 90213 25463 46195 
80101 9449 69768 95262 18545 85503 83093 38959 6320 71580 97471 51772 88483 22313 45697 28505 30866 23223 66867 93882 54366 87556 61989 16282 63480 69737 52466 69349 76301 77928 31895 56401 3728 18014 68014 22272 3516 67458 77583 9836 39037 75053 77959 27520 13717 23655 56024 44582 46878 39242 54815 1243 43149 33155 33877 6628 19244 86342 92328 95544 80622 24222 68297 84349 42235 36310 6621 62103 3768 84203 71938 59156 75607 49896 86675 
89323 73551 59050 50256 36780 98292 5070 38022 57792 38224 88250 64420 57467 74592 56747 53011 71565 97321 37659 55913 55907 73968 78885 18009 94087 63087 89946 53243 55045 39842 56269 44367 29744 31671 10974 66523 46314 32395 20896 4105 70619 9146 68524 44437 89 41623 13799 71653 38943 51457 27565 94849 41777 6450 12858 35863 85888 2803 5457 40933 58996 78078 1651 5091 9748 12625 71613 56061 61371 8861 76517 31989 34358 45041 92778 
34446 86663 6576 6098 41957 74385 50014 36805 16161 72815 66014 68375 58703 68817 73832 15987 44164 51909 33989 49255 78008 62965 37219 50420 24336 46079 26936 56324 80436 88328 65453 31233 91342 72029 37330 33298 46413 3696 86455 78925 76510 52468 47299 51564 37636 37482 83902 98152 5742 17891 47406 83749 80855 84624 34168 5190 47055 77456 61514 43842 65783 43318 75075 73477 15346 28756 23126 78110 32451 9580 57034 25313 78400 20685 76876 
32387 58166 77130 30538 63908 95020 77943 47656 75874 78919 98176 81064 42325 91983 58929 86166 74117 2246 77592 47593 33944 6348 70719 12053 55150 96650 85439 80462 75049 6123 73690 7436 64288 50819 37973 44547 45838 32268 92203 38063 27538 6730 19126 69862 98712 94406 72379 72828 96652 49971 36773 30595 72670 23843 58999 27819 20492 60789 24633 11893 66911 98322 35680 47551 65492 90004 92097 27681 22271 651 82095 66160 7380 1221 52373 
22443 95626 24752 11623 8629 74722 64747 55575 47391 88589 14574 91561 9080 91714 16193 37324 74977 30866 73003 22527 12709 63007 30975 56741 1629 47978 38836 67789 55357 40056 20161 94152 52033 61264 22126 77014 52337 86872 32588 99727 75460 63513 7640 891 55227 23832 38215 30203 54698 11217 69081 83758 90575 55 40499 92204 48032 79334 76344 19741 19389 12856 30244 87773 74120 52369 64786 26456 39240 13726 42535 31051 77238 50174 31941 
48816 74005 70155 79018 45054 97724 48098 28812 88298 64505 69310 96853 28888 48643 73196 64980 84383 86052 95223 88507 76523 63943 69645 2978 19534 83370 45512 50584 76959 12037 82525 25775 2394 69031 4792 47447 66754 69242 92610 71404 50098 78271 68256 95337 26913 41452 60317 27647 43855 71891 16154 20377 35834 2150 23354 55367 85519 85218 22303 62477 13606 4827 4603 15999 90209 25747 63446 56963 94988 72407 28366 61437 50678 96621 56773 
93942 54424 33441 21589 98278 5332 54094 18654 57517 56243 58360 29235 58113 59929 51537 36941 73534 72715 41544 89533 62924 67290 69330 36238 78629 41736 80955 40065 92413 93927 13189 86355 48351 62982 24295 46628 84665 78388 65282 42181 50982 23641 87767 9094 83569 55656 46034 57102 44722 3929 62986 23997 71218 32315 60234 49846 74051 41188 6262 82815 35115 35803 69169 99817 98784 9815 46444 83448 88202 28077 41980 55535 51717 29746 64628 
51637 1753 27014 25091 46475 30942 4428 70471 18512 36743 47057 84709 27145 4596 90971 9959 56062 26773 95480 55878 41908 5294 2322 25355 93496 30398 67334 49030 98467 13431 30010 66455 15184 73375 7897 61658 4316 12325 48480 39179 49067 95536 23888 76211 132 14858 2521 56193 57982 98000 12071 99889 3294 30744 25243 13141 77493 8928 78522 75959 22358 24883 58766 37541 98257 66662 15550 18925 78986 64030 58103 44404 59565 81990 36966 
76048 13199 39487 32241 87532 53838 60663 87420 57131 91406 29014 86623 68898 54293 81497 61209 76651 6379 19974 30543 20988 2987 62445 39912 98325 26474 14366 42728 2390 12708 96046 78438 25906 35532 27030 29790 89369 87692 33561 62852 95449 62575 65826 64346 33219 47322 41906 26221 70053 78231 73116 91040 81218 35560 47303 95894 78385 61668 38621 80774 74375 51018 75563 16633 86549 2592 46422 92270 90283 79982 71473 85731 58908 53650 66429 
92127 17324 24686 34699 87376 2917 7814 94767 486 43373 58421 96379 21757 20088 51351 18883 10815 2369 94445 43799 5269 97037 6572 13890 3671 2905 85362 5754 78165 55364 72182 86643 72687 96867 21341 76414 16135 29155 71180 16620 88879 29600 12998 26988 66039 80701 45870 93205 83069 56666 53355 4689 70054 59926 18579 90077 62831 20292 95830 40995 75655 68011 27637 48341 81229 65329 24754 97364 94483 12285 30335 99714 58236 59685 26701 
40627 40385 72570 50183 39805 45587 3538 44493 15641 79815 79423 5717 58997 99715 17898 16343 91721 2260 60331 40062 83488 25660 81167 97203 20142 9804 27538 19855 84391 87222 62907 25017 43958 51828 91552 83762 97415 95089 44606 29407 74903 40381 51475 50252 40095 69372 66594 31815 71631 26925 88228 71470 52584 85747 68673 89077 95550 12562 25284 79940 16135 88190 21309 60092 40018 12860 60205 53784 24300 21162 83190 15554 61542 51016 65805 
17988 36739 32399 66155 24721 75675 54382 96190 28258 40128 81214 33686 52029 93775 58969 48321 26261 63511 85981 86352 19880 15192 62908 73663 39491 422 73204 71396 61963 40571 37201 96303 77309 85951 62457 2029 61625 16838 98218 6234 73318 95784 56271 41698 5910 31592 6370 32171 95102 92350 34874 14981 7541 14134 4995 63383 14555 94550 34779 92869 35120 88331 89171 12428 90633 51627 14456 68609 84817 29025 74842 74486 24808 47464 16183 
47070 79055 38905 79240 74156 31254 14113 5488 55147 28246 10482 18529 59152 21383 69659 52021 56502 57989 41191 68929 48621 92818 99736 17229 77634 28761 8422 52119 69920 55886 84653 16989 34940 23557 12580 25448 71163 43045 30935 26309 71290 57769 61189 46794 79151 30848 98814 35653 5188 40004 20933 53809 32821 20669 87389 26806 65781 95811 95276 52052 68048 96281 85393 2987 36189 97972 28434 7351 41016 75721 50011 28658 33489 27552 75451 
12639 74751 74264 64643 79938 30619 85576 33746 63440 22596 37487 6597 4728 33297 18225 56779 17696 14505 42171 20682 67045 56495 65468 90748 13862 41188 40758 42519 91028 84661 34321 20018 59411 24936 84661 39349 55555 86588 89446 35346 9183 26932 58294 13910 76580 76518 87040 94275 7374 45563 31309 74419 2057 96776 65166 15918 54315 22275 74789 45342 6936 9109 65359 66346 50397 66371 22046 5951 52958 11492 57648 78492 54775 15941 8753 
31355 92459 95793 41981 99832 41355 73289 74250 43411 86416 55767 75680 57082 78042 50468 18775 84977 75929 84134 67674 42677 66856 89720 48627 19814 17563 6274 14657 72337 22214 23410 20043 31024 19202 62024 30856 60556 51664 21457 20318 54432 77224 12349 11513 71617 79169 30288 72945 71449 30773 40618 14125 13980 46689 62751 33793 64251 85376 64802 52940 23941 88211 72982 54965 23764 51357 2172 671 3021 39980 20988 57452 33555 49688 85316 
5171 28856 31955 78115 304 79079 35085 14428 93059 81773 93530 43203 62376 95257 8004 15315 19198 12566 4648 90514 36329 56005 9037 36999 59025 49016 74338 32828 82571 24026 34495 87741 69233 66450 82208 69537 61880 17292 316 54938 99064 10198 14493 77791 5454 22496 9457 41003 35062 14105 47868 87742 70109 56904 24741 45485 22272 15430 94664 21194 39455 45510 25286 25040 11959 7493 94576 90191 24784 11243 45128 40200 37792 59620 34342 
43246 98468 43799 600 49881 57903 48468 37622 44363 21723 78714 6199 43994 94144 17214 65187 49950 62723 90473 74989 91034 14317 85916 81224 39101 97159 42703 95652 34950 18675 29993 94547 17142 73791 95147 83374 48045 59966 37347 8759 81688 16061 31309 42034 10204 48522 23572 76505 27597 30396 51494 18630 44713 37409 16205 165 50919 58907 95816 2221 93933 42160 96767 27426 32303 8265 10799 80347 84582 48146 5458 66270 80558 36766 24655 
7113 1640 48226 83617 29236 94974 35110 64217 39686 72519 80421 39850 39789 55679 52017 42009 49612 94176 55128 77037 26478 63392 4188 23177 47974 68685 28634 30595 49242 81751 55249 56354 99742 19826 39970 45329 14799 91432 9545 70836 80302 6317 27037 20090 78348 79053 78451 44311 89581 33578 37699 32410 13321 41886 55586 61294 10570 571 8240 59811 98674 79840 32516 98415 16018 88838 60096 30816 80269 85992 18004 76922 8661 45040 13363 
87008 40445 91813 47670 46377 25390 85368 78786 38711 27254 50724 16356 54175 67646 24596 30338 66319 4435 62853 81086 20452 68042 41181 67620 64662 43524 1975 41583 52184 47014 54946 39191 3810 46758 3212 50186 88500 88580 28972 27210 32185 79695 43565 86359 63692 84512 16696 30011 5299 95901 27448 42102 63942 84980 26073 28604 28503 28047 86538 97039 91413 41483 52581 95222 4593 55793 45408 93092 44372 74379 36653 76556 70425 96569 62914 
34116 97433 95962 80478 2731 91862 24277 44832 55803 9256 87257 758 54111 15303 3648 51149 6715 61482 3729 1937 66074 59521 47344 75517 20244 38074 28521 96799 8498 25090 76065 58965 22522 72026 39443 25252 63887 63719 86435 36041 89327 73691 53151 43437 5346 56798 10937 12060 18279 14665 30348 705 90538 77691 76221 10781 32116 4742 23932 40613 46183 99996 99578 68704 88373 55372 10307 68611 19090 13093 4651 8416 3136 74153 68204 
8481 47302 79140 36892 65581 10157 67240 82637 17046 61282 75209 44178 93398 96302 68109 50362 42484 84456 66291 27539 72828 21662 54197 41438 57104 67290 62441 81871 86777 36593 50075 95257 83895 45566 48500 65827 72074 32091 64815 89119 9725 40023 33297 3122 36325 17757 69835 95160 2213 36126 22699 75040 74139 76895 16478 31242 60536 95270 13113 47312 31862 79539 58920 32108 25104 7420 14286 13530 39510 79100 19000 49234 35475 68648 68707 
71799 86405 54894 83310 4969 91019 6008 80008 81509 99255 12837 12751 59790 8106 42215 7102 56320 21753 66021 4779 63208 73440 19065 93089 29302 14516 12089 94887 49990 80736 63594 38140 67140 34839 21450 88460 42209 43809 68468 23717 43063 97656 52819 2853 22114 11385 26306 94785 49489 92326 99563 12697 82118 34979 22137 27771 49495 34225 22657 15836 14961 2602 53976 98452 37440 91777 3264 79648 35585 71731 19717 95000 85738 72535 14204 
24203 83920 40509 18987 33408 49186 34902 62456 47655 69880 84593 91777 19374 35169 14434 35210 66481 33387 5537 81285 87179 97313 84548 83178 49249 72630 2894 60600 58367 91781 74803 98922 75700 31663 17908 25459 80849 52809 87915 44855 39041 88859 36632 58414 24027 67417 9975 90508 17155 15511 71792 4333 29175 72691 3863 94776 45320 6756 55375 3686 98536 30178 18959 90587 61840 53219 16046 59040 22379 20312 3895 61419 25522 56878 19833 
65900 24294 46159 56407 57800 61670 44550 62133 7196 33592 65995 1971 78911 89102 73698 98949 87638 3875 17907 94576 82066 71125 26973 41106 93504 47284 61352 54922 89157 18229 91106 55057 58874 37265 27815 16673 15286 88717 95157 22481 22308 77503 40804 1219 66605 14501 167 70594 34727 18073 65169 16792 5550 8494 74249 15405 72129 51952 70326 61286 86532 61432 16342 61757 15048 44156 78430 30333 32872 89938 69165 55180 67441 9968 72750 
50397 24468 72916 20990 75546 7340 2510 92338 29241 11003 82938 44645 83132 34890 14971 60769 37773 92754 77110 99530 24153 21265 94311 54485 70489 84248 23649 42020 68040 33617 14769 18436 74436 87684 55777 49982 11375 74639 58671 40616 1993 57960 85260 1476 9201 16582 62244 46974 25687 39353 46503 49839 76970 57165 4323 47458 57764 44324 89477 25804 94292 4245 60591 68727 8280 32720 35060 19654 7358 10082 60269 9350 68042 61881 10826 
77242 78462 73069 24215 4149 28774 87069 53987 5743 60585 74662 53200 18349 18985 59028 60504 13276 79624 21094 98354 87903 53813 49766 23908 77522 59847 84177 86872 44240 62409 14049 21482 40870 87117 62048 61370 15890 65469 15357 37984 26053 90018 7535 60753 25354 66562 21256 54981 46185 58702 69686 50439 28866 19451 74347 6388 95650 74875 9611 39889 37283 23659 61370 94504 27127 39770 55874 59369 5238 71230 97352 31290 77599 4887 92043 
19304 87800 29650 74284 50337 4703 60321 17127 33569 79772 91473 56308 91773 82699 65918 31661 19981 5928 9383 14485 49406 49152 70358 8774 54389 57939 22478 2030 51889 43716 10424 71192 31515 56426 61827 98203 61128 22147 15330 94696 18270 23154 67355 10042 5853 49624 41703 25833 71903 51085 56669 21309 16588 27026 30082 70976 1316 68911 89357 53204 12626 16133 40747 60493 72558 2573 58695 33685 41072 90376 44733 59341 13530 12087 69383 
19382 61711 27437 45214 33613 94873 18235 71273 11460 61612 1355 98787 62928 86617 4495 32483 99243 20627 73230 59735 93184 92154 34781 26869 33225 25157 71601 92566 38686 39 78300 58067 78101 22088 19632 11714 16960 37866 82986 44771 15830 692 59909 78757 3661 64403 11239 2903 85030 820 78989 94565 92974 13769 21433 26198 38925 9385 35115 93962 25776 13414 68380 3876 35501 88012 31941 68812 42229 14927 13582 74410 31970 73490 53166 
35630 54245 80757 54884 55626 81576 33872 50190 74549 63993 87975 747 2917 13711 35861 13231 39486 65627 81610 43362 17479 85973 75302 86291 44554 6580 16224 18963 54902 6066 72129 90531 60310 69237 61767 32287 50812 95638 82476 25361 75982 70450 42459 78899 513 94671 8481 39998 60297 90090 83359 94128 76063 58661 80418 20616 81592 12993 55930 36493 19058 28058 43376 95719 97294 5142 28005 64458 17131 26833 89818 93113 97282 48628 88363 
14146 43298 96843 54144 19947 3284 37502 14074 95698 12514 10843 16313 94106 23835 88595 30598 42893 16652 90325 38611 30298 95466 82968 94755 28949 9800 924 22061 23433 65903 26775 37579 9200 39969 91722 45498 43252 45575 59571 38950 58089 70413 71614 68546 10600 60208 15495 53492 93212 5820 8454 39861 1285 91421 34615 46585 1220 51890 68645 24653 17792 11771 78583 43343 51739 70304 5193 94991 15878 64763 50292 90318 51528 21905 58863 
62127 98465 74358 31970 91676 80177 40423 47888 97813 48196 82502 44398 49415 50743 29394 90419 84886 41165 69001 44580 9255 55656 49772 4245 71534 30887 70888 78203 82414 92793 37066 60892 7609 27775 9213 15636 24303 49635 63523 22115 97830 62376 82864 63597 13118 28610 70367 14355 69774 55720 58934 79028 11375 8706 99625 82908 55944 70512 61111 38357 79656 14528 15600 3616 42302 24812 19251 66604 90798 82773 5070 4980 61500 4286 84928 
90969 32895 55294 5323 2668 11013 80609 98047 22388 5666 14023 21647 61609 84535 99109 16317 80542 13636 31916 84158 72289 73079 3408 55244 63876 2533 76666 68855 80384 80951 53782 71353 13845 25428 93027 32864 36440 73635 30910 75179 79300 44933 13178 57260 45819 12286 73576 42712 42274 21843 26869 30914 94921 46629 86158 75149 65513 62823 60355 45896 43773 30489 17248 73969 55916 10275 6832 8707 83909 54093 238 79561 15377 13415 53172 
61195 42052 26748 3907 84325 48590 47127 15239 59863 93755 17748 35011 59267 96922 95365 21515 57046 42205 38762 31014 98120 65388 37845 23179 65649 91937 23416 61561 23666 53182 14732 1212 95233 41479 5118 95910 6421 68597 27500 66283 78703 45247 17645 54322 42168 29361 75836 99213 71566 30949 30226 69685 96337 84422 9215 61985 92710 32630 23545 16375 85811 38276 17587 81044 96107 39056 76953 2527 7652 4452 85161 86355 66050 2805 57028 
24569 32165 32863 40133 3730 63811 86710 89767 76499 71131 98981 38483 80192 47963 78379 96567 33773 33007 30505 31168 29113 69560 24472 47991 93564 45275 33151 96270 27676 52307 53297 52244 823 2511 92376 4553 66321 79085 10671 42820 66567 26003 97654 46759 73965 92385 43325 24090 25391 73829 55257 70855 59740 96081 35197 53303 57707 68347 49572 85383 37005 19220 53978 37827 21730 46354 58731 4403 41790 69401 63574 8357 95404 61227 71467 
85720 69963 14791 9809 11705 4971 81418 82559 81062 77498 17755 34365 51556 2453 288 36938 39457 35860 7268 93636 57589 53621 52366 61991 11762 21767 25564 36470 33522 3143 7936 19241 73105 39078 29050 84810 60400 10467 83720 41462 4316 17827 92178 72223 36631 8817 25513 92440 44676 32780 86075 18617 2752 38440 96959 14513 76558 38875 50983 10079 42017 75270 45672 31473 14348 91073 32634 74747 17891 32706 32560 38558 50532 24737 10780 
3514 33554 36292 95953 94581 69071 82027 13197 71822 20467 26508 2687 13376 65382 53669 39807 23750 28938 85478 71574 59637 76550 4208 34384 10792 53265 83295 49349 20148 8032 60128 23661 57937 12772 19614 68869 81842 1640 82066 70016 38458 24925 72702 51834 90306 26370 91640 14055 71659 93469 85628 31296 86370 6187 82031 97161 59451 65325 62861 79598 89708 22988 19611 47644 35759 39224 16513 33953 57215 14930 3968 95673 39854 76669 63858 
46511 19390 71849 60565 91048 81669 62544 38695 68038 68731 20725 81550 44533 2402 44410 40483 92109 83749 60093 56105 35860 15668 72617 69812 72882 3898 73779 84906 60103 66799 48763 6613 86188 36963 67177 77235 18631 29720 32282 86668 14802 53006 84569 59335 71759 28978 16169 63868 12727 92613 19972 48586 8280 8940 34749 97513 12837 24879 82419 72939 91677 47533 79551 77864 84496 63079 71450 19478 9150 3731 22498 23952 73089 7066 99638 
44847 52396 32158 8714 81474 24770 45037 46411 33049 53976 81159 30561 66812 6037 29331 56102 97713 76864 52004 91928 77711 15082 63377 13540 24232 67108 36037 64535 40196 59455 64172 85042 11850 12681 10108 9675 37450 55144 56085 70498 9120 53595 17410 92283 59631 46741 64737 73695 39956 16740 65622 34018 31822 28998 63909 72405 96105 99946 36939 52652 75752 17462 37694 87601 30142 47801 97275 83943 19296 69711 70792 44767 23305 88201 37050 
82935 51293 1786 72981 7600 34877 38602 57969 83050 83951 21878 55454 96408 21823 8744 49059 13926 42557 3104 1526 89050 67256 15152 72992 86552 84862 43783 47670 8166 48336 84719 7452 15980 2856 96784 23580 54085 51737 81548 37134 35687 19777 8940 48446 57951 34035 97505 71876 92944 16960 73401 81993 568 4904 71337 3471 6117 31471 51140 30634 96158 52211 54437 12138 55066 51220 35717 9150 2956 33616 62636 54995 53393 87927 3440 
27695 21961 17296 99571 14904 34256 89323 13249 34823 94227 937 54645 343 48759 5784 47329 44917 57994 1765 57054 29412 52985 9122 54913 72292 59089 17548 27286 28833 21826 30726 56528 43787 48021 56098 75042 82276 45420 4642 33450 55998 21930 88094 72693 70689 10230 20021 31957 68223 38137 5362 13986 91121 30835 68899 63413 89923 2798 7050 35108 24624 37775 7987 84762 85796 80436 59803 84423 42207 80797 34225 98205 2726 22318 87249 
73414 48899 23621 5370 33474 61757 10731 47459 69230 41565 32709 48994 47840 35507 56043 99299 76482 93818 7285 61243 79613 87720 37397 80387 29926 18193 14611 44482 20919 53281 31730 10684 2179 71702 32406 35652 33459 59488 99463 2688 1053 32171 51681 65244 84029 7723 64542 60510 1540 88178 38104 97504 75897 75501 94243 22174 10045 8853 83008 47315 62133 31089 57999 80664 2791 90404 32667 36249 66243 48481 55288 83647 80652 6968 48890 
81032 31042 29783 57894 48934 17960 95997 62789 10208 87849 57031 48734 97894 65884 31741 45208 44368 79181 19558 41383 81971 26313 74050 34571 92556 38882 89858 76202 19533 13177 41444 16917 44219 71226 74810 9504 5538 70806 72292 32097 58655 29323 80830 56548 11558 28922 18107 72277 24455 37665 13660 6425 63977 4061 57348 56532 42942 63557 32734 78827 93086 74177 12095 53656 61754 86904 63159 83643 57709 35450 15740 32715 81124 12921 5614 
9033 58195 23721 81310 82649 61385 11321 5425 25361 31733 79124 81893 91026 42681 30978 69852 52118 21506 81946 5773 83259 85201 68931 66902 59262 20732 98993 91976 18208 11913 97590 27240 86459 21310 24901 69107 99046 36221 90884 40758 67953 70007 22650 58979 29039 69979 45182 81156 91484 43480 86928 91095 28680 72210 74348 87941 9294 89692 96269 27501 17956 93858 71092 4415 31519 95993 89873 46916 32213 80756 87673 166 50763 26675 75496 
79801 96653 20677 60957 4489 80508 64236 11935 9188 36446 2634 13480 45739 92325 9748 73239 26632 19957 44330 31046 67827 56674 20919 14742 88887 1674 18767 5404 68788 45441 80899 48589 58445 17927 25897 79285 98435 90132 91219 23974 26577 10204 53805 88667 18880 79905 78257 45512 16213 38939 76557 392 95612 13827 15133 84498 31853 50251 6253 640 95691 87151 65580 70488 21430 7828 49772 36216 97960 57343 76541 40888 83898 46697 45907 
2778 26601 24163 48289 59166 63101 41197 59557 58713 71376 91041 59562 3228 41292 65815 20219 53334 69317 2151 23821 7098 9978 73593 59665 24289 47287 36205 81529 31184 99254 27435 33961 25854 51597 98601 1371 31050 56150 60927 6114 43877 51968 82027 63456 93259 64193 26 62944 33510 2176 86765 56959 28506 76709 16624 69146 23995 69180 50674 71530 68433 94460 21843 10639 62409 20443 12009 93458 92944 72936 15923 36820 41255 97949 275 
50865 62142 301 13808 12003 18828 572 85313 63685 93632 1936 32831 33978 87468 99856 5508 72252 94316 27350 99242 73076 64144 11251 82885 73440 538 98807 10259 41792 96755 26886 92656 75248 43538 22815 3602 78717 23387 88915 42402 33370 7202 91584 67348 94669 91439 72855 83273 2106 16556 82514 91533 80699 93764 74417 54138 10653 73223 80749 68796 86330 23986 61451 61577 83875 618 65179 62591 24004 70445 21344 73725 77646 12927 41072 
