405 11 10
37806 21524 89136 99810 70741 23219 70629 41435 63424 53343 48587 
15178 48330 72270 19078 88158 37926 8957 23894 26734 92370 4593 
26997 54883 53568 38274 91444 60458 67678 21806 13085 5484 59681 
2221 5293 46773 41791 75922 88207 21567 29264 53145 53096 93946 
41766 72173 82103 79691 81129 22348 6425 89851 26940 49773 44733 
80508 88047 52528 57317 72076 90686 86753 77559 50366 5325 99204 
97139 47116 91477 1697 85034 37092 54842 38129 31037 96607 10301 
29491 92650 91430 51838 15426 97632 78778 65198 42364 75637 69596 
11243 32953 41672 1928 19705 35582 68646 25030 34785 82136 88497 
42613 83832 73530 79705 38673 11658 27093 51632 21958 56584 44281 
29739 8421 59706 27370 3550 41255 86085 79186 10851 13680 28490 
68874 31959 48195 20807 604 89576 71944 82739 94424 14556 82923 
67953 94260 37947 95962 21353 89578 34271 94288 50210 80362 19060 
9915 7731 22610 67522 10168 18147 78372 23847 46637 63597 72157 
11183 84403 72761 17110 56346 71851 11533 87254 54773 95837 81513 
92720 91798 19217 98649 42420 13504 48859 22781 48916 75125 46864 
71525 42646 57031 6023 37369 97229 69011 17317 69385 96545 1720 
58497 30006 74417 30348 41538 61670 85120 53726 59535 94191 61875 
95103 9192 4295 24959 58050 27075 73874 49526 73938 61750 8524 
47320 67772 62244 44548 53135 79561 30285 49679 97632 88781 79685 
72048 35480 37574 50070 36952 91300 9604 31142 69526 21058 40333 
73820 46016 14734 895 19889 80612 91184 81638 89135 38504 65762 
51378 99403 18896 30938 46039 84926 44921 34820 64610 16969 70299 
18536 83390 7250 26187 9345 54744 95712 30402 11428 69532 76418 
26162 86778 96306 6773 94313 94296 12259 32816 60057 63636 48571 
95304 10926 94609 80229 55846 29428 44839 89166 16079 63374 88907 
39680 89560 98251 10775 1623 45005 22203 71154 21422 64716 74283 
34079 87840 68596 44726 98 17763 4782 80085 66333 85 7362 
60942 80314 79560 6721 41504 85077 39151 21229 73984 95183 27140 
88586 5957 28762 33590 44511 16268 71363 9226 6902 21794 13417 
91849 66519 29866 9612 87653 26303 92296 4089 50016 53237 754 
29575 59958 42257 14652 15460 79837 4987 10642 23328 9924 16599 
68442 59866 77461 84709 47580 3039 7962 69373 16455 99811 52244 
62673 25774 39896 88975 18069 60336 38990 71306 61090 84917 47615 
19698 15920 79426 99535 37258 90068 22862 47181 23018 7655 7046 
478 92363 70978 3516 16677 40350 36323 32839 8945 98995 58612 
65192 4321 76680 25528 59662 64337 86617 44578 28303 6314 60497 
7729 22200 97754 14148 61414 61287 37165 69068 68332 37642 77783 
39309 57510 94459 96011 10184 27297 4955 25530 2260 70147 29850 
78939 95674 89511 59628 98642 34089 87930 21307 10937 12010 43507 
8691 26157 4920 86329 63321 90339 54660 17315 68121 10321 91176 
78931 22683 1359 22579 43989 26888 24838 30487 73089 3777 26160 
62599 79756 41153 13039 67685 62460 23976 96047 22318 49018 22203 
27237 51698 1876 33927 6357 35542 2048 33029 26717 97330 72063 
44427 19909 16052 87666 44746 46538 60754 64874 89050 39704 44629 
30202 52743 28666 9013 93070 24712 31330 58439 63266 74918 10136 
65141 8845 32844 682 27244 82225 43750 24573 54287 88176 44481 
70338 92193 89227 33228 52946 70452 22277 92650 15081 68830 61744 
43746 77843 71165 84809 9172 45955 48074 84090 56090 13215 9286 
5285 30248 36529 3861 90350 61101 58148 94877 21934 44837 87070 
27512 78064 40015 97963 340 49016 13043 85522 27111 73140 63364 
98275 57948 72535 44229 6022 72976 16670 35588 82261 38307 82187 
35141 42167 72536 96242 16666 67413 34527 61503 54482 62038 39566 
10848 76352 56258 59864 89395 41779 3326 78886 21494 1601 36834 
10380 62181 59207 83356 78851 11146 81968 33509 93332 17109 75675 
82220 29702 92341 65984 64228 53843 36817 42617 9760 47664 18968 
82369 23879 8362 40499 27205 3600 61992 45157 40433 72372 7337 
15991 72079 2539 27136 54046 36047 36819 87506 11722 19038 17207 
20414 1373 81434 90608 38189 24050 16719 85853 43018 99088 26083 
67731 55938 53287 71330 17930 98443 28114 6653 22132 60456 78731 
24670 3943 49128 60717 40762 36634 72438 76151 53840 9203 77524 
51626 99810 15712 75675 16528 17916 35044 31967 43999 19127 87905 
13637 90456 22186 28432 34922 45190 50563 11729 23920 75232 15672 
73047 35948 56433 26032 24737 48935 79872 33939 26458 31497 50100 
58522 23523 82980 76437 74919 14946 36787 94045 19202 50424 852 
57739 78855 52125 2928 29417 63854 26847 4648 79525 16246 56948 
52309 58629 98036 1243 54852 31975 44053 2700 98426 2574 26223 
81405 95362 1141 12703 32149 11537 48256 82572 12388 5995 77778 
64513 8922 7194 28366 52121 28193 24242 84718 1492 76550 43346 
99528 94144 14550 47854 38196 17249 46279 57121 43471 44036 52483 
60963 73090 983 88851 21345 83554 1239 27339 77683 65751 52613 
84876 10468 4733 29420 51061 5802 30912 27610 65499 46791 38105 
80048 94644 92653 97297 57274 49773 57119 17661 18607 34434 90750 
19589 23284 12095 19494 24522 39433 97176 6624 92045 98403 33443 
13129 44175 84503 18930 91438 28464 781 38228 66569 80828 49223 
75573 78124 6496 25345 51595 40509 60304 86028 31258 79892 25663 
43352 15738 50185 99137 29265 73160 7533 27668 22955 37014 71842 
7457 72295 63279 52273 73075 17858 35193 53903 67080 10765 48378 
89927 52461 16324 30435 12764 2351 78045 9008 28014 37748 41097 
94550 36884 70361 84061 60769 98028 7015 97782 86221 30824 86428 
65851 99448 59503 83708 34640 29757 67139 61756 94486 57066 14216 
10810 3852 43332 29512 81896 52339 73877 19644 93435 84778 56527 
63795 68839 33647 78175 92205 47780 80747 39380 34208 62950 38827 
93710 46657 73466 39818 13796 51573 34303 87213 65789 61464 91064 
9120 7328 72960 77810 81204 92603 71244 82334 65481 51390 51172 
99128 45916 59728 63259 43015 99108 97466 5964 37934 7527 68972 
27752 47344 99119 79324 97999 86331 61464 75814 93747 86935 99493 
66706 64744 80697 75660 52339 79382 41140 20081 46905 56619 82348 
6632 36230 25362 22091 33695 47677 60025 41222 16649 4128 4917 
15767 99803 19267 18450 61267 11433 28548 48201 10925 95253 29297 
7973 87264 81635 87354 44755 18067 34258 17726 415 57242 53955 
25776 79332 87649 73453 55708 45222 6453 59835 66491 38571 59638 
2109 73372 37256 29893 1919 1808 40818 13523 31104 65142 786 
29091 68848 61893 63509 3105 79618 63923 76698 33572 6051 56030 
37572 95855 28089 99146 2307 4276 81988 40877 63913 448 14249 
17520 30341 16167 19327 87510 29690 66783 52651 46827 12225 21498 
8719 75733 40955 88336 56008 34004 38259 62058 6385 92183 57912 
34474 7680 60218 38749 89667 17446 19013 6466 31694 36532 36806 
64213 72210 40667 10254 55344 9670 57080 83920 47519 82151 59653 
88473 86838 15660 38829 25097 94069 45213 33631 51980 96038 41310 
28549 34786 47328 45994 70150 53793 94040 23033 90599 58252 11595 
47617 84857 66938 57286 41936 50858 4805 40438 26862 9629 27276 
58873 48457 68724 52941 10022 2354 4920 6059 43663 49820 57197 
90990 95813 27346 44782 89852 50379 51732 64455 61973 99349 49311 
45262 72986 7599 12471 77790 48036 39332 3771 91663 98204 52227 
60386 67496 62248 62739 88767 84659 22753 38586 41855 13742 34399 
69200 74876 40602 35930 42959 5057 14254 58659 54367 59516 31645 
78317 71986 25786 26353 27670 29556 34367 42225 98135 94753 9721 
76734 73843 98487 77744 96596 37073 19598 26689 87823 5150 17916 
28424 41079 60875 33480 55333 35885 4199 31200 83881 82515 19537 
26019 25219 47206 71926 59586 89431 70060 70690 15503 63146 44532 
13989 40889 41127 67413 76839 84168 55235 81988 2083 83659 23066 
79309 33490 94750 15194 37688 42301 15426 36555 61838 41444 78125 
9043 13370 54062 14825 99781 24751 30327 79278 85635 44316 20167 
43113 11728 13357 27280 83315 95344 45715 66973 34761 25023 462 
45863 56568 54502 88163 88346 7408 50000 29789 1884 59043 59510 
55946 73867 59291 97048 20546 38568 82682 64861 75086 42147 92940 
88442 85778 76254 83785 31492 59578 34898 72867 76392 80760 45786 
47245 68922 34131 54652 18922 63920 56535 94316 23429 28832 84534 
99071 25880 5079 37639 24913 86291 29076 83411 79231 17518 69189 
71836 17654 680 31414 52551 89898 24157 49662 35684 71401 34936 
69814 42404 70209 50085 98938 64524 89866 44122 65409 5288 86353 
86840 42926 11265 73130 88354 11028 68712 5871 80216 56900 39876 
80895 4665 8779 87145 28821 58440 22828 221 93375 8993 42624 
63583 59078 57913 44458 65295 18386 26219 70582 4738 13058 29860 
32355 86187 18213 43382 71251 40435 23597 28150 80310 20843 32814 
89088 7987 61634 63880 30814 78206 73606 56159 37181 53541 31588 
11445 97998 96882 29831 40568 83815 34568 53625 13674 66922 56164 
48238 10303 27414 88672 33899 71915 68982 71094 4728 74421 79080 
82713 54652 26246 77270 28258 82404 14450 98150 13991 25894 12499 
27224 55724 53067 11038 6644 6691 41064 73565 62854 89301 83868 
6619 77973 34118 78533 63306 21563 99612 54078 16995 82324 8730 
43240 75945 53339 41995 90394 67840 72337 32640 80338 99560 88363 
33404 26949 95006 56447 68012 84923 19300 57313 85142 42271 51637 
35611 20803 14942 57174 36767 85371 74168 19090 10452 33759 95035 
63790 92105 1780 31629 64441 34419 28319 80352 39134 61722 23652 
50491 18168 91664 35413 53820 65328 20554 12442 33316 72517 33244 
64609 29690 70010 49979 20209 5452 60431 70319 16838 40572 62423 
34969 88553 43215 69388 16871 23566 24873 94944 47217 75363 13112 
55232 27128 83283 36911 64033 95724 70226 36549 45319 34834 66238 
31681 84813 2798 53484 61595 73116 70321 2166 35538 21641 90718 
78752 91028 23940 18669 32252 18884 82238 7615 48347 53821 34742 
31629 90732 15126 43704 60957 51675 89022 12143 34264 37054 96955 
37062 90537 74901 10177 77209 77066 62067 98850 84136 40818 6229 
8075 75839 38481 43310 58076 62447 91656 11896 13540 39636 2627 
28665 83339 79936 80339 88713 92078 14603 25766 5384 68016 32655 
96636 94544 9863 73701 56610 25064 74188 13780 47645 98615 89618 
86125 41924 64045 64923 33580 75940 78462 73215 94919 23478 72906 
91206 20169 61618 99635 51123 3735 21370 19138 36389 18005 30033 
62604 8057 86643 4019 82245 16774 51663 80859 6391 54139 39134 
86787 19061 72713 79078 13874 62280 90348 53704 51537 81553 73872 
13154 97539 41346 33240 18908 60483 85981 53264 6867 48584 61321 
93509 68954 59917 10282 20617 57127 33024 74755 96260 36162 93816 
85325 15240 24041 63956 5587 77744 15492 3492 67967 44997 1030 
9312 94588 36290 86146 80568 89553 93013 45503 67225 86521 14457 
27141 13155 35073 84267 62530 9827 96879 98692 19994 82203 13931 
60387 62510 35869 54482 78001 39360 22449 39349 40390 31760 33936 
93031 34258 14504 82583 27270 76358 66160 30142 90814 93300 59648 
42238 93919 22178 68417 90797 37221 88410 89351 67503 65148 68212 
3371 19630 62564 59083 42078 1912 15824 90189 52199 8854 24446 
66702 7788 51715 43060 73947 98209 50225 67247 57856 92463 77517 
96385 60879 84665 33605 65640 90367 1107 30788 58578 20830 66769 
21141 79912 25198 39404 95735 15386 91602 4588 56184 74656 12375 
24250 34067 2674 22458 84291 69920 96666 93105 63788 93050 53983 
48452 26655 35975 55170 27761 83114 30099 64942 49882 67591 44853 
75079 6994 40587 6816 14947 61526 79351 89602 73901 3601 23668 
76574 42410 24311 62845 39075 17415 42984 32125 87750 7787 75131 
23724 62956 19243 6837 93054 84185 73070 60644 29037 48148 83989 
85976 71315 98935 47501 50666 88537 37753 70618 28556 30678 13027 
52866 9874 68454 86633 52857 16930 74382 60643 92060 14457 39950 
11302 37645 49355 95486 10714 9998 40875 75213 10338 26850 62879 
9273 74350 13544 14161 12103 513 42716 59132 29892 11934 69006 
98345 98566 21862 31626 89299 98857 23685 20107 38806 51338 57751 
88161 63176 68464 14510 4050 60028 24848 30899 22906 50472 21600 
52802 64632 50054 53314 23699 9186 99557 35632 78191 97901 50549 
16404 45878 56199 15260 69562 76305 70418 20900 34055 74930 84075 
18870 5791 4476 95249 46990 35374 18155 97461 73325 87308 78444 
23379 56973 2143 48916 56530 54126 27106 70782 4675 59861 16660 
77225 75121 2573 53530 61890 39824 3936 36819 23898 39158 58961 
44725 34406 5951 96450 68912 3411 69775 72571 81855 9505 29544 
349 58420 2425 54474 1877 73206 75500 78089 6217 52725 69561 
8790 6254 31450 48613 10189 84620 88863 65698 43581 33587 104 
49531 30037 85367 69293 16163 57938 67499 25667 87481 67847 438 
89905 22321 18666 79462 97820 96754 2031 50544 66315 10820 73149 
14116 75784 99690 98736 80998 65387 42316 30937 65490 8198 77325 
67209 93842 93487 25146 61341 35505 28978 29187 52294 18882 51507 
70959 14695 65679 84064 16725 32574 50378 43896 5723 64494 36032 
5412 79581 33381 87150 38248 64317 68992 46445 57993 36200 40286 
67831 61345 1626 3335 90322 47165 71980 25555 15023 42938 56601 
80701 27002 89678 29627 93731 33573 35349 74576 85956 57112 54156 
35689 44261 92403 5 13252 38847 74350 49451 95485 42180 27147 
13462 61867 17468 76978 33846 59374 92001 93136 15975 89053 20137 
22004 18679 30219 71928 70379 4795 57884 27490 58950 93572 88103 
51353 9928 1354 6551 629 67157 18387 42809 94303 31849 4675 
28123 25178 54872 3848 17178 48007 36174 22583 84495 58177 57613 
14714 30105 27992 19508 4340 71833 94809 14263 59935 62513 24190 
77641 69064 24819 61149 87450 83979 71803 35650 5005 16277 60828 
59876 20125 94357 7883 56298 16939 92377 30827 74552 7090 60931 
18895 42949 81622 90727 37758 95884 67014 270 36425 61006 85685 
61243 38506 89487 61573 10308 41488 66577 26585 18667 26453 63061 
13024 34335 19358 46314 43063 66536 37217 50153 27466 56111 9453 
9087 63190 63562 21322 46555 80184 57747 23912 65868 35341 62417 
55354 96914 72724 13194 63490 15660 31860 6294 78720 44883 56980 
14430 7549 43 80965 61117 66547 24783 33580 92351 50221 96769 
55913 71543 59675 36096 29289 83586 18315 80981 62354 90021 77894 
51429 3214 57736 67089 35073 64029 62160 96308 37361 76589 20208 
53755 73906 81324 20301 15040 14903 29003 65260 28023 84915 53154 
87697 37362 98794 87634 55677 79775 49987 45697 74020 1416 48910 
31755 84856 334 12136 47015 96641 65848 39956 16848 19602 13861 
98172 56254 28900 29426 85256 10511 57449 70171 80017 45145 7532 
78810 32779 79560 74936 99117 25256 48956 16884 90517 97062 1739 
90851 9197 48754 3843 75044 88709 20691 10997 18921 35214 67250 
64172 64639 52506 91034 22087 39028 71050 83584 62911 66212 32714 
42471 57499 31830 84078 22806 65066 74595 19868 66804 81797 45416 
15557 85639 36812 20617 22681 47808 55889 74246 15058 36412 55237 
83915 27446 93675 22942 14847 77258 85852 97410 26323 28322 54909 
74505 12400 94066 39570 3346 13933 6373 85142 59349 38282 87132 
12512 75250 9813 60319 31139 410 91728 67550 55646 75642 11347 
49321 98583 26194 42930 84435 39955 69253 29108 94863 43757 41507 
88929 99678 61204 19213 6050 46345 94913 60683 49829 7424 35933 
75993 84095 67071 76402 75822 50972 48400 67816 78671 97720 66398 
4864 57001 67184 44818 42605 12644 56033 2713 70502 61313 2390 
31706 96877 24792 94402 91790 85474 44230 15565 21406 20222 99659 
4828 96624 91833 55800 61375 59648 34470 59094 42397 55685 32446 
25933 16854 75051 38576 89238 77763 9077 66902 96505 57134 63779 
21296 51536 55568 6769 95765 87484 44527 15987 3495 49354 28962 
95327 5153 90336 71326 55974 65781 30074 28010 14578 56006 44864 
89628 10933 50453 83743 36362 17355 96599 93495 81133 17894 61382 
53052 41014 57147 40535 85540 89485 44029 34894 34798 55707 56398 
41485 27032 28724 23617 57106 56733 38194 29463 17948 44174 56748 
68401 44268 93109 85755 40866 2955 66887 75111 64337 19938 32476 
21483 76824 18016 27319 20853 69261 62116 76559 42010 19952 19943 
70733 43568 93400 43818 81761 39214 61765 42286 95961 30165 86553 
89069 15919 43770 8376 99157 18880 72712 35446 51356 94194 12270 
85723 37864 33122 71335 16331 26032 13344 36282 62326 84077 79849 
72077 44246 77961 11291 6010 20247 23603 36175 6799 29024 68445 
50569 37399 67602 85800 10110 3047 53507 20655 31668 39229 58518 
81141 10563 74848 23525 40259 27481 85850 40687 23681 74279 84932 
1641 1921 90941 21887 25523 43467 45038 70898 11912 11958 8296 
95865 97757 34757 15263 51264 55411 46931 6844 30280 28071 33759 
21479 51595 74017 48959 53797 31055 72639 28075 15986 90632 29995 
6926 28870 71869 66745 73907 42767 78656 2216 67414 74520 16325 
2171 6134 83940 73933 53064 90783 4213 81135 40893 42043 32729 
31261 7354 86525 62315 96344 30951 78300 86975 60945 1578 15845 
32814 68322 6103 91932 63329 24671 59345 54200 40995 77867 60333 
24934 51800 13397 32068 72364 94531 72961 14406 43611 20573 21759 
46488 82888 18103 77438 61187 21429 54735 79116 53625 3900 47437 
76080 95831 10765 750 71527 64964 58096 49394 41649 99381 1193 
55045 31448 89908 65927 20760 4313 25889 41333 42424 72376 40572 
76878 66166 1758 14658 20900 97226 68283 24799 44662 44362 36981 
71779 61463 8507 53094 35910 74252 94742 35290 91796 66138 83089 
81703 32064 3849 2368 74305 61533 61143 46680 2104 38020 12845 
20213 52677 50096 17438 37311 91246 78452 98024 28226 66582 59486 
53085 36027 11747 43688 47121 47036 35484 13258 30125 33538 61674 
50325 52257 35978 28209 13399 99009 46664 67770 28206 66876 20447 
78301 666 57757 85899 95469 55781 30476 62050 31618 83560 98076 
43365 43600 61548 6752 95435 91158 53228 28972 69183 3552 81229 
5160 31760 10979 20520 78423 78749 65077 61651 99195 59730 62316 
73303 45628 74136 45435 76103 36185 93405 76015 50612 53121 19614 
12160 76224 15048 3317 29452 60371 72499 33003 57951 94010 81115 
68930 30881 75889 47678 95958 53891 63224 55687 32558 52878 1314 
6693 14665 93768 59229 8069 69782 9841 77541 89395 38352 53764 
20794 58020 83215 81165 46870 32570 39115 57231 30036 8044 88111 
22276 55721 420 76167 35296 72458 25076 88174 73771 31769 2838 
67539 90997 27258 53672 17189 4798 43067 55540 74913 63860 13559 
58128 45024 60428 7049 491 34010 37084 8534 22121 59359 80607 
38892 51877 15902 11350 76953 20427 1472 25073 23264 85362 16069 
66873 39034 33258 88022 82100 5149 62935 62311 18708 37414 23687 
95487 44462 24177 29497 97897 49062 67969 73607 29668 23212 41836 
61922 34561 18788 82348 36033 43860 21964 21394 76280 88836 60427 
25889 76858 58878 31038 56144 37541 66097 9909 61227 61583 70722 
1755 7431 68618 50816 91751 58576 80484 14963 411 42405 49523 
35550 41104 1907 95761 63067 23301 88393 68255 79 14281 61464 
75309 45318 17607 12849 11414 27515 90427 89349 98236 92181 13131 
83205 42996 4882 58132 39831 36196 74895 98587 2070 26796 39691 
3977 22557 2757 43629 27301 71011 43707 41581 32474 35367 3251 
66432 48215 31016 10298 38641 20364 24885 30821 49847 24441 90169 
71080 82573 29999 7275 73819 28586 25696 614 84628 29672 39522 
87384 89652 66822 74747 49711 24755 23572 85077 28005 6356 33292 
59020 16653 88284 95736 41538 19105 45582 82330 25625 16661 64902 
55623 40287 55072 560 65982 55686 85187 12006 95207 88923 1657 
78381 63669 67719 3135 3592 52796 31139 9947 2439 6510 26600 
90722 2245 84489 26178 64178 83170 51802 97190 64424 7425 37476 
19495 24336 19810 75180 25875 48167 86739 14797 66175 65119 94817 
33894 68253 14760 3041 99391 24707 5479 5900 67658 96200 24497 
68498 22378 88674 51667 74179 85864 16090 97955 39691 35585 38643 
59500 27116 64517 24018 13854 95665 90193 78972 6833 24086 63576 
21592 27126 62966 62650 48956 85218 30307 45155 26066 98804 83884 
14739 66823 74415 16954 82912 88721 56645 18496 27363 32496 45612 
8231 56514 75817 20247 63058 54789 27079 87143 18364 65023 30620 
97682 27672 79575 99251 57979 41081 25316 73134 24965 56406 39956 
15731 73360 22868 4451 46356 57715 48166 95203 19678 56396 68068 
95495 76643 31125 66635 20073 18267 1350 85095 65238 99031 12767 
44812 14633 87097 2245 56300 60230 43561 12706 16538 59291 2417 
55757 80093 48772 13471 28258 60326 49501 1006 28394 61347 94000 
59518 27981 14072 94137 29330 15519 59374 44713 28285 20538 59345 
31733 22782 15645 91962 66342 44702 8499 41984 47118 64255 38428 
12241 94078 66686 72566 59930 84043 959 21276 94394 76829 49256 
24817 70965 94937 40335 46690 39649 84971 67227 15346 16703 6360 
47342 25017 89053 92043 33515 31036 55512 14122 69464 84104 24551 
52501 56669 84480 52895 73980 5755 47288 67160 71362 72104 38124 
66298 12439 84813 22299 13761 68392 53996 30464 74751 1337 71832 
63804 9731 5346 11191 81594 35819 80654 65697 60369 49506 38717 
61200 2400 29048 83306 49687 96207 54667 38143 34330 20965 66933 
35495 59615 80693 3886 13610 27508 94988 31298 99339 58791 57380 
21037 86334 55325 73207 83339 21021 49928 32845 76089 11127 51596 
5137 94433 17635 1343 49099 55777 52025 86415 22709 3871 62381 
19753 7756 92342 63613 19095 39991 79303 94238 97370 339 80571 
52694 73546 63909 90066 39825 96753 82507 50951 64701 87643 61735 
82335 5337 27186 38111 73713 13600 77171 77583 92333 13275 1690 
84674 76887 20785 24665 56190 15022 38386 72880 95592 7432 62777 
75852 13849 2601 72605 96355 53552 37305 349 31638 35991 5686 
58823 74101 79398 88775 67623 73333 81107 80897 75022 82132 57784 
95806 23148 30325 27179 61534 3204 39122 68965 65981 14974 99165 
84933 3930 95520 54836 57586 95868 86474 93576 17905 45296 67676 
97303 34070 51650 70635 31528 32546 62008 30012 6681 57814 53159 
37005 1344 14692 56561 40466 8 38893 55439 99173 23825 75720 
11044 78661 33305 6911 65134 26880 24816 26781 10907 38470 77203 
62556 25456 8730 11453 87463 38741 18134 61628 8252 71490 62972 
22943 28050 19789 39303 66942 91579 54827 90767 67298 65870 85779 
602 89132 50912 27481 13947 77692 38387 68768 54894 17294 94223 
79976 28746 98038 35068 46879 59665 43319 18369 38988 82614 62770 
58776 38268 46064 50354 93094 53182 17651 75315 38960 18252 64446 
89871 62084 78393 83914 16822 63512 55160 34115 74087 51487 62861 
72124 86554 26091 31788 46225 60811 87128 28838 39933 45903 67105 
85996 12609 76550 39177 46611 51864 78136 64863 16309 84358 43298 
11053 84623 60120 74565 56134 94234 48651 7620 73446 37126 10526 
15889 68913 73102 76699 72392 18291 32983 34647 1747 18978 47255 
78296 58154 93865 30159 52641 75079 62819 36998 18377 73872 37973 
94848 64788 94106 5433 29790 18078 78879 66915 28603 11119 52179 
18056 87817 24571 36346 20800 75569 38092 56129 22823 16387 14283 
33039 62897 66923 24470 42067 20273 59198 15938 58245 54045 97077 
52350 59477 43218 70427 54707 26484 15381 65825 78663 33436 69994 
19585 69781 7145 95153 24224 63273 34327 40610 93907 83717 19858 
77182 24538 61925 13806 83735 94214 72050 54131 7643 40751 29960 
50860 27530 1018 77344 59262 83195 72358 9050 53188 8294 95182 
76684 19798 19406 56308 70476 76367 66567 70544 96225 43748 95082 
74501 73905 95168 68714 45954 65651 76356 3056 95610 43568 46937 
12979 37263 6199 96173 25972 15248 65712 34265 10429 42395 70414 
46186 15055 40889 22553 81621 11432 18777 41720 6513 9629 15624 
18033 78342 77929 83683 71050 80984 95644 30969 44273 24974 68231 
50471 21147 94202 82070 3210 44818 8850 61957 15231 55036 77011 
56119 77588 58631 83902 12716 16702 6767 22344 32325 24799 17037 
10253 24833 4438 7588 20476 35406 68212 45449 19988 18682 82947 
30541 17103 86157 75358 25953 48113 6940 97340 41475 79410 74927 
16457 63312 3994 33158 86430 42689 81834 27580 59725 8438 52412 
80515 32377 89239 15920 589 51039 52260 35622 50338 82800 52725 
36494 74510 95029 958 81449 92368 58784 60859 83646 75240 40522 
87639 24749 26951 46679 6582 70882 22755 15019 23293 3269 47395 
28883 35541 47983 79921 87800 83605 30258 86951 52681 83103 61460 
64061 412 59261 56428 59195 36471 56425 34434 76992 60415 59182 
20294 7093 82115 91175 29847 97133 30819 49468 44528 59701 85008 
8862 39621 72807 8818 86231 76109 77850 69333 37569 41910 69745 
13181 14689 28939 49651 71113 79725 42994 31527 55258 63287 54971 
37373 70813 1170 50857 1631 50637 11736 61331 35644 20598 17303 
24802 29415 3533 910 7265 89218 54830 65526 58962 68010 80215 
4252 17660 51327 328 60653 99206 71938 40291 70528 25662 27455 
71697 76518 29085 22333 88254 6767 74328 25203 40422 99129 70969 
43954 16391 94585 49523 87572 60111 24836 71934 40325 45440 89593 
8003 45767 66598 23560 34056 23240 94088 59717 50695 82136 52587 
96131 20821 40840 2898 95148 82394 43319 10629 53362 3624 43371 
47947 69499 30942 8057 94334 2875 64733 39773 8820 89087 1892 
91769 12647 35947 15008 23086 95664 82054 5221 64602 78185 26041 
21793 97434 37541 4186 57104 48169 57547 77079 7891 21845 46577 
38832 29901 40911 58059 10985 97035 66878 72 98926 58646 29070 
34873 90005 52155 46888 88411 73727 11489 82947 16120 49633 80380 
53660 53818 53835 18180 27716 30913 26070 49561 93842 81253 95813 
34752 39311 23150 48138 6188 23221 47064 81185 52290 81936 87542 
4444 45175 92304 94522 73015 75250 10641 22647 55629 64300 76464 
25815 82479 20531 56727 24900 70091 66920 6153 82256 18023 45463 
5405 66161 68003 28625 13224 65539 97266 11511 53080 18061 56685 
45383 12582 46051 36984 23223 68697 8964 3874 61512 34778 2705 
82042 7857 27604 68485 74776 33756 50740 92799 95571 56144 58959 
63573 1120 88534 29111 14737 44 98543 32797 73080 60277 45378 
19130 97261 84952 4178 6224 88826 65689 57354 91530 64082 65210 
19133 32566 56337 69241 83305 49135 64811 55800 24445 44735 73271 
29330 90197 88007 45725 88739 37155 18804 65368 98885 54285 78980 
83836 74814 1555 89013 40502 58908 80542 4584 40469 16027 37149 
96806 1619 36806 62292 82781 8957 86737 27515 82228 32418 34063 
86586 78143 39154 40093 96946 4521 38977 67583 83500 39164 42396 
85054 28177 99250 43962 25070 20185 782 57448 57333 97587 75418 
10490 59879 58198 19447 62967 2064 18026 95384 36127 20963 73526 
75280 61055 86824 79800 16383 70758 79651 55547 13153 64704 75 
28754 25017 41496 48938 25799 15296 22623 39737 90713 33112 99615 
48911 68910 78933 50974 3287 74317 87100 24250 64194 78731 1656 
51017 58530 18039 21774 54532 89937 51279 35588 6363 80032 76956 
47858 28970 19106 63153 51592 58843 53866 1055 74809 19128 69965 
53742 70101 73251 44410 73553 13852 8603 52283 15508 75972 27165 
33546 14097 81696 39834 65375 17283 46196 61759 94239 10405 90728 
13344 73558 58671 88538 43775 59725 63347 62902 46041 17088 49354 
19292 61497 22906 33143 86451 75189 65002 62422 18705 14899 76519 
400 54732 58245 34035 17279 20003 28273 27684 27082 57968 17593 
2104 46506 61367 61829 9852 40620 24221 43291 89973 43512 21139 
12879 93007 23941 4419 58008 86363 23123 72907 79233 39874 43990 
53829 73908 61269 90184 18532 5304 17265 76500 22896 19369 39357 
614 97549 65560 41233 38121 8850 31205 81633 46340 60435 90991 
70280 64853 65350 72994 4327 54608 52226 44201 14950 22407 34460 
76218 12590 52992 97873 46206 45843 20768 81926 1551 21381 95826 
67110 78965 33947 92311 26521 31931 38650 86956 22921 8929 68160 
4622 81923 88839 59230 50500 49391 74179 89258 83850 66748 1847 
53193 64620 64405 99035 1739 46330 16937 39471 42156 84046 18435 
76102 76356 44955 8032 31357 48262 47304 40286 16422 51925 38560 
21612 27506 5411 71002 18036 94669 54851 1135 12867 8044 82106 
77271 23430 83844 23601 40367 39666 82108 40764 58100 58209 17120 
19407 82592 48476 67668 29895 5113 441 98171 60024 38404 25677 
