90 12 2
17 83 74 1 22 39 73 51 52 44 41 28 
13 34 19 25 46 27 53 14 85 87 48 99 
85 72 49 39 14 60 28 82 42 54 82 15 
92 7 17 95 50 57 23 62 42 41 38 87 
19 90 52 56 28 100 54 12 23 2 2 88 
13 81 70 6 34 3 72 77 9 88 72 58 
44 94 71 86 86 8 24 4 49 28 59 76 
79 13 87 1 66 40 89 79 21 10 36 54 
12 8 31 21 95 54 30 91 47 53 28 84 
60 51 87 9 30 98 36 8 10 75 61 75 
14 1 5 86 10 41 40 21 100 22 93 94 
27 75 36 73 27 63 56 86 66 94 46 95 
91 82 3 52 8 15 79 21 15 83 7 24 
75 98 96 74 71 89 20 97 15 55 21 41 
70 28 78 35 21 24 81 64 57 35 15 16 
49 93 88 63 28 46 86 54 43 82 80 65 
22 99 13 36 5 33 76 74 12 5 60 85 
80 41 48 88 75 14 3 76 7 91 38 86 
36 24 39 31 57 18 47 78 68 60 13 25 
44 40 50 56 44 62 40 24 2 39 11 28 
52 66 55 58 8 93 95 43 16 34 25 24 
3 72 1 23 83 65 99 26 56 100 33 99 
61 24 74 14 62 37 94 14 54 48 23 61 
40 18 55 7 3 80 30 57 3 82 31 37 
46 29 62 1 81 47 52 41 70 77 55 32 
65 48 97 18 95 19 78 87 88 85 93 42 
64 75 99 18 56 29 54 54 10 67 6 90 
13 9 82 35 38 36 66 2 35 14 72 82 
32 1 68 72 85 12 13 100 86 11 17 94 
92 70 99 53 89 4 94 1 13 75 35 50 
63 52 3 49 65 74 30 49 75 49 20 11 
61 84 11 98 95 27 43 38 49 41 42 37 
45 35 89 9 61 24 10 23 27 12 72 44 
38 53 92 64 2 63 74 14 46 84 63 92 
63 58 29 63 98 70 99 94 56 39 54 17 
62 63 91 41 27 14 84 64 67 27 27 20 
89 52 85 34 36 47 26 50 4 6 12 54 
28 62 47 83 100 1 51 14 15 94 54 41 
7 37 4 25 63 82 96 3 34 80 36 21 
79 13 70 82 71 81 87 98 42 34 32 41 
86 35 54 100 28 59 93 86 47 96 11 61 
30 6 63 63 86 51 35 64 15 4 97 85 
36 36 34 29 21 66 21 6 52 27 57 79 
85 49 64 32 97 26 44 26 32 7 40 69 
9 74 84 23 29 32 60 64 67 93 92 87 
10 12 44 61 38 53 91 75 1 55 58 49 
32 1 26 15 59 17 83 67 42 18 42 70 
50 53 33 68 45 76 7 7 40 50 19 29 
2 10 3 55 16 60 3 47 13 81 62 71 
97 96 90 39 14 31 60 15 83 45 82 79 
20 40 37 11 90 56 40 43 17 94 97 32 
6 52 30 18 32 43 40 80 39 29 70 4 
11 30 70 45 74 3 76 45 43 12 56 32 
19 47 74 35 40 23 18 45 74 48 14 57 
90 54 88 80 82 58 35 93 39 4 89 64 
7 64 60 49 76 15 32 46 13 57 81 53 
79 98 49 4 97 63 12 39 16 52 70 49 
61 5 93 99 60 82 14 66 97 73 66 24 
40 49 70 52 6 50 56 36 99 57 92 48 
19 55 86 86 6 55 34 66 11 79 16 71 
12 29 88 8 54 6 32 93 54 1 96 11 
2 52 99 100 8 42 99 78 96 84 15 54 
91 100 19 53 78 35 23 89 15 63 97 68 
68 28 60 73 80 8 36 81 11 86 32 18 
27 31 47 74 66 61 27 56 60 98 61 90 
84 35 78 98 97 26 66 16 5 77 41 84 
84 76 16 94 13 48 63 39 30 61 64 95 
73 91 3 33 88 63 22 71 49 51 20 98 
77 37 13 81 14 5 17 49 32 84 95 44 
31 9 82 12 70 46 59 94 88 61 26 27 
75 99 97 75 2 68 72 78 5 85 10 70 
41 78 18 73 62 64 16 44 25 50 56 46 
95 14 39 34 26 65 60 52 15 8 26 16 
75 98 45 79 34 7 48 26 84 18 98 97 
81 14 41 57 63 48 2 9 13 41 94 38 
57 53 41 23 60 18 39 86 67 35 65 52 
41 12 78 25 81 75 21 14 40 13 70 2 
60 72 62 72 64 55 61 20 59 1 42 70 
19 32 56 85 67 20 37 7 83 66 83 64 
40 56 29 80 68 98 33 28 69 47 51 32 
53 12 3 12 12 97 33 82 28 88 19 94 
59 7 53 42 72 35 57 63 90 85 42 58 
34 27 37 55 73 87 86 25 98 41 88 62 
37 73 95 64 60 13 10 19 19 62 12 42 
96 20 5 38 56 98 47 89 24 35 43 96 
21 81 73 71 21 12 32 9 84 26 24 96 
91 33 66 61 46 29 3 42 48 59 31 3 
56 77 43 80 63 86 27 83 18 51 5 90 
15 36 98 98 14 21 45 56 6 10 16 51 
38 70 44 37 28 26 91 36 2 34 15 64 
