30 84 28
29 32 18 51 56 7 19 95 71 76 54 86 88 90 99 34 40 95 27 29 65 57 6 74 96 14 71 94 95 54 83 24 85 100 26 93 59 45 87 81 72 40 66 59 29 16 45 21 10 71 49 75 27 7 100 75 72 22 20 66 27 2 89 64 53 15 56 11 11 42 43 82 82 60 40 62 75 36 82 37 7 31 11 85 
89 62 59 60 35 78 77 61 31 66 24 84 32 31 46 42 73 89 23 6 100 14 67 75 50 1 11 8 31 73 92 19 86 3 30 20 32 6 32 63 23 8 98 54 38 43 47 62 83 69 19 83 35 38 9 36 38 71 95 20 95 38 90 80 40 19 51 24 76 34 38 99 41 35 4 31 29 51 92 64 71 63 98 57 
100 6 92 89 28 86 8 22 24 97 53 15 67 3 90 42 36 27 92 29 13 96 59 94 98 2 57 68 64 54 25 15 11 16 3 38 54 62 11 29 58 63 43 24 17 85 18 4 11 9 32 76 4 90 21 1 44 29 21 59 82 45 74 44 12 28 33 17 42 43 45 99 5 40 75 73 24 92 76 86 52 8 13 8 
49 33 60 44 61 80 3 94 76 28 37 88 7 21 56 48 63 1 99 19 40 25 91 15 68 67 100 19 26 13 26 26 45 38 70 58 17 72 51 93 99 40 32 57 60 39 5 75 39 3 93 30 27 36 44 94 54 44 64 31 8 90 56 4 27 25 61 95 48 12 39 98 3 22 55 62 61 59 36 99 13 81 81 91 
16 24 84 69 19 99 99 26 88 6 30 66 83 42 13 82 53 51 80 55 73 86 69 85 96 56 83 60 36 15 50 3 39 85 71 9 83 21 35 23 79 16 88 61 57 52 94 62 3 73 68 27 10 36 11 5 92 45 64 79 60 65 82 50 49 4 58 32 25 44 54 55 11 93 67 68 97 60 81 99 85 48 77 94 
36 39 51 79 83 66 57 94 31 38 95 79 42 53 62 18 96 67 72 59 60 38 26 56 49 58 6 33 57 34 79 92 72 29 70 6 94 27 52 24 64 46 55 5 98 16 22 46 83 45 4 94 34 81 1 83 90 58 67 46 91 45 38 62 73 59 19 19 85 70 42 1 16 48 57 65 64 31 62 98 75 17 91 9 
49 43 43 38 100 9 36 90 54 25 3 78 83 21 96 20 43 90 20 10 37 76 26 52 6 88 49 33 56 91 93 5 33 35 94 32 95 29 73 100 53 75 78 88 48 25 7 42 66 78 51 55 53 76 6 11 15 7 43 71 97 87 27 30 21 20 13 67 1 86 67 5 12 96 92 11 20 98 4 38 75 54 92 80 
82 97 42 48 3 36 18 52 22 44 81 94 16 45 60 68 30 26 72 94 73 64 4 93 13 60 82 40 13 73 71 46 21 12 94 76 47 63 27 20 59 59 13 74 3 24 93 85 2 64 78 74 27 33 66 92 92 99 31 57 71 1 54 44 64 47 19 62 62 97 81 20 55 45 45 9 68 37 45 69 100 22 43 79 
7 60 22 50 59 4 6 81 56 60 24 19 58 94 80 71 42 12 90 48 8 86 57 27 74 1 96 74 75 90 4 33 1 77 82 11 80 88 44 35 99 19 53 8 13 84 79 6 47 20 54 54 6 10 80 79 62 27 4 88 68 59 20 69 87 2 31 66 41 74 100 91 93 4 98 57 87 28 62 85 100 15 38 57 
76 18 87 90 96 43 77 64 53 97 32 40 98 62 5 90 88 5 80 80 60 29 88 99 9 1 83 8 68 73 64 43 42 50 32 37 44 9 100 97 57 83 36 54 97 40 95 84 96 74 15 8 2 2 6 10 54 40 69 21 12 32 16 53 34 47 90 29 7 41 25 63 24 60 68 20 52 62 3 99 87 69 6 89 
22 11 50 75 51 19 96 14 2 11 67 87 9 56 16 68 48 92 82 71 52 2 90 55 15 44 53 2 64 59 42 85 21 91 12 23 61 59 37 15 21 55 53 29 10 68 48 57 60 30 80 63 31 21 17 45 17 21 98 80 79 39 65 52 82 28 74 94 86 62 8 6 16 13 86 77 32 34 86 43 15 65 5 45 
85 73 41 1 94 39 33 24 29 49 75 10 76 1 4 61 62 63 18 78 27 3 6 59 36 91 1 2 55 58 46 92 30 39 44 75 29 76 51 57 76 77 19 51 77 22 63 39 36 80 68 63 83 73 21 70 16 73 72 70 30 69 13 12 59 9 38 87 36 88 96 12 65 14 14 93 87 77 83 22 8 50 36 42 
75 8 12 90 81 35 11 62 55 76 25 14 84 63 52 19 2 47 30 18 12 96 11 98 72 93 72 79 95 7 21 69 67 84 10 99 70 72 60 24 47 37 89 82 99 93 1 100 91 82 70 3 77 80 52 100 72 23 31 66 82 51 86 48 86 95 46 55 19 57 30 17 93 71 99 43 15 51 95 5 84 64 59 61 
43 11 12 14 33 42 80 66 44 17 13 29 12 10 35 82 19 17 98 11 87 48 6 1 98 100 57 82 63 16 94 57 78 5 22 10 99 53 76 42 70 40 71 33 2 5 14 20 73 11 82 59 59 87 11 8 86 20 89 100 35 34 8 64 91 30 73 89 82 100 30 51 92 52 83 93 9 96 12 81 59 93 40 69 
32 2 76 69 21 17 21 7 2 28 70 92 57 95 80 91 46 10 93 37 13 76 81 21 23 44 2 33 37 41 53 20 94 29 88 15 97 8 21 98 36 91 90 44 37 21 34 82 82 79 71 95 6 51 15 28 95 16 13 83 8 65 2 2 45 89 68 93 97 88 91 32 30 32 27 66 4 13 100 86 91 70 32 96 
20 46 75 14 14 87 96 21 4 49 74 48 38 41 41 34 81 83 17 62 66 43 80 69 7 79 6 97 48 37 44 19 35 19 33 48 57 80 20 60 29 94 60 18 86 52 51 66 86 19 28 3 13 7 23 20 37 29 68 84 17 12 54 3 82 38 50 90 70 22 2 98 67 61 67 52 64 69 70 1 87 97 3 99 
55 25 70 43 5 90 78 74 53 31 76 34 69 78 75 38 99 76 87 65 88 53 16 51 21 85 51 7 33 5 57 39 30 79 81 34 68 58 59 20 89 35 5 9 12 79 46 10 55 32 26 94 84 93 45 56 30 47 14 62 4 22 53 33 100 33 18 67 43 77 38 83 11 94 91 74 25 36 35 79 19 60 24 54 
4 20 9 33 67 74 47 70 95 99 54 95 83 23 13 25 99 3 59 61 96 49 86 20 36 20 50 54 31 74 7 35 93 67 67 11 40 13 32 35 63 37 81 46 60 93 22 58 95 81 71 43 81 56 62 17 28 64 22 58 89 81 44 81 47 63 44 39 27 75 25 90 64 5 87 23 49 8 32 44 40 2 38 21 
10 51 37 89 14 58 46 2 38 42 35 37 4 78 27 30 4 51 19 67 55 57 41 3 65 73 98 56 26 35 76 35 38 64 75 51 74 73 5 63 14 91 99 17 20 77 98 23 27 69 42 81 25 82 36 41 6 33 97 32 20 72 18 57 88 93 59 61 65 15 23 78 5 74 46 24 50 43 99 77 11 40 9 88 
73 96 28 79 29 24 62 100 48 79 8 35 71 66 95 87 33 69 64 37 42 61 61 44 4 59 72 66 50 80 53 22 28 33 52 56 56 13 7 3 92 14 37 14 31 83 1 63 52 16 52 93 29 12 88 84 70 59 49 71 91 54 92 18 38 96 25 93 8 83 48 51 96 36 17 78 19 69 93 70 36 96 14 64 
7 2 47 28 12 48 98 2 53 41 71 90 88 47 82 96 29 81 98 76 17 66 6 35 34 98 4 70 93 69 85 51 70 32 30 34 79 27 87 83 19 58 72 7 56 5 54 85 86 3 60 2 69 65 88 54 14 43 23 58 11 8 8 33 91 37 66 21 15 52 3 86 61 26 92 17 30 97 1 67 99 12 20 19 
77 7 73 90 1 47 100 12 6 7 44 96 96 61 68 62 64 70 47 77 47 90 93 77 86 45 95 37 8 15 55 84 73 27 26 74 74 25 37 31 83 32 27 30 92 94 92 7 16 38 83 62 28 27 90 65 23 37 53 31 3 8 66 75 86 91 100 11 67 36 42 2 19 20 31 62 65 22 69 80 12 51 94 91 
30 35 55 52 71 8 82 73 67 48 100 4 90 99 15 9 87 8 10 57 27 40 19 91 62 87 23 73 89 16 15 18 2 69 70 73 28 51 97 46 50 96 50 92 47 16 100 85 23 9 41 49 48 59 91 61 45 13 85 34 80 99 51 82 20 72 6 99 75 2 45 24 50 94 15 96 61 66 80 83 74 20 83 74 
31 73 34 75 86 71 60 17 21 63 98 40 34 3 39 60 57 35 84 6 80 50 1 40 16 32 22 41 3 4 14 33 28 100 60 65 70 71 82 90 33 79 82 19 34 72 78 90 6 13 95 37 15 47 76 82 78 49 22 32 4 36 65 31 87 76 96 56 46 77 97 31 7 30 1 92 1 30 33 6 95 27 94 61 
25 69 42 54 69 15 86 72 50 2 3 88 29 50 95 26 78 92 8 84 21 8 28 74 90 60 31 84 39 25 44 63 93 37 69 62 51 6 85 53 7 39 40 87 88 35 12 65 78 20 1 98 79 28 23 68 39 54 3 77 78 98 40 70 34 60 83 37 65 20 89 23 58 28 9 46 14 20 62 91 91 14 41 70 
93 63 37 32 16 92 8 93 89 99 15 75 58 49 11 22 68 99 96 26 78 4 23 44 76 36 34 66 50 26 87 42 41 76 73 56 67 33 1 7 31 67 81 89 67 91 62 35 41 10 12 19 13 86 62 40 21 47 58 22 73 96 64 65 71 88 20 89 20 72 96 51 38 76 91 57 19 4 91 59 65 54 29 30 
91 42 69 63 89 78 85 13 74 100 77 44 87 48 85 59 20 80 61 9 7 3 65 77 58 7 36 23 12 16 52 54 58 72 17 46 50 53 10 23 52 38 18 90 85 2 100 56 33 60 17 92 14 33 68 72 92 55 46 55 71 97 9 28 20 77 25 69 29 86 43 80 23 13 21 59 66 21 15 51 32 83 42 46 
15 61 69 58 16 14 13 38 62 21 17 81 97 93 2 77 78 96 56 52 8 28 10 74 100 76 76 84 58 17 29 25 77 49 82 44 62 94 81 75 66 97 55 14 41 8 90 18 4 97 21 11 25 31 36 76 58 11 59 68 79 87 92 8 87 73 51 48 19 84 74 84 32 29 98 73 36 87 42 39 84 63 2 60 
45 37 35 2 100 94 69 78 32 12 85 19 37 88 18 55 71 92 90 54 72 87 26 59 26 68 50 61 82 51 72 26 39 6 79 38 51 100 68 35 11 4 5 47 43 74 1 13 17 43 67 88 81 44 99 6 63 48 18 44 50 89 21 88 47 52 78 97 51 97 83 61 100 87 60 43 61 12 7 77 54 25 17 35 
21 15 92 83 62 10 79 11 50 51 50 96 2 27 45 4 75 27 17 75 14 76 69 26 39 27 2 93 52 70 79 72 84 70 6 97 79 36 59 29 87 61 76 40 39 20 96 14 47 12 40 12 39 60 37 77 86 90 21 89 60 99 12 95 69 18 44 99 5 2 79 91 14 55 83 53 74 78 18 20 41 57 31 79 
