445 32 4
6465 35410 65398 97472 43504 87697 79591 22574 22556 64515 5059 84680 80407 74499 70326 44599 70512 71921 5427 3584 23819 88766 79304 9467 74565 77326 48294 95125 77770 48477 36504 84234 
83886 1902 98057 43741 89598 93999 82666 28506 58514 87724 29537 38920 78574 99862 99870 65437 88134 5296 69020 11952 10413 48324 37770 84977 25649 2415 80102 19770 50891 16605 20355 51128 
34858 18412 94868 40808 12410 77533 85665 87275 81608 15201 42546 76533 31414 42415 41970 19548 47710 10989 47851 58122 75664 1973 43099 17664 4387 39552 37433 71630 72508 57788 39109 7366 
92551 50329 64525 21312 44213 50189 8587 25821 65389 67484 18705 13154 9899 60674 49053 73960 88015 96904 32082 63678 15228 91532 97694 19614 47435 35126 7595 36294 9265 46704 60011 18167 
97032 24535 39479 57596 74723 64417 99768 56463 31900 18473 85969 41798 79146 35021 15758 83512 48276 64191 63542 63503 72074 61235 99469 35860 12712 7063 72153 21977 70118 32164 56495 83501 
73050 95973 41097 64125 60389 40864 36939 92289 59336 22907 50438 54834 57928 82547 54697 6203 63089 18238 86058 35162 79472 85526 87373 92184 92588 59526 30512 62706 8041 87006 62558 81090 
99331 3654 61566 59719 44518 98505 68359 20205 21411 35149 91390 95690 17695 46087 18245 80784 64324 4302 32297 43796 89827 19670 52331 98766 79195 99194 77823 3587 86199 40381 1028 1881 
44034 62594 77952 4903 61098 46310 41460 98860 81458 32849 94550 15505 78935 12794 96288 43259 17095 28584 3406 23273 64605 72088 22038 60151 71281 16213 63737 73831 56593 64765 75712 626 
27358 53663 21881 4807 16324 63340 3666 14134 96188 14567 29638 91475 43712 42277 34733 77158 87212 54490 430 51817 26577 38820 11967 14209 55032 75704 88039 11624 56820 80102 28601 529 
33764 66833 5335 66440 30172 25352 80573 42712 39919 10210 34186 83630 52486 68918 77140 39697 39759 77569 7865 82687 32740 19832 96895 87771 11887 1285 15746 68706 81387 60699 69234 31502 
27531 74568 97941 57703 16271 94865 414 72541 21426 34599 72523 90263 19868 49662 46312 59626 27230 54176 58664 59970 74007 55558 64092 85893 73194 79838 70950 70932 40536 40183 2434 68066 
31102 16726 42120 47373 11591 42533 19913 49368 93483 92435 39631 13350 42096 85942 89327 85678 40117 47990 61999 30476 19899 26090 32720 93093 22279 3670 80376 79166 43852 82809 63584 74954 
15887 5703 38678 43829 64588 74942 93196 58070 67377 32826 87772 25824 35119 77098 27853 75236 41440 89851 5711 61338 32293 38430 70782 54571 42099 51158 33737 2303 50318 13672 93608 66204 
19374 32285 10032 83961 23578 19580 42031 7306 68757 29802 33130 3876 23251 77334 79111 64690 67185 1173 42380 99477 55954 29513 70399 14405 97022 20487 16707 47340 34158 26666 29895 69884 
75302 56279 53844 98879 92210 12226 6185 60966 58379 55666 64841 97982 32999 60303 62671 183 61475 21402 16011 17429 67267 2762 48185 64288 39600 81243 27979 73758 7908 74226 43641 83209 
30504 13836 82087 22713 42414 88271 83678 792 60288 64871 98773 93287 25173 77796 9821 86648 15549 42184 20428 82815 44945 84964 63455 84544 66206 91433 74653 74113 82010 34645 57321 12513 
48481 55759 51577 90894 60382 51607 8037 20669 16477 6810 13955 41649 957 23776 44648 16505 65959 81427 15672 27255 66390 79126 11798 48947 86910 2803 23059 68920 37447 96731 97784 2279 
52490 65713 9524 12871 17319 17561 33539 50147 40722 63846 8147 58030 87621 69147 74534 69931 50573 6557 97185 33315 2034 25334 82261 88944 28136 21672 74215 81935 18402 88350 84213 87243 
54062 10089 16465 71380 27649 50004 21526 84722 30201 46025 42751 34173 15171 33636 4103 65743 40193 17639 15409 42226 59324 14022 47521 3812 35693 38087 85746 70446 26437 86310 57689 80498 
96398 74153 68230 40398 40508 6107 25119 87060 52131 67869 21232 67301 17857 41686 49396 58049 75676 64804 16626 35000 95177 80499 38811 30869 34937 40908 17667 61373 43569 91707 58223 39967 
82211 26452 96716 39071 48910 21835 26130 1041 6055 47362 68341 23911 5399 17736 98311 81075 98892 31289 16074 94068 28139 71236 41289 63075 28495 58955 40800 72063 50661 15374 28381 32871 
58177 25097 71941 7086 63283 98071 8126 85689 61784 76467 25952 67182 10554 40614 48256 9445 71902 80681 3513 16392 68268 44801 79467 13114 20107 36618 85177 70767 51991 29909 19989 10167 
71357 91930 17252 50991 6352 25378 36680 84487 18196 62631 51668 45101 3244 16276 54546 91498 13308 74410 7889 97928 35562 3707 11041 55668 40324 12569 42786 8666 42478 62774 18832 30186 
71055 52436 81177 77406 94165 17856 61892 12360 96838 29912 57460 16433 62539 28357 7930 75846 19118 32171 73773 54679 52229 1166 26698 92553 13734 69483 17570 72563 32257 36402 2749 19663 
5189 83925 97069 99353 1780 75312 28064 98617 5223 1875 31401 84113 30232 55683 59959 49349 87853 50083 20380 40081 51248 47077 48985 81334 16560 82907 53896 65168 35660 56644 84830 40848 
40568 98250 40200 42347 89914 68263 57315 11488 70137 5068 95601 16720 60750 55559 82421 48602 21993 2800 5034 73241 49876 70371 54574 82787 53277 24821 64306 88936 81465 49136 46135 22032 
63737 86334 80731 70002 70948 54397 81490 57436 59464 77090 90508 20213 49000 72928 85166 70992 75727 6552 60584 41954 93274 31509 24741 62902 56330 89046 68189 54146 54533 14323 76177 34622 
17008 73259 4623 87955 27656 86112 61742 87119 79553 52249 23684 44904 25176 8849 15896 17254 31752 92831 59208 25025 40692 83948 87926 13373 89345 56114 67518 60230 70436 60046 11203 3795 
33305 15825 91749 77312 18289 53491 80782 97841 22091 4465 42745 47267 29666 74992 64520 61417 84174 23727 2794 41217 24026 90719 54589 29723 63185 38458 6304 33620 14856 17506 37415 64512 
33330 45515 41823 67970 15357 38956 65811 37448 59773 24907 84714 89438 16250 65585 67206 16775 5664 69999 57992 46041 77070 28932 75763 40254 67390 82066 73873 98597 99571 27639 63108 49253 
89506 21282 17222 4862 60237 99384 58661 20009 40642 59726 25798 56891 25311 93004 73666 30974 79354 48009 77014 56423 76940 69129 96676 60681 67546 86901 59277 83469 30891 22384 49073 20396 
43665 66294 41610 3902 82030 270 40262 22671 76348 66060 95914 1658 75415 85931 48983 54768 33939 42348 27543 27230 27828 24218 87911 95374 11118 47187 95194 42009 69571 44266 78756 29587 
10559 36717 49840 8940 53339 90102 31611 29686 72513 43876 47695 47927 29806 96677 19046 80096 55376 46588 7325 83204 70806 95235 94929 98275 58774 6474 56635 28344 50739 35391 74282 77649 
72107 24122 86589 25445 30575 34551 71482 3087 78426 19176 67365 24583 32204 86410 21030 87580 49350 28354 87135 36507 39941 98415 34781 98714 4888 91416 43409 55626 43158 17690 49626 31616 
58163 36214 73413 88737 70764 61246 91823 65541 80422 59187 6475 12625 61949 27504 16556 11298 72210 3690 47804 12150 18456 98936 27215 39695 6703 86975 95320 66212 4664 44946 97828 62827 
97511 87592 51563 84627 48837 59738 50167 29258 35276 72994 58235 97224 497 74790 24873 72706 94832 89028 1207 13287 87964 44773 52982 94666 31747 64653 60878 36411 25950 75057 15589 39813 
79000 83503 24439 27836 43240 90957 73446 78516 63950 31680 92091 64447 22821 16964 53504 17652 5991 71063 47291 93954 15835 16624 4972 47582 97628 65849 83992 39930 57257 15932 79742 36256 
99434 20532 80443 42674 27840 53888 37541 91790 1919 29631 72588 41092 62946 42443 75095 68937 13505 38737 79242 29340 55360 84213 76921 69340 66413 77264 25621 40021 9547 5362 76276 8980 
42245 56719 68005 70084 26958 5545 61873 45229 51528 50812 86320 14473 93255 61414 83409 23111 151 79003 52450 71862 79567 45722 57553 62332 39337 83173 2352 48883 4886 94980 74215 47130 
68050 42219 17214 95007 47764 95438 40235 15643 62602 42906 30115 72208 4320 29876 95318 20822 8878 64120 9035 4796 9841 66588 67127 65530 49760 85831 30764 54646 80810 4978 1775 65211 
47197 35340 60217 11312 47130 16804 26954 9731 76061 57068 81938 80380 3295 77255 17553 28524 41374 26588 33320 67567 93175 446 33096 59286 2628 63859 13931 99789 68837 32058 64999 32385 
67397 41568 43696 14526 58371 87001 40608 34431 60420 22545 31163 63715 16152 65067 92238 57525 8006 41909 25091 1180 58707 74538 76818 61334 54749 90748 61123 23585 22805 26121 72321 6554 
84040 32368 37431 42410 19368 78039 93193 96139 16935 40707 76205 33086 5773 84795 6963 13779 26703 32053 31310 85409 22943 8127 63095 77691 15227 24217 17627 54383 66689 89947 77288 50729 
38666 14719 9490 58033 9109 19034 70523 26043 59740 46728 75481 81865 31522 82443 11995 74576 30847 59656 76337 53789 84135 39431 47831 99361 79999 65457 70095 46687 71755 47383 13767 10420 
78453 39609 84804 87561 58642 55327 29955 34734 18406 5435 32950 66279 87877 61296 40854 18724 20951 17190 88864 5085 56620 36695 20797 52970 18503 7244 99657 90258 54626 29775 677 49430 
85735 1833 36990 60729 73511 83296 11814 91916 5083 44763 58194 92959 6058 15399 28034 43360 48941 16898 64797 21912 69944 85593 74882 88446 9188 90890 78703 63813 20664 95732 13242 22751 
13916 66583 83479 87426 66231 95292 79341 71313 56406 53886 80623 62463 69284 8657 22174 34576 41906 86970 56488 11849 88915 31369 16646 98102 22258 95349 78267 59273 7432 7860 82023 21347 
74443 65501 25124 57025 77144 4464 28337 33549 58349 8959 12363 43984 33967 34537 78560 92224 37858 51399 4072 26772 82767 20718 41226 5024 32418 19492 80648 56201 27351 62671 93899 18145 
44523 19022 91521 38019 23485 19857 71567 98185 45168 83930 58520 95486 34818 53431 87710 72675 4829 8133 15799 87595 45202 57024 8970 77619 92867 5970 50171 36569 68640 44069 71066 29514 
79442 62586 67532 2926 98795 55451 17462 60314 55732 92334 55799 6901 45764 43508 79575 50593 67993 11725 54539 13194 85100 79861 7165 77966 85830 57335 30887 70821 17756 1952 16686 97197 
80889 570 16475 79683 56020 50288 39996 28103 42621 12147 35003 88385 72006 30929 55329 39998 42654 26219 53192 44105 22431 60356 38423 8260 34042 69309 95432 51797 87612 12118 65346 68500 
12687 81820 64535 85058 32107 20882 13160 91080 33028 48162 95816 5034 79090 67496 45031 38095 93714 14574 82200 16145 74929 20622 40756 25323 6282 52540 93471 93893 64657 58816 78744 93695 
56987 59630 78752 89094 80512 91911 96525 13539 40072 92340 34924 35513 59835 79955 73608 53548 94528 72159 86044 85809 9132 43152 27483 31765 95691 20953 42009 76699 79769 20752 70393 36755 
96734 49144 42200 77245 41054 38724 7135 97477 31063 42059 49341 90897 38365 39300 60797 49244 11458 63192 51404 36941 22695 78886 68705 34737 99839 10713 11435 79607 47817 81827 32713 44550 
47322 91265 21794 4727 46340 28928 2203 77403 87338 67896 84651 25702 7195 61799 91298 18653 41343 42701 71945 64037 21587 40650 98774 21425 51362 26560 17383 99178 24739 66447 60079 72060 
57711 81872 76787 4051 27152 95341 97805 30841 79588 98807 72895 86783 76958 64192 5435 18300 6892 93731 98688 44830 34380 97461 66254 2094 24021 99988 17623 65111 66435 77702 37170 24145 
75925 30308 44547 3076 42001 42351 50269 21588 57510 23163 8370 34467 87354 30156 52766 10597 23887 51453 55427 74618 65266 21680 76711 5638 38020 94334 70748 4454 88387 24269 28598 64311 
70929 89497 83739 12929 31847 34007 50868 5708 57169 75590 40174 60874 22097 9291 71470 45983 60744 43248 36953 42361 81280 13663 64350 19299 24348 35097 23752 12734 75717 68701 93397 46645 
58197 77135 75925 6396 27493 26793 12103 1013 18734 52277 78238 40830 61567 66059 3165 38662 9307 40117 97374 90586 53779 61723 26236 94479 13171 49987 23564 88888 35039 33312 35532 93236 
26798 11457 99631 54290 54601 11733 71654 73334 80361 49891 30515 58280 15950 33679 96941 41608 73795 94315 48545 43926 72389 74780 38404 85560 41118 78319 74447 76156 11631 26330 69391 38428 
54138 85373 9070 8738 13458 80723 98423 93818 46966 28938 52097 62915 78968 65390 4522 52763 76056 53066 96688 48444 44197 51443 34003 85314 29761 8449 61469 57743 51131 47212 96171 5268 
32584 21592 30358 46041 2314 45132 56211 49279 90421 24659 28545 69389 90048 49418 22151 66103 18835 35190 14547 63031 86632 64901 48344 32744 89702 26165 90487 40832 73376 3009 46099 5959 
24600 92808 68352 43265 37940 24562 92544 28360 65572 21088 97748 55620 86858 36250 38074 5692 71439 68972 68723 58070 33873 33418 7166 23574 59582 97652 64405 32957 660 26855 55268 41611 
19663 39971 84875 57602 80884 77418 2313 46455 14858 61 2074 1715 52662 56500 23758 24101 25471 92480 98522 59343 42250 5687 99268 1831 3338 80024 51140 20349 6879 22759 61959 42893 
62729 63186 16846 59964 56955 19158 6418 71812 35570 24844 89878 88232 81343 13636 28684 6813 22467 27205 66156 64716 49244 65423 82899 52581 61799 34038 89282 68677 73148 67592 27921 35876 
30777 44766 95839 87732 80275 18608 75895 15845 43451 82125 20428 24793 12112 49111 31606 34578 92667 14113 15646 41910 95887 98544 10843 57685 48933 16476 42713 22080 84067 70633 57955 31196 
15398 70145 35279 12025 88752 27525 27869 48555 9649 64648 73347 21760 30110 21304 72690 22776 51768 88335 81038 47655 3230 91880 21691 52162 8355 64404 74241 8773 51388 48547 39968 83138 
35043 91598 95162 40146 19123 39382 88700 45123 4029 78399 66883 34138 16054 55924 73265 67822 60610 54302 31828 63839 46181 69870 32352 70887 50625 6592 79660 2013 71490 35979 1502 22884 
27577 96663 63029 63051 52396 68081 8173 56424 46479 91407 6913 78884 47330 80177 63057 24291 50831 94884 88129 13363 81106 20480 84250 31730 43423 80261 50094 31264 16239 51595 54147 60167 
64609 17176 23217 17004 1608 47742 89779 64438 39148 96691 43321 2830 93220 6378 27120 60402 17613 31601 73764 15070 68432 58013 46800 11855 38273 13245 59470 70864 64840 13617 31030 45800 
47144 70599 62804 65103 18340 52582 29540 57487 65625 72860 60316 75196 95589 87436 35597 29554 35388 9360 44623 3819 83725 91422 32025 21997 21019 91495 9212 2210 21463 40242 48009 84958 
10840 27164 50060 29179 96098 79599 3017 61722 68810 63333 53269 64399 67120 88865 93952 2507 14576 54926 6325 98300 46348 38350 36649 83718 29844 45860 85927 67658 86101 33935 52615 13292 
61099 2674 58822 73548 98624 61839 35269 67433 25171 4889 48183 8642 93753 58486 11148 8328 13412 33824 6628 76111 88525 59628 59828 34720 5487 45754 2377 7940 96040 54991 37583 73490 
74016 96405 47037 72639 58243 98657 40072 99765 3545 88254 8406 97297 46740 35905 21977 76503 69728 44956 52613 58253 4583 12440 9324 26421 74545 11701 34360 70584 66691 71943 44074 57059 
84699 7462 29697 42941 6119 69768 42705 9663 74374 67462 23312 37465 3366 61640 13967 89445 6595 66579 64049 27529 95370 73373 53949 69914 1425 4661 56849 84467 92955 17274 41525 77653 
24736 71222 36945 30854 40989 96001 56868 15362 63462 80179 52826 83179 58170 83144 88975 64764 49722 53024 8644 61443 42748 78945 47708 44172 99957 4557 28638 9263 38182 70163 86915 62917 
57736 40211 10122 98724 36211 66990 30438 16024 63520 99615 99202 21690 82759 4528 2805 48832 73903 11449 10275 16650 6745 57982 77173 6701 78890 22163 15963 17072 8677 19229 96340 66412 
75791 6462 81487 12001 89803 28276 44376 69674 27891 59929 91363 27001 64456 10520 75832 38359 38320 2458 71360 45064 76792 64885 68116 55681 3399 430 89104 12075 19658 85444 94838 95448 
8257 92676 23800 98059 20952 68175 67732 65194 28103 75447 8546 8910 2318 84377 47268 40637 3187 34980 2052 79978 99864 86519 35658 19614 86948 24762 48040 6605 26557 42877 18404 34813 
51904 42203 49223 72855 26729 33306 54400 71183 25104 62945 80092 27421 63674 43712 84409 66860 78691 86460 63189 94906 72978 98846 14519 59925 39959 62558 82881 82867 21786 17636 17679 73689 
76190 83253 62896 2918 16559 17295 74100 41662 80240 70544 69083 60265 14255 53491 27124 92945 56303 90312 87850 45632 5509 18720 5557 61820 81277 4789 44686 3062 22425 78717 93102 98614 
61969 55997 17884 94879 89644 91983 36541 69883 62526 21975 46499 93132 75465 73622 86076 48119 80285 90277 93751 2145 8996 15659 63964 6624 20447 25002 26037 59223 20070 19139 74189 98390 
75135 92072 93269 81130 406 46161 51012 79284 68135 97510 72415 59951 87483 74843 8070 84119 65119 1820 86264 90467 33830 66579 13442 54276 7932 39479 29851 28001 58617 4039 42743 50103 
96110 52363 31233 96515 98523 98596 92150 83009 12458 64565 42959 16292 39407 67380 411 20877 85551 3026 27695 19380 69604 41137 90008 77536 80615 19858 21888 55583 23896 64630 22037 36357 
16992 69621 49223 31866 68217 41373 14874 97026 22289 74185 29669 78047 57916 30079 98923 43467 33104 42970 79198 19060 84106 69205 96595 81072 5414 18482 36654 45661 99464 75042 98369 16455 
44663 47592 64673 29231 5316 95898 42608 43956 86434 72276 22002 44350 18707 37276 4168 68162 80245 83365 87221 80702 68922 167 61773 74335 18649 14778 36348 18112 89820 34716 50918 50834 
98659 31942 80064 3974 27840 39023 47929 14273 11298 69930 74974 46356 23558 79141 14518 3802 78858 18090 856 47779 18257 62628 38465 36905 93758 74812 71368 99929 25880 38637 50762 24538 
70579 47177 44864 14770 86199 92792 29042 13848 79074 4016 60204 18983 99508 74721 22784 78365 92810 39991 42495 27418 2619 80960 80674 96376 72123 52041 96304 14354 7030 63417 38892 93960 
10593 83755 8729 13143 92898 37770 26990 88323 58137 87193 7305 57645 78265 46441 52361 87427 86431 94856 14844 89049 75815 95518 1776 64289 63910 14431 78643 87291 94199 33886 81250 4791 
17640 89978 17933 26889 44100 61275 15212 18588 48467 22516 92584 43084 68956 44945 30510 55387 39800 61705 60787 31966 73574 78915 96254 37484 9697 91248 41126 3896 25133 22376 25038 59124 
28705 59323 86013 72804 20597 1224 91392 85415 40091 83975 28498 9047 45271 75359 80785 85070 37064 57923 17035 26989 53189 29641 64472 79238 37240 21950 99485 62373 44325 24522 21496 73029 
196 23860 62185 37144 41435 53576 22559 81526 53902 67408 6924 99173 59119 87708 594 12534 61982 33981 39522 15171 63621 20346 10760 17212 42295 10244 79584 86619 51117 17432 75999 51313 
57643 38183 88456 99078 8110 27366 80603 78364 94774 87526 77536 70244 91585 94481 82777 53566 28461 22298 85088 8433 42643 12199 25645 84937 22442 21580 87907 73559 39011 63906 24871 13006 
18440 29678 12083 26550 57044 92685 4913 68169 96562 98800 38412 88146 9632 21188 58063 38093 59837 59503 46525 18832 71701 88521 3768 10495 10101 8027 84053 65463 88284 25275 78468 6723 
54952 90550 49624 28347 99586 70888 96515 12499 69687 51278 16996 79319 88817 91411 33763 48654 50913 80287 67485 38965 68808 87604 49459 95260 95630 33511 60722 83913 75137 39190 6988 30089 
46091 56611 58435 62029 27499 71302 74527 13537 22579 91523 9207 11396 82933 42969 76401 50197 39608 43885 89161 8415 47840 54972 20026 43470 4834 80747 43734 79971 36288 67073 10059 82379 
23684 84845 44407 51182 56146 18933 81070 78725 26807 90277 6472 9739 33245 82872 59935 72852 43108 65448 97618 90947 20419 17643 50768 25252 98390 10854 5222 51029 77926 31632 33407 1609 
16477 94165 69142 88974 13098 66564 67698 39904 56840 90521 65995 90084 73392 25929 79288 16499 91376 76905 23798 28146 94548 74565 69750 9289 1770 74971 60317 79696 22955 10076 97656 55783 
4240 83150 44756 33689 49713 28806 89945 6552 19326 55939 96635 92718 98219 75922 25568 5947 69179 65717 34092 80078 40282 3841 5718 42051 95164 82386 38098 18118 92461 35754 90252 13053 
18903 35007 46741 68615 80164 36685 75166 99490 92623 88152 8559 90842 80426 50478 13140 49604 16195 47231 46033 56476 67424 51750 14878 62587 34135 69328 97056 26596 5081 87307 39648 40335 
38665 2740 8949 18829 39425 466 34670 48399 4969 43228 55592 1746 93705 68731 67701 9899 32314 13733 82726 99737 65482 13956 62323 99617 83283 75730 42564 4715 63036 98563 45049 18052 
1302 70349 53232 57078 70814 87901 21829 92134 31128 93772 93880 41185 78855 61580 51083 11168 75313 50161 10904 57146 64116 89578 56762 63750 65307 15677 68464 44694 14239 29864 79097 31893 
212 32329 5322 87377 20229 27150 79510 51357 37274 89741 8893 16128 67673 59975 27295 42985 26487 54550 16482 90602 44127 73244 70703 25785 5272 55518 70478 19511 85381 49574 67755 85592 
98254 73076 72968 18483 16578 68830 86191 53851 58570 95083 69978 26242 71409 13624 85578 97896 68173 2060 4849 28651 91655 75552 54435 13278 31069 41264 32788 32802 90837 16894 18393 89091 
6322 7713 23925 22899 76542 10115 93101 51463 21549 79430 94057 92957 93053 95986 90852 61225 14397 95701 89875 22403 87604 60661 35681 35024 1924 84820 67825 92760 1714 2570 98202 8035 
10282 38478 47285 3175 48592 40385 70989 86492 19814 81397 79449 29218 93735 86652 6794 8131 82352 96668 30534 86307 57328 66214 37683 59251 67385 21859 68362 69098 24428 82916 93484 51061 
21393 57120 70587 86337 13856 57928 89180 50021 39324 68628 79238 33058 55280 86031 57541 53983 99050 4426 56642 72729 70639 94324 31979 54375 16182 16693 23473 56962 15960 33308 24374 53704 
90428 94961 56392 4283 52888 45572 54304 8563 30551 49893 57973 85830 35924 15513 56165 34973 19938 12806 7702 6928 7129 56032 61302 39662 89076 1126 96623 21387 50786 37349 75091 57565 
32309 47834 78199 1548 9757 32502 26462 40308 98747 84434 26137 34670 16298 82301 85994 52587 11458 93695 75866 18586 66079 53520 74600 71506 54645 87574 92893 21782 24922 84335 79346 73582 
32168 57545 75129 41925 6398 1591 98584 5144 2376 24720 56165 35026 23373 42159 87612 34830 52205 63478 69768 34635 16997 44367 6141 87993 48292 99033 9775 73214 99719 5472 46795 48238 
63016 38276 6514 85766 39866 5097 90909 58593 29817 47074 93618 69541 5584 81230 4370 57788 61059 74137 92423 78055 34855 98563 82399 83147 13947 92173 72712 30017 13997 19506 78254 77012 
57781 84768 79129 13998 89864 86390 88943 36032 49815 82560 21924 55398 80141 26294 13185 41199 16782 21959 35605 67989 36873 18004 67487 67171 26528 40198 97187 40524 76055 75441 33888 50188 
76560 13016 80537 82775 99405 69479 35159 49219 68391 57082 20968 48531 99727 34153 6082 32861 72463 58038 849 9336 76041 84687 76506 18921 41236 73693 59444 17290 65485 93331 83829 58396 
22699 64366 41170 38455 50196 92680 4026 18586 49762 24993 83469 65840 59145 5902 98700 47960 63939 15900 57295 56332 16938 33800 75252 58173 23844 51047 91815 5680 60730 75643 64075 83428 
56360 21597 21882 6556 14276 25907 41493 80389 67252 41313 62581 42748 63566 77632 90707 27505 9884 48001 188 26821 98153 75439 84994 38348 26485 93160 44028 87214 68802 24454 86993 41514 
46050 25227 64421 76678 67485 22265 73418 34736 63578 35998 77484 27143 13630 68190 70999 23513 32543 71186 66685 47047 62976 68030 85394 5813 61189 45773 9378 46343 70227 12723 87856 32628 
37949 68628 25657 5433 90892 99075 56521 70821 51424 34004 14316 81405 18545 85314 4917 67439 72852 71602 14485 52179 55983 16231 57991 17172 78355 83721 63514 64933 96443 67721 97561 34391 
36348 39569 56175 27239 38643 12695 14412 6419 63050 28727 87823 97947 30392 9092 81737 3243 97045 12574 55422 53027 28804 29764 70198 7158 13484 50063 72091 9926 17783 86003 60668 54130 
25571 33195 97721 80566 62241 12132 86984 41643 57210 91158 39589 87601 249 37677 90844 97293 50250 62617 50320 79053 8732 20517 2563 22216 70580 91005 48493 4714 77007 25513 58844 18929 
58707 72916 15846 20947 1399 19181 62589 58608 10339 18529 46208 10587 56206 53403 7880 6455 32371 74551 1860 41103 95067 4422 79670 81998 11778 44514 86712 88784 70026 61907 24064 45084 
34822 39910 66031 52572 75442 44971 11179 85780 63500 73738 12719 36057 43493 20598 58863 75863 95148 60722 33317 6566 81495 29338 88564 93272 73852 91627 98407 60229 53533 22471 5313 4706 
78732 71343 73629 54173 32665 84807 56305 96164 74896 69023 48572 18388 5972 7435 10603 1119 84508 60271 24036 66003 89609 28951 75626 79812 20577 90385 40040 90461 29207 61704 11518 7938 
33046 1498 78462 82063 2656 34766 78226 77552 3788 43150 12291 26111 50584 22893 27229 35091 99516 67617 17445 89124 96567 9423 68935 33496 99807 25326 40308 45365 87030 68178 69654 36427 
69675 48115 18489 72331 99233 13067 66234 19372 56216 78524 45483 23151 17769 89063 74593 17284 56679 92038 6407 69598 17812 91693 3093 33970 33370 59752 79334 20399 27929 48987 73178 13956 
13453 8018 86286 12685 21084 52519 48409 93651 47394 93891 16801 65162 99305 91394 82445 55984 99783 5203 41933 17594 13247 61377 67915 62969 21128 47248 99719 65409 12586 72896 79364 26038 
80914 82001 55075 18349 50871 3483 12000 98264 13725 28800 79778 13029 36545 78574 85364 36327 129 27296 70272 13375 88672 38186 76343 26152 1785 76062 91560 30722 65309 87275 56760 62574 
85627 28186 80923 36497 31668 92922 51112 61744 38073 47241 91124 74618 25815 76488 27296 25943 20135 97568 55669 25159 52105 48364 51310 70242 40777 59221 963 22437 62847 57722 85011 48473 
85907 65933 1321 33926 58854 68784 12021 13278 16025 3145 87895 58191 79632 15191 485 16118 29110 72505 41276 81214 37220 8937 51455 77996 68157 52418 433 31003 26491 1795 95827 28750 
67727 97147 62675 42932 82283 74696 56209 98307 94192 60456 72849 90175 91998 73333 6292 21107 62189 63920 2320 99409 72856 70127 77404 57365 22544 94188 4719 49034 12334 546 94135 80060 
14044 56810 39343 96326 47857 11904 94632 42048 72359 83832 48574 64356 57164 54865 85462 35705 18784 4133 35113 7992 74259 28868 65356 13154 23056 70074 78540 51741 86971 72674 31801 1015 
45835 87495 97340 10043 99398 8324 68442 88108 92155 17015 68815 65671 88232 70628 1375 23367 91113 36487 31358 81723 65354 13065 94877 4761 83139 89768 56502 86461 62441 4654 87475 24628 
8500 84815 34670 24250 93138 3112 28709 1644 20126 97524 83666 24709 84503 85040 48076 75615 37878 79433 57338 19584 92498 68566 24344 91988 58333 97197 78448 37125 18202 65923 61752 26702 
67089 96422 67303 76578 15885 96011 94573 36010 93534 78239 77071 94389 63278 25146 86355 17508 4578 60044 37091 13427 28609 77786 21766 3293 91335 16566 40418 25888 98840 2169 52589 65928 
14942 19891 58857 30826 32254 53429 83188 25787 31667 60258 36527 11297 85403 22882 45156 6332 82925 82246 19759 27886 76383 57876 31178 84069 74441 87947 9957 73280 90116 78897 55559 21409 
15140 14415 52235 47393 84196 35422 89531 15862 95679 26058 43510 81081 65291 88665 3764 64567 87262 39874 92452 79997 97750 39982 64065 72190 27928 90373 61822 34395 69270 17380 55804 84409 
48147 8038 31801 32342 59811 21331 64555 55489 47388 24417 52921 29030 29433 73036 93597 16695 12910 86048 13043 10659 42381 93459 99200 86661 83832 77373 37407 53101 94753 93210 53861 59251 
17599 85661 7944 93761 23343 88850 65601 87083 13266 18521 16112 42699 91557 9708 75745 20818 12108 5139 31476 54488 98597 47027 41148 98780 24400 94907 51880 35504 88116 5740 94754 22067 
7752 19049 32179 31095 7898 97780 18177 37516 32652 34288 96566 40560 43996 88662 61377 56103 93800 92852 26942 8748 39879 84442 7528 80630 79348 59407 16133 83815 81499 10886 22233 5602 
46286 54412 36696 54183 52191 54872 8050 84842 5512 4615 25402 65859 93276 86778 38313 3427 95982 65254 12175 52212 66047 19702 32841 45394 95460 48973 29209 93310 76210 67793 98912 38847 
22204 35607 93029 90746 6831 17431 75588 28694 22045 17341 94552 31673 20470 32864 35099 32803 14469 47273 1366 80516 66974 34206 42261 78786 99530 87821 72095 92091 55614 87358 30937 77817 
39317 40318 68563 62499 57748 60502 91192 79792 94194 85743 11464 14663 34958 62915 47466 65778 10187 65183 46293 93513 99389 88554 72298 15270 92726 60744 23713 48339 48102 54649 42508 87418 
11318 27422 49916 69065 87923 57459 65209 82116 59553 93024 13130 94510 55938 76947 76639 66125 42130 22932 75989 57870 27837 64638 89491 20562 25381 13203 85253 89834 84204 27760 93603 95521 
55181 59870 64586 59455 17328 46146 57922 76880 39169 87403 87741 95107 64350 64380 77583 22831 3663 69923 80700 47851 34560 86542 84764 76292 99745 70016 66126 83948 14127 76080 79468 69307 
35950 60405 45113 69629 6550 3034 62861 62071 90437 66953 73529 71138 47684 51111 93968 51346 37385 91019 15548 71944 77560 312 48235 77304 86679 30712 77603 806 6792 73423 86464 59093 
33827 31577 45073 56729 34610 7933 18799 41398 74886 92327 12535 22569 59789 22854 90267 97173 13872 22166 69116 7784 38829 33702 85087 25508 64414 79042 26313 87557 52464 12776 63001 86290 
44352 8073 43018 95314 32358 78168 36711 23595 70494 65598 62515 30282 88451 52781 27454 18675 91299 96569 26458 30127 30271 27896 55634 11036 6937 98298 14944 59400 27426 77944 62042 88129 
2368 21411 83442 34725 99579 36505 58319 70072 18454 20834 354 6904 89966 44159 25578 81264 40728 68387 27743 87350 96283 83376 14737 3219 98026 46032 78971 25451 40327 57364 13579 42694 
78774 97021 93771 94704 49877 68441 64776 68330 5626 81481 91585 11944 25639 33515 9559 82718 1901 37301 86419 14535 37029 17507 17754 35054 63538 13076 60504 3864 70439 74082 62910 65564 
87454 56680 60268 53682 41472 41395 22011 63450 22875 29948 75393 64865 63462 84951 63935 81714 38604 50353 96249 75632 67860 30354 10685 31397 59781 87540 51613 46571 61621 14522 12134 65427 
87553 72401 19108 29024 13795 57471 92473 53021 87418 84217 17886 67231 85520 98172 65296 24123 48524 61544 16106 32735 8249 43142 80484 68029 30681 32096 14599 8653 46617 43085 74079 34169 
15485 9539 79544 45632 67009 88369 15004 70778 72585 49241 38008 58104 47412 3303 98578 12288 81199 14683 45022 5799 74176 25505 90180 4856 57600 4778 29861 20568 64214 20291 71088 96051 
29829 66984 41682 13189 55352 73037 83966 27936 22278 38325 2392 86041 57980 17321 98328 39178 48356 43350 61328 22531 85206 51507 43739 42806 56285 73599 79725 36850 93889 50813 32900 40070 
17796 90933 53258 89499 63970 53576 17434 2599 91900 36177 88639 49879 53498 3319 5408 1853 63020 66736 40735 48225 18242 84473 91030 90878 58071 70755 27728 68312 37919 60627 24733 72066 
51560 94342 61564 31881 47917 95349 34479 56169 31526 39469 22399 1375 42787 44159 19579 5806 10894 60313 70383 45487 44786 61412 52717 19208 48518 96796 3871 2788 73774 28603 74853 41685 
39297 36416 73565 3565 31765 24395 59733 79642 63864 98484 97368 23002 42642 16946 45160 69887 93610 15542 31725 38395 93305 84441 73955 58175 97588 77825 60962 71362 22780 35815 13046 62076 
88582 86611 65640 36698 27357 41725 32691 7572 56560 30058 46926 99201 47003 92085 85439 40613 23978 17163 95359 33634 17956 69313 91808 15543 63490 69122 3256 86269 4936 16302 64696 9869 
19264 46687 46567 46620 4763 79257 54192 61322 25667 1117 76874 89021 9553 78664 45985 49882 95827 41344 99867 30134 27008 91675 62028 90497 77148 65284 93117 98435 81585 57812 8303 848 
20851 71221 63819 25613 66830 34362 3287 92496 51830 80160 81516 61382 58824 27501 27615 71002 68844 27482 17487 12203 35508 79514 2700 12655 44797 12168 11089 42733 86332 35743 59932 7182 
6964 23751 32794 73793 58112 52432 66288 26294 32592 47803 4027 7767 91655 31642 95120 60498 75475 12606 89053 27334 8471 91752 39988 69620 20271 67428 12352 6602 19522 72284 13783 26485 
12386 62929 16629 86849 15360 99268 13142 64303 47071 17169 88421 38725 65162 99892 15575 40636 28849 4627 67969 37320 12730 24308 6939 33000 8087 19290 55954 27608 7925 69736 70445 20310 
49016 87073 23511 64376 86341 36652 45030 49763 70172 33451 4839 35333 33342 36765 75968 62191 41391 60288 15862 70472 84595 22800 19824 92681 58441 75777 36641 82718 61864 7085 19379 10880 
94157 42889 91607 96849 95893 52988 46611 66064 2790 67802 1397 36132 4566 77364 14674 62309 37652 30535 49132 38598 69686 68955 31279 44478 61083 84271 27195 39299 91355 62926 66530 1863 
5814 58136 98712 1706 27475 61674 67770 30265 29475 69166 66396 50393 62881 97421 12701 16884 44307 61832 55482 30344 47139 3112 74821 24573 87382 18368 63871 78736 81293 30400 80598 3458 
4887 95661 21516 32362 57335 89285 62626 86809 74802 45373 53553 54034 59145 66253 70918 3451 44437 42751 33794 7927 45862 8614 32499 49595 43333 12722 44682 40977 43121 25279 44435 64360 
20940 65950 96721 94626 71586 75698 97786 62739 37422 51339 16772 96566 33943 4041 16 78379 46791 33809 2657 9004 58774 51508 74950 2107 64229 19631 43083 23701 61262 3869 88060 82201 
69818 1132 93178 41403 93181 90963 20493 30602 42301 37265 27167 92596 57657 27182 87326 20800 77342 89983 29803 52468 41490 21105 70926 22070 40735 30360 62122 1996 34229 66534 548 20398 
84017 93725 78153 77198 1040 98645 7799 59692 35909 51318 52287 9918 78499 39613 30717 72193 29595 60519 24660 87436 97975 95585 25857 38710 25944 87978 40705 76524 70863 41253 96922 54880 
51329 75074 32077 52368 73718 56227 12060 25979 7544 64346 35896 2395 3958 66612 74587 49904 43482 15598 53691 41457 27534 95899 80166 53477 229 37222 46353 71091 94826 43274 25970 46155 
18347 74398 14874 8416 30625 26933 34394 54520 7631 86641 73266 27940 53252 64204 94196 13086 79801 47886 54542 7334 43785 51059 77163 44013 88280 23515 31455 99458 83140 57425 45612 17838 
48174 76837 26253 95150 3770 60647 49670 27752 47287 39287 55691 16891 3491 49886 29976 83291 14124 869 6977 74260 51927 491 34624 56558 40357 66078 56015 39848 23502 17978 57685 88028 
94815 83937 83177 14936 60935 49198 59039 24574 88485 31081 41464 91975 80967 87791 91617 11442 88659 14945 85701 40585 15435 20324 13494 72143 2753 69509 11990 42607 3838 86026 30634 15004 
69963 13810 46291 30897 63008 5329 71822 51492 36410 13285 43466 33728 1075 51434 61521 89733 66379 47221 46669 98165 83896 60163 86660 86648 46023 15001 45606 49860 1027 76239 81216 70989 
90049 27506 18237 69408 49187 90059 20899 1948 19695 80716 52027 37122 32149 13547 26854 98527 77119 89875 13044 77366 50037 99703 80365 12411 14703 25971 78622 15729 2209 59837 3069 92257 
3695 37658 61664 52881 44068 98914 71180 63762 79629 23206 883 28130 36752 44089 43008 13870 50315 56051 91235 351 55753 87951 29113 70456 13921 7734 86184 16130 67571 5605 24738 87617 
43262 2754 56849 87329 1667 28028 67442 97648 51233 84677 25777 4336 28765 68784 18205 79079 24835 25791 95781 96939 30093 24893 67394 44014 48978 69930 60143 32900 75534 1232 20516 35147 
3985 77364 22475 22004 5391 6268 19651 72975 90944 61779 77310 19708 46914 11866 15138 88100 54008 27270 85039 84101 68514 68784 28114 17492 38713 4608 50391 30598 22191 87259 65744 26176 
64622 4570 48179 86365 10838 84181 75691 1781 62311 53001 37841 9224 81218 69330 97324 35226 12952 98714 35678 81465 67497 80143 15308 22562 1102 82051 53159 23292 69309 35255 65819 50282 
56176 13997 52998 67013 14529 28689 85146 76839 98041 22986 2415 79258 8667 16090 30835 21618 14803 82864 3083 82299 63006 34742 4860 80459 16792 74371 3751 2452 9625 69569 52734 65800 
99918 22083 49165 30798 50771 34310 23989 65163 73647 26403 60773 98665 42492 7959 20283 57294 90823 39717 55944 70180 74458 77156 66991 7602 51526 70741 10053 77502 56661 79138 59653 56578 
1221 25169 3728 68343 75830 27716 33506 49476 54118 10630 64493 96609 18588 84775 70254 25762 24491 42549 12294 15300 19704 79284 22901 87581 50024 49306 65082 6684 44795 41087 79614 46015 
66255 99693 30710 42085 27408 80567 7912 97877 91196 72404 10837 9783 73530 81090 35545 14372 23638 47838 29672 59694 27121 68924 47274 93496 34581 28708 16531 79376 86146 12496 41742 68752 
12188 72451 10836 55947 53017 35100 53823 44212 23855 64659 70347 97385 62100 22243 11756 2090 86432 57779 61783 29904 43055 25408 23399 93987 70467 56281 73362 56612 68777 31456 25364 97316 
3906 52551 53263 73275 87650 23437 33838 11505 88096 4184 25241 50195 42778 36996 68636 29209 11127 30418 59112 70533 72178 98862 64519 42644 55143 54233 15608 40271 85688 57323 53938 5945 
9873 23552 95571 13875 46989 29409 41731 51436 49944 66971 17982 92722 20318 86618 21930 47796 33387 97394 18328 5564 96255 99199 64560 67749 53431 96519 24371 55470 53841 94661 77766 63713 
34564 73337 93939 81552 2745 35669 49339 52688 2639 83673 45409 22957 70290 83691 70752 20028 81084 5432 41944 93690 4630 22855 77791 74412 19373 18513 29881 73213 13173 23998 53277 47737 
97334 47216 45640 16430 82884 11331 69118 1875 95003 30878 24831 81644 30920 11934 1671 28355 33717 43614 22045 38346 82820 16187 29109 2192 34699 75341 91756 64224 99339 45033 11960 96672 
92248 73951 13102 91483 85281 98571 93357 80283 45800 34539 78278 93072 62825 79949 21426 96541 39914 59822 51239 22734 76008 80347 24925 10707 72040 16681 91282 71378 78065 19593 84401 86664 
93543 13854 78146 95176 28776 71503 91810 74576 22393 70088 67647 85217 66388 89072 98110 6301 48894 65700 45386 41253 62398 86663 68311 34437 19695 59592 5814 97759 79184 90215 84422 89079 
20420 78919 84254 49196 66773 92415 23771 89166 62502 7769 90734 28889 13192 88843 51542 78437 54542 96927 19690 16940 83589 4352 51376 3283 63944 73542 17393 59479 80108 18166 48557 527 
97085 49162 49722 63857 41577 89844 69374 4078 13964 60108 49319 43508 48950 860 21944 3492 14138 57985 36783 14079 62337 4510 33713 42632 94403 51106 2110 74510 85623 67019 91389 82707 
16180 57462 62916 57756 63658 32289 78186 77621 92396 43856 37480 41346 44715 75776 61189 75204 33760 14323 89282 12448 18832 22995 71431 29587 90452 73541 4096 76074 56911 11836 58781 73090 
85650 38048 47198 49307 70336 41735 43279 62732 85590 80759 20429 46656 56534 81617 21859 6645 95939 11141 19093 31122 50487 6875 60708 40938 80415 81156 17011 37325 9343 92143 26767 94992 
30190 90316 44298 526 32050 3929 79609 17639 84687 37 64294 57572 98005 2504 64216 93943 13644 99660 41416 80482 6535 18476 37771 3301 15983 54782 56978 25325 63276 96 36669 9818 
90411 97318 26695 22460 1246 6303 56450 2284 22691 20743 59855 20695 23246 40423 30989 53242 56434 72404 50075 62968 7231 87846 82621 23213 58979 39598 64890 22254 56045 1558 48423 46455 
98875 75117 68914 121 97771 25363 2404 20461 62457 78611 41155 2054 19033 72143 71647 75466 60899 21722 54786 68129 9567 37406 7694 68545 93355 72583 7150 49399 90492 71925 12205 5718 
47041 81118 22190 61164 22832 40946 81624 1640 19556 39131 3693 54940 27625 91692 46757 4875 13413 1542 73004 22979 55299 97049 7875 65005 85983 31376 30755 76474 3300 42959 98543 66693 
40428 20733 27856 79611 61678 25831 81250 81233 81313 1295 52524 8938 92986 99280 13812 6398 822 3167 45728 72472 16567 69954 37477 2549 1329 68231 95374 20981 11190 93917 87673 67969 
14649 31880 47580 76326 74062 28829 73910 55375 30123 26433 80664 39460 25712 10827 45857 42885 13994 7936 15357 30560 77889 69185 49461 95570 53767 44834 32902 81308 38750 36926 49277 53398 
68805 96856 46075 59218 42036 19984 14592 88511 46416 95255 27970 88480 22434 90179 47716 36427 98114 63072 83338 92355 48608 49150 4276 18727 93984 37177 34 49085 90454 65662 18835 75610 
62517 64909 34827 20905 1245 49419 9415 64012 61025 37384 52491 83458 27562 207 36236 42028 79630 35926 50734 44590 85075 55009 63316 95410 8537 63349 44495 98990 45363 63329 74599 24231 
28237 9425 45135 45833 75195 54549 9845 52572 8285 62335 36029 52198 78893 88617 94225 74875 24542 61310 19464 9616 16318 82779 5026 41206 62479 49520 40195 24193 29200 31145 48424 73788 
56922 93558 19621 48468 64459 29465 1039 89095 8151 53420 41292 3396 42036 51869 78270 66577 13178 14085 92544 45848 13215 97569 87053 75693 63440 43600 16238 8991 91096 64661 82779 64369 
74570 2399 12837 39028 48215 13875 28122 72717 67294 69414 76112 25681 37634 54381 92257 50811 84817 84801 13010 98031 98721 63 90076 78513 60014 6313 87503 51109 70973 70281 15478 45542 
89031 28314 922 53597 58540 29043 26314 42186 14808 2425 67866 52441 73158 76475 19604 57974 77627 48965 56005 76347 49027 46080 54859 25392 52392 58714 76501 39716 28994 8330 85257 34377 
52995 86178 87973 11534 31573 14286 70071 46380 33063 54289 15173 6220 30763 51128 80545 8389 92 36549 1087 65471 98980 72298 90862 51371 31011 83714 7438 76356 92043 92695 10732 45037 
95224 15057 72923 26796 45694 59345 89528 78756 13633 21052 84975 60747 72179 65520 85487 88622 18420 2926 70444 17400 75223 77658 85122 6233 77723 92560 82588 69766 1606 9672 31154 13181 
24728 20428 39977 70421 79773 45856 65529 9757 66907 66855 86856 55437 32374 72342 60410 67146 75267 30854 897 66841 24863 2370 73073 2585 94929 72013 88702 12886 98036 36208 26067 39115 
56635 82395 25887 52759 28250 91415 62516 11508 58270 65723 83296 6995 54416 43705 74140 29683 90910 91388 96523 32124 93758 85948 34709 88686 74312 23410 17924 72347 59617 43990 11461 32604 
42736 37347 85362 87337 28762 64229 15196 3383 29951 98491 10377 84367 58547 869 30401 49457 92256 43275 81580 86013 45574 32640 91051 19885 72402 25326 92231 48370 85667 3691 80973 28402 
57390 82687 15738 2503 63267 47285 5885 93218 45775 32613 93936 4321 33481 40688 70129 42089 314 68061 28101 45888 700 35503 65772 73101 60828 74355 21471 46494 94397 18795 91247 51786 
1481 23336 70640 64748 70620 76524 74317 16394 25489 84604 37067 58969 41643 7195 1057 41956 75255 45510 4195 92307 97364 86319 65407 58192 60673 3229 21037 71421 22024 12284 23207 39856 
35619 10198 20955 22591 3074 11623 38984 28562 12578 92402 3882 54220 99597 21291 12528 91203 66800 16722 99861 80515 3040 65268 55058 80064 84848 76095 51485 23223 4730 91043 79431 56700 
1240 385 79290 4313 28360 34626 49226 40937 27027 53108 95157 42975 74398 7684 50530 57549 40757 50390 38063 43797 32009 93121 23860 33209 85567 91696 56431 90296 82738 35861 63347 83978 
52598 42637 4642 80957 93614 70220 21893 36992 23327 33401 79967 14076 57436 46848 71624 98193 13589 26038 41989 45598 35510 82200 78806 21076 73896 51588 27723 56633 3801 7422 56962 72750 
66410 77956 70058 60023 48175 91950 97014 71501 41703 93332 1928 99138 56531 89903 97330 70120 15940 55670 15717 67802 37870 10874 88877 28117 78813 32952 84749 98965 56725 58063 71714 23134 
36018 41771 99508 544 50073 96521 88396 91775 6205 90323 90912 62735 80225 4594 32854 12516 60263 64922 80317 14484 92147 85546 42600 70960 18497 43701 86276 91573 1763 57990 14706 54132 
99760 14213 54675 49832 27085 43070 57958 49641 49744 65222 12376 29968 69815 61581 42483 30077 42855 22800 44561 51353 8345 87160 22312 43193 30860 8588 34765 48974 82929 65822 19457 99040 
80034 74131 48872 23470 33552 23181 73111 99647 88402 1838 29614 58216 79770 88449 4645 22624 27600 49205 73977 35944 52716 12640 95488 99928 37579 46604 65253 36859 12425 84710 35899 8810 
75192 1122 48631 25096 24302 21741 24742 12704 39930 54356 87271 19700 59156 91915 58675 86755 57471 49003 39050 26539 77995 34537 26466 31925 81140 8070 68784 9916 92779 4682 35077 67971 
5803 83707 9418 46456 5448 34159 59159 61729 4866 46430 97780 64021 54696 56455 50775 12167 21809 89824 38705 16155 40712 81522 48080 38203 89591 16863 64470 98722 37896 99546 66692 60050 
83253 76109 6505 5052 26619 82016 66780 31485 44797 64560 95505 99492 37366 62632 11658 75526 68807 66714 91681 25871 48235 56112 64073 37826 89326 28543 36547 27221 28088 19590 3622 27692 
12050 26478 32743 38668 8493 15875 70152 69641 96786 82009 69133 50503 44640 97142 26028 29798 63856 34060 55668 12090 90171 19741 66267 79496 64635 2813 23068 9074 38754 26689 36766 67155 
53167 85860 5823 78011 1734 92326 47652 98519 90686 33136 49021 51677 30277 91401 81475 94132 25460 37142 22574 15631 73234 88840 11478 54220 8005 34546 63294 46758 61234 16411 13913 30752 
2270 36087 25115 20356 44764 89118 35226 35450 22253 599 87126 68881 91999 84952 63013 33810 22094 1938 65792 11679 90777 77270 65899 98781 11815 45544 61891 89400 61954 75803 20152 80575 
28241 61618 930 73004 50735 36156 8453 72987 53106 11931 58219 45104 96882 21231 78913 35327 39520 44705 47006 30297 38326 29256 45429 50140 74799 7319 39539 36752 99473 76042 33678 27713 
37659 34608 717 88393 87115 25521 77731 40220 37451 35950 1675 50685 73532 96939 2363 13052 41643 49368 59700 79968 94975 5128 46459 69773 12447 2350 6524 11919 78391 56554 55984 16050 
7513 56700 20794 94627 98572 98525 51198 36023 50826 69224 3059 24357 66162 5421 53760 24157 71141 13459 20476 66115 18587 83287 35888 47385 85636 58763 75655 64026 15316 31638 96427 22828 
88337 17221 33806 86909 15745 1355 39283 82922 86930 58693 7278 53092 80465 77390 93600 67957 90848 14075 34072 25786 97361 86311 73170 99348 61425 65177 63374 93093 96814 59800 15920 1503 
77020 66078 4763 9116 83784 60397 92037 70714 35441 15667 40157 15905 93056 33756 83862 255 64182 34285 26041 77895 20595 15562 77242 98371 80738 56967 91463 93904 16767 23735 11758 10138 
6164 16520 35606 89947 93268 27642 77012 28708 59660 33520 60964 52715 83627 44825 52970 47809 95461 95362 42055 32407 10923 35648 30778 8013 8967 22240 18268 25733 62326 30025 52222 68489 
62896 87827 74788 56163 15469 51799 84870 91480 85319 45833 44195 68945 7010 13516 33105 2470 8877 91511 34877 36151 43511 82006 60515 52477 20597 78782 94561 82923 25158 46782 51411 88053 
34609 26198 44215 66429 94349 45436 57908 96019 7621 18454 81315 30982 31969 30772 33451 57197 38634 84679 9700 82144 66684 70214 50972 87281 65348 45532 86555 6857 8666 37965 94910 59626 
80515 55476 42406 91215 17264 16665 3585 24884 35119 84899 72217 83439 15670 5667 56988 70656 6698 66687 52799 89733 53252 3771 93365 34951 65654 79919 41808 74319 34236 36717 50296 31102 
8544 92701 38668 25807 9366 42252 67042 60836 27150 39258 44274 59172 61277 1261 29827 84326 84299 98977 74058 53903 19099 83775 88853 1105 63693 30660 75423 14280 83728 25719 45381 8624 
34771 84048 34430 44136 26299 17824 4971 69801 57081 65597 45324 34709 83209 91502 19034 83860 90478 9444 37762 25929 93218 26614 27033 56910 73626 2455 71190 73705 44525 32922 82328 95648 
33322 33110 39783 59620 50933 61106 45772 24365 43054 91095 59074 26262 82596 94459 10121 89426 3902 47882 15354 97119 90848 42386 54029 64473 61192 41570 54529 5717 74491 36857 17716 7812 
69966 57498 83784 37250 34955 45907 61614 78008 37002 37039 20622 35949 31498 30742 25374 35399 94976 40727 32518 2175 83112 2898 82999 44304 44467 37527 66372 35309 74383 84087 59473 60700 
57936 59608 97949 9243 5514 75915 87250 42515 12953 24223 94816 60802 71317 20189 96201 66292 60916 28718 84818 60379 31615 67816 4682 92433 5342 87405 44093 96077 87843 3565 73128 45779 
79524 87429 55021 85038 63343 58622 43904 92647 99197 38719 53449 70513 75260 49649 36804 36175 94718 21621 12905 42684 5788 17587 51468 27481 21343 95560 23557 9186 15477 13037 71316 95000 
465 42688 96389 80159 1309 56645 72805 505 95363 26253 71017 70622 92253 24172 23148 3322 62144 36053 46005 84283 69991 97472 11764 91333 9384 51672 16870 24860 64708 88185 36211 81524 
30872 32600 61682 48533 89244 34487 49037 958 77091 36406 87932 85696 76929 27431 89017 55425 63483 51374 39707 49825 48845 51470 57510 74580 19494 74379 99439 84201 62564 35650 65725 9787 
84601 43758 58319 73844 94596 23708 74801 88039 76465 79084 73734 53393 6515 79102 25169 86349 30475 64876 36174 95672 32697 10035 70251 52190 765 86042 52743 79680 21691 34819 89467 6291 
78576 47785 96486 73172 87844 87638 77562 64308 66722 51295 17701 73236 46748 59221 59584 93575 24096 12109 89246 56793 38495 75848 25334 39260 61889 78076 18939 83579 12894 24757 6221 7822 
72542 2706 97345 76737 90344 74906 41045 73417 42552 75097 46652 89299 34317 22587 82873 58413 34696 88470 31557 73190 64318 56890 12449 26206 51318 47740 26137 64211 72496 48709 88384 61389 
67767 85728 38126 74462 60633 95522 47878 3184 70618 94529 8835 4934 17115 91707 79698 68162 80177 11254 41352 44494 84496 70152 87051 52165 34243 13187 32727 23091 78248 21111 831 46014 
6838 55308 20475 67471 50829 68352 87006 21446 79232 95840 42732 12698 87547 22429 80860 84075 50035 38563 44920 50882 8714 31970 3046 59309 61509 35772 82399 39756 73234 99581 2121 80072 
54889 22595 63894 5717 7298 67251 43515 86529 63091 86246 99226 66989 25026 96437 67415 91412 34999 12334 42293 60065 60655 61690 19373 22163 13814 18123 78270 87047 17703 80390 83470 72591 
19336 63715 94660 26633 30966 54526 29513 94056 57123 45091 77396 82148 41527 44810 73560 76526 73495 32204 36590 34149 93894 72314 72664 24059 90436 67285 11105 24490 47675 10927 13433 83362 
74641 24444 9995 5606 78969 55859 16013 36091 949 9760 34590 42476 54569 24501 35353 44415 73057 88294 94916 83302 60607 67579 7360 67394 34863 34816 8235 98889 45742 21667 82251 20383 
46110 8597 25988 41430 64455 58353 93872 65404 68112 44814 24231 39033 85666 59583 83447 58722 47876 78362 42023 24834 62292 65734 8579 97155 550 16813 12395 62643 54832 94645 83025 17293 
3241 25365 58723 67696 69 68946 49451 68180 13759 73681 7212 99425 33263 7011 74498 97490 1724 32873 38675 64016 98606 47253 77522 15507 80417 89916 78150 51600 913 61174 68893 20505 
2890 43967 88200 2958 12912 54002 87490 43023 27682 11053 58799 77296 18063 33296 91137 19787 66168 29811 154 81126 93415 94027 96632 73832 83942 74781 25431 1206 52307 10675 21711 55196 
54641 26262 74506 83905 80264 61995 43279 7945 89399 2077 1593 7462 51724 92729 43600 17892 38892 60105 99017 32306 54131 12000 22489 54424 86781 64272 55630 39087 74946 77340 10634 45939 
19953 1491 29843 216 79837 89473 24513 69236 91549 26105 76697 43272 35185 36648 77515 74076 96752 92883 6382 67234 4883 45222 21657 8015 9493 77286 47101 84439 70977 74086 46729 90930 
75577 92923 91145 55413 82395 32009 24648 73943 74465 17696 33566 9650 54343 27433 77 67446 36667 6458 34679 57901 51680 72688 65915 61172 49973 29367 61962 37302 3453 25042 28231 79029 
17964 35727 50793 358 84088 75441 90652 58552 9488 40570 84553 63831 84354 84630 47628 37372 91087 98659 95273 59118 71346 77539 36642 37670 23258 14955 74971 43062 39997 19553 38442 57960 
71632 89234 74670 55719 81026 65321 14270 90514 22242 98823 70696 6595 99804 18323 60319 7242 33333 71943 66360 21030 65833 19353 58700 89090 34307 50022 48503 90655 69575 86944 48615 41206 
92530 39636 13276 73555 21308 27545 64068 43550 42719 34763 66496 42522 69438 26814 66116 19122 98756 32475 40152 64589 51827 98851 70030 2485 48872 18533 93140 34798 21828 58106 76003 14357 
97741 89278 87912 35400 33175 51979 78949 92245 3094 61797 51119 88883 88610 17234 8004 3718 66060 48155 84658 34238 63357 54687 36722 12229 89571 46213 63378 11399 4318 55733 25755 18410 
61362 30018 70162 10888 98349 49110 3133 1442 27258 70603 6676 32220 4188 14679 35937 70247 79186 36946 4484 42542 91632 57557 71122 97555 3770 34500 8953 24439 90232 51059 59201 67945 
81077 29362 78833 79425 94823 81965 97218 22081 68919 3893 54300 73106 34923 6588 43352 14108 43533 64187 73002 51516 21743 44123 49070 25512 94974 74374 66303 1557 25433 25503 69502 22861 
71216 48334 2285 66038 46650 15854 4470 15568 36098 58769 5025 71020 65356 48376 1480 25240 28914 74481 76756 50656 34955 25825 92520 29929 199 75174 31485 41983 676 986 64843 88243 
65671 83479 54280 12320 99332 58750 27887 35429 33870 49263 22800 15578 97638 24279 40817 26551 15111 33924 93559 50066 59749 2430 79994 76299 77603 11478 34633 94630 28816 99475 82872 94486 
99305 53503 6806 98636 28604 51044 50416 62474 307 89567 94403 14296 13846 51571 57199 28956 85495 67109 95373 61595 69538 75366 37893 47140 3196 88877 41769 32011 88351 40992 42848 87655 
94494 66005 2642 23098 17049 69409 1923 33707 58975 96325 64354 89172 47895 21552 34480 33389 5012 29852 11335 74549 21570 65579 38040 24765 54455 96160 73127 42805 37151 15974 46811 31645 
81979 65804 71094 15379 51564 73016 65437 10539 69340 29790 16062 33586 67694 50541 66975 72705 96745 94661 63606 18314 60240 1645 43078 14694 97805 32556 73851 51307 48529 20661 82951 46859 
2817 54044 78589 54380 43411 44025 64918 12750 73815 97332 46336 57860 47872 29662 30564 44616 24322 10521 62929 84561 12166 22358 99255 26322 54913 89457 77628 19794 10117 76931 83004 29285 
47326 61593 83665 90737 21969 64934 3486 12135 62265 66173 69994 26489 12186 16910 71104 36508 27430 50385 37420 55947 89094 53026 98620 60359 42482 76248 96504 68951 69530 79507 98235 16855 
57451 81899 23943 95772 63185 43781 7906 41801 9953 94252 68289 22139 27513 55745 74998 71294 22481 12417 27241 11574 81795 25860 71932 24276 18459 84787 93226 87988 64294 7813 21195 38096 
6063 45137 33867 69247 88917 58125 27400 15222 68728 95688 37360 96240 51432 28709 67533 73912 57477 11125 1838 39271 53337 73769 79899 71795 74908 89476 76135 39201 97288 97329 93648 3351 
58817 43867 88949 47734 18343 16348 62955 87070 28388 16666 99661 79819 61726 67193 70083 19202 94670 71920 58473 48006 62040 38371 19800 36947 27846 95934 92499 41486 9614 2499 61188 68431 
46365 66488 32516 81059 99188 11822 68128 27575 28487 67788 23745 6564 51332 93827 25765 46001 82098 589 10358 60490 38959 30158 13788 83157 42443 6287 40994 68409 25137 2181 36839 71501 
85020 85706 68911 84207 97527 37038 11781 42365 21177 35526 48928 88860 45704 74692 51213 44154 75281 61570 4643 30591 8079 18430 30099 66874 41068 71092 35282 66204 89624 88472 54056 74644 
74177 22966 58850 71703 76355 86983 14067 13883 38860 79346 19095 915 54037 70307 45068 45669 48228 66062 92612 72659 844 22710 39532 41911 10154 91165 24467 16129 95988 94874 7124 70164 
17840 82326 58218 10546 69308 88636 24429 8167 67981 59875 9081 38369 30181 70501 390 94760 52914 93001 67418 53757 15710 6949 12020 42215 14465 52838 58344 10452 47711 65467 96967 81902 
64144 71536 92448 33451 60171 33228 57969 44503 93102 83402 99224 39634 53902 99613 34393 23167 92613 1811 76924 24674 25111 88943 66889 55928 58132 41584 66379 5842 23402 79698 87744 87546 
51233 96543 37348 11404 29770 95317 72258 39223 78718 71481 78856 48971 71093 29600 72137 80057 47762 65412 4731 89225 70706 87971 45152 28837 45906 27882 34679 85659 7579 38774 73204 58812 
35316 26904 86567 65085 22220 75176 20659 17289 46657 99514 82611 34101 45465 71099 14158 93227 52863 35240 82451 23568 23210 27602 52405 85467 71835 3435 71125 79414 42208 44329 54577 77523 
87584 57495 58959 9803 32670 95969 43443 95678 95482 42405 46131 57298 13503 76640 50524 66365 11879 32974 6285 51440 76927 58689 36906 48762 78475 24382 44527 37034 85062 99103 14556 72645 
72949 89866 98799 21970 85834 42241 34000 97667 84645 80130 54964 14500 73121 21840 80864 1351 71165 3500 52790 48092 78540 6047 13205 57014 30428 57731 94047 15490 73185 24954 4486 62485 
31171 3285 84454 17004 45525 18453 31022 46522 14934 2338 61021 88054 24177 58236 89404 95341 61736 58545 59784 40275 80943 89340 13641 27723 63422 7687 59564 52958 48993 64049 15442 80163 
67333 16248 13519 12858 51052 44540 75731 65986 46877 36751 70391 71053 11338 76147 82746 73073 51043 58881 29700 31986 48221 43340 76060 11642 67378 35623 64600 16370 99671 96393 96533 67004 
12640 10051 96213 63692 70942 88295 46029 17819 25045 32771 5223 36382 25269 4320 25807 76312 63201 71858 24649 11421 15197 708 39414 82574 36330 20365 15296 52352 16758 28180 35707 29397 
54582 48271 93088 25523 36565 55468 43341 77961 88239 64916 30695 13507 69235 56501 6170 32435 28358 30818 60207 59906 47877 99621 58831 558 19985 74126 52910 36742 18657 4968 82491 73238 
53239 91930 98761 89803 47398 58453 67764 35636 23368 98458 65494 92603 71310 71664 41389 16019 2481 1596 75924 66710 17568 34754 67267 53904 25232 20176 6998 43888 41496 89488 17126 94734 
81417 32238 888 28814 90690 85003 80801 14058 99812 62647 6660 71121 34310 64400 3491 53142 82347 79414 19851 99914 30520 87118 53818 72103 23645 60815 32342 65140 66654 49467 59873 48070 
81704 77113 93236 72394 62115 90388 2803 61927 53034 25814 49399 87343 90213 52890 40485 72560 32303 76687 72473 79174 63804 42642 51276 3801 19808 99970 68940 86461 49436 45165 34531 47492 
22277 44118 36237 84391 34505 39039 62669 87539 64852 12068 91233 71416 64957 48069 43975 13611 24756 32800 9137 4911 91793 76764 8711 11601 76733 94003 98061 26169 39167 48943 90012 77795 
9412 42600 62185 43917 81638 41206 47807 62841 53273 55391 34256 34581 19812 94583 48191 44567 43734 57327 65829 35526 34091 90892 47126 10823 84894 61539 53343 24060 26833 59706 1854 36245 
2305 80390 96513 83942 37947 60671 63134 91219 32413 13742 25799 52224 24676 90342 13142 68409 47668 78971 3934 98110 69862 67412 25285 54755 28950 78627 95166 72134 38333 13371 8378 56989 
10112 21242 57283 48059 81912 20416 55629 30677 50509 81428 82900 75184 71769 96042 43592 35788 91364 47526 50250 77577 31289 75534 48683 76590 70512 43848 48723 25196 73570 73453 82185 83681 
94694 39467 48091 92958 76234 3720 23634 26743 1499 22885 1926 73267 18926 45518 25406 26641 9395 75655 4217 40683 67540 52899 33624 38052 13098 82346 79599 86667 72150 61783 86700 66844 
17601 34790 76153 93835 54861 16138 36929 56359 39022 38854 45977 74300 723 71383 940 26469 63389 21509 83503 30929 74407 17126 85332 3857 99472 64930 90523 71621 43065 93574 54816 60665 
44716 47320 70851 99576 63457 7779 55935 18831 46633 1911 9482 63707 89645 26773 90176 53034 48281 73678 314 39040 90804 1997 42896 6627 66926 49770 94599 26342 59696 65767 87007 4411 
29438 57857 3986 92895 65636 76272 28077 28620 78183 37558 8678 67827 80682 98853 37212 28963 88883 53877 84354 79686 55873 43601 2664 39151 93370 13614 65492 69417 95732 52498 73827 25170 
26707 77813 34416 8694 54084 78844 53665 48618 16401 62342 32797 97082 61195 70008 42396 50077 23885 26749 46114 96109 86701 65129 35259 80071 95094 751 49487 90826 69600 39666 32347 96306 
17478 66762 21351 87913 45605 75015 52883 78357 53709 85679 91790 31255 72038 34186 81331 12274 77286 43796 8383 63987 25276 43641 60409 36721 60743 26247 27546 30343 65912 76244 43000 99741 
59357 80703 4006 4961 55717 56888 99669 25777 58918 91459 57031 30955 41996 54713 43229 35633 14860 51611 15971 40135 11603 76379 76856 72346 18978 20753 19040 1241 13349 62039 982 72705 
59093 21339 94018 31162 94578 93686 56938 53495 1496 13969 84449 59843 68681 27677 95476 83541 95639 11446 40027 7242 4177 33234 95939 23154 70339 14978 24394 83687 93368 41727 56391 68813 
79417 50408 99974 73994 60446 56911 27488 61941 70879 28289 21784 55912 55965 17259 55804 67956 45056 95830 91549 49232 45416 87487 88737 15754 18816 29483 99440 28535 71209 72182 97347 66978 
22590 97320 40971 83035 70583 84811 61327 41461 13099 83110 13724 85415 16720 69527 53370 61776 81709 44918 27359 27124 48756 16096 42877 83923 61930 58668 12458 49490 30849 26156 16467 69790 
39828 57438 69176 10410 42248 46855 68222 71698 29964 81946 57112 63036 67824 10482 41163 49532 71751 68521 93007 20507 968 52235 4429 62897 10902 33238 12387 58103 75746 45205 44244 15573 
2642 29772 25982 61241 76626 10555 49290 22941 92500 6402 85976 60324 16883 27138 26207 88633 12011 19214 25491 29330 71448 46272 92227 98702 95861 20965 56804 71606 66169 17399 3530 85163 
47170 45863 62755 40147 56418 12045 63088 65269 34798 49063 25592 51680 76201 68151 56664 4563 87364 98507 33892 75163 61130 42470 73864 56990 63434 47019 44948 45955 64418 64829 47469 27939 
10692 26575 68086 83461 38619 31173 48729 73416 96587 90673 41447 89139 58823 14463 93701 62538 12969 27593 37700 90450 70062 27916 47439 49848 74934 8738 12154 55703 73567 59622 99994 610 
86196 68079 84070 41167 15603 49150 30934 12189 39822 88733 1328 98644 3195 95028 77533 32515 38972 31585 22964 25386 59500 86754 75233 50785 95492 3738 6488 85410 63359 22833 2371 65906 
90911 2792 23424 6513 51941 54358 35053 91763 43090 36380 6758 62636 47760 84291 95150 86731 32227 18113 28468 91726 21218 20052 58862 33061 23789 81701 34822 3499 4533 37192 69405 95443 
39983 92828 18307 91924 63537 69712 38 6626 6091 6795 69261 70202 7437 80762 73285 39663 15226 1752 47740 36444 21804 6602 85856 61944 88302 20678 65443 92835 57869 34847 4629 14204 
44026 39288 22479 23915 8999 22516 30540 31441 45662 16153 1643 53099 13266 74927 9113 28492 76678 56853 81287 14833 79806 67142 76777 68107 87819 42219 77293 62040 93417 98274 92595 53794 
37561 15073 77708 62911 37588 24600 94351 99601 57104 95993 52699 70369 70919 78164 15212 63949 35016 96498 78781 14821 63640 71909 99279 67810 14127 92924 29849 23895 91197 22443 77689 45109 
53867 71748 8019 7806 96347 2369 7407 53450 14714 76457 23819 1984 54620 55382 65932 5987 51880 61065 20807 31871 32973 36438 99680 63452 29361 45881 87346 36909 84675 81386 82017 38542 
53134 6387 62699 49480 25107 70105 19282 39820 46562 59452 41804 17533 14833 24087 23520 66712 85151 60678 98582 34476 97115 14614 97927 42827 76846 1624 79735 61520 83010 78103 16413 36143 
84489 95464 1974 9596 65568 21255 65767 28481 80706 7570 62366 11891 31657 85885 78602 33159 46562 93536 83986 60029 24501 81912 2855 1346 99888 98942 79217 82897 77044 11982 35391 77885 
7445 37364 3832 89364 74971 69598 34197 72028 93520 96562 83918 41528 82446 78872 74686 45359 88759 58672 5387 13259 56935 24594 14604 56822 23535 10172 39718 16930 22153 91460 11166 45949 
45176 14997 35313 20146 947 69509 92173 94466 66070 92443 35993 64867 71314 27030 10225 60072 85701 15612 73330 58988 40205 4285 15809 80091 30808 71879 97020 69313 63338 24538 15261 8513 
39534 50573 45010 40480 36433 53535 51297 2502 45977 87289 83720 17290 14319 10297 93713 16371 42260 83394 75358 98816 4030 91167 78906 34837 79397 92277 4149 59086 16814 35762 67599 72700 
86334 28960 29531 22767 82494 80828 41620 28470 84468 41692 62111 98786 51988 72175 15157 94247 55568 6866 93062 75949 14384 88319 10786 93780 80595 31286 52866 13761 67047 36816 86460 69733 
82127 15990 8851 64621 13169 66822 9442 97637 8513 87905 12774 76852 60079 44282 71098 15647 51148 80511 91595 65531 68829 18732 75663 49424 66370 44880 79536 49768 98047 65995 19500 80173 
98336 44702 44793 27857 11524 70587 25493 36388 58491 54618 13240 18569 98900 689 50567 50047 81200 58514 31929 66380 77245 7591 32155 59966 52470 11690 9734 50516 77684 45585 30689 92372 
6639 91833 20228 34514 62419 62072 70901 20909 16689 492 55830 15588 17533 6396 81986 15084 64909 13915 81463 58506 37857 13618 18471 6679 25307 44556 73546 19343 90141 4234 28066 13131 
12419 48293 47644 91189 26716 34896 28450 43404 51740 84279 75344 69272 90674 73681 707 55583 3947 98521 14088 41804 12138 48910 48482 53797 93466 22027 89491 99958 42613 17556 13088 71383 
82200 60731 62571 8915 11978 7372 52318 63717 91650 44013 49340 82324 17694 50046 54258 21640 48567 84697 79795 77056 33606 44628 47204 27071 83007 36694 27028 41971 54249 56467 13353 36448 
33549 92275 61714 45527 99647 30384 9243 91296 74396 58583 89971 8441 24980 44228 46433 73546 28924 26227 66954 62530 70855 14157 5952 70213 67203 49332 12183 37803 5798 25535 90603 39347 
34161 52316 84873 50159 82699 10467 41455 57095 69049 47777 81887 94029 92005 28319 83926 37280 70898 50879 16161 58104 81388 38465 28316 48590 87796 40498 86392 9945 82384 76994 49291 32896 
29310 50515 83055 28360 60982 24509 1806 46382 88637 83693 56762 96993 28363 40688 34273 99260 7918 66785 57363 5657 21601 2030 54246 9396 42527 56990 19341 41262 33983 84983 74158 79644 
51850 57212 24356 29183 98072 26161 75564 86708 9853 48678 83701 54568 5717 34325 53827 13634 17461 27542 19291 39062 29571 89888 64809 88450 46877 501 29711 97212 1836 20220 93207 53685 
93783 17562 82867 91854 60075 74782 94914 69927 23459 94966 24494 29175 45642 94673 59161 79454 22214 94803 18515 68136 84690 99676 56585 47919 176 2648 61482 2011 22867 54688 55695 16650 
88602 54913 24855 48676 29695 36120 34954 69505 47437 75800 98680 93078 86824 74192 72532 9037 68994 7398 77172 70035 7073 50109 17953 23601 52756 95786 25611 75622 50474 97658 8623 55427 
52570 49830 20454 98616 85949 71759 68121 33386 63910 83152 42815 50733 57343 31698 76121 42688 39096 69645 12722 62520 19753 30675 86120 72508 26460 11731 64481 93285 25740 89456 65063 78309 
39285 1868 93277 41585 73627 77749 91322 37536 60900 34137 88269 34594 65834 80741 77281 21281 50385 90002 153 70137 37028 86272 58996 79840 14354 23477 89476 40093 29284 54539 34754 68568 
72758 28030 26504 46384 5778 17826 83920 66677 68314 88540 17622 50499 69280 94902 71780 19665 84903 71932 6153 38283 74555 65149 18122 88909 4977 23949 45353 34260 94839 80106 19179 67597 
8135 45682 13980 30264 79859 14251 96940 48172 2790 30913 98671 88422 25814 86802 24438 27069 75085 30590 65351 49639 12090 99824 54899 17066 23772 252 51325 18611 96709 86855 86207 4844 
32537 186 35107 12395 30789 48399 76919 49930 79311 75589 38351 21477 78742 62788 48545 53826 9730 30247 19816 21819 30070 91067 55237 70193 7670 22913 88803 4378 9768 91361 25573 58656 
7899 60680 71050 38687 25430 47968 88616 21092 39908 43319 42568 35001 6106 7464 88826 32187 54062 24994 70358 483 16060 41946 70676 23729 64858 75830 44458 90977 67191 70031 49632 75089 
47062 37034 30127 72491 1353 18742 9934 41261 62060 68854 76261 84518 92669 81439 33056 46731 22784 3413 47213 55195 61710 17888 95275 26568 93718 39732 17544 77260 9762 83528 52348 56823 
20561 82474 45665 21913 17567 55599 79525 79627 40804 72138 80496 33472 69928 13551 80202 92711 33316 27415 47905 95025 61654 43179 21592 71723 82910 55488 48982 9024 39015 17681 82198 75927 
154 27863 97839 17721 99813 93716 13699 40616 65853 94194 90439 52132 24096 70641 44842 57411 14407 9098 52436 92412 68628 90379 64135 67889 45866 13116 76912 1232 47149 59110 93510 47302 
3324 7701 81374 3136 1416 11424 60103 83620 21969 50541 35751 46065 37533 96944 3475 51939 6041 72262 60703 91020 62641 24837 58908 24858 54304 35820 42442 1452 11281 35951 65106 14604 
43651 62831 34091 61418 90607 94193 45037 12575 44733 97139 58639 98618 94082 78466 50556 16474 50727 11258 7493 29719 52446 82753 70929 23102 34924 13370 40905 46204 65672 22362 77159 25675 
85193 11249 87092 75799 21793 48481 88373 82877 45619 63364 81494 56053 58181 32050 88878 25259 59659 12723 54978 28457 95475 42258 67910 30398 55627 8814 92953 21298 31176 70111 46972 32720 
97711 50416 8518 19503 98896 13242 2379 44514 92957 83873 16918 51137 32274 5796 92748 8284 18518 64077 53092 13992 6334 21001 60741 78312 46167 53693 99609 77342 40155 62933 26413 37865 
29700 34930 73719 28595 64523 76097 89460 73832 76321 6378 41320 24946 12173 34067 33230 30690 98143 2673 61033 20828 40026 38125 99139 86192 8169 98748 79885 48323 78032 6297 86187 7731 
57578 76257 52677 38452 52353 42136 12283 45026 48513 53603 69971 60685 87669 19552 7726 2164 22225 85110 22991 62250 39586 22130 64793 47754 37229 44677 96076 31612 50973 98614 55694 24902 
74870 8370 63353 43575 50505 75636 88600 99018 45590 58570 76054 49610 94474 132 51773 16698 1593 91116 95299 41179 13245 60091 88932 66825 4767 1360 98436 72091 99973 70481 13344 91195 
78850 76696 34769 29354 68683 23368 44723 14272 98289 37129 63882 9114 53612 32006 25811 55204 23121 37461 96382 52717 13903 1666 19541 35021 3025 34328 7111 19349 4808 36806 10543 9 
13502 61663 29363 98536 85030 90437 12808 99671 27565 93041 8784 81176 25046 50947 52732 64519 4759 65465 17235 18662 67130 36776 53682 86506 87455 77145 5855 92263 13950 16397 92271 43803 
78060 37985 42339 79441 44774 71498 95463 88690 64538 20599 86218 5935 87897 38949 70453 92655 4413 87688 27668 87895 40815 81350 74400 28269 74846 80254 36883 5147 13003 45506 48950 7414 
99842 7640 3206 44615 79137 15021 33305 60026 35619 35874 82312 39867 74822 52765 32521 95586 56804 60189 83480 97618 57890 57880 42238 32735 54485 95473 54233 83839 40978 19534 7604 57171 
27173 10810 18138 22661 42182 67794 82686 94152 3667 64998 34018 78488 34114 66538 90425 90917 43078 73905 4886 17319 48136 47123 66405 18972 42595 20638 2811 99924 40171 10414 73447 67344 
37575 91584 90004 79756 59377 89042 73907 63043 70391 7924 57882 4504 90814 48306 11772 50243 22210 16657 67562 86697 80131 50318 5669 39078 70955 24831 55353 27478 51596 28799 11173 89171 
20382 17528 85278 79758 6569 75537 59152 93311 83460 17033 97814 90625 65339 25937 57220 3900 42593 41133 90597 39076 91450 12617 78153 78757 37447 33505 6234 89042 62304 17406 94564 99037 
34933 79842 78795 57854 55378 37946 51164 55189 71331 65330 62166 36669 91266 35737 40568 50211 76869 47516 89286 84670 76484 67438 63426 13930 17294 86011 19324 95949 19768 30239 94986 71053 
26432 90132 45258 98161 44429 12773 69702 15759 94454 48219 68779 85720 83955 25699 52282 77175 73214 57919 78196 49698 41708 41622 79979 59001 43984 15654 54950 80104 62245 66287 51156 5028 
56418 96413 3189 17198 9185 89242 32957 3639 37460 18087 5710 21414 43785 74343 14940 33351 32261 93135 83048 73968 51108 79378 49320 11444 11384 20621 91547 89980 86907 42702 95007 59676 
55466 98195 93226 81002 87436 42534 992 41247 60620 23053 79012 4405 97395 93951 37755 46007 3438 37154 36326 54545 32883 85646 65988 60618 22618 57534 50597 25877 16587 45604 85552 72052 
60150 95129 53054 63938 37662 54045 5184 98282 77098 84196 19038 90844 94498 56792 36851 97935 10297 73176 68832 43179 75173 34819 3797 97791 8705 70745 23667 25291 32700 25570 13695 92850 
20699 66748 73139 74712 37144 78322 72993 30593 78869 8382 21437 89719 65173 74639 4005 91821 64166 72836 51352 39339 24007 55148 53481 32711 42244 77147 74353 74944 19068 88047 67793 56118 
71146 40931 30830 8290 35604 20174 55234 30825 28556 76670 20543 10080 67660 24547 18253 31826 13735 69604 71164 37741 41103 24644 86803 83346 18142 61155 58289 53561 65554 42433 26031 36699 
99715 56860 61340 35319 93385 16574 82495 38292 9595 3037 64724 77255 43935 99328 9080 57669 68931 80243 11761 10033 21238 98563 9730 55731 59718 68019 9291 41623 26803 51673 78321 26518 
24884 39661 78188 18269 72586 60682 72912 82180 80070 53987 59434 40356 53314 68513 98025 22244 65107 9785 48628 86344 24700 58358 58426 84417 42728 84069 26039 69530 35741 20711 12399 60625 
76723 90586 95245 49308 67619 68156 31488 64040 38495 90921 4396 91808 75786 2420 30404 40892 28556 79031 43588 53255 53740 2013 54023 96467 2433 96413 82349 38174 33476 94747 98798 10198 
85333 10394 59506 69303 94901 90993 33343 33395 98265 37738 25203 74050 56509 71958 14942 1416 67340 74881 71023 21080 76893 41397 17546 79326 37810 99894 33851 71285 10993 49000 97834 12677 
59393 57339 81979 54293 64683 31673 4040 62948 69410 45594 53349 42270 17551 84642 60038 84890 59522 31060 5969 52767 72456 39867 48444 26617 56112 82294 14253 67104 31293 12087 79780 7037 
69425 78111 77681 50460 9783 81720 29759 95545 27313 83107 37814 44863 84101 97851 46105 43622 45262 68425 12740 17718 24643 61183 60686 80755 43476 74939 64210 91120 87025 60342 14508 72801 
38452 92189 23260 64586 90260 53018 60130 17573 52477 14296 78787 36577 12146 41243 96550 73760 9668 9290 91477 34310 86824 68514 31416 30300 43452 11978 37771 30476 72319 68631 19629 10770 
60819 42888 91707 67430 12258 51837 85002 81086 66132 80141 34014 94629 21383 46915 68388 47402 56204 76216 98064 43028 44730 45831 89679 88181 57808 43801 35009 30126 12431 54637 57247 89601 
13876 48954 57031 42485 790 58384 39922 83273 54876 73935 77901 92611 20850 62641 56364 93405 38856 54427 52784 99937 258 58814 4470 58065 18967 39478 4543 47749 10466 61789 37350 40693 
27094 10732 83178 27883 85467 39451 27507 56695 13386 5408 49305 50587 68048 5668 60343 23255 76447 29479 23192 76704 4644 44013 51120 23610 99842 55662 71359 10307 33803 25060 67351 60896 
52143 66880 5131 37609 6331 32637 94303 36068 54396 59959 86654 38795 81979 63348 62050 58425 9178 1593 51480 13822 45605 18951 37431 45446 90965 25141 72104 24767 66552 55806 2014 18694 
22686 7144 72655 29016 56133 83309 65083 10528 43268 68088 49323 41598 47787 27724 22 56965 45668 67853 87138 91272 86803 40920 53069 77767 66061 41524 18885 32612 97329 20899 51306 36366 
44394 23960 81733 526 23620 63167 11054 66887 31254 76728 8484 95393 4451 24857 68709 50118 92709 55846 57741 79512 96765 27161 73630 62825 85036 92515 11789 98716 13413 79446 35082 74158 
19757 16814 74684 43376 79981 2089 26615 27586 78816 35098 39330 99618 76307 8038 66087 69015 63883 40179 64878 60648 83691 54860 39824 85078 47374 67964 83793 77138 47409 35226 67647 67165 
68392 42330 26893 64724 44418 53507 92309 39585 4956 47991 55554 81262 56028 21640 66629 36263 78170 47858 13262 78212 2717 69437 63289 66442 37401 47082 59931 84809 98659 27578 68326 67050 
86259 95218 31773 30677 65076 40434 86613 70031 88424 42167 67645 60803 80158 34273 97065 74680 98482 26678 52891 17551 96115 16180 344 33515 79613 60275 34675 78271 4204 3000 61673 90462 
14569 93445 37490 79644 50230 40455 49675 55005 98973 17319 15808 95482 67943 29224 70161 82776 55902 23052 326 52016 55583 670 1882 35195 77296 36556 29817 97851 39556 91489 4664 54124 
1286 58506 50120 51515 98960 99794 22872 97932 33464 55031 93413 17758 84254 79926 533 56507 2977 859 24874 74911 17880 26755 10105 95175 63311 39921 93025 2866 47762 14040 73341 49047 
72545 23460 16913 71504 39605 56136 85787 89420 11166 95552 7177 95420 75477 7710 68278 94805 24920 93152 69715 42799 19906 96171 37973 83216 52443 47349 2433 204 61388 92126 65602 50285 
31937 98867 21788 87894 55002 23927 77313 66168 19478 84490 77939 11306 8551 46216 6110 33470 55719 92176 76268 91977 88346 30592 91544 57140 94292 93977 73696 72031 2454 39297 22315 34390 
54515 60455 22283 9517 84381 15948 92036 3858 437 69974 15163 25339 32541 37624 58808 4612 46151 51427 96588 34496 98370 88131 7987 92661 98459 81682 81043 912 37331 19710 51654 91845 
80164 90288 1361 64544 6235 9748 84753 23023 79721 16267 48361 28614 70242 7168 33225 16392 74946 46164 67239 73315 34294 75225 82327 32753 73259 63370 50016 10589 83079 18021 2433 79594 
8309 20146 60489 30895 46245 61593 53918 25966 94211 2278 70931 64452 25798 20507 97195 743 66670 64433 90410 963 56009 72736 50067 29267 52457 16435 39855 51887 34455 58640 31480 59115 
95137 8320 90010 41381 69912 43927 83698 64122 62556 54628 28573 88353 91486 25767 5448 58155 6551 95857 59118 62560 84944 25536 91826 37401 41970 48033 5639 92777 23024 37119 51891 18160 
45438 41900 75892 31702 2178 75942 95823 64734 30569 40748 69438 38407 66514 91237 96561 89417 3445 72030 51976 88389 97566 60153 42141 55887 8185 47779 65015 31208 1249 16906 65719 63039 
75157 57963 94740 77335 33904 90562 58420 80824 31309 27857 19230 14175 19094 15791 3591 38890 87820 55566 27278 1737 15718 85770 73976 40255 33549 38990 87814 34797 55895 53533 14187 47404 
11495 8926 41090 45398 99488 99509 26221 47148 43717 45451 77674 79162 77593 81264 18052 65412 53181 61681 83501 85251 47451 57476 25505 97351 96465 29670 32147 68712 83202 62686 16115 11048 
71611 73556 72797 87450 89416 15370 50950 33132 77172 28623 28646 54764 9887 46697 36527 79419 24729 20027 64669 72179 77502 6525 69529 90319 36195 18028 75382 35748 80713 7848 63148 68675 
81403 35944 56125 70818 67665 23426 3949 44836 52048 48946 15951 78286 11994 52478 57705 36723 88856 38725 8901 82710 45250 94782 73028 97796 29161 48409 33543 9873 56256 13042 94899 54010 
65338 67375 24827 33002 90800 45127 94190 42848 94073 10140 21133 6066 78969 95189 42788 67825 33914 68041 66886 95515 79174 39913 93310 8334 4673 43204 34558 77280 56246 29456 47641 21583 
96831 72467 70936 87630 33945 65125 46829 28017 91617 84314 50435 70585 79502 9574 54761 13415 93966 21646 8929 73139 77910 18590 81472 98934 61794 16029 92565 34391 45485 40205 72325 58667 
29023 43260 46296 62968 24737 9477 7336 32705 93790 57770 19641 73291 83696 74402 86706 77661 12399 11986 50800 6661 30576 32271 21946 8721 64652 14511 43111 10136 71067 15435 68802 90 
75046 31449 79409 99782 40925 86744 32486 34714 60866 52127 24357 44561 42880 11062 22221 71630 39399 89372 78290 69974 21643 236 78694 86294 31098 38156 12781 2164 53590 97934 2253 28636 
29382 81661 44769 86659 84757 93607 37724 45622 62085 62080 6534 21316 89493 45106 92945 28892 34478 87587 15217 72472 87822 10263 75117 35271 64770 87897 37434 18360 2182 56039 63347 47915 
54051 24467 34573 38807 34425 88649 780 96509 50728 7313 34176 56573 68771 43473 1816 3248 31059 33384 92071 35232 43646 67187 70502 8416 71435 7935 43127 73616 80325 22825 21530 34376 
47291 72455 73182 81716 77455 90314 94576 44534 13978 45104 1106 82748 88576 2921 2347 19634 36305 94417 54865 96302 77955 41718 21069 49389 66004 64195 39356 46329 3371 77238 80704 50662 
66044 70237 48729 43498 60550 59656 88031 90880 4759 89137 73627 93334 8409 92326 29319 61065 86742 535 57367 81049 42252 78435 30437 8256 58982 86145 54584 62352 63382 51639 29365 29425 
21875 94445 72922 82425 54101 60952 89656 75211 66440 63282 84897 91201 71959 14215 52265 75053 31102 9631 56101 89705 4418 2889 97960 79751 89033 68895 58454 52414 20533 4171 81838 58760 
98615 71111 57536 69067 32063 47191 44278 14854 26824 45526 6054 98783 59740 58319 73835 7193 84301 29935 96898 5070 32823 11209 1172 21856 96456 75978 90621 33340 80148 72459 92099 95114 
43569 49634 64181 91983 96824 24810 6837 40000 70335 29242 38782 46426 3912 12616 69971 4565 58902 66868 9634 91724 94428 27158 29931 90883 3135 20552 24223 83282 9362 32673 94747 52930 
82307 58927 61265 95482 88 84453 35481 86774 13694 90614 49552 17606 3229 19522 38522 78482 2741 48155 70206 97168 75312 16488 4403 78446 53391 28625 78079 62752 61297 72826 15682 59955 
48104 93298 71789 64544 77750 23621 51317 91443 14235 17220 25400 33815 53093 63921 12297 72185 28428 98854 69353 20091 15341 90107 98537 68732 18731 92967 31483 96379 65792 63516 72686 30248 
56813 44474 94791 50914 68094 62459 42357 98680 96031 84108 32495 49123 64381 44791 21308 92808 43644 7012 12898 58984 97118 27786 44067 32200 37105 91902 44930 19248 71769 33967 49495 28582 
94792 60637 95847 62886 23096 38203 61565 35478 38663 10411 84600 3043 55201 22259 95850 98844 45622 25099 74180 59091 52885 18246 7642 89989 10147 68924 9236 81916 2890 75083 26849 97682 
35719 22695 76919 75166 77250 54835 10643 15912 65246 95243 18954 20446 33853 31155 35642 95827 56253 9821 54917 9137 28066 78911 15477 54565 47834 41065 36480 67075 16147 79680 64756 51865 
2374 58026 27031 95975 29213 54025 11886 94458 49267 47191 31255 99472 78345 66896 11650 34598 76716 82918 60086 21134 61828 91915 75698 26013 32979 28529 93088 65477 8208 74195 33693 26933 
48573 77075 22908 77785 31100 51145 72242 96718 98336 19848 96189 76680 3096 7838 11277 96163 90756 87715 17296 68935 79629 9345 94948 28959 37873 4387 94435 62432 78581 28127 89365 27153 
21554 28624 4937 52653 79768 93530 49370 78103 29730 61911 54783 32825 86100 82411 28987 93207 86477 62635 62142 66105 88331 73441 95063 26204 77827 5849 4987 72759 50328 94351 99912 71881 
39326 21200 24533 19094 31082 90254 97196 77163 52164 68330 26339 54616 67093 71677 47822 53569 34311 26315 19674 22642 99755 31088 65197 77581 53289 70183 66692 3616 80886 82955 75496 20211 
4154 16380 55656 51587 6633 69204 45101 75149 37533 71439 29764 20977 43116 93937 74546 93778 20252 10571 32771 20006 58010 14319 13939 11298 854 80630 14913 81739 63584 6760 18301 84089 
39491 90309 52028 62476 59512 97128 37624 13396 84919 83739 34373 44386 77675 25270 38163 14278 35840 87286 34284 93849 1604 64574 5147 2457 61555 36411 547 41490 59523 35200 25578 99013 
25508 93957 61488 85019 7437 15463 98414 92355 99201 49138 36740 93228 74407 91254 7505 10246 78539 58140 20447 80143 22713 41945 98951 619 78355 99498 42108 54229 34697 84038 53242 60204 
77994 31081 61574 85430 46544 76339 94136 62096 25477 47227 71675 99883 38481 79180 26481 33371 53671 46927 13513 92736 5223 12464 93354 99929 28313 35462 54158 63009 19499 23751 39564 13844 
54831 1137 15626 1374 77475 9761 79822 2951 56988 51496 19186 11820 47027 62018 45190 698 8944 75055 93433 30518 3870 3138 30446 32182 38599 84603 11542 74449 8353 51105 88293 63184 
52241 3918 80909 46067 30030 60730 65370 3369 28578 84555 31540 75604 62924 93082 92653 88219 68136 86085 18736 88357 89223 49181 20538 44173 33784 32079 34974 58488 99535 39618 38023 68127 
59887 18932 14193 89916 96013 79562 9637 40942 80468 41176 16546 59743 34257 9198 47961 18744 11635 66696 7100 17209 15877 43989 77733 66012 92419 12706 24499 91953 68675 62522 60079 28561 
97805 90624 34829 10169 86537 44465 51111 83357 1992 84008 43099 52601 9557 91060 71344 21191 57755 94796 54751 89983 55136 32484 55994 47555 61541 96845 39507 46568 75718 15938 75128 73522 
22913 26308 42 9449 87124 51152 92805 89116 35159 35904 58068 44716 26963 45763 82258 1069 40558 37009 91052 12046 85844 47045 59600 63736 60241 15458 10303 35958 31395 1783 25831 54307 
28090 25873 80108 15214 93376 72912 20681 28535 25167 78748 89602 52129 40862 88211 69550 97772 41571 60601 9817 27414 23997 69416 7502 84238 84873 34156 36547 32620 35938 62378 3278 64028 
4602 83385 95593 97977 72649 32625 42863 97815 27724 32464 66296 68585 37027 35845 66356 78597 96445 76172 22363 36793 61939 29864 37382 46812 64019 73929 95783 16309 52658 15412 80336 57259 
15149 92280 55235 87797 24904 98098 85611 52627 46913 68258 37563 83939 4102 3919 62536 16898 96442 84898 70043 58381 31113 7424 21544 11483 81352 17326 27791 34009 32737 24478 7619 47885 
33109 62854 52033 58012 77303 53996 26990 24215 22253 80905 24506 42707 84823 87041 75956 81264 88290 45998 55996 35754 53422 77539 47236 51125 94864 91379 1486 43953 15856 9104 8189 48965 
88309 60222 23328 65611 30569 66670 89826 52821 47574 14331 95527 32396 17723 87835 30011 22364 33832 86007 58117 3605 63545 21704 54730 74761 13082 56215 35065 28938 81670 59605 94254 69979 
19826 17581 35589 50394 84250 41766 19567 31823 72448 31445 80570 6522 19279 26933 28885 53111 29291 3353 56715 9187 25057 27796 299 38138 362 35363 83427 82032 94968 77680 52010 31145 
95261 3950 97891 95862 45716 17457 44037 18163 65253 40958 41037 84532 67890 69921 53994 13532 73274 10708 22719 14682 54856 23017 52819 55217 74732 52598 37248 69699 30277 5609 17195 41889 
9559 15085 54103 71626 48893 98139 6140 14146 39096 47176 15029 23338 17097 69022 36869 6722 96081 59587 37755 50936 98956 6925 22505 73687 59522 59752 59737 6151 81713 76931 48039 91271 
92016 2141 62896 57260 16631 69035 71405 72079 32563 86433 11768 66011 71806 48636 89084 67887 24575 26838 18822 39882 33762 41326 13568 93284 17430 73304 15786 15494 66586 63824 6764 74953 
82317 86011 32213 15299 71397 19969 87377 3959 22754 15496 86321 94559 64132 75404 62445 5058 2241 97619 61291 36003 55296 74858 45638 89077 64513 61423 4570 31098 41598 27685 6051 40266 
30047 54615 55565 17796 74583 59293 38106 13688 74789 24427 8247 55272 99830 87043 76681 2071 1013 37971 54425 72661 29180 16414 61737 10044 94188 82659 41141 52137 10343 63543 92403 56742 
18157 64319 74537 9092 39963 12642 22779 31103 37068 47377 86374 36898 34420 79406 55320 51784 33728 26096 24444 62907 42509 86181 89302 36696 85191 46795 5184 11885 10337 97586 68626 44846 
78256 43162 70289 34571 72156 93067 65673 9223 40444 68399 62472 91215 47804 34143 42998 97884 60238 67442 77142 2746 69974 66444 55793 71516 13238 60977 83400 39926 74914 52026 1123 69522 
11539 71411 4092 83694 80830 69764 9269 37625 38162 71740 28839 2318 22235 88188 201 82472 71981 93694 1570 58306 60137 57362 29821 89726 34690 29573 29652 9604 81598 30774 79125 9488 
18537 99568 9534 99366 69331 18802 36990 23845 6893 82180 42514 29127 70367 59066 27951 58700 52759 29520 17005 12896 86881 63178 2621 37923 92750 48624 63878 90699 79398 59354 186 14286 
58921 26071 13651 44603 44872 66992 68447 68117 49171 10960 13595 35889 86377 41545 94588 39136 71064 27945 52031 74297 91122 71003 28571 83871 19627 92448 74569 15376 51801 91106 29661 10721 
17177 59663 55323 78400 43006 40122 46516 92176 51081 76463 44416 37458 18007 55356 92945 5423 83300 61327 96071 74421 32329 24641 74643 68307 17088 49211 34 68888 40316 46046 95960 57492 
5708 51282 35892 48713 7755 98759 57240 75188 75221 18008 12645 9580 73363 21941 15002 73014 83267 27424 63786 15595 52064 38428 254 85503 87638 287 70742 44305 46333 66701 18149 68392 
34334 70392 33457 42089 69150 7048 17276 60723 25055 46272 70302 14769 68212 1655 87782 51478 29078 67919 83424 97493 6346 29 82995 10335 316 53736 54640 63000 20436 72788 47743 71121 
59531 81199 13209 28680 4599 46836 5754 46005 93107 76055 60774 77670 94061 64907 45499 23138 32826 28923 20630 39171 45303 19976 49506 45618 73711 20497 24969 10498 9636 72712 81619 69166 
70262 11179 14197 74860 58015 19951 20865 67473 96005 97990 45143 6418 62896 90641 29555 12073 35915 66537 67596 81218 86512 33453 43187 76575 53949 84508 87072 63584 73571 85042 49101 43832 
96221 63297 18692 54235 83247 55908 38059 95604 53897 83201 2021 33144 90194 47927 61569 42460 14463 29164 40029 17327 78968 83216 93901 32916 84075 80972 12851 57645 66014 61951 1476 62234 
41599 36519 32820 24846 8778 87230 36801 79026 86783 38821 12170 76976 86747 90090 19435 17562 19253 75816 34888 98220 75383 28788 47487 59457 26111 76689 17101 92124 54991 34928 70709 96589 
87799 19880 37786 96576 7110 74586 75602 10244 13406 4123 87219 16505 94212 23005 34066 29816 98820 85305 44387 74202 14092 8225 50010 56554 84913 67110 48678 39903 18390 35738 52843 6188 
71970 90629 2763 95431 65214 94716 5674 78620 98838 9244 11476 9401 32248 61893 39216 47420 47197 99954 37973 77640 8178 87983 34193 93090 55092 99222 49344 89833 34960 2187 96020 23281 
92815 15135 18711 74380 26202 24384 69351 41392 33627 80826 50792 82226 42718 6360 29645 89914 22665 67618 67553 30843 71952 18098 40284 43395 17319 89628 33228 52278 8166 45599 91910 17332 
77085 10620 91711 3287 51355 77414 44678 1333 58239 11821 99911 17309 34532 29555 7222 57197 13524 91127 4391 85475 9224 44674 28870 26542 50653 78449 95172 58818 24047 87081 92501 1132 
14053 564 20770 65407 77977 65447 83092 36215 93619 83002 53523 44503 28908 77097 18051 58784 84575 22441 60610 10150 83466 5831 36691 34119 84279 48214 9288 24678 51647 18141 25809 82051 
18704 46578 63809 96680 28376 46900 49246 38346 46253 19121 82848 75161 12569 17250 50296 97143 56042 10905 7292 39508 16736 60334 89978 17366 24900 99265 42043 92898 17405 84203 74948 52460 
