160 49 33
61451 7806 7136 2071 34668 72544 24318 3277 67246 31253 91440 60150 47790 89686 77462 78202 54500 42037 64745 80617 71256 41698 2973 42357 64941 60966 14064 59023 94725 54465 56419 72527 78622 63554 90949 13289 52450 15267 32917 36047 46519 24356 96197 10661 14041 90010 5214 84893 32047 
69958 65509 19654 28008 68481 78362 92948 45798 92426 68322 56875 63242 24740 29401 41863 88293 20350 55151 57094 51968 88067 93141 14838 28774 5689 25498 59166 95698 30711 44058 44096 17021 9567 80102 45028 94399 58463 37975 40197 67240 6296 97071 30481 47387 42823 72343 52031 79524 27493 
9125 31491 31911 2265 62681 60684 24305 88178 19850 20002 35241 80259 80450 68613 6177 60551 13640 576 35365 67966 57124 2605 90613 70546 49437 37999 13368 21780 90029 9244 65624 99153 57086 97535 17769 19766 74570 42073 24296 10771 78427 75888 91030 58876 44500 13558 35778 58139 30485 
87494 26104 87608 6450 16716 74505 55887 71066 4225 77666 61094 13468 59641 76599 70553 73527 10719 90319 48097 52792 14614 75219 47570 90501 82600 22797 51352 96158 74926 9490 26642 62419 51945 30602 68869 85012 5106 24755 56077 9330 18772 17170 22797 78412 10120 9702 51939 20839 20 
16387 89982 30985 7957 53903 37837 90557 76699 89188 3066 51624 15029 29707 30394 66973 76660 15614 51984 81766 40368 8060 7447 75491 41581 46596 70255 68053 56297 38545 88891 72668 54931 95224 20004 79239 49126 74192 69795 42176 79731 72860 10151 94759 18919 40544 61731 11930 56158 30066 
10047 12877 54477 17494 4720 96057 64089 74974 64109 36737 13518 69351 25756 84800 80926 62111 64038 46403 36302 50185 88578 16032 39396 15080 10790 74666 55624 88872 86596 28133 35289 96642 41009 89765 30487 62080 2173 10927 37053 82634 47663 66922 68336 89770 68073 49262 51880 48463 12016 
4533 14999 594 20564 54394 15673 47705 45412 87648 52928 32007 15780 4568 45000 73141 94332 75487 35220 12857 86413 88625 95490 50428 55546 63825 56549 39971 29438 8429 88433 41454 29313 3431 58399 49877 74176 90423 13933 19587 78071 83213 67945 10202 87780 29297 99694 82112 4783 34914 
94968 7547 39890 6809 74326 95435 86985 30875 51757 32775 55655 56541 74228 84967 59971 48978 34843 50499 39400 65128 86437 33822 48340 54382 60376 36119 83678 60069 34582 4812 11334 45901 12358 51223 52709 3036 63010 56046 33910 14766 88820 89564 87659 79399 74530 47629 44728 25725 14479 
479 7204 916 50653 55543 71649 11028 91661 71678 87448 42595 92841 98782 88495 21550 66356 57556 24585 45717 13601 58494 60483 18772 64409 48141 14522 55291 12121 59249 81015 42952 59727 88218 60219 10379 60112 48219 37758 68124 36248 25206 10718 29088 40339 15565 50637 6694 73120 91574 
52411 3072 50067 29245 21843 30828 93737 52716 86118 22209 11964 83484 65160 88042 71701 41730 14773 48164 89948 68882 16287 26195 94087 43357 55282 50777 58921 22271 57471 32040 13844 26233 35111 80262 71829 73305 11089 65565 42372 97206 4125 70687 80689 85637 58728 68741 27366 89852 33256 
33666 58734 49543 59860 69172 92899 31494 19949 68171 70116 93771 210 311 20003 51672 80572 8183 41328 8013 90099 83699 5218 94223 54385 2259 79859 29464 87351 23577 35668 20607 57242 94401 86501 33453 79924 95751 81298 99872 63921 51413 9994 80482 51723 46348 32153 48647 54530 73480 
56659 44628 73530 78228 38851 27914 96838 35061 57377 541 58637 93044 37499 32230 3796 23999 65683 72 36101 63332 16295 16373 14745 26289 96854 82819 72636 45358 47817 43518 35189 4475 4497 8718 99055 43347 52983 95892 94760 26711 96432 69748 36107 33930 1978 39902 74280 84012 56325 
26732 47343 72620 43104 78439 98908 56309 61258 87895 1666 25426 47764 53206 29901 52261 78275 45307 11959 31257 41198 6718 57968 53982 76466 94074 4263 94795 50327 94895 78806 23004 21626 42500 95623 81082 20939 10882 37390 98548 98776 55408 23973 46540 24965 70225 15152 3240 15531 27110 
50848 56729 33828 8815 27062 26645 19240 31324 21439 85919 42570 16596 8922 80548 59095 20896 61629 80033 31777 15370 78580 30552 87129 2553 93443 12094 89129 8594 31685 4660 35704 82532 77740 85883 7699 4801 12527 43290 52476 50317 45560 95046 66912 70833 91945 26006 91728 53573 22391 
23504 85294 970 70408 72423 19874 80202 868 9003 5148 32552 30014 57203 31435 7753 43085 55485 12553 71963 98775 81380 38631 60686 92777 5542 31519 84721 47899 23246 54645 70289 63102 39939 87611 33509 12361 7484 13710 29580 32838 18857 62131 62851 76059 9917 70603 35495 65402 99507 
7457 80528 97239 46087 41213 6367 67980 72731 91088 15879 12329 45732 2519 75430 2022 90129 25290 14382 13965 38999 60313 46802 74208 38795 26005 66618 48712 12959 2113 30465 28818 25921 10992 26056 88360 52204 32422 72691 41287 39861 4921 53615 1945 7440 45396 3966 13920 70685 34700 
27884 26035 95012 91038 16594 33807 33394 83212 98870 46352 1676 29334 75169 43948 56677 17576 32307 8880 66350 21350 66518 6210 26270 36484 24506 50061 81879 28472 63981 68915 79523 8216 11302 90886 99253 27895 41044 32646 27458 39913 95350 29133 85598 70518 73081 42274 4446 21739 51154 
70795 59440 34023 77004 85710 70507 1510 35770 68737 46333 16102 54004 42207 24318 65305 33092 39922 9551 90488 88920 37009 30400 84269 82493 15998 71138 71925 58271 75583 10016 25776 46377 69455 59799 39733 55164 46657 57594 7286 31745 20278 39739 85748 62484 64056 67404 11927 3978 76955 
2414 92897 30315 49166 93517 12807 81515 64654 84732 39785 40237 11099 81913 2965 80553 58063 42697 52069 4719 290 75706 52815 20567 15444 54915 99402 95852 22318 11329 16181 15624 30094 25429 62290 95611 18945 75097 77125 83598 76180 16910 40186 3630 15174 43151 84182 73236 85847 36250 
94306 2489 11955 47120 23055 43751 2034 38809 39602 40704 50137 55782 72679 96582 81210 34969 92193 154 26417 69317 103 18948 2578 40289 22577 17751 83439 6758 90986 85637 59360 85291 88125 87666 48763 27532 31416 50796 66340 71017 7851 32828 26798 80530 45761 24359 31850 37953 24512 
58266 23622 40967 77213 42551 81255 16141 60302 81045 22898 67639 83033 98609 69282 71158 86275 18044 98689 17690 85191 81380 5059 9394 14207 48208 89923 59967 72567 21772 14272 13430 96389 54245 54396 89953 96795 52002 6093 57096 33046 45342 41087 16079 43951 10368 3588 30225 44763 18628 
64266 29953 7 85676 39346 30565 33884 45620 6883 22802 83743 21154 36231 96483 75398 6979 86435 72193 58980 92527 45640 8378 37869 86726 40808 98171 13445 44395 44747 58207 63022 25364 88160 79380 11040 43857 9944 61275 5829 33178 84076 89571 54332 36658 2406 46081 43636 88840 34625 
2616 97719 80265 27345 35587 83342 68152 50109 96787 12546 94855 71345 91919 20218 75856 87650 47609 19713 13945 8883 41893 47122 92958 47815 17805 29616 50220 63886 89603 39060 14862 8570 36778 11478 35914 88716 94820 4065 38824 7958 32962 50030 79302 41232 86599 55158 28881 34208 91222 
42825 43090 49466 6299 52400 97280 24103 98367 47500 4340 87969 2911 35554 12891 39688 47031 48804 44755 58202 69221 99930 66159 2182 49959 61813 59766 52909 33322 88646 87116 40895 47823 46558 90360 70473 15309 3991 94575 13675 51490 15267 17995 54400 50820 30885 10439 97850 96041 71545 
72404 65261 71474 54914 67442 37784 16726 27207 7045 66399 32205 94160 23645 96379 57069 30356 66851 72377 34347 77777 2403 2188 93043 20398 72940 60214 67634 83378 74416 63674 71275 46819 28934 59100 1732 12728 96884 34810 56286 20280 17560 4842 14439 41205 1220 87860 71560 68070 60236 
22258 45847 78991 24446 55241 15740 97385 15455 83373 97114 6222 63399 68388 53040 8684 27488 54771 37763 40723 5932 94049 61002 23492 98890 91792 64696 110 79651 52607 84531 56239 74865 46729 35229 99310 1970 67320 13046 33776 50692 10159 39997 30442 78547 9388 39126 22386 64158 76888 
63108 86442 87288 40461 9933 2530 32252 90980 18991 28255 43586 3521 845 34802 50250 36073 50463 68571 19744 63508 18698 86787 73667 58694 17229 68565 68081 72706 90950 48590 65945 70409 35031 53233 10869 61315 72114 59472 52294 91104 87726 12232 94624 88570 47033 61225 40994 13848 46147 
77089 77355 64844 63876 67373 39889 81104 35937 7969 70161 43238 72911 36105 13646 7941 5689 24514 85608 77802 338 37901 68905 88063 66484 79881 92985 29869 57457 50330 43716 3604 27419 37422 84799 7646 4795 24688 88749 57083 49008 75261 321 21918 11365 13966 46211 33406 54832 31818 
11207 55169 86070 96464 59583 52554 76344 68919 82422 50152 19249 26137 70107 63019 79910 54906 70664 84704 79593 75764 58139 28600 51024 58459 66870 78740 88776 13080 12145 43607 44897 39704 98775 47318 36167 74710 99871 28862 43628 82292 79013 79228 24780 65472 58598 4690 20377 29261 5745 
16321 21376 63883 61272 88751 22341 28141 67491 11117 41220 79635 71075 2468 35690 86202 49786 71856 60911 66008 17069 4538 48300 12434 83766 89431 77905 42363 94120 14633 87976 99865 30953 9351 63747 92224 14454 2440 36717 81944 29908 77936 77930 982 96756 13620 87183 62893 1827 48093 
28900 18896 68983 93551 31329 52748 82982 25585 11462 77101 40217 99437 93317 71169 25140 73416 79744 39593 75855 16460 37888 22114 10748 15817 23095 23855 45788 26630 86747 47615 91074 31998 82862 60056 25549 30542 12803 8530 56126 40617 1982 12694 56405 11651 83862 97896 85066 79957 37488 
77272 96417 91727 99385 23516 7544 22479 47370 69683 65460 50468 17297 56534 82465 16510 16589 24365 47051 45744 49246 3176 86360 51228 15869 59116 62878 16082 57012 64295 12391 94499 41566 25159 86226 40950 48674 10121 79780 12395 79803 45240 62862 13452 1773 61678 29961 34713 86043 77012 
80456 35288 96539 83167 2867 28760 42283 82096 61193 99294 46390 73583 10144 4307 98741 96369 45256 63766 22841 25036 92512 18996 86627 55373 32447 88399 33403 78759 23111 19445 72122 19919 71084 85013 3085 90303 13772 45367 88750 91316 44660 35140 81251 71156 39446 96343 67524 1054 60109 
6717 42441 52620 42064 29067 24345 74510 33817 57747 69620 73279 93543 41742 93197 80978 26754 12634 71280 56877 74352 60030 48192 35364 11521 29442 6519 67318 25785 90394 68371 2245 97110 27163 71216 39173 56229 95560 30034 90045 69658 99654 79676 63200 57747 89224 60530 852 1857 31809 
57728 76209 8190 22271 11572 19710 68065 18090 3380 93849 8483 88102 12445 21945 15265 83660 77469 71493 95572 23855 77890 65229 39860 73917 44781 97606 63140 5310 98457 64997 53470 72536 57557 61660 94806 85480 97721 79222 19921 17452 73070 44755 5554 1866 66699 20818 85526 60520 8662 
97449 84374 86551 62677 24233 76819 23809 21838 39959 29118 36646 21307 98940 25533 78863 76951 36690 64342 91023 15912 84262 8475 5333 29016 14028 7199 12067 51197 9076 72586 59858 6524 56959 62761 85552 81191 39579 9361 19380 79537 54830 72377 17195 53769 97909 96057 47071 34598 76750 
38094 50509 77363 46568 55842 22731 76947 79392 34797 28143 88467 23734 4352 11342 97044 67112 96893 94586 23043 6253 30317 18931 61083 2693 36126 31203 601 32182 78274 51550 25284 32719 18411 2646 95638 90604 25376 72584 69995 76524 17078 74813 16609 37781 86154 13652 4893 83046 24589 
44287 5651 54905 63217 83085 57597 15694 14287 74549 47876 8912 42451 89511 57982 60861 92156 53619 67816 33884 42554 37810 26759 75983 28974 43368 13764 15127 73371 35008 14524 97960 79294 36526 69216 58862 19610 26813 74556 50249 17713 38783 59160 76515 28293 33494 37375 36800 87112 5190 
87035 46018 59351 13794 22000 4676 73513 35763 36154 63235 70770 50678 61194 66415 3555 30410 25277 23165 73574 99832 73413 7638 38614 48924 84153 66906 82417 37879 3705 85881 59421 90740 31898 35123 20885 70249 39799 10749 6012 92304 73983 93133 59333 51529 59548 62888 98290 84824 86052 
88215 1007 59464 95852 39620 24739 96356 6525 7156 50587 26581 9388 26359 33672 57637 61481 70908 27885 17631 81656 50248 9935 55639 43381 69267 7167 19280 32154 5456 20455 34557 93670 21461 10372 5873 61080 35111 18581 83956 58618 69167 10536 68005 95525 60560 25641 73357 31467 69877 
90988 29475 20125 17274 85113 79857 2892 8631 99136 35046 30438 19590 85954 40459 57402 96326 62683 18481 31436 81263 2436 90053 50429 29323 74409 62305 6234 16401 52014 54053 86277 43001 83527 22753 76626 84991 2609 79517 9973 1744 30914 56762 37685 16868 97220 95086 13193 59902 29918 
60980 41165 48705 51032 7945 94380 41792 86602 613 58192 38615 71017 60820 97967 54543 83573 74592 55885 86181 70460 65857 4277 17726 22618 58313 34593 36189 69751 64137 12443 16020 25116 69959 64725 92499 94255 59104 50642 80856 76068 8833 35822 47085 86004 33788 17979 85928 24731 90216 
88461 11543 72424 9089 29268 11394 67401 80212 47582 53503 44348 60024 69523 85815 46334 50599 94665 40589 26054 45306 21444 2121 70490 57266 65557 56493 7405 99888 58773 48488 90103 47233 60030 78878 56321 5649 90271 23721 85860 54205 93576 46559 30580 63098 48725 76914 30048 43389 17502 
56101 5046 55297 58221 75535 28914 40130 48379 36319 40017 7151 1158 46471 54383 61187 25348 27055 83187 31971 67128 69046 86175 60703 31956 16754 40152 80680 93667 70199 40420 27520 26299 45465 82817 871 37351 11730 57352 2081 64400 97368 9232 65557 60190 79966 43095 1890 23373 42633 
33860 90500 11678 20034 51202 59985 53139 7705 40664 63158 77903 97435 90677 20553 42899 89845 37775 96601 1575 95127 98682 82326 8846 24265 64235 69036 20582 23681 87277 43954 66314 21136 34453 94343 57521 2006 54328 10659 9710 11343 73816 3964 8778 80845 24516 68028 70689 62291 64629 
72263 73769 79662 70941 82614 3926 51527 68001 24507 75207 55277 68461 57872 92764 19265 52215 50284 21271 22894 60943 30980 34236 51110 34944 59365 31954 59459 43745 2643 38101 24725 91257 11869 4386 62197 10835 8311 13723 78835 49169 5282 50464 17629 63153 43227 36894 31719 93511 74516 
54612 70805 5495 5200 21914 40438 64564 53868 16249 24660 72862 70701 49384 64118 98922 53769 42667 9756 78431 72741 4942 27600 78022 55405 61580 57527 98632 14825 89245 92142 89340 43857 79298 94835 65408 1211 51624 46323 71430 84224 70983 60643 71277 20366 24761 70198 90487 83779 96305 
68917 56519 17598 12868 50893 73003 74448 8419 87986 89272 97663 96479 94964 57871 75776 6150 23278 76986 57773 69601 64768 58349 40583 25410 29625 77300 66522 16174 67786 50300 28830 53055 6819 46427 65922 74063 19429 40369 82481 7414 45993 96495 3892 40956 54366 79667 47105 93995 73005 
21229 63595 54124 79577 20529 79533 25553 14181 46055 58078 98318 96354 86907 51372 19524 33334 33646 9938 69114 74014 92418 92880 36358 88913 96771 93665 59630 92790 57121 69976 82146 78350 49923 36269 74278 70451 32153 16183 84631 78207 74260 99301 90913 61167 50672 26788 10852 84317 36726 
79965 74683 45495 72844 27392 50759 85967 21057 10388 95108 78177 96716 77253 72878 46638 29873 47156 17088 62025 63338 18071 56584 53949 17371 47496 31467 84394 90635 42318 85063 27360 22283 59745 89207 11478 3488 39965 13796 24544 66705 8903 19073 63420 2507 91950 10057 32379 55457 43496 
10756 35146 77918 67339 89095 95288 31186 20561 96034 21820 79231 81096 65532 17865 57192 54738 29342 60679 11054 43138 1575 77758 52040 20647 41177 70899 28948 67585 19629 84405 11081 30384 35902 88998 14074 24996 638 45259 61909 96671 83431 41139 94118 65314 59003 51309 36403 4696 28339 
47456 47833 46265 41566 16225 66911 99094 3475 12211 66679 23103 12967 94111 53487 48868 83108 83912 90216 97 29171 52124 96767 28953 9614 7236 10618 84968 74896 47020 89663 3235 10827 53848 65851 52392 86424 49114 51486 89898 61324 34516 13000 74290 28626 82838 39509 28085 83102 29724 
28182 12272 98199 41300 57576 24164 48536 68193 9131 23431 15212 15146 43017 42390 68993 8868 94782 71768 57981 62619 61665 35656 97134 91016 26297 42111 90206 65805 70195 73307 11881 98376 1930 26431 39676 59505 50595 4563 44049 76077 27993 75612 7574 87362 18001 76566 12581 29134 64685 
86913 91752 26349 22568 5237 33717 65216 47347 23922 47372 17542 13580 59252 32269 15509 2035 71944 91365 68981 76506 35413 61409 20851 27376 68983 24564 45376 61900 37144 74510 26585 40408 82613 52933 79327 87850 3001 44542 35196 26922 91913 69089 40501 67517 1358 72361 69551 89653 63725 
54883 66159 15489 16291 3361 42864 85273 27924 4592 47173 81419 79101 73757 21826 78065 43041 1152 65914 46042 45693 17462 89315 53957 86550 46168 21473 4259 18528 7375 93912 82253 62257 76422 14093 78548 79782 56957 63820 7705 61548 27344 5475 57000 17452 27300 35064 60493 28451 17330 
22886 90495 34791 12200 44451 37692 58367 82276 41951 93247 89650 52214 75499 51907 28635 5943 46806 24768 62899 10625 48824 40798 54321 54298 14149 71772 81597 49213 32264 26399 82894 55149 16893 17684 83701 77695 71727 42067 59970 30029 35313 65972 98594 27163 17878 27228 49458 64683 51995 
12356 91659 818 69506 45979 55115 83654 34103 53063 49218 66366 79461 32111 37867 12705 66146 21567 6752 54225 79985 66721 84253 31650 49044 82847 75164 66921 26426 24621 47955 94773 53329 39614 11942 22834 1944 67057 22839 36046 36471 72057 18764 32284 20519 56630 44988 86665 94548 51739 
57241 90884 34812 57845 22533 83855 40691 14049 67128 83469 38669 15082 78241 8349 71047 90182 31182 89343 73590 70373 25388 26413 42429 44151 58696 79299 17132 20035 82315 28031 88126 39555 35267 22937 97400 57799 23143 54442 88199 6622 37910 43220 38056 32502 51568 9102 39036 99102 98444 
12625 69474 40184 39037 11902 686 14084 91200 34170 34119 89867 62200 22244 29421 97466 61532 26820 71617 1026 81262 59815 7648 35523 19386 45703 68025 70954 71156 7060 70055 85952 36036 39528 26135 91425 67781 43172 5508 75332 77341 55978 65198 39541 78221 94619 53358 39752 37790 41326 
40778 35403 17493 64777 70926 36878 26831 55302 7831 14338 78713 77885 289 14748 33764 42775 22524 1544 85947 44384 76876 79639 361 58425 35531 78582 53043 88889 34685 7185 30214 75462 42587 64058 56590 13512 936 83420 85165 25118 97758 63877 3003 14398 94977 53118 57173 17500 54662 
59471 78235 47889 39109 78596 6313 74640 73529 75708 79880 8213 82892 26445 27 25478 90503 72968 55342 7790 56388 40506 32907 70497 20735 52261 84894 15711 5379 58418 49562 76392 17888 27797 24280 73349 22744 46944 64340 96272 22651 60571 20836 21894 87015 37214 47372 93869 10182 19065 
1658 66569 59570 50917 37065 96656 3177 38310 12366 24907 96728 78280 1298 30967 6076 41929 4315 45171 5225 85006 41442 44227 45576 78629 66121 48943 15843 29844 42811 26024 48908 60821 8944 24829 11737 62360 21485 31265 669 33850 56172 97396 12129 73821 44715 34556 15750 65381 79726 
20974 50387 37519 65200 95962 16148 47672 61256 31990 77515 4067 74365 26422 64887 83308 51251 92975 45667 72735 24239 46335 22936 96762 60083 35065 70583 4797 85972 2684 70177 65698 40009 36915 3216 21560 49229 35715 69232 10484 67704 46746 14550 42068 89520 95788 25375 40770 5114 87393 
29856 45705 33728 52791 42466 10162 4207 29400 31310 6531 32083 17838 72228 72091 54753 91795 93651 3981 43862 79234 30816 11565 42331 61718 69985 31850 73857 11711 88971 78971 99104 35178 24675 49183 87969 83492 75696 8527 12892 7005 31409 61326 24842 3636 33417 95946 11783 43419 16278 
55644 39004 47094 83560 81334 8811 69896 29536 82667 81607 18506 77989 97062 53684 19015 62596 58004 18859 38291 82882 48102 61647 14291 9427 86488 34278 59195 98786 62412 18965 15063 34407 57968 62156 17967 55654 87318 4214 85189 86337 85820 20046 64325 99233 90081 99692 78180 48084 18550 
32822 47318 66651 94468 77960 76077 97308 12237 51624 96093 91001 70588 11155 25407 44908 89663 59725 561 93332 63939 85749 79668 66110 22146 60345 65343 12227 60036 59874 76662 94937 92696 23979 77939 87163 1938 54015 822 30527 21990 96914 21527 92578 24421 46933 37485 30435 6658 54397 
23766 86948 40145 3434 53057 62290 80130 34751 90868 40165 94625 67530 51453 87320 91508 29391 90834 9798 99757 91656 40324 21747 4921 78202 14324 29341 25134 68160 76127 48143 22556 99893 35090 79052 19678 4499 57693 99807 39249 48561 56323 33873 32442 7775 21192 23949 37165 28378 50098 
36921 20033 6773 58667 24953 84974 89342 70646 26460 73853 46772 90954 12760 63016 42396 91811 82693 46894 65856 82499 86142 30768 38821 20015 63209 46595 57558 3509 83759 85935 69959 37032 22319 76731 95698 63624 61705 1392 34269 4516 75244 97392 95469 88004 60408 37864 96166 59452 1109 
78373 41951 87251 9140 97123 23617 88700 60070 81174 92209 60180 83461 62167 97211 22131 55249 9261 85754 33305 10652 36374 37820 2247 33766 49641 90250 10525 3856 2768 69976 4965 81140 28278 92215 6632 25401 15831 95331 85470 13356 3891 62001 13168 82409 59212 35299 37658 68472 21052 
70962 95475 73778 8782 97721 23895 74774 4323 34419 78629 7090 20746 83593 4581 49024 92159 27564 90776 24341 22895 92597 37697 43137 54597 50864 25546 30160 2514 79555 98631 23566 50516 10457 13695 75649 8178 37589 50422 12500 88359 29051 35941 9104 28995 56873 74479 21154 84437 81606 
61846 23683 90554 99542 66819 61503 66758 92364 91662 69271 71918 6645 9188 38786 17101 39234 14434 25278 76822 81208 54129 65180 26610 90069 90636 55604 46942 65114 93109 47730 63072 54955 71412 53625 70848 38230 15127 53957 46946 23141 39580 35215 29785 65119 74000 46885 4353 4786 88515 
81174 85993 42643 46354 12602 49064 36989 84557 12357 18454 94018 60086 81525 65324 31497 51502 36171 69726 82980 6480 33023 6120 46059 68238 35904 11177 42237 99141 15529 47022 4007 96703 49366 63001 59408 78319 28416 12748 62876 40772 47553 73245 17209 45430 38568 48705 96931 91090 34783 
79910 97569 67805 2382 43627 36042 54637 71156 94631 53777 86684 58004 74135 99738 7370 53488 75497 2040 81903 88244 81267 22675 35797 54511 56235 97578 93078 4940 94508 520 56074 90769 98088 23878 93150 58067 76272 47787 29222 70902 17915 32257 28905 8402 31995 52626 61889 7491 71018 
43791 12087 52284 82817 64235 6795 39052 61812 16224 43991 72671 16743 16416 79791 31183 40293 72941 5601 16564 37079 34822 3817 54993 83430 49074 79746 31776 18051 41634 55619 89068 85425 67705 41352 68241 48291 64498 23644 10102 80721 83986 99124 13816 401 78914 61350 40694 68206 66950 
73609 5284 18123 93778 76629 1552 42851 56374 33328 60901 98008 88946 49969 99784 73002 91320 84376 21292 72169 8020 47745 52889 92005 63220 83056 92406 42133 60757 49451 10339 27706 39411 31974 45828 33188 8602 63732 76038 81328 97059 53291 95687 2356 19611 95470 91709 10930 79845 13000 
99450 4216 77096 52338 96221 40315 51746 4978 98799 12502 70780 9137 56560 26542 57463 2387 59730 66064 82470 52119 63743 95880 5409 59429 98235 25019 54898 89943 52300 51095 19294 51749 55310 12741 20439 67882 53055 88536 89211 68206 17389 59990 77342 73948 86532 51156 92687 62613 17220 
75156 14731 80962 71036 36492 40391 85622 77862 11640 91917 46514 62734 11210 14614 34396 23951 51404 2277 93357 56291 7840 61562 73680 84181 55256 47627 87064 6411 56665 49676 39982 31821 80759 37296 19208 33602 94038 4829 27815 5677 96745 90680 84763 24307 21646 19158 48257 73049 37786 
57965 45692 45625 35879 19371 46158 91134 83349 33221 13896 40014 82897 70230 71834 80007 7525 7393 13608 1562 12221 57774 23590 25318 48454 8352 49624 70099 43861 14232 59499 97999 88548 5190 59975 24426 24560 6132 31911 7909 39353 62159 64274 38601 32388 52459 18607 39912 59851 32214 
57825 88423 89987 97766 13740 54792 6118 79715 24890 66330 93946 741 64328 82494 5930 40655 6919 46842 46786 55182 54750 2490 17340 35375 41090 49727 87833 59696 5990 47683 8261 63814 36105 14600 77931 49845 69391 84048 29559 10633 66730 39857 11373 47409 22350 17302 88063 45620 64143 
51201 17153 35244 53690 34492 70618 94780 84218 58450 54475 6559 22484 79088 86724 58589 93687 64655 24785 79429 65054 70695 90061 31783 10551 1433 95544 49252 35087 83606 11224 15581 34806 28376 67177 4848 79220 54146 99627 79789 28948 70453 86348 51431 49540 73071 26371 43226 54077 51155 
39007 19131 21850 29067 67265 48752 46852 62808 98004 98290 62766 9227 13870 97571 53954 97398 2418 33173 67896 18396 12962 96843 88849 99309 64625 54740 88731 90996 14318 42808 58502 53324 78290 80351 82390 45554 45455 45593 8362 43458 43882 71127 69036 74104 85049 22989 87853 3819 72514 
55748 22214 85475 52590 27414 1135 33567 82154 6217 40914 96471 65376 99415 49794 43665 96118 48535 89219 41572 94128 97580 85029 54361 85058 70416 28464 70106 9756 16317 73924 82269 88416 12490 84095 41006 39903 1581 90924 22056 24150 31837 34878 89525 31251 1023 33190 27368 65910 22408 
85291 60037 36339 86671 30749 21396 57086 75565 7853 66842 91881 81777 65462 96648 94266 65909 54005 50520 67489 44928 88928 91638 76764 23805 97515 24367 41180 30704 68086 7089 69463 53377 83477 5801 40047 14225 43548 13485 89789 51400 80326 98021 49528 62139 94669 60145 28047 48673 10665 
11888 9953 99592 19877 86716 39748 17391 27434 80927 48094 95520 88015 33908 65248 71491 56060 5294 2068 99607 18778 91856 67359 15455 6229 16886 93946 17249 93383 38344 82273 4047 50231 92225 3638 70108 95293 43385 87498 22726 40664 51944 34597 28678 85851 99844 16521 58263 21490 18588 
57869 56619 26795 41579 88426 33023 74817 82371 66623 68199 20714 48896 72245 87297 41120 92234 57404 36412 51970 61253 75490 92633 29548 10086 37663 31751 26282 54183 90013 47771 89122 64233 20741 15916 5812 9166 65291 96980 7888 31913 65178 28602 80808 53774 32250 38280 62359 89653 91043 
14328 67257 66532 23313 96805 92970 77327 28555 19251 47861 18567 83373 36982 99151 4113 69249 4962 13279 34539 18293 37518 82804 83470 66119 79963 53595 98368 18242 15953 4372 9285 46633 87981 92168 86297 84785 85137 79975 29691 20739 27835 64609 20463 81168 63759 24576 50416 85073 54206 
1307 3365 91723 462 86835 74194 80424 56781 88913 15018 72734 9637 24302 35718 97617 32821 38366 82401 17958 18340 28443 55048 46174 93051 75511 43693 73161 86 94108 58233 70643 11766 61598 78717 28579 64784 52910 9003 21564 58175 24020 10649 67811 64673 62718 65427 97493 1083 64179 
31802 19422 92621 3202 81947 2023 78712 25639 75183 95149 36099 33416 82143 47864 95013 60859 76443 59796 30121 1797 97711 88295 42168 8360 56105 23192 71077 21531 37036 88512 85709 85190 7933 94681 88391 6232 96703 67102 31870 71885 78602 67968 21652 60744 32184 16664 21602 24978 92811 
51722 43126 90522 40016 85293 15233 12472 24836 2661 34002 61871 7524 36062 47060 15457 47094 35450 21688 43796 18903 69909 32033 97504 54229 53684 58247 86412 86700 79849 27741 95862 47922 70866 86383 4290 72510 17967 16761 97345 36980 67115 75567 44503 3176 38979 76311 66622 74428 14350 
10417 9683 84259 58801 7186 38487 28837 81785 41250 15536 77985 85342 11397 25906 72559 14132 30195 45068 48450 63308 58764 1781 30422 50682 46284 49949 89660 38946 16570 80440 69648 26987 90122 53906 2139 13659 8744 30975 95443 66345 62862 89779 51686 74259 15685 24244 4742 62231 85663 
53191 25538 60778 54972 72311 11459 17607 22260 1119 72904 38829 81558 42551 82167 71679 12808 84306 1689 21551 31632 97132 4247 94494 86910 72284 68752 18946 12879 73493 97529 98541 43035 39418 75670 98006 11729 87129 31964 50340 88247 4868 89168 86156 47418 71335 74186 60226 71992 75874 
98128 3623 89357 18727 98116 92619 91010 83219 11564 3889 56711 25444 18781 16098 81214 94451 30455 92942 97931 62419 43281 86177 83638 48800 88684 47407 20134 62869 7632 8477 38742 22112 12100 44451 40838 10215 37069 48199 93434 64984 52087 66496 90428 87220 98945 71641 98022 29400 80934 
95952 8170 40566 82128 91807 89365 87163 39213 25851 50031 63197 34327 5124 1660 62778 49574 42497 89345 86642 7047 82778 51626 59134 65625 58405 62705 80922 30045 60726 10321 27330 56677 18490 67895 55156 26648 73611 42318 82212 15813 8700 61760 66492 13823 63419 29269 63397 22267 18613 
66390 29314 17742 34367 4799 99719 92771 67503 80640 39167 44580 90960 66496 1256 25801 50742 56411 52448 40705 15080 51011 56517 23779 12771 23008 53953 76189 52277 17349 98456 70889 91 44121 88631 34457 48919 4701 27228 32773 85340 66394 77352 76299 49242 94959 18451 99983 67721 70898 
40687 82800 21908 13556 22930 51030 36563 76882 27219 5191 10583 42026 76080 10673 2498 81062 45129 51416 85762 88708 540 87453 71454 94243 63751 20695 89201 82201 37029 56921 69450 94068 56072 7709 7623 95353 58739 44185 72234 2309 65728 82816 44334 58159 9840 63183 55572 54969 30950 
41333 60028 31489 45137 31481 25731 8887 52175 31283 7439 89204 4555 93240 83271 76978 17300 7245 72330 76038 67781 44563 94698 33508 43731 55383 91666 53570 18565 47237 24890 49514 4921 84918 81002 50057 16398 23084 75295 84925 70718 99085 90480 75272 92324 90102 68601 9624 97346 40930 
2013 65126 1845 96711 14986 45575 68445 6651 15496 87010 70240 40386 36523 75160 41655 33877 41569 74404 73312 16863 59328 44030 32300 66159 35653 24623 56260 4254 50598 53605 61535 68963 35083 63379 82025 50068 25305 50469 73070 57153 37478 43309 13890 74001 34821 55544 24229 92741 46299 
97540 9603 21979 41569 58254 88137 77222 82877 44397 97827 49826 14353 59361 35140 49435 39092 17164 15854 80748 67633 5276 37900 21462 48584 68141 95462 99756 23684 36042 92496 86335 33582 18451 8313 75150 76704 96449 68723 75932 57197 82901 42110 71550 58614 77249 37336 97705 94413 53190 
94804 78397 58465 49056 99858 23400 17196 11672 39508 57232 47713 32003 43566 81294 66805 51878 72796 59861 48326 57870 35792 21875 40771 94253 93424 99384 71502 30759 13440 82266 300 24595 60662 75116 73650 60519 14868 90846 88542 54375 48077 36255 86377 91642 33900 69534 59871 6695 29394 
24548 80917 65185 46422 38039 75790 39845 53774 47291 86956 67213 29556 87255 8159 6569 78723 81809 83439 93590 72654 71981 47964 37082 24587 50692 28723 58486 20225 88593 81533 49618 29492 78801 31155 75914 16839 6944 15758 70612 70586 19065 54176 16493 22672 62334 23061 1394 44142 22851 
94983 33147 11183 42946 70228 35769 93637 98950 10607 30214 3894 92139 96183 33386 70939 27337 25651 87777 50632 57760 74740 21217 76825 28915 54061 99496 91248 77121 889 51742 16324 95871 84888 27506 55168 55116 63275 65156 70417 73881 95369 90663 82371 91552 40400 69661 35240 66050 73789 
2224 23809 48528 39792 633 77442 93853 128 85041 87325 17368 36782 3648 29590 21670 31154 84757 93137 10780 66265 63553 1012 61633 70567 83382 69536 10966 53042 21128 77015 43182 23351 824 91709 63142 17808 85502 56994 34288 70542 60671 51655 23676 64318 97597 45345 11823 82353 54833 
22602 48617 34737 39965 26602 5304 23346 12489 16269 92739 33616 93284 35920 73318 10459 43980 36460 28266 29481 9805 62553 23 70475 30560 23698 51145 28156 85394 79319 26860 56578 18273 91829 91314 58237 34782 96617 97935 47270 29238 7025 97238 38873 42945 70555 65683 3276 23366 93948 
32757 33171 72853 32779 19997 3412 72828 87493 47919 74573 66812 74778 31150 85084 82958 22463 43320 17739 35432 57606 65009 81021 64631 62246 19893 23927 49152 85575 27202 72518 95874 59958 5688 68726 9088 42036 88489 81915 45881 52759 72839 12692 43889 3988 14127 26846 26451 73798 44585 
78234 31404 25945 59254 96034 4542 79146 19960 53693 81072 47161 26210 76945 23471 48249 62023 32558 6637 66863 30825 52517 19622 3663 65208 63510 7651 79334 90355 50453 53131 51291 28686 886 77235 4291 96919 81776 83436 33230 35469 80859 80391 78030 74155 20213 42631 36177 52770 49267 
19392 99946 1783 39013 19961 83342 18874 43963 62675 25580 94415 32157 76871 39452 33043 54105 43742 46313 52233 43529 79543 4053 40739 76285 82082 14893 96497 24712 67422 65618 90330 86813 65564 92112 42177 1876 75453 61050 45838 54479 86629 56604 2988 63499 96055 52382 33956 56148 98694 
86188 16028 94588 90240 56766 70872 88673 88010 67368 29737 55431 32986 20066 42243 14901 28530 771 16776 3982 61820 78965 58461 64801 35568 77800 44651 47974 30181 78606 20473 28874 81145 36500 39814 87736 9617 10685 92761 97626 94405 22497 53057 27390 58914 11651 58642 87443 12422 91769 
91425 90593 70733 66237 55393 6300 44036 16396 54273 90568 95001 91097 35793 92498 27596 75606 80233 37212 86291 72993 34837 80695 11841 4245 24436 70755 15896 99429 58197 44669 91197 65973 51613 61929 48561 7006 84580 8948 23401 55204 99515 34753 46300 35308 27250 73895 10913 23835 27458 
13555 96827 78646 94249 8668 82891 35036 79422 15138 34464 53970 76158 42012 19943 27770 20292 68503 51127 4871 77451 90879 60074 93317 41984 6373 28624 69233 96619 39537 93067 40428 69443 6246 19074 80044 14913 18316 15079 10686 49805 65895 64655 42314 7906 949 70083 28198 85804 37562 
49420 79606 28440 9494 72922 70423 32218 1546 56008 45189 57434 49074 85616 26876 71671 21041 6919 86583 55708 38350 97268 21864 20596 78275 64177 44853 79223 50612 89402 65026 88173 38822 44631 16612 64667 17553 3387 13236 35450 59394 58424 92883 24819 60392 36110 96490 97784 59381 99424 
53492 14082 96692 91707 34677 91318 55884 79529 70540 6495 68931 35566 94667 7752 96548 27630 72418 14100 31016 2005 65901 6761 60429 75135 31580 37172 11245 44421 34955 86977 43844 4798 1058 56887 96505 35734 48204 68740 15262 18744 75234 84192 70661 86252 8295 83560 13881 97064 14012 
61249 99069 79912 68009 75849 55047 15940 29372 66291 76712 80678 69619 20556 85476 70676 77442 98332 6409 41998 67071 38022 77093 58656 38566 64105 61259 63212 47664 91491 60276 61675 52739 75696 41587 37100 67896 96633 69391 97267 79275 46103 77944 48893 66658 79771 35920 60451 78102 42328 
18800 61524 96701 95892 36531 35266 59996 97789 98478 7660 89280 75105 85686 58370 50800 27272 11821 18695 40256 81212 32313 19530 43666 10256 84774 26675 90027 20693 87125 84480 79372 22277 46004 76073 18168 98886 27690 94516 96675 42519 18527 2306 33975 4212 60675 84774 31484 88848 19820 
71739 70059 68484 7621 13724 78740 8746 40398 85118 29439 43874 69597 25162 66150 31952 17586 670 30838 45276 95185 43864 4146 13711 46169 38121 17922 23195 39246 65757 28394 75418 53848 98452 43901 61468 28527 38992 70213 85276 24109 16003 45502 93706 57517 28003 25657 75102 28672 56494 
36729 40208 16709 40875 53918 79229 95347 88192 18776 34592 53948 47169 10009 24147 61973 70262 85614 90499 9253 72179 92127 33362 4533 37628 27067 62049 65630 69075 53503 94302 41921 90231 50861 58629 47457 4779 37858 42803 9322 72985 77395 79621 20153 3755 3768 82125 74016 5733 88976 
99621 94263 81102 32982 98796 35081 76400 77196 710 45474 30698 11363 87394 20929 62224 62375 68385 83354 232 27540 9027 73216 4934 88647 9720 25040 8766 91845 15408 14499 97172 15028 8761 78273 48009 23908 13353 24408 1104 30414 86233 31801 41777 73627 69081 20352 36001 53818 3705 
52584 81357 29083 42151 2642 17729 51870 27681 42847 60066 43088 57345 57237 58115 82457 35509 22475 6365 65213 63234 7468 95627 49467 55620 53755 39445 24701 74106 91797 94870 94162 60732 76226 23244 2882 78867 57324 71103 22899 16522 31169 82339 73866 88405 40453 56323 40266 79280 79039 
21830 42513 86506 17456 8331 58477 87562 47775 83177 78019 55923 94398 72180 16654 70623 11775 19535 65841 85451 90638 88740 1972 38158 87430 92190 26562 27882 64864 83179 7161 43902 5009 66026 46759 38816 74356 5235 42730 38483 4764 20748 94405 99161 9280 11059 86136 21054 30593 68328 
22856 37582 73419 41180 75739 60848 33369 18653 88730 14584 1831 12242 74837 23191 94619 21595 78359 68975 43181 21088 23809 64296 41835 18213 79809 51114 29271 65944 88520 76216 34271 27727 30149 7690 68906 5888 68537 18626 24540 73618 33209 42722 2212 8045 82265 96830 45991 60623 82156 
5524 98062 5964 69819 39896 40529 49627 7362 86151 31922 12233 78718 82545 39959 8867 6586 25217 14754 75122 43842 55645 65092 93403 14718 67303 1447 96982 80484 63790 73956 78992 69313 72017 1307 55483 28265 41835 5110 35626 44338 53383 47858 23055 35927 4168 31921 42512 29384 63026 
33986 73226 18670 15429 66628 49740 82731 84426 63073 79566 64567 37029 74909 33879 9045 76216 5714 37309 34402 10823 89286 78739 80557 53495 1794 16484 57663 50066 75347 87046 13092 25684 60271 48113 41112 43250 97852 40194 44028 60925 19760 8594 14305 11020 58825 23349 87235 64538 77010 
21637 91712 66295 16727 88620 19790 34872 5103 93804 84938 96802 80849 98029 22485 57472 46141 79949 17073 60345 20142 61100 21269 56253 86046 35573 67273 61222 75273 70859 25759 68634 92495 33822 34929 25574 22441 71070 60445 43896 64873 45382 57049 62073 59762 95885 19544 22255 75833 36617 
82599 12327 14068 3867 68579 113 55791 52203 61334 47415 23062 3444 16049 15556 53617 67329 57481 92410 54750 17926 36305 35974 79659 9705 98046 39421 5589 33942 61675 81422 70558 60625 10100 84625 80843 78678 1090 36633 30881 78775 399 53942 82219 16447 85849 52187 127 59682 44596 
54876 77607 97252 90849 73617 6956 5247 29389 12545 39188 7415 10318 9745 68039 20417 10721 48881 15446 11810 1865 46326 90585 2264 16619 89155 35062 18820 41341 35189 78501 2289 6416 72459 99540 97265 46075 6496 18863 75464 35392 58050 82878 45709 67794 67269 66125 94866 16149 97922 
23028 34366 44248 29964 36629 77218 19118 88042 96037 76810 39582 90889 95450 45998 63347 94990 59614 9422 1485 78476 1237 36876 36525 466 98936 20670 67734 81412 15535 235 79333 54914 34600 39932 84877 87580 33502 3994 91973 29538 97156 31555 36779 92605 77552 125 3946 37165 25898 
21782 15640 43486 75009 68516 60304 73944 89185 28037 55355 21071 44623 51040 75985 95574 90971 60861 99505 24472 81207 91478 70362 78362 23032 23492 87318 16935 23616 7616 54099 65866 29397 86090 25703 4406 54605 86006 94701 43789 30395 66408 64859 75017 17447 40843 86943 24769 1704 86447 
65593 99262 77924 52306 93975 17307 75797 97644 34241 15764 5259 88339 97981 34656 74428 23684 55413 45384 9689 50113 89172 40083 16520 70383 15100 50318 27577 2042 75087 45632 4840 57031 44893 82764 9336 38867 70 1484 36511 34311 17247 41769 39001 31580 92776 29781 55263 64540 75164 
64951 14653 80688 5034 47524 51070 36485 97842 78646 54878 89280 40630 59717 46310 85522 58832 71997 40741 75254 89832 77251 9564 23430 35371 64916 55009 44499 94696 10271 9038 69860 75222 40042 66899 96607 87566 17968 49443 1759 12965 4320 91038 53594 80388 53699 55468 55572 42047 96208 
30825 31878 89810 56740 55307 41532 21655 10316 2382 32703 20586 11420 2562 12159 67813 85812 8765 55378 3779 74559 57136 33095 95230 64525 3041 91970 34575 74860 47541 76621 87419 78365 24850 77228 51456 80157 35111 73110 6824 37493 5812 27409 65264 24725 55920 49428 10536 81036 4806 
30666 55595 78293 80113 50824 59170 99505 42793 93744 74364 90333 70365 61782 85049 95214 55361 36504 91722 6823 25966 98545 60667 31777 42306 42282 72854 98225 91710 99741 79260 12867 46759 34854 91159 26871 85678 50328 26375 44822 44072 17090 35155 30788 95223 36555 42353 66935 73059 34075 
73757 15376 48971 50776 63504 91276 93057 36357 89500 84766 52450 68760 13984 99208 19965 5143 42430 5642 71822 68804 66816 32245 2245 1970 79384 97467 54876 21737 80753 44286 72163 54509 59661 21133 5284 23165 12409 14693 75873 18260 15810 44674 87019 29794 43881 23336 51288 86310 28977 
23109 71465 95792 55354 73709 14113 34737 87527 85341 72825 68279 29626 44987 39140 89287 82472 60775 28803 11232 75467 21027 29491 7629 65701 32862 37422 9581 56197 88709 12243 1525 28169 83707 13669 99874 73768 44133 50963 77646 29473 23787 62277 59099 85126 1416 64737 67597 62190 93539 
78828 54009 30917 8318 61637 96617 57531 15410 22550 13727 20470 51144 15252 64990 34850 28920 64864 24969 73052 15826 2615 2525 39612 64891 77975 24737 82658 42711 8685 61199 52601 87512 31559 83517 12182 9547 96486 69712 24956 35387 83439 61777 86530 15042 26767 37731 43961 91630 62700 
33364 7455 81666 52240 63418 62908 30214 4507 45565 72924 13191 23115 41876 703 54674 25393 12884 64220 38230 98947 89176 73616 82385 67304 60145 13778 94070 97875 57738 2051 76926 7454 25857 74943 59693 89275 37850 89907 93781 99766 79182 6971 22881 21058 24025 77554 62802 53260 41773 
1031 52207 47300 90998 50943 14604 67494 64721 25025 65368 38810 43428 58646 46263 69284 33588 5956 58558 87790 12214 68690 87555 7747 92013 26787 28804 32389 4340 7957 85649 62465 25339 54207 26116 16336 5149 57071 83829 86221 82096 65549 25031 25523 24194 87645 11158 74133 9952 86068 
61922 38517 54757 65829 46264 63121 92615 75067 95510 13307 99376 97510 75771 24714 51716 18238 41050 73216 75309 41230 75789 73756 6778 17171 15630 47323 4815 26787 37808 31119 12854 99729 69635 83963 81909 15898 47083 74524 7317 58944 87830 6692 56453 79952 47757 24520 98189 88806 97736 
89849 30036 73524 63604 53165 90694 79233 16840 11860 6020 54647 42978 35225 54375 12613 19187 52636 44862 82622 27159 52178 41565 31340 75221 14370 27643 22978 38889 42183 11783 36624 32032 58170 26499 95635 27687 33544 91220 44526 61756 97239 99172 4733 32463 69898 33697 68002 22533 94911 
50623 66043 47088 8539 13734 22309 22908 41376 45286 61797 83559 73420 14772 31942 47942 57623 27576 91980 91166 18795 36505 69273 32385 52028 74006 81200 21925 24054 65553 60810 18964 16175 26852 82404 24713 40586 21064 47621 98313 82701 25769 98223 72472 40540 30164 36765 98162 74092 28744 
5680 9238 81600 74952 41623 33627 65309 39174 71904 89363 4726 49065 24678 37252 75916 23433 78316 32853 44496 25936 31166 27196 51704 29388 99668 8596 75904 36432 6757 49995 81528 12436 59232 63127 87388 17206 13106 52696 72731 1361 58410 93808 50425 99440 31059 26340 22872 9375 75545 
67368 51662 23062 10915 19718 68801 10582 28313 44704 63366 51421 11050 61245 63857 86634 24371 67596 20191 53828 36643 92922 55188 95053 86729 5612 10844 34140 48304 33715 59866 23848 17434 11527 63261 28349 47596 32061 55282 92260 93117 34999 43681 4166 96243 23889 90799 20614 7836 10990 
90793 44478 20263 45981 55882 23343 51592 66725 57482 16247 16792 17347 56446 34225 45226 19706 62573 9173 51767 34207 1433 44883 69205 45113 65400 65448 85353 72551 2413 93188 83540 93205 37665 20154 39185 9899 43496 7129 76623 978 23375 93414 34676 79821 43991 96253 15878 6563 5426 
83996 40769 6858 45230 26326 68322 10630 91773 70026 83180 94185 63213 83071 3741 17229 3224 59278 27127 46719 66406 20102 64048 6132 29867 15076 2304 73857 11328 18182 80420 33105 18529 37540 39962 63759 63865 24635 74388 71989 94660 73919 82525 74224 56989 86266 91453 76564 45543 34931 
23282 28300 55032 3682 50783 84899 18757 69439 58755 30084 87620 55526 63189 22500 9418 19502 86258 89634 60489 60645 61623 71500 34563 60499 45724 7903 63116 37176 84466 25010 72106 24100 53309 43490 27781 20444 28388 62889 89882 3494 9324 93853 75372 72512 16352 84789 8366 2610 90774 
85206 79606 68748 56705 30521 29247 2428 38423 8714 55955 39241 33724 28061 63340 3384 71550 7472 23827 16289 86712 13708 19782 96035 7560 11505 84899 40264 12645 9616 42873 3419 94821 22478 88518 51525 52998 17764 53953 7773 26478 9907 47013 76553 54319 26704 79936 42220 50527 3763 
58508 37238 33822 94642 33272 41382 6146 34522 97997 18791 44137 40869 22209 38957 79698 10726 90482 49048 44842 60786 73172 87671 87044 20184 64223 41363 63239 44158 83582 30117 64272 58442 67354 98094 53083 16977 55827 59228 51499 53823 78018 11987 11043 16578 50944 7092 43656 57777 56139 
4849 18562 29310 92519 5605 65845 73093 63319 45435 33602 63253 75551 97874 21694 59256 12319 74776 76233 68145 50355 44083 38319 44725 72421 49361 61302 23364 56452 4957 81140 28943 9805 16053 74604 18675 38010 56801 8119 17680 2235 58073 80932 77786 72298 18977 53393 84616 10104 45977 
69112 60459 6411 7430 5183 78832 56790 82836 2195 29593 87793 99687 74887 13949 15739 65843 48976 70100 22643 73446 87780 24877 31518 68711 19014 3815 4040 72407 4782 14143 34735 73893 74601 41146 81322 96135 19977 54463 78971 22171 408 83115 38209 91646 13415 53948 57488 78742 24047 
80130 68540 28178 21359 57 13241 56724 20224 17280 45482 41357 31422 80217 15250 22375 21362 12923 34861 41338 83738 30183 79860 497 13297 18069 92142 43064 88368 49630 21805 28766 29759 6696 56944 67469 6753 70184 24193 43328 3815 69674 84684 51588 49890 16285 73962 87603 45560 25175 
28940 29297 55357 25152 29793 85006 43220 38286 28069 47939 87915 66225 76704 34026 72921 33647 1494 96025 20182 42038 39352 23996 11712 40387 91936 77953 73024 82249 81908 18583 7423 27199 64231 62780 52350 10375 64137 11921 48660 92205 59859 52927 74781 36563 86952 47701 86561 4797 60077 
6743 46835 15780 47090 74898 72519 39025 52850 45542 21274 51109 80476 45048 78308 44706 24179 30657 71432 88315 42578 20091 80519 2436 73017 71652 55350 76320 35704 41911 81117 95781 65005 27951 27912 28446 2848 430 83823 72049 45971 21448 23158 26446 66495 1465 87503 90674 32121 58934 
95340 91050 95377 92211 9838 84745 63862 65187 61065 99565 23449 42181 11697 88453 86483 39609 33251 89330 40038 17073 61378 2361 38520 84535 28806 21366 2351 32661 28391 34472 7946 23731 41873 3322 15941 51710 4419 79802 33249 65483 95718 56697 24015 7415 61502 10497 47023 94752 99826 
3412 11824 77555 5772 66695 78442 50930 4412 80792 83590 32803 31615 7887 56533 73488 11209 88825 41549 31979 84978 74797 97461 80695 47846 37827 88109 9347 48323 51483 4098 64500 54895 32273 42054 60666 15319 20495 11595 19730 17639 11536 52532 49253 19423 25416 22740 46983 14240 64289 
78961 99217 55437 92773 79912 19634 30599 84372 28980 95273 52207 49429 59772 7101 81701 18177 84118 13371 55024 12065 33101 72662 23600 85632 21914 59374 11048 44654 6356 41639 25294 1668 57208 97082 94440 53471 16716 41390 37842 62047 36662 6400 11476 96433 13500 9528 30962 13970 22899 
85985 26034 55999 58646 65985 57982 80559 41711 69029 25212 48066 27020 66857 66086 84227 80291 76877 37697 97006 18267 91890 59052 54928 98290 86879 67713 28141 96407 98674 42110 35657 84658 84495 91655 43303 66832 49636 23861 8542 35017 65425 72959 78388 48633 39044 62614 28923 15921 16662 
42280 50539 8551 17684 5466 23192 20914 89530 67685 17320 4555 26146 69328 89212 10641 60982 48866 93824 26970 89079 2365 78338 70855 75323 56725 35839 30719 35690 81114 62991 52351 39745 13529 77253 57428 35346 445 78342 24876 84481 12013 45782 10626 81341 51346 37618 58674 211 31441 
1995 5641 33805 96684 92847 25480 53408 28686 72550 5449 9799 35540 57799 49543 49068 51404 23323 765 51848 18016 41992 52680 46380 87774 63305 44072 39119 923 19098 55681 32363 21092 61322 82520 17776 70520 24351 87535 99205 96900 92984 25355 48791 67134 91250 97858 18537 14572 14974 
86736 48939 56966 39415 95318 44739 2720 39390 83857 3642 58487 55889 52356 95930 17210 34875 30057 87730 59225 17592 3286 72476 26927 28641 21266 94060 36242 35475 12597 50813 50449 15684 99751 7414 55099 11420 68504 57818 50809 68712 77811 9295 24600 30166 21577 58162 81393 51633 62243 
56969 69224 65528 29445 12502 10520 50710 6562 46761 2537 35510 13925 52985 51193 30027 76750 22643 41447 45253 96812 92255 30316 74622 17902 54915 21140 39478 29428 2532 7462 91670 75852 93038 57198 5296 5539 84069 72358 28452 47182 91246 80313 61106 44230 31506 91133 37331 70500 32579 
98935 67312 41185 29250 41933 75438 516 79424 31267 29944 98307 38729 21613 74159 31766 95162 95806 53656 79231 84515 82108 26412 75760 62420 3869 36341 10277 95001 73671 80777 43931 72605 48088 85116 18206 6372 76905 18722 85796 8172 48665 84102 63252 86629 58260 95017 81791 70418 48672 
77373 54932 47131 20136 30692 25903 40356 67032 36179 35357 40703 33307 95639 29659 81394 97106 47865 87766 74011 82938 89913 82182 47954 74014 45433 34582 48626 56801 32724 19043 21824 26448 73974 85307 62935 21017 11209 3291 4401 63739 38647 45103 97046 34285 91113 94791 47743 55329 98908 
