92 91 36
90 8 9 72 40 65 13 82 14 80 4 68 26 81 51 17 38 41 10 43 32 85 15 41 25 19 78 42 62 69 47 3 28 55 74 19 71 38 100 84 18 3 4 95 36 54 63 73 47 72 16 30 8 82 71 32 52 100 26 14 68 72 16 47 78 90 65 48 27 64 84 96 19 87 42 54 92 4 26 38 28 93 20 35 75 90 19 78 89 44 91 
9 67 7 7 44 48 72 43 26 87 26 22 57 64 63 10 8 19 88 97 46 80 16 80 6 57 50 36 46 93 26 6 59 84 12 54 83 35 97 9 22 74 82 30 90 44 40 97 14 79 45 59 58 61 91 16 17 40 3 14 85 28 71 95 64 83 49 46 17 45 54 90 70 35 20 59 31 11 7 44 89 52 55 98 12 97 65 80 88 67 46 
72 47 16 67 10 98 67 55 67 11 61 8 32 47 79 91 77 41 97 73 29 48 79 79 11 27 43 91 14 10 36 38 8 3 56 17 1 22 23 19 84 83 78 15 30 57 57 58 97 54 82 78 53 12 56 16 38 98 58 4 59 93 93 66 95 100 34 47 21 57 17 56 91 95 22 72 51 79 30 99 84 63 76 36 75 83 51 64 81 8 19 
91 52 11 9 99 10 94 97 82 50 14 89 41 8 11 12 10 89 93 8 72 8 36 59 82 18 62 97 50 21 16 93 73 78 1 23 40 46 71 73 96 84 62 88 43 72 51 4 12 44 64 35 51 99 93 84 68 6 32 18 27 99 10 51 29 62 25 68 7 95 40 54 31 53 41 25 24 44 29 87 87 92 21 89 42 66 24 9 71 55 78 
49 54 39 51 82 52 75 1 11 22 92 64 52 45 57 76 20 100 56 7 38 99 79 78 40 44 1 1 67 7 78 15 60 17 66 93 68 92 45 78 13 37 94 16 33 50 92 52 1 99 10 90 98 89 67 37 32 67 37 50 25 67 65 37 83 82 29 2 73 26 80 38 62 73 53 46 74 96 97 74 95 59 63 92 47 81 80 30 99 69 80 
23 35 96 59 69 29 40 70 1 65 49 90 78 73 43 23 46 38 71 71 32 29 85 75 27 65 7 57 15 75 88 38 61 83 96 29 11 35 50 63 51 99 53 28 23 95 50 21 84 73 91 68 1 28 42 80 44 100 36 59 74 75 96 86 9 43 66 19 30 16 33 80 66 85 8 88 31 9 8 67 81 51 34 34 30 27 13 73 27 100 83 
52 26 30 90 34 73 55 52 54 70 36 33 35 73 40 23 55 1 82 21 33 84 6 66 13 33 30 38 11 81 72 14 6 2 3 39 26 58 42 79 27 78 63 14 50 55 88 4 55 69 77 87 5 82 5 17 66 86 6 28 67 78 42 24 31 44 63 8 53 56 38 32 33 100 45 34 54 32 90 60 52 66 47 56 99 3 25 17 88 30 44 
54 59 37 78 41 81 92 48 85 47 85 16 32 37 60 17 42 91 6 2 43 23 100 98 74 2 74 90 41 4 33 47 14 22 24 55 2 67 54 86 65 91 54 96 27 13 13 68 56 70 21 98 93 72 47 18 73 21 7 66 76 91 12 41 12 87 95 65 53 49 3 69 91 56 17 17 68 29 36 23 50 9 72 94 80 71 11 5 43 69 70 
18 60 81 58 23 19 5 88 23 5 42 91 95 97 7 63 16 87 98 91 37 58 14 82 38 84 93 42 26 61 63 95 72 95 5 47 13 61 86 87 65 27 77 11 75 36 73 90 22 22 80 10 80 94 92 17 29 36 10 7 48 24 1 72 18 57 18 82 17 3 68 33 81 96 43 55 31 15 44 5 89 76 14 68 21 57 36 1 44 97 7 
44 20 60 15 37 16 84 70 85 86 37 17 66 84 60 20 15 26 15 19 66 42 84 33 62 93 20 15 36 16 21 79 35 80 45 23 96 28 44 32 65 32 48 30 16 59 1 30 37 68 100 2 9 83 87 23 75 6 89 63 22 9 93 8 89 38 83 36 65 26 19 30 58 66 11 73 77 64 54 13 83 53 66 43 87 52 17 14 58 5 76 
31 14 68 38 54 57 72 41 22 50 59 3 7 24 13 31 52 28 84 64 10 88 82 53 74 33 69 39 42 74 14 72 39 34 62 92 42 33 32 63 82 90 17 40 65 82 22 17 9 5 32 71 44 13 75 70 98 43 8 39 68 22 11 6 7 24 49 48 56 32 63 90 21 31 81 38 12 3 54 73 59 37 43 3 50 17 72 47 11 79 85 
31 52 47 88 10 70 37 10 78 20 24 19 41 54 99 78 66 53 83 90 12 19 32 66 20 100 37 18 62 67 55 44 71 1 32 32 23 20 93 52 39 16 70 31 70 20 60 87 73 42 76 36 13 59 1 32 10 89 2 71 7 56 15 29 8 98 61 30 17 53 33 7 21 54 38 42 74 97 80 98 91 55 85 3 65 85 86 74 73 87 96 
31 94 62 60 2 59 20 83 27 24 16 34 96 21 23 37 46 19 16 43 61 22 27 15 38 63 53 63 87 91 59 18 85 72 77 86 31 48 20 9 23 87 42 19 8 16 7 53 87 75 48 47 96 26 62 34 89 14 96 75 56 6 92 40 78 20 77 60 67 97 68 42 35 62 60 42 77 18 47 15 92 94 62 40 71 75 25 59 40 20 86 
95 78 29 35 7 49 63 66 67 11 85 8 46 46 19 39 75 37 37 89 28 30 2 67 53 76 91 63 67 63 48 62 92 29 48 98 29 10 15 47 73 99 55 70 97 25 8 71 61 45 11 41 26 13 59 78 40 2 93 7 16 92 20 7 20 67 56 48 28 70 95 100 20 1 21 16 25 29 38 38 25 49 30 2 13 88 32 52 89 24 58 
4 15 77 62 35 95 17 34 75 38 80 74 58 32 95 73 9 75 11 46 51 11 75 52 23 14 83 74 55 6 84 58 73 12 72 7 7 40 92 81 78 24 6 35 55 52 59 63 78 69 60 28 79 86 80 1 100 62 27 54 20 10 63 92 21 86 50 79 26 93 59 3 16 17 89 23 68 47 37 98 68 97 25 98 34 4 51 85 18 77 38 
89 38 53 32 10 38 33 89 15 25 99 69 93 15 57 67 35 56 3 32 75 51 8 72 85 12 22 69 81 50 59 21 87 63 52 97 100 84 37 67 8 35 35 52 2 92 18 88 99 21 71 73 23 78 44 59 41 18 28 73 67 38 93 6 100 44 54 51 27 42 17 87 28 52 90 29 95 8 68 93 80 38 17 2 68 60 13 8 29 40 81 
48 29 73 5 28 69 10 30 47 51 47 85 78 50 75 59 96 82 26 40 13 16 56 66 83 67 78 90 96 69 22 95 97 47 99 76 67 8 6 13 10 4 98 87 53 72 45 100 5 23 39 69 38 94 34 20 12 64 61 59 32 35 53 81 81 3 56 47 62 13 11 71 16 8 58 20 31 54 19 35 76 57 3 13 2 89 84 66 52 45 24 
35 79 29 15 11 83 71 9 45 83 19 15 51 27 24 70 57 30 41 44 57 49 98 70 3 86 53 68 89 49 91 24 79 71 38 89 54 60 97 98 95 16 64 45 94 40 66 50 21 6 45 77 7 43 46 9 80 51 76 69 51 18 92 30 41 81 18 94 41 67 43 35 82 58 31 75 97 48 76 17 54 21 94 12 63 91 20 42 93 47 62 
44 16 53 25 56 34 42 1 26 8 43 12 41 1 42 15 49 89 91 66 94 63 11 5 77 53 76 70 46 22 32 41 90 36 65 45 69 58 46 46 18 40 57 58 40 98 25 89 39 67 6 84 29 68 89 5 20 16 74 17 90 57 57 79 93 73 75 13 31 20 59 100 60 15 57 51 65 81 91 55 99 96 38 27 63 78 83 35 94 9 51 
83 65 60 61 57 84 35 70 14 7 28 13 18 94 22 68 10 54 59 64 53 6 54 31 21 31 14 7 24 22 57 6 38 68 18 95 52 5 16 17 63 43 82 80 88 3 99 50 8 9 13 60 15 66 91 87 97 56 93 72 29 1 30 66 21 47 12 72 3 27 40 65 21 21 44 61 75 43 10 83 3 22 94 17 40 36 55 88 91 99 11 
71 100 40 37 20 39 100 43 41 27 82 6 47 55 1 7 29 95 68 63 98 90 9 66 81 96 21 20 39 19 30 9 70 70 97 41 8 97 83 100 23 17 5 21 71 58 80 51 52 47 66 49 88 74 67 20 69 39 39 7 57 21 68 79 42 64 19 1 60 54 100 34 70 57 7 92 14 86 42 65 84 7 66 24 32 32 43 53 22 34 11 
30 54 78 8 47 42 79 47 53 32 98 87 1 54 93 44 67 30 85 84 13 44 1 36 75 84 31 27 5 64 38 34 69 67 42 15 60 20 61 13 3 10 99 55 64 43 98 82 72 82 65 36 25 17 24 52 100 54 30 4 17 19 38 85 86 31 51 45 2 63 57 56 72 7 10 35 1 7 17 24 40 33 60 17 50 83 20 1 36 49 5 
4 68 94 40 5 76 42 1 77 4 10 32 75 16 93 62 69 51 30 92 42 14 51 10 15 85 29 16 72 30 72 75 49 65 66 53 40 7 53 68 62 62 51 89 30 43 50 98 93 31 89 34 96 92 44 11 76 24 78 48 53 49 74 1 13 92 5 4 98 10 71 60 71 73 48 52 15 49 49 59 31 90 44 26 81 39 36 8 63 65 55 
67 13 81 68 77 72 24 80 21 33 2 80 4 74 79 7 88 79 8 98 9 97 42 35 29 80 22 36 42 87 43 9 99 23 28 76 46 51 7 66 84 9 46 39 34 76 45 74 55 4 71 63 100 12 49 80 92 71 16 85 9 58 45 59 32 72 86 77 23 93 42 58 53 39 48 86 67 92 59 21 96 82 35 47 93 84 27 36 6 94 21 
66 3 65 24 34 37 10 62 11 54 55 20 6 46 67 43 12 10 54 84 5 35 18 4 27 53 30 63 10 75 35 75 77 99 99 10 87 60 23 49 13 77 68 18 74 34 60 85 44 13 20 100 47 90 55 26 42 36 40 4 10 74 78 86 72 28 47 11 87 69 59 99 98 27 68 71 12 28 8 7 92 79 7 91 68 13 68 62 49 7 65 
58 80 42 44 3 70 42 13 56 11 72 7 60 50 74 82 61 53 89 68 45 68 26 87 87 38 54 48 86 12 12 96 91 6 91 45 27 32 58 82 42 81 40 53 82 14 35 42 66 23 61 62 42 38 100 29 28 5 28 65 16 40 60 58 97 50 3 23 34 12 56 27 44 96 80 25 61 14 18 26 88 79 40 82 68 91 62 95 96 89 60 
63 80 71 21 76 73 75 98 6 86 54 32 81 49 11 5 9 76 22 86 64 52 77 97 20 68 58 14 15 46 25 77 26 96 49 1 68 23 99 25 60 52 56 40 52 19 96 60 94 18 45 9 69 74 5 40 41 62 54 7 8 30 35 85 25 84 85 44 58 35 20 70 38 76 9 89 94 57 48 39 74 45 48 94 18 52 34 10 66 39 16 
25 68 2 9 45 85 45 40 95 80 60 64 17 35 24 6 80 80 5 18 53 49 17 99 18 21 32 27 86 22 94 10 89 96 70 85 32 14 25 26 45 84 41 14 70 65 71 1 44 75 18 49 76 87 47 45 7 30 72 44 51 17 53 91 64 74 76 48 39 100 73 84 35 66 49 4 30 19 4 25 45 73 25 72 59 23 17 17 52 40 60 
54 8 64 97 72 37 72 19 76 23 43 11 57 8 59 12 89 29 67 66 25 39 90 97 50 13 65 18 16 4 78 22 11 93 18 34 30 41 52 57 63 47 19 71 6 29 82 95 57 48 12 33 38 1 29 87 65 45 5 33 48 34 6 11 26 75 44 7 15 48 15 29 94 33 99 51 61 80 45 69 27 8 54 16 9 34 3 25 79 59 9 
78 44 14 88 21 88 84 28 54 31 94 82 76 27 80 26 39 11 23 60 89 30 65 5 90 98 59 67 76 17 75 54 12 41 93 32 28 76 59 34 58 5 15 85 31 47 11 21 9 85 32 98 66 96 2 56 94 12 22 21 28 48 26 39 88 19 70 68 94 81 1 4 85 67 88 67 65 50 39 74 86 23 23 52 70 24 59 15 35 32 36 
14 79 61 4 67 79 25 34 25 57 86 80 41 4 67 59 69 69 50 42 54 72 64 57 41 39 15 56 25 46 43 90 25 3 45 43 34 69 28 10 26 65 89 18 68 7 77 36 27 78 29 33 49 44 89 41 34 56 96 10 1 38 99 77 93 43 71 78 64 98 87 89 62 27 6 30 33 34 17 60 11 46 44 11 89 32 52 75 87 99 84 
40 89 83 68 33 77 39 10 40 88 96 28 2 22 86 31 6 71 99 17 34 96 60 44 85 44 47 11 30 46 94 21 86 76 89 18 5 79 27 44 66 74 24 19 95 61 1 52 83 100 69 16 95 28 60 31 71 58 41 53 3 35 25 88 62 65 57 18 95 83 62 61 56 37 31 2 49 32 54 31 31 22 47 25 1 58 8 24 15 48 28 
70 34 4 9 96 69 18 13 63 100 26 75 8 14 6 9 62 37 14 45 19 87 43 43 88 52 2 63 18 50 90 39 83 93 48 30 13 65 95 28 16 20 2 23 86 59 84 99 95 49 43 13 36 37 8 75 88 9 37 58 10 78 96 45 22 43 74 87 59 68 14 27 40 15 1 25 26 36 75 20 85 70 85 20 6 44 94 46 4 82 3 
14 59 98 58 32 93 83 18 3 3 31 29 42 98 82 18 23 17 92 94 1 13 30 20 19 25 65 16 29 46 18 94 56 67 3 40 59 37 57 14 39 40 42 80 89 75 49 63 92 93 8 92 5 38 64 75 14 80 90 94 78 59 87 33 26 41 24 84 78 33 49 16 72 43 48 12 17 48 74 8 40 81 52 97 70 15 23 84 46 13 77 
23 71 16 8 96 8 31 32 37 63 80 53 86 22 52 97 39 51 22 98 43 55 49 39 76 15 61 59 61 25 88 83 96 55 90 43 14 73 26 51 35 6 55 73 79 6 21 69 56 43 67 98 49 67 88 24 34 1 35 94 25 74 28 72 28 70 67 41 42 92 91 28 49 97 100 28 2 21 48 10 15 14 59 63 33 99 86 66 99 20 11 
75 93 38 47 72 59 13 65 100 56 7 80 5 4 31 84 57 51 31 66 17 97 77 79 29 75 17 94 25 88 4 99 33 93 97 4 52 61 20 3 17 27 34 21 82 65 56 38 15 86 56 84 82 84 62 10 58 30 55 82 18 10 32 50 3 29 5 6 89 77 60 57 3 94 77 36 10 32 25 24 70 80 7 51 63 21 61 72 50 67 5 
19 77 37 68 31 65 25 88 53 1 47 10 55 92 38 90 1 22 14 77 91 46 35 93 60 7 53 84 57 20 88 75 48 24 95 78 88 19 65 93 71 63 54 25 55 43 66 7 16 31 83 58 76 70 51 88 76 55 71 84 26 58 11 73 34 5 50 21 75 66 65 45 29 70 21 35 65 86 41 80 16 76 38 44 45 40 83 72 46 5 56 
72 62 66 44 95 22 46 68 48 63 84 44 91 54 64 77 18 1 18 49 68 93 38 11 89 77 45 60 23 49 67 46 11 84 41 57 57 38 76 4 1 12 99 43 65 62 20 34 14 37 34 82 81 72 44 21 100 89 80 74 37 99 19 99 82 12 8 39 49 83 94 49 94 93 44 10 54 63 95 20 51 29 1 83 52 44 3 51 32 34 25 
69 32 95 19 66 6 26 4 55 9 97 55 54 41 50 16 95 12 62 66 14 90 66 96 41 9 98 44 93 84 20 13 15 14 31 32 72 57 35 78 17 84 84 22 24 34 37 70 45 99 35 59 40 52 6 33 13 4 76 5 39 47 17 53 60 99 85 83 55 71 60 71 6 44 93 30 77 81 51 73 31 38 83 71 89 89 55 1 44 30 57 
82 76 25 86 87 24 22 70 78 45 81 1 50 76 45 31 4 25 34 77 8 71 11 78 11 51 32 64 94 13 20 27 40 45 65 78 68 86 47 97 82 80 49 32 55 93 14 59 70 47 87 77 17 97 6 28 48 89 91 93 1 62 72 92 6 88 69 25 25 68 22 7 47 22 38 1 15 51 11 36 98 97 12 66 46 69 45 45 57 87 89 
9 49 12 100 6 99 20 31 24 87 4 30 33 25 19 86 91 21 48 26 70 97 89 36 42 9 32 38 65 19 26 25 19 90 76 24 88 96 6 63 34 9 92 19 86 62 56 76 83 3 54 4 99 42 91 92 51 23 29 67 93 7 44 11 96 19 34 35 66 92 98 100 100 41 70 37 3 25 13 37 79 18 40 78 59 31 21 61 5 2 80 
97 60 23 7 7 93 92 41 59 35 90 10 35 31 79 23 85 55 87 21 33 4 12 62 15 94 83 75 98 36 6 94 95 28 52 1 73 96 93 31 30 83 92 16 65 22 39 49 76 25 21 8 81 32 70 95 26 4 21 23 39 27 69 85 6 72 37 78 67 81 60 49 63 3 16 79 24 54 27 99 31 47 59 11 31 28 57 56 83 77 30 
73 55 50 57 13 22 45 42 40 25 2 40 40 4 56 18 80 61 97 78 43 95 36 5 25 15 61 32 97 90 62 69 96 63 77 8 36 21 50 28 98 3 67 37 58 22 6 37 35 2 67 77 97 2 82 21 69 42 5 65 83 18 86 79 80 62 86 16 83 87 43 80 41 61 68 99 35 73 87 69 27 53 45 75 7 78 47 75 20 51 91 
54 68 76 32 100 38 70 15 72 8 9 3 49 21 22 47 55 46 33 75 72 38 72 98 44 49 45 18 20 47 8 74 15 36 57 14 73 26 80 96 34 40 50 82 12 71 80 19 16 64 93 40 1 16 37 44 17 33 13 36 80 73 61 46 8 18 11 32 95 90 27 80 81 76 61 44 98 92 62 13 8 7 52 8 22 89 4 38 21 68 26 
52 40 86 97 99 55 7 30 50 48 8 29 80 35 42 24 32 85 85 45 92 91 48 52 65 88 55 2 61 74 27 12 14 65 9 12 19 67 94 20 15 1 1 94 88 94 69 19 30 54 15 22 96 63 73 60 50 79 14 62 52 40 74 17 56 34 81 27 100 74 46 66 26 98 12 13 43 80 32 73 85 98 46 81 60 70 92 62 48 5 23 
51 97 48 68 52 81 100 78 33 73 76 98 50 25 9 63 68 89 46 40 73 43 85 5 55 54 97 16 53 53 90 55 49 38 74 53 70 73 82 2 97 57 100 47 82 60 9 1 48 54 40 73 48 76 77 2 81 25 17 85 78 59 39 78 48 13 82 69 85 64 71 82 20 22 80 53 81 88 53 81 93 44 5 40 71 81 42 51 58 10 35 
87 68 26 64 67 38 46 36 74 61 6 7 32 79 86 85 11 25 89 43 17 33 47 57 55 80 98 6 37 7 92 23 27 69 38 45 6 35 80 32 95 37 90 27 15 28 63 78 52 51 20 69 35 67 25 90 46 74 47 82 32 90 56 10 59 45 55 16 32 34 47 26 71 89 4 37 16 18 14 67 69 34 35 55 52 11 96 97 36 94 30 
68 84 37 77 42 81 31 57 12 17 56 90 87 44 45 75 59 63 41 77 83 26 12 89 77 74 85 25 10 78 54 29 61 42 5 54 74 88 63 86 4 18 27 42 13 71 16 23 85 56 99 67 81 62 56 9 36 92 33 97 69 38 25 82 79 81 87 53 68 49 90 71 18 68 64 30 90 32 4 75 87 3 93 20 16 48 28 3 91 61 99 
60 50 75 93 29 56 79 81 23 28 22 46 97 89 61 27 78 92 30 4 31 84 97 50 100 96 29 2 87 41 53 98 91 27 42 19 34 20 51 9 99 24 6 96 12 66 74 41 58 55 45 88 39 41 89 90 88 17 43 74 58 95 23 100 74 64 70 59 84 20 67 34 95 72 81 6 90 54 98 47 9 94 86 99 34 74 88 74 42 82 47 
51 29 70 50 2 85 19 12 68 90 79 54 36 2 34 93 91 88 91 89 48 84 26 46 70 51 85 43 93 66 41 95 94 62 97 47 47 67 59 66 57 89 19 44 42 5 37 85 44 27 73 91 62 51 36 83 1 72 25 45 37 18 40 83 79 36 29 77 2 39 95 10 27 65 54 21 69 90 5 12 68 77 54 81 27 41 64 80 12 40 24 
49 57 63 83 88 98 11 16 52 50 10 61 28 75 66 48 95 55 52 7 74 81 60 55 59 1 18 38 64 57 14 64 66 76 46 53 26 9 68 77 58 30 89 37 4 55 37 98 61 40 56 87 72 68 41 31 20 10 20 83 18 33 99 35 61 44 39 38 52 7 66 61 88 54 50 91 60 86 40 73 77 48 59 49 15 51 31 86 60 2 20 
29 87 18 64 47 14 2 36 17 60 1 78 47 6 79 89 66 16 81 38 92 28 96 92 94 46 22 31 57 76 50 37 62 20 52 60 33 6 95 49 17 95 78 64 100 56 4 17 71 84 54 15 63 1 6 56 98 80 86 6 55 88 95 16 59 46 75 91 51 21 91 20 67 21 35 18 76 38 35 99 74 40 13 36 93 18 44 90 97 81 48 
51 68 42 18 78 39 44 68 42 64 11 61 82 31 95 100 58 32 34 8 57 25 20 45 17 90 88 59 38 68 6 41 88 47 10 65 85 54 85 26 69 47 86 51 29 32 50 38 16 35 46 72 59 17 16 76 58 55 34 96 75 39 88 62 37 97 78 73 50 14 99 71 12 36 21 40 20 70 78 35 4 23 58 14 91 74 89 49 28 74 44 
2 12 83 15 100 79 45 73 81 10 23 51 22 10 23 61 29 44 90 15 99 64 73 12 55 46 1 3 25 74 98 79 38 80 45 89 10 41 61 42 51 83 92 24 45 66 36 73 9 26 88 7 41 12 19 95 9 71 49 33 96 98 63 85 29 60 74 91 100 86 32 2 69 76 77 65 41 13 89 50 38 28 8 30 39 26 25 47 48 25 32 
96 23 94 80 3 5 5 93 57 91 25 10 11 100 87 75 92 99 63 41 88 91 49 17 81 26 93 28 26 18 59 21 92 4 52 94 61 57 39 17 47 15 26 57 66 12 83 57 62 97 50 49 39 50 66 20 75 58 99 52 27 9 72 18 64 76 64 24 32 54 92 30 68 18 38 33 81 72 89 43 68 38 43 7 87 60 26 14 18 76 17 
44 84 89 14 47 16 29 23 99 82 14 28 49 83 17 81 64 88 69 58 55 59 52 61 97 12 38 62 81 65 79 24 48 67 89 47 34 17 69 32 98 82 11 46 65 27 78 80 14 99 89 20 57 40 33 53 3 22 15 83 87 93 59 34 11 47 32 96 64 100 27 13 82 37 59 98 63 36 77 28 34 17 47 42 8 79 47 11 53 13 93 
39 57 51 24 19 98 56 14 13 55 92 25 88 28 35 85 42 23 13 69 8 29 67 50 37 98 48 99 50 60 91 88 68 42 11 86 91 18 99 55 73 90 79 12 69 66 97 10 88 61 30 47 42 48 48 30 45 95 28 46 6 18 85 73 11 48 58 53 65 8 7 89 49 38 1 69 3 97 30 42 9 11 88 50 59 36 79 55 82 6 1 
88 76 85 12 86 84 70 91 49 29 49 37 30 86 37 50 40 85 80 81 94 90 21 43 100 8 74 55 89 79 7 76 54 43 88 92 27 9 34 27 89 82 63 70 68 52 20 59 88 51 40 33 92 12 28 92 19 1 46 7 79 4 35 85 46 74 28 24 82 61 50 22 42 65 44 61 16 63 20 55 65 11 88 56 22 67 47 92 67 44 98 
97 47 84 33 45 57 60 20 90 20 70 12 14 34 55 26 1 69 97 7 85 7 46 40 80 12 39 23 78 82 21 27 81 56 59 77 13 19 96 2 90 65 65 55 50 71 81 2 91 29 9 75 88 54 67 19 66 5 42 95 86 14 21 18 69 32 94 81 50 42 35 91 58 99 98 8 70 30 61 12 58 69 87 45 75 53 64 92 57 5 86 
94 18 59 64 38 90 9 19 91 50 5 33 60 3 30 19 24 59 79 36 17 100 74 61 74 78 76 65 34 32 2 79 1 60 94 39 1 3 9 91 4 13 24 63 67 53 81 43 64 60 78 80 59 3 92 84 80 20 48 65 51 1 95 52 61 89 90 13 91 50 4 46 62 79 9 80 83 41 22 46 100 51 77 10 53 21 93 32 40 92 48 
90 93 43 41 5 31 82 17 73 31 72 70 44 50 78 24 85 19 45 30 70 48 59 32 100 79 24 84 18 68 31 7 60 25 100 16 7 33 32 79 16 4 49 59 5 78 34 89 48 31 19 18 78 29 1 77 7 24 12 24 43 43 82 2 19 33 17 26 18 1 56 33 4 56 91 8 34 77 49 33 7 19 2 36 47 2 64 53 26 76 28 
68 70 61 22 88 94 90 13 11 90 69 43 45 24 85 5 57 13 53 90 19 71 91 6 17 93 70 21 70 45 48 89 14 8 62 1 53 52 14 63 93 82 57 38 57 94 42 14 6 46 55 77 16 97 82 84 41 51 4 62 95 3 3 60 10 64 61 63 15 26 77 60 59 86 97 15 79 90 80 36 87 34 12 54 83 46 37 75 96 92 89 
43 94 91 54 3 54 14 17 21 91 94 80 49 31 28 64 9 69 43 44 55 29 8 8 11 53 96 37 100 87 25 94 32 15 48 34 21 13 3 41 4 48 72 52 78 99 15 86 67 58 81 73 86 40 80 48 92 27 84 44 13 61 37 44 27 36 29 47 49 83 87 52 30 58 3 7 8 70 44 26 27 77 98 64 16 77 63 60 3 46 3 
67 58 91 62 85 27 43 31 75 25 70 78 7 79 80 13 87 49 9 12 27 85 10 42 100 38 4 59 93 2 13 11 59 4 73 43 30 67 26 56 91 95 33 49 73 12 62 11 13 70 23 91 6 84 33 5 21 36 16 65 37 28 76 48 31 100 42 12 66 67 67 8 13 99 57 38 63 70 48 27 91 22 17 96 5 1 52 26 89 67 90 
77 47 17 24 77 16 18 89 33 36 7 41 49 6 49 86 68 18 85 94 8 7 62 55 11 63 6 88 3 25 30 79 71 46 55 99 62 72 87 94 7 46 86 7 51 34 44 70 3 29 15 10 35 76 16 97 90 22 85 92 46 14 23 16 59 77 14 72 100 53 18 6 98 3 65 100 89 8 69 91 36 83 53 22 10 68 19 100 89 55 43 
86 68 17 53 78 45 67 2 44 71 19 2 20 73 66 19 13 25 39 4 61 73 8 34 82 75 52 33 16 58 28 1 77 44 6 7 89 72 8 84 94 78 85 65 2 2 83 15 27 73 18 39 45 25 72 26 51 76 59 66 33 38 19 10 81 24 16 21 47 75 5 92 52 41 56 53 43 38 19 21 62 36 59 6 12 82 83 63 57 93 80 
42 30 98 3 63 73 70 83 19 44 39 10 47 80 17 51 74 6 70 94 67 57 4 72 69 37 55 83 94 99 62 87 29 12 89 91 84 58 73 55 53 12 16 99 43 33 1 16 90 70 61 57 27 16 80 47 52 86 81 97 85 94 83 13 5 71 55 41 80 79 47 32 42 14 30 84 98 31 51 88 52 63 44 30 78 23 76 82 9 8 78 
93 2 13 57 6 83 11 98 63 89 96 46 83 10 76 66 59 58 69 46 9 31 41 39 61 64 66 94 24 74 71 68 27 35 76 84 70 38 82 84 78 29 29 60 38 4 26 97 13 46 94 22 76 35 12 36 50 77 29 25 2 52 92 28 38 19 12 7 56 45 90 33 73 19 93 63 74 70 11 87 15 4 60 90 38 71 78 39 99 58 63 
1 61 54 80 99 72 43 57 27 87 47 12 12 17 4 74 42 73 84 80 39 39 39 80 77 9 57 15 8 67 78 60 79 83 39 77 7 34 86 85 20 84 96 83 100 51 8 93 75 91 73 13 82 63 93 58 24 1 24 83 19 53 42 98 88 32 74 46 65 11 30 37 94 78 19 93 80 79 38 55 21 62 19 2 24 11 59 47 64 35 29 
82 39 22 79 26 6 5 23 22 15 5 58 9 82 29 53 13 7 90 67 27 3 38 29 27 100 39 25 63 25 6 45 64 27 75 41 84 79 64 6 46 68 15 54 1 95 58 13 1 100 32 80 2 69 60 28 68 50 5 83 27 10 79 42 88 53 82 72 84 97 29 29 16 43 34 68 38 91 33 90 42 64 21 44 84 32 23 3 34 27 85 
60 36 15 1 24 68 34 47 3 83 75 31 98 17 16 66 6 58 98 96 100 13 68 43 48 100 65 50 33 92 87 92 79 1 44 2 20 29 100 22 11 74 4 61 43 19 78 48 77 27 95 28 39 63 22 38 62 86 87 94 29 25 37 60 78 32 13 97 60 13 19 23 86 74 83 80 93 60 28 21 38 22 48 76 84 69 65 97 6 3 90 
87 28 78 46 5 61 10 53 73 22 23 95 60 97 29 39 89 40 66 61 77 40 60 4 23 80 68 20 37 70 61 23 49 91 20 5 3 30 58 75 3 80 21 62 28 49 1 68 88 18 28 16 57 39 19 32 18 38 3 55 8 15 29 56 5 1 61 8 82 70 34 84 1 55 46 29 3 98 48 43 67 28 10 76 66 29 7 84 66 61 90 
25 75 18 33 32 70 93 91 51 14 24 35 66 78 32 46 33 81 94 27 47 21 36 22 86 16 80 21 34 40 10 58 15 80 90 98 49 34 88 100 47 11 86 13 41 69 58 25 49 3 3 47 23 90 21 9 6 100 81 39 92 91 96 58 70 86 55 70 71 42 69 70 4 6 82 96 74 91 20 74 46 22 21 68 12 41 28 69 92 9 7 
35 51 54 92 72 91 98 41 62 91 62 31 95 67 64 90 93 6 62 66 51 35 38 71 98 30 98 66 22 58 24 56 8 30 100 79 20 97 72 33 88 33 15 34 51 30 75 95 36 36 61 38 71 50 8 20 80 58 38 1 67 61 8 75 90 59 5 62 56 28 46 95 12 61 28 63 90 2 9 77 90 69 67 12 19 26 31 50 83 68 50 
2 81 9 28 22 20 32 83 75 12 81 21 23 41 100 37 82 53 46 11 42 66 77 5 36 2 36 85 37 55 86 38 35 95 65 9 66 48 43 40 59 23 12 34 15 11 70 97 63 67 59 57 33 35 61 20 88 48 5 24 3 90 13 89 36 29 49 1 77 92 92 87 14 3 72 81 65 94 77 80 60 35 88 44 21 48 64 8 96 68 84 
50 9 48 90 45 77 39 45 5 82 89 43 47 43 15 27 8 8 55 39 19 89 26 63 61 25 26 21 72 45 56 21 53 3 63 97 31 53 94 35 34 34 78 80 76 44 7 83 3 61 73 21 2 98 83 14 23 60 34 46 56 41 19 61 44 81 9 74 85 2 61 18 35 90 49 63 85 7 97 87 68 70 7 21 19 42 34 93 53 20 39 
9 60 57 69 55 37 77 81 21 31 41 90 17 82 38 79 66 45 28 52 64 97 58 36 15 51 69 8 4 40 98 64 52 54 84 6 42 12 86 14 42 78 55 11 59 92 41 24 88 68 27 3 16 37 38 83 87 59 42 90 98 39 5 49 92 88 7 85 100 92 98 93 22 52 55 80 95 96 56 35 15 34 89 83 70 27 65 57 37 6 98 
86 44 3 87 87 90 93 23 89 36 20 34 57 23 88 89 69 35 44 55 50 77 44 84 99 22 48 55 58 53 4 43 48 6 81 86 48 73 8 88 9 79 21 17 53 9 5 73 43 100 28 44 29 71 27 27 92 26 81 1 30 36 95 29 42 76 14 41 48 73 80 8 3 1 77 55 61 81 80 55 33 7 51 61 29 29 87 20 55 67 72 
84 54 66 13 47 41 78 87 41 3 67 100 5 19 28 12 79 9 91 85 41 49 35 1 77 64 39 48 18 57 19 53 10 84 17 57 77 95 43 69 97 61 20 53 79 48 16 9 8 6 94 100 6 80 52 82 43 90 29 12 46 47 65 55 83 81 11 11 27 6 31 75 66 50 28 97 97 95 57 56 53 50 55 58 82 6 40 24 95 68 36 
92 67 52 47 1 84 9 63 11 14 93 37 32 94 64 80 43 11 36 98 63 38 53 20 19 10 59 94 57 79 81 48 97 32 94 49 16 55 11 78 68 55 14 51 48 30 30 90 40 18 88 2 55 92 73 25 1 84 18 57 14 99 5 10 82 50 10 97 4 20 26 24 26 40 26 73 69 8 63 60 25 2 13 79 93 85 55 45 68 72 2 
81 22 58 42 4 59 3 52 15 74 78 38 99 17 15 72 37 22 86 48 46 87 60 76 31 44 30 75 64 54 28 96 75 85 90 78 44 92 82 10 66 59 47 64 27 13 87 63 35 72 62 80 10 21 8 40 16 37 67 31 42 94 27 17 31 68 46 26 59 27 35 76 37 33 40 63 45 78 77 79 2 38 11 11 58 18 3 26 6 21 56 
48 14 34 16 44 1 61 69 60 40 55 35 76 87 26 39 32 4 15 10 57 5 20 67 14 37 21 39 43 41 95 42 7 80 57 2 81 17 23 92 8 77 26 36 64 4 74 95 59 40 4 15 44 76 33 10 64 6 48 58 46 94 99 4 74 55 6 6 24 28 97 31 4 22 66 67 77 91 13 35 83 69 1 78 44 34 87 7 39 87 65 
36 80 15 92 5 70 97 10 93 76 6 75 31 80 93 50 8 83 62 95 17 30 95 95 25 80 33 84 70 19 48 58 99 62 49 55 83 97 17 75 24 22 2 54 53 94 3 61 28 17 55 97 98 1 91 23 81 75 6 50 94 5 7 44 18 55 98 1 3 14 27 26 88 28 80 92 73 34 52 53 2 58 49 100 11 91 74 91 65 79 92 
10 83 99 53 52 5 51 52 8 16 79 85 55 58 64 47 83 50 50 87 51 60 87 2 70 77 75 60 93 53 51 3 87 1 7 91 6 9 42 65 25 72 49 79 30 65 77 64 66 27 50 68 86 36 70 55 64 44 66 8 49 68 62 87 69 69 77 26 77 71 42 53 42 90 84 23 6 60 86 71 38 87 39 23 22 60 29 85 55 46 93 
3 14 54 42 34 74 70 59 51 40 100 55 82 41 38 56 47 50 42 69 87 28 59 10 2 18 90 38 73 36 82 27 49 88 68 82 61 38 92 63 77 91 18 10 83 55 66 29 4 59 50 43 38 8 4 91 26 93 29 98 80 10 24 28 97 44 61 10 81 4 72 9 46 89 71 29 96 88 9 51 98 58 93 35 66 48 26 91 41 54 40 
20 15 63 100 64 58 12 73 38 16 96 99 13 85 21 41 32 8 2 34 5 59 79 91 24 26 68 66 66 73 5 38 88 20 89 51 77 100 75 67 67 70 65 32 6 37 72 89 44 73 23 100 84 53 90 7 78 10 25 96 82 29 85 69 48 73 71 77 24 97 43 91 67 59 22 24 95 45 13 90 70 87 89 53 39 30 11 68 39 35 63 
73 64 47 41 63 71 64 91 95 12 33 37 30 91 10 54 37 54 18 26 75 4 66 79 94 48 90 61 38 24 76 10 39 74 3 54 45 18 44 39 29 29 75 59 71 84 12 8 89 81 85 16 36 3 94 29 50 35 41 39 11 16 49 49 90 51 54 34 68 50 24 48 78 50 6 48 85 69 7 25 49 92 40 84 46 86 12 95 20 53 33 
30 20 33 31 61 35 84 94 54 33 69 2 62 18 7 62 2 76 68 27 24 11 18 8 56 3 71 2 23 75 87 52 95 19 82 55 54 18 1 7 2 69 8 64 39 67 25 92 42 44 18 17 55 88 76 62 90 47 64 64 21 50 16 67 20 49 74 73 18 74 32 20 94 91 35 84 9 11 76 50 54 45 19 8 32 94 70 74 92 85 37 
65 34 4 31 53 53 56 78 22 29 61 41 75 51 27 58 60 37 85 61 91 30 79 50 13 25 71 86 16 55 23 80 88 26 63 93 30 18 70 4 99 82 96 25 32 23 34 43 59 19 4 1 48 34 51 12 10 21 98 78 76 72 57 15 97 71 59 79 41 80 34 39 61 29 15 93 51 48 87 10 66 42 10 65 76 12 77 37 33 26 14 
60 97 71 26 45 93 85 23 33 64 8 23 77 37 37 21 87 85 7 48 2 49 10 19 76 21 95 12 5 20 26 64 16 48 42 12 40 78 35 25 93 94 47 69 30 36 89 17 72 96 64 73 96 73 43 71 46 37 82 50 8 7 66 75 54 7 87 46 84 73 70 76 66 68 97 96 3 85 64 26 32 79 51 27 4 93 97 49 82 31 50 
89 37 15 16 43 73 2 88 8 26 9 84 43 28 80 90 83 16 53 8 48 84 58 26 87 51 23 87 32 53 36 72 41 3 39 35 75 92 74 83 17 82 18 60 10 49 49 92 16 54 51 63 37 61 89 75 63 63 61 46 67 96 17 7 98 56 94 25 47 67 59 16 49 76 27 10 76 27 53 91 80 3 6 68 15 46 42 77 8 2 22 
74 50 39 32 99 46 77 23 44 44 81 11 92 8 37 53 35 64 57 26 95 59 31 63 74 76 4 2 35 58 24 60 59 14 43 57 59 20 32 54 63 64 65 6 72 53 58 6 16 14 83 63 24 65 25 49 40 80 51 26 89 26 85 47 39 28 4 49 47 35 2 61 98 18 66 21 71 75 79 38 40 13 100 15 78 76 16 17 56 18 95 
