481 28 19
60632 61673 21880 17870 37637 73872 72836 97078 85075 30294 75058 33849 19973 32752 46545 135 8731 7066 81207 23169 57779 31289 93593 80632 38727 58350 16505 93895 
15430 77084 46526 92413 55108 84757 26635 92744 58628 15822 89821 43702 62468 81230 93902 82440 30333 40446 98926 55415 63864 96484 78584 37994 27772 72176 34977 66498 
46877 67833 76745 78658 61269 39622 87423 16376 24378 30409 9120 99357 46230 15292 59410 8697 12874 53311 7488 43206 10108 6413 14973 90323 2897 93556 44668 30668 
82083 79645 13518 28959 47477 6614 7616 8745 46235 11390 41473 86964 41798 66944 86320 88028 82235 62081 13076 11460 31743 20564 71018 58202 26976 85990 48525 29872 
79545 9544 76892 61627 89188 6761 6937 53017 13374 30904 78113 75960 42294 19585 62923 84091 2880 65594 88470 1467 27674 1546 12926 75768 38461 83943 33969 81788 
69932 98845 28012 65828 8389 4903 43806 13928 28015 50742 83296 41388 81646 61409 33699 23939 97345 12973 24381 225 78566 12851 1691 22591 30748 14616 98358 69208 
14911 48678 67347 84842 47523 95358 67022 55911 260 10827 69838 44626 61569 69486 2365 59566 30894 36063 99856 44590 49035 24236 44814 43952 53438 62856 82894 84185 
93824 97603 69744 8734 46281 53443 9927 93803 48800 76948 66065 65412 87775 35902 10037 65695 21739 12402 25260 52632 64816 25115 13574 30203 65702 74739 74154 19140 
37595 73400 19676 47770 71002 5772 56503 17282 59214 82781 11084 8013 76081 77148 89776 63855 29402 99813 45901 67492 12214 71160 20124 93381 12626 33697 23583 78327 
8435 97737 13818 62381 87488 49846 10150 58489 55617 83004 92123 31182 82137 19558 55546 58217 96706 45322 22071 42459 45134 84323 9950 73699 55482 46425 67079 84459 
96473 7014 79137 21260 21102 92955 99992 8589 59152 10142 67077 14768 9497 59199 62301 91633 78757 17846 49849 91814 79519 88271 50624 24652 72593 76925 14702 44426 
39702 98133 45236 52526 5146 24373 73785 26247 33679 73777 34835 92830 270 18263 23949 26118 93814 86249 17751 88922 20446 83951 80735 99965 72222 47710 40968 61166 
40986 55670 21944 80687 70154 67179 33213 75299 91551 23349 17897 41581 13477 69083 34410 30098 3697 58358 56216 97510 60958 90318 86431 81404 74268 83517 81368 62841 
31226 22335 40359 72212 94356 62302 69250 64509 45832 2462 56159 53735 42163 90407 95315 55639 59489 46077 2089 79538 4434 58304 77047 81744 48621 63478 63147 39240 
63346 60866 18433 94572 99552 58791 83135 10260 37444 52384 74768 83275 71198 47279 53361 29712 37685 48676 1702 13526 94752 3790 93063 15537 62093 86461 97280 27065 
66290 76778 82657 29636 53995 17441 40559 69899 92583 23693 80158 30026 92428 71277 29652 79977 34907 83013 26040 72592 48040 27742 2469 59143 31531 11883 74679 9976 
98343 88311 53392 64633 81440 36048 94268 51787 53488 34826 21685 46070 74870 18194 92447 83649 89470 38451 79978 40729 37815 6017 13320 2206 33758 32140 61348 81641 
44022 36026 91616 58716 40688 45007 23348 38480 97407 33967 90266 67246 85144 28302 29668 76365 46495 38466 60014 52316 76916 39991 93044 31082 62359 22715 33287 96117 
54854 94634 77757 15227 47012 85724 73943 87699 30730 13642 26178 44488 63961 32795 11734 65456 61096 41401 41821 7590 79866 18186 76258 73134 74528 69301 4215 36886 
8368 37502 49354 79573 48487 43462 94800 95498 29185 85094 99549 76267 15087 42078 20754 95399 74873 48839 60855 35968 90239 2675 59910 86457 37212 52519 59590 11739 
38171 80156 48624 46538 17657 14330 26111 82496 57791 37262 77993 3328 38707 77541 79594 70145 19619 16699 65544 10843 65538 26398 46810 72128 45424 23071 58584 82635 
75589 34525 10725 13760 14681 75700 76649 48689 90029 2759 31184 47820 56372 25529 51147 11430 3069 47092 81575 39039 63790 47118 49881 29327 89867 13043 1455 35290 
36113 76390 34276 28054 10915 45000 58165 41947 20699 34813 6987 10728 53924 38171 74899 26647 80051 42397 38077 83119 89488 19651 38510 69629 66768 88390 15308 72986 
17784 33114 8275 70249 9503 42550 98302 36769 3901 56466 95067 24599 7630 2054 51678 77905 56576 42928 4552 36626 85324 42628 36096 91163 78630 74605 60792 45397 
79347 92451 34734 13482 25564 43008 83730 51418 1909 82031 4539 5809 54848 99605 46759 78830 1658 14789 56734 74585 57716 77637 27562 59392 36616 63658 50554 15245 
54614 27697 76993 50312 20147 11726 63794 62062 54733 47523 13480 72993 45906 18018 95153 17105 33974 58264 95934 51984 73052 69020 26568 30767 63008 54130 6510 99624 
34139 57064 14868 88752 1112 91861 55416 37611 3586 19209 99672 74671 83083 29503 47663 28988 63872 42816 62445 97846 1079 74730 49829 90482 60101 76396 37600 23109 
46877 44110 22732 81015 17525 37599 86119 18636 29459 41534 72598 49397 60742 88622 24067 60176 34476 71729 5516 98348 30896 67960 96193 48326 42689 62373 38807 2790 
38768 76407 42250 1997 36868 64981 83011 54392 2579 69129 89379 48390 27014 61977 97786 87755 66950 21852 47931 1425 9932 53446 99772 40828 37757 12316 89153 96797 
74688 44312 15938 29808 37070 58187 31804 73937 23167 31166 28328 42098 16647 17706 90487 43660 96034 88272 47767 62983 26475 12049 80760 36406 81846 96883 77233 19602 
9199 82738 16398 238 43401 32336 30045 80470 90522 78200 54406 30041 25718 82733 72138 42364 16790 62624 86023 29176 67247 50141 8510 93721 62189 89269 30126 44034 
86152 23711 79987 11702 22800 12737 28291 66200 45072 58336 46669 51945 52887 1074 98337 78604 158 70474 20967 33299 49449 23342 62474 16695 73482 70984 26767 52023 
60252 56893 12408 62755 96955 92395 90808 19754 5131 19099 85953 66554 93786 32621 34850 46672 50046 33187 41628 66555 20012 78946 99853 69461 2287 78679 2507 92121 
49662 29274 60495 26265 2518 72902 5372 99472 65296 96179 19225 86778 15277 21529 53331 9062 70501 4533 55734 20546 54071 13713 87100 74082 92658 3304 59894 94945 
81982 62401 3417 31643 91674 63911 74260 94191 36812 79631 10014 18460 75809 45590 5237 91086 67118 74920 16499 37618 95804 88584 74515 49874 2296 77966 40307 94954 
81269 201 6250 63251 62601 9666 11245 70626 89928 1856 64816 26739 81486 91181 61550 73647 36770 66787 81084 20239 58058 97582 74208 53861 86166 65074 3734 88461 
43039 44040 83414 40659 44240 6015 20261 23192 15680 31506 93817 5607 49713 74984 48698 31199 66164 10247 4845 19285 93385 2280 39523 51442 99861 30082 5302 86026 
95155 25387 90839 38193 69427 90604 78852 30018 96619 15464 69562 12298 63321 79730 34257 13034 54714 99306 44232 37229 25904 65428 72866 19289 67707 28740 87082 83919 
58822 92384 69945 53976 17770 77135 8521 3548 67738 3724 49918 64356 19187 35831 93006 82508 15560 43614 95541 86625 42919 56124 40206 85174 37903 13071 4462 21961 
58162 91544 5879 33335 279 92175 87311 34400 69309 12183 54300 53399 32258 4217 17754 51444 56399 27111 50303 71958 70724 62195 58583 29994 18318 15140 15168 72572 
44562 35981 94532 2723 43876 16763 36058 44154 25289 39720 94906 94598 68254 49205 64348 511 69773 82101 51954 26171 25564 18609 14480 96287 80803 89414 42633 99121 
4553 57800 88044 49114 10132 98928 68189 54008 15690 4246 14513 40978 60317 9418 51927 28570 74974 16274 29080 44746 14727 97385 87268 40290 15993 1748 52928 96796 
91161 95560 12268 12066 69711 16663 61179 79843 15590 29367 33850 47631 49964 64714 88609 26632 90484 56887 55201 65457 89513 632 26555 20591 98017 30174 60880 30361 
31921 13807 27156 39434 25719 55775 51499 95429 72438 29029 75271 88027 58396 25472 35658 24711 90186 40618 51343 80669 13856 22895 62477 3368 39879 89031 23958 37895 
19205 1189 84607 67477 31348 28115 6910 57066 83889 74760 52494 72678 3789 44117 77057 78536 69588 29066 19598 59773 86035 87292 56793 99890 10187 19270 19610 50065 
24652 59919 4311 60208 61108 88917 44037 8807 33383 67298 65872 17272 42058 34717 6301 45846 78833 83357 40733 64773 28774 60330 40897 14808 47622 97690 14698 57808 
33311 50659 24224 74314 10577 44886 50874 88036 50154 94910 96842 83537 62207 79065 17160 20616 13782 39812 82813 8966 23169 23545 90090 68294 83875 30987 83102 31496 
45028 97799 5655 78338 48457 46230 69003 75385 91115 19876 63421 57620 31137 60262 41156 9696 39327 74667 30311 69460 14479 13124 94777 53999 53020 84867 22292 36894 
15853 5393 84741 60880 19543 90395 55569 84351 36624 40923 59736 44090 60799 23156 1710 8287 99769 42865 17982 55447 33884 48293 41258 48362 77768 36035 2360 30787 
20901 24651 67681 53105 46396 52421 30336 65938 59168 2256 66641 12143 43178 26376 56233 20328 65883 57942 28615 82003 17158 46596 37450 51041 11240 78707 15754 5359 
31093 18113 36146 68345 59116 20178 37801 21863 88950 68136 4152 48117 86743 70792 60260 29921 13519 16492 66600 95753 90785 11566 77756 7942 74514 31557 75335 85753 
26615 91088 91112 57708 25553 43609 26052 1020 63786 80205 22882 52735 48340 27033 17204 51435 14177 77463 97707 27695 10306 64306 23448 17442 75872 17555 41735 66737 
49111 17069 68841 75725 24509 76304 33432 50061 19912 75836 67432 49 56040 90313 52784 20731 33697 69987 88517 47873 63801 86223 91920 90458 50529 15367 7899 42752 
32921 49633 25840 98383 83054 94680 74107 7562 70984 23891 73974 90895 16078 41405 90944 88469 48069 60079 9199 81765 46417 97716 45990 26569 290 37909 17026 50818 
69627 41276 9921 18899 7260 35760 17281 90313 46792 7739 14226 17775 31629 88199 25021 47706 45955 32316 36174 94023 92394 61725 92140 55162 75792 54481 81730 76081 
8741 15107 43251 78367 56382 69523 13617 79994 21635 47249 70306 68426 54987 84532 86200 86616 89082 27572 34321 35037 59888 86847 45411 68633 64923 37550 23795 40714 
8382 21876 33146 17122 36983 76396 11840 9716 62271 25456 89709 83905 72704 76367 52330 27691 60898 38529 30658 66331 66100 81330 1367 42339 68176 46778 10972 49450 
679 51118 90163 9061 72993 39661 42534 26327 32408 54374 52395 94678 96181 58455 78582 85237 34821 30911 29279 12070 85791 59936 78401 68243 57617 79767 10581 42145 
42896 21552 91594 43575 89021 98109 68987 62014 37769 27872 4692 70176 82245 57086 64854 94778 15541 43435 96366 66713 90698 25644 78783 76488 1931 57183 44730 59547 
53301 55311 18043 12549 93214 9637 72475 82235 7745 41461 60600 45513 69332 65291 32040 67929 38729 13245 79058 54269 73032 75423 37333 63729 17418 16115 40216 35700 
89649 1298 11598 59302 72960 29641 71850 66173 39277 44324 64759 63373 85784 25358 25237 71467 90649 57276 55747 45729 70521 51156 99997 43552 42930 53681 23632 60347 
69796 80199 96046 75796 81496 7644 35097 54455 37284 6946 36980 92912 51269 1738 56284 53404 43448 81520 41223 50448 55147 13321 96176 25667 64477 12524 85570 7406 
66204 9201 84105 35999 89400 96502 28147 87247 20497 63243 41702 74132 70189 78681 67043 37809 96770 39678 91213 40217 21197 48787 90664 76344 62107 86839 18362 42935 
99362 3932 50341 65566 29484 50797 17916 35235 47298 46062 22482 67795 9305 64183 41926 95845 59215 25321 33653 72336 64998 41217 12553 86195 90003 3216 78890 52110 
6407 97251 95044 5768 17534 61736 87685 47018 12532 5601 82252 76182 68014 21085 43976 77318 1619 2253 89514 60833 27573 23167 33169 92571 64383 62073 95117 54386 
81640 74006 22847 88046 71256 34242 93814 88790 95978 97850 52159 24861 3450 50762 1042 71464 71847 45017 65133 73465 63622 54647 50650 91194 94165 83818 116 58547 
62242 95232 29284 43881 69237 68482 31927 56845 2724 42092 61986 98701 39941 14144 39913 59743 81257 40955 47558 53103 2323 12690 26568 65944 83688 77217 73490 77852 
77386 73605 52751 39627 85189 82034 83507 70777 66868 31785 27621 69591 73876 5958 84643 13817 36453 24555 73559 17710 65509 21116 70812 84184 50157 13731 50127 33845 
90947 39968 28048 84684 29925 80798 24310 15113 79184 24169 85889 46051 55953 29862 15641 46181 52171 283 59997 88624 41189 49907 6333 23050 87374 93496 7233 53882 
7227 73711 4078 14525 30031 32126 99209 59955 12923 39870 75067 92106 64038 77307 38156 36343 7168 70148 82523 59339 86782 58871 64314 27971 25129 70646 51020 12502 
80493 74604 82735 87719 64666 86813 2244 94696 18938 17804 54650 31860 57673 46068 40318 21711 23375 78473 74405 30542 48621 56927 6232 35402 15797 70545 79724 57277 
57542 47095 69778 38035 38050 68864 42105 2716 55676 60700 13763 90965 78503 68413 39177 52528 14480 79494 90590 37854 74318 64994 84748 22938 38272 7331 74692 54068 
77876 70767 11344 51769 17862 97473 89803 55911 82688 48260 74978 54716 8959 88741 45680 3814 57153 1208 56341 87984 80701 46930 42190 55019 11923 43289 94308 50194 
50619 85351 20613 44846 56118 48308 96615 90331 62132 86417 46241 61171 51028 37571 15886 59987 26311 77918 80152 99815 79125 36492 4150 59826 99773 46339 31196 28047 
5979 41855 94592 56598 27206 31556 1443 99675 96215 98057 90005 58346 826 52597 35868 51853 6519 51754 28191 32829 29671 8342 32643 8795 61185 36793 84972 60957 
99483 32519 89003 5462 74374 83594 78411 17931 15149 79853 17605 11363 94262 23961 86060 11439 92909 38280 63291 99428 90033 7834 32256 36055 16175 81251 61201 77360 
34395 46173 54668 33877 95043 60023 55690 69416 43616 34100 87346 75117 30305 21302 2831 40918 45262 5243 52356 38171 43522 15646 53950 49906 23479 2557 2312 56006 
83807 63512 49717 18201 26036 4384 68430 21079 80758 40471 90494 40726 90923 94192 32194 21227 15493 51376 62144 60755 56618 14499 15277 16491 46496 85578 82748 86327 
88134 85059 42332 71941 48571 8400 6493 90958 29135 91274 12036 9893 48097 18882 50618 39019 13073 82811 60245 28565 34186 38740 5671 7156 69590 37299 39998 16085 
22876 39098 2411 27362 24156 61094 15654 89078 85845 38498 96388 31332 29772 8423 41224 77868 43656 8193 33238 73080 7355 93482 17997 57892 48573 23667 81399 18162 
77318 21397 34246 16545 60494 53009 43906 1001 30454 59559 6431 32651 98057 2818 63982 44180 27592 21557 38399 87600 29749 71636 60679 37103 81469 78675 94994 30041 
18694 76393 48202 96011 14141 98799 28907 90986 68159 72813 8338 14965 48723 31120 47615 63131 33937 11596 7310 77881 33152 45708 65480 79252 33695 26158 16354 15163 
4833 27699 45203 23526 20443 9756 35888 50935 24907 64794 58272 93065 53958 66610 8029 2681 97729 55643 65811 48018 83590 89473 25898 33093 51532 7729 12344 85227 
33886 45049 16741 55070 89100 78296 78595 25894 88051 30834 76829 12957 95628 35100 22374 65937 18061 30402 68617 15790 2397 50780 80159 2338 56604 6056 51783 24487 
13784 80478 9713 64021 25527 42806 19091 30978 21101 14037 56871 25503 61223 50051 54812 73202 1503 77185 39138 19563 23938 24107 51704 42686 91238 31862 61376 47841 
54269 13158 72327 84404 93635 98392 48425 35513 57549 83867 82842 78649 14255 39713 20503 75477 6115 75314 48678 7617 68850 4168 43532 9140 28274 11587 68177 19511 
43449 45904 83703 14069 75413 72381 98473 69048 87124 63249 20912 44672 63467 3754 39672 77721 59818 60175 69550 82284 51840 34579 89901 37042 55098 49784 62533 83371 
61370 47061 19233 21170 92965 19287 35239 68377 91668 50063 53776 78791 13311 74688 39815 93129 94793 79486 87201 54610 39660 56750 36893 7852 7681 43145 44893 62778 
9280 23777 62501 87002 70837 98085 8171 63801 17372 59761 32178 25391 26175 85953 20533 55837 76992 60347 48965 71784 39833 36166 42745 95844 9267 95990 20047 16947 
55486 81291 96077 81118 5067 74929 68119 75904 73013 92641 56056 90384 68754 4585 32126 94928 6890 52659 50765 83881 13005 16081 72017 69189 52246 31113 81385 77865 
43454 1431 11163 15292 99074 7239 96409 4140 82167 80879 96395 71532 89871 52451 61915 74976 57035 10393 69904 63924 63051 37020 64157 92407 53100 52525 61596 21698 
99989 59332 99562 43443 77114 10724 75086 76187 34315 87846 80327 32833 85076 93073 4364 74946 45523 82631 49922 18910 93023 36177 99185 56073 89548 79693 48479 58999 
32217 26426 80696 48558 2109 96609 92000 79223 23685 83437 55409 57999 71282 52087 90831 56357 45160 95195 47654 90682 94177 13927 25943 87199 50103 25128 59623 56002 
21172 24453 15001 53389 50879 12048 1946 52987 8657 10297 48561 32341 10085 3970 6691 81366 72408 97521 54074 17567 9067 18079 24601 3243 32006 50543 6793 98460 
92022 66415 54462 13194 90868 69462 82934 58098 81509 1231 27436 6517 27879 75997 55209 37963 96318 61899 35680 68725 75772 6105 86292 84838 24183 10892 4433 72540 
77786 11225 71000 86160 93992 25461 15705 84859 11274 98638 59308 9134 16220 86743 32003 60450 62739 87211 98412 59056 49110 50443 27781 41233 72899 30424 26070 97081 
57667 46854 69621 35452 58079 56972 37963 68422 98784 53667 53280 10057 52304 12587 35542 84875 99329 67544 45324 78420 54755 60087 53827 20216 10529 97959 61448 99779 
28382 3869 96860 2400 50723 82832 37852 25153 56155 92166 93574 54938 45833 63205 64994 14488 75791 535 99363 91471 68079 44686 86242 39185 21125 40069 75752 48005 
38027 37199 47784 82761 57419 60995 85160 8141 60178 39363 33293 16332 31529 43218 71269 77361 6422 52614 8200 82212 53148 7562 90035 37578 68600 92628 93114 89724 
32696 68865 37728 87075 22415 1863 86187 79834 62857 71346 4326 23034 27061 53971 55717 74941 97188 26985 68653 3610 79598 76852 2173 49098 84414 92207 3027 69365 
1187 12493 59088 33882 97709 13167 37308 20124 15030 23494 16309 94238 11192 20634 17272 38252 90956 72988 29544 88144 16325 98196 91753 12274 75047 10277 61371 59460 
18836 80750 28824 20022 93242 4263 53903 90950 33782 7563 27425 48811 31056 60085 59400 58599 97071 76671 13202 88026 66011 42745 76169 98687 40940 84273 10960 15987 
94550 88683 91798 13385 69432 36974 33406 79025 57588 3660 86326 91369 11222 30103 56531 58630 90187 15931 17228 87257 8953 46782 75283 91315 89526 67803 90001 46818 
52076 961 79156 62977 89643 70953 76361 75426 24278 9766 70802 98218 29777 57127 5938 40999 87229 62469 15980 93768 94751 49559 81024 20055 96340 72658 11370 85866 
40461 1370 49035 8888 18682 28190 71864 24676 15494 48224 101 56124 74341 70902 54341 4117 44381 60278 61467 47961 39098 93798 41728 33848 43357 39104 53903 39696 
11761 81624 41913 68573 82993 90947 93812 18027 19136 65675 42702 34630 30250 59155 90753 20942 46408 61445 41411 90788 21722 19229 38749 60820 13027 96828 11019 56383 
35931 64921 96078 64044 46544 37991 48968 45889 45289 42780 63915 64425 8454 22968 15406 55056 82122 22510 92349 28530 83954 33759 35669 5675 52988 74417 82846 82366 
71245 93865 38748 23527 75137 51177 87570 38033 5519 36538 83921 50808 95669 64187 31584 20474 3506 46989 75529 85628 69498 67878 30509 69803 17988 66177 91829 87327 
56946 74675 69692 44542 84891 8439 68068 60027 59616 71990 98059 65134 24879 98331 32293 20547 78869 63876 41020 98727 27216 32901 706 13065 17130 31214 82867 35117 
13742 74696 22444 70687 65722 92135 31580 50612 16926 16000 10638 76541 87989 25049 58026 29219 39731 6671 49765 34952 70546 7136 33678 14114 40036 34383 27178 57165 
81948 26397 8634 95689 1092 31077 82728 83165 39563 14307 33776 56488 30306 60765 49380 34646 85813 23758 63864 41896 30428 29980 93199 17325 37116 26876 31438 93503 
77610 58616 67020 59557 1364 75653 71597 18807 23081 54324 1971 78995 68631 35746 35483 15288 96510 84862 49934 98675 8619 30149 56922 55398 60129 50120 72723 13596 
76995 4160 23450 70956 79127 90469 30512 80490 82473 2108 99296 5553 56432 1266 84548 41414 53363 36382 56701 66225 37595 22986 64899 62566 53135 38172 17963 29615 
88291 90685 43210 81637 94845 66659 52592 90323 73480 99455 87165 55952 1562 86460 77857 74345 4078 78756 32110 73792 15137 88811 40016 52731 28148 21266 15296 81282 
59437 49611 27248 47727 40295 70457 45715 51491 53468 98306 41814 26947 97760 28978 82898 15674 31789 77106 90018 52218 55861 22128 26010 87349 27290 82377 56432 55437 
3643 88079 53071 63079 37689 96670 27158 77984 67127 72872 29474 36946 87530 87639 63892 1641 32968 63141 17314 81109 40247 7332 49678 96107 45811 75687 99808 89452 
74416 56239 61240 78058 44317 30662 57488 82006 27332 84645 59989 10810 73869 5814 47755 61398 9805 11646 63038 59124 91138 80352 40232 31384 4035 89910 43843 66197 
81948 43650 55648 56363 99888 16887 50772 60556 47549 8260 42561 91232 92904 18901 2041 83124 41067 49795 44521 50871 77792 23911 26346 68929 20614 66578 16665 24648 
72839 60507 7196 71138 20508 79195 43853 36747 96081 10976 97302 59981 19235 39863 67564 28491 75115 69604 11614 16181 35750 72487 83403 13541 96397 9749 98822 33362 
92678 15486 74361 81868 92344 81556 69357 12851 60750 29561 65949 73182 40537 63250 49515 59771 19464 17078 4613 10931 3034 32579 27111 38783 5065 10514 52324 17813 
36614 67497 51174 29291 82982 25534 27510 91677 23441 96866 20879 84190 26427 86827 73723 66963 66428 23237 43085 2244 56667 64050 13174 59700 96628 40284 98482 18044 
67149 67157 52208 20114 34653 19733 49404 33986 61618 93265 25662 85058 90131 62892 85599 16557 49718 75673 99871 32498 98910 59307 34741 71928 23356 47914 31627 19983 
4549 46460 54378 71698 13617 6585 91811 64621 42669 57567 98607 4286 50831 40620 5695 40961 3512 91293 73869 69581 83318 90091 2078 98579 49398 36818 70506 72753 
84731 2132 9088 89280 64943 79817 77329 78559 2754 85491 43180 45422 43057 58138 49708 10240 98757 55402 67552 18620 63047 57773 88201 46364 47863 6630 44942 13612 
43448 31799 2717 44530 50282 28156 50161 15224 7972 43841 93783 10725 29332 53314 56147 88740 27803 22206 98979 42911 93959 66531 61531 73357 40655 66083 19720 88517 
72712 81013 2129 16159 29163 4845 77041 79444 33000 43553 94668 57323 87394 4802 68048 16725 74467 40546 5464 2269 62751 20795 45179 73061 3677 23061 46418 44331 
89143 82489 49199 78207 63502 51327 10717 9016 72523 87757 88460 21874 31310 83127 79197 18703 4280 63596 51779 78746 4141 73594 97366 83243 10740 42544 56303 14416 
81957 2720 58746 87451 85209 24297 65657 65062 75623 76374 74077 64498 80482 78888 86371 11791 78366 81919 46845 82645 45514 14975 77742 66006 88569 75107 49248 99308 
34003 21903 30076 32311 40974 5173 19761 42534 29469 85418 23947 5092 78143 14376 85941 58624 93263 88663 86767 87981 70582 33611 86977 32447 48586 64719 98453 53506 
56177 64052 52813 6531 2306 99240 38841 43280 4413 58602 2165 33881 60371 26112 55324 38513 56839 41264 97136 50101 29927 83902 54433 508 33865 41410 32954 98802 
6128 47758 52307 78656 11810 21471 85187 14115 20711 24027 73746 25123 98980 75911 59003 59350 18374 30679 97862 75212 71942 11350 41664 18220 11603 96097 35079 45467 
37506 84385 44268 59985 32142 12926 38640 60303 34397 23826 74418 55107 64205 48163 96581 63184 40425 71935 22534 58798 2613 36747 34009 90907 64448 92025 9126 76051 
88121 44205 37869 41978 28589 98489 1962 77082 11414 40601 37385 45810 80779 28154 17268 61335 92668 13848 24518 33093 2135 63403 8242 4747 16502 58603 12005 80949 
50627 21131 73351 38747 81687 11220 80724 26627 26060 99037 3708 37473 55989 57444 83283 36767 85597 16902 98101 78265 30750 38971 11357 49236 2373 35950 70334 35226 
94552 82339 32527 45178 3469 5877 83924 1507 33448 80999 28133 59507 80035 48192 13332 52376 5636 96614 89142 91232 13515 3595 69496 60616 58917 97204 9851 77641 
33154 80185 12867 27705 78875 45393 72883 82343 67621 73158 201 17421 70509 28333 93279 66895 76524 6610 19270 82159 19575 24764 89743 49442 44710 59238 26409 3626 
72794 52612 81266 5947 49148 10484 50003 28022 72228 39237 26716 56201 28747 26916 89973 15607 55248 83251 82501 48123 6213 1771 46634 42139 42886 36376 91580 87595 
95613 34341 91220 68406 86952 88837 90704 36099 99321 57059 64120 71548 12647 90835 44100 41393 17750 34072 56999 89349 17323 55852 53823 39887 73974 456 98377 16859 
36831 6309 4453 32444 40649 12024 17201 27600 860 24257 80050 16532 97667 44169 4432 10313 51355 48531 68058 85456 82603 41408 91156 16277 97259 44978 72515 71232 
45434 70891 4442 82264 77199 25246 31059 17847 37269 48260 61798 54481 88868 41847 87364 86534 2367 91795 13198 70073 40326 81255 55528 39280 39015 46683 55556 36273 
8013 44422 23857 53446 15312 44650 35709 92511 69896 66768 26709 23516 31379 4859 77996 36598 46705 65360 23131 65424 73506 52680 35496 30183 50287 7376 69462 89301 
54058 41369 41925 78422 85790 82133 31867 17454 26783 83928 26316 96678 50695 53024 20193 98425 57882 14541 35022 20939 96252 74504 2714 86109 27183 38209 16292 77469 
45584 2105 83121 15994 59826 25046 94415 61967 7178 42634 79420 33960 26561 5735 46989 93607 75111 83534 92031 49344 14426 27052 70282 10677 17907 72995 96785 61441 
27556 29428 38910 89491 31533 22030 21836 91358 63427 16251 53324 70605 58884 49096 20916 1796 54830 84257 95402 29940 67790 87432 79284 98567 30835 65917 9243 48741 
55264 22379 10181 99171 51807 65442 88661 99691 3824 10497 7400 67250 43099 77075 54206 18334 26170 91474 20129 97352 75730 15530 27291 59871 2961 22926 58437 50147 
5195 84031 15239 60458 6409 41771 75980 74567 7213 64640 90609 27388 91488 98008 10989 34586 75083 81547 52919 17604 73020 73047 14955 65101 88576 58598 24971 7888 
97875 83407 58034 3069 67437 89624 79878 90197 31395 55857 81116 54959 36849 71724 98698 28336 69732 9686 62922 61166 7584 32192 78769 80603 5239 10076 62055 10166 
68673 87025 34406 82899 86783 8791 85968 70571 98415 82197 77120 29809 38054 58235 84767 74902 29958 83464 3237 16041 9501 82510 93558 17085 14702 88679 14039 36292 
98754 76094 62809 83778 79470 97214 66676 66253 6005 68995 36823 20771 51192 30294 50579 5597 88528 51697 80498 34838 51512 86 67230 77364 98948 60788 10800 30001 
65818 24839 66292 80923 17284 45452 81052 96753 42666 64079 63005 65022 33074 16180 85792 617 46473 52722 6213 51353 20770 3062 86190 88633 19499 69771 65996 18446 
46910 76796 48446 12727 17986 31089 93649 35269 76541 91052 32021 35558 55131 11378 579 88204 43909 2722 5172 6733 71795 11384 58085 92564 30797 60626 81196 50295 
30397 63543 68741 93658 56690 33538 6385 74675 64627 16385 26295 57519 7437 74668 93076 62567 86045 10006 67122 46305 29079 72293 53037 873 28 27474 9788 30824 
88099 7335 81118 34847 70877 66210 28505 27567 16100 51241 18593 80726 67625 44888 54596 91413 19555 64023 70331 21951 74028 53804 84607 19458 42448 53995 36682 42475 
81468 46469 89650 69567 53803 87120 20765 41031 69681 49269 84949 85780 509 3542 66505 84486 64781 37452 92250 687 1474 78933 38989 91853 32736 23595 11310 75184 
77589 47991 34010 59057 10811 40012 44975 64613 27131 65739 21996 96811 31360 6944 82591 31868 26837 65447 32705 91617 19251 24955 8655 20724 3887 47643 12577 52974 
87589 40238 28157 81530 88229 78519 56938 99039 18530 1912 80004 62012 84002 1999 75174 15361 25294 74116 63581 68483 39563 12637 76451 75165 37591 85106 95888 57829 
49100 24816 10803 36689 65054 55311 34570 69634 50181 91507 68672 68710 9770 65027 47073 93771 83377 22247 25484 25023 96362 5416 93505 52276 18052 69955 27440 71995 
71412 39680 29823 20512 64495 40625 73552 45900 12288 8121 15533 62468 15979 557 47530 25748 65583 94602 35870 65312 33200 77705 90334 45914 83120 190 14541 17524 
70144 58333 89518 57908 14364 35692 78419 78858 76317 68322 41110 4956 92794 56642 67423 8772 57198 14952 34519 39133 25906 86740 20796 75457 64445 27481 37722 63916 
27670 68615 97791 14165 26947 87308 72072 57662 23000 66842 36519 15668 35163 93980 36975 27956 50622 4397 36727 24171 35701 87597 79655 77958 90689 16802 53414 71485 
44282 7488 51752 88303 76102 49543 2468 19400 53202 90891 77061 92553 57733 29931 24572 9247 23911 61546 37203 90884 65943 90281 31406 17995 94230 27413 95952 84918 
44214 65717 72754 88496 73204 24505 93150 65657 90399 95617 1408 43601 2860 78468 36153 60592 24751 77077 69838 65013 38622 23392 72248 20916 30025 3653 38910 24254 
31065 34861 25523 75279 16930 98276 80126 6485 22780 73275 88494 13179 85244 89901 73131 4455 84721 25635 65046 9471 2711 51235 90835 41333 90979 63082 62248 21003 
83086 1158 45256 14151 52370 70778 5781 69299 85405 2258 92136 24536 91884 80629 54066 77127 70529 27196 81581 71601 52831 62978 97423 71893 30565 88257 13225 21543 
67690 91825 42545 50776 9334 87800 64926 61703 74929 70706 47354 76685 72963 39489 1220 81198 36469 55286 58325 23349 82481 56257 94950 51663 35587 92372 23556 66151 
80629 36780 87693 48318 28604 46589 99093 37937 50740 80370 15992 42020 67427 79697 18704 56741 35537 19923 37939 72005 75208 12615 95353 57689 68871 90302 25703 20809 
82674 49258 3311 79654 2390 7355 27971 47345 53943 43416 1634 4682 23785 17625 46701 91212 13673 65404 47952 49209 1679 85890 37565 76886 14856 32917 50926 83727 
39571 76629 20887 38596 42238 24198 18249 44627 31552 62571 91972 85495 5986 9957 6528 46123 43933 69581 37334 57605 51336 1637 6813 53014 3879 60729 46252 18734 
93645 97177 18812 49567 90157 56051 88162 48747 80248 6410 93373 28151 68981 1696 29997 91318 11652 36525 37440 55584 6105 91125 29540 73792 9114 52704 26806 29344 
13432 73057 64429 7077 86585 83241 72995 93094 55643 61157 41840 35890 83918 35212 80392 69250 53260 10389 60568 81263 46913 14359 53199 69369 5484 82738 43160 30949 
35442 86317 60292 48873 59373 24720 72301 62310 24312 45296 55403 79954 22804 97242 32195 6721 48805 12587 92323 2064 22975 52890 83327 86239 83600 36525 55607 5435 
35614 15118 36383 71055 1435 96674 36280 77159 37746 8580 39468 62057 70227 11222 42011 9382 8463 74205 32455 57268 3143 24777 75683 26117 94018 75361 12355 77617 
28237 84313 83052 63851 99431 35786 34905 17217 32460 87536 94375 70205 12468 50195 48613 82694 61416 6975 92076 86231 81180 40882 43498 674 65658 35532 26791 59675 
10893 55497 53643 39129 39810 53046 2979 55592 88832 54236 89160 37643 41771 99886 24199 54238 50080 72811 53284 27848 79786 61711 14078 77317 2592 73927 77990 84601 
9458 21132 60627 20350 76629 14269 59479 32790 67315 78809 4733 56146 33044 93892 10140 91167 93777 34338 61756 60209 7148 15039 88056 3285 93101 18485 80601 12044 
92411 74943 96644 18220 96074 57270 38570 89054 87891 14400 38195 55205 93208 59279 27702 42604 69522 37841 33770 63299 88530 95525 39859 12029 26916 44266 15314 36368 
62750 12266 48412 71512 87208 61407 89731 99634 18677 44652 5039 22919 75403 59586 94475 68611 18864 22176 11214 88386 76368 61335 68036 81249 56859 7894 93277 126 
68511 8590 36494 47612 20856 84905 35475 24415 46311 41557 24048 81339 86209 45439 4257 61611 5024 98731 46573 23887 37258 74138 28624 29977 35472 96659 11225 8683 
20904 4502 8808 89414 29443 45301 53377 50298 46557 88851 74713 92868 30408 15112 90558 16616 60550 11167 94578 65573 9897 57503 5812 63507 31640 34435 9835 67112 
31094 21060 75794 68349 41913 953 57763 71355 46254 11139 38005 92810 16342 12717 2029 46749 44180 92587 79716 4730 3753 90645 86654 30001 48147 8817 9859 79787 
43252 19694 63250 90697 57105 55395 59045 99017 56347 33159 70371 18952 60650 8375 28114 76991 37443 30142 40091 81623 39080 19806 2704 59184 10450 5709 89185 74949 
14526 15395 71087 57777 35088 50688 64825 92192 6082 40221 7560 78780 89732 94283 14084 50381 19009 42197 43723 56452 72338 165 54426 27770 19970 73481 86953 46771 
79189 92489 38071 93714 7884 9157 67842 59323 59844 49018 67867 82277 89239 75426 77409 78970 86060 91492 45702 5069 33688 89424 77872 22377 89588 32297 50146 25909 
22129 53451 89031 1317 45939 27102 11383 53822 36258 95576 29497 12454 44594 97363 94730 33832 89140 72138 12801 75200 63629 74854 80268 13668 64277 58139 52397 70216 
6787 18894 12476 45267 72344 1506 46583 18283 44959 74317 88456 97569 69893 17952 10022 30838 15314 4751 64669 4454 76889 93821 96005 56869 68674 76272 70537 49302 
50762 39285 35869 73900 58178 48344 19166 30522 66201 82100 48804 27512 72769 53611 25080 42661 71563 35101 89850 3228 39851 70870 24033 33091 64690 20037 6312 49715 
96308 76848 15368 63421 16132 67588 53672 90661 15931 72837 21182 98483 71289 86337 25994 44057 39948 51073 86717 27862 2525 92918 31089 58728 63787 55122 91818 44828 
75158 98129 10894 87818 91328 26261 67590 23811 93848 21262 14472 26130 94098 52005 40964 65386 38342 83310 9442 94641 50734 12510 38854 53259 5427 69942 11986 85565 
41415 20155 30392 16573 18284 41285 20742 25963 83897 88331 66126 77744 9592 80597 20225 20042 48953 61189 85427 3646 44498 11221 14638 11583 40082 53491 64841 45509 
23433 93178 31073 64847 13333 77817 97771 47968 19101 18512 73930 2998 6843 40055 97093 32786 37003 33670 52827 85956 11210 38254 5953 72059 65826 20591 83641 5907 
74081 48482 67767 97513 41659 15192 78712 54991 93008 76482 19310 28460 11346 93240 47809 34540 49646 61254 67325 3001 94923 20152 5308 6132 74757 11260 78190 40582 
31850 78182 62840 22283 26663 30607 19795 84674 45798 14858 56016 55157 7692 75326 83616 19037 68565 47777 53576 34562 9030 20900 37562 3952 57403 42869 26435 32159 
70481 20976 89092 2330 99157 51932 24612 42172 82538 60759 26845 44687 91968 82860 99843 99659 58185 99810 35047 43101 47586 4974 94015 56615 25874 31576 76918 83276 
90797 19704 31787 77629 57031 20878 79958 56188 72809 20922 98359 71698 98032 41555 16384 6351 40766 32578 22362 15303 32388 57408 58403 96325 62382 52417 52940 4607 
345 46209 4234 7493 82265 36020 85121 39295 73250 81430 95482 62410 18703 10192 50460 33086 68098 83195 39437 8864 15773 78150 24166 64512 35557 98920 60836 14290 
67689 30127 18896 68033 92688 39482 91877 74952 91853 93349 14246 65102 74778 26080 43864 9833 36271 94323 42918 20721 77517 98706 29584 9641 76855 53749 90504 28764 
52668 67692 43053 20356 14170 78301 4740 6857 17782 12968 98160 9634 6316 12406 91088 81094 38485 34951 90926 91107 45625 50195 11827 39493 48901 57762 49134 25755 
11510 39637 54518 80530 23680 13923 17237 37850 92223 38329 44706 26356 51296 42866 52341 57612 71623 43428 55057 26459 94730 45982 33917 40354 12528 45744 79847 61428 
19857 45332 3535 47719 1320 74404 28248 25000 88326 61836 62849 96900 164 7554 23255 51460 66771 75596 25423 38393 35375 80479 81203 30105 42812 15120 86810 55339 
77215 83008 33119 97071 28339 36653 44789 29659 11056 89388 54658 15734 51224 33858 12633 67739 57763 52240 35550 24534 44187 77324 79278 79561 57802 60481 9665 16965 
75600 12827 72304 52814 95834 5422 49884 24173 58426 11025 70183 85833 412 41192 1566 67987 75049 30551 52078 32811 82790 87627 57344 26976 64951 52974 22888 39104 
13454 48905 56069 89053 61731 44724 58218 57564 66497 24453 98088 24922 35477 68270 10754 52241 9461 28672 36579 861 59222 88656 33672 58363 92635 7367 1690 73937 
60340 24577 13040 73793 89833 85460 79197 51563 30183 53766 25479 13031 78219 39918 37952 30047 8188 65058 82287 34000 10081 18866 34861 69302 23873 68532 44016 16507 
92250 45705 90443 52590 86633 19835 42734 76466 5294 38283 44380 51829 92048 86210 64859 86618 26128 19163 16665 50667 572 15303 84666 10652 50520 35878 96305 74393 
20761 40320 90899 13011 2376 97694 65600 5360 33880 8333 98177 55525 62967 58909 23705 55015 45118 88564 57984 71245 24078 74648 21911 41001 89951 22929 51652 40470 
58806 47956 31214 79567 4627 38465 92577 23354 36158 74528 28713 86389 99212 43242 41913 62179 2150 65618 17193 47267 70533 91528 34864 10962 66176 73126 51962 72478 
96054 3613 29299 71212 67920 60513 67130 88898 98977 59706 12251 51486 50585 57315 37874 49796 556 96138 11974 2705 78107 45518 66324 48639 37046 1187 59600 19573 
74312 11561 92050 86718 31525 37700 57929 99444 98212 25058 88341 13540 1115 16943 65025 68051 74258 19250 17846 74813 31740 46172 93870 9846 8041 60193 58485 45086 
61379 34436 81010 52042 62349 73059 55111 93873 27111 29391 9669 25322 70800 14361 38862 71914 31304 20238 56316 21913 55840 74162 96725 87579 20333 6946 13776 44725 
67138 88612 89811 44868 23048 87172 13262 85396 76583 68372 95620 3693 97763 21640 29014 68562 36001 84227 56828 83656 20817 13143 5568 76656 3656 18644 80586 40340 
25590 10713 85065 9079 99325 91227 53947 22372 78398 67208 24119 54980 51931 36090 58672 49693 57730 4038 34607 10082 4616 91434 93737 25432 20928 15656 18439 24584 
50651 15376 64923 92592 26089 49987 1671 25413 41213 71969 64136 35963 55528 4606 90942 7458 57047 65966 73503 14776 70003 8109 41209 90970 15894 51297 16402 36821 
66952 51192 77756 33955 66568 59031 26546 9008 9017 44568 34420 66582 16536 14907 2544 88415 35864 9837 95873 92910 92154 85727 24038 78508 10187 65246 69478 26080 
32895 85879 79252 99846 53422 57008 33800 19989 32390 76698 45348 41406 21265 96119 24339 54153 11025 43234 42567 63240 69423 54791 72502 61576 56869 96539 40084 67055 
78136 9561 93134 11030 11791 88738 27228 65212 62097 77379 1553 94486 70428 46900 52243 8045 43019 76582 62197 70395 36167 21115 33635 5589 92258 22488 67165 49126 
19026 7248 16181 13513 16808 25666 40895 44950 14403 84474 10161 92851 78204 28065 87336 48632 74965 39579 56676 34335 16160 35224 4729 68678 72690 54715 74267 64947 
77202 41431 30425 12579 65030 62957 42444 98189 4974 83338 43138 35729 84163 69650 28579 62366 97715 15915 10997 72679 71845 84024 23365 4356 19247 44445 73033 91937 
99160 47299 73235 92713 5081 20011 5292 70110 99319 64087 68298 4293 63776 11435 40021 47938 97437 84951 10303 95151 865 37652 84181 72709 38027 7545 93416 57274 
51989 66449 65562 67500 13747 55148 60213 18828 91511 81856 5289 90829 45942 73587 95121 26069 1373 51493 74006 98809 36444 660 93959 53660 38311 94491 42721 76338 
2035 36136 49963 70376 2584 31876 37875 32683 3375 14439 51510 94885 12646 73150 85714 74939 46736 97186 1007 64461 48679 75012 63269 85122 75672 73580 55133 30334 
68070 97853 23023 86457 33989 89337 56832 52924 37564 11058 85606 40939 25497 53467 35823 38142 26617 37888 29433 89704 35074 30439 54164 104 21803 33785 1577 13826 
7364 56709 44159 91785 54562 83534 78241 4902 89222 51424 57825 26786 62482 59783 67724 4330 13249 19898 58823 56217 74138 88255 45921 9211 18694 84 9314 40496 
50220 10890 54321 57583 67598 14831 65720 38511 14716 43960 43412 3938 11736 17589 47075 74217 77371 31150 78546 6971 51047 53720 63188 25184 41975 9108 50746 77020 
25543 76411 33867 75763 87300 4539 49697 71250 35721 15416 26112 50437 75728 85876 70726 87463 3464 17800 78031 97186 48949 72928 4156 16347 26647 67343 57883 84973 
92802 8628 61992 18345 85039 12210 10459 88690 16748 60155 76291 68821 91923 2403 19257 67650 88278 6334 71464 8093 40485 49494 21630 5785 38773 25785 22131 65419 
9480 96365 66744 2281 4993 28735 20625 6383 40945 31083 11424 74044 7590 87715 42864 99512 90117 78472 83513 94746 1157 54976 19190 41641 20821 40819 47425 59593 
82955 85908 41363 92434 82272 8106 94715 87264 53193 31691 9998 10489 79126 21422 84532 86715 9136 43748 2578 15604 38571 86090 26701 39728 41065 62242 81368 78237 
3060 28793 54181 2366 14700 95543 94800 13323 20001 5866 587 73193 53908 26936 83681 33033 48357 84564 36099 73844 44663 38676 5799 83234 41117 32499 22961 98533 
94740 4328 76769 14151 49472 30949 16517 80523 42844 27668 93846 62844 33533 10784 36036 87440 37719 36068 36825 2428 20631 89275 76271 65294 44303 82070 64879 85419 
30920 87839 83952 42012 92166 77072 56162 57990 8021 72678 38512 67216 345 48709 30059 50229 59492 82446 54021 13563 18513 90845 15990 55495 96471 8612 37140 40773 
7033 2018 42544 37953 89856 42847 79964 98374 19918 52477 56363 44290 41507 11226 11505 58203 59935 41563 8432 35778 24008 62452 49340 58872 69648 81681 14367 82470 
6645 67858 23243 13677 69876 82138 67981 76083 24984 64296 90808 44901 33125 63522 89191 74631 91100 17047 32833 51034 58610 57616 3163 98969 20067 68855 74193 6066 
50535 4911 88536 73531 72768 28130 3560 58995 10267 87892 51430 35250 68540 42237 96502 1664 22111 2044 76294 13210 19091 25478 80595 94052 83094 83757 9372 3160 
52611 83564 25578 19498 4826 30465 93028 77594 74946 12939 52940 85212 831 20721 36813 69370 62958 49666 71033 1420 51710 63678 14629 87152 89155 11575 81203 72248 
95331 6926 91760 64294 6842 33689 83791 11667 64153 93170 5612 39098 6109 74904 40661 23291 95624 93825 92660 74933 43490 80044 76352 11551 60073 7332 98702 49227 
18906 96256 37827 14237 19534 45938 78530 26375 95978 78672 54393 60130 71841 60005 15579 94301 34908 72591 17591 30531 82767 26602 5464 26256 6645 98167 54159 66717 
5499 69212 32296 24404 81820 86474 54992 1353 32411 49873 44079 28388 44896 14823 4869 16737 74827 36799 27389 26086 25741 61332 72969 8507 87933 94784 51114 94578 
92950 5272 77646 14800 90836 26293 55556 72655 12766 10547 90359 45176 76772 50789 89915 21667 65611 11135 54755 40438 64285 82144 82875 90025 59827 72195 98531 47759 
66978 65997 58688 76280 71268 36334 91079 78455 62626 46634 51109 91744 73533 41467 53271 50304 8607 43186 88322 74218 70672 43077 31007 34957 41572 13881 41333 1398 
86076 56216 49156 69405 22212 24196 45684 9831 60529 36763 88286 39506 99748 39394 47601 89632 97213 872 39935 5819 60409 28257 80036 31080 87685 27394 82388 29256 
41275 23721 47005 43702 79936 96160 13106 2147 20355 75142 28329 97235 11904 16614 53093 28003 72360 693 17635 85924 1564 73921 91742 61972 18529 88130 9404 6213 
15523 91791 51820 73149 15511 98824 33202 11798 11336 46308 30296 48042 21449 58625 61629 49704 91590 14721 94058 63949 31765 11692 49872 49681 1965 57966 28004 20493 
62447 53759 26706 94321 45550 94877 83822 77412 93701 17023 5562 21388 79682 35857 69429 1130 10833 31057 67185 2423 62129 61243 82723 10246 89286 48947 76278 91250 
6912 20633 11743 85710 74392 54800 96382 36293 66028 80203 13704 59728 13578 19265 97467 93259 71474 66896 10741 82306 14304 94277 1080 92785 55519 83803 19382 61157 
32749 12011 52406 56012 32643 80500 41721 7034 51651 54454 43326 17679 51009 73382 93758 64586 8998 7577 57844 80471 90824 84936 79129 5127 79213 80208 14263 51083 
64010 49996 12239 13110 62006 80997 69121 94649 77848 27193 18034 29499 81647 77712 63529 32655 51093 73638 13592 60090 81214 71435 56913 72037 72723 36041 93516 51935 
16248 24130 3017 96610 74126 15256 9719 36131 12604 95192 47131 90451 38736 65165 36301 20382 42876 99829 69388 10320 89819 82979 70409 71032 70766 43673 59421 43488 
79713 52936 11774 12313 77065 14790 8922 67542 46397 34992 20025 59000 46535 67155 65803 85271 48671 2103 22004 7898 18284 91392 18217 8102 90722 4978 95485 77839 
48650 54905 37678 44715 7840 49451 57027 1257 80593 82300 68798 26989 33643 88822 2341 80178 72329 68143 65448 20999 86597 87451 45249 4880 95194 79817 29333 2268 
1146 41170 80106 66148 96074 17784 10862 20266 67234 67888 37874 47826 50187 6671 91167 83829 11845 93507 80358 84173 78001 45805 21523 80949 49608 83123 2181 61153 
62940 31513 63420 64085 72682 43526 30232 85108 61309 41093 21725 44894 25332 59598 9072 91870 66268 238 92051 94464 10096 72408 78636 4448 34565 16511 85396 84172 
99633 87576 45324 78924 35441 25096 43009 24474 68621 89592 9581 46281 47037 31305 91174 72368 7254 16597 80590 73522 16834 72640 84337 43281 45047 79325 47728 79611 
95835 49476 80134 11819 37051 25458 90743 88843 50553 50103 13317 35525 39694 39249 81805 3082 86906 89330 91802 94159 5927 72391 84032 39112 45030 68369 82393 6428 
47693 46472 86039 43527 95947 66172 71697 32998 7981 62439 21840 74885 12541 51508 10409 68587 90757 8565 88020 77662 97895 79821 71820 20173 68563 72204 59284 13592 
40572 41676 36372 88264 88148 22410 48142 84094 4933 19838 33443 12914 82277 71635 4150 11169 23142 14559 96107 30250 23123 84127 7911 37369 63947 96083 57541 48862 
68286 33177 62453 25209 74852 98824 13472 79351 37585 77965 79797 42518 97802 29591 71783 96430 1225 75932 23951 40719 6842 20057 70968 46317 20535 95231 83685 834 
91313 57578 49695 75950 90754 28499 1158 81957 27323 30981 61308 81259 8945 57456 40128 23098 87046 28262 35880 88271 20546 59830 45341 27387 96238 16308 73703 16773 
11538 73740 17606 19202 47669 83652 95151 38422 12150 12660 36730 55824 59992 14389 37083 68936 71844 93562 8386 75242 21824 44265 63512 42369 20446 25204 69755 16683 
41511 59810 49807 53049 49901 83764 72250 97569 67415 83753 52342 79565 96412 89071 35388 56404 3460 88822 41691 91655 82384 66428 66896 4207 10692 46759 62927 47489 
71962 32681 80524 13473 8842 30330 82873 75094 30446 55122 72662 97860 55226 41355 77424 51638 30426 29164 24393 50237 17985 82435 41891 368 48863 25139 20926 75906 
71897 83852 23395 43859 32885 20270 73683 58078 50599 56555 33172 81044 28028 22185 95256 83254 63540 89031 51243 10317 18194 75635 60553 52531 74421 18795 52898 23283 
43933 90176 15541 32182 90379 38935 92392 23263 59204 66074 97693 26154 38980 30864 23550 67007 53048 18805 66612 16587 7835 17854 26903 42381 9840 3807 94911 84261 
38954 64160 23895 82886 54335 39435 31419 44714 94721 23810 84328 70276 6235 82020 96430 45214 12883 36331 28573 82283 55135 11536 98869 79321 29390 42124 21701 55581 
45930 16611 39841 1235 80771 80088 84121 51457 19522 31891 96170 30595 55701 96850 870 78287 78869 13651 39853 8104 49981 68425 90386 21467 79960 5606 17140 25701 
64081 38840 81282 26363 71803 37474 27597 68925 17561 28069 20381 53435 59960 32903 84029 32012 29752 1250 10298 24972 14901 66502 49427 81233 34926 56164 2700 31238 
61770 19839 73290 42202 75030 54571 68564 46832 8397 12513 15756 42309 40581 52489 95743 16892 85391 96123 48903 31494 13725 75553 56465 28625 42054 5892 26209 93332 
62055 45260 40921 40176 81450 14210 82378 56480 68781 67293 19663 93529 79805 51771 35837 20386 4259 47932 53629 6001 60406 2532 37494 74130 94436 93958 19106 36489 
16201 45315 46172 78256 90574 87092 34783 72024 1302 17160 44855 86434 805 80869 79962 80609 32639 32150 17346 53249 80081 70975 59249 56839 89858 96742 47320 84293 
7052 66426 37133 23252 28092 83305 17859 35017 70396 52642 23392 71697 86153 68246 58130 86957 49115 54443 67566 98105 86593 1263 51354 83025 72237 10602 39863 78446 
23696 87183 62738 47099 69960 99871 70350 98051 83175 4561 49419 53570 57202 72811 41619 59706 57408 99748 46663 6522 54191 30580 20979 57135 31842 72332 40159 20431 
99285 96374 98876 39332 83556 61614 86430 69867 77836 73132 84269 77362 77692 33687 47283 51245 6497 88901 10950 63905 5001 73964 86778 75543 4543 7756 32677 36385 
80087 72835 56815 95724 85560 72042 35055 69115 33655 21485 55333 27842 94616 39601 5203 88659 73288 52486 56255 96136 57738 67204 60040 62738 41168 46818 54632 62062 
70925 87308 98446 51012 76495 71612 63087 62054 43654 98141 47521 93660 19625 2853 37854 30592 42454 43056 19250 32093 11893 75504 28228 69631 59060 4620 48720 16579 
51437 3352 78640 38713 7011 93438 6076 83505 81401 69162 61911 41406 67303 9431 35066 3279 12283 72919 33871 71088 32326 69472 19532 44219 44976 47760 30201 20387 
68731 95272 36965 36519 14975 31956 75231 21986 25393 81307 5490 23146 50468 67400 64551 34122 93182 15968 37401 21817 88886 71271 9256 37564 40742 28788 98134 2069 
92899 44686 22455 61629 39957 59419 98147 54932 7727 73377 76917 49471 71035 98758 72616 21503 82510 37167 55624 75691 53134 9376 97507 58372 80646 6763 95935 37740 
35550 10420 39808 44800 55105 62263 6428 95061 38033 20926 66344 45759 94302 43260 95230 81689 58370 67845 3191 40879 21363 75166 16569 74497 84542 30428 32868 81539 
37190 45154 19278 89091 55573 59086 33890 10677 37700 56669 22089 75732 77594 88433 37843 88247 48044 49424 69935 22765 33620 89477 63643 54983 80995 96564 45831 81888 
26991 95050 63426 64180 56555 82704 69622 28479 58141 3511 39155 95840 60179 77595 87923 54124 82379 42117 42370 46775 7892 28657 69539 41512 34485 49534 12846 15479 
46097 75028 97366 73087 70077 77144 53618 42983 76199 23239 71461 50691 43101 26967 46530 19631 4561 50804 73754 3292 9273 32475 50066 17164 77483 35956 58675 11968 
85489 87872 43798 31585 62899 41164 21023 49327 34659 74640 92309 10857 14230 80121 61547 73682 7087 24428 93312 11648 91583 83417 31291 855 15892 81356 18019 9726 
17311 93045 21693 2800 97269 65491 50736 76519 23006 71759 25846 74016 62750 34506 1224 93332 14627 62770 67013 21713 3549 60325 49712 11483 43741 97354 12338 75984 
78709 46708 85710 12372 56104 23754 31523 69724 5596 98610 46243 44953 86720 88440 18968 49470 39297 20191 59153 53923 99312 26165 91988 19212 2841 58051 30695 62934 
55405 59384 55269 50465 22443 57330 79188 94898 81084 27062 64622 3031 25672 10864 47984 12391 15655 66951 78212 54951 3494 37364 25226 2805 79881 33565 38369 99073 
91615 69063 62006 63371 44798 33627 30188 67240 90956 9375 62137 88391 52789 43110 91422 78460 70325 55757 90850 85979 39059 85414 40930 42552 22777 82507 61709 19009 
16071 77 18082 24037 85491 96439 87408 30288 30065 33947 13879 37373 43321 76015 25763 12461 19125 33536 90920 89449 5644 98122 91780 44703 83535 49061 3606 6311 
31567 81666 41672 63989 81742 59753 88025 83584 56191 91784 13871 86256 25730 27749 39980 85403 20116 82094 97863 55592 15630 88783 61392 37625 86904 53171 98679 86790 
2231 2285 9452 50149 83950 51123 14137 82044 10875 2162 65627 67066 93945 95850 69673 36027 23598 9652 21429 60065 91745 19291 15656 23726 24425 77048 77703 27680 
46570 76381 14469 65153 78665 23921 15301 78967 75043 45790 61010 85918 64303 26636 69335 74599 22485 55359 10625 62435 81362 32053 38851 89458 67696 54507 29536 92120 
47906 7238 19800 94475 83618 50620 75979 78635 74540 7632 57601 65935 53421 34962 68204 34075 77949 37538 8673 16786 9248 19298 79220 90609 67702 18070 96418 51749 
88928 25953 60221 53185 49542 96372 64012 33160 46991 39990 28146 37883 47621 2098 3817 17393 37059 72020 51467 15007 25909 60140 31792 35156 95789 27363 42116 79842 
61785 38533 31591 67064 80838 91811 20249 30379 88182 84260 79890 35172 24249 8035 73054 88222 26484 93222 21966 63542 65241 73433 94901 7501 49924 43044 42656 62064 
70407 1123 41905 48543 56008 73495 15606 36845 81657 35854 83575 86190 36465 63465 21362 77066 87851 10767 65287 14335 20341 87252 94228 85581 77036 89128 9434 26959 
48524 52089 89022 18930 69564 47279 83824 25571 20773 99429 78767 18782 51635 62341 4971 88099 42157 42684 81516 30008 69803 46802 60694 90143 50406 54921 92075 27441 
60401 1508 54400 8924 69949 59773 27853 55864 7051 28028 97786 44176 43808 76552 62957 11794 55244 84279 16245 97401 26963 97760 43760 13117 44562 4453 19611 94967 
59373 11685 38759 19773 29545 9510 28696 99493 69283 72900 55356 92685 17279 53141 36860 61087 46044 16168 72880 17639 16799 89124 15039 43761 86884 75150 73229 47797 
79602 92839 59115 55327 4523 97873 75099 50419 7383 20147 49911 76665 9398 21618 69349 26677 91110 22561 87763 37153 38728 76994 54792 55526 66118 86182 15638 69353 
61332 5218 17149 57285 98056 76263 12611 18931 74135 4062 69349 81517 40560 35612 74533 49957 57229 60234 92985 48339 82794 80747 1843 37873 57741 72986 9751 40210 
59168 41740 9562 36851 46958 26710 10487 61365 2972 39450 80295 93458 43511 65996 74975 422 1607 49507 66730 75187 26092 59715 39877 8885 56813 58072 46758 30905 
31057 72860 71114 6576 14599 97027 59778 61556 40088 70265 22921 43059 9714 19567 52869 69576 85562 27843 69997 3520 93701 53078 95059 19793 12792 51287 45029 85957 
9358 8138 16861 56767 80997 4327 63342 95596 17705 23120 57151 57793 9736 96423 851 19449 15990 53719 5376 17903 97913 75372 37775 7966 44801 32833 44110 57593 
84119 89138 43549 9829 97276 76761 66595 78272 97439 29936 90219 15144 69407 47370 72936 79142 43792 90138 14942 76133 60209 20317 94036 74473 12040 31810 82438 56841 
80994 26547 30785 65112 32037 90685 91292 45664 67445 57886 40287 81236 4174 30506 96379 89932 77875 69314 85426 38018 59451 367 30503 36011 37036 24538 10484 49075 
56347 92921 22267 37340 35820 53051 18803 67856 43735 10095 29871 27532 84332 70157 8767 4857 662 5145 94789 94888 90810 80214 32906 66612 96932 63408 2623 33967 
4297 13106 99394 76995 22378 21660 30686 58197 91063 65840 42404 34797 92286 72274 78680 76618 58783 87446 81474 59444 8942 92614 54332 99751 89179 3589 66363 86111 
83348 85337 36429 3996 98442 35822 80990 37171 73834 11675 11720 64896 93866 54123 99692 86152 42749 78372 79121 1531 82169 60594 77326 91111 69560 48009 90861 58738 
51597 73575 44848 51296 58911 81277 55291 73704 33450 36280 10875 7283 64306 22594 72178 74524 93068 88222 60675 52168 82945 39795 70050 65113 16740 47376 56223 86299 
95384 63436 61389 63333 37010 22588 14628 95921 3864 86271 69624 53666 38902 96850 60948 19560 19443 33126 94083 28863 37699 54757 81030 20643 94551 51080 85755 27642 
14807 41978 30293 26542 5413 91681 89874 58774 14268 20854 54694 34484 7124 40670 88149 46025 37519 65448 65584 73314 98573 59666 2176 36271 30774 83205 73265 41676 
50636 59020 69318 65442 17349 15962 91984 39113 7642 98209 97886 38261 19062 52580 72744 26185 9601 77244 88562 47119 42692 70497 36784 41264 46515 38959 93887 77288 
22164 83503 35316 72799 42522 20985 54593 59870 36946 46576 98982 60939 44784 96868 99199 80198 65799 71943 22734 91751 49186 11295 55221 91877 98144 92005 49493 44658 
30963 59731 38297 69478 59585 89964 58629 2107 10948 13221 78328 64245 76148 93662 25183 37283 90529 24382 17480 72679 12676 56566 64429 78213 67860 36001 86442 82355 
28005 52286 43364 58968 28368 98013 44797 87952 87976 3425 90058 98924 32997 68386 79520 9144 62047 4703 62779 68927 29084 96610 57957 58111 53175 38737 36323 37387 
74737 22764 19741 2742 75049 63105 78061 3416 61117 22857 91368 49092 42634 97777 64367 75630 82514 43887 1126 44560 64941 63904 29838 10376 60513 4146 68486 13688 
42882 4808 51074 33971 27572 70814 53064 18972 50270 31124 22388 27738 70332 30107 93182 12965 27883 73900 4947 10397 17786 6072 71308 99078 69975 17498 9453 30487 
21643 77938 60526 80877 82746 11599 14847 26669 98765 67910 45640 65386 15385 84379 93124 85716 14485 2657 15033 42368 76556 36331 69116 10694 42402 40423 9771 12376 
57920 19224 59214 95915 97161 36092 76791 96258 64042 7989 39278 62806 75898 84918 44544 7634 85648 54019 93349 133 56675 24733 58852 33230 61063 44319 43923 19816 
84741 53694 48543 59013 89269 7757 54927 2781 60200 48069 99039 24241 56057 38316 87047 31954 39585 47942 39587 25233 1960 49287 41717 58634 90372 16920 91863 67786 
61238 35786 87602 62330 5831 36144 37694 95099 60252 92620 97879 20451 40688 13269 44692 96744 51585 48090 45049 7521 96031 987 49105 14342 66626 7173 72975 56997 
24092 81189 24782 1681 16974 28735 80363 39156 64879 18056 34254 25130 10676 48485 61933 67715 61753 22976 80811 29689 71065 25859 53562 83447 43198 2666 97788 9823 
9839 87114 66819 50282 68302 7952 68315 1628 36687 48677 40783 17917 83084 91389 59398 10111 56225 21330 77826 17977 44305 74988 64018 31721 846 17579 31519 44043 
20244 29306 53865 46434 32771 37035 13068 1073 44987 81382 19052 98025 46410 76186 15941 29493 67574 75338 39604 23798 13020 33781 58127 73676 8768 22144 5397 25965 
39722 36915 70008 76317 82573 40224 39103 15343 93611 52170 32767 38597 49903 51818 52973 96312 28004 68913 25804 11929 60602 81759 52079 89973 15539 26557 63649 40658 
48700 85397 66623 4773 22311 52982 97441 21235 93205 36543 52930 86815 88712 2048 41763 38614 70218 11087 51277 98221 96351 93433 26501 56953 75191 94931 46925 7082 
21487 10573 47739 70186 95969 14361 91310 34632 67342 88751 72218 76899 25293 41499 80065 30357 43547 38180 85322 13764 49266 52951 28336 45617 46383 54836 18921 37925 
66119 82197 61358 87605 9122 9097 74143 5090 39809 65452 56073 23503 70554 44643 16753 12199 86141 13169 58907 29687 51348 44228 43450 16966 97178 88137 62582 59912 
59325 97854 97837 25443 80050 59194 13047 89171 84642 87189 10613 40803 68993 83037 80657 39546 27679 97409 68096 13820 10577 27002 59858 61925 87582 3308 95242 84759 
7796 57823 61023 67120 72028 58859 92562 52077 34404 21961 41248 35398 25501 51860 76200 94493 34896 56856 50391 78927 54264 18486 92746 81192 61840 52603 59468 49421 
72262 54709 50531 80058 28883 11553 63529 910 86763 56091 52987 37519 78051 10586 72916 19903 62445 49115 14396 13692 22322 81138 8970 76585 15975 1715 74128 77814 
70670 33596 27234 59283 4656 94117 55692 33539 5669 19221 34448 8784 91663 3786 46302 86065 14371 19217 5967 93167 84683 36714 23211 7004 17851 32180 99940 50178 
50247 74067 27991 37268 24014 71577 96550 28670 82045 68594 78560 4065 4166 13007 12848 95828 33145 59149 98244 63867 94717 4210 57034 79399 57276 96596 86402 91478 
45127 86341 41655 95373 76760 85998 32640 773 57574 45542 45794 55970 14135 24353 60034 18300 53712 72882 30479 86856 48382 28722 67074 43099 49283 40459 22497 6558 
37054 25251 98036 82181 27943 56042 93905 4702 42039 26545 21827 15964 88438 67620 71933 2572 91973 31967 37223 62036 21200 67701 48891 69581 12774 32316 12679 62056 
72775 51528 84966 9828 93130 99353 8360 21072 55394 2265 25774 13785 45161 47600 29748 33598 31571 18033 52521 39895 49999 6095 1930 71198 90147 67172 57130 2920 
99488 86161 81327 72262 54040 66292 98441 47169 65644 6801 68240 37390 9065 10365 51174 70577 74316 80921 4174 5887 98953 73046 45781 65303 79140 64063 52852 69286 
31234 26334 88557 30721 12494 69883 19334 66533 36175 17775 30053 18170 24575 14644 71911 49991 25009 23084 20567 99324 20357 41092 21562 35661 30489 83695 17316 9628 
47757 86519 95265 95342 12852 83821 42415 41697 70055 61748 8229 22581 95874 54633 40751 20448 69277 29013 86790 10637 68449 23708 9960 5157 81151 47874 40817 11639 
47920 74484 37618 12028 61003 32882 23721 73854 33054 66135 15551 3109 44235 40131 25689 40108 11116 82791 76908 80392 28156 63697 91028 96604 87405 17339 1760 68555 
81564 58928 96546 29483 33412 34163 57862 94414 83397 81583 84619 16450 47717 16521 35910 8303 73004 77951 48411 84119 60741 25318 80862 88896 5366 88241 1851 9122 
5579 3610 94029 3495 62538 90574 49329 12301 24736 7191 6714 8132 5125 7684 40934 52841 40557 76843 61144 13560 54793 25906 14030 31886 51223 94891 37133 56588 
83131 38984 82062 5061 58945 76090 8555 37834 66663 74236 50134 91398 81426 73199 15882 86550 80883 56815 55742 21439 50009 33237 51350 4802 59142 65379 53039 26716 
76621 90171 99656 76103 45506 81717 97515 4451 57806 22422 42284 24468 96657 92418 32217 78082 81968 64450 80983 62850 37616 53076 640 87625 86313 68341 8778 61806 
50071 61816 88522 43043 51986 4529 19145 13844 86245 33012 18294 60402 55433 76929 1221 52089 85698 49789 46522 67666 14239 43856 46867 51854 96931 63859 55830 83243 
32199 64607 45049 82270 26422 49922 25312 94760 54450 60809 8603 40694 93820 43248 17447 65604 36528 18667 34044 22226 68455 80565 89891 82693 24420 53109 50899 21350 
16967 6728 20945 49166 87687 65993 47787 14108 32266 89450 25219 86715 66610 50173 43760 76781 93420 61206 42384 46300 96224 76427 68525 64678 73343 74767 47371 97762 
27875 14621 35464 61194 37700 56408 26711 25386 38752 74497 55846 87369 63946 81064 90435 46908 47589 50546 23688 57360 11751 66072 3659 24326 58850 72183 89003 32193 
63301 52725 46306 7528 67345 98121 68721 5045 70880 95431 30430 9631 86279 2627 13351 66576 43 3785 13483 47631 54330 37171 4990 82432 19594 8649 6757 78443 
97183 95760 26987 76836 48484 89645 84363 32181 87765 69435 53577 58645 81217 358 84627 67495 2985 97978 34070 3027 18114 47553 50657 72444 1075 71998 54875 20668 
80646 77984 15462 94181 90095 42449 87368 54930 32093 71730 87110 36209 57516 40686 94853 38732 41044 79480 6226 60380 93809 40295 63406 11922 4199 14062 84365 5273 
86059 55592 25940 83057 49927 57754 93589 40021 202 80956 94950 48646 69037 98412 84854 42904 55449 96059 81635 12844 75538 4212 73223 85698 44506 36628 97619 65057 
67041 98336 70329 69452 70279 12621 52508 20205 86726 62448 76577 3279 59755 87878 51924 28791 86289 53129 88046 58090 49187 69680 70933 41076 73891 60508 26773 34748 
13487 40744 16156 80528 39079 2837 49979 9357 15457 18838 45913 18534 81285 22489 21812 57391 10366 90087 86181 13007 43215 90578 87448 8754 60257 74732 66181 50499 
35239 9306 1598 48726 50049 17754 45605 5479 20590 11935 31187 52398 30772 77099 70931 28408 15939 92742 85798 26304 82828 88330 55662 42394 78907 59461 51147 55515 
34193 33680 6013 85783 42985 23962 50860 9385 41715 96464 14863 62304 8398 46049 31053 55521 23147 1983 83928 55437 11076 69725 98092 93903 74406 53754 52649 53312 
13214 20147 25178 63758 53826 47542 49541 96810 71504 400 6194 13218 96864 37408 91874 21613 83456 39278 77134 22954 41261 61061 78390 68688 47138 76482 62591 37895 
46587 15239 7559 59800 51737 32736 23558 5563 80278 89450 18724 68133 89849 41270 97702 86712 78677 5927 24677 62133 45205 1810 1438 2817 79222 79828 71504 42711 
72661 50446 80606 19247 82036 88164 95398 33773 37251 35307 39335 17528 24756 74410 85660 14605 15679 83362 17668 94356 89288 42344 72840 50844 60505 74277 53660 39727 
70456 25164 82437 43116 75609 79394 78714 57645 67557 74112 91417 4808 9418 47103 38687 34174 21512 40699 65130 37191 40412 99149 47898 46051 57845 37089 96895 18349 
11365 50554 74427 98173 92069 73216 57640 84030 52609 36354 58026 36518 10465 65794 41325 36234 12896 96363 86759 50759 37061 51888 4301 77472 67389 52198 23523 25233 
5638 36769 59933 33355 3674 34360 31527 95743 7575 89166 79772 60183 41871 54149 96700 68687 19942 54376 4921 49189 50739 91679 99947 4151 59919 4248 97975 27307 
72797 21497 68891 78435 74617 28823 28141 78290 63182 59667 74032 70756 65184 70155 47291 7055 24303 60342 92093 60596 14718 97013 9784 81808 5044 9731 85958 64962 
30330 83932 8620 19478 21780 93862 14264 12748 22684 42404 91038 2218 18422 81421 89325 83606 51576 36615 7012 92230 96957 99104 69178 28026 12469 78961 9833 17512 
5043 12142 82473 51724 12426 7444 87554 34205 1305 1817 46953 40340 60573 54342 42557 78994 35762 31882 78951 3689 84848 2314 95919 81804 17770 81448 9829 30238 
60408 36013 47749 81803 48155 46573 33526 60580 70368 21079 11136 71672 39248 74440 12011 99820 28781 70920 95165 64543 2801 74116 68231 87648 76429 80501 85804 94198 
61948 11984 40787 38708 47997 4887 20510 12503 51459 70387 89434 21826 7818 16921 9849 47065 91361 38212 63236 36493 9131 58400 1035 28283 48867 85618 15930 25296 
82470 18085 35845 60770 30069 92984 99477 94417 97870 36338 6919 49329 6724 12704 87506 14541 29624 13707 77957 20984 51918 41192 73829 77400 15944 74863 5682 64810 
76832 37963 6457 59302 56048 58654 20071 2468 51637 35899 96884 65858 72236 20154 31538 95311 49209 19044 26204 78832 49102 4160 16168 17371 61704 89996 94770 93999 
81210 16803 58808 58042 71117 81617 33695 43516 40270 70117 45983 8258 6015 59218 74115 94602 95723 5653 6264 44931 41048 32467 40115 90149 52979 56282 23871 31034 
62629 18640 25032 43838 51794 191 18231 39262 81807 51925 82778 38428 38393 45112 46685 60759 20682 20800 55360 16404 42804 61624 77687 203 10442 17801 6703 79772 
90434 30573 10805 53062 65564 52188 96899 17357 52379 31482 56618 50537 83406 55747 88965 21799 859 35649 82557 37892 72800 54269 70647 31955 32244 48333 32157 42685 
82485 38859 22457 89270 69431 49613 58683 34994 1801 71934 68702 70531 3415 41672 21067 86820 97418 26383 24970 14628 78384 23879 52519 67535 78147 23166 99490 26742 
87850 47998 69426 70335 3209 8234 75956 88991 74199 34639 40337 92351 6572 9038 62881 9986 67061 299 13157 64479 26682 54479 79106 21417 78357 47977 88951 56503 
71142 4792 99596 75343 52790 69021 62029 72350 93607 37985 61340 84157 72623 1676 76507 95546 27066 55739 21883 94126 56037 35039 58604 99070 89517 54062 20486 67873 
18390 25789 40727 5883 30580 40322 81225 99721 25695 43254 72070 35653 81238 49762 19809 70212 51437 96315 82109 78502 52053 3991 88980 24441 39029 63935 39863 44898 
34348 60348 29122 52737 2488 86201 58619 49420 42874 56196 49140 68568 99449 37562 20572 97038 87323 40380 83601 55111 53046 65709 49965 21450 69699 38944 45891 25079 
2878 85753 69976 37226 62452 15450 6314 81292 1650 81285 30711 44523 37480 96202 29443 53280 33763 50014 50317 37437 6746 33917 92548 59791 15977 42512 97593 85675 
81455 59835 27105 684 61939 13433 54261 24390 28882 60575 22033 30531 58211 52743 91405 12042 48945 20847 65321 99059 87213 31989 36496 93958 82257 29043 70100 98233 
87906 67692 259 85712 27526 27363 86395 89464 40795 57008 30206 86028 33934 52238 16558 92144 21333 7963 4185 70277 45161 69505 85687 32373 1493 22182 26330 101 
51224 12782 98333 55481 80473 98591 41192 24351 42305 27587 30166 83100 84594 76723 69127 18527 45313 2037 27022 66645 26351 31206 53273 87863 17062 38959 20236 34906 
61141 62917 35006 28716 75698 49690 84197 72523 48280 25388 13225 6936 69326 43390 90035 70271 20113 75514 5149 65425 93902 32170 48421 36604 79727 1693 24466 96788 
57003 44701 48045 18143 23970 99402 63211 99667 49091 63759 88541 13722 5498 1765 20658 91176 45155 27044 61446 81619 18909 66595 63395 12810 15116 11815 65765 94843 
29859 90231 7982 86861 51283 72379 21356 75252 71780 918 74919 37223 64676 63459 50944 86525 81576 87953 77700 26730 14997 55498 24700 50257 38444 4446 79419 53559 
16260 45183 64753 46118 35413 89087 49330 86696 77817 70685 61947 65948 71602 53217 3170 52629 33028 70466 39154 14603 58418 33205 57684 89766 88702 98735 40023 43497 
3180 35793 13408 19439 80975 94512 81908 32740 83598 47589 35787 61414 18274 14085 27362 6227 67302 46883 58856 16681 17348 14361 31283 75766 63917 5318 81883 52619 
4052 38257 12467 23583 74049 25874 59373 55024 20386 41280 4115 20335 88868 39901 98101 23493 53985 25462 29720 37638 88696 4927 54318 6044 19287 1952 98161 83203 
23621 80043 52173 44024 34652 64640 67606 8700 6865 26978 80075 27250 84609 84189 47585 89829 40441 45685 29673 94426 87498 59392 48415 92545 80670 19085 98588 99956 
21036 13100 99511 61009 9495 68035 5032 44146 49026 72638 52845 55891 15967 32920 99492 16928 33460 63428 6756 73901 25464 36428 84678 29313 12172 33092 21858 92841 
52176 36797 9149 89564 49897 25011 66924 59391 93045 71955 3536 58423 60944 56380 30665 76911 5651 46508 10190 39111 9936 16945 29363 51751 69724 14040 81064 81895 
63483 2921 91088 32011 39717 236 21574 89613 41598 4849 65355 50994 76803 68890 9416 54099 41622 56432 47361 47272 2940 57550 2734 29227 74494 32096 80977 60569 
46135 62040 42464 25970 81312 49903 57980 21029 66490 95905 26993 8087 753 8700 59080 77555 77589 84848 48005 19210 41279 95365 82834 60570 52914 85567 89796 27407 
34015 70773 87976 96501 49164 46791 22470 30476 96693 80449 67856 79534 76353 11200 87620 93457 19899 63051 71012 97488 47898 19016 33049 5529 30733 32234 66098 83646 
17801 72246 27405 68167 43018 15380 64667 92181 78522 87137 22656 91566 83937 90511 71099 60290 1711 75070 53746 21609 38120 41109 35448 2370 76477 84849 24250 7209 
17082 90347 90854 51234 62592 18258 19400 21961 49989 84067 14142 44862 87555 53149 52779 71491 60012 40229 48132 78074 15298 1878 16034 69770 59338 67834 72139 52166 
52682 96388 59374 69763 3086 66580 20997 82030 1189 56748 3990 67530 57166 34483 28743 44720 3984 81522 16211 63995 21750 64342 58420 53400 82571 74453 23169 58261 
42286 95307 10426 11319 8046 86152 81082 11131 69083 18430 9512 86623 91529 13502 54152 48695 64336 99247 93414 68319 97120 25976 48665 18869 6670 7084 72268 89240 
97889 11788 63852 56526 7094 74278 67845 15139 76781 65278 42622 45863 83707 52133 32485 75235 81986 2989 23929 62674 18587 33695 30992 15706 59670 96009 50926 66339 
19444 39546 71931 17332 51333 35782 73858 58427 26411 41702 89917 3191 23331 48890 65405 7037 1023 14242 98623 99360 33582 38904 62033 52168 88950 9377 84225 48619 
5385 35150 31310 24828 74695 19592 58512 26028 71725 48721 806 14488 90422 90722 34030 13752 55964 99435 37140 73338 30028 52114 72697 63609 7369 51082 32128 96318 
60458 16352 61289 82194 67853 92598 23373 42548 28541 81884 84927 16617 30604 85732 31104 37377 92805 65134 67480 48768 64568 20971 38457 10947 89437 11154 74555 96805 
78587 23034 93123 55396 55737 54411 37589 23589 63360 77313 82488 91900 75549 67414 8516 22504 53145 55972 59881 62302 21105 43712 27421 85672 81035 65878 96618 70471 
93383 87524 67275 71969 26909 60397 27364 82645 14807 81304 6233 94518 74968 88721 2769 50516 72486 27637 73020 41983 83608 49252 4284 4712 92963 48056 6735 90349 
13933 19704 60819 7315 23579 28094 95635 50487 4842 39350 33131 36001 37005 55715 30518 11973 60787 33287 62488 33273 60923 51859 75255 44530 1110 95890 65593 10425 
43945 72327 773 74230 92030 77944 81544 31960 22389 93531 82446 27230 32880 15576 63230 86237 87642 10100 98209 48429 43386 77048 98053 20660 28907 89659 81541 30016 
1900 47133 56792 45844 35811 73917 36425 44192 51860 17969 76151 74248 27851 58596 1477 77082 90523 81059 63318 94516 91158 61526 42944 50895 54926 57348 87906 83832 
47006 85798 30199 48905 32930 3343 11101 85092 77259 47525 29283 29118 81845 21785 19717 26047 96732 37545 3129 87254 18603 66446 81769 26112 44324 41065 93358 99249 
98412 97615 99432 61770 83412 29630 27026 32693 32972 38126 17784 10230 2003 63418 55699 83847 85202 75415 9894 81933 12960 29374 85538 47914 12171 83659 90378 56494 
24723 87 72094 39486 97702 71525 17607 81113 1155 44633 13806 50478 99110 47941 77060 1112 11359 49110 1311 12912 24525 27556 11197 53836 56929 96734 18101 69099 
96744 8478 41945 21466 8565 14038 77304 6266 1915 94910 3730 3069 55894 17535 69898 55004 65476 63309 56115 93186 12419 73777 6097 36943 1332 17293 7130 74612 
30379 25230 60063 27122 50060 2007 64940 74976 32396 58595 97593 34310 53504 1322 53730 25750 18857 39980 80753 684 3288 53219 93869 15706 26996 16317 69000 44679 
33610 76129 19291 80340 17711 95705 23813 67770 14063 88752 42745 46458 63698 40337 97120 33554 58010 50849 59303 93218 7180 40055 93901 10468 93273 4121 26173 20268 
20438 95173 64947 70399 87653 589 50738 5363 96293 74550 73132 10355 79654 32228 73164 43351 88916 86635 76904 46926 37484 36206 40143 61015 92612 50396 71482 85885 
54516 97655 22504 74953 9179 3802 45351 96831 20742 12440 2194 33386 3342 91677 60092 82995 40257 33256 42697 45524 19890 35953 8801 73725 88510 65296 34740 81122 
15691 22573 83358 86558 36579 22213 61511 45757 26015 23213 58940 63108 52005 77485 96494 55346 85513 56585 54692 25769 6192 97388 87645 42434 49692 96445 32510 38202 
61740 83601 35675 77430 6174 19032 80340 42752 41244 41850 4861 83610 81414 63800 63070 33418 57636 59563 5115 43148 32499 59806 68917 38691 73546 56561 97476 23237 
69357 29985 61438 31097 13586 97112 24878 36111 32495 5217 78862 73739 63418 74 73700 61184 63873 53121 94601 21508 12683 99716 81008 61534 75873 66276 224 49418 
39188 14051 72655 8544 60387 34092 55992 90324 47556 80870 26434 80050 2438 21648 70140 65856 21721 60192 27039 1946 13312 37991 39805 25995 54058 20812 87528 29931 
87087 4103 95700 26274 34505 68354 51170 94891 18798 7161 85215 66353 4382 11648 46402 6820 49647 16542 89027 71368 76733 16065 89665 90044 70407 29469 32390 24465 
66633 36269 70747 70071 56723 66446 12697 91227 51152 63866 86118 69949 71026 87684 36301 75408 15683 99054 98579 65330 15595 87605 53049 8679 20021 42713 98723 90427 
88533 47464 31243 71517 83733 18341 41588 40455 84787 54284 48034 52290 34501 50503 22238 21878 38186 74890 13637 70220 73943 12215 35549 89538 99819 4949 98216 19839 
64013 13290 26618 68898 60754 57860 40414 60838 76201 82001 17644 77339 52636 65677 45980 87136 32531 68217 25366 70716 43106 39002 57288 17048 51217 9188 22937 67387 
14137 37505 3578 94501 67146 30195 63398 44251 4406 3812 5088 96958 2164 39084 90648 54800 4760 36627 58287 37291 4843 83652 24358 64300 39006 97997 97700 6574 
7185 36988 73960 21321 74492 93889 15821 41638 24083 95571 2240 44841 99382 7328 41798 1545 46411 32446 72696 67522 69072 30983 21164 90267 30986 61874 54566 86343 
59870 68617 92916 67054 5605 66876 4726 96448 77116 36899 54437 1199 32469 56677 62391 48202 64004 4188 49746 26766 36633 38794 10639 22057 86128 31803 12323 17113 
10028 83240 3456 69897 51857 12723 53303 73813 95950 74380 70260 73066 27630 24697 90616 60098 81373 53006 24651 61728 57193 74397 88493 10178 29542 99131 48586 15669 
47285 60908 49133 57312 60499 68940 43561 12355 81663 13215 86167 77612 87594 72779 50677 15224 97475 41292 91673 78847 10649 16324 40574 84194 7072 45418 94371 36613 
60900 59308 52281 8185 20215 1413 81848 97065 86705 41760 25772 68367 54974 28290 45978 42568 1068 13007 74143 98542 70650 65815 77388 81299 82138 34313 81844 89209 
79730 76214 42173 40630 51873 94453 48814 72087 12218 47013 85503 98922 88773 11274 67288 43746 39564 29617 2665 40631 58975 76807 55525 29625 42622 32912 27275 41111 
67225 9118 30320 63306 1683 88844 3935 53555 83297 69100 41993 11866 16113 27495 10787 21237 55121 94426 81334 94684 40394 83999 51666 99369 77157 7190 45345 19778 
56454 72619 77241 23678 98088 23912 3335 99770 12755 7270 69676 12403 76369 28020 24268 8833 55514 51406 30069 10634 45831 11403 21669 2577 11753 89687 1945 88909 
96876 47289 25039 53329 36259 18631 93358 50698 42542 96693 50467 55296 20314 36494 67699 96682 64513 91966 21867 36378 59724 51935 63364 5554 79689 85032 8130 7793 
74718 26426 13054 87946 90066 38092 57626 42676 56722 50984 93373 15615 64028 60191 70910 84341 96684 54960 97374 61196 63278 19240 13926 23001 87527 77289 44906 83567 
78672 69388 91360 69742 95813 4413 57687 2231 58856 15312 44906 31929 82647 38279 47543 46674 98469 34804 47366 11505 89764 44740 89052 53041 63979 2977 92393 67857 
80265 37298 51424 58937 6685 42783 45030 2498 63547 2716 21080 38754 34379 65985 70682 17026 20615 18224 80051 35436 69379 27417 46940 59142 72156 52343 28534 52486 
55320 20926 20343 51936 58224 88118 27224 81260 30900 72253 109 10798 91320 21188 49551 25699 3525 20232 42724 24139 54807 39126 75926 40537 66542 39217 99679 55049 
91560 44564 7535 63231 81842 44229 15166 56417 32346 58742 37676 79597 47346 37785 6746 38666 58972 56296 80716 62496 92879 39791 2987 64037 78916 78912 4573 45458 
18129 20603 506 26040 65167 24392 89270 63360 84972 20787 19776 33669 95880 57451 13265 43226 95235 36362 98243 70559 9009 78958 49406 1887 18748 68744 82275 97663 
64008 86848 43120 98488 23802 59978 24527 5320 721 30148 68679 2045 50934 88454 35713 46814 62257 65330 6391 73843 1691 4633 60753 10700 83590 10159 28938 2337 
95254 11213 99999 59261 14412 59471 57748 38213 35800 82274 59885 52872 12421 28563 54916 79707 33369 90629 42872 95625 55958 49262 85819 74000 70246 46572 1051 53835 
73082 29989 72523 68335 41201 88873 27596 71964 64695 1695 26528 16846 321 86412 69718 29093 14975 40985 8799 64695 31613 68022 76671 3922 33635 62489 94274 3880 
9060 95324 57714 98493 25312 46588 66828 82864 35461 10775 54827 155 12469 81355 17001 12789 84118 3070 41882 99092 44054 67032 80138 92019 35054 56808 12292 68688 
35649 6565 88920 44708 18241 46633 43201 43552 93221 26380 42768 45033 37154 13946 61539 49622 95300 78539 78763 79418 97960 36996 94861 58366 4027 74999 50384 55432 
48158 62675 40472 83806 85592 29391 44866 3832 92375 4418 63735 1947 30797 6502 46979 84302 36800 8518 50275 32099 3408 29037 27868 17720 66032 39081 76085 86411 
30431 26468 58194 78588 5494 98665 78746 7437 44407 23611 27620 36782 44380 7707 55080 75176 30560 2059 75829 67359 26928 26103 15810 46687 71492 43677 64406 53875 
99109 40490 56637 29539 83309 14831 24479 5155 29847 3224 28943 74254 43186 56563 27387 87565 64269 82466 79092 11180 876 54920 78539 27803 97374 94348 90842 68865 
54376 55247 22740 53485 12089 79376 99375 11749 10558 23853 16903 40405 27076 45846 31010 86613 18760 74748 74177 99380 57213 69620 10559 74441 24539 5449 2243 38265 
99796 9436 7129 70524 64683 46220 24008 93123 25596 23382 4871 52505 63587 38126 92909 90662 83971 40270 93627 19082 15017 67803 18461 88582 37423 45371 63022 78313 
50820 81616 16577 66967 91052 40058 37490 72086 86277 77849 65208 28224 17583 86430 80729 81169 24555 89989 88182 24877 30259 81808 43958 61627 65963 78770 50208 3385 
40493 29581 98049 7664 11197 30978 74630 2248 71035 28472 90685 57311 22672 72244 1887 40254 58673 82615 37774 83228 88955 25956 8104 35565 24115 68414 97192 90077 
47183 63751 9813 4027 93332 7862 11690 4528 38839 2672 23127 26225 47495 13811 99887 70166 86054 1773 26772 44726 739 64545 44305 6046 6852 52409 41610 30967 
37174 38801 37395 708 2552 47208 4735 95883 55069 16424 16762 10259 19095 39888 52835 66589 70050 52721 53107 72455 70846 96230 33532 87936 60774 77837 93981 83978 
46597 51943 31296 83770 90743 68690 84477 9646 15897 89211 21880 87317 21987 38641 13927 57433 94880 66761 40374 64929 35834 93480 53735 23031 89709 87267 27318 66834 
65103 37651 67163 28051 89593 98458 28172 96687 83500 12648 6333 99396 18211 44564 3065 56549 99557 16991 13981 94436 104 70706 75717 52289 80537 29451 91671 86597 
16717 35340 53431 98171 72990 36945 42573 78934 51755 70744 75621 35254 99744 98305 51001 17954 59220 54065 90854 58776 87408 4834 53212 3863 91892 28928 72503 72428 
74730 64173 59025 91447 15864 12455 5969 88854 65751 64894 84139 17505 35637 59759 52758 35380 74415 3759 69685 33635 57823 76890 92410 61582 98076 45621 65444 89967 
90900 37946 62394 65630 18470 21418 73428 34334 50224 95748 39539 15975 60641 40029 49831 12630 99788 2589 64361 90554 6347 50398 24188 80521 27287 32950 58455 25362 
94922 23898 31680 85822 78196 94074 67803 13017 15491 57582 63702 82067 53329 19592 14393 30322 59621 64223 42951 75760 66811 23663 66313 89509 74060 6853 86382 17699 
39802 44836 59412 34723 85085 91092 36896 79632 85165 4698 92649 17007 78631 56350 15425 31960 92294 29817 78633 51914 94040 37935 27673 77202 61597 93985 83063 52009 
837 69444 69707 40638 30631 29118 91713 15715 36561 28608 95347 21725 49658 4347 55084 28288 77048 70508 76599 69341 325 55231 21254 10716 9517 48926 87917 71114 
59263 87331 39474 60099 56774 25532 17089 3756 71001 25153 19471 7562 70112 31169 29286 36121 51867 721 80761 28914 71229 57359 98255 87905 28942 35860 98620 54810 
84786 2888 25923 60400 90219 81748 36850 63344 7279 70290 67100 78280 95442 2922 85841 81906 50442 31478 18026 2308 32199 98786 47573 19779 72497 45827 7683 17790 
81687 22654 72599 82824 41893 14874 59575 48463 96621 96424 11807 20252 66714 95258 98531 78507 14531 723 60412 64972 32200 78438 83631 80750 93575 31203 528 66071 
93382 8210 212 91420 47215 72811 90595 89108 87684 50169 37570 84304 46592 65728 4555 29657 60985 19437 8164 91867 20159 84927 56838 68711 79716 56820 49460 73291 
88023 49988 55713 81404 74549 55925 89175 38116 28735 79769 27223 32770 29937 81144 33425 92880 46872 37980 38889 24208 73768 47052 16075 93927 48330 89264 78989 28046 
46084 28448 17688 34106 94787 73400 31861 85688 45676 37387 23803 90762 17155 67377 23531 63443 48520 56956 72674 11743 11287 11562 52303 85054 74965 68377 95332 23295 
73992 90672 67692 20075 19120 85379 70532 30258 75130 18744 32297 20806 56130 72451 27919 73284 39827 67802 53078 4699 24757 25752 16441 52395 37313 85095 53800 28630 
69823 65484 51924 43815 56155 19615 63889 91626 21345 34421 21884 96474 53164 54180 33631 25646 42983 61550 98929 82809 45703 52007 3859 86811 94110 36652 39205 47774 
21746 9356 76403 91569 74839 44678 35383 30994 80644 15623 22619 1988 50043 60854 98462 19559 31386 48444 45204 74368 26345 60484 57176 72047 28842 77387 58857 22951 
14038 98061 87077 35783 7417 63479 27351 98607 24509 79085 29600 5152 94708 68571 23492 44750 29424 38305 80660 60809 86748 42215 51528 13093 19051 25056 85139 47892 
2442 60348 87195 16479 74760 74271 52261 98528 37749 95964 97135 78609 75048 43086 83761 69755 11656 7252 30857 57432 45556 27868 18240 48655 70083 86120 61747 89133 
11175 63238 53376 13616 23585 40570 30094 14696 14840 98706 13224 68941 11021 10358 47549 86069 53443 47661 55823 81451 54912 3031 38882 16819 30899 73473 65474 17333 
59592 43572 22817 70766 23161 76192 733 63097 33114 47178 77793 47953 45884 91016 33245 56904 1373 97146 59324 71167 44806 31499 52617 16070 34529 91498 32888 81779 
81323 14713 99111 40914 74637 21927 28032 97797 14471 28764 60894 47584 75942 55038 95536 38177 46053 45133 11432 63777 42278 70756 51295 87083 2254 3912 3152 53134 
11761 52392 34913 93083 83456 34023 33997 58092 72302 78380 72241 86772 7143 49486 34355 83084 4523 46242 37612 66927 91374 49044 30703 50003 19799 81997 37086 38404 
2260 56589 91537 14021 25332 42801 23455 8788 93176 73803 83231 65477 52182 71823 68600 59325 21308 19306 58760 42182 65547 96372 9108 73273 61767 39810 23275 97917 
38159 76712 36320 40418 33301 44208 70790 58632 3361 94245 83771 96536 68047 83354 78364 36581 55176 46963 12257 92836 82620 71016 35017 48166 83739 44125 37790 45505 
286 77417 59773 38444 54128 96092 95214 87428 56652 66003 62412 60012 76599 62534 72899 44646 45887 51262 97578 1063 14576 9834 93898 97195 97201 45266 61712 80940 
5742 15854 42796 6028 93270 2569 60823 47397 15012 56036 51177 88015 38391 13588 64378 14989 92473 37276 75986 38360 4889 73563 55774 35816 99748 66023 33010 96949 
11288 11074 94240 33382 26927 37035 39409 20196 55955 16583 83944 87319 88971 35120 75333 27361 65059 39711 58701 57532 93338 34687 95891 98227 24601 68016 50394 24349 
34038 99756 37649 61677 10829 31888 95058 54107 85274 50818 90654 41229 67401 74597 44899 72723 9717 20231 83 91127 76293 75135 48658 85983 26173 60900 561 50774 
28915 50954 91474 79304 50709 45474 40981 77889 77361 52390 31995 62634 3208 39000 20214 70608 13597 65112 43330 39665 1695 59764 30791 94339 51250 95801 80321 77423 
73052 80881 44548 18319 31835 52373 97622 82543 97846 54954 60432 75206 7344 8778 54191 26903 47778 90757 97510 77726 72220 57191 17390 73914 33306 64532 84605 84555 
