24 84 18
27 88 47 71 68 99 31 46 81 96 21 36 24 90 9 31 15 33 59 9 40 21 87 89 8 47 8 77 22 91 10 1 30 57 71 97 7 53 94 87 100 66 74 23 55 34 5 22 66 63 82 5 36 69 45 43 67 4 71 41 46 81 41 75 37 63 23 95 67 17 33 66 82 58 40 89 91 44 62 8 58 43 65 93 
11 9 87 30 65 58 70 10 38 62 85 26 76 59 72 42 75 4 7 9 61 98 97 3 41 10 10 50 52 74 43 15 35 29 96 51 38 65 60 75 26 96 100 1 55 71 94 81 26 52 89 38 49 37 40 41 46 2 90 50 27 32 64 13 13 59 63 50 75 75 77 52 70 76 4 76 99 97 57 76 48 97 14 96 
34 5 36 31 58 77 80 85 9 95 49 73 5 12 22 79 86 98 30 7 26 33 83 76 29 91 3 28 87 16 75 72 73 62 3 30 39 82 66 99 77 15 71 81 78 44 12 63 42 41 69 19 26 3 46 6 93 48 34 32 16 60 3 88 22 5 69 12 87 87 10 15 1 80 47 78 23 58 92 16 51 12 86 76 
15 31 33 59 31 66 90 46 78 93 33 51 97 53 62 35 39 71 1 91 2 48 20 76 5 63 44 7 75 29 82 41 12 15 99 42 32 89 87 61 33 71 11 29 75 72 16 14 94 16 56 95 15 76 71 72 90 14 78 64 94 12 4 5 78 3 98 61 43 36 22 75 6 32 55 81 56 22 46 49 38 53 96 4 
28 66 75 70 31 53 33 76 64 89 33 93 91 30 53 85 66 74 59 23 58 65 55 13 87 52 13 76 5 8 79 84 73 54 53 55 58 86 31 73 74 63 65 16 44 17 52 61 43 62 84 100 26 90 12 12 42 76 87 46 84 18 29 8 71 82 63 80 19 45 52 44 59 16 11 2 84 62 63 26 23 98 25 48 
39 88 12 80 64 50 77 99 67 6 6 89 39 68 68 57 64 71 52 22 38 62 24 22 75 38 99 49 87 76 48 25 15 59 57 30 61 33 28 27 38 34 68 28 53 35 36 17 58 87 38 95 100 13 68 26 2 19 74 40 94 22 65 8 32 73 38 92 5 65 71 95 50 38 22 3 24 58 19 81 96 8 28 96 
73 47 73 74 65 47 66 58 20 82 18 3 54 7 47 58 71 69 52 73 6 26 75 81 83 45 14 30 52 41 25 76 39 50 50 4 96 15 13 67 96 82 21 1 88 67 58 11 35 62 83 92 87 57 25 21 53 38 50 4 78 27 80 68 76 81 23 23 47 36 41 94 69 61 94 57 80 3 19 66 16 1 10 54 
9 34 74 61 71 76 16 100 54 47 67 29 79 90 3 77 77 43 22 45 55 67 53 34 70 71 52 37 71 61 91 31 94 64 43 64 91 59 63 44 57 81 24 36 70 78 64 46 72 86 43 27 52 95 12 73 66 63 10 88 75 100 19 68 15 61 83 6 71 45 1 28 78 25 15 47 2 30 45 74 15 39 52 19 
33 15 91 50 30 100 38 4 99 8 24 66 68 6 23 91 3 23 70 80 47 36 78 1 65 22 26 80 12 29 98 45 43 40 94 72 40 83 76 90 90 51 55 10 56 29 100 58 52 21 37 50 56 67 50 20 40 27 51 52 55 100 96 98 40 41 21 79 24 48 20 65 98 27 74 54 55 25 63 6 45 52 8 100 
18 57 72 57 36 22 8 90 22 55 39 13 96 60 43 71 59 62 87 57 40 13 62 95 37 24 52 34 27 59 33 44 68 4 53 3 78 60 44 51 67 83 63 14 94 5 84 4 18 22 12 58 34 73 4 71 49 7 4 75 18 88 71 85 44 23 39 73 34 34 23 100 68 85 13 13 89 48 17 6 70 28 15 3 
53 18 25 53 25 80 79 94 20 49 78 63 23 68 35 57 1 9 56 21 93 21 33 33 68 49 90 89 29 57 92 81 74 68 85 50 48 63 43 67 64 72 81 86 91 67 94 44 75 2 64 19 22 96 51 41 97 92 30 25 48 21 57 74 40 93 75 87 55 70 5 70 41 85 8 84 51 53 27 25 54 42 95 75 
37 97 16 85 89 97 61 88 69 17 13 8 9 88 95 16 9 51 37 1 36 96 84 38 49 62 15 2 3 9 29 92 6 96 76 46 92 89 85 60 5 98 67 66 37 13 33 45 64 21 45 51 17 81 40 65 42 54 18 97 15 46 88 20 93 15 17 84 3 1 95 60 50 62 77 86 26 61 82 41 81 27 43 49 
59 83 65 100 88 83 96 2 80 35 21 73 50 89 8 4 90 3 63 39 16 91 77 93 51 58 34 32 36 76 32 94 10 97 46 98 79 41 99 10 28 72 34 77 60 42 32 49 96 47 40 11 37 16 3 88 25 88 71 61 16 54 6 25 50 51 74 80 44 73 90 71 96 23 99 55 64 30 56 59 76 47 21 65 
62 76 4 38 63 26 50 78 79 56 3 29 58 76 8 53 100 49 23 95 72 21 2 87 3 9 98 30 55 18 94 68 93 49 5 8 74 55 85 53 62 39 33 19 67 92 72 66 41 46 13 12 19 14 50 73 22 47 2 28 17 48 95 61 48 99 68 22 5 53 26 18 43 10 89 9 1 12 27 93 57 39 56 27 
4 6 99 77 52 53 4 20 100 98 81 47 48 48 20 5 52 45 22 95 6 10 55 7 21 81 51 30 19 7 56 22 12 55 98 15 7 53 35 58 50 67 4 50 66 76 54 18 72 27 64 78 37 18 36 9 99 86 38 69 92 94 43 55 100 92 70 6 45 56 63 46 22 18 95 39 45 100 56 17 27 71 94 15 
89 29 23 39 66 13 59 58 6 1 12 5 93 33 62 37 88 76 34 61 93 29 100 90 80 7 6 58 30 51 24 70 31 47 8 96 11 66 5 16 19 17 72 11 1 33 99 41 8 32 53 52 60 52 41 92 11 98 1 40 48 25 9 78 23 68 74 33 85 30 48 3 46 71 13 47 55 11 39 62 43 91 65 54 
95 58 97 5 55 98 96 3 22 56 32 44 75 57 28 59 87 27 62 32 97 26 30 51 89 20 64 83 11 28 88 5 85 85 61 92 34 56 94 55 63 25 50 37 82 77 95 68 55 8 51 51 86 33 53 74 52 16 8 62 95 95 18 32 79 78 23 12 85 68 18 47 44 19 35 77 47 82 96 1 41 99 3 26 
31 55 51 34 22 10 48 69 5 65 100 35 95 74 99 79 93 68 78 36 87 64 13 33 45 60 86 86 58 88 63 88 95 66 74 16 75 21 84 31 37 35 66 31 60 16 10 52 83 39 88 69 2 52 54 47 11 91 84 69 78 98 8 24 15 81 40 90 53 75 20 90 62 37 20 21 52 81 25 87 19 64 55 21 
15 60 19 77 50 54 97 80 51 57 3 66 37 94 7 90 21 78 31 82 67 50 54 18 31 78 4 49 93 11 21 59 22 39 36 72 44 84 3 95 40 5 12 29 51 70 70 23 47 100 56 13 49 9 83 79 39 38 80 31 100 100 42 22 91 77 45 34 12 47 80 52 3 43 80 5 12 1 27 59 100 82 23 48 
91 5 79 81 95 10 63 94 61 4 15 3 32 59 89 44 57 68 47 60 11 78 64 22 78 43 32 77 24 55 76 66 59 6 46 5 67 61 99 28 16 13 82 48 24 70 43 80 38 41 91 100 18 7 21 95 49 5 23 24 59 50 90 69 8 87 74 74 47 72 53 15 36 35 14 59 4 56 91 41 96 33 92 65 
91 65 11 39 69 33 63 27 34 4 47 41 90 20 15 37 43 67 51 79 1 16 89 57 71 31 49 18 64 41 82 54 5 92 45 73 76 59 51 9 62 97 50 51 69 16 39 11 34 41 41 35 56 82 43 78 12 91 47 27 31 28 33 35 71 29 59 98 87 61 59 100 58 60 2 78 75 41 40 8 33 33 94 41 
14 36 18 77 27 65 56 9 44 40 96 67 68 54 64 6 67 74 5 24 33 6 53 59 98 92 67 31 24 12 71 89 48 40 66 26 4 73 86 100 12 81 66 79 87 81 84 53 55 88 28 39 45 80 98 43 71 16 25 95 27 47 83 26 86 100 3 42 72 89 41 83 69 6 13 55 38 96 59 44 35 86 83 80 
65 32 74 36 99 98 82 25 44 16 3 81 16 5 22 39 93 62 74 14 19 86 20 9 82 79 52 16 64 86 47 29 69 72 16 67 21 97 44 16 64 46 97 31 50 18 70 95 32 43 8 2 28 27 62 61 5 14 29 21 51 75 49 72 47 16 38 19 64 81 35 27 78 31 58 80 100 79 74 83 21 33 85 100 
11 46 61 68 11 89 88 14 15 88 85 13 3 74 32 66 7 66 44 36 48 53 15 47 31 88 30 3 72 66 55 83 63 15 50 26 55 37 39 21 76 75 86 78 100 17 95 58 34 90 94 81 43 8 79 25 48 60 28 71 25 82 53 88 48 2 65 54 90 3 74 65 29 59 94 80 27 88 38 12 30 83 92 72 
