79 100 53
13 69 42 62 54 17 81 86 58 82 25 6 3 73 58 13 65 67 71 22 84 72 40 100 19 65 84 41 43 83 92 7 3 86 69 9 2 1 94 59 82 19 17 37 91 26 49 55 44 71 29 27 43 68 78 13 84 13 5 26 48 97 85 50 82 5 58 35 5 4 46 39 22 14 75 64 91 23 71 34 46 51 12 88 70 41 52 53 54 56 30 1 4 14 2 85 18 12 72 75 
15 17 13 36 30 87 51 20 61 73 5 6 23 16 45 92 8 96 44 61 52 74 13 55 39 15 92 57 78 63 83 92 31 95 79 60 81 29 31 93 2 87 99 24 54 95 68 61 91 11 74 94 36 86 100 75 52 91 83 29 5 65 20 35 59 50 46 91 79 28 35 32 66 85 7 19 80 74 80 70 37 53 63 72 90 14 98 94 57 80 74 61 96 94 48 6 95 45 48 73 
25 83 56 90 67 63 9 46 36 40 67 72 44 29 96 33 95 93 26 51 25 100 63 72 45 10 78 39 7 25 64 31 7 19 20 26 81 28 71 69 19 38 92 62 18 39 95 12 84 72 14 60 23 77 31 19 86 8 10 92 85 73 74 91 43 94 68 76 73 39 96 92 28 87 5 97 26 99 61 61 23 74 20 97 50 50 16 88 58 77 31 42 1 5 84 43 50 52 70 22 
42 65 65 69 52 70 17 29 20 77 89 94 51 60 91 52 9 58 39 18 34 70 11 86 26 95 28 75 98 50 48 39 14 13 59 17 34 75 45 53 4 85 47 6 44 89 57 5 46 96 22 31 17 33 16 42 79 95 68 76 44 15 66 58 79 76 74 12 2 71 65 5 7 63 10 3 3 67 7 100 14 80 30 82 12 97 75 90 91 42 17 87 8 34 96 87 9 21 98 11 
91 14 67 50 76 77 52 30 95 10 29 60 89 58 93 53 6 67 94 49 60 11 35 67 44 30 53 5 50 51 15 93 64 33 94 92 61 45 21 55 6 50 66 94 59 58 98 65 76 92 65 35 2 99 2 97 80 6 1 81 56 67 25 72 100 18 63 60 14 35 67 19 36 32 65 95 42 62 11 69 53 75 4 6 25 57 3 56 62 3 88 70 70 13 41 21 82 55 80 96 
89 46 66 25 30 82 71 71 44 81 91 48 7 94 54 83 2 8 90 16 62 77 85 83 41 77 3 23 31 83 70 71 28 87 95 9 69 17 31 12 49 22 11 55 67 16 89 69 23 78 84 37 7 20 19 47 96 22 21 78 4 42 48 83 29 43 92 97 11 22 60 60 95 70 66 62 38 55 30 60 84 65 96 90 36 67 89 31 88 61 8 43 3 55 77 31 49 20 27 60 
94 86 19 88 7 84 49 44 90 78 56 74 94 3 15 29 69 55 11 56 16 18 50 18 25 27 100 25 46 26 36 39 63 54 27 21 90 27 65 31 57 72 56 50 74 23 31 43 77 41 50 44 11 100 61 35 78 12 11 23 37 47 14 51 52 92 72 41 18 36 24 74 7 79 76 32 1 6 74 78 46 24 21 56 75 34 42 52 45 53 26 34 51 91 84 2 82 7 95 52 
42 18 77 100 96 4 32 97 9 57 26 7 32 98 14 6 83 8 57 80 12 83 13 62 73 48 63 7 55 57 10 48 74 38 100 22 42 83 70 2 39 95 60 23 44 26 28 27 33 85 6 44 19 70 57 43 69 19 49 75 28 10 23 53 100 74 74 93 56 43 46 46 89 6 20 33 31 48 11 15 84 68 10 2 37 66 44 57 36 45 32 63 6 6 68 5 79 41 97 86 
36 43 83 76 100 3 8 30 2 70 96 85 37 5 86 25 22 81 82 57 25 65 72 83 70 39 87 100 31 84 37 18 26 71 94 77 25 53 6 26 23 53 10 59 9 47 84 30 28 17 38 4 81 9 86 50 99 73 49 30 8 37 47 85 7 92 61 32 45 18 57 67 70 19 25 30 65 60 59 44 76 96 100 56 57 85 57 55 9 57 84 68 93 83 52 52 74 64 83 70 
81 91 36 2 61 13 31 78 72 41 21 48 89 20 55 45 57 12 99 17 68 35 37 13 69 40 64 94 4 46 64 36 88 99 90 49 63 72 26 35 13 98 34 1 18 40 97 26 51 95 94 71 81 30 83 49 70 46 95 25 43 58 60 30 8 49 30 71 21 55 5 85 5 90 85 74 29 81 99 32 27 44 2 60 74 84 8 95 81 2 19 23 11 30 4 19 79 34 41 51 
40 97 35 96 86 71 69 66 3 19 97 29 63 98 88 88 33 48 82 65 1 52 39 64 81 43 34 11 28 74 61 19 70 47 15 7 17 35 72 19 54 21 100 16 70 39 55 3 38 36 19 39 39 58 54 71 52 87 82 31 60 94 1 81 41 15 87 57 50 10 28 55 30 27 70 100 65 24 54 55 11 72 45 1 81 98 71 84 84 4 14 95 98 15 75 38 81 13 94 82 
22 73 36 52 99 57 51 16 32 56 70 42 79 14 94 60 63 65 43 46 20 9 40 17 23 66 54 3 78 100 85 99 72 72 2 23 29 4 38 60 59 59 54 38 24 47 49 86 63 91 83 83 51 22 51 73 87 5 28 16 56 64 14 79 35 16 1 15 19 90 75 30 100 28 19 75 26 67 60 41 9 42 23 60 15 73 84 53 29 11 68 36 74 82 15 61 49 67 75 19 
9 49 48 60 28 66 35 6 84 94 46 93 88 68 4 2 92 87 7 73 98 74 8 23 55 74 83 55 93 58 74 1 58 73 60 38 91 94 43 74 40 88 18 79 7 21 32 98 8 38 70 5 12 30 79 18 55 62 73 47 71 98 99 28 22 59 65 12 4 59 38 95 46 7 73 52 28 5 2 87 42 23 43 5 52 21 23 7 82 47 5 52 44 4 32 17 14 48 29 69 
7 18 64 4 24 88 56 3 44 9 89 86 31 31 90 35 52 64 41 85 10 97 89 5 100 20 22 13 19 50 82 77 19 97 81 94 84 88 97 28 96 85 65 26 68 6 60 19 70 52 3 79 49 91 84 48 62 5 13 81 6 46 57 76 42 89 69 77 76 65 4 71 2 20 97 69 26 56 39 47 60 93 25 8 36 60 7 49 16 71 81 73 16 90 48 9 78 69 86 54 
85 41 24 86 13 72 6 38 80 96 84 39 41 60 98 76 72 56 24 87 27 57 60 94 46 59 3 23 27 40 76 12 80 52 49 92 23 55 81 54 2 16 92 42 76 89 69 47 97 45 85 23 1 96 16 46 55 18 68 81 9 96 92 89 47 93 32 21 47 13 75 100 80 18 42 55 59 10 53 55 54 90 77 54 85 44 51 39 14 19 72 22 66 15 10 64 7 94 84 5 
58 10 5 37 28 98 44 86 7 48 40 13 37 68 18 74 11 69 64 24 39 35 46 4 2 7 67 60 52 50 65 9 12 21 98 39 18 41 76 76 40 67 88 77 34 6 2 96 74 65 72 12 52 69 67 53 27 33 12 79 34 28 39 45 48 36 35 65 28 10 41 68 76 80 96 61 85 97 9 10 61 80 73 12 48 39 16 74 23 28 52 57 7 43 53 55 78 88 19 6 
49 11 25 25 91 20 37 27 16 45 89 28 24 61 92 23 52 7 97 26 86 100 82 93 42 87 47 72 74 17 29 22 80 53 98 70 72 87 48 39 31 36 66 7 49 9 29 52 16 77 77 1 29 11 45 70 97 91 41 22 60 21 43 39 73 93 60 96 79 7 34 61 43 52 67 43 60 48 94 27 76 70 80 4 80 24 26 28 15 18 49 74 39 44 64 11 36 23 7 14 
29 92 74 23 95 93 65 7 92 10 33 67 32 12 23 63 36 48 91 2 17 39 27 55 82 90 18 69 64 76 82 44 67 8 19 14 52 35 20 43 45 4 9 76 68 83 38 55 30 28 56 99 19 34 53 52 75 70 21 38 97 54 81 16 61 99 29 12 34 100 6 30 3 67 5 70 49 94 24 31 22 31 29 92 64 33 43 38 55 15 27 51 69 8 66 81 58 94 45 43 
45 2 72 48 68 28 69 17 22 45 99 95 27 27 86 91 59 80 80 13 47 7 16 67 66 81 99 75 27 95 18 71 97 41 70 64 69 91 32 90 87 30 84 13 56 21 55 67 52 35 31 98 93 98 64 58 79 63 32 57 57 1 79 53 42 49 69 62 39 100 51 77 30 86 89 37 58 44 55 9 30 38 7 22 35 22 31 65 36 14 21 45 15 100 49 8 100 17 69 90 
69 71 66 50 56 54 86 13 49 93 73 78 30 31 99 16 53 29 81 40 95 53 84 9 52 33 68 3 1 36 92 69 6 57 18 13 63 56 77 11 48 49 89 29 80 39 44 84 20 76 23 14 29 59 74 32 43 41 35 43 76 26 64 33 35 33 45 49 88 21 59 87 69 99 67 100 38 63 83 57 38 58 70 18 16 95 50 10 35 84 52 62 61 67 94 47 100 38 95 39 
10 6 78 30 4 96 30 41 58 64 49 48 21 70 17 88 64 66 49 50 1 1 11 14 19 4 12 70 93 7 9 2 12 38 32 67 33 13 60 43 76 8 42 49 78 10 88 93 28 37 43 28 89 53 93 7 9 5 29 1 63 37 55 26 26 38 92 10 50 51 4 25 11 97 25 88 7 13 32 34 1 26 13 89 31 6 47 39 62 75 91 76 63 45 1 88 34 92 50 83 
95 53 60 5 50 84 44 56 96 75 41 96 53 53 36 83 10 83 21 71 9 63 98 72 8 98 11 93 42 12 76 36 65 35 40 66 18 35 73 66 61 13 13 13 17 1 95 27 35 67 49 43 30 47 66 89 44 77 81 37 40 56 72 4 42 63 21 12 49 93 77 10 57 41 22 74 41 69 100 75 35 100 70 64 46 35 52 42 63 85 78 3 40 2 58 34 16 79 45 65 
71 73 74 28 13 47 53 6 15 52 32 2 3 53 17 49 88 21 42 2 5 71 56 96 24 14 29 40 92 25 4 14 97 29 93 62 27 45 19 94 48 50 95 51 3 63 51 42 83 44 43 87 66 99 83 90 64 63 29 7 88 84 20 84 64 65 97 90 61 15 35 9 65 29 11 19 92 13 60 26 56 54 13 21 4 47 62 67 9 90 73 96 25 45 32 40 61 28 30 21 
43 64 81 59 45 91 29 88 55 88 13 10 93 77 83 97 23 44 15 84 86 40 31 62 36 62 2 96 42 83 68 36 46 49 46 42 91 74 81 46 13 46 7 5 22 41 53 97 85 20 80 22 59 10 83 46 24 36 41 17 18 8 52 16 8 49 57 99 22 90 44 34 87 50 90 8 91 95 56 27 14 35 100 24 97 34 69 72 70 61 88 87 68 91 2 76 39 11 26 60 
100 69 45 86 70 86 45 12 32 53 38 45 87 89 20 35 23 88 6 92 100 45 78 20 35 80 95 73 42 72 84 93 40 80 30 61 18 74 73 49 26 62 46 65 51 65 51 73 5 9 64 4 53 93 23 88 72 69 12 65 40 48 57 31 27 86 92 96 60 16 45 37 77 42 53 79 6 56 51 62 64 66 18 16 59 92 3 82 61 67 47 52 14 3 35 92 89 78 88 100 
93 84 88 21 25 93 100 82 48 50 96 11 68 13 26 26 4 81 59 16 99 5 20 12 8 6 3 48 83 42 99 27 25 86 47 1 78 98 83 77 100 30 87 67 42 65 44 97 97 2 65 95 7 84 58 66 89 12 65 23 54 63 1 30 100 99 83 78 97 17 6 96 46 93 14 87 9 57 35 5 58 99 51 16 34 8 81 74 19 97 96 24 59 48 6 59 47 88 88 43 
4 93 90 1 37 3 39 45 59 73 1 16 72 3 84 57 10 16 31 81 13 78 56 71 26 61 81 72 100 68 66 55 13 55 55 49 57 93 46 15 66 98 82 89 1 65 45 62 81 27 94 93 5 50 15 30 62 96 53 62 15 18 16 27 72 71 28 28 63 25 94 80 74 75 68 26 92 65 88 24 91 81 68 95 82 82 76 44 29 80 57 44 97 24 22 20 46 1 47 61 
77 92 40 51 19 60 76 10 24 15 85 66 48 52 13 29 85 40 24 14 20 32 9 16 56 82 88 53 35 34 13 11 78 5 61 96 64 89 57 39 3 41 4 50 92 68 31 76 8 54 41 27 86 49 94 93 31 81 45 65 67 58 27 44 62 40 91 77 28 47 15 82 87 70 32 78 90 62 5 97 67 46 75 4 94 68 96 76 1 93 92 67 2 19 62 15 58 52 91 37 
98 57 18 36 78 1 65 67 62 69 15 81 14 89 84 60 9 32 87 9 76 31 27 77 49 40 91 58 43 33 46 92 89 63 27 18 64 91 85 77 59 99 9 25 40 45 36 48 76 22 8 3 52 86 79 52 25 21 61 19 53 6 10 93 21 36 10 36 78 46 12 88 45 73 12 36 17 99 35 44 21 42 46 24 79 76 28 55 96 40 73 100 46 82 92 18 69 53 53 46 
99 16 33 95 88 45 30 4 95 64 47 67 57 44 91 87 19 70 41 66 9 65 17 6 46 60 23 14 13 27 59 11 43 91 57 30 87 86 86 82 1 84 48 9 28 90 95 98 11 87 16 20 51 32 77 48 92 52 61 56 78 71 18 20 13 74 2 52 11 87 85 63 70 84 71 49 26 17 99 36 55 14 7 5 97 36 4 40 87 64 95 64 86 64 84 50 37 85 53 99 
23 37 61 44 73 83 93 50 51 43 85 5 8 44 61 4 79 64 44 65 79 90 28 16 54 63 66 42 99 70 41 21 59 53 65 31 36 9 80 38 51 16 43 58 59 55 13 89 19 8 53 49 50 33 65 3 95 82 96 94 51 36 66 9 89 30 39 76 38 70 13 40 86 7 49 96 62 62 85 32 21 89 80 70 21 44 24 68 25 20 13 28 7 78 36 47 60 27 22 49 
96 87 89 33 45 37 29 58 50 65 89 23 5 69 92 78 64 16 97 41 87 9 68 93 38 3 92 97 81 65 46 77 51 86 61 48 74 41 5 24 5 94 46 62 14 89 39 77 56 35 69 94 95 36 87 32 91 30 81 71 94 26 99 97 63 60 44 36 100 48 11 57 93 56 18 6 97 56 35 52 42 3 46 36 91 84 67 81 65 47 51 58 24 2 54 86 61 49 22 60 
97 32 16 41 40 33 47 88 40 33 91 81 87 88 16 77 71 35 57 35 33 60 45 9 61 50 94 73 99 67 32 47 51 48 87 42 32 85 81 72 17 71 4 4 59 20 32 81 6 41 68 38 100 12 46 12 61 92 84 59 10 67 57 12 66 44 5 98 80 85 21 49 56 24 4 66 95 35 46 100 75 13 38 26 24 35 37 37 78 72 47 40 39 4 51 4 47 8 53 78 
92 73 26 99 49 29 64 43 64 10 43 90 22 32 16 98 18 4 34 96 28 32 35 66 35 37 21 33 44 26 11 88 50 36 86 98 17 2 41 80 11 83 21 84 66 36 33 83 40 18 78 67 50 64 84 84 53 56 69 96 33 79 35 83 66 21 32 82 74 72 13 84 6 34 19 23 21 4 6 12 21 35 30 70 99 65 6 3 73 26 98 5 4 33 39 21 5 71 3 78 
94 67 13 52 52 83 74 73 86 79 84 7 66 14 28 16 30 85 18 2 10 67 7 65 99 97 86 55 67 40 84 13 58 96 64 10 31 89 34 16 20 69 22 85 34 2 100 64 38 17 65 48 35 23 64 34 20 1 40 38 40 24 50 50 71 65 11 1 54 44 69 73 12 42 9 46 43 8 9 81 76 25 80 10 48 95 95 67 96 87 4 87 62 6 36 84 70 46 85 23 
41 5 47 53 46 55 50 89 14 10 21 89 34 52 51 33 46 97 99 93 83 55 80 96 60 15 80 29 13 16 52 53 20 50 57 65 5 6 5 18 67 77 59 1 28 61 33 26 57 84 18 92 38 97 87 49 64 66 77 28 33 80 80 52 30 89 17 86 46 21 3 13 50 13 65 77 73 49 54 82 32 72 25 21 20 63 69 35 29 46 62 13 77 94 65 58 82 81 43 27 
53 46 39 2 10 3 31 35 52 84 16 35 7 40 56 27 2 76 13 82 73 75 95 50 68 11 7 49 43 50 75 47 47 66 49 56 20 31 42 23 66 57 58 73 48 65 51 2 40 63 35 13 89 29 62 56 91 20 56 33 69 83 80 67 48 80 75 67 10 16 90 27 25 99 51 72 63 1 73 2 16 8 66 4 88 27 12 79 99 67 63 19 49 42 86 48 73 12 15 34 
27 56 61 51 54 11 75 68 64 99 69 79 6 35 34 46 13 45 76 63 64 38 82 12 80 67 60 4 30 26 38 56 33 98 59 38 60 85 5 23 83 25 53 89 11 39 86 76 35 61 38 98 98 19 62 29 37 21 33 66 98 70 74 30 19 84 19 78 68 23 1 50 47 5 90 58 43 75 33 78 87 22 75 37 41 88 65 77 60 49 95 57 70 68 38 40 51 56 18 70 
30 70 19 77 74 61 86 69 35 70 46 74 91 72 10 83 60 74 12 19 75 6 28 96 25 17 36 75 73 5 44 2 74 14 30 99 74 67 19 61 36 16 34 79 40 43 61 99 68 72 69 94 29 48 90 53 65 77 27 89 81 22 42 6 88 24 56 61 90 75 73 78 42 6 56 81 48 16 31 68 40 52 61 68 99 2 21 15 78 99 3 58 73 97 63 60 20 71 72 61 
97 45 38 38 2 93 19 50 61 49 69 52 100 29 19 51 31 91 65 60 42 20 18 14 68 32 25 87 2 96 99 98 92 37 36 94 29 6 95 41 6 63 92 6 43 63 8 25 53 72 85 94 43 2 59 10 85 83 48 87 79 47 36 70 83 23 15 63 28 9 4 86 71 47 91 14 9 50 90 14 21 74 7 16 27 66 25 12 100 25 50 30 71 85 52 53 60 66 67 39 
75 22 24 97 69 66 62 77 15 52 90 88 25 49 3 4 66 79 15 65 3 64 95 73 100 46 77 59 63 44 50 37 17 73 34 85 39 95 14 5 46 3 92 23 3 94 26 68 73 92 85 75 55 79 100 6 76 76 65 38 71 66 27 88 38 60 24 28 6 37 33 4 92 24 78 94 70 3 62 94 46 98 20 100 76 19 57 3 47 73 92 69 38 18 8 76 29 32 55 35 
68 87 90 59 63 67 5 32 21 66 77 66 15 96 17 42 15 73 44 13 46 87 81 83 57 41 10 85 72 65 71 91 3 60 2 65 78 6 48 98 23 24 15 37 20 31 78 86 56 73 98 1 59 30 35 15 70 45 52 93 61 22 84 63 34 85 80 63 42 79 61 64 3 27 52 74 58 29 59 65 53 8 65 11 89 99 78 59 95 29 51 7 2 34 70 87 70 1 50 11 
79 62 26 33 88 77 6 97 57 16 61 9 75 25 72 64 76 49 22 22 29 24 29 82 10 50 69 31 50 18 94 28 79 19 13 66 48 18 63 4 86 23 65 12 100 36 75 27 36 48 48 16 72 76 97 33 77 17 63 26 34 56 6 64 27 18 82 74 87 44 29 24 18 45 36 69 32 62 95 19 10 43 34 33 70 83 65 47 99 79 24 85 87 81 48 13 50 29 38 37 
24 18 12 94 63 99 62 46 61 9 65 70 3 50 54 72 32 18 70 83 48 46 67 34 26 14 46 76 95 35 64 18 53 27 63 67 26 25 64 86 85 28 7 87 30 60 10 61 77 80 95 76 77 61 10 54 27 7 81 21 42 44 90 46 23 53 12 48 29 75 85 13 55 91 99 84 50 8 96 26 39 91 53 67 3 62 21 29 69 1 49 10 97 39 55 19 91 18 18 19 
44 2 83 50 92 81 33 41 40 81 18 79 23 70 45 25 32 17 54 52 18 2 13 14 92 67 84 34 36 1 4 79 54 86 29 45 18 13 37 58 45 54 88 67 23 32 44 6 1 97 9 18 50 21 83 94 87 18 27 74 18 31 53 23 16 33 67 34 97 3 43 42 8 30 60 82 13 3 40 13 99 48 30 1 69 64 94 7 81 20 81 50 50 85 72 18 69 90 3 65 
44 45 58 51 26 18 85 38 20 24 51 71 23 32 71 91 96 64 50 76 35 82 78 37 66 49 6 86 91 8 2 34 4 60 37 29 77 73 66 48 96 68 18 18 100 88 61 47 3 10 74 90 91 51 26 8 52 31 45 42 90 46 27 45 57 15 73 85 39 90 33 34 58 50 4 9 90 16 55 44 77 28 33 19 31 58 26 82 40 22 75 81 19 53 25 76 20 97 60 58 
39 44 92 96 46 47 56 87 14 10 30 90 37 63 8 67 72 85 100 64 6 74 44 24 79 69 51 98 17 11 55 55 6 98 2 51 44 57 37 9 66 19 98 55 81 57 73 4 93 73 19 50 98 63 74 76 83 76 73 99 38 28 54 44 77 55 94 73 12 83 81 29 1 31 35 33 87 8 88 32 32 7 81 81 21 54 9 3 82 81 1 19 60 6 62 89 13 56 61 76 
38 41 4 90 71 39 22 10 98 9 41 81 15 21 61 35 27 69 89 8 2 42 26 13 99 88 1 11 95 61 86 84 54 42 73 24 32 46 85 81 54 77 61 21 50 21 7 76 42 96 35 43 37 12 7 35 51 8 98 97 20 35 32 73 28 56 49 11 1 85 91 55 62 51 27 11 24 33 38 17 28 24 59 16 35 17 3 38 24 52 34 96 86 66 68 14 21 68 24 74 
53 67 28 66 69 54 76 92 38 65 60 66 88 18 33 74 87 87 11 62 38 97 57 24 14 77 89 34 44 64 7 48 82 86 13 51 91 40 94 29 4 54 46 43 23 30 17 9 17 79 71 6 27 27 29 40 55 69 26 51 85 32 98 66 70 63 16 12 2 10 92 58 15 89 100 37 71 68 46 87 99 16 92 25 94 73 65 49 93 90 99 77 73 48 43 94 10 10 58 12 
71 49 21 85 90 72 22 60 40 19 98 90 86 89 14 79 13 30 79 58 19 29 34 44 77 28 89 38 38 46 1 8 95 21 45 36 93 66 95 84 84 92 73 69 32 86 99 45 68 78 54 86 58 87 81 34 67 70 72 56 15 72 63 61 45 7 96 37 24 42 20 59 33 92 79 65 29 78 61 96 7 14 34 16 52 14 50 18 35 73 73 2 96 88 14 40 46 62 28 22 
3 47 80 88 90 11 52 19 40 64 14 98 29 47 13 80 13 14 50 99 86 74 52 34 13 66 73 59 27 1 32 81 99 63 68 89 73 71 7 12 34 72 9 14 71 22 46 35 35 95 33 73 20 37 6 33 2 30 43 80 82 74 12 81 88 80 69 61 50 27 72 36 50 33 49 20 54 46 6 40 40 91 12 12 27 69 44 28 99 38 59 80 11 70 12 98 49 32 10 51 
10 34 38 60 66 38 31 71 84 37 10 75 27 74 86 53 94 81 32 44 18 42 76 80 11 87 30 12 19 39 14 80 72 51 39 37 40 22 59 75 58 21 50 36 46 87 40 39 68 71 83 85 64 58 65 74 96 94 85 66 32 98 46 56 100 36 44 92 57 3 66 66 23 15 1 68 54 40 58 21 62 92 5 25 1 21 99 97 66 35 14 50 85 59 5 36 47 48 27 3 
50 93 69 24 59 69 43 12 61 1 84 74 92 41 99 93 61 49 41 27 35 54 76 71 65 32 7 11 79 85 65 81 29 33 56 88 54 99 51 66 51 35 39 42 75 89 86 87 37 78 65 24 32 40 94 48 23 100 58 2 37 74 34 65 7 89 52 12 39 55 77 89 41 67 83 67 56 20 53 44 98 18 67 81 9 61 28 32 12 37 85 48 10 18 13 68 58 16 79 97 
22 7 37 62 26 19 28 81 39 33 24 36 50 91 16 10 3 95 93 66 31 77 66 40 46 30 60 4 45 38 52 19 97 40 80 22 59 60 54 49 92 77 84 93 19 51 54 73 97 47 39 27 23 4 18 21 33 77 24 29 67 27 47 15 66 79 36 76 90 41 24 33 17 59 77 88 9 30 60 5 76 50 83 51 5 53 71 89 29 46 70 47 24 68 61 41 46 48 17 87 
88 40 19 57 99 95 44 59 77 55 16 4 57 50 54 61 2 76 2 83 73 71 29 96 38 42 37 36 41 5 22 81 44 93 37 94 39 32 5 15 38 20 71 94 69 24 7 23 52 8 5 24 78 33 20 67 26 8 2 67 12 76 47 7 20 35 1 10 66 57 25 55 28 47 49 96 70 55 70 73 14 74 97 91 7 68 9 32 75 63 50 38 90 48 44 9 82 96 18 99 
52 94 54 31 40 2 79 62 8 48 86 21 22 82 63 80 1 23 63 27 85 13 64 74 60 60 34 42 55 4 40 59 49 45 89 41 98 19 2 57 67 39 29 88 73 91 67 73 66 29 100 50 41 15 76 53 74 61 94 81 64 85 91 13 82 31 53 79 50 6 36 16 44 64 3 16 7 21 41 72 49 40 73 42 54 48 94 80 9 39 60 24 75 50 36 56 32 40 35 81 
45 70 96 41 85 50 8 91 70 48 14 71 39 87 12 45 86 5 24 94 95 35 18 69 36 5 77 67 45 11 100 41 32 95 33 16 97 41 59 18 40 72 88 31 10 51 75 96 7 50 89 1 84 58 22 71 15 98 37 11 8 36 51 91 83 36 58 31 28 68 48 67 40 88 97 49 38 23 44 45 24 85 45 7 94 66 29 60 63 18 70 22 53 73 64 87 8 22 17 87 
89 17 53 80 4 2 81 93 76 76 37 100 12 34 58 6 51 87 17 66 4 87 87 8 11 3 47 70 24 15 56 64 31 60 44 86 13 76 79 89 51 67 40 63 100 97 20 3 35 36 68 90 74 6 98 36 8 96 5 83 10 12 47 93 24 42 30 36 17 60 76 67 27 15 81 78 64 100 80 98 88 47 88 61 53 37 97 60 84 53 43 93 17 41 85 40 82 67 75 50 
26 51 68 52 17 49 30 80 100 61 30 87 8 69 100 12 57 96 23 40 100 17 84 16 57 21 55 90 87 82 91 12 84 59 64 100 59 45 32 58 5 13 97 64 81 96 75 37 43 50 28 94 66 11 10 23 31 16 64 17 97 55 29 80 13 44 32 23 88 15 32 44 27 28 8 59 75 34 47 17 83 74 11 49 84 72 23 67 87 86 35 36 92 63 67 56 6 98 78 45 
64 10 89 90 37 48 48 64 33 94 32 16 19 42 16 55 65 90 21 52 27 55 39 19 70 5 74 27 3 52 72 18 13 12 8 1 11 7 64 43 53 96 58 71 89 25 25 54 14 97 57 93 4 95 11 73 99 36 99 53 87 22 71 51 85 30 52 95 88 15 38 40 62 47 63 51 72 39 4 37 36 12 29 39 58 91 63 56 27 13 61 65 35 31 16 19 12 67 14 99 
33 3 91 95 49 53 45 72 91 100 9 78 11 89 68 20 80 30 75 6 43 35 70 29 17 85 99 80 3 64 79 36 66 21 30 67 73 74 38 15 25 98 45 87 87 12 6 66 94 32 23 88 19 44 16 35 29 66 67 31 30 97 18 47 17 47 13 41 72 3 55 96 100 51 82 38 63 39 55 56 71 77 95 89 21 62 75 1 27 41 83 8 37 1 7 5 99 19 45 71 
73 52 66 25 2 100 62 16 38 17 71 8 45 17 96 17 78 71 17 5 63 52 64 100 52 70 56 50 41 1 72 13 4 38 37 5 89 51 21 78 19 43 86 63 60 33 80 37 55 48 93 18 99 9 69 50 78 24 52 18 76 23 83 79 12 71 84 52 21 56 30 91 98 67 54 9 99 33 98 6 80 90 23 31 98 91 80 28 66 83 45 42 58 79 20 21 50 3 73 22 
58 2 13 8 20 18 16 18 2 13 23 33 55 97 63 4 39 95 31 5 77 28 46 34 6 17 55 7 20 79 81 29 80 45 88 51 62 4 68 63 68 43 47 22 39 10 78 78 4 8 34 80 87 31 66 45 47 72 51 18 50 83 47 81 27 86 31 88 41 50 2 9 92 49 82 83 10 59 12 13 19 97 44 57 27 61 1 73 32 52 91 33 86 89 65 13 74 47 52 15 
97 6 75 40 6 8 74 15 67 37 79 37 33 22 93 59 35 94 32 18 97 74 51 82 62 67 46 87 14 98 53 10 3 27 49 8 35 75 74 53 11 52 41 44 73 85 2 59 30 85 77 26 10 27 60 23 93 57 10 6 54 14 67 8 41 68 67 27 42 40 31 52 43 71 47 68 7 1 26 37 37 2 14 47 80 73 69 25 30 30 82 35 44 49 95 36 16 61 14 9 
53 44 12 95 66 11 62 72 11 40 8 47 41 74 45 21 46 66 45 27 95 78 14 90 26 8 77 93 20 90 1 72 85 65 19 2 75 32 26 85 71 85 83 12 58 80 84 56 45 80 82 91 57 47 81 35 54 9 27 74 51 80 97 35 96 15 89 70 47 14 6 69 50 40 32 8 19 15 63 63 46 96 6 55 43 38 89 96 46 67 21 96 46 18 83 41 84 23 62 82 
36 67 51 85 7 82 44 77 49 6 92 46 54 97 100 96 34 88 43 31 55 16 27 52 33 61 45 68 83 6 50 70 25 100 6 83 33 50 59 81 7 50 27 60 98 78 7 31 66 2 62 72 17 40 75 1 100 19 68 34 25 17 3 49 68 60 31 1 9 89 33 68 91 11 79 88 89 86 71 54 87 84 77 55 23 51 55 74 70 22 7 46 91 61 94 58 20 76 10 81 
64 43 48 6 53 26 46 93 63 16 46 1 99 74 55 73 25 9 46 46 83 4 91 73 16 36 82 35 11 92 67 26 86 66 32 90 44 29 83 6 44 80 59 94 54 13 18 30 74 15 27 56 18 69 80 33 4 13 19 14 56 38 91 41 3 74 83 46 2 65 4 97 44 62 42 49 26 59 30 99 73 56 6 42 76 85 26 79 98 45 44 53 34 87 46 36 60 28 34 62 
44 89 10 87 50 52 88 75 62 17 26 35 25 31 76 52 68 2 31 17 98 26 69 31 12 66 18 24 45 51 85 88 39 46 75 40 97 14 67 59 82 92 45 58 74 72 10 41 25 92 57 22 69 78 4 81 43 22 56 40 24 92 27 15 37 53 54 86 66 72 44 48 15 40 5 89 11 66 29 36 57 38 9 26 15 13 58 9 86 13 48 9 4 75 23 92 27 29 77 45 
52 72 44 67 11 48 55 22 66 35 9 74 24 17 99 38 81 8 99 66 72 98 27 27 24 1 19 3 81 47 47 33 19 90 99 29 89 5 2 54 91 10 28 15 79 78 4 59 38 54 77 9 52 3 36 27 55 6 29 36 52 75 68 70 16 18 51 5 74 52 10 16 62 89 82 40 67 38 50 56 91 26 64 94 80 51 73 35 8 1 70 12 28 89 81 43 58 31 99 31 
35 9 98 96 49 80 87 67 17 36 22 59 14 86 5 93 88 77 27 48 77 48 59 4 88 39 99 45 22 97 27 8 57 25 3 6 4 41 72 72 76 94 30 89 31 34 34 70 10 60 17 39 60 75 94 47 66 92 44 39 89 70 46 97 94 100 2 49 40 26 20 15 19 2 56 1 87 89 70 49 100 87 87 11 13 80 58 78 24 1 16 12 70 13 60 16 12 62 16 51 
87 88 18 57 89 73 9 27 13 78 75 64 16 13 75 81 93 84 58 16 84 26 79 5 38 90 72 50 51 88 100 89 75 17 97 15 41 5 93 5 35 68 69 2 80 95 82 24 78 40 91 13 17 21 69 54 11 41 3 13 80 55 54 6 23 50 72 64 7 64 20 41 31 88 94 63 34 76 38 11 67 81 23 83 1 44 36 63 84 91 76 15 45 81 20 67 30 43 82 88 
6 2 28 37 41 22 51 75 49 88 37 15 20 12 97 21 55 32 35 90 74 62 4 18 42 75 37 72 17 70 59 22 71 39 10 64 12 12 90 60 52 26 74 71 89 22 43 43 5 78 84 79 39 39 48 81 13 84 4 81 54 14 55 76 4 16 39 67 28 80 26 31 58 51 1 46 24 96 41 29 73 24 7 63 63 6 95 27 90 50 60 95 16 14 22 19 81 13 38 8 
92 15 90 49 66 91 47 89 38 87 69 10 10 27 24 24 33 19 3 22 20 62 68 35 27 89 6 7 53 43 67 45 57 56 45 74 46 91 15 83 77 83 44 39 10 68 14 42 38 16 15 57 77 34 44 55 74 49 62 27 91 28 23 47 83 67 73 81 10 87 15 86 69 11 76 30 30 90 23 67 57 37 75 86 70 18 40 96 66 1 22 8 28 44 7 11 62 79 43 71 
65 57 9 85 67 36 67 96 25 89 14 82 26 41 19 47 58 58 42 76 59 15 83 86 58 89 48 72 19 42 42 35 99 2 20 17 38 38 65 14 26 30 47 3 70 65 50 80 23 43 55 81 58 89 18 67 30 18 38 48 59 80 35 9 81 54 78 70 43 42 84 68 23 30 71 45 95 72 24 17 14 30 97 23 70 14 90 99 31 27 99 42 58 33 50 91 38 27 60 80 
20 95 99 95 25 69 39 19 92 14 35 6 43 83 80 64 48 69 15 79 48 13 72 57 97 21 99 86 100 11 17 71 5 15 65 29 84 3 47 75 16 33 32 10 15 64 74 63 32 88 93 31 52 64 88 48 36 38 85 35 48 1 58 53 15 22 81 50 25 28 77 92 12 60 2 27 23 27 89 7 14 81 37 65 96 76 64 31 14 100 18 13 100 75 65 66 96 46 68 72 
25 44 64 36 55 17 14 78 43 2 36 8 34 24 24 29 52 39 12 65 38 81 29 89 55 94 54 2 91 73 26 15 68 41 2 23 57 16 52 51 69 87 58 3 62 81 83 13 71 94 29 8 26 58 96 80 51 1 34 41 74 59 7 41 51 60 15 7 75 18 9 44 4 66 98 18 98 80 30 68 26 59 27 51 16 74 83 66 74 68 58 99 26 16 92 28 75 58 34 2 
76 94 97 31 11 94 48 8 25 78 27 2 36 5 5 51 78 87 68 3 6 77 2 83 44 45 10 18 2 43 71 77 88 67 8 98 12 7 5 89 84 83 42 71 87 46 73 64 84 92 66 89 20 19 71 63 15 80 33 17 74 3 45 61 22 4 58 85 11 14 73 46 48 15 17 34 12 89 49 96 33 67 36 52 37 7 15 52 38 47 68 12 1 64 24 74 68 82 59 30 
47 83 75 95 49 43 80 61 32 29 8 16 47 43 67 83 1 33 86 39 31 5 2 32 69 25 5 88 58 15 17 5 98 91 51 46 34 30 58 17 10 65 84 8 60 50 43 60 83 28 98 65 33 51 96 53 76 53 40 85 19 8 41 16 50 91 14 35 73 23 51 34 40 86 42 99 36 84 58 70 63 8 34 95 58 82 99 85 86 90 70 4 97 62 72 47 53 37 81 77 
11 84 10 50 69 51 48 56 34 58 25 49 17 11 95 26 44 94 11 81 83 32 36 80 93 7 78 97 95 58 73 6 93 83 7 62 85 55 17 71 64 94 19 80 56 13 57 51 6 19 31 41 2 66 72 47 25 49 43 19 58 68 76 51 2 83 12 86 89 80 56 4 25 74 35 80 87 91 30 44 10 12 84 11 78 55 57 2 3 52 72 13 19 48 63 20 82 74 57 22 
