65 96 40
41 90 79 94 77 97 33 39 19 53 68 75 90 51 82 92 28 41 19 57 75 23 51 97 89 11 76 87 27 71 42 19 13 72 12 89 21 44 79 39 96 46 66 37 49 47 28 76 40 47 33 14 21 35 10 10 45 37 96 23 60 37 41 72 61 52 12 81 95 90 19 42 88 84 79 36 83 58 11 22 56 95 87 77 82 97 86 78 85 33 1 44 22 41 67 82 
93 30 62 39 72 32 33 59 68 63 94 50 20 56 23 76 51 9 52 32 57 89 9 42 73 9 37 94 2 56 27 46 85 40 36 56 72 68 66 39 82 59 88 2 67 10 29 69 70 32 100 27 72 60 20 44 21 56 90 22 11 16 19 48 56 54 55 27 74 21 65 55 31 4 8 97 65 36 65 86 19 16 12 90 28 31 34 48 39 23 21 1 90 39 48 45 
44 3 23 17 75 87 24 5 42 31 54 58 19 70 44 37 86 7 27 13 38 12 12 28 86 84 28 75 22 28 20 17 82 42 34 56 81 57 12 74 39 65 32 57 35 27 94 72 33 72 36 22 83 47 49 68 30 29 42 3 56 13 19 37 7 4 44 39 60 55 12 51 72 95 7 6 21 52 29 6 23 64 27 57 62 76 24 43 4 18 45 11 82 15 99 88 
19 42 26 30 96 90 80 67 84 39 24 57 90 4 62 65 67 40 21 80 67 97 22 22 66 18 32 47 85 30 87 55 71 64 36 19 53 68 37 89 6 13 97 47 16 10 11 35 49 84 14 16 80 88 37 45 57 69 43 41 50 81 47 73 45 83 91 49 50 79 89 55 91 85 53 7 94 64 93 43 47 58 58 78 45 46 22 2 66 16 94 16 97 41 40 93 
23 30 41 24 60 30 30 51 14 82 9 60 45 1 2 43 58 11 20 55 56 93 8 74 61 53 89 57 93 28 49 67 9 41 90 20 22 71 70 36 53 30 47 49 82 100 44 92 10 63 46 17 8 5 90 68 57 30 76 2 9 76 20 69 16 62 89 38 32 58 25 84 40 23 85 21 22 28 12 31 42 9 99 49 13 89 68 22 70 95 23 79 70 94 99 38 
55 87 27 87 97 3 22 36 25 6 56 46 85 20 76 27 28 26 27 93 66 95 14 36 41 88 66 11 81 64 100 88 51 26 74 47 28 47 34 52 5 89 49 89 60 76 15 88 1 42 32 67 88 45 2 28 84 67 90 16 82 89 3 32 14 28 30 93 75 63 96 79 4 44 67 15 19 34 2 20 75 85 38 14 81 39 41 64 57 83 80 90 71 34 22 37 
62 3 81 36 18 77 66 73 72 84 87 91 17 41 62 43 25 99 8 6 89 49 21 97 31 52 86 53 86 59 89 47 14 70 34 31 98 99 3 69 82 89 11 51 81 24 45 6 22 53 63 62 53 83 58 35 87 96 87 72 6 28 70 19 49 3 49 46 53 3 66 86 44 29 36 24 52 33 29 26 85 91 87 37 26 97 23 12 44 9 35 49 36 4 68 36 
6 68 33 10 71 99 95 14 79 83 37 30 15 18 55 99 60 94 87 85 42 9 48 85 69 82 85 57 37 52 92 94 20 25 3 42 75 98 55 53 80 43 34 46 60 89 96 72 34 82 8 75 42 56 11 62 89 47 18 26 99 62 19 70 38 22 11 64 71 17 16 50 59 1 47 71 41 42 42 74 23 49 100 16 4 62 77 45 9 47 70 59 8 40 28 45 
13 90 60 83 58 75 84 16 27 30 86 68 71 79 93 45 28 93 60 83 6 89 27 14 35 48 24 94 88 3 90 100 92 49 35 49 75 18 17 1 48 54 20 70 33 13 15 60 5 74 94 10 14 73 76 100 20 99 93 59 2 34 11 45 82 45 46 8 14 62 9 61 15 80 31 99 92 97 58 96 70 4 58 36 76 85 35 95 83 80 6 36 13 16 81 47 
12 26 6 25 39 66 86 53 46 68 52 37 64 61 33 85 64 42 72 91 26 7 86 60 38 43 96 2 58 28 100 69 5 6 93 43 71 30 47 16 49 50 53 12 63 37 49 78 30 20 69 55 78 6 66 15 48 13 69 5 92 68 25 96 73 69 90 44 99 37 11 47 38 63 11 100 51 59 78 80 30 46 86 8 51 4 74 98 16 42 54 8 10 30 3 34 
98 93 29 48 81 40 95 18 54 57 18 5 67 47 36 96 92 74 55 94 77 29 91 92 22 96 99 83 25 54 17 22 98 45 70 30 36 16 47 90 24 16 46 90 14 33 37 5 6 44 98 82 24 40 26 45 87 24 28 11 29 96 85 78 40 6 7 28 73 6 17 48 73 14 37 87 46 25 43 4 20 41 85 43 32 10 40 19 86 19 81 66 14 17 44 5 
74 2 32 46 59 100 93 32 65 81 70 11 58 12 14 77 4 50 72 36 12 11 6 49 81 38 14 94 55 9 50 28 11 82 26 21 33 18 52 98 51 21 60 8 85 25 36 88 74 59 75 37 69 80 85 49 18 99 94 24 59 44 51 21 77 28 42 9 46 45 6 48 66 17 7 2 41 42 89 67 1 64 3 21 95 88 22 64 38 67 39 96 10 42 17 86 
69 10 47 14 54 4 13 71 21 19 72 61 13 61 79 13 76 82 85 22 69 58 38 58 25 76 5 86 17 21 24 86 30 70 51 36 25 64 6 45 34 78 58 46 90 36 10 17 69 47 38 89 4 27 46 28 3 51 66 71 23 89 56 5 58 59 40 82 74 45 79 7 22 88 53 63 75 14 79 44 60 69 32 64 95 30 43 97 80 8 20 54 48 75 58 5 
85 49 39 58 94 69 17 67 56 21 82 82 34 60 25 46 28 9 61 75 38 3 71 69 63 42 22 10 17 32 67 53 80 57 11 25 25 79 44 32 99 25 65 84 84 90 29 64 50 89 38 87 44 60 55 6 2 28 67 70 59 85 22 39 41 84 15 17 14 58 100 12 34 65 96 18 6 76 33 55 65 70 41 8 81 47 65 34 74 83 3 85 68 77 75 60 
12 89 29 26 99 28 89 32 44 36 1 49 12 33 3 76 54 95 35 87 93 99 20 67 81 23 3 100 51 77 12 14 65 40 39 63 19 80 47 63 15 47 11 26 80 66 53 85 12 87 71 5 37 91 23 70 65 25 69 67 1 80 80 17 71 71 32 90 50 78 52 16 24 14 94 55 79 98 40 91 85 62 47 73 4 69 42 68 93 63 86 45 94 66 61 65 
88 92 54 37 69 57 4 45 70 49 99 1 47 90 43 83 52 89 55 55 9 49 75 53 11 60 97 56 77 9 20 64 1 25 52 21 33 56 65 3 56 16 55 2 5 97 84 8 37 91 15 45 39 89 49 1 100 45 56 29 5 76 92 57 52 44 78 85 51 94 39 6 61 45 60 18 93 43 25 29 33 91 25 71 31 25 71 31 21 79 59 25 6 2 82 57 
97 11 93 99 4 83 57 17 79 16 34 71 58 58 51 43 1 27 65 31 51 88 61 71 66 71 96 71 25 77 27 21 87 72 20 42 6 76 58 85 91 91 55 100 1 6 42 1 84 59 31 35 46 44 5 11 66 100 81 90 28 59 63 66 82 82 8 88 9 17 24 51 8 78 50 60 35 44 12 19 2 94 53 47 37 9 9 55 61 89 96 88 99 58 6 81 
91 13 20 99 29 43 49 88 20 51 99 7 94 10 77 47 4 81 45 92 89 53 98 1 41 94 89 91 3 46 71 94 58 90 44 38 32 93 78 4 43 28 62 88 38 38 34 93 18 78 84 58 30 34 59 22 27 99 12 29 44 35 74 53 76 18 42 8 62 71 63 56 99 24 43 36 13 76 28 82 5 63 39 86 96 49 59 74 99 22 55 42 56 28 46 32 
97 88 91 58 58 5 13 56 28 7 43 40 34 22 73 38 85 11 23 32 12 81 6 10 3 12 4 10 39 49 93 88 88 83 97 98 87 62 5 66 68 100 57 2 21 29 39 57 92 14 41 3 46 98 12 100 9 67 10 47 68 2 86 7 37 83 4 75 44 61 41 11 12 49 12 84 30 3 41 21 68 33 23 13 30 86 65 38 5 74 36 72 27 22 78 15 
4 34 90 99 46 82 9 57 30 73 40 59 27 32 31 46 64 5 58 93 91 74 30 47 47 18 18 26 39 47 40 94 80 81 92 25 62 52 33 44 76 73 54 54 56 85 99 20 89 57 64 31 30 94 77 29 63 46 6 1 93 97 46 72 78 37 49 91 40 81 86 16 5 40 69 61 76 68 80 64 76 43 47 57 88 75 37 50 21 94 2 13 91 47 36 20 
35 84 62 75 17 48 42 21 87 62 81 62 81 12 77 8 7 75 65 46 50 53 96 70 99 49 82 89 96 69 60 82 53 21 8 69 20 49 41 6 63 22 19 43 85 48 51 91 22 67 37 71 71 84 92 69 84 73 9 31 42 68 13 46 41 20 66 60 21 6 18 83 79 88 77 64 35 79 6 9 45 94 31 68 29 23 36 13 47 45 95 40 64 7 85 56 
79 50 16 99 8 85 33 86 72 9 1 59 88 59 19 84 4 49 51 85 71 39 49 70 35 43 9 50 50 94 6 80 95 73 78 54 57 62 92 80 22 44 90 9 2 8 45 58 9 47 42 31 37 90 100 71 32 9 21 33 54 26 12 100 98 41 54 6 2 45 85 24 88 75 84 42 34 80 99 42 27 40 73 63 81 72 86 12 32 58 45 85 83 8 85 32 
49 90 37 2 86 73 25 25 99 61 66 33 40 16 26 18 7 98 33 87 22 70 51 5 27 95 42 61 54 78 92 2 67 80 4 4 4 80 28 3 92 46 35 84 61 12 53 68 10 85 6 83 6 56 39 32 2 80 92 56 57 35 9 75 66 64 78 70 96 6 72 87 51 58 70 11 69 23 30 30 59 88 64 65 43 3 48 97 34 92 52 91 26 12 65 44 
76 95 13 71 100 36 57 50 45 79 12 65 53 94 47 63 33 10 79 75 64 27 23 98 18 26 40 95 38 56 38 13 50 2 83 1 89 91 2 33 21 14 98 73 59 44 88 91 5 66 17 21 92 40 18 61 65 9 8 2 64 45 66 66 99 100 66 87 91 68 72 63 33 21 88 43 64 75 33 20 40 1 40 84 92 9 96 57 69 3 10 85 100 28 50 98 
27 67 36 69 34 7 32 18 27 19 60 42 45 44 62 84 97 53 19 88 14 67 96 82 69 58 66 20 85 67 17 11 34 53 80 19 11 63 37 38 81 48 79 25 44 92 60 40 97 31 27 10 97 75 91 17 32 9 37 16 75 5 78 8 57 57 79 68 71 15 57 51 14 87 27 57 79 39 96 75 21 75 36 17 49 78 33 32 86 21 47 61 26 24 20 34 
33 98 1 3 64 9 6 78 96 84 86 26 74 34 52 94 60 87 10 60 64 95 91 2 67 89 14 92 12 33 26 96 83 78 51 46 87 8 75 82 91 13 59 17 46 10 10 57 96 72 16 11 18 6 12 84 94 25 76 57 10 53 5 92 30 55 89 16 14 16 49 4 28 7 72 25 68 82 81 63 5 96 26 22 53 89 5 46 14 32 54 75 84 58 66 14 
64 6 81 77 21 82 33 100 40 4 24 8 37 56 22 41 51 47 14 55 36 71 52 1 2 6 75 38 15 92 3 31 97 35 7 70 16 91 69 8 47 45 15 35 100 36 76 3 35 41 57 70 11 9 22 65 66 96 2 80 87 56 10 35 90 69 56 58 11 25 17 57 21 31 44 20 18 71 74 4 11 31 25 22 91 46 38 56 41 91 87 79 46 49 66 87 
17 21 96 79 97 12 88 17 94 31 89 64 1 62 67 11 44 92 84 34 37 21 41 30 63 28 60 8 28 25 47 96 98 42 74 94 6 61 63 51 43 51 66 43 64 33 6 8 76 41 93 64 14 86 45 76 65 5 36 92 81 82 87 30 75 60 24 32 73 38 35 15 88 100 10 51 32 15 10 59 7 3 23 72 88 67 48 52 23 35 43 56 68 81 85 42 
40 60 26 64 97 60 79 84 59 88 87 43 54 96 1 12 98 75 84 37 94 83 40 16 17 34 23 84 14 8 77 6 19 2 69 16 13 99 51 72 86 37 66 91 33 66 3 82 93 38 71 86 20 10 53 36 44 76 19 57 35 47 62 53 49 83 68 61 81 19 84 19 7 1 9 39 19 63 73 11 100 43 48 71 52 100 6 47 27 76 4 61 23 17 14 23 
51 33 35 32 3 19 50 10 71 10 100 89 25 72 99 76 66 98 47 18 98 4 64 24 80 19 37 2 88 50 24 38 34 10 21 37 80 22 46 51 84 45 39 8 69 90 83 34 87 81 51 36 85 67 60 16 37 48 17 24 97 92 14 82 1 34 18 81 8 63 83 91 60 21 98 28 62 32 61 49 65 64 84 49 30 95 64 18 42 32 94 90 75 7 72 27 
92 89 59 99 4 41 89 63 14 38 90 75 70 50 75 86 65 11 34 46 57 49 64 99 32 57 40 6 15 63 32 6 4 43 5 7 83 45 69 48 83 10 23 4 11 49 89 76 59 74 21 16 22 36 66 53 92 5 10 6 20 93 64 23 35 20 29 70 64 49 17 98 10 91 1 20 40 41 47 98 14 20 13 35 55 30 39 99 87 100 56 6 93 19 28 27 
90 56 48 54 56 65 3 65 55 4 36 94 44 83 44 10 2 8 96 8 38 35 6 24 86 14 81 78 32 8 57 74 63 4 79 70 20 81 34 27 36 69 72 32 51 15 41 4 75 36 64 12 22 69 87 8 82 67 37 66 26 93 39 40 97 17 9 68 49 42 94 85 62 66 16 65 32 56 68 6 43 83 69 17 52 7 24 85 73 60 2 50 5 92 89 1 
8 97 20 9 90 14 93 52 31 60 16 62 67 35 68 9 18 36 25 69 43 100 5 67 12 7 17 16 98 5 68 58 54 87 18 43 100 10 94 82 69 9 44 87 44 11 95 61 98 72 81 92 23 37 11 34 95 27 49 45 83 16 2 36 3 71 31 54 80 24 36 100 85 31 86 28 93 32 40 90 55 72 34 78 8 44 11 55 22 12 99 56 27 52 44 81 
22 74 35 53 97 22 52 33 52 89 12 44 72 51 85 79 74 18 56 34 13 18 88 34 29 86 90 8 89 33 88 10 6 74 62 54 95 65 87 98 5 98 93 28 1 78 6 74 47 13 59 60 31 98 93 11 35 34 18 23 66 6 32 23 79 45 77 26 61 15 75 17 12 68 45 64 45 50 90 43 63 48 2 93 98 47 55 32 80 73 55 98 30 38 20 8 
35 48 85 95 62 60 12 26 27 8 41 23 57 30 17 71 30 19 15 27 17 70 58 96 42 64 93 71 54 65 30 88 12 67 34 26 78 97 51 56 4 91 78 61 73 94 83 2 64 98 80 80 67 89 28 8 53 20 30 6 36 11 45 48 77 78 73 54 27 75 9 30 17 38 42 89 84 25 42 99 22 21 79 88 10 6 47 14 77 28 71 13 38 67 12 67 
96 36 72 22 10 33 4 26 70 45 67 5 21 8 4 94 81 34 33 90 91 79 55 19 58 77 83 96 43 94 14 38 29 85 60 90 17 63 68 39 59 34 95 80 41 50 25 21 83 58 62 25 88 68 44 46 44 26 93 38 72 6 76 52 42 87 42 11 49 61 1 59 94 47 90 86 97 15 59 79 72 72 56 11 92 99 56 35 76 48 73 47 5 100 99 99 
86 92 61 86 4 13 44 97 59 34 34 55 100 44 86 71 16 41 81 59 91 89 93 66 88 17 13 45 68 63 43 53 6 55 38 9 67 34 57 25 67 42 80 66 86 17 88 53 57 20 11 99 8 55 64 96 24 76 92 91 90 86 96 95 40 33 55 6 66 11 82 84 53 13 1 90 29 40 42 37 60 4 35 19 58 51 14 81 26 57 24 68 42 19 14 81 
3 69 38 69 79 72 4 83 84 57 72 65 96 65 53 55 68 40 74 78 90 39 58 67 96 33 34 89 51 48 70 54 68 59 74 46 30 29 81 66 85 4 82 81 69 34 87 88 73 12 65 14 51 75 81 98 7 66 38 58 13 59 63 80 18 36 78 99 64 10 16 49 13 97 81 33 83 67 21 7 31 37 21 33 11 1 30 70 66 67 27 31 26 89 62 95 
76 91 45 39 100 61 39 13 9 19 97 91 38 69 98 68 6 70 52 68 22 81 37 87 99 63 69 76 3 31 22 30 21 19 69 73 79 59 37 39 30 33 30 19 2 79 38 59 48 89 26 69 21 63 7 71 77 28 99 32 58 20 61 30 38 81 54 68 40 90 7 69 23 88 87 76 66 24 34 65 64 59 85 84 21 43 54 50 70 52 81 79 24 41 61 61 
22 14 81 61 4 87 81 26 26 19 53 43 94 86 7 57 44 43 40 17 85 45 66 55 97 46 85 72 38 45 32 59 59 12 71 62 50 3 39 75 21 91 69 66 28 27 22 71 69 13 39 54 10 4 60 58 1 44 29 39 41 60 97 99 24 20 12 25 22 50 52 95 92 20 60 19 47 82 41 67 46 80 72 55 35 83 12 36 27 92 74 19 52 22 17 27 
41 28 3 15 29 6 9 72 26 68 42 24 1 82 42 99 13 14 5 48 96 69 83 74 60 8 92 63 29 60 41 22 87 44 36 67 49 96 90 26 15 31 1 68 65 43 66 77 8 22 24 3 90 58 29 50 65 20 64 46 80 5 67 18 100 54 37 100 49 26 78 15 9 78 82 73 72 99 1 79 21 25 34 10 34 14 11 51 33 75 96 64 31 14 34 30 
67 22 29 67 99 6 81 7 36 15 31 59 13 32 90 33 8 23 95 93 36 5 43 20 31 38 36 61 51 21 42 69 94 23 87 92 80 20 51 15 34 33 74 46 64 63 31 23 37 25 16 24 81 58 95 12 48 82 24 50 54 66 19 47 88 57 39 67 76 41 34 9 73 59 7 89 73 37 11 9 13 78 84 93 36 30 4 35 12 28 84 65 45 2 12 84 
59 2 2 86 42 35 95 66 93 53 54 65 41 17 25 53 94 60 45 81 90 49 15 1 28 99 17 24 52 28 7 62 81 8 48 74 43 94 40 87 46 45 4 86 61 80 38 55 40 34 87 29 82 2 81 61 100 97 84 51 25 42 65 57 50 12 31 44 57 70 30 2 14 85 39 27 65 28 81 4 61 67 32 95 20 12 7 19 60 91 22 36 32 86 93 33 
49 23 76 5 44 58 58 57 42 48 83 6 27 15 9 87 34 92 33 53 55 40 24 15 82 97 50 65 82 94 98 82 16 73 38 59 82 47 68 24 94 2 81 20 17 42 58 2 85 91 6 40 82 29 6 63 25 7 27 58 53 24 91 68 49 28 79 30 26 46 5 19 47 86 90 15 79 100 68 63 42 74 54 23 2 11 85 79 18 11 88 70 87 79 89 35 
58 67 16 84 64 21 54 63 58 96 77 36 95 45 98 36 70 4 58 71 14 94 1 31 4 41 52 90 19 93 24 28 59 92 63 75 12 17 37 21 64 65 56 58 9 5 45 78 8 54 1 22 47 53 4 50 93 8 92 63 100 67 43 10 58 5 84 21 73 72 41 36 37 96 45 97 53 89 27 60 94 79 33 40 31 37 42 76 44 33 90 95 99 32 4 9 
89 40 29 61 11 70 49 99 17 93 96 69 34 22 81 27 100 13 67 82 49 8 57 44 92 99 90 42 30 94 50 70 85 79 31 47 100 79 46 16 23 93 37 56 66 17 83 65 29 1 98 30 60 7 25 51 5 15 92 86 60 42 56 44 72 38 42 23 68 39 38 90 31 74 46 96 42 80 12 71 80 62 100 39 68 24 41 24 90 32 9 49 25 16 44 48 
53 86 70 72 24 60 62 7 85 59 54 27 38 66 97 17 27 48 7 46 23 47 69 13 30 29 13 55 45 57 54 49 42 24 21 17 83 82 23 67 92 77 45 29 94 41 97 72 40 3 69 63 1 37 27 30 65 39 36 61 95 90 62 88 65 82 57 99 15 31 17 6 59 62 86 52 54 82 75 94 36 43 8 36 31 86 17 48 76 53 8 23 94 21 62 58 
2 18 56 68 49 24 25 7 85 10 11 91 91 37 36 26 32 95 13 62 80 30 61 55 82 21 29 75 41 91 84 43 8 91 62 8 14 87 67 51 96 29 41 39 65 76 64 48 70 29 62 1 58 22 7 91 42 36 65 83 78 100 77 85 90 38 45 55 76 63 57 72 91 97 10 7 24 25 55 45 53 16 97 62 37 56 52 31 91 68 13 20 67 41 56 8 
78 100 63 6 62 71 77 4 68 38 11 43 14 17 40 19 84 36 80 72 91 84 2 33 51 66 52 18 6 8 77 36 59 91 41 73 62 69 76 29 58 86 23 71 54 62 41 37 50 73 9 92 56 62 25 6 28 28 23 33 87 52 20 46 42 12 18 3 80 45 83 37 31 6 60 36 19 52 73 20 24 33 12 79 94 88 85 21 15 59 6 54 10 77 99 52 
89 68 6 68 12 89 57 94 46 68 30 64 19 54 84 43 86 47 21 31 34 5 52 100 16 9 53 77 85 3 28 73 70 34 93 34 74 49 79 19 16 60 82 34 13 17 76 50 15 49 81 48 5 84 100 20 44 52 97 80 7 76 53 76 61 97 61 34 45 40 52 12 51 86 45 16 54 73 65 69 21 97 68 25 32 67 97 27 71 93 7 77 20 11 4 81 
7 17 66 51 8 18 14 58 55 58 73 60 82 90 28 2 86 48 79 70 66 75 96 88 19 2 64 38 64 20 70 70 36 36 72 43 5 85 52 59 43 25 18 76 14 98 30 51 97 8 20 14 34 68 2 4 21 17 41 85 36 63 6 23 98 78 17 2 62 69 12 56 45 81 32 10 30 61 60 78 20 32 92 5 51 93 8 71 61 48 7 97 62 13 71 59 
90 40 12 3 60 75 59 4 8 42 65 37 54 76 15 25 59 58 29 9 50 36 32 10 35 90 58 97 2 81 7 43 20 19 98 31 45 56 86 52 49 50 89 2 25 55 78 84 12 6 44 13 41 75 74 27 17 32 23 18 64 82 13 35 100 10 65 44 17 50 48 65 51 36 18 75 42 95 10 53 52 6 17 44 32 90 70 48 73 45 18 36 26 30 70 77 
91 34 72 7 35 19 23 85 54 40 60 47 86 21 51 37 78 67 32 10 57 1 57 29 45 26 17 22 55 86 98 45 72 70 3 6 88 25 91 94 16 2 40 53 74 91 41 52 9 72 61 17 25 69 98 69 95 14 91 1 99 40 98 22 9 52 28 49 29 18 42 44 71 33 49 44 23 89 95 84 13 7 100 37 28 97 57 74 10 99 74 61 39 23 34 99 
75 61 47 3 30 88 98 100 21 98 96 95 87 90 78 51 49 30 87 76 26 43 1 88 94 26 100 32 49 33 30 75 94 29 29 75 16 78 27 88 76 22 35 14 63 12 64 11 93 2 38 19 96 38 58 89 64 57 72 64 89 54 90 34 82 70 61 49 47 87 37 74 8 71 87 70 34 2 33 27 3 70 97 99 60 54 39 75 62 11 38 2 64 79 88 97 
48 48 45 46 86 33 20 93 55 58 14 89 60 46 67 14 68 15 64 27 20 3 1 33 13 90 34 28 68 73 24 67 20 68 12 5 53 31 49 7 41 63 47 52 60 65 65 27 79 29 5 50 83 57 82 95 46 16 74 65 40 49 31 60 68 43 16 20 25 17 27 17 31 73 68 90 38 85 17 68 13 73 18 95 30 99 41 75 66 66 92 6 14 22 17 81 
16 84 1 93 100 79 9 30 51 77 72 40 61 88 60 25 12 77 71 41 27 63 68 45 28 59 2 41 32 18 73 48 53 25 40 5 3 48 34 6 76 5 45 36 44 4 12 8 32 82 48 59 44 15 55 23 25 56 15 57 25 88 4 77 12 95 33 67 42 19 72 70 23 16 5 19 72 17 78 3 50 25 13 46 92 67 68 16 74 83 24 98 22 79 27 85 
73 59 51 67 77 22 36 52 90 92 22 13 60 99 67 10 75 80 55 66 98 74 34 24 8 9 21 29 88 99 66 12 10 16 30 38 90 65 41 31 57 62 43 68 12 9 77 39 40 83 56 90 57 41 13 16 50 85 45 89 84 62 52 45 77 82 82 18 46 23 48 54 36 42 22 100 3 50 38 42 85 93 83 93 86 95 8 35 80 4 75 15 65 26 59 94 
7 40 11 5 14 11 58 2 52 31 1 6 33 90 48 17 34 30 9 19 77 68 5 56 72 79 22 36 5 80 29 11 71 92 67 85 2 77 38 5 7 38 11 91 79 10 7 12 91 67 83 67 87 87 74 58 66 95 45 70 26 26 32 97 17 51 33 70 27 70 74 33 59 84 76 37 93 34 100 84 1 82 2 39 69 76 48 34 22 92 55 48 17 38 44 85 
88 76 54 66 97 28 51 55 63 26 43 8 59 42 43 11 76 44 49 44 71 96 29 93 40 35 40 8 24 35 93 64 10 98 29 58 77 79 64 40 4 6 99 15 99 41 25 74 36 74 17 7 21 97 99 60 31 90 68 55 24 12 18 85 9 98 42 86 77 5 25 32 10 23 46 60 15 71 34 50 96 2 56 16 99 6 28 29 95 47 35 70 58 4 54 66 
2 95 51 78 51 27 61 12 1 7 72 15 77 5 17 24 6 72 91 4 30 18 85 76 16 19 46 73 23 99 39 24 46 41 53 96 68 13 8 20 19 79 87 47 35 3 22 92 26 13 96 55 82 32 31 98 50 28 70 24 78 60 47 23 53 51 19 72 64 78 91 34 8 77 33 94 79 54 85 57 66 80 11 100 63 93 97 13 72 18 36 50 30 35 72 82 
85 42 53 100 71 43 86 78 72 18 71 2 71 56 58 89 87 69 88 50 13 36 14 85 5 1 34 34 35 57 15 72 99 67 23 21 62 8 99 33 25 21 34 48 28 92 88 67 12 27 68 24 62 81 60 18 81 45 52 68 2 66 39 52 33 61 72 94 21 22 78 45 43 11 44 22 2 31 88 65 9 55 41 22 35 100 40 68 45 91 87 98 56 77 49 40 
89 72 85 9 94 62 54 36 73 49 9 26 80 97 43 88 51 83 62 38 82 1 57 78 91 43 75 46 19 75 38 7 47 22 16 40 36 21 27 60 69 35 85 100 31 79 40 34 61 1 23 43 53 79 72 43 73 47 40 91 21 77 49 19 51 16 58 86 88 36 45 57 23 81 8 53 60 99 38 20 51 60 14 3 90 86 97 62 84 37 4 56 65 53 75 15 
68 84 52 56 20 48 64 42 29 23 46 40 74 36 11 76 47 77 31 37 14 27 98 97 63 2 4 80 6 78 94 25 62 98 32 33 45 47 26 25 22 23 16 47 58 79 22 57 55 52 93 68 31 42 16 45 43 19 24 100 49 70 25 62 67 8 94 63 55 71 40 76 45 55 22 55 33 95 11 39 99 3 58 29 44 73 73 39 44 49 38 92 70 14 53 88 
22 98 50 28 20 89 55 64 96 28 70 80 22 80 19 20 34 76 100 78 1 25 68 44 73 57 87 42 23 91 29 96 40 30 23 11 71 77 74 66 56 96 45 77 75 15 49 9 91 48 38 43 24 5 86 48 13 24 41 35 66 21 30 5 51 52 67 21 80 92 38 35 87 34 64 62 49 12 70 91 11 59 33 35 63 70 34 75 93 75 10 58 95 91 14 45 
43 80 17 74 71 6 61 58 40 24 71 88 87 92 30 49 50 62 83 64 31 17 38 23 43 99 32 37 42 97 34 84 28 50 9 50 56 69 59 47 44 29 86 30 20 15 79 21 76 13 84 6 81 74 80 23 24 63 60 65 59 93 100 38 94 9 87 1 29 46 47 73 26 84 54 98 98 32 18 25 97 2 82 77 27 61 52 50 75 63 15 33 7 66 22 52 
