92 95 55
34 60 81 41 58 84 8 33 9 47 66 8 23 21 51 61 23 7 25 76 56 5 20 79 58 68 71 77 60 66 31 45 25 11 85 34 47 44 67 7 42 32 14 17 52 65 77 26 23 1 1 78 57 72 56 66 40 27 43 51 44 73 95 20 36 32 53 34 75 19 40 69 2 53 85 5 69 13 30 91 65 31 68 21 2 76 87 93 54 81 43 97 53 90 68 
40 21 72 73 47 43 64 67 44 69 51 49 37 15 30 80 79 12 99 100 66 74 38 58 79 18 53 27 22 42 94 62 14 66 86 12 8 50 79 3 70 81 3 6 96 33 37 74 96 36 25 61 61 62 71 40 31 23 66 53 16 12 66 81 77 51 44 36 52 22 38 21 55 93 79 50 25 15 75 20 2 100 33 63 13 3 2 44 77 19 48 44 30 13 24 
58 63 67 45 15 41 35 87 95 27 65 44 51 32 70 22 33 69 6 95 82 60 48 25 36 67 24 79 48 36 54 58 50 21 2 16 13 36 3 7 62 19 2 64 50 71 38 83 40 43 77 73 3 77 49 90 95 72 69 42 7 22 51 8 94 53 24 6 88 26 64 50 44 65 65 94 88 2 28 27 97 56 51 99 32 99 88 26 22 8 20 80 82 70 87 
27 22 10 33 62 87 96 63 83 13 27 28 100 29 55 78 25 10 28 75 42 78 14 19 99 74 90 30 55 60 16 81 33 78 65 94 64 13 56 46 25 35 25 76 15 79 53 39 41 32 65 34 61 30 52 11 3 42 40 9 53 55 42 85 84 6 31 48 70 38 45 94 72 70 21 86 100 25 76 40 8 92 73 68 22 77 78 76 18 69 85 70 76 26 6 
59 83 88 6 53 26 3 98 49 24 19 87 23 43 14 15 51 6 87 70 79 63 100 54 32 68 38 53 95 15 11 54 98 98 11 50 23 65 47 24 88 17 10 11 12 23 77 14 80 63 83 58 78 34 64 61 54 1 66 48 16 76 53 65 73 64 66 96 80 64 71 68 81 80 30 44 54 6 57 34 20 91 91 49 25 54 10 78 7 75 77 74 50 30 90 
74 45 55 21 24 18 91 43 50 70 72 93 24 29 49 9 49 40 51 49 16 57 10 45 63 84 21 88 85 2 77 11 46 31 31 22 100 22 64 50 43 88 42 18 16 91 26 16 82 77 65 49 33 74 93 47 10 65 34 46 67 62 56 64 44 87 85 43 60 1 92 2 88 34 20 3 76 45 19 9 73 35 57 5 8 1 51 17 65 36 63 31 97 70 95 
40 56 31 35 67 31 26 69 18 11 40 73 86 36 43 46 9 77 2 65 36 2 68 5 67 3 19 49 52 88 95 43 96 26 77 62 56 55 30 26 65 69 50 3 57 92 48 65 20 2 29 55 55 96 59 73 51 77 22 54 65 16 96 60 93 25 73 1 79 3 26 95 23 75 97 79 18 97 95 37 98 76 91 52 23 2 77 73 78 98 26 94 65 74 5 
58 98 78 58 76 32 35 70 6 61 19 85 78 15 31 14 64 6 56 67 81 57 43 5 87 92 83 80 57 56 85 66 5 14 23 32 45 9 1 50 69 71 86 46 37 69 11 100 26 18 19 6 75 61 11 61 53 45 92 61 100 28 26 56 41 100 87 37 8 39 39 76 10 76 73 46 44 35 98 70 52 16 27 26 76 89 38 80 33 82 40 84 9 17 39 
2 16 25 90 23 64 28 50 73 4 74 70 99 8 67 68 60 82 95 37 10 83 27 41 68 8 33 51 68 49 90 21 65 14 11 39 77 90 41 1 45 14 71 44 22 37 11 33 71 57 69 32 92 47 72 59 54 4 61 74 53 50 94 69 16 56 7 92 46 47 45 90 13 15 33 34 3 96 66 73 4 86 56 47 33 28 57 38 31 18 11 35 67 57 3 
34 12 62 26 9 60 22 51 72 36 83 57 90 30 22 15 86 60 70 32 92 97 89 29 80 58 92 14 76 100 17 10 63 30 87 72 89 8 22 13 95 56 69 84 38 43 98 23 2 68 6 45 16 94 25 95 3 16 9 79 67 77 88 30 6 26 53 46 33 26 10 27 81 79 10 18 73 60 92 74 27 98 18 42 43 42 89 46 10 97 76 76 73 15 57 
30 40 9 27 72 34 37 50 67 67 11 36 91 70 28 64 48 77 33 42 19 26 30 64 87 26 91 15 50 5 71 31 44 32 57 67 17 45 68 83 63 79 71 53 48 98 16 48 26 100 89 44 78 18 60 64 43 50 30 44 55 53 74 50 84 82 69 52 27 36 35 89 14 57 42 14 6 9 61 31 61 49 74 90 66 85 5 60 87 35 55 93 87 28 42 
22 9 10 73 87 46 59 28 11 15 69 24 20 29 84 50 41 32 76 30 49 12 35 60 98 69 14 90 7 93 84 28 54 45 52 40 90 11 67 53 77 87 76 97 68 60 98 8 43 25 38 44 89 24 3 86 44 69 28 50 61 11 29 14 7 80 6 49 90 72 1 67 11 76 15 78 87 64 37 82 41 26 25 29 49 79 14 92 47 93 93 8 55 21 21 
62 1 26 10 42 50 10 60 12 37 26 41 24 90 77 57 30 55 81 10 55 11 75 99 58 68 91 17 22 12 89 83 64 67 44 5 16 53 65 79 90 90 19 65 31 47 21 12 1 53 21 8 63 96 6 20 15 48 36 36 11 25 71 74 91 14 31 58 19 47 36 60 88 6 24 71 52 44 82 5 96 55 12 10 50 69 30 16 16 17 51 79 93 73 52 
35 39 34 44 57 80 79 16 20 36 91 90 40 86 71 44 33 77 7 42 78 27 23 93 42 40 96 72 84 68 76 19 6 9 62 14 41 93 81 60 28 71 1 67 8 23 62 40 100 68 82 77 94 4 70 88 95 65 11 79 84 86 49 42 95 10 55 87 2 88 98 82 10 98 100 18 20 62 57 71 81 90 48 75 46 17 14 40 33 24 70 16 62 18 57 
56 28 64 94 81 51 91 14 12 40 14 29 11 75 38 82 55 79 29 81 24 97 46 64 29 22 85 96 83 3 53 90 82 68 83 62 70 25 76 81 64 89 62 74 15 51 55 21 29 35 2 53 31 99 68 11 20 52 7 2 6 11 91 87 78 25 1 47 49 76 27 64 16 88 38 82 90 44 2 19 79 3 23 61 54 90 72 73 93 30 75 99 40 17 37 
17 42 37 63 90 64 41 54 31 81 43 12 70 86 14 88 16 68 10 29 21 51 52 94 44 81 20 94 20 36 82 36 77 19 50 19 34 90 72 65 22 14 76 92 51 41 79 19 61 41 47 33 91 50 78 86 30 97 31 1 85 13 88 61 83 37 31 16 78 2 80 100 67 8 91 18 100 21 88 60 13 86 93 56 35 70 93 64 19 24 16 3 88 3 15 
70 39 46 37 68 99 69 67 66 76 9 35 27 30 22 87 94 7 31 49 93 100 42 8 70 17 23 72 4 25 39 25 15 84 61 82 82 29 1 99 56 9 33 83 90 6 69 84 64 51 32 56 50 25 63 72 41 37 95 44 61 33 20 27 68 81 9 2 61 61 100 17 69 85 99 11 90 19 94 54 69 77 9 70 54 24 41 94 60 36 90 73 20 9 99 
88 41 59 89 2 19 40 18 88 24 68 98 14 86 43 19 6 71 79 75 24 2 68 18 14 3 59 86 22 67 36 61 60 95 49 61 13 89 30 52 64 97 1 29 34 95 47 39 66 26 65 89 79 32 58 92 86 16 77 60 35 65 20 94 59 21 54 23 61 35 75 76 31 27 5 64 22 51 54 39 28 18 27 7 2 37 98 39 52 27 98 38 91 70 31 
1 42 36 23 54 70 49 29 52 76 33 67 49 84 20 87 11 90 65 69 91 1 67 29 5 45 79 42 35 100 25 35 41 12 57 94 34 58 22 85 33 55 52 81 90 71 19 52 12 83 21 2 84 39 83 40 83 61 81 69 12 57 3 52 69 11 97 2 68 70 38 52 24 89 84 65 12 2 69 23 37 41 77 72 79 59 11 13 71 43 81 82 52 35 85 
20 97 81 73 17 50 10 68 26 51 52 42 14 5 62 36 41 2 12 64 32 22 74 96 92 69 28 25 20 62 9 39 11 41 63 27 43 24 94 20 26 97 61 39 2 23 75 94 76 38 58 8 60 83 55 3 51 83 28 70 44 88 60 54 81 74 32 23 98 26 42 75 74 2 14 27 76 40 21 4 77 30 63 88 64 17 91 15 99 70 36 95 57 96 100 
37 21 32 11 70 57 52 45 82 6 58 9 33 97 81 36 25 10 98 13 25 15 55 39 65 24 27 59 32 74 59 21 94 90 31 64 98 35 8 79 40 17 87 24 65 67 60 89 28 57 53 5 23 7 43 88 82 21 46 66 94 56 38 88 45 68 3 94 54 10 73 45 78 11 69 42 30 28 30 9 36 35 13 11 93 56 50 27 28 95 92 22 3 29 61 
47 48 63 41 54 24 65 98 1 75 66 42 4 45 23 13 33 9 77 95 2 32 44 28 12 38 71 33 40 51 93 39 50 55 31 3 30 47 1 30 21 18 71 77 15 45 41 47 54 17 41 7 1 84 34 12 73 56 96 65 58 88 55 7 94 37 62 23 83 62 4 55 31 26 31 45 70 23 43 75 92 35 81 44 70 66 7 95 73 2 11 30 41 65 37 
86 53 98 60 35 11 63 89 93 88 72 90 9 46 32 84 37 19 16 32 40 82 38 34 54 39 96 84 79 12 72 16 64 21 75 98 31 89 39 75 76 62 64 37 7 96 72 96 66 87 27 5 20 65 91 74 3 86 9 34 98 32 1 13 52 76 63 34 64 1 8 92 62 24 28 20 19 99 15 36 37 42 92 57 6 82 82 60 20 42 45 69 73 46 81 
76 73 43 61 88 95 20 79 8 43 58 28 13 8 42 48 45 83 40 1 40 73 82 100 44 75 96 12 47 93 45 74 65 39 34 53 34 5 83 93 48 41 20 12 48 62 12 44 96 3 44 88 75 77 39 19 51 34 82 49 27 26 22 43 65 7 47 50 64 30 42 63 22 14 74 21 75 85 65 22 87 60 9 14 89 47 84 91 33 65 40 59 91 13 53 
7 72 100 8 35 29 49 49 2 62 22 22 88 59 38 62 45 98 70 58 38 69 93 28 1 58 67 11 100 32 63 6 55 14 13 89 94 13 37 95 27 10 69 66 68 6 27 65 55 97 74 92 17 67 72 17 24 90 79 23 21 41 80 75 55 44 15 48 8 3 95 34 65 63 100 32 20 26 96 75 74 70 18 42 36 89 10 11 79 88 85 99 81 64 26 
87 59 92 86 66 95 80 52 11 94 3 42 14 80 90 88 6 59 5 47 46 46 57 56 24 44 40 74 24 55 51 62 65 43 48 30 89 27 33 99 21 35 92 34 15 81 73 20 91 29 66 36 74 74 43 49 18 34 23 93 88 73 55 52 67 2 34 55 80 66 5 52 53 97 85 19 29 9 38 20 38 55 55 63 29 50 12 98 83 86 42 23 10 48 74 
77 1 59 83 81 77 40 32 29 36 69 47 64 29 36 35 66 42 90 81 22 91 92 19 73 77 13 95 38 60 21 14 61 31 49 93 7 88 76 87 23 44 33 38 25 20 73 42 62 14 22 83 56 65 54 28 93 66 75 31 77 47 44 37 77 92 81 36 31 57 22 5 52 7 43 76 78 67 18 39 32 39 74 87 4 79 66 96 44 40 26 72 38 22 61 
67 65 41 54 96 97 75 100 49 33 94 24 11 12 41 1 43 32 26 29 35 4 47 82 99 38 8 71 76 81 31 94 45 23 47 92 20 73 44 20 58 89 43 68 1 36 20 43 67 98 24 53 1 70 34 100 59 93 22 34 73 4 79 70 26 25 61 97 50 56 16 7 45 11 26 45 46 45 39 64 42 14 16 95 35 1 46 94 94 67 79 66 70 58 35 
47 34 48 44 83 3 11 89 47 21 14 43 18 11 34 33 4 47 48 98 82 49 95 27 94 61 5 59 82 62 46 81 48 93 24 30 47 34 71 46 7 84 88 24 46 21 57 2 20 56 99 53 56 46 79 49 6 35 8 40 49 5 72 96 97 95 25 95 80 95 40 86 31 28 62 76 100 70 77 19 25 28 71 33 25 1 81 82 36 40 21 84 44 92 79 
92 38 55 87 70 50 26 7 32 5 20 59 57 89 88 75 66 67 98 98 91 98 78 72 33 70 45 68 13 36 46 57 26 1 95 47 2 72 53 85 77 25 43 33 13 30 59 78 96 56 75 86 6 5 10 38 74 54 58 38 41 3 46 66 55 40 64 8 12 69 92 40 93 87 24 5 16 34 35 64 90 9 1 47 13 10 36 38 63 93 76 56 96 21 73 
2 13 37 62 24 5 53 15 49 39 38 53 7 71 87 70 12 48 22 58 12 32 94 50 46 38 77 1 85 49 74 87 61 62 48 36 66 52 50 14 43 39 18 1 62 57 22 73 4 43 83 67 26 28 16 72 65 44 24 50 93 49 88 53 10 87 89 27 90 38 92 84 29 10 84 90 18 5 14 73 48 96 39 25 75 7 48 92 50 72 93 42 72 80 47 
82 18 35 8 7 24 52 91 52 61 74 93 78 31 7 2 78 2 40 2 29 46 50 20 48 73 12 41 44 43 87 77 60 73 37 18 49 88 8 52 100 34 45 29 64 51 30 93 4 69 46 32 67 47 3 66 71 66 6 67 8 45 43 19 69 31 37 69 18 44 21 17 29 17 45 44 67 26 88 22 95 34 6 13 32 8 78 55 74 35 21 33 79 15 52 
100 46 88 68 63 83 88 32 64 56 28 7 22 54 95 96 100 80 1 64 63 60 41 17 85 27 89 70 6 4 21 57 49 60 24 63 94 64 46 57 19 26 16 93 79 62 88 30 41 40 93 55 51 85 24 36 11 12 5 68 15 77 24 15 88 48 30 81 11 27 38 29 52 5 73 82 66 60 11 58 51 55 12 2 39 35 37 2 99 93 69 65 69 93 80 
56 92 61 88 54 87 77 34 91 81 7 72 46 66 35 3 17 41 67 18 32 53 6 33 51 98 53 68 18 97 99 25 88 59 12 93 97 89 27 87 21 33 11 67 50 97 21 18 37 39 87 68 44 92 52 46 41 5 13 10 1 11 86 89 21 98 81 18 38 59 56 10 91 18 28 41 14 49 10 3 39 97 22 82 40 74 28 81 78 40 42 78 3 28 18 
23 77 51 92 14 9 100 75 52 17 3 44 83 51 53 85 41 49 6 23 89 79 2 21 8 93 62 38 95 89 55 70 17 57 61 82 18 60 57 21 29 59 64 11 61 68 95 1 69 52 75 9 83 76 29 90 21 42 27 67 83 34 36 99 42 97 81 59 8 37 79 36 95 94 98 7 62 92 7 82 96 82 90 78 9 70 67 81 11 46 48 45 79 83 96 
20 31 76 31 91 64 61 26 10 55 24 16 68 67 74 49 14 7 38 91 16 59 10 96 21 55 43 66 85 78 13 56 8 40 86 98 3 99 76 64 53 51 79 72 69 4 72 83 11 61 73 26 19 34 73 39 88 68 56 24 45 68 80 4 7 17 54 61 15 81 24 19 31 54 42 51 58 13 33 68 73 58 45 91 43 69 82 31 36 37 6 32 57 37 88 
63 54 41 76 20 21 99 91 3 5 84 53 62 97 38 81 69 47 25 12 89 93 45 71 81 81 77 64 89 13 51 4 18 43 79 90 15 77 32 17 81 15 22 94 11 59 74 32 57 50 95 45 95 39 16 27 71 44 90 60 8 93 63 78 35 41 67 50 69 50 18 50 64 39 95 27 49 21 10 5 70 4 2 16 42 69 42 12 12 84 71 71 76 85 48 
62 25 66 63 94 15 81 95 31 71 89 57 72 9 66 28 31 69 29 46 62 49 40 25 12 23 48 83 98 32 30 11 57 96 74 2 62 6 48 92 76 88 48 99 97 65 27 79 85 7 76 46 56 15 71 67 37 70 1 86 1 31 97 9 78 70 10 39 75 9 31 2 97 30 1 45 95 27 23 79 85 98 77 92 13 99 11 49 68 11 87 20 41 83 29 
18 52 90 57 78 99 39 79 95 68 79 39 14 57 13 45 94 10 21 85 74 71 95 75 90 6 61 9 98 43 89 68 46 79 76 23 77 14 1 23 81 32 13 47 40 25 91 33 34 11 70 8 33 64 82 22 21 94 82 19 36 71 86 81 1 61 55 29 74 7 51 6 38 63 52 30 39 42 62 72 4 83 31 88 47 64 9 67 57 43 37 44 13 22 24 
13 34 78 41 59 37 43 65 74 57 68 55 95 62 69 18 17 51 49 5 97 64 65 16 73 59 52 16 23 26 92 87 59 21 79 18 57 21 34 83 77 53 37 23 14 5 41 83 56 41 39 4 4 55 19 76 14 23 92 36 48 35 23 6 55 1 75 12 74 8 94 2 61 30 25 26 35 65 60 42 5 98 45 60 5 16 36 18 38 79 5 37 13 79 94 
19 32 69 30 5 28 75 58 88 5 82 66 91 98 25 84 54 75 28 14 79 95 49 96 84 79 52 20 43 83 14 61 14 34 91 70 61 17 27 49 21 9 66 63 58 90 46 12 64 26 25 42 20 25 89 56 55 93 75 97 75 40 57 88 73 99 57 34 16 35 34 88 95 99 3 53 88 48 64 4 25 40 45 97 64 86 52 18 78 78 66 52 18 22 91 
90 73 47 75 40 81 8 27 76 58 81 80 46 29 43 1 5 82 97 53 97 82 4 66 59 82 31 62 51 4 52 40 28 50 67 67 31 74 46 58 32 26 89 29 6 31 81 63 64 77 15 12 59 19 77 69 52 59 31 54 14 82 93 42 32 59 8 14 85 53 23 68 31 11 48 36 93 28 98 8 4 65 19 62 83 47 31 86 57 13 39 70 94 83 11 
77 94 19 90 78 23 64 97 5 74 44 93 18 71 42 25 74 6 43 88 88 41 18 25 97 30 15 67 75 50 29 52 43 99 93 72 74 9 68 78 82 11 70 52 33 12 76 6 17 71 93 57 11 62 33 60 43 100 78 18 49 6 21 43 5 65 14 78 73 33 55 7 95 77 58 27 40 33 84 56 3 29 64 66 42 97 77 85 48 54 54 96 59 26 38 
15 42 3 92 15 87 99 21 81 75 30 59 14 62 94 21 17 74 37 34 16 33 10 52 32 15 57 27 73 34 16 88 75 70 31 89 56 29 61 88 55 42 46 20 56 91 41 24 65 29 57 32 13 18 35 44 84 91 70 56 76 37 95 50 6 78 91 13 6 3 100 13 45 97 32 100 87 24 23 3 52 31 34 64 100 68 59 83 10 28 90 85 16 37 87 
73 14 77 85 71 79 36 83 75 32 67 26 71 42 100 25 94 30 11 9 81 78 68 63 40 47 5 24 15 41 62 87 6 38 24 76 69 59 11 43 43 77 69 65 18 68 89 63 50 99 24 82 29 91 45 20 89 1 95 3 93 57 42 98 94 65 73 62 75 35 57 17 11 77 81 81 96 22 95 45 72 18 27 100 60 23 19 1 75 14 3 67 22 96 64 
15 60 88 29 35 23 85 3 85 13 36 65 8 57 12 53 80 29 31 32 41 5 2 41 79 67 95 97 88 91 60 3 2 47 31 36 69 67 39 6 79 74 70 86 82 33 90 61 62 72 92 54 28 94 94 58 60 40 54 48 82 13 2 84 12 84 19 32 50 9 37 80 34 59 17 67 91 7 28 52 30 71 57 58 16 2 15 28 42 21 27 23 33 28 6 
96 63 77 28 12 85 64 43 71 22 59 37 13 17 64 16 99 87 73 56 54 74 22 81 67 42 59 42 27 86 99 22 48 75 49 11 12 65 5 82 86 64 18 98 32 34 66 30 72 38 37 25 63 11 58 82 52 16 23 30 54 73 4 53 48 4 16 11 68 20 92 54 35 61 3 67 94 20 48 17 9 85 42 72 47 51 5 50 66 27 80 19 99 83 72 
98 86 87 8 6 58 51 59 93 12 13 11 57 33 58 74 41 94 67 64 92 17 68 42 34 46 21 53 97 55 76 46 92 62 6 97 19 56 7 63 19 20 73 28 4 83 53 96 28 19 12 20 87 31 61 20 29 33 24 25 87 99 22 78 12 27 75 83 35 33 45 5 52 70 32 7 52 84 55 31 54 66 2 92 96 62 12 24 46 35 100 32 86 74 62 
97 52 88 79 86 20 24 91 24 45 74 82 96 58 36 78 63 53 80 55 1 93 66 76 39 52 28 22 37 1 35 86 52 22 64 90 94 39 80 17 83 53 98 30 62 86 60 25 38 39 79 38 83 96 14 73 99 41 95 88 41 29 73 44 3 88 33 96 27 64 64 61 69 61 43 30 98 2 6 36 92 84 25 74 31 38 47 30 30 93 17 22 73 89 66 
75 28 50 22 6 14 85 67 82 98 61 63 95 62 69 82 5 4 7 30 35 44 76 64 26 20 32 47 93 72 64 19 99 14 41 5 27 25 23 60 74 83 22 69 96 42 2 52 46 8 81 80 4 9 95 29 28 78 75 72 49 39 91 99 4 83 3 30 7 77 41 33 11 62 53 58 56 54 9 1 62 42 32 65 50 78 93 29 55 19 1 55 9 43 53 
12 25 8 93 83 84 33 15 95 47 67 4 2 21 13 54 34 6 37 98 55 14 42 83 20 12 35 74 21 77 78 84 1 85 77 84 21 61 50 67 59 69 70 12 89 34 65 74 39 1 71 45 66 64 28 85 75 14 10 47 91 88 83 43 24 11 78 44 71 28 62 82 96 32 93 36 65 58 9 56 10 31 100 76 94 79 12 20 93 22 19 35 61 1 29 
36 63 7 32 85 86 93 66 81 24 59 68 41 68 76 48 29 58 47 56 3 78 68 74 22 41 92 56 53 44 84 88 6 42 19 91 27 64 8 7 87 18 26 79 85 53 26 14 10 25 69 12 2 88 86 23 28 29 30 32 25 65 20 30 7 90 72 33 53 32 92 92 49 17 70 34 70 48 99 31 72 19 43 25 7 80 47 86 60 28 18 84 92 89 66 
98 30 89 83 83 20 74 26 69 42 47 54 11 94 4 94 65 22 36 89 80 67 87 18 26 14 87 10 6 27 27 55 56 15 37 90 35 62 15 3 4 62 8 66 7 11 59 72 32 46 12 64 12 51 33 90 64 19 51 21 45 77 28 52 91 16 42 77 78 8 31 81 21 38 46 28 48 5 99 32 50 62 95 14 12 79 55 28 97 5 100 93 33 79 44 
75 95 85 52 72 93 82 52 13 20 49 40 19 53 90 50 55 4 96 20 67 74 74 46 22 78 98 14 62 76 58 36 70 94 87 93 38 21 96 3 92 45 94 10 49 84 12 3 39 59 74 5 85 47 3 6 76 100 72 37 75 81 25 45 74 11 89 12 83 85 14 74 29 7 36 77 42 99 32 32 57 57 37 93 4 91 51 31 90 74 68 64 54 92 60 
27 54 49 90 89 33 55 62 13 14 49 41 7 47 24 39 56 81 27 100 36 17 50 66 6 23 33 21 28 76 81 7 82 81 96 70 13 3 83 77 68 32 17 74 30 41 64 37 21 90 37 8 58 38 73 15 13 58 36 40 33 16 98 66 96 46 87 60 48 70 36 15 53 4 40 34 44 4 71 16 45 59 23 55 48 96 69 60 5 4 52 37 71 49 55 
18 94 41 77 93 10 64 59 14 68 99 48 63 54 18 31 50 28 53 4 75 100 73 87 56 28 90 45 99 90 99 16 36 39 45 28 1 60 39 14 27 37 13 90 42 30 72 91 9 76 47 36 28 19 22 83 98 63 27 48 52 25 16 87 16 60 67 16 19 5 81 98 93 94 39 86 75 10 76 36 85 74 71 12 92 92 95 42 54 21 89 57 98 4 44 
13 15 62 80 86 66 12 35 10 5 73 95 32 82 22 67 18 96 37 82 39 80 76 80 85 48 21 41 45 24 36 9 91 97 88 28 62 52 62 23 56 86 17 39 19 39 57 36 34 93 17 72 24 44 4 8 92 24 1 88 99 36 97 41 33 36 68 46 87 29 69 95 14 37 85 32 75 42 20 60 86 36 32 10 32 87 69 23 10 69 62 8 5 10 49 
89 46 68 34 84 49 54 30 14 91 15 46 65 8 17 25 93 4 8 2 35 94 23 9 3 91 71 62 95 80 62 35 77 30 69 13 78 22 42 91 64 8 88 81 15 56 5 8 60 64 61 46 57 83 55 11 26 77 24 72 8 38 7 85 67 27 49 96 48 90 38 64 50 26 44 64 81 100 23 92 63 36 38 71 18 44 33 95 20 8 67 27 45 73 63 
11 99 11 58 98 53 96 13 54 73 56 17 5 55 92 97 17 27 86 39 96 29 71 91 48 79 9 26 75 81 89 38 31 51 95 80 55 42 93 8 14 48 25 71 55 68 19 23 94 4 62 89 32 84 31 31 14 39 56 89 71 96 26 53 47 72 33 1 14 77 9 27 76 85 49 30 52 67 5 97 70 66 37 53 1 68 83 15 58 91 55 29 86 80 33 
32 51 65 85 64 93 45 43 69 29 91 50 32 10 54 28 79 71 64 32 24 83 66 38 41 56 92 21 42 23 53 25 73 70 9 89 62 53 83 82 33 25 84 64 34 89 43 65 60 59 96 35 93 13 72 33 69 15 5 62 89 10 86 13 79 47 1 92 99 35 74 84 60 9 99 93 97 42 57 8 52 4 42 44 69 65 29 37 31 85 50 19 94 35 32 
72 33 32 16 84 19 89 67 78 49 65 22 45 58 31 53 61 34 46 57 2 11 85 90 41 21 39 60 15 26 91 38 58 74 53 41 92 93 59 21 41 24 43 86 33 25 90 46 10 35 2 64 97 86 53 38 58 44 49 72 21 91 10 78 16 62 71 60 55 29 80 95 4 74 32 89 98 21 34 8 8 35 71 4 72 75 93 29 70 93 1 90 83 62 20 
51 23 90 10 29 70 41 24 26 15 7 14 64 28 47 71 87 33 93 90 4 68 35 84 37 27 36 79 10 97 98 60 72 87 21 100 8 61 75 33 75 82 46 91 61 44 61 47 28 6 36 83 25 22 67 13 49 2 91 10 51 88 21 22 26 41 21 34 1 48 18 28 29 16 18 89 11 30 87 39 87 74 21 11 96 39 76 44 93 66 53 43 6 25 64 
31 65 36 16 17 83 86 44 63 1 13 3 11 95 89 49 81 15 22 44 10 60 19 5 52 84 9 46 41 33 61 24 97 97 39 13 31 76 9 46 76 73 48 39 67 89 87 48 3 60 43 64 72 61 68 75 96 76 21 37 60 81 60 56 29 50 20 12 26 80 57 1 53 56 39 71 44 78 70 98 89 12 61 60 72 80 87 68 7 7 4 66 39 15 73 
20 64 45 31 89 24 87 42 28 94 80 51 38 9 20 87 98 32 48 9 55 79 95 74 86 53 29 51 44 43 76 63 7 20 45 47 95 83 88 75 76 20 25 13 28 96 100 77 79 99 86 34 77 80 59 14 85 88 17 28 82 92 90 40 11 34 87 57 16 26 31 91 45 55 56 25 51 7 1 81 5 38 14 33 18 73 99 2 12 15 81 93 6 70 33 
68 55 71 24 70 96 55 12 93 61 19 17 63 25 69 44 81 7 9 14 76 81 12 29 44 78 9 89 83 78 21 50 84 43 73 53 90 79 16 82 40 35 98 54 11 67 97 92 25 6 57 100 38 20 28 82 97 36 22 79 13 94 80 48 36 52 100 25 83 67 7 22 53 56 75 64 74 24 55 98 29 11 97 18 30 24 51 26 59 72 56 23 65 35 70 
100 38 21 77 72 40 35 45 92 90 20 55 64 95 61 61 75 23 10 92 52 33 95 29 44 66 36 18 83 22 40 34 12 60 10 83 51 44 28 43 86 99 49 49 93 62 61 19 84 22 10 36 7 56 16 50 22 52 67 56 25 58 89 36 70 51 71 20 94 98 14 31 48 63 31 92 76 44 10 59 65 71 46 71 27 62 20 100 65 39 55 89 48 43 77 
17 93 47 37 39 96 50 69 43 64 100 86 39 43 95 98 59 17 43 30 43 56 1 42 20 91 96 61 39 91 89 55 35 35 91 73 82 41 94 76 56 93 61 95 87 7 92 45 23 86 26 66 42 27 59 13 17 7 73 7 97 61 62 31 47 4 56 28 44 49 3 100 93 15 46 31 21 89 75 44 74 53 61 15 79 71 28 47 77 52 6 25 65 67 8 
63 70 63 91 66 63 45 17 55 12 62 85 32 50 11 27 23 63 39 90 93 10 69 92 86 72 97 63 36 63 70 99 84 84 41 49 46 37 17 52 48 78 36 32 79 98 58 54 61 97 95 5 6 63 96 43 34 44 57 22 6 26 72 42 61 12 42 6 100 59 57 48 88 44 31 67 42 88 72 54 36 66 58 93 28 6 88 13 49 44 34 7 22 5 48 
82 68 89 40 20 47 48 19 35 44 49 53 85 88 24 38 24 89 47 68 68 52 55 80 1 51 66 7 72 22 54 5 42 94 96 61 93 44 79 79 87 27 31 23 14 6 12 89 46 58 57 13 62 63 44 62 13 61 20 36 35 25 41 76 18 36 88 62 31 66 40 69 44 22 43 9 27 54 50 24 64 6 88 25 20 84 38 33 44 57 68 78 33 60 5 
2 48 92 64 78 57 3 99 52 77 41 13 55 95 62 79 10 19 66 34 38 49 23 22 45 79 42 74 63 1 79 64 100 70 27 30 79 82 28 30 58 20 42 12 66 3 90 75 73 8 60 11 8 82 32 4 60 25 78 22 26 56 38 77 25 64 6 55 45 33 85 2 53 78 66 18 33 7 93 5 14 4 67 74 86 99 77 97 23 54 71 100 9 8 77 
86 71 82 40 68 67 76 21 71 54 86 40 38 93 84 94 58 88 61 83 73 11 60 69 85 65 39 85 74 46 13 11 69 46 2 36 64 78 8 34 83 94 74 20 38 57 13 47 44 25 30 68 35 41 37 20 5 75 56 30 73 68 40 93 65 42 28 29 71 35 14 53 80 39 24 69 48 88 16 91 13 45 59 99 85 47 18 41 73 73 71 45 92 10 37 
57 3 16 37 25 3 2 77 34 41 52 3 88 92 70 30 56 14 40 54 50 86 72 90 11 96 12 7 88 74 44 96 76 11 32 1 65 85 29 99 25 33 53 64 24 22 94 31 87 85 84 88 23 7 77 33 55 41 39 42 14 34 37 41 45 20 93 9 4 22 59 81 6 11 44 81 32 89 11 18 74 46 5 96 5 34 28 59 74 66 100 39 52 88 79 
96 59 72 56 14 45 15 94 50 77 90 30 9 78 92 78 51 89 83 46 93 68 25 51 93 43 2 31 94 41 9 41 51 80 48 65 24 62 10 25 91 99 6 51 29 97 28 79 38 62 77 30 29 53 33 21 95 34 3 40 27 12 80 77 91 28 41 67 41 3 91 31 53 97 81 81 45 61 60 82 22 88 64 3 40 96 23 87 81 26 26 7 89 6 84 
31 85 76 97 77 30 40 8 83 88 40 63 84 52 74 18 74 61 81 76 53 28 50 39 60 27 64 67 15 21 2 46 5 29 94 82 59 85 41 41 72 32 55 8 84 29 25 9 89 57 84 41 84 85 79 95 12 95 61 78 15 14 75 72 95 21 5 53 5 97 45 29 28 99 36 63 27 60 71 68 68 6 60 3 43 91 97 6 85 10 83 51 23 10 22 
69 30 26 73 34 74 17 62 2 68 97 16 46 8 39 13 75 96 25 29 38 15 26 43 99 35 26 49 9 35 23 78 64 100 50 49 74 19 11 27 38 59 94 83 19 32 48 93 28 72 22 65 86 99 8 36 33 85 36 93 71 58 70 86 58 72 34 83 42 96 61 79 55 54 61 73 86 8 17 65 79 90 29 16 88 88 51 72 72 87 65 42 96 86 79 
53 9 13 87 50 8 47 28 62 1 41 86 38 100 3 2 31 44 30 46 84 70 97 55 41 35 71 35 30 57 13 35 17 77 21 67 85 20 46 98 72 38 84 9 38 38 10 68 33 91 13 16 60 61 23 53 95 93 39 77 1 3 11 18 80 83 36 16 2 81 13 73 19 48 81 56 37 42 75 70 85 87 37 44 100 59 48 46 52 86 22 52 41 84 21 
20 67 56 35 20 89 99 93 59 47 25 66 35 19 40 4 3 78 41 98 77 99 46 23 2 83 44 6 23 28 26 94 46 34 80 65 22 79 9 80 77 34 45 11 4 36 67 6 13 59 3 90 9 100 12 11 35 7 68 57 86 45 3 31 78 82 48 51 12 56 82 88 89 78 51 44 13 69 49 26 27 4 15 35 55 78 97 89 36 64 46 74 9 48 4 
38 81 51 41 93 59 22 32 47 52 34 91 64 2 91 89 28 46 55 15 1 84 11 89 72 27 86 45 87 33 100 76 66 3 16 10 61 90 41 59 41 27 49 4 28 92 45 8 37 51 22 37 87 84 26 58 10 11 54 48 96 53 24 13 55 39 22 15 80 14 74 20 40 74 76 20 17 20 27 54 22 100 42 60 35 19 69 97 82 22 44 29 75 67 41 
81 58 62 48 37 27 73 57 67 46 32 38 15 3 16 20 76 15 61 36 1 80 4 97 13 78 93 41 4 59 81 84 68 94 31 5 20 3 13 38 1 96 75 15 50 90 34 25 56 46 12 57 77 68 5 89 45 97 29 100 8 9 83 75 54 66 31 74 20 43 11 72 38 38 38 39 27 71 64 83 69 27 91 45 94 47 34 90 44 14 89 51 75 24 77 
28 41 8 53 60 2 16 84 92 53 21 30 79 44 45 13 12 72 3 8 17 50 93 59 45 7 99 47 81 22 23 60 14 82 13 74 36 28 9 27 80 29 56 10 72 1 23 35 24 77 43 40 78 35 98 22 41 97 20 73 70 95 85 84 76 49 9 11 28 17 89 7 97 45 68 69 97 42 55 20 19 97 11 96 32 9 70 24 57 89 49 78 83 33 61 
11 81 21 73 8 89 62 66 86 58 85 6 54 27 60 25 45 9 35 92 92 95 13 15 51 54 63 29 36 47 41 98 27 14 23 86 2 36 51 39 93 88 96 98 14 56 22 58 16 56 1 7 51 14 21 53 19 36 33 6 82 74 4 61 39 78 46 40 13 49 31 5 36 26 2 1 33 75 10 48 30 10 6 32 75 79 85 93 14 17 99 47 42 54 7 
80 31 5 72 43 5 2 99 92 79 52 92 12 26 1 11 55 62 17 87 89 95 23 33 60 39 31 6 81 36 65 12 18 21 83 12 77 36 10 68 15 61 11 78 38 63 88 45 24 56 31 64 2 5 97 61 43 79 19 75 15 35 87 32 55 69 96 31 57 5 50 71 18 12 48 55 74 87 99 49 43 81 13 44 37 9 57 80 87 27 54 1 61 92 85 
67 13 80 49 69 36 98 39 5 9 38 12 34 24 62 82 66 95 94 62 31 54 70 10 41 96 16 93 56 59 29 22 71 60 70 39 48 19 29 52 79 66 15 64 90 77 45 7 71 91 20 53 44 89 15 36 36 30 81 91 40 9 64 11 21 85 49 68 3 78 19 33 43 86 96 84 62 93 91 84 83 62 36 78 51 50 66 86 31 46 29 71 6 44 81 
26 29 81 93 83 10 64 16 5 49 63 88 10 55 30 45 89 92 80 67 94 30 32 31 60 29 59 30 34 3 62 60 83 43 4 65 52 67 80 8 67 43 96 28 49 25 72 38 68 52 4 61 33 87 92 92 15 2 74 48 56 87 59 38 29 63 3 33 81 34 92 48 28 87 75 77 64 47 66 83 50 21 44 82 7 87 25 73 40 50 72 48 37 31 85 
17 45 39 1 25 25 93 72 52 79 99 80 94 45 45 77 46 65 72 27 23 10 51 95 1 1 19 48 89 1 33 5 45 23 6 21 47 98 93 99 28 43 30 22 39 27 50 84 91 73 10 66 82 12 12 82 64 30 30 52 82 14 9 26 36 14 99 83 63 43 33 90 85 62 63 23 88 64 6 31 36 67 96 17 30 59 51 94 89 80 97 22 45 5 48 
80 70 46 14 84 88 46 74 24 8 88 46 47 52 51 29 87 69 24 56 98 35 6 43 23 37 40 96 81 96 43 12 18 40 26 1 79 71 26 2 30 14 99 29 65 1 57 3 69 33 58 67 67 63 9 41 99 100 36 31 48 31 43 65 70 68 17 1 90 43 54 72 56 5 100 72 5 8 26 74 40 84 92 6 98 100 46 49 52 82 79 99 12 73 15 
33 92 31 85 82 73 91 53 80 95 4 3 99 11 81 24 51 64 15 8 13 67 54 61 70 87 92 68 50 64 82 34 56 64 19 89 89 61 93 20 55 48 75 5 58 55 81 60 70 95 68 82 13 73 95 82 59 86 1 60 1 82 93 8 98 11 48 86 23 40 57 77 39 31 34 97 85 14 8 54 60 27 36 73 51 82 6 61 19 7 20 71 40 13 79 
37 75 78 74 98 18 31 26 8 61 59 56 98 24 64 51 84 42 38 8 93 71 13 53 89 71 73 60 63 37 90 51 63 67 25 60 36 7 38 44 19 48 99 16 72 62 19 7 56 8 14 48 79 78 52 67 1 76 26 63 12 15 13 27 82 37 86 17 95 75 60 14 23 59 81 46 72 99 52 27 7 65 26 85 94 78 3 94 53 29 56 17 95 69 43 
76 57 80 45 52 55 56 17 29 66 97 74 38 96 25 16 54 41 42 90 86 71 92 80 23 72 87 91 67 55 33 94 64 65 38 67 19 46 83 99 11 79 72 100 26 48 68 31 40 61 20 25 31 64 56 5 35 43 96 1 49 80 47 12 44 36 30 14 81 12 12 44 43 35 43 20 82 10 51 73 70 22 98 52 85 53 57 72 47 4 24 96 83 70 59 
79 6 89 44 38 100 56 81 94 42 24 14 76 85 16 48 55 37 45 6 74 50 14 45 96 17 20 43 52 90 2 30 47 42 73 84 93 80 65 87 22 88 100 97 24 15 96 78 3 93 36 28 42 49 24 89 18 44 32 69 85 85 50 31 26 22 14 18 54 78 56 27 17 55 75 41 21 70 70 76 62 57 3 3 58 27 44 75 70 75 95 54 11 44 36 
36 17 49 5 22 79 61 48 47 67 22 87 40 92 9 15 53 17 17 8 74 95 51 100 64 77 94 69 87 89 4 74 6 5 30 79 83 90 27 29 9 48 68 48 91 28 14 96 44 30 3 18 77 5 17 92 33 63 61 19 51 16 44 8 20 73 87 54 15 65 83 23 64 2 22 55 81 35 50 24 16 4 93 92 60 62 84 92 24 44 62 26 11 5 86 
31 29 24 84 43 88 18 65 3 71 86 57 51 72 58 75 88 13 67 79 72 80 14 63 55 9 76 81 20 32 18 50 61 93 85 3 32 3 20 34 25 57 91 76 29 100 50 16 13 68 46 84 48 60 99 2 68 26 34 39 58 3 40 18 95 25 20 26 79 91 60 3 48 2 78 28 1 79 95 13 99 92 49 46 51 99 99 71 24 85 9 81 87 1 98 
