175 85 17
5015 39731 47016 63829 880 55923 12853 29398 29619 39416 6280 49102 70621 84103 34462 65110 90772 7163 83560 9346 37732 91506 58 36194 31132 80057 63563 18616 72784 6199 5905 77798 45929 52920 57979 63160 8842 70831 8909 38460 26598 15188 87562 97218 99291 38375 78679 90062 61890 78590 15759 99621 70095 32168 52167 1226 28576 32081 36194 1359 38279 42098 79157 560 95017 37135 80071 20210 24317 5332 75021 50914 20519 78934 64483 36161 33661 59513 42574 95550 38103 74684 11522 24549 6851 
80040 42127 35427 12120 78320 36785 66751 36769 32293 83662 48137 69427 80084 84698 93743 85415 59718 61008 22286 55004 41842 74798 88664 1355 17372 565 39457 8407 12086 64005 15258 92126 6131 67036 20597 802 20172 87347 53922 68817 87360 2058 38243 67444 86755 48338 69210 62825 25697 91495 17828 67539 66293 6491 68893 16 23407 8349 8422 35492 88705 40031 43969 11188 23418 64566 11989 43590 68264 82263 12406 71976 84320 67000 39419 87427 31689 8628 50251 57386 16475 84430 24924 99119 7272 
93816 99134 30678 18516 23907 82521 7220 63938 26490 34759 87355 7407 63100 47296 92022 45362 76053 63997 29681 59405 19767 33459 91093 44747 61 64830 61221 84490 89753 60339 8113 99920 75824 55142 18435 16082 37663 42007 80019 80504 76765 83726 4262 39864 47373 96283 85225 39778 60280 31258 15534 80046 64716 6626 24792 81129 87808 2364 81970 77560 79054 90083 77480 54877 45224 12266 70959 99238 54272 67329 96093 47389 67406 354 3604 14779 96637 5181 70908 56916 36438 86441 53313 17505 9418 
78105 98633 97225 80468 80603 74785 59522 87037 68616 30750 48612 80881 18060 64202 51505 1741 60294 98893 69146 60648 18848 276 57284 24028 71183 30551 60465 73975 215 94322 83393 78319 9306 80617 75139 6260 71753 51012 9648 56720 98113 58260 53953 32525 22461 21809 34265 82754 20701 3410 59753 39548 20038 33388 79928 7572 63938 40392 81547 64153 51065 81291 58823 76723 78259 50313 82982 66364 17676 92630 23083 15789 67241 93387 48313 6053 15195 98929 5158 52247 18690 64911 8147 38727 98298 
88074 62651 78588 44817 60549 59092 95882 41839 34266 88956 36449 84579 71937 2812 2254 80918 42247 34394 64510 35633 99058 70562 50828 97986 75720 3074 16676 40630 11220 71754 55279 99293 34404 33866 60462 94952 9309 56343 53142 43575 45298 89591 28153 33586 92402 46758 30856 34648 97504 95365 86633 96561 65927 37460 10899 41646 56885 43926 98627 68105 32031 53905 83749 82787 4123 44210 94090 13431 16904 47232 57005 78553 53174 1509 28491 45575 64619 59346 96575 62122 71062 99559 75034 36988 37018 
2284 94985 93902 62561 9963 78358 94592 63868 78459 77378 84342 39020 71467 97772 72276 35050 71129 67180 88223 88989 95670 50150 53607 71367 63076 32080 42429 62634 7114 95768 16003 25749 7105 26256 88310 17067 20966 82901 97286 99424 76630 81627 54795 64448 95751 27070 99498 83231 94250 4072 72219 6271 54221 42178 77638 33648 74257 36418 96281 97722 48537 28635 23471 55641 54891 11780 89060 75856 11032 86345 91631 87661 84324 62777 68460 96426 6199 67957 96008 16800 72029 68226 23070 42601 26755 
17059 92601 1012 69828 5233 15085 18365 33868 38555 90357 5110 66686 79416 97317 77717 82113 5299 81729 82788 68075 50189 95565 74273 34497 91572 91072 22877 76149 30494 81830 2904 63904 74430 20267 33732 79662 35351 68448 29881 90258 58804 34990 56943 54572 32306 51012 53036 37604 49092 35823 22031 15632 31387 96303 50129 39310 3727 89357 15458 50572 71186 34713 14475 61967 54979 48206 41629 6682 33005 71509 96939 91809 6499 70233 62732 55156 37596 15767 9112 3040 67941 31142 18671 15679 43796 
85151 54988 63874 90860 86797 14445 62045 21510 28920 24012 92840 93477 81992 99521 42834 53500 12811 34642 76350 99396 13725 47858 53343 45843 56969 56382 13783 4462 91405 29461 48257 92907 800 12131 83766 87596 42927 45811 25457 71846 86174 18297 81675 68165 17817 24508 38016 46980 75501 30718 46375 5577 78575 99717 51419 51895 56099 65201 72708 63855 11013 20964 56761 28164 49446 40527 32111 92373 86337 57568 80570 88862 75864 78596 57026 10032 3103 11393 57011 94955 42110 3385 531 37036 3102 
68301 5282 75552 33501 77989 39406 60865 15305 96166 89028 64750 36692 37491 73474 39380 95058 54044 28241 70921 32639 1618 80952 52094 29363 54315 63400 87824 57699 80283 41212 77152 48583 46493 69055 98436 40834 8460 59300 56138 20978 64680 37239 74021 2170 10713 29753 13579 81108 57993 851 30098 75963 98154 98543 21677 52468 61943 9500 10167 42225 50711 3670 7159 13556 72725 5594 54389 97536 81246 26878 18513 62277 80468 92534 80798 7532 22286 94376 4991 96630 95226 35089 88944 93379 33631 
10620 45847 11925 36472 72365 70501 87182 92386 77660 17089 65110 83253 71477 62646 64498 14706 97510 43126 11526 90043 23923 19057 28680 18298 24048 41662 29875 75488 30605 39606 9118 57577 1804 37395 94048 90520 7895 97581 82905 85554 14670 48015 85159 2498 27012 66008 17204 24521 9134 45081 30916 33056 64137 59595 67706 4536 1256 13932 80023 48213 53537 5493 22141 55340 42887 16188 45859 50781 13768 45116 52687 28437 9482 37845 47287 36493 20204 80842 77365 29337 25922 8280 78745 6410 84227 
62802 10946 1834 76733 7320 66398 30270 12812 88538 1961 72050 4725 64172 39183 34845 9287 91869 79633 18768 46065 26919 71612 66268 7760 48976 11957 50033 73608 7053 56443 57834 69854 67388 76019 46586 74707 42417 93207 3871 30954 95168 75920 52031 75691 15102 86875 84977 23322 66507 3744 69386 9778 91707 52006 33889 40682 80314 83922 30641 87366 40364 88474 57219 24103 80845 20156 15161 23261 13363 19031 54214 24882 94951 6244 572 26404 9470 85548 49726 92329 5643 35463 2106 13701 3820 
35994 54382 84133 19915 85023 87850 76630 89848 45068 732 70692 81576 32245 10304 94938 51275 64518 36171 62577 87113 36742 5333 96583 38641 55058 88911 60635 6872 7368 74335 10692 43361 45068 94824 79628 46442 82674 72609 52642 44093 73341 39685 25668 5585 49989 36957 73211 30858 89479 52140 17970 42572 57472 30904 81212 12529 36166 58198 35752 43533 48884 46443 3246 10304 57619 99225 56745 56644 71833 9386 736 61525 65423 42756 83461 15411 96064 56672 46268 85543 8811 64237 28114 82634 11493 
25678 11514 47658 227 47265 7543 49111 93708 27140 59414 67678 26364 32510 24321 14548 58248 41408 76073 23670 515 59533 39080 96579 32556 85347 98473 57718 65935 26586 40351 93779 68615 51864 57789 68842 15481 65331 17952 25540 8822 93717 93217 35185 26226 17537 66084 825 75296 42156 24494 75811 18041 79925 88741 50596 81623 87213 8314 63910 30150 65016 57688 98765 33232 15476 67606 48712 97158 1909 74251 5979 95625 67467 57515 38202 1355 23599 55379 93002 82106 79872 68812 146 76149 73904 
50742 74123 61116 75407 38032 91266 40422 95720 6382 73653 27547 73987 38716 24705 75895 12966 47035 87871 96784 20902 42424 98138 44500 97802 91140 26605 77674 76303 26751 70174 50207 93844 44296 27674 69250 82328 35291 26023 94399 41672 16028 38297 32010 54743 63001 24256 84061 26388 12126 80844 47289 54550 95334 91788 52351 2825 34744 46376 79127 77846 32901 45685 88041 77197 89711 73642 75876 25001 99665 86626 83025 32044 24922 15034 86786 4275 39290 87198 30662 51415 68042 77950 22316 79727 86089 
74667 82551 37184 37394 78029 15030 70295 23714 19422 47491 29776 93064 39718 54776 92728 26343 37800 41123 67616 69186 27908 71890 8475 31458 18903 76241 99499 96852 98557 79225 99292 89575 78127 36476 43320 56155 67857 13614 96220 87278 77456 25995 80341 33525 97123 89420 76219 51274 30542 43835 20459 74802 32076 45285 6259 50979 21526 22109 47830 36434 17685 63474 42360 95811 99949 85679 68317 84157 99293 64537 87786 93100 6883 68127 26625 4005 73898 2843 55279 20792 46677 92089 11945 95105 37374 
34555 46083 58899 56663 10264 11684 90699 73737 54043 86509 90037 56073 71177 74193 71717 52065 61979 64817 58948 46457 7793 79304 36706 10635 34582 57497 73664 43023 85793 68768 80396 20347 14850 39294 93361 25113 67329 84059 15202 21371 86919 5238 93795 58096 79431 65512 10160 41409 30328 85459 4217 38120 64763 40922 65106 15696 98419 55121 58718 84211 23888 39113 20910 55089 94758 14270 96554 62086 14681 11755 99808 1599 16992 93603 76046 12774 75466 2558 54182 5793 88016 58398 60264 69130 99320 
41721 84826 14090 96842 59895 14652 37081 99008 35561 8522 10117 66183 21427 88555 80863 33181 4714 82461 66524 14668 74859 79298 90133 77416 49831 12277 65431 24581 88892 34561 40252 30613 35738 70693 43806 95632 85344 97238 10991 37257 5759 21108 3439 27185 26014 84301 76717 30727 83113 59593 45395 57971 38890 35527 51738 5072 64156 33521 29652 53047 84433 69903 83659 20170 40595 43816 32153 42291 41054 43144 79547 63164 80603 99337 6701 6616 99989 83417 53694 83101 43009 99088 57424 98250 50967 
25513 3322 15122 59033 32973 68168 43465 19228 68179 79986 76174 11994 12139 18464 53047 71634 98010 16211 52236 13698 22911 58851 13686 22679 12544 13139 82040 27984 70562 80289 95302 12426 83610 10423 71459 32935 94942 31275 52162 63120 11261 44687 91466 39751 63151 60864 11384 77512 77074 63619 91210 16336 38821 4895 55367 67716 18033 37406 95699 4946 17694 91000 17372 17656 17774 88830 66942 29068 36456 35455 8539 64068 80141 4 3818 43291 60868 31553 20803 54293 95171 28364 86981 50343 49610 
42347 18059 67643 79752 30109 88940 13797 37461 6311 47804 71586 11492 31097 653 47948 66551 9192 12015 46692 25547 32185 6334 86414 63737 43488 57059 75260 71851 44039 41954 21461 86385 60012 5455 82488 6473 94394 12636 43933 705 76792 15518 28548 7888 32523 76495 74439 58066 4862 37482 83612 53398 43815 86378 33486 87303 59788 8745 75505 3826 50699 13317 6562 27062 18771 5401 33534 29517 18036 77466 30221 11179 9336 58768 19067 58210 51615 9857 16275 72828 47338 16238 26225 7504 2615 
59710 11158 62402 84807 86663 82579 51857 16331 89140 78918 35102 94540 12452 64618 28928 6269 11190 40106 31956 86309 75524 90165 54275 85380 22791 43454 32717 39029 86030 40221 57995 62092 51378 36749 46898 54392 19327 98754 70723 24819 94023 22176 35710 22826 3145 64637 45447 30686 21095 93754 16994 96618 83919 87621 81998 23061 31074 31066 62089 17104 71286 20084 79195 39016 73184 42444 9759 92510 57549 96833 33680 51571 35360 69390 90749 54856 34026 36195 85541 71472 29948 18887 68090 30218 6507 
50087 53279 53932 97504 15367 87387 68790 51802 82933 24157 41337 25376 50267 33847 82924 63452 83878 50847 98811 53267 41595 53667 3645 94141 39207 75116 24088 74445 43205 70658 97303 9643 23936 51235 7147 55654 38621 92288 23808 37906 32796 65144 63281 99414 15342 62557 62865 99220 29755 61676 52486 71349 31694 72482 65489 87252 47598 5928 61697 7154 76585 58999 16797 16872 26585 40295 72526 81558 32582 96333 19463 81729 77828 82743 81142 93170 61651 44007 8741 91405 22034 61226 62753 53727 50060 
44593 40978 97657 66873 2674 4810 59809 78025 37958 76681 4609 78252 49206 86166 27185 61890 5628 8913 39717 4723 90055 49238 66373 50413 57978 57778 72446 35556 36882 26172 85615 97827 83501 83271 81051 2527 4432 40859 80551 42390 17539 1511 20641 83096 87677 47826 44985 9656 56738 84702 14378 63144 50291 97103 13556 8269 71232 86001 43824 24465 28524 29438 38643 28377 29060 19693 30903 33491 60552 27805 75880 94442 29315 12873 77538 16991 60698 22522 42999 33787 23575 57376 13283 73866 70830 
26838 98486 42061 29191 58661 82878 74066 4450 21520 2442 33509 57565 49696 83351 34468 77500 75583 28909 6815 88455 22798 40157 65504 61672 83155 15642 1598 56883 28924 91815 27712 55762 90300 86125 1304 48960 85354 91721 53409 6873 94163 3269 80789 60210 86620 15256 37710 78554 60517 44524 67008 83314 1032 48863 44985 84187 64504 62935 41069 93428 54749 85132 65541 45049 87608 83196 10360 72961 74916 63769 79834 85430 83389 60622 45640 86360 92230 99701 64913 52746 60576 48272 52411 61607 97134 
97396 45793 77990 76682 3213 87769 31430 4697 53309 92830 92304 52856 3190 65265 27771 83310 61450 29553 66698 38423 91544 53058 30652 91244 34322 99749 51819 82594 52160 13425 96079 65907 75570 74068 42588 95134 61836 74017 99830 31496 66847 8486 84351 86388 90102 28474 69697 67903 58026 52746 6325 65921 22155 53329 57164 56477 69429 8982 39070 21588 38758 35148 3846 30679 25568 46433 25813 87403 36802 41994 18899 20000 66831 19601 6387 56932 48074 92435 24834 22451 45180 47511 88371 83687 839 
61886 40163 70267 87219 95584 8207 25977 47083 12052 73007 72650 74837 98819 76405 27990 57165 11655 47989 23995 31255 70727 80927 95681 79513 22112 34483 24692 69622 39206 24730 86812 1091 64892 73431 88310 60475 81637 30638 23910 10040 19996 96559 1228 35167 89315 29217 92331 969 93557 32677 48576 80635 29955 44256 60147 52067 78738 1191 21688 34295 25920 24852 35386 90812 98282 40047 67638 96270 87036 7899 22661 7031 4458 23889 42197 93772 69457 50879 11093 79366 83556 59668 60000 13510 3923 
20147 65576 99012 21337 3616 33307 47256 44819 85044 54419 43100 25090 38409 55721 28477 46307 78381 35507 67116 18621 94056 77240 4430 44934 88332 83795 28489 47999 60146 58351 68273 80292 23926 83636 17980 43893 33294 65236 88711 18337 36006 48162 59778 74414 3882 88254 37073 98615 40113 4188 33587 50520 97779 38016 11805 86110 38162 40294 50460 98308 98644 35084 78599 38921 18720 12931 99166 52013 78166 87876 86702 30523 52390 46479 21289 56271 51085 58361 71237 7549 78900 4824 74420 76679 59191 
86224 79140 97353 26517 29600 95660 41512 81035 90610 96785 99754 3540 95950 68119 98057 177 71172 44932 52566 34002 66220 25189 85086 40932 96425 8986 36183 1248 83405 29213 60439 69629 8353 74143 12497 54304 86154 54009 35338 93115 67145 51444 96655 63094 35914 11063 79622 7085 72346 32188 41086 38565 73728 42524 95848 70152 51509 32031 87752 34914 61243 64542 20894 85947 38684 33390 40250 24837 3750 75588 17951 70894 27031 30957 50339 62944 58372 46313 86380 30717 94852 27465 85634 68579 69988 
97833 55082 21497 29863 42833 72762 7458 23726 93655 93404 62409 43396 33654 3597 47146 25593 37900 34391 68975 85208 1082 48270 43579 47394 34649 90648 58597 62113 92633 27175 48453 90465 98608 69949 36680 41441 59062 44137 65166 69068 53892 43927 12463 3897 63875 75960 29489 1774 26703 14815 86982 44136 63084 46912 7881 97732 53911 66477 76197 46543 10003 24649 53360 8610 10949 90039 66402 70010 50527 47920 55429 4418 8198 84243 24667 72072 76555 54155 73846 3257 85322 77179 63744 48405 40442 
71624 62489 10705 54452 55037 73599 64454 96037 26958 89415 6985 16996 55817 93346 83874 3736 65126 88292 11933 49368 12958 356 25922 83464 90553 45530 85137 67731 9273 49894 24525 97248 12382 35229 51699 83770 8827 32504 79806 52137 21919 3142 69132 94087 12839 69358 14174 77964 57649 26106 27331 86958 42813 69605 86773 33366 15134 71910 1096 40759 21803 41972 38006 50536 93552 6057 34305 2379 54912 30462 54515 93182 49955 39998 87268 62793 9355 1441 57108 83355 43898 790 86664 86711 70394 
73437 20076 1880 45346 37523 58990 67148 95847 13347 17683 89398 19403 68339 91776 90667 15152 62642 83848 65106 18992 71116 44250 44698 88908 17709 44405 32806 18498 31068 35868 5244 4504 55943 7123 66201 9817 82464 49700 5663 95810 83734 95061 31565 68424 3188 22231 83575 82182 6078 65032 17525 93545 25633 62222 82453 43341 22978 31610 61839 54046 67477 67082 74901 39771 90556 57454 49587 89371 7153 71602 85180 90887 83014 16744 59310 86201 55326 59237 84734 77756 24268 2258 71300 66253 64480 
70104 9593 87457 1713 87783 57854 69189 54864 49107 8959 61771 6560 74898 51141 13712 62851 52673 20950 45864 85768 96612 48416 41094 55848 33150 18849 96467 35407 6500 62719 16238 76604 72312 20047 78316 60094 94252 63857 31310 43358 89167 9432 49917 64064 76925 79981 43266 45949 930 89129 31716 13893 53897 89161 69740 87046 8009 82559 38804 30861 45277 71394 23816 33940 7792 2131 10386 2043 82339 58047 61753 71506 67478 11669 51921 60754 8001 95187 6702 25283 667 38418 39175 54563 27578 
25267 57960 51939 7825 13116 99151 69453 84509 22966 3393 8652 41448 30130 27046 23787 88176 88798 11644 72005 16819 63564 32759 24819 75102 39460 50101 75769 94229 5628 46683 38159 30894 4643 90097 38718 17758 5599 24522 18618 28564 27914 43621 86363 74395 70666 10149 62570 59464 38144 34575 76282 1708 67333 17452 93161 23144 83905 68929 17373 89532 15612 55531 36777 36606 61979 91846 70715 83929 16367 5684 12492 60633 49304 98854 35027 19969 25355 97597 95784 63498 48523 88417 81557 15855 5869 
74718 55350 6125 59998 89074 12008 91961 60956 48784 28566 39286 40629 15632 23214 56995 21315 52057 17627 70618 67263 69006 6939 92617 66602 2722 72466 15124 91139 70375 47330 13359 45092 2679 19483 21441 8105 47842 13402 69060 96625 58319 8346 53605 73951 31559 10599 95265 83616 44578 82235 50878 13583 89173 59846 96536 8246 48663 28011 99384 19037 75340 29094 80480 94370 64928 1921 2474 12769 15322 71534 25745 89992 79879 79349 63942 27789 6300 75559 11404 50877 74145 78633 80811 79669 38478 
77346 87914 87141 5356 3650 6177 97047 32743 86657 91416 14023 4929 10242 26791 36602 98127 68888 26593 94357 48236 90535 22145 54535 82445 33549 21763 56589 12181 2573 36257 67011 79918 40522 54151 1625 44171 76679 98671 93266 79687 90087 7288 84615 16680 50430 37568 14806 19317 64161 9162 67553 71047 31306 38439 53491 81206 60202 26431 9739 62774 79039 76749 59044 35912 47251 60668 80083 40281 59339 89700 36320 65777 96987 37286 82456 63768 74854 13613 83085 39014 22774 66989 26412 70431 21779 
79902 51637 81980 22684 77727 61106 18074 70827 20149 53985 18077 80816 50419 74709 56506 40118 11028 22282 53456 48314 21089 33576 39519 34701 33012 78532 73826 100000 4943 44257 21778 1196 12245 20110 40231 89971 81215 58304 60797 17715 28640 95225 14882 79059 69933 71388 35528 97313 10021 88984 45626 47462 22559 85144 98514 55570 80027 72340 71921 1321 32948 10050 18868 45192 46511 59098 35162 27725 33753 12310 45439 62392 7534 60321 57802 93818 48060 93330 91130 58080 82313 53107 21893 21223 54602 
20407 93144 50980 92746 65064 52300 25693 91465 71167 70884 37976 46616 22397 82052 80368 51058 27491 42760 74943 4163 561 68760 68574 93890 76242 26653 92554 45700 48546 30128 16654 68952 23271 67633 78049 4686 36285 3741 96151 23803 90976 34126 70419 29724 32529 50786 97133 60019 9897 72075 80533 26810 57186 49106 37051 49779 92111 45957 95479 57008 76084 28484 42311 15707 96116 36711 20392 48752 56803 16542 72555 64130 67019 42973 93853 99548 10110 7337 75918 36359 95763 72803 63168 52948 38260 
16570 19079 30370 62526 30909 3729 54962 59392 62391 70668 71859 99101 91059 20611 55903 23953 93165 20032 7323 52489 30236 6870 62598 37572 99140 98956 49686 88294 78475 2634 26553 95045 38064 73275 73922 68972 77003 28883 28363 55746 99550 16573 54846 90609 37183 27101 30913 46699 47132 38235 99187 93720 45105 78137 47643 60596 93444 97329 48889 71919 16314 75441 83315 54377 48715 57236 39700 42070 86119 84414 97815 85668 986 69012 92628 38169 96112 23540 1219 59596 61775 406 53315 23231 78542 
957 178 71985 14637 49066 60255 30950 40858 43569 1678 5925 805 41377 47994 3275 25790 62160 5294 26776 31171 97922 81296 43635 37813 82514 3230 15939 99271 72896 39169 77812 90204 55698 66149 4841 4763 42755 52142 45621 86324 53820 67897 3480 95196 15890 6754 37338 94401 12047 64113 41923 9968 61760 85557 64133 44273 88786 80071 43544 78033 35592 37707 68237 91289 20207 89429 12404 62962 41570 74376 49285 95389 42272 52764 6937 74513 59517 44274 68913 87915 24738 10835 14235 86497 96392 
78367 47121 1529 58437 7016 79562 10380 44723 64150 1669 64929 53578 30424 44242 95147 4799 93526 6888 47070 62641 30176 21582 38509 90801 6846 26424 31890 17680 40658 34738 30423 19024 81858 48304 93812 88874 27865 20544 33596 8366 38564 14876 61943 68987 59118 73441 73785 68995 80328 37206 47988 26855 58787 86496 17655 65632 12919 65896 99663 69928 633 30086 5303 82491 94741 15467 71364 22605 36010 21311 47322 74573 52538 9264 59911 28007 82704 33695 97002 79384 70900 44989 22590 46038 47836 
40245 28021 77107 6140 44035 47034 6773 90472 68689 5615 85212 84155 93330 24168 20164 30992 71489 11088 83529 80752 70998 11536 79808 21044 24889 75543 8295 86229 98132 54332 34064 54728 98704 11170 60868 59090 74556 83992 49562 43244 5958 34773 27398 99287 58941 63913 30278 46781 75000 30158 43885 62349 41693 23692 83392 82933 99234 8038 69161 13717 62369 3225 68445 77424 30746 45664 36513 5301 46007 2426 64896 51964 37199 92293 67602 12491 72557 97879 75623 63908 44388 19507 26256 86081 43198 
25999 85365 58783 34036 54526 72500 12756 74102 40944 6531 21199 2959 59396 26500 48965 61821 7747 928 15371 16392 68529 44213 88948 82759 19836 52856 27146 39342 95463 29578 82540 37814 14943 57674 88201 85820 46525 957 76273 3820 23839 97471 6778 83234 23970 55742 45055 48069 73021 76777 64460 57901 20990 53407 40659 40825 22614 84157 80166 34429 30086 79057 72242 61380 53083 76794 47199 99607 77750 23471 3427 17941 20942 26556 1174 61263 82298 62580 9331 55318 39357 90142 13219 60346 59901 
70229 17522 82514 70737 97687 33294 823 93096 21887 78554 46178 98681 25753 62136 92782 65575 81914 10722 2868 8470 28248 80483 90767 90827 6165 62436 46535 96307 92006 23232 56207 78587 40753 55072 49323 54792 88366 66497 64239 10252 45051 10416 25284 87155 88903 18066 52729 70817 28787 71949 79286 73386 52431 86404 64213 74947 48839 27099 71253 57197 50331 43811 35783 7435 98883 1457 78578 3600 67954 42816 30203 29356 69583 55487 16510 58486 73552 85590 29302 18690 57538 8587 92076 26320 94990 
72640 17619 60180 99738 88871 17376 66420 49034 53158 90207 47916 70967 85136 67867 38920 27952 98069 68275 13886 53555 1136 72371 27106 86725 18024 62148 60615 42962 54223 3286 54303 43214 20904 14483 59303 26127 48210 42075 75160 17720 32281 39427 88686 33768 7293 43957 61719 5361 12231 75605 58916 29718 64327 2373 16442 82351 64520 93408 41664 35094 96694 95967 94659 33949 26801 53962 60075 75010 96036 35234 92729 44668 74660 81414 78435 98304 25370 56506 3665 53952 48462 78932 21 12788 81304 
16463 11490 62176 26222 69506 13621 39267 65472 8280 73216 92272 78593 49642 67281 74628 1228 76362 35647 92239 74127 14081 90543 15849 86938 94207 86152 35399 89490 86173 64539 87145 18987 92380 49320 45208 61885 79293 84475 27356 3924 74042 35979 82516 40035 3260 73495 41262 79621 9141 33501 70099 39573 40395 85947 26511 50953 72099 78261 40442 58271 42799 27586 77257 51531 93258 22464 13415 88902 23290 57123 92825 13683 93101 75340 53718 96360 48834 11331 92332 74326 61183 78783 13898 1577 64729 
56760 68881 36827 35021 9322 11449 94171 53260 88705 45701 46517 27521 59116 35418 67162 16238 44594 97197 25690 36285 50914 38402 85118 78596 47085 75795 39779 25867 89692 57707 90596 46452 26588 43774 97824 52261 55223 91994 5520 60279 37695 68388 87799 13162 20157 71313 45751 64750 68509 71440 1034 35774 9841 2503 14369 56926 78297 70499 99144 84341 44558 89739 47144 71145 49865 44967 39757 5087 53312 45277 81717 7358 30016 69516 20519 50173 40828 82621 31274 25688 70413 32308 61461 96605 51162 
92181 69882 45811 62680 69026 30151 7237 75116 93646 94733 24980 38612 50841 46418 8275 12469 28135 15633 42485 14002 52503 9009 71181 51476 40282 96868 21888 88941 58328 18492 40103 50508 88374 2265 29539 57399 32415 53127 32514 42412 47859 73846 97375 98700 20263 5649 27520 64749 21281 70004 78750 90136 79012 49930 41611 19294 46797 63498 24586 21476 98341 81040 71984 86714 83304 17874 60464 32070 71001 9330 74481 35211 83175 71855 33910 19789 77504 61430 84538 15136 47785 63287 21623 26797 13217 
63233 62442 76365 43082 3379 14193 57775 84419 2528 44488 67722 20401 21304 99792 91401 30633 90624 26612 13807 62479 76873 33595 56334 54654 18132 71469 2439 97771 93092 45587 27339 72676 24380 3703 32110 27758 34247 89884 28528 36774 50723 96250 57175 72026 12393 48575 2658 19368 91538 32816 81846 68411 82763 38179 39416 17246 26000 58206 15016 35443 3792 42354 24470 44523 62409 56579 88633 96655 62814 17160 33429 13537 29761 6955 1914 42153 71881 20924 61521 63419 53739 59718 48181 36501 14249 
3948 53747 40248 62154 85114 75690 82297 27468 16511 26820 6228 73090 15452 19234 52255 32611 52662 82143 62372 75968 84057 20876 47849 21332 98748 27619 75070 74818 75799 27923 89066 79746 98021 29313 58251 99486 21354 40548 43305 54216 67367 49532 43657 99170 68766 95912 31780 37779 78054 10503 13747 78462 47731 61595 99793 62830 89213 91215 37647 81363 35489 43064 77460 49861 72376 35711 49346 10081 76258 92651 64297 59976 58534 7953 59145 27299 20216 7276 81430 14622 34131 95176 93083 81861 73122 
9228 61042 78686 16794 15041 60048 68634 58104 53859 18494 46832 89569 84191 56912 82178 93193 37560 42153 51727 61865 17649 95377 82080 24925 76806 96701 59055 88333 6136 57267 61454 31715 34660 40139 48508 49700 16538 17141 7804 70397 51986 54635 76317 36176 27898 74847 45721 81810 33351 97447 60026 51000 9175 42105 92276 85981 55158 67682 90665 77645 41300 52119 9359 75959 8609 74218 42011 25147 7710 49814 11895 59695 20800 4563 12222 65049 79409 57942 63210 12760 71740 23235 80111 80915 65340 
72386 83247 36849 40067 73911 30845 81366 26029 56555 73676 34638 30772 15686 76136 38481 65499 4382 14527 2650 8944 26748 84051 88353 1042 47260 17464 72781 70495 97574 53695 52186 86311 53293 5386 26377 27204 36230 24094 53232 92784 97769 4221 39907 13455 96708 78387 95305 1089 9265 14307 10033 52364 98357 14737 53405 61968 32200 26186 32462 46125 96232 999 32435 49525 6384 75163 76728 58965 99256 46311 51748 13376 66884 91654 26830 79943 86392 38487 81032 12008 69145 7416 64372 83853 22152 
17776 45820 70703 60313 94634 16827 56545 95632 49261 22421 2016 24423 15500 60980 40030 61810 29080 53405 45045 37085 96587 24988 39829 51425 22371 51836 20569 29786 16207 4421 51937 33983 66592 22639 10647 61225 55817 67191 56857 5077 5963 75224 45851 21462 52555 2232 99624 81634 71988 44668 35071 84926 86007 74899 36350 8377 26734 73270 38162 42941 77690 6450 93275 44282 45440 3921 21858 1256 87464 78714 6332 9778 53937 68534 31240 22844 70765 47215 20829 59105 91882 55899 44030 94241 30797 
80380 18969 57531 70001 57131 16823 47691 79932 10097 8324 25372 30369 30181 26627 34184 25247 49311 43962 95535 34196 75201 18378 21313 22415 39207 80417 30648 95105 24446 41240 42254 21177 60209 16136 91178 33691 32958 55220 13622 59406 79895 55345 89774 26427 81972 40310 51673 47634 84271 63560 81829 75823 81937 3141 98237 37495 83557 45236 48952 24355 86476 91205 45531 63036 7340 36708 96726 56649 91927 10347 16054 71821 65692 22179 14600 64015 62488 66272 11648 46758 29831 93476 22580 28120 12969 
37168 65614 96525 82404 30917 20879 85231 22121 66410 48266 45812 19469 61343 2460 27748 88041 18513 15920 70084 57044 30519 34098 19531 13143 62097 66289 42973 55573 5220 87444 68541 42388 53058 81417 41143 326 18648 42725 22447 1409 7342 84610 20877 68684 87070 48624 56724 21934 80896 26808 78977 11414 77257 14860 24556 39354 97500 83881 11278 2719 87676 96170 61458 57085 93938 18952 57411 12585 61676 79857 13993 85369 64466 51222 54052 67887 16197 27128 6173 97092 70287 1501 24858 63895 16360 
65765 19600 13859 49645 47229 32930 37321 43398 10739 94405 53688 29691 51815 66272 7718 48023 96617 93087 28841 47838 63490 13079 64034 6969 19251 61126 93607 20752 2335 73854 37111 68099 93453 67322 17744 40682 16603 71416 431 27341 82172 54118 73383 50339 36742 97453 14713 33358 90539 43553 81195 70380 56632 61580 93701 75882 39057 3659 12985 41391 77512 50096 9490 70965 33769 43585 27998 50371 15000 28428 94063 13523 98898 83798 63861 35639 81250 78574 85348 71788 38478 66542 58519 95109 44473 
68571 87343 83530 72230 327 24920 49741 66774 34409 37057 542 77993 65054 67264 9344 93482 77679 39219 8731 61476 3079 44369 42725 98004 29716 30864 52834 12609 89382 47942 57081 74305 51636 40610 46534 51963 81882 96274 35088 32642 49683 51982 10635 14736 19245 36330 24569 13275 75548 33299 74750 94979 94019 17474 9334 23734 48337 62167 52694 54071 26461 9775 28375 78096 66736 91260 46410 64969 3885 81498 97611 53567 33479 24597 68303 69075 60926 92871 82350 52826 42522 57099 64156 36540 90925 
73489 76626 55613 52008 29319 26035 78468 55445 54409 72915 22181 62020 19325 3501 65905 17174 1111 19471 67004 25707 87773 36078 2985 96996 34779 55810 39517 8230 36317 92408 99154 26157 69033 71118 78164 98352 97153 72983 53796 51561 45898 92328 29933 81574 95829 95837 15099 13291 15307 82102 38998 19432 34531 41982 32779 69310 14143 88647 93891 66811 81054 9396 92967 50087 80513 71131 64790 77665 44113 18585 45578 6362 27265 75510 87935 39445 71346 3033 52735 3004 85134 91732 22435 36017 50065 
71565 21678 80559 60211 15568 47369 41265 24963 40336 7703 5475 11466 72492 83140 71930 7428 28717 78292 34692 4226 66226 90488 91923 85611 43223 94926 87096 34954 17361 23112 1371 88925 61141 81929 65488 76708 29298 23104 18022 69633 30806 39849 97450 19649 22988 85731 43428 68056 64022 94472 88633 46600 84959 80555 48562 28181 91832 35657 79487 9192 75121 80857 14469 36261 62785 96308 29321 8434 19411 47342 78066 66568 87190 91867 86216 26529 93950 45995 94584 57971 40466 99568 20922 25425 80122 
69483 69957 71954 5140 49443 97497 80260 30299 28317 32872 93084 40976 62192 1517 60386 9534 95935 26953 13075 4153 29520 39604 98102 91867 34187 72425 32332 50107 93346 74108 46580 79181 44065 34885 672 93507 48734 97283 40158 77050 30154 33241 34378 92346 51109 94763 18231 63395 38068 31305 67548 83939 70908 82001 75805 21447 54425 24489 71553 64123 98596 18132 43303 59012 53017 43974 68871 1750 41256 9028 95151 87761 42268 29528 80106 9728 40643 98336 73123 95062 45993 57022 79000 16900 39022 
71157 54698 9799 95645 26250 90273 10592 60734 33575 85956 30102 93900 54826 48203 51507 63853 43353 39267 22472 89233 35725 32199 46227 50412 21673 41288 96404 78694 36639 13304 34068 24147 68001 60218 36143 10603 50490 46735 71336 416 32690 1437 94315 3867 65991 62173 67719 25695 1439 90190 14927 53515 38740 77505 3927 60413 35144 330 39106 71783 29985 89525 95929 14338 49742 32072 24940 231 95158 12627 646 44199 30415 11312 48065 96405 73484 32135 22099 91275 22324 53378 44789 61063 30882 
48715 37827 66026 65397 76933 54160 95381 66457 50088 9718 32551 98511 51009 32781 10020 63635 33427 54218 94049 61090 18634 90453 34574 50768 12552 42200 89443 82281 3340 66858 13162 68407 4684 79187 33803 81616 33346 45535 64425 99786 55253 96975 14648 22613 46107 24668 86248 95885 95237 96648 56975 13871 87101 91548 80990 16004 50099 70433 98284 53438 37290 27797 21844 41973 6984 71998 39941 56681 17533 20717 72818 89137 34043 87466 11749 80149 28485 14348 76034 23721 10996 33008 37591 14448 40907 
34933 30451 7357 5365 45086 60794 59006 72882 98990 17330 96217 87339 73622 69250 4871 94338 42067 10359 44732 45884 38460 24881 74368 69159 17266 98089 80154 50273 52031 94601 7531 86963 41403 14887 8679 86488 92032 84036 75722 7373 1366 71938 94712 74987 57539 15934 85677 15958 42645 30408 61841 81104 55288 52561 50262 88905 50649 46768 55529 19031 57720 63059 22346 99123 94297 47376 1962 2681 31412 94035 10053 32777 82325 4764 24115 39863 37050 9791 55820 79694 40199 34013 77149 11838 86573 
43762 743 53573 90529 56271 88955 64601 35682 11300 63723 46330 75028 82036 49010 6439 76071 59063 55567 58395 80178 96033 14609 17227 5824 70429 13272 62374 20793 90420 90563 7365 34182 7657 60937 41062 80280 49891 5662 15961 77543 85736 78642 52570 84124 27652 75360 60194 3066 30926 34940 83243 26958 49548 16822 49133 36328 46445 27858 57120 36865 18421 64484 87398 26077 41772 44811 22708 8015 66825 55020 1909 68912 33662 54478 53035 61313 46189 13228 80730 77114 64519 80324 20423 14067 13497 
69556 66746 59942 97413 23866 13158 32185 4701 555 74614 46473 61717 97321 70839 28541 52341 72747 97453 86002 43576 66839 63666 89764 80067 44395 83229 44585 24718 3651 75003 38215 89558 41749 14508 3323 81966 27665 35507 86666 44571 26472 49490 6287 23793 36680 51180 92485 9426 64984 94838 69353 31822 58503 59116 28240 19249 42344 89177 60318 62347 64179 14884 51904 22279 29391 71578 4244 57055 23437 7262 1625 49908 73103 24264 90052 9783 75443 82536 35560 40426 77373 4913 88599 52227 64028 
16839 71475 22724 6015 31793 85070 86545 63028 53325 25176 92419 24903 45771 65825 48339 53032 83802 98246 26135 8065 88298 52269 83507 87185 87828 40284 64558 92740 28882 16784 73120 62072 4611 95843 68086 52755 80912 54631 15782 50588 79806 24552 75490 25576 90377 23828 94960 74178 38426 37446 82242 26723 89714 82100 13907 93893 38735 94816 86633 83968 27952 59752 46040 32562 71946 14125 85316 69209 85107 17449 19796 81264 42001 95286 23192 32377 19113 18151 22906 57538 71948 21499 612 78013 19950 
30871 71905 58684 42038 58537 42651 69989 34640 5042 18902 6585 19167 20569 92145 20625 38018 11941 18241 80018 7226 41432 12394 42690 75934 51651 16580 47881 73149 33543 25893 93098 80765 14149 51781 22803 72686 10783 9143 23677 15825 28045 46614 51343 48613 38758 88319 86630 50698 6559 82999 74275 47990 11744 33317 40275 63394 49896 4507 36542 99790 46751 29639 80555 60900 97771 19709 49937 24906 28851 73613 57082 56895 20226 8424 21860 75336 13094 24841 26033 19653 7840 16660 83994 19583 49976 
40621 82977 16223 45127 35870 32364 91878 81861 12918 52777 79631 48978 19065 20888 77829 92677 77969 51075 29255 2744 72934 20942 15838 97775 46974 51842 21966 79985 35835 41548 46312 76455 24524 62534 37934 76746 11250 29811 58606 24167 98939 54588 73145 18003 75476 67325 27031 53444 18399 72637 72540 7685 93578 88377 5459 56904 56570 43776 36888 92404 85323 99552 85211 26199 62085 23144 2944 89686 69306 61549 13853 84596 16136 3349 2598 7963 87025 45980 77759 5423 34969 50298 29459 28546 55026 
51269 85449 11595 95044 38689 20350 80367 38240 21912 22917 16676 61407 25860 22714 30712 3760 36566 15307 36247 56266 34256 44210 59642 80236 21968 81416 15204 88617 10875 60101 59994 62143 61902 87940 57187 16942 24641 37553 71533 46553 60469 4560 7959 2680 27273 38671 6439 80190 70329 59037 52807 4585 3246 12448 1172 41565 93864 32727 46533 4738 92827 6526 66880 71080 10817 24066 88021 35458 77970 59553 82010 54790 64113 89968 57469 7737 44990 80259 87927 15319 39296 40733 36255 58893 53181 
37426 458 63396 86504 63342 68133 79330 69868 51364 66762 97036 91782 54782 32493 69751 30687 14502 24541 11151 20822 98361 18887 82163 78620 6813 13833 34267 63898 50087 93159 33430 3864 9968 96825 90367 73310 81309 86049 59529 32672 52810 56564 40805 23943 89057 10556 54629 19910 51448 82131 57083 49808 1018 39246 44779 24182 69430 79045 88079 35869 72204 37860 39732 82171 51036 46451 71832 32344 48851 31360 81368 18012 87924 22172 41954 93332 49079 12935 13241 526 95065 86676 66686 96082 25921 
27816 36616 11702 6861 41046 47570 95416 78906 87302 93938 29941 50104 65770 78637 98954 13481 60004 33317 1404 98527 75270 11087 47606 88204 40680 64483 99621 27355 47520 12054 69627 75336 48669 81328 98548 89715 28898 93963 84972 32551 4252 14912 82654 70021 9900 97959 83502 69903 31275 1257 84782 22896 12344 48739 27452 69375 13221 27072 96729 77093 39125 66355 52428 87794 47682 50975 93860 92931 61289 78831 25481 65540 10094 24486 51913 19994 38796 35414 6248 86422 53022 91029 9318 81717 56119 
53121 51091 69340 80192 47819 62784 19316 30525 15211 23461 94559 82537 33672 87489 60177 12502 12970 25716 38948 53807 77628 75293 92603 29393 81540 95376 82415 88921 4693 80483 45039 57813 31574 30730 54356 95744 93513 90024 26269 25075 13484 20827 7611 47156 24667 67787 76009 37636 9855 14956 7795 87482 90248 397 33227 88140 95772 15641 77060 16817 12475 38450 90981 44048 69180 61689 56144 79044 51712 82412 4119 81547 19590 28081 45054 44256 95868 21063 98244 22074 52370 6038 9555 58970 22786 
59133 63461 34909 91125 56872 51725 3600 95321 59058 47647 80852 20746 3790 59896 88809 2553 64014 70355 38494 92094 15409 82750 4313 52823 97345 26386 21544 3382 52293 80513 26167 11425 43973 77427 2550 17196 29152 6149 12517 4561 70147 93368 41658 90289 53263 30466 92841 33628 820 31335 25722 32580 30436 46386 1754 27780 72772 23298 31161 41416 20162 73679 52840 80487 51105 71741 97682 96608 94241 10198 17520 64388 19918 59177 54676 89532 89642 47516 23160 6814 95202 65233 55745 25637 11618 
57499 69768 741 97148 17280 42156 17309 7310 11348 97795 58415 83088 95477 71374 77329 22026 88894 41716 41943 64422 12743 31475 70416 76610 70986 77229 71812 36218 49325 13800 47835 6823 83568 48576 3970 847 90731 37631 8157 2078 35425 82923 1518 47253 70648 78846 69279 75893 36913 27573 40315 66007 59047 10730 42616 30032 4310 30779 82601 53634 44579 30436 76809 44498 95363 97130 61696 86093 34760 86204 4523 70185 85478 22392 17437 56126 17589 3067 48370 70853 30640 88684 36859 6038 15765 
79474 36070 20074 10253 18670 90060 71183 65457 66868 32032 60819 80349 93727 63264 15109 79931 84138 1645 81760 6529 35433 37885 24117 38500 86255 11321 69139 91290 48179 75176 7055 44004 27597 43480 70608 62619 49891 41790 28075 16758 90173 5246 13459 83900 68509 28567 80182 52646 30211 61941 75526 65643 16178 15994 20494 18784 27314 89632 10073 75492 81160 33479 19495 25108 93311 6455 87726 43201 48244 32153 76311 54769 37398 89769 38668 22258 18335 35201 74903 64897 97141 66780 46891 29670 82773 
67385 48453 26438 73368 58526 18281 70879 8356 54127 95987 1666 60581 64 61219 25177 32216 37529 79945 69613 27297 34964 91870 45631 70164 83124 26879 83656 66255 73769 13326 65379 57505 61778 91816 47225 36655 26448 18103 45011 80575 30441 63028 41155 30505 24246 82683 62720 61774 62627 32333 5422 97590 40554 67404 67753 40030 94282 51409 6284 84403 81086 71663 58259 42863 79830 5483 79518 6278 23586 40880 86852 54026 20259 44358 84530 60857 27041 63602 38982 6019 12286 44404 19961 52839 11807 
4065 9220 22441 71825 15504 6843 52910 3518 65101 95773 99699 70584 91642 5976 10521 48873 9179 80898 69131 69889 81780 29987 13281 45381 68969 19299 74018 29724 55611 43208 41530 59676 52428 63970 31500 84283 87164 762 87800 68617 96534 87498 55552 4527 9826 82424 53399 35356 63321 38881 5244 61452 85220 18524 23184 70540 54175 97201 263 9785 40409 58144 69460 92836 38466 17312 93470 25629 18073 81269 94245 30958 85118 66148 35484 11295 48571 5234 46651 28244 44114 51894 89695 29333 86770 
29231 16224 40944 26431 16486 67080 83191 74630 36540 92378 13095 70203 85847 55075 88275 83467 65672 19232 84937 31819 71067 96231 80390 76300 59233 8633 36765 27479 14679 82450 14248 43909 98673 71543 86692 15159 38622 69882 6140 91513 78612 19234 61715 64458 90660 66341 47925 56331 85572 49213 88150 72990 45443 84891 49289 21028 9875 86054 48506 40905 68503 79105 1166 83527 66999 87857 98685 21972 74090 4824 13485 52701 40409 91551 33511 31069 57892 97787 3751 43463 46999 91900 16453 8793 93142 
82093 29820 3016 84498 94677 43921 69352 90133 45086 52879 57131 49294 51563 95455 39735 72739 8939 8788 29499 489 42298 76919 58380 40084 80670 18195 3434 88921 50999 12226 82063 49443 58398 1430 33941 53074 61702 3292 59559 23139 56170 33041 72432 24085 28495 28519 13175 53785 37306 59025 54274 79603 35944 29005 36038 32965 47199 39471 38237 14549 68048 36651 63992 26445 38081 97932 95871 16134 17575 55429 39273 90097 88469 28056 30533 33316 56574 60059 87100 93879 19083 57725 89833 71378 86730 
25870 4342 50280 81692 58931 64829 49740 95581 45172 92536 33661 59455 88406 49795 77029 60186 5419 67125 65007 33474 14009 98322 90048 74067 85421 83926 93150 59498 73759 64527 46227 15980 85221 12858 14024 44151 77686 63763 39731 39209 56298 89744 98663 61056 55890 92044 21241 61308 59168 86247 94781 89529 920 1180 63595 2693 85106 73096 62190 75216 37623 8416 7547 39195 21273 21570 99697 15311 1684 55779 70871 74334 61874 69534 35389 17763 61577 72981 79070 37096 75580 90203 26624 76499 91382 
6571 95543 92839 79666 57732 68054 33640 82499 91953 72834 20124 13522 88882 51786 15206 61013 22656 5891 22886 8541 41279 40649 86469 30611 36070 23565 6190 26272 66540 99041 17654 73110 10935 10492 52776 68667 94898 86415 67517 3202 75601 3992 33075 80834 55777 48280 41846 94785 70522 64732 19677 11800 21732 6146 58763 57801 29710 81304 425 12601 80344 18078 2063 91279 44921 54838 76297 56170 57604 60165 59371 49556 64157 92446 30390 19933 57077 88587 31069 43951 53318 50746 72102 75049 56891 
30864 49202 2952 12168 49626 31904 8863 84055 33966 141 45327 5155 92789 1497 62759 52954 77219 28666 17110 86016 59055 53394 59445 47642 815 3395 17311 67912 75496 8712 41154 6360 74265 60457 34879 23890 92360 43741 24296 42678 60234 69622 47832 53022 71118 26942 22327 64689 55608 55788 50704 31014 9182 26500 95007 26348 29894 28670 94259 21742 37381 35412 44453 11645 95868 79331 51886 88227 23071 76181 30904 99656 45802 95088 69030 33272 22029 91356 97960 93988 47144 65015 25002 72677 7867 
36360 99024 37760 65029 93282 75853 18761 45045 20305 46757 40912 99635 98642 45490 39058 91174 92746 38713 53328 87833 7742 2951 9861 15450 910 20201 62593 82276 45202 51621 90142 97913 66996 44254 62942 60277 36458 81702 21673 56763 28459 62584 72749 43452 24425 28158 50978 17170 83223 4305 5002 90964 7255 31215 22765 24516 51415 1709 23143 12968 53329 29637 10880 20324 90242 90173 96952 26699 71875 18624 83461 16685 97559 72562 76488 21984 719 43817 55505 83941 48121 60507 91257 71727 8073 
14021 12594 75839 15730 52089 88806 85410 81725 16037 22086 71966 6210 35389 15016 94436 54013 98477 27472 67923 87390 3959 6258 88108 47776 61763 88401 12248 38621 79657 327 46693 10029 29272 38883 42110 81360 27688 27520 79436 60076 49605 51401 66285 84993 66417 77072 55357 81245 4543 39632 84986 24854 45889 73093 88981 24003 77845 1228 62623 57501 17906 25667 67530 47178 64549 9639 44889 8588 53510 24325 68664 19466 92077 51300 20811 74845 28372 92519 56089 32914 32150 57426 74119 94391 46871 
63099 18393 24715 80679 97368 82216 98584 39386 66097 62113 20287 92087 7002 28874 45597 31326 13889 65062 23402 65189 2224 98247 9912 94743 70687 59177 26892 28113 33296 37634 74983 96394 72379 99697 77072 69746 98264 92008 9131 80712 54120 29417 72799 61121 74643 18395 8798 88531 99808 32200 70071 18384 46798 96334 13126 33836 55511 56369 61948 88806 94003 53282 1551 82733 69331 78623 52478 83946 70630 77960 64658 41101 23729 37456 2222 98371 72202 27371 3253 88361 75922 89676 6744 22719 86009 
36221 72907 57871 8942 51206 46676 19296 4488 64579 2028 90170 43201 54505 74115 30182 48816 55124 71282 72544 92579 89855 87266 81132 17226 6871 85845 93147 12898 8940 32218 98906 45161 5124 73129 54102 56329 36156 89749 77168 734 91776 67337 43934 62632 57804 90467 11447 12927 61749 343 21858 67955 3960 19341 85180 10830 5185 94679 40079 14125 26896 55337 75637 48371 28465 46090 4699 64620 35838 81867 65354 43965 65555 25639 6596 39710 16106 18042 68989 94206 34736 90846 62160 38696 26538 
47340 65877 31723 42018 5956 62199 85265 77644 54187 33635 6108 276 54685 70727 52465 52903 52432 96429 18458 78071 3024 58167 10528 37417 27155 4733 72153 34352 66892 27200 60890 30583 9428 8964 88952 31735 71162 90568 9378 41700 24202 15485 41975 95239 2564 10791 48141 71347 23571 66598 49417 26594 41117 76296 80362 84623 81028 68866 35327 64272 96065 12568 94854 21845 21531 158 53579 9044 90725 62957 50743 31279 94793 9069 26517 13708 36211 74657 85055 59781 57607 34471 2726 15075 10767 
83087 16049 8146 51953 51375 88769 64369 63942 99975 86213 1824 132 56144 27219 90856 19100 94313 38486 30244 19733 65002 43952 55943 56011 29006 15723 13617 79828 18448 28691 6946 17887 44739 15092 86191 12466 3860 50559 92759 3834 53124 10935 20317 9267 38153 27525 44718 32466 66010 74961 52198 47364 35264 24493 3374 64269 56567 16990 44097 91367 62032 51042 9253 23122 82485 95443 35587 2697 62353 44698 22882 15476 55632 43199 41094 93784 87075 2163 42601 53084 93476 11151 447 28739 35643 
20172 9360 92209 37161 53456 99927 15544 20849 9179 38666 19686 20973 74252 22382 83326 18949 61615 15153 90932 21165 56247 84716 8239 58409 43668 77675 51884 54818 78121 96975 6812 98293 6334 15373 51805 76141 15299 67349 96989 24478 22366 33026 61802 96617 71759 45127 31918 33374 60280 22849 54538 16526 23916 62777 91286 67584 40451 59522 38753 34923 56496 45565 49567 79181 77289 17724 55321 92587 1424 68661 33416 23789 1687 95218 36757 73445 40344 85026 23170 16975 7875 77708 49852 48142 56836 
41138 15725 13638 17011 70830 64912 89858 32746 30831 69038 10034 64906 40710 18972 66329 9370 52388 90117 11056 63957 43225 853 20652 28251 24022 37627 52477 18081 87478 618 91268 44967 32695 21257 78329 3524 86169 68186 36269 33351 53575 62654 98256 94284 81625 80936 20006 34012 71052 47413 14320 30628 48265 34972 58878 88639 88950 11354 23071 92779 11972 14339 54098 61018 35595 32426 64541 38115 612 17161 71465 70538 79814 86072 81174 61438 67007 1179 11802 54410 48591 26121 85038 13208 77444 
60267 1846 66393 71621 24916 75524 99944 55606 29621 60961 7553 62046 41853 45667 79009 75365 33484 49547 71530 35907 30720 49319 2914 48250 61120 57323 96840 3593 58712 10047 97388 18979 28244 63781 6951 53160 55656 23246 25117 85276 84206 32669 47321 42410 94688 42682 34126 28171 92228 5655 64077 39299 54973 83342 87548 32445 57017 739 36037 32080 10786 33424 51058 39029 13556 74360 8540 69211 97605 50009 70838 98162 82677 34511 40571 93716 77192 74696 21886 85771 96702 2315 41421 51675 2008 
28968 84119 59024 46058 36507 91104 56843 86282 58513 12224 99838 32873 37115 85400 46829 87123 72590 44991 86152 7100 85561 79867 84291 76609 18105 70061 73310 20419 11481 41336 38778 56800 41806 97802 2857 78312 5257 76052 64594 80121 4627 80783 12993 41741 82534 59822 28864 55123 21164 15015 78574 6724 11233 62864 99684 29337 32924 89346 66107 60756 47033 4885 17555 88839 19038 36764 83502 24294 29167 64447 20766 33793 61581 50111 75533 44115 26284 20748 15589 47447 52114 94163 70522 63347 73378 
70206 92683 22654 75903 58790 83409 22935 63674 17316 28125 99063 54079 11627 39708 99597 76073 60473 33389 37654 10583 8921 98120 36866 29669 13708 84312 98134 24222 54834 61480 97600 41391 54163 20253 17293 29304 20013 56579 92977 37328 84704 8391 7758 96330 48098 7354 88754 8570 40742 26407 19153 66015 24526 72370 12035 54586 56682 10168 95159 27867 71648 9110 69257 42162 29362 2901 71465 65727 75831 80793 3054 60534 89183 27164 73215 37280 50869 61969 45849 7963 4727 81353 73977 45605 53723 
2363 190 26756 28882 11700 54622 16881 20810 40230 59042 66523 59482 46858 32249 35312 27650 51655 12198 33184 95170 1764 70463 46038 80084 32664 54000 84811 30368 44328 30415 84090 63042 46956 10845 91924 75007 81818 8804 95816 22047 84198 62339 81528 31055 94587 33192 58705 62593 45389 91888 57762 47152 78703 3800 27236 27718 74151 28398 58085 34831 75164 42175 97872 22119 69371 6147 97125 67541 14951 9293 89587 99148 71631 87467 30202 82569 20658 5258 45162 66046 13498 2923 29549 8552 23074 
56784 36269 97225 1533 94353 32055 76696 52879 46278 98814 38602 52425 12291 6142 83727 21583 12080 82874 9565 99546 29427 92133 20203 51037 53646 2600 64534 56569 48501 73085 95994 21636 9353 93218 23169 20057 41624 99864 72936 4254 15030 11537 73030 27320 34030 56756 65254 46109 55981 91170 45655 1759 99654 82209 52795 53300 1161 33680 26220 49661 23116 22213 71296 32468 31783 94464 68877 89758 94328 58164 94011 9357 69700 67040 53028 20081 40147 34633 66189 96127 42154 28195 14238 41807 10404 
67032 95106 27916 712 37677 77576 23827 59890 65223 72647 8024 76039 57875 14133 70366 16038 8144 96074 2089 91535 65453 22169 48034 16437 88357 60512 58590 16552 74749 396 43307 41781 11854 87574 58844 49530 65149 99022 25771 46723 88020 50146 22761 45894 64279 9478 61931 88774 21903 64019 96660 3707 2539 44693 20143 90896 5205 95084 23799 96305 95480 83457 54437 23685 71030 13280 89566 52530 28654 15337 15604 16673 81834 38365 78919 46112 47842 40849 51237 86097 21220 47897 89803 23758 8941 
9946 31005 30497 5029 71155 26802 16860 54611 81238 56896 41992 10870 46462 10873 39523 78150 26477 72547 59983 64841 51465 22447 29034 8666 73683 15130 29885 21579 4933 69994 30520 31230 999 61016 52610 72153 4169 85822 43116 85407 42717 85107 96276 5530 95980 52150 83679 22456 24696 43662 3648 76161 82460 32681 84826 56142 64163 31062 77721 69095 1055 24592 16676 2053 1959 69285 90558 6128 55106 33673 91534 14175 35131 4161 19704 31110 56310 3383 69917 97357 63396 89916 89869 45855 38949 
91046 18348 3111 22107 96068 88557 39514 37011 5232 41566 38970 90868 48475 45097 62326 82147 52982 76500 17278 57142 12555 64739 29803 15937 51008 27159 95684 40923 17028 57890 79871 8073 76238 82981 46532 88657 71537 86045 42020 93120 43962 80989 83988 92437 42437 46313 74583 95418 22812 8212 68911 35366 72951 98713 67655 23958 42223 79690 81232 59250 53932 61103 83675 46521 60435 30206 51529 31972 32602 93548 41443 76563 90888 25430 68999 49676 71742 59934 45093 10905 68145 30355 62623 57447 29067 
46629 97756 87642 42670 78988 63243 96601 56442 46917 59473 16876 93474 11002 65199 42427 20901 6642 18990 28141 48423 4340 77816 36517 64273 39261 47421 48770 69615 26395 22568 15034 89375 20324 2675 32045 15663 65917 44997 72104 29186 20822 5331 39011 31823 70530 81438 69075 93523 427 13567 41945 4766 91383 78461 85391 46995 42234 34160 16609 84980 73079 47994 74355 93402 50668 22751 25416 32937 84099 13871 62122 4920 35554 17484 53094 6083 98921 38521 15957 15699 52087 74253 36817 43469 52714 
22207 6815 11299 72718 39776 12630 45796 87769 86984 55550 38437 26086 97317 87725 10185 27540 66198 15104 63093 83681 84550 85527 82602 23070 1483 98300 75156 75735 51468 34977 44800 73674 41791 72450 62743 81566 85080 24891 69335 88415 96792 24123 14501 10460 11847 24685 37999 78044 56140 1091 61724 40689 86617 60677 63758 88099 75329 38914 80186 26796 90242 24985 16822 32032 13787 95916 13598 98866 37158 99284 87280 33949 39758 1780 44409 51604 42816 82407 45999 15308 99850 24074 55996 86466 1103 
36106 90917 76431 91371 71102 19578 81612 12438 36399 13643 26224 32315 43592 25089 69472 59227 28721 19773 98984 30500 80533 66939 89668 79291 29289 4975 79140 69715 77322 81958 70817 13427 72874 47247 4797 43975 83176 2760 72764 19575 16403 98988 68241 76346 40428 54064 51925 69148 90188 50908 16000 70720 34199 5667 66363 63487 26993 45502 33201 4314 27459 4017 17741 16684 67615 38889 77010 50791 41649 49774 86717 74403 65113 71309 67100 5540 41724 19024 91040 31912 69932 7039 18983 4130 29057 
85345 83968 56049 47199 17169 60362 91009 37537 94454 7693 21504 33343 84702 88646 91343 50827 75362 65745 15939 63022 32844 37831 4745 68220 45222 53008 54503 52260 71991 74984 97668 57335 58951 53716 20885 92471 30429 11894 30008 41235 35938 51511 90929 36991 40156 82271 87818 31869 64367 20108 94890 97210 74290 15986 81781 19511 68994 36283 88122 57336 11266 85789 14670 70217 55856 51907 62687 86285 63800 9046 27519 99737 60556 18447 36727 17063 17069 40896 65283 81435 77356 76524 94996 51645 92510 
76777 71156 77855 13059 59277 35190 40677 45066 66211 10893 921 18117 89931 3557 81916 98977 47427 98004 75884 82225 51083 9299 15645 91978 74581 97079 85685 67457 8427 37330 59966 85203 8485 54172 14613 84113 89361 55289 45530 71923 82533 62803 90040 88816 66359 88307 87792 30138 2663 80027 28714 53745 5677 44359 62074 80258 57789 47759 64066 66215 85088 40383 67769 9924 94554 82382 94036 266 54022 55918 72188 36555 18720 62227 25370 1430 66886 29513 31567 69548 25891 76633 23292 31568 20991 
1717 28177 95131 49475 92242 61346 50914 32624 29114 77189 27177 27847 87577 43794 81869 43494 15981 34775 62213 94560 76496 63642 77797 22360 11561 47344 48250 88193 86987 79817 25535 88703 24345 20665 54530 16586 98362 21795 49209 27476 98984 92737 55322 86560 52882 53542 30053 68863 88316 92265 79774 81163 72258 57570 3522 83818 21265 51772 88362 8251 47940 13896 13305 72285 50913 67834 88870 49274 5981 54431 93101 4964 63519 48423 91523 16401 18316 21575 1615 6632 30191 97740 87794 2448 55309 
7668 2618 92925 59439 90979 1175 23730 21227 30831 96014 88491 15017 1236 37764 20997 72018 47217 25960 35536 95639 33834 68288 30306 71760 69902 36937 1950 67641 41083 20749 39301 48750 39718 48577 24540 30697 66103 64621 68275 96934 60635 56765 11950 78222 94528 49298 50239 41744 75257 2126 53734 25442 70414 84040 97201 56667 37328 15502 40660 94762 52602 96312 59863 92320 44889 754 39368 10991 65375 7642 7924 26009 64406 36225 20582 75285 85522 70820 33381 77130 72945 3466 2571 43358 3857 
99771 25 41185 31624 57036 52298 84226 53347 28513 76545 98235 29266 15912 9226 94640 23553 33501 37000 4310 69726 57581 79594 71599 44752 12974 48729 17697 32792 67651 77406 36648 83774 93782 94184 15397 50817 46482 15974 4164 74994 92518 2398 4259 24781 27975 15251 64685 61476 68602 68994 47553 42535 64940 35503 87286 94265 583 21334 27056 68234 15092 63704 68359 8873 57887 83755 76042 20720 99729 96557 95713 8598 15306 16324 49731 43281 47926 14415 21108 16527 99761 85012 59061 81052 20514 
46347 75316 37449 84032 2372 5682 99123 82427 90392 24348 56665 74146 389 77385 90226 96945 73097 15176 28602 5772 64906 71882 53697 95672 9341 86576 95432 10704 45636 76483 47570 8334 68151 85018 92366 86874 7051 7840 69300 97442 32187 25964 87939 48927 3348 78165 62223 92797 9692 90825 98568 74597 79058 68617 70268 88399 55192 82052 99102 827 58534 46671 25513 43036 48040 34230 29909 55090 42069 15560 52531 74256 41524 40470 23182 61223 34986 85405 70371 44677 92581 68939 35625 71638 53907 
5892 60036 9098 87943 75490 26276 62829 38512 51788 22216 86552 2369 52125 41641 44438 67684 10524 35045 25559 67345 58226 3134 2330 59982 73504 63358 52562 58794 98982 40552 12700 21225 587 38149 25520 92428 64425 88348 30940 32564 26915 33843 34933 79039 75483 95722 63075 2358 30766 4985 69702 88991 8118 88383 65325 81622 51740 34238 56767 67073 74789 69467 88298 91728 23967 13817 84155 4743 18516 31446 37307 45430 65288 88591 40821 57123 84312 20247 59480 15077 25231 45534 20419 33349 33916 
2095 31322 2008 36333 4440 69080 27473 73906 73729 19200 14225 3897 19707 18967 22412 67504 72625 84194 32792 61215 41366 6266 45526 61612 82097 76954 86842 27630 97373 36542 61546 15819 67863 63553 52151 72303 48984 95976 62560 22713 31527 93136 42961 51233 12103 65373 35089 84727 65918 84232 45942 7283 90497 7819 85246 72593 1125 72087 223 98497 8629 78120 14315 92843 58024 82818 81497 7007 95145 60409 46071 26671 53544 89032 94256 65646 70756 29344 50373 53025 13575 12666 76659 4071 36836 
61904 93015 37960 33990 9589 52808 58970 87708 67123 51813 45731 66292 49661 69090 61436 10069 31512 4458 63613 36895 98713 29258 24002 28056 95982 77026 57982 24999 70036 78404 61835 31939 71419 99794 82281 81007 52602 41250 68715 36076 9414 30797 18719 59075 16238 80154 85495 64102 963 49107 996 99676 94717 41350 44083 90698 18375 2065 15697 88411 96820 93883 36701 68238 93676 18981 65597 62629 76583 34311 98704 2348 81459 33774 77774 14049 30279 63269 78150 31242 12375 79145 30917 23443 20494 
91351 14141 55221 9767 46189 59983 6587 56423 13035 74824 50098 32016 40420 29079 24950 91082 44134 27297 88893 77908 5071 2941 8186 68339 81090 55779 97065 76586 86695 20508 13432 94398 51000 85004 4164 13540 44986 10750 69962 58020 1926 36411 6387 42345 65489 31336 49779 9623 58633 55023 3882 80055 57963 28419 64745 55404 84198 61809 48341 87244 82316 61772 81641 49667 63127 85805 63206 24464 12906 33167 82484 14831 69578 5222 73528 51418 52910 23306 77392 27894 78328 81273 7948 52642 26044 
72692 24397 10241 50852 72737 97484 33168 50861 79125 99186 13987 81281 62392 38451 94186 11910 37286 9017 97839 42507 82544 49257 11768 22201 43000 39661 16880 40625 47608 85873 66668 36651 10269 76908 87503 83005 74391 37022 33865 69867 36207 47852 51147 14950 2654 45333 43212 39939 70701 41050 82445 53244 6658 94213 91796 49658 50225 25027 90282 14185 10899 56949 50835 21167 50208 54689 20523 24598 8062 54388 94465 60621 18591 61963 75570 21244 7295 18781 61182 94347 76183 59978 63942 82840 70542 
55737 48849 20767 80763 55482 51303 91661 28782 2137 29179 78989 73178 49702 19939 81239 20441 30755 41859 39031 92717 33781 76626 16364 68913 54159 10710 45095 30488 74652 44287 1030 46740 9487 38148 43855 64969 5802 51867 93750 7938 81046 89091 97467 47099 9029 78706 67539 56135 36916 22921 48851 70696 15898 81566 39609 70056 8628 84703 543 99631 45341 17924 62722 54828 72423 6576 19796 78224 58443 29897 2514 55840 35339 99980 2938 44367 95037 86828 501 31953 9748 65704 2648 25645 63621 
58608 12052 72248 59663 12594 88230 5003 46870 50952 59830 19292 57527 95977 13868 32321 42226 16381 4512 77564 32712 7449 38283 27749 10628 55135 76053 36727 37190 95052 78723 811 53660 90774 89410 13322 19720 77640 34676 82941 44943 10858 2232 2469 23186 32451 51142 65411 48831 55653 59327 81543 79454 97609 25643 90081 52743 1695 26808 89933 96746 21882 7095 50405 12656 96504 80078 48727 90495 31106 31667 35437 41963 50250 37906 65148 82701 5399 46911 47883 61051 6237 45777 40504 3845 71419 
46937 72939 73113 90096 79223 86211 11977 86317 52967 40984 82821 49397 89710 73315 80502 21376 8752 22464 87978 63009 3963 70678 68407 50873 34912 45809 73461 80689 2665 93657 52107 49601 66596 41572 39696 62170 44134 51672 48487 97100 92656 31307 46496 98717 20973 43349 36445 29724 82164 24422 9084 86127 11451 77490 53351 46362 23299 43164 27050 25963 36820 79157 91915 19767 37080 31610 81937 81213 99633 30423 94664 8640 78081 57512 23709 99053 860 60153 45129 83024 84574 54212 85502 96024 31702 
38852 42385 71352 82015 85787 13666 35187 81295 5580 54953 18374 53541 53241 15938 69525 15 26953 94517 78095 84464 18225 93500 85324 78377 38628 84699 79302 9191 70200 91677 57244 25403 50413 28595 7418 36199 58612 58956 17493 80543 30260 52218 50435 83501 84507 19960 99867 11460 30828 77962 95923 65404 87813 97598 43780 42792 82296 39433 51982 68847 31109 9226 94250 97873 54172 18019 34072 12784 76974 67916 93326 7233 36486 60113 90733 20992 96424 6952 48803 27251 84913 61078 92654 89077 58675 
52785 31868 57323 92217 83849 26169 39677 93074 36770 53901 47246 54788 87972 76381 31761 72240 86058 38994 25077 46170 46078 62420 42593 53029 11223 69843 54293 72300 78848 43369 47326 31632 91588 21000 40200 75437 63521 96228 84862 290 50129 32107 55078 54452 24839 3190 26691 10897 42183 68119 57066 4613 30539 99659 73993 41761 85853 28286 30412 64701 88006 94089 12684 79594 15089 52884 71382 94961 49111 56243 95250 15591 4702 66679 70043 29540 69869 13085 40436 28403 81204 13854 33015 11742 13512 
7008 53502 15716 51645 265 80416 56002 10705 93100 35595 42145 62335 23328 37105 27797 79571 48707 43388 624 15385 13430 30163 1605 26514 86951 30008 7717 804 79374 19458 30667 2733 89311 46382 54377 5927 26798 10379 16632 36249 62325 58776 14935 85653 12233 42731 81575 60939 86118 82198 92675 15899 12360 94280 42413 15662 40639 66481 16465 20012 85939 47131 22745 91601 93513 93473 97528 36662 3851 30511 89262 82528 89286 20548 68180 1518 63278 49754 78808 65748 31951 71483 81646 60662 82114 
40410 76324 22752 6891 9140 59115 92829 56271 81859 781 66135 75332 14660 19148 95534 45170 24761 78061 34456 45308 62592 52325 24937 12345 47485 90684 60647 18967 72330 37661 17432 12739 13984 40183 35981 23123 99297 45161 95745 97508 45942 78231 89191 60601 13730 1076 5771 38490 95489 56578 149 58080 25254 25086 86777 72738 15769 47423 8056 4450 85083 25487 33541 15418 65669 69521 54893 81318 14682 50637 95177 76975 45220 719 37575 58949 1794 59697 13791 97282 16274 30291 55362 41528 55376 
58490 30617 87497 5912 38673 8298 7347 64159 58190 22764 46180 44063 77656 27497 75096 44645 39025 52070 6216 39743 5996 81516 57888 65693 95306 55170 81966 41949 26883 39845 13676 85372 70462 17524 7635 9134 25822 14981 89644 363 54097 35823 44425 31752 79671 19520 92748 18695 87941 98963 74789 93937 80479 32677 59629 92136 4198 57946 34084 47432 97791 64112 49155 84604 81635 56789 93737 23808 88122 99732 24171 42218 35555 84947 90321 15225 20819 83069 50272 8759 98383 41412 2695 95213 74088 
78675 3701 94637 36621 54136 42068 34411 18247 91222 19014 99882 64363 29102 23689 52484 28833 64211 94701 80739 49158 1373 12316 69976 793 62587 78734 99176 20350 97781 10740 94438 76455 14440 5426 29427 68576 63846 63837 86822 55067 99202 3055 19429 44655 26744 88264 89840 90954 99316 70578 40111 689 82893 26438 1481 61831 5172 17008 82181 2952 27748 92970 95758 42187 98395 25185 10762 62240 5373 13936 33659 20927 16990 69439 65581 60085 57703 55420 51039 57018 25998 7501 57706 25242 33939 
75539 87073 55462 92546 85605 74765 20293 78574 70522 78832 93320 12058 5945 55560 17431 19880 5570 54709 36870 75008 20289 96954 32710 92061 64344 6080 34410 88197 80137 59651 22135 55675 63075 77596 48221 48679 68712 84865 27252 39233 63696 20572 67643 69641 92483 1425 5872 98052 56133 42741 73059 92773 56047 22121 84833 36742 28200 19242 24938 8336 95245 63424 80363 74671 57371 28583 23350 26082 29799 66953 81667 93495 3876 49309 79487 96358 50733 85358 10761 23217 44451 172 15989 16849 22292 
822 69942 66843 36415 94880 91530 48011 74655 88244 22682 32026 33178 62383 58107 62977 29335 39773 72823 33211 5433 52309 45920 56165 54018 73033 79381 14820 73204 95370 31668 11847 12543 1610 95041 65309 12841 86570 13320 87495 91166 52353 19520 24343 14735 93979 87319 44069 50103 60141 93631 55536 28801 55903 11700 99171 28935 7433 13990 2138 19154 62010 30336 48048 79971 25376 13356 9163 28297 43027 13009 19462 95379 32529 43805 10113 42859 47475 54182 92961 7616 64164 48496 52768 20066 76548 
51938 65352 83980 82280 83841 3133 60641 14176 67532 56963 55903 80887 66125 84200 23914 79133 20013 19292 28013 80169 45757 87223 27644 16290 80184 35259 80453 28679 4378 16871 5226 72668 82222 5557 71299 82415 25041 31939 96590 92572 5253 68845 89811 71377 53044 13724 66861 89408 49367 11226 69577 95123 98448 97220 11412 94983 48830 8217 23662 53207 41439 45239 42226 40012 67148 13524 22426 92188 45462 19016 1112 50714 87860 90922 38442 57255 20997 21655 63014 70363 32880 32590 81838 47679 46161 
9601 42662 94990 34169 82675 64549 75607 44265 6774 15619 11412 36650 38044 19952 98463 73411 21063 65529 77622 28336 3970 51228 49332 41976 14242 36046 74855 63183 34235 22534 9344 43836 81547 20685 94356 64221 1585 69963 8485 24711 1933 19897 61360 56328 56200 59822 46091 93614 25350 23712 21949 45672 91292 87632 87647 21885 23677 78854 85067 74264 17739 10762 34451 99285 47799 28806 79857 49383 15120 88341 90445 17052 24589 51804 89732 80788 27978 35822 90753 69679 59533 12701 31702 67176 16684 
35701 89060 40361 14554 90479 30976 48644 17592 65426 64280 65390 94231 44136 31125 9351 32476 21569 42754 73417 89725 32485 70556 34054 68306 61309 3732 44191 90361 51786 11366 7045 87486 16778 63757 2039 7256 94732 67034 24847 60157 31313 6589 70739 75448 37713 96441 24275 75633 39195 14043 65357 88031 84599 15762 56337 62259 19494 16879 52619 87631 44596 76015 75116 61373 39771 93506 84980 50854 60539 9827 11010 8203 32767 81749 2 70479 78189 24276 46111 33735 54671 27820 21766 55621 43581 
94454 17879 79426 27684 86849 67056 72279 79216 58523 33652 35338 52028 34983 86192 28918 61161 97201 37120 93927 95301 37121 80757 89842 77749 26868 39928 32419 71039 78045 4391 30971 72498 38621 10397 181 41821 93804 88812 21036 52327 22463 56374 20706 73797 42565 49624 34958 56117 86743 28884 67770 40216 9641 73963 17964 52860 13890 66734 40250 91935 87476 71220 80784 26096 97968 97317 67916 8124 86128 88952 76802 24942 61677 97507 98738 20593 47130 33695 76709 50225 78931 60830 6792 4923 51144 
41107 74134 65034 24192 30735 73320 11667 1954 70455 37762 16274 67771 22029 24397 53898 27332 1198 95191 89008 98704 93929 25952 62186 43975 19013 28762 39257 79842 35553 60531 30986 76659 34664 12371 17202 65398 2042 28868 83704 88848 82981 99977 56619 5009 40725 26868 32341 41922 22059 37700 56977 32339 63652 35514 76313 82664 64275 31922 78857 16179 92452 26194 9189 27116 54916 26390 8865 56957 55257 92568 45805 54589 8896 18775 59598 49620 61994 8290 7893 84052 62341 64870 32742 42344 16735 
9055 41359 97362 40976 20216 13540 33427 62761 39081 76894 17677 65470 85759 74633 37079 94678 36789 91667 3574 71915 67616 69545 33909 75905 77438 34312 54598 58659 67054 96941 75393 92460 38300 72754 49787 74867 2646 99565 37627 41726 76459 55303 23547 78569 46288 76977 89598 99428 68644 9523 87695 52611 79068 21603 44868 72857 55914 99465 31515 39319 96405 23259 31778 51056 96013 81564 25922 15010 97481 79901 73087 73939 51555 12985 68859 14194 89962 58456 29974 74957 67979 17668 27567 63398 39270 
72434 36254 11535 71898 67768 67206 84655 91026 98983 35710 3390 96899 77984 34751 94379 74236 7837 84669 42142 20822 69879 56336 27135 28334 2661 2091 12664 20328 46009 76061 75949 18443 12314 3835 6692 96433 71040 91346 3811 86375 43408 23552 99625 37743 58303 94003 28330 82491 95023 70471 3312 64901 43158 46798 9586 45818 48888 38602 82497 94897 14662 74797 29691 43328 78632 52734 56112 66023 44080 59922 52397 3839 83474 52021 57933 58128 62375 86262 40618 73749 56732 60282 38649 16242 7079 
64587 62059 72319 3188 60908 83567 34201 35704 13257 93880 14335 65990 49992 80358 26421 26265 49106 46611 26090 1127 4543 84217 79853 7156 41187 53602 80240 1468 8602 96481 8546 73188 74891 80864 92727 35798 80782 26928 87854 94038 37159 2188 76380 3502 98897 19152 46119 64355 65763 72208 81833 86657 72777 61685 93813 13963 15286 74052 31782 40240 70532 56679 29779 61774 53895 22506 97572 34676 65785 85425 28714 2943 3964 21445 22797 19213 40596 68915 83567 6358 41122 65399 93015 30250 27083 
86827 60564 58721 77230 8697 98960 47761 65376 45090 9534 19270 67595 23457 53945 33379 25233 99010 52674 29197 20454 75470 64761 77402 44384 48327 83759 1857 30077 93125 48459 73511 96303 25374 32231 73532 34071 47542 37644 99446 92632 63530 35067 76578 3338 89011 26309 28571 4373 78982 57767 41178 70803 38879 18579 31538 87205 18690 49746 17281 11814 14556 90791 24469 39930 39374 14352 74000 3267 51996 89797 12250 31877 24863 88828 35214 13873 15136 63784 34597 10469 37902 75775 97623 76780 94353 
29160 80336 29394 95257 97616 41208 9813 4759 82028 49742 60484 96379 23741 63750 48374 29889 92352 96602 54751 81179 31816 84975 12666 95599 19572 23134 33501 95346 20756 26632 6050 66267 6968 35444 61523 20935 93003 71335 42045 75030 37428 2528 87760 77520 82630 36134 7408 74981 49087 62158 72511 80902 47133 85176 76501 66704 24661 26353 78401 45416 69336 84450 28034 76303 36245 5908 13590 29247 93595 55634 20628 31022 58162 8388 8542 57143 60873 32301 32123 9959 94459 4633 90861 57943 6160 
83713 24646 30820 26417 19398 92587 95752 3847 20620 88407 40092 26527 1996 85690 36473 73981 6318 67495 48494 14705 92388 5636 91929 24688 54110 1887 35498 75094 92747 93440 81253 92811 34437 12072 19227 53834 4658 14979 74033 25277 19737 30476 68156 21732 16165 4628 95712 38834 88474 44206 69890 97213 66193 61818 21901 20303 63705 73750 95396 72803 67190 76649 65614 1626 5072 84840 55460 9730 16170 29492 51358 35906 59967 35865 73989 92483 56845 69701 31317 61670 30258 17558 58883 96450 79376 
97135 33104 43080 70884 44852 32234 54425 37852 97847 56051 42923 99039 27862 69004 15208 73705 20362 51114 50023 56226 25102 42505 29422 11154 90173 91092 57763 7731 49974 70565 3458 63460 3668 46537 34343 48519 95122 88768 86370 92969 61170 45645 92007 89031 14648 23566 62735 35009 74679 29109 7587 16133 71613 53360 43638 78138 44451 1401 2220 10776 88317 5677 74235 91984 68565 24930 56855 63686 30049 59576 73006 91218 21572 65012 80248 36220 4930 59334 87580 95960 88442 11518 12092 76406 64878 
72082 70895 25680 89834 89466 36456 78150 95142 27042 86485 63706 51971 59691 43744 82019 35619 16749 89588 57190 98113 86187 93409 3042 61872 97341 99001 66665 8858 27445 59423 73735 99526 30317 99415 5711 19783 52222 212 31276 95615 86696 11334 63938 62739 55077 62308 98357 88177 51896 71898 2641 38082 65307 5682 99954 62647 21035 66618 87856 48479 26040 61591 64356 72709 77357 86418 8843 45930 86629 40118 41544 89676 67803 5481 52414 22879 67789 67122 27408 36036 39020 30048 74117 20678 35730 
90422 83324 73116 73392 87531 21594 15783 65473 2301 4843 59181 88718 13685 5110 75346 70155 63006 65021 37957 84838 17435 77188 68978 908 4595 5013 39927 50994 95482 60604 3075 2255 60279 76190 91998 47810 14135 7781 13282 16435 28975 72463 5152 59012 93924 80497 29166 73281 61870 83474 58119 95656 77013 43448 96563 97959 48461 36490 48953 60294 13445 52027 78900 73724 44569 70898 37885 58703 95030 51166 75138 40356 39980 80289 99367 50256 77138 44884 23536 55359 28358 98006 51014 21722 41454 
63928 19681 6266 16769 68633 66559 30214 37011 61810 20289 97931 32707 58173 56634 44088 25690 48123 84444 65670 28411 83810 32277 21900 28694 55812 93610 73403 53818 60975 95124 95271 24903 31156 17888 58023 16140 84446 88236 53151 62607 24876 67433 95314 83048 24066 55753 8738 72188 40196 90759 16951 40358 23035 55202 85403 95198 48812 75157 49015 26138 86632 60637 51040 17788 78524 25415 33927 79321 13650 3429 41928 38526 70862 53593 37925 11279 25697 46662 83467 82245 53772 16769 22602 76806 71970 
24356 72004 37133 15864 37370 63271 2495 14359 30662 36634 92882 56076 70561 88555 86078 90341 46834 40955 61202 426 78879 88833 26122 41893 72299 24718 95664 5419 47319 72470 77388 88026 60825 30873 3889 98194 10495 22736 28904 41156 59369 38138 13584 46281 26692 99661 36622 73525 56967 14175 90302 35845 3007 32775 77737 91657 57493 73401 97075 21163 62222 90815 9189 23046 38039 29429 37591 48533 52164 82847 6040 27885 20984 35975 74165 47675 51987 10786 37551 8953 24961 44204 44798 44319 76978 
38886 35976 50822 28638 49402 71985 90859 40216 97525 30256 94606 43305 84199 43138 11821 67045 65530 39705 88028 1504 13869 52054 53491 24655 89604 62443 65967 33807 23592 26637 27136 62478 78964 94310 91115 28366 82646 81974 84933 96522 28581 79539 39826 12779 39028 51646 79823 4557 91350 67850 6061 21571 19903 59551 62577 25858 21993 44895 76016 45585 71531 19504 24414 50495 13813 15528 95212 96458 13853 80144 92979 42434 76034 49156 71564 15062 802 51387 19618 8503 35588 42030 46425 71843 1580 
9001 14052 39925 53895 90068 1861 41778 25923 26274 8624 39735 58153 3835 52544 88358 330 61874 47143 76364 11029 18706 7777 28182 86444 43746 53037 38384 85776 99461 10226 87355 24814 24277 43631 95060 30696 45491 36837 56618 88116 45460 12704 62621 49294 81599 67330 65976 43472 14472 42339 70853 49529 50115 15386 52325 93860 84774 90708 95987 587 933 99694 25400 41561 43324 20459 72257 5167 73648 45226 9634 19107 74282 72254 84753 55880 39583 50728 15704 70406 9418 86556 19935 75884 18293 
72259 86095 3067 62966 82082 3653 80250 81775 45404 38162 25098 65862 10418 46616 55861 71996 56250 74968 46277 44855 76072 2156 84438 43151 34211 71195 52568 20766 91129 44803 55411 79739 30897 58477 59056 12978 78481 55657 11104 23884 93819 36202 89745 20588 99169 45606 92583 55418 36925 55211 273 29348 73719 1062 72498 7929 72256 41417 45047 79737 2571 457 59475 33467 58933 34883 62797 37413 90539 73900 61296 84357 26453 67392 4945 25622 29349 13879 81039 82625 69090 97663 11972 42808 98724 
84469 50736 70980 42237 95782 67068 44807 12590 26542 94626 87874 77776 57422 25286 68315 47673 2933 69023 74126 86677 90319 16099 16025 20550 13489 98650 89639 11152 10621 48798 26227 11442 15885 13558 70030 28019 80625 31189 40608 23519 25814 28482 1294 99587 70119 85960 47259 73052 71335 37736 76080 78005 53834 92104 98554 67323 7105 88192 94826 34078 53341 21052 61871 69226 50962 31900 97244 31586 63088 37851 71456 5253 82684 89102 4839 52803 91413 52098 42206 62747 6185 18285 40752 60019 26740 
39305 43693 33845 43849 38518 67922 97189 75921 46144 66414 43234 78043 80009 74820 57483 34212 62627 79087 16895 51728 83926 69697 43141 52375 28254 22239 58559 46538 79342 34929 73278 34999 78621 7122 78847 33490 91395 92387 25763 37538 75153 68996 31932 55161 60167 5766 89372 22794 84853 22619 90873 85130 92315 50365 53856 20569 72604 12414 83458 68297 63695 56735 3295 42315 80208 98493 92157 87954 90880 17919 41843 82384 86914 73775 53896 47081 95892 43268 86226 80744 82238 77098 82225 74552 27463 
36080 11472 16418 64846 94930 84714 28540 68016 88009 87206 64576 86501 79362 52529 93732 13632 94372 92467 546 84498 46363 63978 96741 5982 50203 93837 88219 27300 76061 79122 54762 12141 6946 71179 93338 1875 72245 21877 86242 60253 25434 50817 63105 21148 19698 73189 34779 30421 65655 51676 31270 28369 15653 28010 34350 82207 21846 38920 25859 97907 18042 80620 26399 24987 68151 19736 43213 40395 57964 45806 16999 83397 12975 96455 4544 32672 69643 55675 79444 51650 7350 10713 80018 39355 55074 
30720 37913 76920 69639 63771 91178 87680 60743 33928 29018 45245 53663 88582 1991 11626 34388 18989 11374 47362 15443 32270 80033 1438 87944 75828 53087 11645 86540 33104 67351 41613 63823 5264 34884 49814 69034 26061 53845 29776 59988 82863 75020 30002 71444 77010 57979 5831 12350 69353 69544 44145 17974 49576 45582 5917 25403 98668 33913 28294 48123 1264 86259 28298 6527 21142 78111 91912 63555 31955 21688 23542 31169 13059 69896 18965 6421 27874 24795 35122 13578 94339 79266 31551 60266 24847 
53819 2021 39866 87732 46666 4341 5347 32924 32638 11873 70418 10748 3784 33972 59054 41823 73865 90223 71234 43760 9187 77654 71634 50333 29127 1563 61023 8393 49466 37641 49591 3284 56013 89457 7367 2678 10149 12713 51954 42786 40937 22371 69885 44721 56342 45290 2895 30206 35512 90480 90318 61050 84485 78303 27735 13612 79865 5109 22004 29330 59101 87946 48966 15113 93754 56332 34143 3902 69045 2448 46687 9981 24818 32923 71053 97511 78213 90300 44068 30076 80779 34385 91126 65264 29039 
35212 95227 8904 40320 33582 54585 15773 21527 3550 30885 15281 59882 81379 19182 45278 83826 82221 71610 24995 15143 59015 38857 93355 49314 99277 23431 46444 50013 30908 28059 79052 82471 23285 4307 39142 56866 58891 54914 78393 78793 85799 10025 55026 83529 45558 303 83707 27778 88264 8701 59273 47278 63910 52627 96591 63186 92409 59387 13198 39668 87445 8601 22138 10730 12907 61280 83947 88150 16193 78691 66942 18343 88715 21967 1872 50625 38621 1930 78402 26884 10630 37674 90514 90891 6653 
87104 54076 15413 46490 83626 55081 50287 8578 77218 61016 21485 54849 61314 25986 71042 40005 92927 89384 45071 31245 7607 95695 69865 9536 90449 13100 36518 44474 3613 43760 67478 7069 14188 82891 69910 97813 37971 20196 22742 31540 97563 60578 86389 75229 86563 57430 15233 79489 63165 76655 10733 87124 88702 96949 13011 79150 26401 65880 39975 46365 9640 7453 53433 23827 90343 39695 37991 44665 76242 60732 76204 73805 21310 62592 49033 7872 36373 80617 3713 15890 73623 14445 19365 62324 27746 
32375 57825 54146 14607 97800 510 24246 5252 70295 48072 11946 9989 2414 56610 86230 63145 32813 76386 806 11757 41770 25030 64481 38738 28742 80370 12361 59538 16086 91036 87283 64813 48861 57780 79419 63012 58290 3664 84615 28584 68087 96560 54924 70500 53169 57505 49996 2333 50243 50802 14089 8364 92183 94922 47102 20924 91643 75814 80461 7729 83201 84096 72541 48413 41875 51959 27776 164 71974 12390 45099 40060 8949 16374 26911 78469 90231 76906 97154 40473 44059 27594 65188 36241 22515 
28641 73516 14158 20806 53977 21886 4007 54424 10778 52419 96298 79088 80195 12814 51061 8936 74264 91120 34237 90638 34382 12705 80868 11287 9858 37692 71698 37452 2879 7938 76318 47872 97806 90475 68677 51782 28712 72683 6205 55841 41454 18854 34928 38000 31667 85988 46935 5931 93459 97523 12920 27840 10228 10139 55479 36437 47830 27176 90240 67060 51465 82910 14931 49270 73384 83608 17403 18448 72642 39959 74288 30447 58813 25568 68446 6831 11555 31733 12761 21366 29255 25680 49205 55834 52170 
21035 8623 99999 48210 15214 83411 16027 98123 14693 65296 87859 14652 99051 6306 87294 39009 96945 34092 14173 38864 2538 21004 66771 50622 50116 88136 96228 92148 53692 68414 44317 74727 93388 60668 39288 8601 60430 55314 23076 75122 36962 10934 89774 36012 33591 93419 91372 46887 27510 5545 85751 46399 42900 52521 13372 9367 40656 25952 1514 10699 94365 62183 1777 4104 22850 41065 12704 83279 12730 35779 74752 49691 63064 80877 85702 96654 74295 77074 59893 18157 98970 45643 80907 41869 14515 
10631 51235 71522 36582 69101 82220 47298 31283 83997 51401 70484 41413 80456 53762 54142 16235 44865 3833 95650 25742 5886 8656 36 82959 68548 34544 98280 30542 31803 56500 45056 42433 24087 16577 79014 93187 98796 26311 40821 99144 94063 11304 40556 74518 81417 94698 90752 26281 14882 2754 52022 20767 11409 68410 20078 96308 19305 18357 26849 51107 74857 71904 93539 15295 88480 88904 8481 87275 15214 65653 2771 9276 76956 43326 83794 74724 54375 90897 1004 85608 10002 69378 6375 21410 37787 
42804 17717 57091 61160 60917 24550 52368 32820 18088 67662 21299 6992 92494 24926 38557 58146 27696 64185 51453 87373 47978 26176 58100 55226 43532 43707 65228 12909 50081 2989 67047 92884 37058 40489 70396 97974 65038 39115 30794 83126 23129 68444 6469 31974 93369 45025 6472 37416 9209 57924 24789 73538 452 82888 45116 43983 26594 26695 73243 93027 29683 40289 2262 83092 80777 89009 81066 45815 28124 28211 28940 51252 13006 35408 99577 6375 96784 6048 60142 5993 80324 84930 95882 80775 84169 
40997 24757 27115 67691 14351 36493 13726 54639 38754 96817 35415 27763 94234 81229 72238 38796 26520 39841 51802 78279 39417 58176 75063 45465 18317 97407 25788 19599 93288 6562 20119 50637 47670 47233 18327 62020 83725 32052 33010 38831 45221 68424 66593 39454 66005 55182 78250 8876 95022 30051 87155 34438 4578 78569 79902 39246 92327 22041 58844 1966 44954 95315 52602 8975 42547 87281 87346 42624 19332 20355 97806 64552 5131 80750 20358 71135 35931 98607 96362 30952 45009 83516 65389 49586 78436 
61643 88831 87114 35 64027 89080 44989 59341 41681 53963 18239 28961 57661 60862 64645 78015 75019 45548 83145 55768 65905 70631 91698 80863 66993 39001 25871 66860 4390 91808 61648 82384 80639 48761 82418 44665 37840 43758 20357 95873 14073 38595 41185 71733 15809 5829 66099 90827 67729 49244 46595 49985 36226 54644 30848 3218 93645 73070 86430 14386 64878 48077 13121 61868 96837 95538 22884 51029 55648 43240 46901 86072 98186 88085 57804 13994 10266 40254 4821 77994 5849 67767 27978 42075 38762 
75177 61644 32406 64599 48073 63143 45828 96149 76263 7695 9338 88153 30578 60366 43800 90169 7266 29871 88354 11702 4026 2348 21967 44279 23520 16312 50128 7638 60642 8554 46399 52170 70197 95157 16768 34622 58299 62595 47122 34562 86641 56459 22714 17218 33176 82865 23738 56793 29087 28444 68495 33112 30791 6813 93742 70662 39477 60221 94651 118 68774 41049 68639 55323 52557 85407 89944 10856 64353 37065 61769 50994 9876 834 84563 43051 83698 24653 99844 29136 53096 68338 78599 83886 91502 
72340 70899 30978 48913 65549 47447 17686 22949 16086 73008 75506 1492 79303 2713 82196 16368 64481 33189 26243 65314 34104 69293 65363 58756 85488 94498 11851 70177 73096 12088 61679 61787 99338 92656 10699 64886 40103 44737 4186 72540 34096 96043 90383 13399 98755 72578 29766 79587 22119 72360 61252 56222 58004 26614 31329 43492 37463 43179 13668 26910 71618 91698 5049 70955 706 32099 52192 57160 76835 56377 29699 10931 52420 20081 24329 67526 92658 70446 47113 31128 42805 24716 3701 17160 67682 
35029 60651 5144 94559 90671 48406 66176 82368 69806 37130 99425 1904 89321 56584 78739 62050 86282 6021 30821 6362 46701 14698 15372 17146 61810 46499 76302 2878 50200 93461 70559 85228 70464 92054 79787 61134 40459 45962 59853 26616 99444 59278 28520 5116 15861 23610 83517 18495 29630 14337 24856 76330 29035 40227 9827 7196 86726 86128 10073 53277 95940 80631 38504 66403 72685 34642 43888 29495 96956 3741 56111 96399 79370 982 17866 11582 24591 1383 30076 70572 15719 54932 63253 61105 11510 
73079 68301 14587 75558 94725 67863 71497 91708 22719 54252 80744 57360 98139 26590 54315 1879 99052 67065 97600 33 1283 9182 24623 2665 55609 11546 34735 10540 74798 95840 38402 47876 80492 52988 39785 91568 37203 11282 83275 59921 65533 64018 17280 80023 6960 87947 81902 6011 71363 95853 6044 72645 21386 47018 91661 76995 58564 42748 3886 33361 38587 42287 97589 35430 11627 37373 43349 48829 48654 42976 8749 30538 23345 42380 10561 30304 46678 8814 36315 18041 21018 42358 7037 42404 5727 
15050 19398 64290 57797 23283 97651 12735 81922 95239 64516 93548 48963 7864 42376 13969 50839 51124 44506 74184 93503 71418 4487 56533 96583 57153 74573 17601 15862 97961 60004 21589 29362 95753 85878 87158 19035 99880 16244 956 11470 80759 94503 60433 4975 53230 74401 55813 4353 35258 46348 14208 23028 67187 70740 19610 24339 61664 53562 40201 75976 29917 78141 5338 25669 64018 8847 61056 80250 25091 62011 8071 22201 72866 68503 27175 26095 59255 99340 46800 10865 62039 61007 33892 29225 48098 
69853 69916 26113 39767 26468 2088 69683 4608 23777 11704 68625 32624 72759 65226 74066 51121 73297 12618 23986 58151 39793 66433 33758 39132 13232 44622 17522 90590 94865 46747 55039 81069 16662 81151 20835 59481 83238 6870 64088 23367 18573 49064 72342 7683 14290 46407 58803 3938 59024 99141 62088 15168 65573 95845 70651 95156 56818 88173 2097 51682 51271 57135 49103 84284 38285 69937 43764 37874 93158 7851 61240 28082 56914 49933 35764 87555 96339 94567 91492 71715 10059 53580 3234 75631 49424 
73885 87138 6242 78409 89234 74275 29679 62720 23377 13962 17356 9666 57725 55229 19175 81927 32821 47257 38840 82753 99372 42747 95444 10290 34238 83510 20348 87817 3095 95978 53593 93331 99467 76186 71739 5052 66812 17769 67771 90189 31730 85126 16206 5806 56707 35380 4084 5879 98988 42924 4983 98360 2022 426 8649 36259 287 28997 24076 3382 41326 94020 96712 57145 86557 84803 62196 53368 2571 29967 59908 50653 31444 76113 72810 88150 27845 76894 94028 43184 36169 15363 41543 38190 32140 
66544 74448 32427 11892 14875 52160 53217 25246 65223 10361 11802 50025 88909 81522 68948 18875 41429 35952 66670 33894 8761 54820 78090 2006 65199 21273 38174 80561 79168 92715 12701 45711 83515 61479 57602 98389 29990 27170 39987 95212 53883 51788 61589 42791 49661 46888 78017 91090 82839 44686 41335 91599 15857 19424 9957 81056 40696 48130 77968 36215 57197 7020 81925 40711 68498 39526 55451 14839 83048 95437 10051 36930 63577 87991 79720 13237 34878 74088 20678 17716 18773 62012 25666 34630 81435 
35622 32037 38483 104 26356 74697 73652 33376 72974 14362 18225 28851 86164 33064 11898 81601 59466 48827 61529 47456 44898 91117 98685 35337 11795 16400 54110 73806 58417 5091 71593 94039 53479 26427 10494 79834 17475 84145 13209 90448 14858 47786 35651 1021 80849 47548 98973 56666 12727 76853 20473 73976 67970 19157 9313 79764 35556 79774 69921 93972 84864 57865 4362 54694 84291 31207 34527 18118 15351 64088 24917 46560 11873 60567 47581 9073 8115 62905 65738 37193 39758 86210 11168 7727 5366 
36832 87490 57273 16605 73762 67596 17820 31627 71958 72513 32269 19516 23392 66738 51219 87479 91655 97778 99351 68573 45358 24775 76687 8263 90512 30231 64372 93073 57751 72098 14790 94582 75939 72062 11187 49700 39657 45358 97678 27966 34223 46299 47482 57614 13036 98700 45092 21042 96477 60794 89615 58187 85568 82653 82801 92431 12884 47172 85503 70634 35621 292 65215 11559 72353 92753 77610 28361 54463 75288 72679 88685 37938 20160 62650 50973 35211 7741 88367 48039 84886 77981 22577 70453 60633 
5377 62883 89868 68900 64737 60501 4520 65028 42068 32430 53732 51172 10040 82092 5634 1679 71122 10670 55968 91281 73319 23292 42843 97411 11658 7234 82296 89638 29810 69100 66623 51539 31982 72842 36790 13070 49695 41310 78097 91762 90091 31828 59285 16482 30272 81271 18160 1393 8292 90479 9026 81611 13771 68220 95373 25428 75453 77669 31418 5263 63120 14392 73153 11454 87233 9942 24523 36927 67603 2620 45040 57694 50799 4325 74175 97422 1947 8687 15167 10238 99165 40544 8200 29287 8763 
3573 54715 568 97593 2484 22182 60712 16875 95334 72165 4107 5275 96688 57386 72878 15659 2425 46923 82809 23101 37449 96583 25047 46135 11749 51637 61652 68644 59836 90938 93758 63408 62004 94325 77352 64487 32858 38064 81361 28191 26580 1820 49818 39619 59205 39047 71629 77981 85969 54438 1082 23417 51020 42480 85904 79120 94116 63907 47763 70304 54844 57872 50063 33200 52197 27415 97686 85054 65478 95399 29597 8409 13570 79414 48028 89126 18460 19656 67106 20780 74093 84539 44196 41464 43371 
46451 36935 53838 10357 84697 24141 81553 42569 74204 14752 11117 1618 28789 12522 83447 40539 58470 91855 70460 54235 39882 59585 72694 75890 26691 9825 66334 27581 70373 24150 70951 16823 61084 24789 27180 62133 48929 25084 4701 39484 39835 32169 41101 84975 61042 40899 41866 19512 32754 12325 73746 88987 71910 62792 81228 14952 72616 47562 42532 42988 71711 29835 76163 49146 54623 19694 11278 19903 44777 32330 59387 963 64498 16839 85937 41892 57738 44154 77755 6843 56479 67852 12181 44740 30643 
93409 76043 19611 57322 18574 78950 45384 64760 71464 94529 19382 91157 5807 39285 35933 38136 15023 36895 18986 31861 39184 60877 5950 83337 38631 12792 56167 6482 24973 906 53477 34733 76948 89439 92054 11874 68388 37437 76633 39852 48317 12367 31008 54123 68003 83293 92259 83025 20187 11244 31237 59370 88472 37187 59059 27102 66330 15225 49935 7654 32483 3411 42386 25782 92849 50791 54007 77589 4579 30640 33792 52896 59358 81151 7018 27360 64443 15628 26736 84630 43223 57972 60351 31694 95158 
35761 58795 77840 67338 8730 85493 99820 28492 27879 41953 21341 95021 95960 15281 99600 26599 49072 52495 2308 46574 75864 29667 11017 91492 56402 11998 51066 14373 88700 82760 25883 24461 57906 3722 91798 82987 89214 7969 11479 33444 49921 49171 28465 45880 64451 44416 88830 29874 13262 91137 76447 89125 20803 3815 96968 93556 15812 48034 24281 20864 47145 50163 45324 5050 70236 53473 88037 75801 61441 15867 25597 27713 65037 70413 89945 45839 14828 78774 92064 28089 86263 68510 33565 7065 88677 
46885 16973 4488 94918 41253 41703 58414 7767 87026 63463 94354 56850 67851 70154 34642 83717 95750 62355 48753 66162 52299 94591 97341 31072 86654 41781 33686 71516 75346 57103 60192 22230 74075 81031 33499 15327 22734 91912 39445 26111 71726 33798 82961 39577 3951 17602 23293 16053 96308 72046 98566 48606 82988 12259 96030 85994 54039 29715 73861 29384 86817 50404 67965 77243 31434 1463 8921 70519 9726 48365 12982 81452 82162 12294 21028 2465 29895 60672 34869 42555 32717 49786 91160 32057 62044 
3541 34402 16083 49608 8262 61818 52776 58665 29783 30019 6450 47597 38939 93321 73675 87304 6302 71478 85817 18595 8857 88281 64841 69528 39501 7395 18597 89287 14907 50653 67682 34799 85054 83764 84406 9667 61934 37182 68331 8068 67200 91132 72016 22490 84452 45690 9793 7105 33519 95610 42051 42375 242 23244 11903 56095 30638 30499 45381 61896 97503 13062 96695 98908 13178 97452 24926 91463 34633 9608 99530 18184 739 87897 40674 1543 49939 66818 24999 83457 78779 67050 25832 95373 90293 
37734 51467 37282 84584 13199 15530 98438 42612 28576 13697 72141 26027 38622 63603 77012 64581 79484 11547 65319 67381 68572 83213 17319 35390 8212 775 30520 91613 42958 25892 98257 97043 93710 51890 97978 6908 67419 96415 65872 95994 26463 38012 22021 81436 17967 15384 46016 13802 26930 27687 97534 95502 10899 31204 47243 35462 48331 77762 43426 91288 20006 41682 88331 13715 93572 86308 36975 77342 99075 19198 73336 25537 73561 11708 23325 91527 27091 69340 21681 70372 97026 19214 65873 24277 50418 
29467 59738 98748 7229 3164 6387 43586 61197 94717 57300 71120 97377 10626 48462 96451 29823 38149 38339 3384 49856 61663 11262 93298 47355 49294 63669 44380 68508 45894 85008 35277 75360 61098 50376 98940 64261 56762 58877 41809 51479 16177 12929 48855 43154 77742 61657 89329 15890 16347 9064 65745 94362 36677 59042 41716 85971 39062 2447 70830 1307 87455 6106 93019 48552 56481 8310 29164 13242 67187 87324 81072 99715 16604 46278 42868 94345 7934 32196 10234 40633 41259 75978 34994 94288 51371 
93061 80258 6785 95507 51087 8091 99313 73544 17461 64216 30024 25771 9731 59617 92957 97055 40689 92671 13658 86966 35538 8003 11252 84086 34588 51884 41696 10566 3229 35983 78288 96289 32592 1424 8147 83678 25867 23812 57221 43327 88027 3596 69097 97758 63213 62053 11164 20253 71075 41173 7218 22965 65527 18469 7050 115 86704 65097 27032 89932 17432 5319 2572 50023 23095 10719 50053 48961 34530 23625 92287 38908 43573 77736 53017 6785 39788 64180 27037 27215 5353 50606 50179 70879 85427 
73580 70993 72130 38676 14376 78414 72459 36047 80985 22482 59141 8055 88886 24453 58936 28862 16739 14196 72434 10826 67212 95570 66966 31392 22606 94180 53096 89564 44358 40326 74990 17937 27671 47119 72964 42046 41884 45423 78092 39221 84256 53584 47275 73141 78036 22563 18354 11127 36758 90788 21952 20321 86357 88917 51712 25315 83096 21159 14878 27453 77837 89867 61741 21859 53337 34705 63904 95221 80127 58348 34441 64382 11931 98067 53874 6319 36981 72227 17445 73738 79366 39396 94059 65723 28313 
