211 30 16
28663 22807 94186 26037 48329 64021 59084 84069 11274 89086 54157 28582 16123 83463 75009 18622 89964 61584 87189 8455 24461 24854 14123 84135 52581 3573 58811 67625 38735 58392 
34960 67398 81199 45497 9786 45879 9518 85221 29948 20791 74306 456 65725 90428 270 40733 25402 90233 18668 12590 98687 43129 53795 29161 43615 6375 49086 2425 90351 87820 
60817 41662 71569 58367 87158 97706 4245 13027 82926 50544 50170 73583 67351 15894 80363 67620 72978 5764 57852 7998 34705 72891 51126 88499 18403 11092 11225 67488 13517 1575 
71660 90685 43236 59580 49051 46745 57286 69647 59772 56563 36543 9941 46498 3893 42186 26860 87865 31515 48975 45716 39512 83679 34958 6989 72177 69713 18081 83401 37200 47949 
1327 8859 38633 60914 84791 4035 7658 42076 90033 83781 14990 26575 10073 61487 46820 68610 4698 34684 125 53672 96751 39636 37350 48061 62977 25878 17773 81057 9278 54972 
29005 26956 80183 83989 87869 64973 4375 11879 23400 10759 12011 38389 53686 22084 16228 505 90693 20925 35188 7169 74597 48290 46805 28298 96350 26133 54176 14122 7189 79805 
85446 52545 6761 81980 52885 94629 63304 73611 22859 86703 84369 34870 41443 38054 73305 74022 38558 63997 94947 90097 87518 85895 54739 34322 30544 67440 60454 84719 81562 83994 
64524 83359 36538 87636 81690 5774 98616 44993 79384 21475 48047 63752 56344 5841 18158 46000 79863 73067 26348 91161 79516 13865 93407 34254 64538 23950 1693 41343 8669 99606 
25336 89544 99316 78225 77179 81005 83998 75794 25997 63381 13620 74043 43485 86315 79884 61642 32314 76098 34708 58662 67258 14223 72526 60664 64828 37064 965 66521 78406 9633 
82478 3742 15528 81794 98318 9058 62798 98668 84852 5147 62048 98471 95541 21884 84786 75424 99877 17099 51521 34585 92112 35130 65159 64638 12145 46339 1701 13110 29211 96458 
39094 11688 16551 54622 93481 14869 63679 72631 13536 64882 77777 91935 79705 73317 30171 80842 65093 30047 14292 32965 80983 6404 68095 62494 71041 96591 8832 89093 9700 38042 
85550 48794 49729 18453 19767 59562 49673 99797 32192 63208 64679 26320 71494 60735 15988 18016 41576 81080 48063 55867 30397 45397 62270 14843 7890 49662 11433 16721 55106 21133 
71114 57008 86278 20843 75460 6044 96756 25132 5840 45299 4691 86870 87970 92536 47604 3957 10552 5531 1389 58614 61398 31785 4010 40019 46627 28252 89681 74411 61324 44786 
11895 32438 1793 98172 69632 93604 20567 66387 18735 42759 28037 23425 45980 16006 15961 93584 19962 42864 99114 37702 1477 76863 69486 21838 16882 32464 66441 6562 23227 27765 
67699 35121 60202 85844 33293 29833 79447 70211 12571 98182 12969 40607 37958 58949 56612 70270 68884 92925 13133 84349 30627 30961 61212 16464 69151 94445 65280 35591 17358 88506 
63355 85056 23626 39908 70899 73270 69740 66698 43481 98662 64879 72801 39268 19188 31749 12231 89458 16984 21508 18942 1333 68486 49903 78896 1301 35405 89692 66580 87347 7049 
71437 50702 8456 11415 6961 95707 84684 76701 62404 44516 75362 43634 17317 30982 62821 65417 59564 68630 82401 81071 87572 85 49556 53826 95332 67209 5582 85023 33788 92928 
8423 21577 59981 16878 32991 66942 28936 17674 43642 91339 78542 35355 51324 95858 82688 30497 77626 42252 99126 76378 39674 3049 92814 5582 73226 4497 72790 78807 5871 22929 
71735 14293 44505 48067 47523 77495 15008 76458 11521 75001 84149 90062 26708 51824 2271 9395 82320 96248 67998 81446 88978 7672 846 81791 29605 74072 86288 2394 52878 92158 
25322 40964 22803 86179 5383 70325 80025 20390 63134 91545 95391 63634 97958 38450 15458 16580 47844 97777 29180 32194 95574 18157 56217 96420 16299 85821 70491 2586 88214 39720 
11096 29887 97036 33898 32417 2418 20574 12442 39159 83707 20338 34549 47341 34648 72998 62798 67579 37194 76926 96758 85739 72500 31266 41955 68919 47565 27775 39409 50150 32340 
95480 77597 78578 8867 11494 10995 11284 48419 23436 50443 32126 60125 1343 79466 94772 90693 58615 62351 44238 35540 75460 29976 8039 6726 71930 93309 54290 16056 49069 20791 
48395 44549 98388 43324 53415 26233 54318 81051 74652 94105 47845 6777 54230 65539 2594 65353 72583 77560 27703 16820 29451 19515 63147 37490 26240 51428 30798 80529 67483 79867 
1319 32229 40767 16058 75553 10533 42291 46222 7935 33294 40327 72131 56422 10908 37670 75367 92612 10252 52926 36667 43424 82376 56181 22922 36217 82420 74350 83367 79300 58184 
79585 80618 90413 20351 13028 82317 47235 71670 28538 55170 4963 85216 27300 61384 12475 81321 36750 5087 7925 6027 41753 67700 4754 97933 90621 57323 96704 64970 40689 76003 
23154 20273 72972 29918 56975 85999 28586 20561 57668 73475 75730 78982 58691 19382 56717 87517 702 9818 92603 24978 15844 50707 92677 36950 48639 83298 94272 45342 48267 34960 
21344 87772 71584 10668 34041 44910 96666 78978 65470 70686 52453 57552 49667 27495 76933 6384 15011 93986 16201 23966 18964 48397 74672 11640 85346 39663 11289 79617 1356 75908 
30928 39052 80031 2511 49719 14072 63772 46384 93049 29241 17069 61853 86792 83088 89347 80076 5823 20710 90414 22023 44675 25729 86771 35698 53720 72116 75360 65009 68084 76716 
40916 99011 15767 20946 17873 81837 51369 81644 28220 60770 27237 61641 22622 30380 61080 11969 10456 66902 49030 17221 88924 93704 42949 92047 45753 13020 64162 21113 78028 48598 
14180 35295 47608 46298 56241 81833 28134 23961 79828 72705 84730 7064 34345 7352 37444 95424 35672 64251 78677 84701 81471 83953 94756 40771 75999 40508 53790 56512 77972 48170 
5109 92151 83464 69069 54800 56056 50901 82933 80017 30728 55638 64746 54144 6334 88449 91587 18110 40472 72189 96786 41524 70011 80738 36279 27133 73088 93139 97274 29600 71110 
45443 34708 79613 45259 3776 34412 1314 71028 33697 81330 18108 5686 62428 72251 28371 67228 80189 46480 7700 52377 59618 49223 22387 56707 1854 49519 46147 94992 63144 75746 
82453 8587 10453 62065 53845 30581 12829 71510 17960 46525 52840 52419 68562 31619 24669 96932 98846 21209 59764 6545 89937 35733 72120 28675 8791 73973 94545 54937 85316 57689 
30682 67768 66275 57487 46185 36471 4419 59013 7980 38730 21889 77171 91149 90450 8789 32169 3733 23987 53378 63496 46883 59666 15580 35354 88341 24371 9326 82885 79307 10993 
40573 26341 78761 23199 83827 24945 59669 4597 309 84001 43326 22197 77523 34474 28998 2664 82995 32730 26650 36372 12578 89884 96037 28157 25238 729 52527 50915 83614 48186 
61908 40538 74526 40668 63737 74704 81964 39757 79300 82272 23757 38977 20820 17632 89803 49817 20295 72797 98898 46944 25520 11475 53179 21556 39632 78416 38637 8510 29331 22250 
56695 91238 62787 47572 48257 42875 38627 46572 82632 34278 45195 22740 73255 66014 40371 79409 32182 60665 52205 31079 23960 77724 42554 77139 15631 98537 55554 54267 7046 1236 
76516 80093 8825 55655 44016 57081 98529 82643 20004 81160 33272 65198 20252 22878 47563 60622 2286 79744 37639 54490 27175 61598 32213 86080 55088 64196 84616 26994 18462 8013 
28229 11330 88105 53406 66984 48473 10486 65512 47467 30490 63024 80738 12039 83275 19968 59602 60248 22253 55697 97886 93095 99223 75836 41659 85302 30923 5854 69917 74268 40668 
94282 18849 51997 98738 72254 18980 47210 99091 843 11028 45932 63866 8118 57971 63492 28085 33924 23740 66689 5972 37977 59783 5195 13812 1442 90496 61087 23647 76765 51706 
64314 71046 70554 16310 86135 42807 51641 33345 41898 52484 60724 87829 32701 68841 62151 96193 96925 96074 19932 79966 2046 57908 39748 7240 88072 57541 14087 65510 81188 7203 
17215 61853 94600 87769 94515 80735 46927 46155 30431 5176 98638 91154 9357 31339 59995 71507 27531 73271 83933 63814 53236 2330 38073 9336 25921 42496 66876 40007 8005 64415 
63562 25220 42620 58161 29340 37134 38895 76266 83288 69325 97794 98278 76831 7150 29616 53177 95008 73498 42799 95292 53663 96035 97621 91735 21722 39893 50583 4949 79900 58587 
85716 59813 158 28335 17973 29497 65468 73220 22115 65107 42544 19908 63384 35726 43409 9351 88902 54768 82848 31701 50060 36510 44087 64032 44597 65808 3925 95179 87108 176 
70117 72823 59988 70275 17509 77960 99771 99328 51179 38237 64435 10075 58144 44170 45800 17904 53521 51054 72672 36368 82754 22731 89230 43192 86762 50178 8999 90686 45356 12458 
7213 15472 85281 67200 2098 2789 45160 18221 18469 12690 56457 82903 22764 30953 27072 84916 48856 96944 35969 37879 49664 35074 76961 38893 78265 63723 89070 3615 70760 50777 
16072 77973 82600 17704 61524 84698 36845 6683 2918 55313 35725 75726 38215 74840 6678 81638 59755 71886 78582 12075 9764 44597 63500 86725 83489 41764 66799 88910 61730 53910 
39686 77802 48234 38637 11857 9758 23334 48701 32792 42603 4013 68516 18329 58579 43356 41358 56569 19462 13243 51502 47889 23007 96098 11388 26083 95938 53152 92881 84847 31233 
46790 40884 9034 95024 79520 37243 21133 19206 85943 53924 78160 6308 22440 96488 81238 82147 54198 54158 1608 67440 5659 49496 6798 18108 77236 32880 14045 30387 42112 15243 
61619 88902 72478 87005 277 68350 24247 21409 87555 26541 91684 82066 49200 14123 78554 46790 12621 32751 947 30581 16542 22958 80076 23340 41065 57311 56219 71462 4049 14683 
3056 82020 3584 91886 85376 20212 60235 25974 57972 64141 68866 49655 46206 18066 80130 24759 64855 9102 73861 82153 39682 6755 5110 36110 30094 62527 93420 2664 50340 13821 
17346 69747 12192 37281 61632 97567 73844 21866 39892 31815 86006 8757 97822 32212 43174 94303 73322 24380 19756 63535 6533 59438 70289 27994 95547 382 90520 5318 19397 57211 
19138 36743 26958 47681 90375 88589 61599 64219 26807 1490 12385 12812 10247 26558 61375 53420 37212 51049 77800 56968 14583 684 16405 84871 28677 11951 1604 35549 17268 21000 
92759 52758 74094 19716 438 64469 24657 62037 45039 67815 79878 57423 96978 90124 333 58353 59896 37544 9401 54047 94511 40335 54730 10915 41557 83406 39217 43160 18954 56485 
80511 11713 25594 70957 47780 42383 51777 88788 20771 96815 56602 649 70589 53580 7124 70921 28284 67019 8465 54036 21065 19327 94370 92146 30242 35926 75552 85810 95437 10857 
58646 92299 38921 84239 79607 3053 42974 31383 91840 63744 44549 64794 80744 31490 18373 87868 2410 63008 54886 27226 17043 92303 46553 11412 84448 93146 63689 76351 95307 75477 
3560 53953 67775 42480 54543 47382 45532 97516 95116 53724 61260 39665 18517 42003 71154 53241 46222 89915 32600 17460 33493 49642 9762 96397 77405 10561 5894 41093 3264 1200 
16569 6823 55152 695 65654 9695 48076 11186 7210 43192 81261 84821 99208 16129 43176 70361 85721 89397 76627 18320 6856 10119 67961 32969 6515 45365 59882 12408 2809 79497 
29960 19377 86319 85111 36423 51972 11157 84499 79509 18367 44042 77121 19539 43249 93249 62714 29961 78969 68463 22939 97288 91670 49410 81600 40991 55924 43316 872 84684 46124 
80368 30995 81852 83038 16105 18275 51361 27262 19125 30870 61980 79518 24342 81518 39118 17591 60584 85430 12911 29046 8368 26551 37067 57777 8150 78057 30053 67818 95280 31088 
13941 91999 62082 12145 75036 94538 46771 42749 21799 82247 89970 130 61764 14311 81648 881 31901 58583 86310 61164 3980 11029 87714 41046 85158 12215 35455 15210 80032 30734 
62649 10325 39085 24730 38821 14120 19267 85591 73220 57418 67837 63189 73899 45952 77500 55546 46832 25752 30480 49493 86915 34459 76873 74628 91857 62030 86843 27311 93591 83226 
58044 56239 9902 13480 97320 48722 27600 16587 34312 17171 90356 18500 80360 64254 80803 57859 36152 27634 83610 82983 93478 70525 17442 70351 61504 9298 48732 64698 36608 42323 
47924 11003 98561 57825 24483 95881 6547 68434 28819 57210 1956 35526 92062 82315 16131 72864 56525 68634 16850 40135 51617 26679 27011 69058 13381 4866 94707 62113 69564 47666 
4435 33839 75020 19347 8015 15854 31579 30913 639 60397 4475 2595 95922 96536 84909 28405 85751 41434 97038 18952 97920 48654 45631 41282 17711 75363 46147 28769 37475 32062 
76434 58261 82252 51454 93960 90267 67307 25538 21179 84298 85935 25653 86892 98208 38540 71800 26612 24291 29585 40002 59594 43856 88655 5224 1489 22718 80587 63988 51486 34413 
96049 44272 9026 78301 95725 2985 84919 79383 28522 6097 63680 30808 48102 66923 45368 86641 55075 88331 27283 84659 28332 86877 44867 16987 8452 46355 39704 5390 10342 7541 
39803 22743 51812 65180 1043 63888 68164 2313 59623 13037 8409 23302 43845 56510 6577 89212 59503 61651 77542 3137 62661 22226 6365 7527 39212 14817 53882 95267 36558 80575 
19159 92712 3317 70971 57891 4359 51210 26054 6671 10832 55443 31432 50486 99287 4293 57062 4850 80147 18712 98743 83284 81372 20968 89648 88899 76531 20816 59132 71797 57374 
39706 7308 66437 43023 78278 24328 63733 29487 66733 86756 56671 22175 34539 7156 37813 38831 64217 42662 35330 99280 41405 18613 80651 78724 24612 85901 55255 61780 45032 43403 
35505 1090 50710 1941 44112 28987 26268 24196 74826 9353 10951 47848 31527 45489 55003 69340 672 19219 28353 36001 18498 69757 70965 15500 48481 11928 1401 3735 90059 62784 
47137 41915 63873 14199 43856 24336 59537 86475 48532 34362 95827 75834 98561 43706 37675 53563 29397 54698 89133 57749 7050 23982 43858 94366 39482 8690 22645 57234 12424 12704 
36369 75912 54618 242 6462 14825 40929 65999 17652 5812 16712 29830 81646 15273 73535 35672 68835 19283 90369 57968 77032 13770 98301 20889 8135 54134 29578 30779 11367 58353 
59834 47736 50616 30804 64329 73430 45628 21609 39428 79631 27421 56139 9461 25418 71411 99347 61089 56598 18630 67809 30917 12013 81578 29217 49253 6064 83351 95182 53194 11069 
69886 13028 58804 36853 43831 39484 10282 5810 61093 49709 85441 4865 5848 94901 30282 93610 10599 7722 50207 29228 91882 81123 41240 73459 26692 6844 95874 26394 2025 49067 
37462 71910 62094 12618 8763 22276 52101 19044 44438 29545 85105 29878 34409 90952 41130 81042 913 51728 88763 67472 97308 80644 64946 54899 70454 91637 61743 82679 18030 63767 
31746 55492 35677 10191 68109 60791 32467 36561 79834 76904 82458 64938 23133 33218 72241 64262 14260 89506 32341 3022 56977 29648 18 21922 84547 86823 13559 46289 69502 47940 
26407 1247 19783 62083 27789 4243 22873 60255 57156 19059 53510 39613 348 92994 72830 88941 73607 87089 78446 5948 6463 35422 51947 22832 73695 52845 9654 3605 99133 79155 
51545 25540 80401 71327 3974 8190 75570 43199 84796 32725 78609 54658 88689 78956 64003 61518 84248 37610 64959 62693 59909 87773 14466 28207 10604 88161 81052 20257 91765 96536 
99412 59661 38427 96164 47340 42401 20705 39261 1951 5501 88337 80559 76510 77025 75866 56864 54894 76466 94473 19852 39158 70733 7624 69976 15292 18227 74488 96343 54836 82604 
92878 54247 42265 47657 50410 5956 6409 71115 45216 8359 92967 33552 5269 85828 10576 97486 42691 65469 73951 53516 1673 29461 40600 25648 99436 55891 60227 90275 68585 15062 
72878 77815 69308 31494 25471 36069 37449 31879 23535 99016 56589 32853 32567 61857 35032 43142 59342 77723 24963 33293 47590 42987 79105 4541 68634 78540 60432 28860 85166 29016 
60273 74395 6830 45932 22241 48652 82001 76041 80530 21887 75057 37118 71092 7623 15326 6123 67117 74668 197 8431 24312 47786 51417 3416 52327 36402 98307 29110 81614 99824 
74477 58238 74218 81307 4170 96458 29958 2522 88851 26840 24408 63907 80309 95499 87881 95635 1622 54997 86654 18170 79779 10965 65956 47547 30732 34634 301 45390 80095 81914 
45213 54571 40151 19430 52229 60672 32240 98539 63193 37442 25378 87601 1348 5686 99451 5580 17672 17424 76929 4325 35594 56707 31641 17901 20606 62372 52534 20906 7761 48980 
19171 69325 3550 75673 5107 55779 36345 53698 54317 99537 91139 96046 3489 8838 18083 2940 14417 35755 36715 91345 40079 72308 48052 71720 90208 68657 50443 59093 89562 74556 
24424 25084 43880 27974 756 48986 104 37100 2683 70772 36637 10173 66817 56477 19010 1251 75768 33427 53357 12483 24771 93436 1142 89174 81507 7702 74182 48301 83146 63743 
22856 7570 5178 83088 35543 5934 48425 51998 43033 67460 22769 96021 77632 5937 52498 96642 7187 28265 46420 60544 57099 71190 70331 58241 76716 68189 65942 50897 32841 49087 
30992 72049 56656 36169 55136 8550 42102 19912 60547 85135 87371 99667 97507 81355 5603 50004 77996 29142 78269 40767 6037 35367 28308 76367 9959 5023 60907 75900 55920 93747 
41339 86911 65795 14346 23079 37282 22896 81533 57194 99794 83019 60916 99461 80525 42270 21415 30529 36617 50556 25149 77383 56592 76867 5691 49310 86826 27065 10216 79077 82984 
20315 36767 86246 2461 51113 25677 56095 90360 7209 13288 6505 90227 90555 5965 70751 32825 43732 17631 85793 94287 42779 79528 50879 35998 85218 188 39175 12282 26756 34603 
11618 63422 71370 97863 65882 22482 23539 21976 29193 30747 51615 35697 37325 42170 58014 24428 91346 1745 42058 93490 96031 1189 73017 63261 37186 74586 79801 92712 3220 22908 
27314 14837 86329 98683 29051 52210 37516 52590 74186 66708 99688 42152 2405 53365 673 76770 77792 92018 78514 19849 85508 74544 21037 58524 54157 74574 49462 33957 83637 52681 
56864 10951 67517 43192 25985 96567 11753 79853 65508 2290 46560 81548 44442 65316 34912 45114 42085 12703 53484 20598 48903 38991 11494 86292 13866 65650 60865 63327 15958 60854 
32359 72821 71804 99875 32364 14140 12794 44116 93992 94653 46406 40552 76200 90847 22219 11111 52312 64304 40165 5795 1253 89068 61137 29098 75359 91355 94747 52575 71033 10704 
13428 3392 99876 1583 3266 32239 15723 32411 92707 9714 27064 39112 66617 19615 46310 88836 30726 98621 69491 87242 20768 87095 92661 81904 16193 68019 73258 27291 36946 44291 
54347 50373 64034 54222 68308 67299 2813 84030 16062 11871 10095 59477 67334 93064 79091 13643 81899 26168 28615 67741 13410 49382 71187 6070 47638 87379 90441 37247 14670 27386 
97889 85368 94110 61922 55941 78769 45573 75105 62798 77986 86975 89245 37462 54308 82308 16552 84302 80558 42720 12917 48298 72481 78650 35836 78550 42639 23215 85342 96238 54236 
29079 94126 55955 23189 72400 11895 18309 17972 87000 81107 95957 73974 86703 49770 44634 69010 66321 28935 49567 25392 58203 14216 97872 53205 50051 76422 95843 89617 78115 92080 
60204 7194 2558 16158 46734 74957 28053 65042 9280 15052 62500 21588 5377 49202 71357 50010 18211 37677 95297 84129 63069 53499 98344 77292 23055 64747 53713 18898 54363 48180 
27329 14567 55373 29886 30724 2106 4842 58776 83499 30473 90179 45999 52060 11908 95200 23416 78269 13411 77445 73565 13891 56865 43416 12235 34156 66470 76981 4221 1719 47695 
52400 29048 62261 7772 75285 9337 26229 96479 68112 9727 26951 74643 55725 79011 86550 67277 18778 64818 97039 96222 54735 10929 53086 14502 23163 87242 97323 16495 7814 99042 
64190 60213 44441 42802 84336 36077 52138 10564 32555 36602 36642 75858 11244 8719 71220 14145 75995 89997 78962 73033 2571 50048 83961 72008 64549 23476 75601 61872 56322 83414 
77265 36863 43626 21705 79665 27961 74133 48154 54876 6688 84755 91518 98897 12350 236 70116 26494 76230 76464 21808 65614 95386 71855 49574 67394 52756 89401 42994 30979 62075 
26408 8243 98937 86385 46299 94953 14346 20431 43107 85573 43470 27861 77090 42366 40211 77325 28833 83056 69906 5297 4863 35519 682 93070 1445 68075 45825 7197 27421 76803 
69271 70180 1397 68208 56564 47695 79512 87261 68125 22618 72834 11595 66831 49923 70312 23393 43600 99145 6448 29857 4441 11311 81728 21474 20732 83172 5901 66556 6720 33321 
59710 75991 19852 61106 60550 76415 8800 40061 63676 93276 79031 52861 21222 45861 19135 91534 69253 62734 90678 75700 92591 11470 3362 74318 49295 24093 73841 55195 90648 80560 
4867 66709 72902 24718 27814 33451 17485 52965 89864 97512 62593 68894 50372 83814 14754 69506 91699 358 48592 98728 76057 57534 26549 79419 48203 75844 19863 38395 47390 26863 
18954 68609 93571 8208 9678 37737 41658 43514 7053 47873 41025 69645 16766 7748 69811 47871 93606 77861 48228 42197 76589 40637 16082 19489 36407 64284 11684 56269 2678 59074 
83131 37983 44034 76702 46190 70063 30790 4200 13577 37842 68424 70953 7487 1542 78701 93649 49412 72306 71509 13992 30854 64449 54628 46935 83938 91034 27570 95621 63654 30247 
71046 46785 84581 31431 39838 47123 1494 70627 51322 15070 8468 36097 86022 32306 37638 81074 25954 87050 69731 13815 17393 584 78263 88372 63870 78552 95757 91439 74173 59410 
38037 61570 6194 38970 93001 46031 86092 94494 33009 53765 25915 41477 89861 28288 73782 27499 9362 16088 30900 95444 46254 48292 96028 24516 36663 76249 19420 48771 84040 93592 
8180 22076 55161 30726 61045 64513 93108 63488 59006 26117 17252 84920 67593 23465 13208 57726 50963 38921 73813 98214 34364 36418 46505 46743 60934 99519 22992 80353 48289 7031 
90296 72820 45458 61808 3545 22855 26321 96653 86342 1678 22769 19946 86598 6713 43410 16157 64438 10724 55077 54603 8937 5792 91020 71793 52535 68305 71311 91878 65009 35951 
15260 71656 8770 60717 33464 28667 99923 76136 25319 2617 77813 64439 22562 80762 71151 82323 96918 51940 9398 68346 22894 18334 90490 30266 6478 43024 14922 77788 51253 79931 
30090 66512 67938 55211 43580 1401 83877 43503 93888 9195 46119 88053 89985 85032 68814 61135 83706 82084 29427 93103 66781 68672 27788 57270 98937 34265 16645 30211 28404 84249 
10141 58493 50760 78078 30055 94340 95831 13932 54194 6070 23126 16664 94122 13111 18047 62936 90597 1752 61371 36375 11206 28151 5047 55345 1773 20335 5961 18417 50545 34364 
2666 77037 9208 69777 71467 39262 80468 67297 53193 51013 73366 92671 67676 67488 22133 85722 46775 29081 3825 8145 65456 31382 36295 86854 3078 54419 7188 9038 72836 74085 
59753 91853 51121 85312 77981 22587 40926 58449 6235 10470 25813 95953 19492 93489 79792 41624 95562 42918 70705 15739 51062 52512 63472 3708 39365 66550 58127 62904 91939 47314 
36988 51692 55518 4461 53355 33498 43399 94280 8298 65986 4750 50463 78290 24241 43951 58081 82217 55864 17350 69273 71602 68411 21784 51426 88470 77500 17975 46596 40403 9913 
10261 93743 77956 65778 14555 31311 15628 74305 25590 40277 40290 46691 90739 34931 87284 51041 9363 69500 23257 26712 38772 94858 95122 76907 46283 83592 54406 80609 46539 94808 
6874 73152 4902 84829 38929 19456 16139 70908 93761 58081 27537 50402 4771 34627 85333 8406 85668 94695 77905 25276 21407 33028 20133 32880 9934 82768 32823 80691 79728 95714 
75499 86601 68865 96752 71430 24145 32560 3920 95053 42672 78352 38941 93073 83123 73567 94757 91528 75586 5804 85785 861 27210 35164 37346 76441 45098 36465 9264 25788 32544 
4977 17638 19145 90193 30742 6926 14337 63301 27197 25741 5972 5549 64681 15396 5023 54600 26505 12902 46537 32308 98686 63750 75869 33850 1095 52309 95299 53911 77924 37438 
86454 99252 71428 21950 89444 2169 45227 3781 81821 72424 29521 87792 77972 10554 19539 82994 81505 46043 95895 28041 78350 10933 91790 54218 61134 9236 22879 56432 79498 802 
10221 65952 16406 81648 4253 5849 168 49480 25981 81988 21903 71854 86131 16226 98759 22022 99219 80263 68064 11465 8303 62766 38749 16445 33335 99882 25680 72565 72665 5178 
89719 99238 87481 6124 80885 91733 28324 97405 57564 54305 95744 79466 26158 98227 95691 24916 20248 11261 21530 4663 39078 29832 83780 77826 62628 17115 94060 88308 6031 66724 
9837 95749 65961 13669 1872 63198 21753 30196 76954 79317 852 72697 75134 43361 70923 87177 68276 7522 98437 6157 12185 53866 35988 95964 31692 98616 29430 42103 3275 35461 
8826 29463 31209 91139 43131 49433 70688 81235 79628 47641 76903 80479 36689 52037 23839 7612 39213 8466 15133 54001 14622 43669 7867 66961 39633 55910 81928 85414 14364 1554 
20874 23189 31016 52083 30679 90498 1515 17718 88085 97494 65358 64987 94324 18399 17023 34514 42362 72587 59331 73846 26588 73952 17515 50806 57264 73499 23067 55544 58912 37430 
57097 79786 76970 88113 48220 24001 94962 66086 41718 83046 63579 23428 64385 74254 41826 81407 8767 84187 70346 68097 58032 96933 58400 75546 64090 32015 65396 3508 87558 24308 
40937 44655 4093 34258 49119 68664 58258 60432 34749 99976 43478 14679 23403 7862 88932 65228 5620 14050 65766 75965 82146 23797 89249 56897 15695 69690 88911 81090 73197 76469 
21749 30485 21123 42193 64743 86593 10856 23000 47024 61956 22975 6853 76634 62729 31066 81917 44308 36686 95966 10073 29002 94463 50222 34603 51359 82268 4292 56622 79709 93841 
33090 1458 24325 70564 43650 89067 73508 70858 12067 20531 32813 51393 27384 25799 14122 74801 24067 58429 11486 20033 84854 56840 30847 51427 91442 98558 33694 12085 55179 13402 
5925 4620 31211 30250 91535 91213 19316 65042 62070 31382 1924 11234 82775 45659 37032 13248 20460 61099 88028 48297 97483 72881 5136 44681 40659 12929 43238 74352 25014 14768 
4106 30938 35739 51668 61187 27273 42880 96855 8666 21301 44588 10590 32535 43714 56248 85918 56961 76707 63368 44989 41356 77202 34221 46491 21883 74880 59420 81472 65583 785 
96240 69688 48074 48330 21356 25613 75603 80587 22467 620 1888 67054 11209 34422 10768 83809 36691 84080 76867 59 45420 18222 77260 79641 64713 99142 54520 40484 96966 36454 
57620 9557 6142 5693 57886 43849 31305 49840 40787 70123 50460 42674 37177 61668 93447 64296 61828 46490 64727 38695 46548 10147 56916 40159 89787 37980 39301 60658 94815 52618 
97111 52434 62174 19604 58127 20059 79804 5783 69899 20591 75906 20358 79616 29434 98377 89415 10081 60205 35904 74807 15251 98803 84953 72166 38961 91091 10146 94613 51748 4960 
47230 65211 57394 9403 84814 31872 29462 80970 54006 15712 17912 29911 52421 97527 75696 67149 86941 85776 43705 39196 60583 58955 37998 61887 31121 76959 52978 57618 71571 21077 
78929 35153 86287 52674 44555 87453 84545 90368 68422 38551 22431 86333 84813 74851 211 60509 42000 3504 46284 2056 42699 23218 61011 97049 85105 8483 90359 54434 66100 78281 
75510 61380 13433 78149 14054 74340 65601 98598 64707 50374 53500 87138 36706 54665 78340 53268 15173 20339 56771 77808 22395 99470 17378 99757 12870 18834 8239 3228 73267 90690 
81508 65128 52069 94941 43276 66122 69280 8876 81072 50338 59249 50923 53827 12306 5587 32167 65574 37111 68857 22344 14919 91251 38165 48648 7359 67386 67481 15597 70613 40747 
22638 52121 22226 74707 63413 65502 57180 49044 90729 54603 99381 66330 5526 53208 78635 27464 1726 60560 64575 70582 99256 95845 61833 53772 44492 85543 21158 11972 1140 91770 
69070 40129 60242 91295 14835 40006 56796 88367 89049 63877 42969 4782 30206 48494 74341 25192 75958 76066 85752 56884 46647 85007 52728 24831 55130 97219 26726 76287 25542 27865 
84409 94611 84345 61002 2257 99180 1008 75405 3898 6408 39281 46866 11189 69486 11712 1881 94677 87669 94298 96780 44552 57297 98138 13631 98479 53268 10849 25204 45906 52742 
69420 30314 63704 53765 91316 65960 69296 92323 57716 73193 15082 96996 36410 42623 82833 48121 44503 93862 35789 55153 6993 96692 12449 5131 10322 27279 74750 37522 52483 20655 
90263 38254 50969 53966 92018 58636 36278 61313 50958 93993 50857 82391 7341 87267 25013 90173 35387 69516 386 87528 41020 7379 571 53468 28861 27245 97098 3610 64766 49580 
24264 71381 87834 75232 41698 96203 33867 94327 73868 1176 88320 24724 83567 95660 28342 24931 2184 80081 10798 18922 83960 51817 26300 84530 21636 71512 28126 18734 75121 9244 
68313 99384 80624 72498 90968 38673 68701 41186 33000 42568 58714 37671 83643 58632 49682 11985 83562 68217 8417 94360 87138 92376 46176 29789 93257 84164 1300 21383 2897 92772 
30626 87561 92156 11249 60059 99475 66273 45111 40660 15624 87678 15725 53294 87672 74356 2975 16008 57918 87544 24424 68629 74681 16799 14804 20822 10056 98967 22121 47790 18215 
14893 78415 5776 23400 6015 82186 39226 72287 27296 79885 87911 31325 95610 57556 18996 86317 76883 35004 44234 64426 75779 12862 39106 92578 44018 59927 18985 59336 98400 66774 
77551 29644 45188 99678 69395 67554 81863 8620 39840 25510 4856 44102 56834 16817 1658 92181 3134 78540 43536 63719 42965 19315 92933 98422 28244 36950 74701 63580 12637 89452 
30353 90187 19095 91892 6216 4841 75797 4430 29812 15636 29939 34667 76090 3124 51484 94099 11657 70969 88990 55192 34687 48306 90858 27619 63079 19101 80920 37779 82680 93557 
27230 29384 95 62676 37627 6311 83868 13423 10740 13679 45411 57031 48346 37852 76506 16181 31950 88162 3501 37291 43354 38187 85596 34211 82158 48674 69664 79429 2805 52343 
72985 30034 98079 73080 9062 35705 95742 9281 65480 22833 22960 10890 96215 87657 48741 72721 3837 97042 60882 23689 34332 4235 78227 36279 54798 60384 84952 24461 39813 87756 
93155 29149 34142 91233 18580 59555 43290 14321 68835 8769 53506 8146 36010 49720 95802 1102 22440 15990 98143 83322 39678 48826 3908 17905 85104 75057 94640 70055 15869 50804 
74163 9024 79953 24656 16608 98532 562 76249 29205 69396 85017 82710 93894 37378 48781 89695 38479 87573 22037 36621 87246 61714 85446 91153 95970 70549 82562 90610 56956 98430 
57765 47470 23805 37717 88477 40413 52601 89038 16661 98157 74785 18030 97218 68678 55407 45998 58373 93886 33570 96761 46858 20815 58474 48656 28320 70796 35556 27233 77757 8863 
25662 35521 56332 49467 73238 44808 6231 42190 50197 39243 40346 24982 57272 37563 93659 29031 83560 68383 39268 33482 65143 86125 70648 39969 51132 98967 10764 86688 26199 88520 
11902 68213 40392 68234 34031 13629 29393 40261 72170 79590 79503 12515 4571 53127 50077 14581 98509 49989 82964 37776 83470 64458 40252 70469 4426 91384 69436 31541 94423 11986 
36412 6324 96550 76804 90909 30580 6784 36654 87192 78954 16243 83047 7820 37165 36173 57897 51745 51033 24237 51060 88808 24058 31870 45411 94526 52647 53146 80313 84188 47568 
8651 36951 70244 5200 13754 77504 35780 36890 14157 22971 32195 46751 6017 40014 83915 58541 97910 52012 9573 38498 19423 14732 62555 51292 60143 57081 3939 13288 37393 4478 
77208 62395 41428 63803 67595 71534 41306 19726 8423 55463 59048 56969 18565 81417 96982 18832 39957 11244 70843 65882 49741 6617 96965 12296 57909 57107 85728 78199 86747 39472 
82676 80306 1867 40455 44108 69461 11988 1765 5538 36762 73579 64585 93730 92144 46001 90712 10975 2310 18307 98169 84543 68047 4785 81507 96694 79045 54966 82421 57243 41712 
38245 39918 22017 40111 80373 82476 25923 8712 84240 47812 45474 57819 12396 55555 49962 74749 62618 60936 93410 80924 59104 77952 48971 80240 75810 62016 59285 30775 60789 16527 
72486 99033 72797 10854 55495 53169 93329 97769 78232 77569 45580 23705 35387 57975 95612 1700 49075 58229 78987 42484 39153 38090 36787 4475 34681 12597 66490 93965 43371 27278 
10492 32209 42662 83288 43062 98156 52808 52743 95924 31039 30311 41503 71096 82049 15830 66707 100 81256 24935 79086 23740 80439 33527 60526 84913 68207 89474 67755 62172 32845 
95032 89015 65053 37694 72302 8114 52201 41461 60856 48125 88851 7518 5979 59946 5918 38160 26652 6017 19416 67939 1454 59507 48377 34980 36384 49642 3187 25858 17396 81710 
58702 28779 70724 23754 66472 59377 48219 35025 17189 25427 83149 6039 49296 5479 65985 55214 43639 8988 77582 79406 76926 79036 38912 41655 30367 75295 7648 49905 1152 25043 
31614 76205 53821 18689 16310 36645 94417 80881 71669 11605 6307 71169 17644 71954 92999 83628 43519 52989 92615 21101 32394 85893 16488 87657 43899 63206 79304 51546 13111 96807 
76588 61076 73012 46760 79765 89321 83404 90533 86553 71424 2138 92859 42592 19781 64813 35591 3408 8331 88579 12374 45783 37325 14618 78622 24981 74868 58180 4284 26413 71290 
1091 19352 48717 90454 66112 44833 96126 65867 35366 82679 37291 37503 91889 96234 57283 73053 48176 77042 97736 53107 5767 43518 90431 36737 38492 31763 11604 96671 52399 54369 
84312 69841 73720 33028 60294 56183 77861 56419 38402 29578 55449 92044 67080 47338 88277 40714 20390 52805 17755 18125 5911 39873 77995 12693 76609 32838 44455 4565 45860 13205 
58933 46523 83045 49004 79550 43338 21539 73762 16109 59940 3339 87909 68335 86770 35246 56611 27483 71988 25767 45237 6464 48029 1462 84458 60721 94422 33647 21528 98986 79506 
34732 74270 26028 17777 23274 21930 77466 44812 12043 9926 21103 15382 97835 89437 2151 33080 62399 29634 21419 88166 91222 27883 36194 9035 12340 13267 3457 62339 34794 18794 
41844 85877 93064 84224 3653 16337 6153 97471 77500 18195 7396 14954 49928 5230 4390 68431 54662 66788 14416 76080 71305 21989 3962 23851 31024 32654 37117 50832 94992 88262 
69625 53187 74138 62688 37410 94143 95376 59914 91613 89227 78109 15360 4180 44388 20590 8569 12818 91603 91709 27233 67682 79365 49222 87996 3215 80245 20649 56683 31076 15640 
61296 17052 85178 35434 79740 22588 45928 91467 82501 53892 80694 76961 69251 84873 21349 89840 9794 34166 81442 17854 77751 65476 97218 26972 53471 16785 23568 74119 89819 70995 
6110 51115 88046 7639 2900 84137 30226 48827 75604 12727 2718 56297 6039 71968 57521 27387 78160 67314 77905 75953 1519 55655 41428 98737 82626 94898 31873 22545 85368 21691 
93539 7829 72805 81584 15468 75704 65721 62045 40882 57676 91123 43599 13972 97162 31919 87844 24548 10078 71510 2452 2382 73028 74458 43810 71764 57083 55059 3636 79627 56779 
41679 89517 80959 14483 87453 12778 6539 53173 74823 63772 27200 65945 23723 57523 79458 55641 45366 20358 82070 16875 39161 84451 89903 13619 44612 78018 70701 99671 98006 66680 
72801 39684 56196 53759 70518 43648 66537 93408 13172 57711 57180 40371 23655 80902 14245 3113 52894 59611 23470 34963 92837 62630 35765 82739 92600 96729 77109 63301 12751 75114 
46332 85551 31149 2527 55661 1666 62527 22197 11426 92050 79907 68605 48773 19914 65858 63017 39378 18751 38979 79199 70065 31816 58180 22181 30906 50780 18909 8014 30432 31659 
99479 76763 33561 30627 95641 89222 48645 74519 11418 76422 66569 7677 61378 15341 27590 27235 94709 83319 62337 33688 62517 48753 65503 20696 70933 12760 87827 6194 20774 18258 
54204 36604 95020 87765 83583 7013 76986 48579 81531 88403 25000 48099 12431 86377 79791 56372 29963 74500 39690 8651 24539 18558 57403 6393 55606 44687 19152 43432 67232 56277 
61690 21436 92881 73061 9200 92815 80073 86185 41393 61604 90939 82744 26054 3370 85472 22197 76093 15434 13048 15783 40436 37586 34340 97838 43978 89945 58876 79481 33377 26108 
35758 11418 63895 44990 84478 73094 37804 80903 75630 95548 58858 66568 78291 84911 86289 63762 23459 62382 95547 36506 94516 35982 90443 28855 50171 50772 35152 25398 30253 84880 
67857 82362 12649 31751 27351 97126 21196 81506 94380 96825 77053 53237 79745 55343 54500 82385 35456 77958 44766 31002 30816 55633 83335 21258 840 33505 72030 35991 58902 18634 
37222 43111 995 49870 74861 44697 63347 96057 26202 57727 9233 19606 27315 88977 91300 81814 71362 26755 76124 32479 74108 23291 88112 73794 44548 5303 23650 32929 57645 98903 
67914 94866 42013 68908 44735 16874 29956 24433 12930 72509 82159 38514 92114 25826 27491 83413 23991 15204 26519 114 64034 16978 23404 68497 90771 84304 73799 14420 33584 31443 
13323 1498 26308 55335 86757 87394 88560 16713 11827 17841 89221 10337 56355 97687 36162 197 97451 60153 15400 23970 76618 79433 57299 16374 47930 48070 677 38080 78841 34260 
69523 8515 52109 12182 80202 38866 99576 68761 55578 27754 86602 61150 54442 59308 58836 6956 59504 56287 67108 74903 96608 60077 70687 53906 76450 34968 18327 93478 73048 97168 
44090 58922 22034 96198 71103 2235 51415 87030 87348 23344 14783 90301 84494 69225 49608 59681 76180 9111 32319 59639 365 28926 36067 87403 99184 12517 38723 17510 22346 11770 
31029 66435 70691 53063 78985 58145 71649 30399 45175 58996 53743 76309 49296 54588 61885 98903 14268 38064 24365 46587 14054 41081 91864 50121 44836 7399 78989 83558 41261 17686 
95327 72289 84121 82369 41703 79457 40513 29704 9855 2039 88699 63597 78348 54347 34536 40232 69601 48804 94648 93966 11742 25053 51398 19957 91525 96233 27356 86865 79790 68616 
4551 91468 57256 5023 90188 15311 84479 47053 45014 94333 49091 33712 74282 43790 4410 8817 374 74011 73972 95021 84328 85713 36425 35725 22022 27950 48310 49377 14814 44451 
34344 35716 35919 91599 40738 42458 6909 25216 89510 68274 35901 54953 1986 10182 98742 22747 35350 15467 96757 25674 10487 81084 27738 63264 33161 49759 91213 81470 99135 22378 
25920 49830 58094 78190 41429 15183 37000 64689 40399 26509 32963 76299 97813 51300 2832 12907 74046 54533 28373 70803 80206 55212 68238 7944 18475 1398 74054 26039 99219 89541 
64768 41491 39370 39213 19680 97150 54396 73031 78191 94794 15892 11153 87444 13704 78804 6627 42962 69201 77511 71335 56355 74069 26546 24593 98364 61372 25990 72417 87410 25209 
61957 52177 66699 17679 91390 2730 14828 62137 92113 93018 56930 8004 20522 60725 38059 15677 83703 81021 84878 61213 52355 41232 51633 95252 65824 49996 72975 8166 22413 60384 
49726 721 28912 32776 18399 36653 51857 33227 98789 43969 42596 72070 51972 63118 49146 90031 78794 32848 87403 80023 10413 56109 21255 62045 51360 3430 28393 40686 11595 50805 
1069 61320 51525 46332 10447 69924 99337 62304 19502 98125 6272 62097 70195 74596 41566 35692 64626 20360 84892 68380 382 95304 24488 37988 73700 92199 41418 2092 32884 53012 
69248 50304 30684 20773 96635 41130 7048 12323 3433 26549 10448 26057 4997 96994 652 46563 32685 81629 66922 17576 50008 83655 29231 74495 21643 19283 66693 79412 21374 15928 
32423 90622 66231 79458 27746 79217 20588 34793 91540 40372 77693 18339 66428 82689 15332 83431 29251 64368 65059 12524 98296 15066 12531 27526 5912 34173 46808 88956 29936 84534 
4883 62358 91507 87465 58168 19252 83034 95107 70396 90925 35478 48088 9263 18258 47128 40946 1688 76379 5313 83099 5254 3608 14516 17784 47486 20428 68308 10645 25735 98243 
11530 46970 76953 3036 50786 35120 22287 33819 30226 92682 24743 82055 57121 50357 312 4249 91302 18352 80627 96615 1450 85880 16574 32317 20016 80411 69096 88323 7408 94831 
86566 18937 41800 63518 21973 92585 98637 44259 42756 45214 53293 83850 27268 10413 34207 27580 14661 25508 62283 11639 38474 80084 13871 55048 12400 33886 51810 81496 22208 59217 
92678 8773 94506 34477 88642 16478 43413 3630 77088 2520 48843 30380 86370 76111 40793 20576 20042 55453 46083 82324 83444 84557 78759 97314 55956 91158 31199 24117 89005 53406 
83334 81682 78531 77839 32510 83524 10668 92275 87154 87755 94794 35996 18135 81163 28458 58927 1738 48499 30731 64173 47174 30526 48729 25932 27839 21036 17090 59037 45152 22446 
28795 44837 4128 23677 39027 52989 7200 49694 45263 94353 37449 40057 46701 71935 21219 75158 47213 39309 40009 94295 3481 87182 24821 68561 13114 52659 89596 46555 11696 34747 
