198 35 22
65726 51435 23155 13305 41314 56906 11402 69246 29086 30256 91961 11954 27642 22939 10731 95157 92248 83037 55651 91898 50255 12049 82644 84714 9875 65315 64289 15342 87264 85923 27445 52989 53710 66952 82646 
11375 23857 94047 80620 52943 40654 88932 81248 68296 28223 91978 63452 36822 91367 35455 28719 57973 47503 27714 42686 57378 9380 6974 72719 96644 9249 16515 65984 79310 83466 48629 7036 7323 42675 87655 
60265 99681 92938 57864 67976 21160 49842 47779 74333 57560 99585 3052 15532 47088 47117 74569 20817 56497 97894 9887 69492 23494 26401 35475 2803 9867 84104 9838 33541 43130 13844 10157 42810 23134 68020 
27137 60645 34213 74916 34978 91772 74500 54381 7303 37939 1497 98223 75107 74345 96117 84993 43836 19610 27746 79311 38765 53964 79766 64954 3856 22895 95150 14012 82057 34635 82031 9193 95279 16244 460 
46608 24367 91312 988 31670 29250 18837 46244 4357 93181 42360 5701 37017 78322 49798 16327 33438 3761 96092 98391 23968 35338 9892 37979 33746 44526 36362 59291 56157 68957 59750 2764 93323 51061 3752 
41344 80311 38940 87588 1019 32120 46299 23071 69136 24620 72869 1814 58057 92981 14257 72800 16949 65947 82691 71279 99692 43569 7640 58982 99725 76596 18732 2488 86271 86144 22591 27614 82806 61530 15201 
83824 93650 61500 23247 79137 2471 96115 97303 60528 5447 11559 49679 22395 77505 48721 93674 77197 92289 17665 52530 92013 94261 87613 10853 80531 73757 33443 24496 56562 11325 56049 56738 21326 17548 79984 
462 36370 92450 14116 96897 97896 25675 62927 36643 19531 11648 46668 13079 3936 64332 65609 12301 74944 69573 23153 71826 43329 72947 96322 16243 84271 52370 89332 21948 86269 85667 38762 22638 94468 52877 
35887 92363 78551 98813 45357 14434 10460 92024 27512 30748 56356 9472 59400 31299 79045 98904 3125 38725 71850 15798 54967 72473 68167 60650 94420 54435 46316 33181 93424 57135 86058 29310 49498 80960 44475 
11206 11745 71286 3230 39257 18385 75937 65080 77784 23587 44124 76687 43063 99201 64889 58860 54167 37361 43378 31169 48132 14164 93836 81313 7588 50971 83722 53249 16820 81033 97723 28025 92778 69009 47606 
48386 87393 23542 13465 81529 47129 73941 58215 6543 73141 23103 65403 43659 76815 25132 91179 24947 39296 85015 22611 63235 35985 22684 16483 69156 3716 14206 97180 12845 99566 44786 61230 3310 84679 91047 
84838 48159 81339 43053 54702 54479 82507 36456 14489 75674 61587 5668 620 882 90682 39582 64116 43018 62265 96951 12173 82332 11156 25704 11529 27073 86841 89110 30382 71520 96508 15220 19678 77846 74624 
74379 32324 73482 10834 63165 49155 88773 68832 66126 89654 75865 5707 70122 35234 84323 67072 47406 83007 94579 89461 10887 21651 76302 99996 68384 47821 96504 83603 83850 74349 74578 58229 23025 48060 85414 
86189 13566 74186 71372 79692 80192 63588 1750 66665 98821 2425 33736 62578 85431 28314 52038 96317 66316 28339 12664 34699 92511 9167 34654 76361 99868 9231 34589 22892 73642 36354 25432 3560 26892 13155 
83251 7083 76742 1352 73747 75562 3776 23834 38139 5558 68499 90176 1874 34814 34867 14538 85864 27377 40056 20517 3737 39923 46100 54677 79166 36093 91031 4597 39652 17922 17751 39254 41356 94492 40606 
31454 86405 60733 55287 24543 66291 23785 31071 68164 74950 65937 99053 60813 93313 55461 81330 97050 95383 43781 51726 74549 79873 59108 95497 35877 93381 29600 75130 34736 40443 32087 66189 26848 92820 21475 
67742 59110 61611 98812 43625 36560 64748 59030 97373 74413 14490 95054 71462 26224 38834 39539 772 35058 98647 12621 70934 92027 42220 62416 43115 82662 94502 9303 9509 3673 47130 77251 79134 8740 92414 
22759 45300 57162 98140 59024 31574 12629 54077 19387 38852 92910 58925 55976 27967 73923 68596 15253 65950 10815 77668 9064 9828 88521 34718 35689 92194 81847 12939 71327 6939 21704 10437 52238 95217 8576 
11261 26790 37556 81689 62528 76408 74598 37805 48735 18916 11727 33682 50520 94028 44496 28187 19443 70675 33060 54161 6363 25253 52359 35653 12931 59297 57357 39720 27886 52573 64647 55498 95715 2203 37186 
58242 94962 28135 96046 60048 63403 24125 93729 13922 18152 54576 58461 37595 25250 91520 91755 31613 33124 44113 83617 62406 19762 40973 2125 47647 9898 83124 3145 5612 85326 56682 80205 96639 84817 92603 
56686 48219 16727 50414 78492 34878 4989 36952 88824 30238 44823 96930 78202 94298 57395 61819 56704 77156 19143 75180 41154 29040 58303 44298 51003 59980 980 47560 56618 2148 56514 29655 66718 73240 80068 
45209 24469 1408 98513 29645 47998 43335 26574 26199 37633 83968 4369 10688 61123 39864 85867 2277 85255 60522 62926 52610 20501 80257 169 93471 82404 56682 23125 49121 46273 19545 94330 87093 37304 92842 
16737 85301 52528 43311 27852 90160 27278 48572 17199 4753 88435 3066 7029 73690 63587 86306 26299 439 66563 42819 10261 48966 15852 33386 14439 78476 69282 25120 65568 6585 34313 82305 8238 86840 41967 
36089 93352 69244 84660 10550 73996 73095 29967 97376 63136 9905 83682 5786 10344 66596 64956 20604 31913 80807 70341 46351 59282 55974 87822 41201 78911 22134 23505 87148 25326 65471 39588 35029 51067 40599 
61930 41414 30045 91897 55142 93180 1801 38823 15317 28496 5418 80272 65452 37330 77430 52144 33 53063 8118 87854 94264 3380 26340 17768 90527 51665 99591 46466 86693 67009 87064 64974 8422 17109 56870 
63563 26640 75023 18737 41957 19870 40506 38580 85321 94188 16010 37465 94220 85424 61934 98425 79687 65313 24764 13807 72191 76428 13397 18656 79472 80405 22071 44446 5178 39179 17667 85093 82171 9041 3829 
24127 45263 60687 79058 30583 54874 11419 84399 65445 96843 62684 63869 76529 44348 88633 90335 16538 81412 20083 51545 60884 16839 73616 21681 22017 29146 39347 7109 11316 64740 27289 51794 10002 87975 47204 
56936 59200 58622 57687 24644 55464 20370 88513 48345 64718 77145 55031 97607 58556 75114 49152 35791 91952 39119 73823 30320 84616 29522 53780 95932 94261 81069 64077 4262 85395 11280 77549 44595 86254 35235 
69238 58069 71957 57750 6413 53026 51246 77796 50632 26154 52909 16135 78296 61212 71605 52119 91532 56221 81640 45311 68504 75900 42731 48932 96513 28126 76564 90413 89072 62817 25648 58309 37237 13956 32411 
60002 66981 8 37797 33964 26161 7057 66451 4457 68268 54407 72927 59799 26979 54566 21462 11834 46817 64192 60766 59681 8669 53681 50093 14092 32849 75740 72401 70085 6047 21163 30086 73027 21170 67882 
23343 63683 74938 89793 84491 59558 60551 57417 35708 87530 28334 57169 99363 75150 37713 76480 34830 62733 30160 84922 76825 63008 77014 65577 33093 83060 86739 79530 72439 24260 63764 95781 87942 55053 1925 
88784 14610 62475 46200 50318 66356 74533 7486 65719 66034 61550 42198 863 24283 88710 2137 1107 51717 95502 66683 1161 78561 69773 80691 67351 94032 44454 79483 98326 99506 81407 87109 30468 60234 33309 
80785 26589 24193 4622 92307 90227 66172 50857 7441 6806 39566 25929 24264 7634 21430 90946 8795 16343 77070 5837 83693 71101 50290 63176 69426 66147 60934 56535 12966 21167 6195 93750 47756 46739 14724 
56414 53317 97247 23622 60758 4052 63187 86686 28315 70821 24468 35612 95967 40810 12681 1803 24502 133 68444 4029 69559 50942 64963 42445 63908 2481 64991 74009 66588 11729 88732 23002 65046 85978 46623 
42155 6381 26162 45192 51047 13334 69659 86658 9300 26820 15690 27454 67674 15823 95897 71702 1733 63190 53016 44177 27097 55497 9167 1106 22084 20895 89837 61437 2292 92167 24412 44446 98547 50573 5990 
49594 80258 75648 52603 5909 2468 68293 33362 70141 467 45610 58194 2199 8799 11210 46375 35896 83058 71893 53353 5141 9139 59541 82930 11431 51707 7341 72228 66606 57913 78217 32551 54522 70217 1505 
60430 89036 86149 93791 59176 86615 55752 33721 88813 64550 61282 51539 16797 44339 39783 70149 65832 48922 29690 48761 76704 97748 56101 65283 80705 30365 59852 29607 84886 30068 31112 61667 19103 17260 55457 
94630 20227 11208 44702 25391 92109 5984 76930 8906 66674 33064 95406 32505 98337 41447 97617 91392 55547 70069 56675 36251 433 32878 82210 1670 62945 13321 79688 98399 46932 35144 9380 67158 62703 54081 
92549 71164 60064 85830 96421 43090 18893 91826 75594 17230 49625 73211 24973 5171 59631 97999 57773 60064 30876 39982 78085 93820 53302 57773 8570 234 9268 17949 83743 88323 88382 76291 59486 64797 62120 
72258 7886 97365 64083 83480 30946 13707 73042 55918 35229 32672 53917 93002 9087 84792 32983 3524 94964 2637 77648 19885 19222 3267 37834 2964 91589 26215 95607 67426 91011 57726 39683 98897 71442 20118 
98728 2387 50176 88121 74657 85405 20792 28573 78406 46231 29716 27740 49754 41031 30376 43753 60916 65949 47019 98749 68913 54960 41315 80871 38737 48677 54948 94772 63925 26390 14889 79004 45128 65064 67124 
19784 66820 4268 64708 45225 50498 94424 89317 16603 51806 19692 60355 12721 1993 7373 27821 70905 78684 85487 51775 17421 34164 23074 12192 14440 49463 43432 93444 94591 24847 60567 14374 91667 64834 95434 
36891 31683 89857 26207 48285 41662 62251 24991 70735 64243 32364 98555 51499 27399 84042 19625 44819 34557 42698 73362 48996 8513 16793 42439 3103 41640 19358 33828 33306 543 29261 86548 32226 35469 29107 
96862 93483 7709 21853 64217 71951 70568 62771 39801 97966 63164 75777 42785 97720 34826 32498 63068 43338 49291 21858 46440 90930 41215 96620 40587 58110 25880 27134 6687 61349 56240 3548 54831 80300 25400 
35399 68602 95967 14521 8402 10285 77685 530 69421 91756 35356 1918 54823 78693 51208 93033 25133 58489 50599 38104 99075 8708 63983 42561 15394 41683 15152 18942 96513 95452 60693 48263 64053 73012 62784 
88807 83296 56820 89336 69068 48575 24691 70985 19750 3384 38545 12782 44868 97033 63380 82971 12460 88440 63305 55020 3833 4988 70171 39126 17852 81974 99819 66115 46027 89182 28898 51185 88829 2069 40520 
57896 50643 81563 28880 86744 1298 67424 15877 62517 80809 79257 61839 9620 84048 25143 64639 87880 30130 51161 43358 64334 49487 59528 30448 95513 48709 75697 63049 37537 77765 3568 95432 44759 1482 40663 
31503 2779 24439 47379 65295 5247 42987 27133 14866 27034 68628 95856 31266 15109 63368 74623 79442 12854 34150 26241 24718 99210 1937 87766 36746 96053 7686 48529 40812 9167 89191 88666 11946 29981 52396 
93592 35227 11735 37077 66444 55120 5704 78651 86385 20812 42019 77359 16606 54872 27860 42846 95942 27069 61135 83707 80166 57187 91392 28694 14350 16911 34237 3015 45208 64217 71763 38799 15796 83497 75875 
98591 54968 97930 93594 41353 35094 35612 35063 51699 6835 62923 10896 2776 6343 72030 2835 86509 45569 94226 31554 59918 27488 82142 79285 72695 62711 51047 27846 78506 50895 20072 93448 5862 18002 87041 
63566 69447 39004 14981 21145 45839 77903 48392 64966 84245 20422 67800 87105 65990 62026 18659 42259 5865 800 21543 78560 63510 88941 6405 58367 56187 42828 68167 78401 77181 55207 58318 46627 10563 73298 
84123 56401 67552 32515 21366 68149 52936 89166 55253 35277 67543 90263 77535 73407 7415 15430 68318 70924 4370 91074 45643 60557 33902 13809 55309 11082 85367 13626 74061 12281 86924 58183 68681 54475 90697 
6399 38975 59984 11916 94228 95260 95810 84490 89147 69216 91904 4576 53886 79180 8945 61311 41174 85853 11564 71334 41161 22646 73052 71139 96706 85333 58062 71240 70365 28888 61937 76763 84215 21920 88678 
78442 33532 839 79283 22678 86407 87539 27253 40292 83070 52549 1602 24243 38402 13166 11928 95914 52163 84979 67052 65220 70311 41465 36459 40676 86705 14747 33790 70919 36667 38820 65712 86550 39658 61346 
9227 26064 65236 36479 66355 48305 5379 84309 88899 43780 13826 826 56046 65988 85805 39449 47559 72467 97266 369 13142 322 15116 46932 87592 68134 85751 69655 54683 25408 31000 63909 51472 96236 16739 
34178 60892 22117 18486 66143 82249 48663 83320 54646 31002 85476 94094 78560 57943 7711 78929 87436 8032 94044 50719 11975 78529 36469 81629 33211 78229 12629 13471 46052 25216 30209 96581 2459 68677 31419 
84953 67277 80081 68273 21922 11083 53748 32368 89642 28042 40078 84922 15478 64462 95317 66196 76436 73845 19017 58065 7055 13597 87045 36877 76000 28612 67085 72580 47422 52114 3998 32375 19390 84079 647 
57664 11513 70746 90031 17506 98788 46460 2428 14265 10921 97744 96812 3709 87941 32180 78125 11347 45776 81521 48224 21775 26484 31660 94355 73905 83773 14704 22631 19515 15134 23277 77178 26646 10375 83560 
60504 9162 30019 62931 39778 57292 77026 52941 77352 81318 85121 55476 92665 47248 53348 40888 69023 79831 72547 79729 53735 72672 10784 76366 92186 25918 15994 85715 68915 42720 85626 29418 51881 15644 8700 
8010 89287 2078 60951 82990 83395 62423 38465 76059 9670 8164 33298 95044 87994 5845 91124 58081 78516 1908 50798 87053 44177 66791 89119 29443 9511 74744 58861 77743 6739 83912 2105 12378 85989 79407 
95367 85736 41829 50184 78146 67850 58347 11444 79246 46341 33640 70369 20773 28507 72276 71570 15559 32804 54712 4677 62247 80574 95772 37459 74669 2510 21370 76773 14887 23711 56179 10254 9446 14359 60437 
3943 98560 35135 15386 77805 81475 49025 64526 18599 77531 53153 90168 9441 85957 44880 30469 48203 25453 26240 85661 121 45102 23382 93245 59988 63444 49423 86593 72889 80133 47029 93184 95045 98516 8569 
72849 96342 73946 53726 14941 67828 6879 5108 77269 92835 49987 24089 57389 91792 66681 59401 8264 11782 99134 1509 71769 62578 67283 74714 51818 63768 38094 45001 58812 36609 53570 48012 32951 43867 1738 
47891 11694 24968 52998 88962 17802 19337 29403 91542 27480 96083 50942 52095 7864 50075 53603 95984 29004 37238 70697 80822 1005 25143 25822 76168 61751 95743 40531 94701 39609 42268 58943 51303 67235 28293 
56616 1388 47629 86018 9281 91460 98452 60222 43554 6315 26649 13509 18651 55652 50746 5699 52825 68102 30841 94999 44269 8944 90741 84799 3644 46702 43419 78939 98004 27005 7231 70971 44745 71211 73341 
54025 62670 71792 14247 22575 94459 57247 36083 13109 29250 86828 35159 82075 54929 82352 77073 99197 91295 84165 348 11290 30866 43766 90228 45221 70770 97458 16192 31866 68668 89532 85891 47689 61323 16489 
70264 55781 73735 6346 85241 19336 9526 36752 17762 64454 19103 11186 80003 10397 95351 96702 38038 42568 40467 28266 87789 27588 42075 3980 59454 10743 9863 45344 74783 87537 61832 45046 59670 51918 67744 
44910 71253 77269 98013 5367 58074 17115 16552 38076 43863 11902 51129 81901 54470 91595 26518 58610 35535 68592 78941 11340 95686 88803 73035 70469 76339 34866 31866 36008 3135 99609 97270 90739 76877 95282 
96105 51303 28749 12657 5730 88963 40910 56859 70863 95379 64805 13732 70340 339 82324 49280 11678 78009 38082 84712 64829 30773 35929 96695 83132 55415 96303 96753 46154 89532 8387 42258 40834 37135 71266 
62915 26097 12176 19773 13312 23906 84578 27043 94246 84916 25718 43525 12946 3727 97959 14009 84907 28731 66290 81601 11862 21704 94256 24967 67857 139 33353 10115 57324 70487 97732 20238 12935 9907 40011 
42598 33813 40940 85993 28058 42207 11710 87934 55152 31788 85892 85513 16695 30974 51802 14647 59188 73505 8902 84154 41362 25392 17506 67828 82715 4344 65559 19305 33630 75466 75667 76228 25630 16606 62220 
70039 58812 73929 57972 30316 5717 60216 15828 38763 91189 67629 53409 50376 41133 78663 34529 98846 4054 68386 66673 3121 72729 48584 22425 6359 24049 14443 82586 66030 31048 61157 36068 6211 51437 10391 
36526 73505 86958 68705 12267 78147 36333 65676 44874 93818 44338 95755 92663 64743 64140 59336 67863 36869 7919 6639 43227 48319 21081 42164 14348 52128 19672 66767 74691 71108 93509 11216 44613 80467 79921 
73231 74965 32605 38906 36190 26422 99595 31944 19085 64338 96084 94772 32200 49304 19042 55191 8882 67360 76271 67397 98059 44751 87068 81177 19441 74527 74685 47008 19139 71503 43280 8722 62819 75885 47627 
99009 18658 63574 47304 37742 27911 59739 48865 76462 9042 67906 31652 34275 35265 24275 1671 49675 69025 88738 30851 88465 63265 21888 51824 98755 9742 95104 7476 72561 70988 71455 87921 89645 35028 35224 
43739 79290 94963 92603 72103 20356 76861 20107 54631 28477 44381 56301 78152 13405 61391 25354 18221 41007 63593 70044 39761 73335 65147 63589 62247 52486 51395 50167 58483 2774 1742 18573 82063 13056 27527 
70517 49764 4387 90623 20746 32864 51355 77046 27367 81111 54788 52720 99331 95794 32665 85727 51907 5999 50873 31847 84597 19711 83241 34763 78193 86014 52856 13117 84428 82264 40643 54944 32027 45030 61919 
52772 94245 29625 46169 37963 10736 957 90682 10066 13102 23346 12144 81360 45696 79369 13206 30292 99079 12798 81406 93623 98811 50614 6739 99590 32877 63733 70886 81255 8762 49156 34026 19358 78780 96546 
57320 89515 13854 64354 15933 26956 4051 28076 24667 66099 7444 37873 96390 22874 50670 94148 16496 65833 44761 39586 65422 93989 3319 52659 75243 28432 1814 9268 47790 80594 22165 21461 70108 36019 2166 
2392 62974 6217 46820 87640 72315 70615 41864 85056 93489 8886 95555 26336 74718 40315 65922 56491 50655 69240 9150 25897 14023 10963 51516 78164 7908 73681 99625 94368 9699 1790 96759 89024 24358 43578 
93015 96672 14193 34879 98080 24033 43764 93634 50368 34833 50301 16289 7675 955 1880 16824 26852 15903 44139 78367 94066 52046 68399 10042 46413 78097 28184 43172 67120 52541 3101 60135 65565 33645 11365 
63644 57677 71480 57277 24397 6312 23929 40685 13986 24884 58917 47162 51735 74819 91300 46453 85236 59697 14852 95278 6110 9300 39813 65633 92772 92353 85085 69258 57917 18730 80622 37912 92758 52101 11541 
17154 74764 35469 74191 5101 60352 33107 68614 28438 24277 59913 91243 25864 35962 22446 37493 42071 31745 77305 24055 24516 69658 9139 10125 43926 44220 90746 81838 36978 59198 93378 70483 50313 28846 61025 
55414 5550 94131 24027 33987 34759 292 41581 60623 52605 64026 98115 94675 12123 75420 18729 36638 61429 27867 63115 5354 72087 53860 87191 25416 29410 96920 12250 79722 25766 73275 51487 47667 83757 91866 
81653 18516 8509 39586 95490 61113 3611 9956 72139 15733 1727 90867 68723 63155 35085 31837 84861 23523 2048 88403 65290 31457 85323 77540 27531 27440 67166 79017 75106 50922 87234 73110 85789 95742 12695 
81278 56854 32658 91234 28992 48390 92960 36210 33464 72467 87647 65300 73679 11169 83700 62081 92811 15156 63755 70350 42686 7546 37515 38055 82651 4788 25288 72113 90577 21030 1159 71854 94235 33816 79439 
39579 98558 88751 92140 32021 77569 79786 13673 51247 7307 97372 29679 117 12527 93434 86818 71565 17331 40684 25971 16334 45471 51258 88446 36047 88639 89604 24253 99226 39772 20043 38804 38329 8793 47295 
70349 86361 27081 84021 53959 34387 81392 83638 50855 10271 93423 54024 98187 10753 94707 24157 27086 56529 75414 31883 8928 80405 37839 33180 79630 77610 53222 34785 15938 78367 82079 2638 81079 9159 86659 
51390 59897 84402 35027 27103 11024 44801 81126 9210 71905 75832 33366 98991 32361 8780 47225 41288 5536 85063 90819 85165 62672 60392 19949 94961 55110 2027 97599 36189 27538 609 3930 3786 1362 38956 
30889 12386 108 12014 21595 72012 4198 71313 87354 52910 96444 34579 10549 1979 19641 1367 87143 98665 78110 23443 93625 33220 41821 7575 85760 69358 24535 89689 89496 25897 44996 20384 54634 45103 48749 
92580 33466 52946 63892 20820 5855 60335 71750 16403 62313 7742 34121 65807 6406 12231 89249 16383 61802 31070 40309 47561 16779 64844 53601 6274 7092 98596 26657 61725 60050 75406 54304 93515 44703 34548 
30686 66910 94882 2435 83312 73547 10177 33785 39353 32934 62367 44954 65668 24168 76023 5977 71728 92801 70820 41680 15427 94263 40275 42083 55987 324 33840 26642 10190 94895 61189 57228 61804 72423 76014 
61467 45969 2542 95251 1673 35476 57617 46626 1143 81784 39000 23471 69863 31801 10642 27894 63579 4904 68168 5661 77242 84843 55853 3884 11385 67099 81424 68612 28902 53846 44625 90368 16166 47167 1971 
34191 98994 59587 80816 16488 57723 36168 39959 43937 84320 66952 71831 47898 71856 56350 69910 49097 57545 25762 69332 68929 92860 50756 53892 38113 20953 98516 28481 53471 62034 46803 87661 61027 6389 84828 
77515 80463 37347 33825 40752 21666 776 28934 69563 88983 85283 39473 54432 59179 81586 23763 28107 90798 90870 81998 28910 28175 96866 73742 81645 58899 20544 85657 36278 43285 86836 30144 40099 24183 63968 
97202 45848 81095 26135 31763 70078 27770 71235 24509 86948 52820 48271 31407 59969 55493 29756 88879 83667 26621 78972 65311 1872 99516 67319 38149 59152 54154 68292 99250 94688 48611 96452 56888 29705 38938 
88650 16134 66707 59884 40642 70007 29055 5265 1413 5376 60757 31168 94254 60775 74141 89577 42437 76012 89092 9755 30512 64595 80260 15155 63845 91300 63765 76648 48187 9821 15585 36836 25955 98644 13071 
66596 68650 58477 88212 86414 63852 65320 17581 74457 26094 8073 64034 84882 84084 69477 10988 30947 34072 91248 46101 14268 98899 9865 90915 47085 19686 22851 272 61992 21494 29694 28587 6495 4522 33151 
92908 84726 14822 26841 75534 57268 34913 55919 42149 35349 41748 53137 66295 75819 60736 12396 6438 59634 38612 13704 23070 58297 36554 39693 20288 74400 85738 65227 80894 6611 14729 90154 91336 29550 16994 
83222 86817 68258 39140 28966 3606 80887 98454 69901 73057 59189 98648 79494 35174 37259 9549 74595 95556 62455 30639 32195 36854 16376 13773 34099 39338 28501 40604 30674 58051 57597 30247 61219 25855 69386 
6536 45812 66625 4989 32064 39681 80529 30711 35527 32054 67970 45075 6648 79877 23881 37286 12071 77086 70013 42196 27537 9351 70696 68140 56376 45098 42089 86622 22669 84295 72359 29204 30106 38983 50545 
62170 95016 31073 92880 46894 63127 77201 8320 86126 57077 32201 39764 85500 9286 9776 27695 36822 35478 98390 21314 8205 59840 63402 11178 82508 64048 99889 28063 94153 55223 78607 72674 50238 9680 81906 
13483 89158 59106 21803 91635 16183 54003 31398 18034 79640 57526 45728 32814 93003 60469 70479 17560 20308 33880 28737 19167 14279 28625 47230 8431 83848 25836 97457 50437 51867 79362 63920 57376 54819 85722 
49011 87353 56076 80408 5386 35715 37933 51113 84880 47288 27934 55358 64847 48241 5589 93583 83760 19867 38560 30989 44650 22407 73176 42106 72843 25043 37819 53114 82418 8989 38835 47780 96342 11262 28188 
18079 63329 82472 69192 48208 29759 13477 19918 94605 78069 25506 4540 61828 45373 43099 9168 6374 81857 82344 64831 71051 23738 2649 24165 6155 11637 79351 70287 24330 90613 98474 42409 53941 80945 27952 
18500 27056 41428 38417 38012 19496 80275 58903 97676 25647 18353 6843 48372 209 89186 13202 87612 12923 15850 28128 35430 43838 23830 5716 68168 14442 20541 26928 84734 17837 54879 19586 44892 96306 58002 
99256 32153 38276 58158 29828 80274 92863 36671 28645 9423 42208 41846 97034 55131 74047 41513 90560 34237 65343 12627 18756 96136 33167 45683 80870 51003 561 455 12247 13218 74808 11502 45370 29436 86011 
91550 9709 78873 28220 54706 88296 86779 12903 85329 41909 86950 43194 48820 21186 8536 77798 39941 4671 10964 1975 1892 78319 2535 18698 90565 15752 93506 2066 77473 22941 4428 85374 49001 83301 13593 
3706 71596 16724 16609 73276 58632 3558 16469 23804 41095 41356 1601 97387 46027 12565 99361 47918 7235 18247 66616 97799 50350 76473 16216 44174 99413 20643 29548 48413 20295 59492 68471 8242 76215 85079 
97870 34847 4988 14338 75002 62434 72046 76602 76172 18072 5518 91884 82341 12752 10130 65308 26902 76831 58132 43117 21004 73896 63760 50551 38661 406 10043 7131 8648 86257 92209 6517 37455 13548 37206 
28808 75981 9251 21762 52152 43674 27279 44035 42367 56383 70516 24026 83284 47346 82158 26401 68349 56053 6512 35252 11065 6917 45294 18195 31916 47902 26755 38432 1709 40302 75638 46868 16282 1240 68629 
68433 44914 95908 28819 3632 68642 99334 27657 51925 63031 26166 94677 31380 98571 17540 66631 9635 40809 28276 27830 72724 92529 54584 11156 10589 94886 3145 57457 27519 20736 42437 12304 82001 54696 41122 
85632 23337 56808 29641 75262 19838 55806 86290 67569 54376 3830 50551 64011 44638 95178 8192 17361 4059 62775 44868 14647 74012 64364 88455 17883 85100 47244 30186 83452 1939 87659 69084 25276 44466 15076 
16889 64304 70881 3178 48224 41609 7007 98775 21971 67996 93952 30162 1709 98010 9288 46576 29009 99652 27292 33815 17534 28743 81058 47719 12194 82997 35377 97629 8272 96195 12704 25160 76850 99937 44689 
25073 57897 51696 23847 79867 36043 34151 26380 37751 32160 52019 679 77520 51670 27970 11335 85555 73064 92392 33273 1609 91740 85002 99238 11 81196 28293 41522 58045 44581 2563 99469 2477 70610 23316 
98695 6652 57466 41426 44403 5977 93445 61433 83497 61466 89402 11183 47021 78817 3574 80293 80425 11666 81646 79662 28028 79193 24307 85902 53589 68887 88464 53058 71364 59073 92725 86410 65724 50190 27836 
26478 72518 21280 87910 72366 82745 93663 83548 29765 72479 3474 26410 52904 15139 8055 48917 43166 87248 73223 29067 40836 42110 17530 10245 29825 92954 2969 16234 58678 69510 60421 85155 42028 81700 73065 
14393 80797 66727 97941 26913 55558 17766 69674 8461 32904 77729 73729 92421 81328 46952 21488 38515 5413 55369 65112 51589 48323 68080 84174 23352 37590 44595 8506 95969 42646 97922 10361 39794 81001 24653 
66707 36558 42418 52732 61370 91673 30460 51450 84094 28139 14753 21933 83006 20165 93653 64469 88105 58327 32548 88631 81678 86489 33225 6536 82457 92222 4457 9170 48368 1809 50174 31426 54718 8944 84157 
32439 616 30969 83889 1061 75459 98641 22993 58464 35158 16646 22932 23262 74972 71832 11892 73002 58320 61468 79537 40777 70042 345 66298 18409 18506 16471 49834 73223 25414 33990 22014 26030 64958 5902 
43442 40417 20894 66435 15232 56051 99432 54516 95665 90755 26347 23908 63756 1018 1728 59644 58146 71769 59989 24443 6529 78494 40914 56362 68068 82679 6703 90081 25060 71661 95982 68502 28429 33228 34936 
43660 89278 50719 14527 1294 41473 57225 25202 21581 58243 26929 81224 16388 15049 57564 57183 21577 52409 98096 94290 20477 97126 992 10557 22186 89004 22891 90687 17432 56118 41974 77444 61747 92692 91970 
63041 50516 49195 4594 72096 7437 31522 69672 40176 62922 27235 97358 850 79644 11805 95139 16472 8931 96130 43380 47468 85134 66270 38154 2565 38739 80127 96360 16838 89170 88330 79878 39685 37524 84471 
28133 61312 32344 14156 17839 11617 57742 15197 12466 37385 43353 7604 70208 68635 20085 13588 16102 21570 79857 70607 40487 34948 67085 36846 51785 56254 25175 48014 12291 62698 32484 56775 40361 81179 70930 
58200 92795 28671 89748 5260 82408 49452 29215 52615 18087 49299 66202 50540 70869 62411 37499 27707 13710 4583 64552 65494 77189 89727 13507 5831 68776 62342 62605 9137 43520 49886 83688 52666 94908 73435 
74277 93667 22886 3491 62634 57324 69141 28835 24216 56361 7597 61714 84067 21306 82648 48619 3151 76188 54697 16657 82018 23472 95350 60974 48960 55221 27211 32647 7886 22119 22433 82162 32137 61671 85652 
94770 18994 71145 23605 59561 27505 47553 21274 27924 68859 20274 76542 88361 96461 31238 21370 78479 71061 16719 55804 20021 71940 83015 69019 79825 21485 91452 78339 53621 53122 80342 48391 88467 51486 88347 
48028 95343 52251 85653 23266 37461 22278 16159 25822 18739 63748 47191 13569 34808 63909 69372 71180 52200 52386 40199 48377 73870 48002 26715 43843 17475 7056 8585 22293 74894 96931 86672 86588 49181 88677 
26205 86642 10954 42363 12463 29692 22462 76005 43260 57269 39913 28984 44801 8465 81369 1351 56841 71591 49352 83555 31785 83178 6962 40369 5470 98207 37299 8494 84794 2831 97170 10998 5824 8123 69712 
34638 54167 92173 10642 13778 65794 66907 42761 10594 75371 40482 11944 32211 28424 77647 32117 60208 60824 55430 576 82645 69989 54226 91138 54782 73408 88307 82132 79232 12782 68195 13869 66948 60368 40863 
80725 26161 7769 39838 53106 83139 80319 81401 31701 8742 59047 80169 85301 36222 51950 85876 35218 21938 56453 26356 93072 29860 31014 91555 25443 43795 59749 55664 27094 36468 96526 24171 78980 4294 64008 
32085 3784 60678 13485 51836 69419 88883 32004 54719 41456 305 56946 76674 22243 13398 19381 31666 59609 50394 23220 1404 10541 99320 57067 53986 35788 53592 78156 14767 74237 58515 63204 78020 19192 93040 
46207 88610 81923 78210 59680 39730 78514 16625 16403 17108 46374 35783 48773 22335 2529 88344 23738 13069 87664 97156 83406 39803 67099 61562 54569 57687 20076 17772 52058 55620 10812 98264 60581 9086 76473 
20261 48815 71338 53237 65218 4798 15963 17352 69922 38297 19880 58266 78386 49300 62281 91893 32706 2083 58991 10619 73003 16677 47046 7127 68734 2665 17938 66997 63246 43375 59821 99858 92189 47510 53094 
73758 52307 69056 7462 38581 23704 43693 13198 18441 9345 91830 10333 42050 10264 69323 69020 83266 2351 16065 90392 87436 35082 24681 70784 14679 68055 30604 14536 76596 94466 83981 66705 63124 69389 74166 
1704 93092 34211 31253 11533 43555 23082 38217 1956 33345 7540 70975 16611 26242 3391 23354 13678 38472 64387 813 69502 48793 47769 389 41740 42234 84370 8445 5357 70110 98962 23413 63201 49524 54665 
91085 93078 77747 29302 95033 27443 53193 66007 60405 95786 85750 83759 25815 40573 64497 26628 10075 13289 74396 10463 55029 16629 11184 79825 38337 81293 95138 78101 60846 44662 49118 68282 37739 43216 97583 
49124 70658 67127 31482 31063 62913 17231 31173 88727 57804 95669 15354 84230 25309 89749 11044 96689 22729 22228 76513 77418 19872 88003 55518 97069 49016 4635 65351 3106 47850 79285 52229 18508 46412 83711 
65922 9324 17293 97094 98050 75096 92762 29756 75677 18070 35856 86721 31111 58585 25300 23975 52354 61523 11977 7871 58592 60992 28858 23942 64098 93059 3226 32678 27918 49637 32740 93839 75312 50033 90932 
89714 41480 45 19469 17157 34467 55324 3877 65577 30260 29176 89551 82613 90698 17880 6836 65641 95223 35693 89582 75672 45103 9160 8350 73021 75148 41089 66859 66812 7473 74143 56525 48953 90539 92345 
66109 25005 64020 86337 6933 94280 31864 12836 93244 22561 30715 16431 4554 25937 68475 94135 17961 13578 19646 26310 86598 11146 83750 69808 77957 91223 60302 34481 40175 50841 43177 22635 75845 7196 8971 
99130 17827 40834 11965 11071 79746 59031 43853 84299 1319 12328 94786 19279 25905 30783 45588 28854 41928 45690 98661 19884 36912 58963 70716 93438 26155 13892 16072 18351 37440 41394 17480 55266 98579 45796 
82688 78324 4826 26541 78975 6145 38868 90112 41775 81124 20894 3715 9977 79174 49404 24989 15409 86315 303 2477 96104 26457 32720 12175 44808 70159 69920 62287 25425 68498 24435 8112 63173 29260 51004 
58499 51756 89871 48610 93531 70994 85856 97245 97322 81381 63000 22311 96789 65666 22613 99265 61769 65422 48337 90295 10229 18495 60214 88867 43919 45063 13301 68383 8235 42561 19386 83086 10668 25609 48047 
4198 12954 33902 17794 10276 15282 80793 48938 28423 46458 71550 44039 24578 36971 92375 14872 63551 10870 91437 52418 71140 36499 65718 55874 61086 24630 75260 44171 35298 17220 92217 55847 30173 42471 89993 
56800 57752 87137 5737 2526 49947 93639 46565 74524 46961 38939 5748 10512 66160 97184 79281 37300 33683 61350 93173 94768 85980 84784 55290 37629 18355 47506 9827 48528 6328 16171 21679 80432 3308 27416 
82957 69606 37406 29521 60481 84366 84812 66228 11229 50971 63412 90509 4622 13446 68211 14147 24565 70542 98930 79854 24522 17285 43711 34348 82164 50039 66871 3842 46822 70178 47609 29778 56135 85014 75651 
16615 85732 76814 82843 96960 44136 62606 3821 48758 76051 72031 62904 16967 42572 78185 13172 67093 11821 56882 17792 10336 23272 84662 14178 70093 71191 78138 16223 27325 63152 8225 60292 48883 85038 43134 
62194 29173 22091 66014 94282 14493 54396 73537 31459 13319 51722 44630 96763 79894 17863 30907 90230 41135 15568 20759 27579 3111 98896 60153 46787 78399 68377 7078 43633 53414 66563 5827 82587 88653 88192 
93220 3145 58940 66757 50955 72258 18478 95584 85373 14723 13447 16279 4952 70933 48198 42062 14863 67660 40958 75016 14447 35708 43392 37876 79341 13158 4439 1519 12096 9443 6062 5315 12588 65001 72071 
63542 53611 6900 75478 38983 21623 88924 55261 42926 76208 19810 84988 91070 87470 42297 66085 18268 78004 25829 56143 73696 38986 60581 91566 51081 70024 97628 56395 98963 62628 28466 78856 32590 35365 54333 
71572 73339 59608 43184 16265 35815 62994 17604 43237 66815 59900 25673 85082 54255 51501 41224 44303 90486 18157 35868 57918 4532 49847 14313 19846 28827 59130 98701 61416 10846 69386 32988 84185 45345 92523 
16801 97512 71868 34404 40748 38682 10655 66420 40115 64909 34273 97691 25563 24758 15847 61431 82676 36730 27629 13340 56575 56455 72469 71627 17871 99666 57364 50858 83850 2709 43380 17002 16572 15248 51405 
73671 70281 78411 56442 10396 43320 90714 24438 85234 31824 56636 46664 14499 93365 74293 44190 49939 30747 33010 37917 64969 32675 95281 15826 32877 14341 75558 49878 30912 7157 17635 20934 93789 96045 77375 
20536 55716 68089 44973 40950 99912 1608 3965 30762 94972 94609 74951 61262 41708 24312 15531 6676 56986 10811 38854 89862 41503 30763 56092 88766 37919 90078 9699 31707 86122 87073 68595 58190 71513 13567 
15491 71424 15175 19455 2185 26498 30416 93487 4112 72123 17798 19642 95150 91136 30452 34003 97349 88306 64765 53440 77071 19035 59869 86769 67094 45991 90193 35688 20532 61706 49254 36022 49481 80780 55476 
68018 7278 2243 61504 11389 74365 95654 47382 69515 86789 77833 19869 84137 66138 986 53929 59560 20020 13797 62680 3465 76139 52872 39152 96670 30929 88406 49043 80410 85537 4519 48427 9166 6761 9930 
36906 97478 21935 84287 83344 8723 62119 19564 9212 44608 20549 79492 20519 56921 93288 83198 60385 85779 36070 99537 98800 83350 4294 47843 63759 89830 68713 12185 98996 91825 38467 35901 89302 60401 36540 
88997 85476 98658 8561 11039 59618 29109 90530 80136 86029 169 79686 62766 2299 32107 62302 1099 15456 82947 48941 79215 72776 17653 7751 88123 9477 46217 40376 15131 22970 76915 4127 24797 91924 12687 
52187 67893 58148 59068 64381 60528 75588 44066 23293 77887 76172 85594 78985 91627 84892 27925 87193 57668 45577 94944 62142 71405 57512 18869 86535 80481 95783 90662 21629 4059 19700 73815 71951 77847 49234 
52683 38375 24822 13100 61667 2708 89271 63613 98044 97250 48504 25968 794 22523 87896 95737 1017 75652 53249 19885 62187 50081 32020 69200 88062 36078 88899 78228 24380 66746 27462 93415 21472 52283 6514 
83138 71342 95785 63102 69385 9386 27958 11704 10179 50480 99599 22268 51496 75250 91868 87733 53788 58300 19752 22987 46361 72181 11886 24589 12912 94983 68402 6326 16454 37036 12840 15943 8377 24976 79045 
94113 34361 7002 5816 60891 73833 21766 99510 41681 13367 91377 29413 83507 49677 65516 6493 12389 37696 34730 36977 50607 29712 21730 56933 46165 58765 86124 62108 83493 11099 57504 77605 61811 80857 99772 
22701 54689 37889 22211 12721 67608 29939 42133 51114 79615 24000 73958 92004 61695 8688 45332 28654 54751 83414 1938 916 42178 88061 79375 25671 15511 53230 19627 77321 34086 35751 16373 5126 73639 54935 
17847 57598 84874 76331 8711 80840 331 82669 89195 78377 7708 50879 23382 62458 34292 25319 79725 76469 29731 59099 18491 45241 28680 54470 38913 62765 90220 55286 67891 80210 10220 85737 37808 11445 78419 
62870 92285 78749 45538 81479 73478 69597 32357 96859 32055 66648 22178 11779 59469 68260 70878 94311 29853 99557 48780 68765 78674 55351 40402 62916 35561 50622 65004 89720 62066 43422 52589 70702 22171 14479 
68533 95648 84075 17241 92506 16129 241 31035 27908 59709 15647 15137 54019 45499 31045 19151 30615 26070 74501 71017 88985 10061 37990 53988 16132 16407 97410 68721 87109 35932 99551 55641 31579 83625 72881 
40436 16106 73121 87823 60365 49181 19821 75501 19552 81671 22897 38702 12285 48967 13202 99653 37951 39615 37642 8291 55746 54049 5700 40818 41157 41631 40368 13149 89561 40345 2381 46348 72802 91854 50522 
33166 41034 70342 25018 60585 52012 64266 99286 64297 13232 28840 80301 67535 68454 17943 75825 40551 71991 97876 97721 29499 55858 54440 58999 45418 11136 61379 8117 83937 69584 58639 17102 10618 28980 58471 
87554 97344 22737 3192 77992 52320 32031 58292 19854 16836 76234 12030 73738 64576 26257 71458 10426 82114 25898 69424 43883 53385 47155 52000 37322 16738 10638 70775 43707 55969 29246 31261 53312 68334 34452 
31303 20653 82834 89595 40507 99669 82180 68888 89758 46756 95145 61216 57181 77258 3465 42957 21141 56849 90111 89492 10522 23200 129 81297 66907 72449 26894 98167 25761 95227 48970 73415 15879 31803 79361 
72737 47823 61541 57977 37580 24648 53121 15147 98180 46730 34963 41136 84222 8164 47598 73713 18685 70798 90193 16333 54056 62642 59578 52222 88402 71156 17543 78168 87035 49345 57529 76123 97167 35421 34099 
51098 60068 3571 82597 74599 50301 17559 15735 34522 42074 79684 8235 77111 66833 98427 9795 20888 61068 69373 73109 65821 40528 7003 60341 43914 56347 17869 36389 69865 69641 70487 37315 46060 74058 19911 
20658 24358 53821 52744 75231 95895 32428 99817 73005 99260 98244 82799 20148 75663 68523 9608 57836 25403 16611 18176 69316 89309 52396 5704 59174 38388 92543 12840 84447 82952 32750 5104 23661 86570 57848 
98891 98816 6627 98708 71820 5886 13303 70971 42385 5317 55845 68345 79504 81247 1307 14031 66915 90615 82778 88970 66140 21165 81512 78979 5611 64463 28080 10715 88123 14650 84914 3366 29817 91540 18425 
1637 13777 48079 88959 56162 53395 44803 24506 49251 42402 25812 63281 9316 32778 46059 98285 98918 67223 96149 94248 72834 76963 22328 99900 81438 53329 84813 84803 83145 76352 3227 1133 90128 51305 6443 
62641 21051 51246 3498 70301 9999 45661 49934 19314 78439 95992 33950 93708 63214 30098 4307 52399 7061 26634 52298 88498 96314 53462 89652 79459 46165 9230 96943 52645 76886 3386 15285 97936 70983 18783 
84589 80981 80795 34522 294 59233 46865 50595 69292 26430 80693 73599 78829 4105 16584 47478 8954 12898 940 14957 8708 63456 24186 5650 16100 1071 9035 31385 15358 96369 66519 99946 77349 47313 50819 
93994 22898 97683 44589 8541 24113 41633 98491 19293 45737 15075 66770 71042 44324 84061 85998 69383 47517 26535 91384 79968 27605 16771 27704 59314 13139 94222 59260 90488 57887 26430 84481 97136 40465 29069 
5676 64577 87053 4167 221 49141 35593 83342 20182 96268 67403 22531 82002 31271 49065 73385 27590 93021 90155 55294 52335 19646 49515 27946 10133 23753 54375 10965 20888 94839 56386 42916 75767 43438 47082 
75987 92579 99026 59329 29112 11645 43083 67995 93646 90705 17059 83382 18294 10080 73537 73587 62414 9534 39454 6711 36018 63206 61085 46982 446 72276 19719 43361 48042 63157 6794 40381 72087 22171 16061 
17550 33815 59143 85544 27460 66199 18955 10841 84492 29034 729 74431 7799 26614 13884 14509 62631 93441 91945 9613 93886 64220 29331 37246 28614 8839 44039 85346 97277 66209 1406 14827 16375 76900 16722 
60186 43098 35676 87379 43941 81061 88107 18371 5211 31073 32254 36071 93703 25695 28016 19667 19580 8587 65350 73178 53552 74188 33568 55249 87817 16129 73006 18995 32503 49905 35716 92689 9354 87744 80067 
53295 68804 84525 71665 90367 15597 3919 26437 9300 45965 70804 45318 81896 95743 10667 55073 65646 1207 88641 20895 89023 4769 93900 8017 37271 60157 60084 46311 69510 47827 26377 22804 32983 27254 94469 
23349 42850 14739 66137 68501 60703 53293 13819 58950 49035 40837 14023 31032 42043 19015 68278 47417 23783 78530 71785 77405 38686 31869 23716 24547 96047 66444 63703 45381 10049 74523 85081 52899 89261 67570 
37751 66315 20862 67921 25264 86248 8758 55638 17279 67152 74652 85557 14569 98434 80438 86353 92191 19123 34573 32258 60021 46972 98701 23723 92352 8750 98245 77433 78000 3857 45002 32102 70171 82215 16375 
11787 68462 41484 67424 85740 8635 58428 87648 39555 56861 68085 25908 65403 3559 76832 97660 79932 23803 12713 3654 16155 37814 1899 9939 32165 5755 71292 64266 92278 69858 96992 20416 38319 38475 4191 
40410 63462 62618 44410 3016 35831 28846 45275 1233 32405 22107 15245 12336 62261 27957 32341 94767 82122 50591 21057 14286 72698 92348 94903 64975 62205 91895 1742 16875 46721 5932 57285 10182 84902 1694 
29550 20732 30539 91176 38316 79295 29634 69912 7982 91895 97868 40323 86661 79989 90913 7718 10626 63610 16417 5529 44936 94974 97423 63029 11848 60495 85313 85484 87029 70214 3529 16578 7297 34068 7753 
61964 29714 53739 31876 54048 45633 46095 94370 48645 42436 1634 56362 53061 81596 89131 58589 42883 84104 72363 5912 12303 32858 91224 97787 19886 77789 1315 52815 85085 51734 76919 47048 81448 30657 95275 
35495 92641 41370 46216 41286 83805 64201 13999 36865 45796 3129 11806 5031 87232 520 10942 99535 49729 18517 13673 85966 96305 14987 38780 97741 66721 32051 44788 64520 62707 56415 16366 71700 97784 62581 
12985 81588 43133 26983 34804 5281 30112 62961 10311 33695 63481 37604 49581 13209 56120 79605 99175 68776 94592 54306 66516 77664 86356 27655 58535 65415 84069 74900 37114 98204 53832 66450 79791 96964 93432 
30947 2244 39895 10259 12554 89942 73739 66509 55874 3300 22628 35479 2474 7755 30070 56779 90622 24085 59487 18277 82619 24901 18697 57518 78366 16901 27701 44815 13043 24664 54598 60341 43260 94493 70600 
72165 84434 44338 38674 56659 47637 77653 92137 66462 1760 38558 39593 92381 62642 99079 10657 45260 40331 45706 19129 35048 62606 46829 79862 92000 87845 34459 52341 31104 45303 22940 19620 46088 83629 58293 
2747 47618 52298 94883 14079 54057 33441 53671 46437 12434 69101 73446 57694 25783 19151 93174 60830 98108 40003 57043 90107 44199 7854 58799 91654 53156 81738 11273 99244 65367 85918 18342 12984 38215 13224 
43414 92271 63016 13437 55059 75450 98889 28504 49495 24672 64006 42668 1853 62113 99022 58896 68572 43220 83101 27370 51225 36256 25460 62498 51851 7178 48415 70192 36513 2981 83416 79926 11603 62783 9714 
66661 38232 8603 11517 87726 49626 75522 46746 67830 53987 45767 43077 38910 5339 26177 82631 56563 62433 8090 35412 14283 31619 178 827 68131 3158 594 64409 14760 63376 90474 81421 17960 99076 92937 
22037 65053 84810 68782 32883 38796 30901 75959 77705 52591 2136 60336 25505 80920 84777 60917 11554 16396 61094 12380 878 64252 12973 65286 95363 92701 72112 76783 10660 71187 86071 32696 52592 70881 17830 
