18 71 9
60 8 91 59 75 74 66 1 76 58 87 25 21 24 83 20 50 92 28 53 19 40 29 54 90 1 91 38 18 14 27 29 73 17 88 48 42 5 100 17 62 87 94 34 62 28 54 11 19 81 15 89 73 43 42 62 43 85 51 13 50 77 41 74 94 28 21 87 85 73 4 
46 59 49 32 72 76 85 34 46 17 48 35 89 90 28 2 32 64 53 44 13 29 37 87 74 16 59 13 100 31 16 98 41 16 29 64 91 13 97 36 81 44 22 70 85 50 23 69 13 27 64 78 56 100 16 81 16 26 93 15 9 60 12 1 75 40 65 17 4 13 5 
85 57 78 6 93 27 80 61 92 7 25 21 14 24 88 94 91 65 39 6 73 98 69 26 25 61 90 93 16 2 49 100 10 27 57 3 5 37 15 48 43 39 20 56 15 7 1 5 72 39 62 96 89 83 21 65 43 62 9 58 16 58 10 77 36 66 79 92 54 46 40 
96 84 59 51 50 66 4 55 89 42 68 84 82 50 57 46 44 18 55 54 33 64 63 10 51 80 40 42 34 85 81 29 21 92 32 70 9 35 76 97 28 44 32 10 45 40 55 89 58 61 42 42 76 56 3 26 35 95 20 20 31 52 49 51 43 32 73 51 18 100 99 
45 95 83 54 40 22 61 80 79 73 73 73 49 28 75 26 14 21 45 34 52 49 34 54 91 65 78 94 82 78 92 78 72 74 32 63 96 44 42 26 16 14 50 16 93 77 42 7 97 38 40 100 86 25 54 29 89 31 22 22 60 13 99 32 39 82 94 86 25 88 63 
93 1 65 8 94 41 1 100 89 91 91 89 28 15 94 56 55 76 29 28 36 94 26 19 32 60 12 69 36 51 31 28 52 47 88 97 87 88 96 76 30 38 16 58 4 9 65 58 84 94 85 71 87 62 89 70 21 53 38 9 3 20 36 54 67 75 50 53 63 97 80 
44 86 95 53 89 55 18 46 39 11 82 9 49 44 50 18 16 2 55 24 4 26 12 10 92 86 11 97 100 60 28 44 45 23 96 86 29 65 83 67 75 65 28 75 60 29 92 27 30 46 3 85 72 14 46 15 51 9 63 51 68 91 46 64 65 93 49 93 10 84 12 
36 48 91 11 59 19 2 85 100 100 39 84 23 52 82 37 55 90 52 57 9 42 54 24 6 46 25 50 7 8 61 43 7 3 53 65 21 54 1 20 5 40 56 27 43 89 16 97 78 67 5 38 8 58 61 65 56 85 14 62 92 27 4 98 29 8 14 2 14 67 21 
18 58 28 45 100 16 12 49 45 78 5 82 37 63 95 53 18 79 18 31 71 44 35 20 25 94 86 26 7 52 98 25 9 78 21 60 45 32 60 90 61 65 23 49 27 17 1 96 48 18 26 70 14 12 41 90 6 26 15 12 77 64 88 85 41 8 97 86 91 56 27 
3 20 1 51 98 70 3 93 17 21 71 38 86 82 78 75 39 4 41 3 80 4 90 17 97 50 65 82 92 20 60 95 92 60 97 89 81 100 82 49 72 52 86 57 85 64 83 24 19 23 26 50 26 67 66 74 68 82 55 60 2 66 6 93 78 2 33 58 53 14 59 
24 17 44 80 54 59 62 77 77 36 54 27 14 72 44 87 40 26 94 51 79 59 8 23 88 61 55 98 14 21 56 37 37 51 17 42 10 30 70 86 66 23 64 79 47 8 17 38 85 10 40 63 69 47 85 8 7 39 5 20 59 60 57 48 11 25 89 72 54 59 57 
71 33 73 1 31 80 18 68 16 27 7 30 47 5 14 55 12 4 11 31 15 23 39 14 33 63 54 56 69 12 12 91 97 36 92 27 67 61 47 82 39 53 11 38 58 76 92 21 80 54 3 46 76 42 11 8 56 64 15 24 28 27 67 24 14 10 2 81 70 100 62 
60 5 73 97 14 100 88 34 31 42 36 76 69 29 86 29 85 2 43 60 29 21 26 4 35 35 57 15 4 57 76 64 61 100 60 74 100 100 59 82 93 94 58 61 75 95 89 59 48 84 18 76 4 44 31 38 78 88 52 34 44 80 49 56 79 60 29 30 11 39 12 
55 32 21 68 6 67 8 16 15 91 34 42 95 29 73 32 58 12 36 91 55 15 91 62 45 3 42 27 13 80 90 20 11 10 87 69 28 94 36 94 85 69 36 31 49 60 62 7 71 49 49 77 63 40 38 8 94 79 34 6 58 23 25 20 84 63 40 63 57 76 57 
93 96 44 23 45 55 36 3 25 85 51 53 99 42 90 58 35 20 43 93 77 17 17 48 100 32 88 15 88 15 71 32 62 66 6 6 20 93 8 96 29 59 48 28 52 89 85 87 8 28 79 36 96 47 83 48 78 22 62 17 36 84 48 98 49 5 55 20 98 15 15 
26 25 62 5 76 2 90 62 9 69 92 44 16 39 26 63 16 100 24 85 87 7 84 36 7 89 91 26 86 57 92 63 81 5 68 8 6 9 70 14 29 61 9 44 51 35 7 19 86 30 3 72 89 86 8 47 26 50 73 63 6 64 26 38 21 45 45 26 53 14 92 
33 27 100 76 29 86 82 47 71 64 1 43 4 87 2 50 64 51 74 27 8 90 52 45 10 96 89 35 100 55 26 32 33 78 7 61 63 41 60 34 56 60 28 11 98 29 60 62 31 86 88 90 75 91 34 36 38 74 22 37 80 48 68 12 77 26 25 39 18 36 72 
73 47 51 35 45 31 95 58 13 32 97 2 6 87 87 41 24 61 62 12 92 61 79 56 37 56 80 28 74 67 51 98 13 2 33 9 32 79 66 97 10 62 98 67 100 85 59 23 97 72 34 88 85 64 43 73 72 74 100 97 92 51 94 5 4 78 13 87 56 79 83 
