19 33 6
5 49 31 40 46 9 23 28 30 95 48 65 55 29 21 4 92 1 90 19 10 24 94 83 72 86 6 54 56 91 99 60 39 
30 99 36 38 73 63 19 68 62 83 22 42 3 26 33 56 67 3 17 43 97 100 14 34 57 67 89 47 18 48 37 99 98 
24 88 23 38 6 90 51 40 63 92 43 40 76 50 7 79 66 49 27 17 14 60 26 32 100 72 49 99 61 99 48 84 86 
70 74 91 11 24 31 26 16 25 65 91 26 71 69 43 71 47 60 36 6 37 68 57 60 68 7 20 67 55 56 4 76 29 
95 39 52 77 64 19 53 28 10 78 51 30 20 21 77 31 57 34 67 76 43 27 43 49 46 61 55 53 65 31 81 11 69 
85 39 32 3 91 11 64 68 61 46 87 82 74 18 90 59 84 65 1 62 59 2 60 20 56 12 36 86 45 46 6 29 84 
89 83 26 100 99 93 60 44 31 93 69 48 82 27 84 98 80 45 9 81 4 80 88 68 15 74 12 12 79 40 47 68 74 
72 19 72 16 78 67 46 23 35 46 4 14 81 54 45 25 62 77 81 41 64 100 7 37 11 70 68 2 16 87 75 39 57 
99 54 34 17 51 56 52 96 12 17 76 17 13 53 30 89 85 70 52 84 28 41 94 97 60 47 64 98 73 54 54 71 7 
87 88 9 95 91 5 58 59 32 74 71 36 3 59 20 24 62 55 3 2 100 99 61 46 14 58 19 67 11 41 25 50 28 
33 96 70 89 53 28 73 78 98 8 80 8 80 55 70 34 57 23 34 7 84 79 20 93 49 38 56 90 14 57 17 46 52 
87 87 56 66 11 33 16 18 64 23 97 70 44 31 26 67 16 32 50 94 3 94 43 40 49 32 53 57 100 50 8 38 88 
15 4 98 99 19 68 14 93 16 83 37 46 8 3 13 91 4 7 93 49 1 84 50 32 88 6 83 90 66 21 29 80 24 
27 31 94 46 44 38 61 27 74 59 34 28 71 77 83 29 21 32 29 5 81 12 44 86 95 33 3 67 62 35 42 40 65 
35 37 8 72 97 86 98 7 20 25 78 48 60 58 68 91 87 72 71 98 68 8 44 52 63 10 13 97 51 4 61 37 92 
20 61 89 6 58 47 77 34 76 24 93 34 91 35 20 15 57 69 82 17 65 33 79 26 98 75 77 53 35 65 45 54 25 
85 11 34 31 87 20 7 10 64 92 1 99 63 67 55 31 100 71 47 32 49 73 81 75 1 86 9 65 30 15 42 66 25 
27 48 64 98 6 73 62 97 25 60 59 91 66 42 42 89 88 26 37 60 6 64 12 91 24 77 72 38 70 89 15 48 37 
30 46 42 2 7 39 79 18 49 69 35 90 11 23 30 36 12 41 93 75 53 36 98 81 59 88 50 48 54 49 84 83 94 
