162 27 23
39636 8179 35277 85564 95628 54599 61027 26299 41207 9312 90842 12639 22041 9071 92826 20467 28105 75192 58128 96644 63574 53572 77764 99980 57348 52782 50055 
36513 57296 39481 53493 96931 64011 88769 98846 75991 59719 59872 2289 17277 85535 93130 29916 23927 18553 22741 60745 46657 14285 18872 59652 77858 88796 53767 
77837 62495 6549 44243 15360 63844 75 68852 77126 80438 73972 92323 56428 33691 52194 58716 50967 54080 68198 97234 94359 86750 36327 55103 49758 50611 90327 
25761 28468 79122 79527 22657 41616 2427 83251 56975 66270 83326 42178 59747 80115 16150 52069 36542 66192 20614 11609 33510 91046 79806 30744 85404 82907 67070 
40506 32664 17680 30832 58424 62499 26305 54303 85155 84273 56729 84758 57599 39351 68083 99777 99097 48197 32278 67518 1090 98469 4483 12698 31978 95528 8856 
62721 97283 91762 29790 54141 40778 63821 84972 15553 26320 27629 69855 27826 11901 26584 12583 85851 82286 97017 85627 81382 61565 34256 65251 62654 32724 86086 
91704 64702 81613 559 43774 95248 92320 89916 49388 49449 53736 50711 65002 96407 78339 51208 24233 6591 77791 53167 92442 76428 50184 94420 57810 11748 28676 
39412 90754 77751 25497 82457 42452 23462 83015 2578 18709 91686 92493 68096 41135 46228 18806 22488 58987 13497 73695 83219 20087 67838 36385 28880 44265 2920 
39652 18426 14668 68327 57838 21773 46077 99686 4229 4881 23147 87243 23810 41855 95280 16302 26302 36414 78881 61460 58901 37867 74956 48948 37437 11394 16785 
73822 56626 61049 76741 96277 79475 7760 80955 53664 29532 43383 53349 50112 48263 92848 37354 88424 51054 48986 4725 77356 85399 83606 38815 60652 37824 30122 
9599 75261 57867 42735 65434 14492 3783 58526 10768 99609 82638 8074 53272 12169 51457 6621 62281 16071 15820 15986 4495 66873 64971 9219 44228 66722 9176 
99394 43725 47000 45867 69675 38612 3734 12409 4045 18225 16191 62570 45345 32152 61559 53418 85423 73728 4874 8395 52360 20945 24214 84697 25439 91087 66020 
51009 51666 32741 60185 67412 92817 23536 13278 62491 62147 17011 91251 82543 51588 23793 61464 13284 55944 23023 66701 41367 13102 87927 66113 65461 25223 90327 
66509 67013 97765 32528 18021 49430 65268 94557 33193 74436 34444 46471 53278 12942 79833 44528 95484 31420 68321 73300 61055 40616 96322 27756 98334 25775 32034 
64447 91235 57256 71125 57743 24268 68889 90271 58640 34670 71890 53197 67863 62678 3992 14333 15955 16934 10517 60483 28769 41937 45155 2068 19343 2122 14741 
47098 456 40515 79131 64902 48101 52738 52378 5844 93357 21266 12466 51997 55935 707 21545 40149 63384 25536 70833 95691 42469 81350 72525 87590 39638 34031 
89657 58980 36152 4398 22430 52959 44912 17912 34212 93013 70650 86589 15208 64006 7854 44025 16002 80141 61083 53898 20289 40819 79434 7474 36509 38254 88823 
9033 25843 28460 59415 31852 3791 95566 36249 26220 48525 97512 44132 82736 90524 14781 85677 22083 95138 93530 66107 27492 90022 27190 81389 26663 84360 77174 
34136 20868 31780 22958 46252 57622 67769 22018 5825 71559 33935 42073 97779 98811 55937 58262 81547 46460 73042 83575 68543 84531 77104 51001 12022 67126 94542 
93411 93788 78901 70584 27923 16120 18715 67232 78723 76337 35000 740 98513 22910 34675 56938 37040 33485 12874 95301 31383 59333 84694 14957 44227 69225 8413 
11580 97598 91890 22473 91008 2029 17726 77944 46303 50197 96658 13534 28920 89346 64885 46011 87859 4146 97037 44796 41186 46874 57669 52838 94608 33353 37532 
25917 93932 23108 50681 21863 20705 42570 44335 11713 44598 62060 6008 90900 12257 19017 20785 57528 8363 2021 19890 12573 6166 16927 73720 47351 80152 47740 
189 74759 97444 54072 17027 7727 77179 67707 29589 97883 10276 73924 25947 71225 52335 48306 78476 64591 67323 99260 38470 92037 17632 58360 20961 23798 75286 
11032 87500 71789 58771 4040 46547 72566 58111 63574 80293 51641 47632 9881 65876 57908 156 8174 45484 52491 56480 23960 33433 40154 39571 71903 48542 57203 
46614 69502 81000 21899 80533 84851 10039 55655 88891 56585 28220 63353 36510 8512 14994 84142 34745 97221 58401 34900 5394 3884 3742 78225 44195 37175 18378 
83766 25429 83271 57320 72042 52772 54671 10292 49656 39521 20330 21662 44763 93266 49882 8116 46128 74745 39461 46621 25841 36681 5021 77093 42074 25256 80834 
36651 85803 34360 55028 85920 76140 38299 43239 64533 7422 97909 91176 73430 53781 11505 95091 98544 21123 61324 6659 67250 52421 62471 13870 78261 99151 35242 
55353 57576 76849 52539 94226 62651 3250 65606 48570 79390 20256 91808 43922 44029 6068 35098 17458 59849 62954 12549 74744 428 90224 81402 84029 42644 43872 
14250 20905 59374 49491 92609 16949 42692 61499 27527 5342 64749 93132 70264 44138 13387 78423 4411 57415 84491 55860 91225 60691 35166 20125 35434 35593 10348 
33187 19622 52992 93410 50223 90248 52783 16066 99208 86083 58757 60707 29961 80450 25455 23092 50713 85944 52830 29136 90354 26597 29978 62566 17821 7020 97731 
54297 42453 49675 64644 91991 85648 17635 1752 35871 24234 70886 51936 23442 56968 27044 84148 86929 7493 9602 26372 58206 11897 95554 3693 18602 22150 50022 
81167 56322 57041 95249 10618 15845 61276 91613 24187 46923 9248 25938 99145 49833 96823 67432 73274 70142 94475 73773 73422 1968 83374 99794 76525 11622 95347 
80217 30224 33848 46590 11390 6521 3630 22991 33490 35826 84266 25102 60012 47540 50701 85949 63037 534 82771 30468 90159 52912 41295 63932 26334 43262 63657 
42479 36138 75279 54177 32706 5502 4376 79295 33243 27248 82924 56233 60737 35101 40498 85838 95112 4390 36539 81060 67426 53424 80182 97893 43582 49445 39187 
7513 75778 98800 71170 34608 34937 46448 5136 67642 68301 9511 63288 1543 36758 62563 57776 13846 97663 14625 99684 92774 19014 52574 73833 86439 5997 70366 
84332 49578 19811 39870 73443 11940 38670 44612 46548 89958 7411 68035 73952 75711 77546 37239 93605 30655 99802 51380 44501 97464 66005 60536 90238 85018 13109 
80422 71457 35457 50788 72140 1386 70598 28361 91180 82537 83382 52143 45436 73340 59553 13471 47291 51615 7368 84529 45220 38022 84330 12951 98874 98146 95307 
75761 88383 80325 88869 85156 68133 40677 35943 56624 58415 22892 84984 49594 5429 68366 1737 50864 58057 77641 64334 5347 29256 71701 6227 90827 26075 6909 
20129 41300 5054 15436 17061 9788 12112 22281 94943 80244 62958 47238 53219 37724 70129 54554 87317 91909 39271 89053 42773 97327 66694 23458 19025 12301 11511 
41604 19479 53937 48512 39607 95236 69917 55042 12296 96056 67153 50929 7350 63748 13886 54587 16966 67961 24716 71520 55277 16624 10790 44330 75748 24469 27375 
15558 43493 39675 43420 1448 75505 97356 49959 15111 8943 36227 86505 37591 32282 70009 88519 39632 33757 18756 10570 67074 86716 51637 54945 58344 84613 82087 
2673 60360 6555 46399 92269 66399 2425 35688 67847 77929 49395 34157 93040 74690 70384 95896 12280 19017 65904 17150 75000 99660 52257 85570 83086 55324 37206 
38030 13667 21818 20116 16340 98530 26670 79090 90798 9421 81515 42838 77267 59443 8584 11423 68834 83273 98158 64729 11904 33527 46985 45405 8526 46644 97661 
94095 29729 52984 31301 84111 66651 69470 4226 99342 67999 47248 94783 58797 56668 76297 17986 33934 52092 26569 61708 20925 9842 76218 2006 38097 9744 48990 
83502 18269 11985 81162 28716 58066 50498 76368 42176 33500 45837 62753 49193 30188 10000 43975 5336 66667 20272 23321 16952 72363 49889 95012 9639 76082 71229 
27996 30531 97324 93337 14032 31944 5322 11545 77011 79739 62042 53378 38266 11893 15567 1018 61085 45754 11018 5060 51089 94036 25331 90761 10988 14045 57001 
5999 40035 49435 93579 68031 79965 7254 61367 93996 39197 83040 21892 16208 79130 286 85937 17395 12178 1503 34765 73263 47256 45782 94674 14696 39817 20004 
5456 67156 50400 62457 73154 90434 11891 83084 74816 8207 90337 36183 18554 29534 35574 40445 62093 14704 40730 48029 32098 52908 49532 66862 42522 13139 28995 
37195 27835 85164 73550 49642 52319 23949 28450 41825 30734 56692 24908 5550 64898 15245 58084 83451 61130 93657 23896 23222 8360 80977 87602 56810 50236 37133 
40023 92757 66624 69018 29951 10810 54181 19852 60451 6499 60152 88901 48323 7238 61944 89583 12787 26842 4827 87222 26644 82308 80878 66891 21881 5590 47868 
9482 62399 98103 62967 2421 7212 29590 87790 53514 40399 41970 73366 849 64821 49869 6101 29495 57106 84397 19077 69892 27590 23903 57113 54233 22562 54343 
37476 44442 59932 1695 53924 38682 16149 16890 41102 23360 46479 28892 93226 86877 87213 66591 4077 52033 16459 26530 81528 89917 27278 16956 76160 54867 57211 
33273 25451 79772 3967 62926 24214 63898 80972 78137 2579 97121 11378 60032 36832 57856 5275 30057 61084 92488 96647 81512 60872 29458 24393 58751 19374 51670 
75707 95533 22888 32917 45157 48339 29040 65475 27616 53253 45724 8588 47741 64654 22060 59118 24686 58891 33325 29960 88948 10760 38799 1946 8624 99671 47755 
49368 74773 83480 17390 50479 95365 40277 99747 56873 4967 28787 22348 32583 82039 68071 57522 46132 32725 79581 21601 73762 54823 71278 20073 43770 82037 58872 
45716 7012 74894 9822 56380 49666 93302 73769 16497 88666 30397 16243 45538 35364 45029 67885 67946 43420 52308 41819 89551 1384 21399 27503 75145 76221 98780 
95217 36343 97169 70440 98410 4180 45333 8231 76911 11351 1532 50679 27847 6549 81076 44089 52087 16439 5470 36323 736 48889 88630 42554 54791 90013 80304 
82293 81509 72876 97425 76726 9218 94593 63517 7627 98772 8850 32210 75683 36552 33741 42713 64398 40290 40140 24838 8728 72930 30307 45050 73665 95547 50032 
32570 66689 40044 29225 65334 37905 2101 62758 14630 11318 57350 78146 35297 72473 3347 67506 64507 39898 17598 7220 20647 57887 47359 45485 82966 20289 92143 
28016 10305 4042 78047 59227 70730 34442 88451 52415 72346 90551 15172 3327 18221 88873 97825 53517 77698 17523 37374 42204 73773 54971 49423 94419 29210 13134 
56255 12175 49774 48398 40190 76430 52439 34588 35656 39520 85382 24107 91935 57727 31009 23458 77406 49229 28683 75230 19097 6380 92752 72822 64935 66524 27793 
14358 77295 57002 43843 33549 69176 93616 98298 25718 86397 67088 76657 22053 6608 62038 62511 14894 19765 9871 54703 13522 75452 99737 88751 94548 6116 97854 
67370 87403 80730 11514 18112 58024 84867 61954 7924 54042 71921 6222 96111 58317 73309 72768 96721 96268 34805 59231 27513 70921 69102 82216 794 44553 81952 
89544 55452 4420 3750 39173 91822 831 67038 9933 75206 51904 88238 83129 22298 60158 5702 18408 34826 95363 7527 31547 91630 58684 7129 19143 45956 92582 
17710 46750 53486 99661 52645 25290 20432 72746 80814 28605 73576 47852 38537 48781 99755 43126 48262 22052 19635 70315 56812 54461 65677 80690 2359 57307 39373 
9487 92801 1681 18421 26862 48430 71906 42874 17426 13547 63306 90172 94361 91910 80099 42212 46799 45232 41966 89924 93493 80370 25911 63807 53533 80371 45836 
34222 99081 19494 89947 24919 12294 91627 43339 55507 56408 31597 98380 90185 45143 61685 80356 39503 69947 60455 98066 16745 5686 56384 23020 15530 36753 48930 
95688 6637 45652 41523 57210 44732 61016 47156 69651 89661 55134 29341 45167 27893 60937 43547 18078 22432 21583 14785 61934 91529 91591 76352 24625 13628 32735 
63997 45509 85839 29278 41197 92475 74930 99071 49684 36013 76439 13192 22015 66099 84677 51356 27618 12570 12292 87516 46999 34723 9098 78135 13009 16979 69726 
89360 57955 99705 38446 21951 45214 24284 67581 2762 33110 42510 1832 99145 94874 78270 28688 16889 60721 13365 68244 4690 42286 96887 92205 89284 31610 17654 
67418 60970 34632 53495 66681 8939 53200 5126 47241 14765 45761 14821 17526 95222 73682 35709 10718 68556 30331 39406 85444 91051 52770 70039 12092 11407 66925 
4296 690 14886 38301 84459 92207 72933 37954 58887 98223 7505 80364 45463 22269 42476 60284 39794 54049 33965 91854 64767 18872 22184 20524 20667 29586 89645 
90705 41677 1051 73982 45972 1740 88867 84273 86198 81074 73557 40503 56312 88131 48007 53028 33593 70275 95503 93876 26420 49552 44193 18274 30670 63064 40457 
51193 83 70043 57189 7139 11719 58239 81120 74043 76330 86339 74667 62527 83764 64575 19382 40075 52705 67388 9454 86297 54015 4957 96525 80434 70860 57069 
98707 17881 36484 55516 85425 36566 41910 42613 43705 53628 851 41176 44022 77180 27514 35040 56058 11277 15966 75439 67704 68670 59179 77157 71319 13193 98465 
84195 9978 85676 41263 25037 19908 94098 80552 5332 30664 22461 47944 90720 92440 65146 31895 52814 58677 75761 87853 14735 87037 20171 6525 71092 5192 65703 
64601 92862 95247 79417 77056 5225 65093 34670 30261 1352 28768 27164 6684 75783 65976 70979 82854 58415 36125 14748 27580 94801 90508 31785 25887 93897 51955 
32412 81340 57146 14466 62292 50008 26065 41709 43415 31289 23153 94437 77901 24504 23204 21416 31187 15338 87391 18518 98191 62157 54642 29290 89737 65794 19798 
21521 91681 30046 89827 40444 27737 46972 71261 90029 13331 97325 31737 73098 44965 54889 67534 22865 95744 90737 60632 26931 22426 64374 45448 20616 26531 16441 
49905 32619 98586 86054 70491 90266 32451 60317 47061 60188 23640 18322 66568 53323 15646 98304 26420 60611 69544 93953 99827 81639 1041 60459 8569 23466 24832 
70368 44081 67714 3160 10337 332 1746 96391 70822 8363 45193 47490 71776 5380 71130 90097 88299 24452 5742 2954 67223 82704 72497 61175 98883 70488 62215 
59341 79056 2032 524 65776 46112 84590 85287 72800 1273 87032 85542 88447 11747 30735 35936 83522 52466 23417 89970 40765 64220 12063 43718 31442 94767 32567 
92616 93649 3054 71182 69341 98461 73213 86216 80588 35676 87157 82227 8476 88430 85610 10369 76876 97356 41103 29163 97229 9921 68932 87198 67037 33151 99261 
27106 64593 94027 76024 73560 4027 95429 61094 89719 10242 34306 75934 90829 69982 63091 73055 94809 67872 75017 21529 44747 72372 78984 90261 69601 88904 59192 
73150 55940 92343 72410 99397 73287 82788 75421 63198 3166 70849 24291 92884 81090 58597 85170 88271 44930 48260 77677 56090 32483 52693 77618 93581 41417 56601 
83841 27369 61856 43033 518 34147 51727 72928 33544 41365 72067 25316 4562 75233 96164 45205 84468 93606 20153 69637 98228 65082 34248 75904 37523 66730 44949 
31492 60310 86365 4445 44151 13733 66300 3535 30602 447 71613 19881 50342 12977 91948 75657 33890 83532 88172 79094 67999 98129 99246 37636 96356 80679 71883 
88612 34553 54965 49912 66045 15274 36276 70489 59424 66360 36788 79310 13313 53586 50922 33194 3927 80250 41493 95935 14140 25024 459 93233 9374 98587 8831 
47009 94943 5861 35244 99906 40414 90208 49817 6458 21833 2444 76946 81257 85155 30085 76918 98467 23 27840 48012 3949 8089 89504 16236 38580 30879 16694 
48165 40253 15280 56995 3613 26574 62855 55208 42831 3268 61767 92647 26077 83600 11442 3022 81208 96596 49459 58125 11415 49481 2316 59426 69781 26757 65282 
2368 65336 12512 19061 13500 69116 50693 86846 72729 93618 66053 44288 36449 85672 6055 45447 11749 6006 73241 31122 87213 69836 80580 61689 97602 46412 64005 
73380 16193 7113 55013 18560 72448 67524 53973 2300 36640 4665 5497 25720 14634 71549 70007 51082 57221 92413 12881 68969 98418 86121 90 1982 72308 97022 
63671 86262 43433 27675 59641 75977 51139 14653 94537 23586 98528 64861 42237 35167 69525 64086 77238 84158 35634 47245 51592 9206 56009 80824 94526 70779 66944 
10968 72760 55603 7989 52782 41864 67773 96808 17856 43750 47946 32508 54638 87884 47388 19498 30120 82554 5374 94205 59792 89531 46191 23388 57474 55396 95748 
38297 49922 66526 21592 77241 55638 93547 85229 24771 35410 53001 21579 53266 13102 69524 2125 67739 57407 49512 87236 3879 48418 8961 14435 24561 14844 60625 
47948 72317 32373 60047 26966 98646 42925 64909 75886 14914 58455 77466 39684 10217 30466 61262 79834 59920 30786 81958 27658 4544 47822 31246 8422 12591 40206 
22857 37151 55049 99833 1450 43718 32205 61496 87035 47202 4420 51943 23087 35685 26750 552 75369 36966 47370 36630 33151 7289 83767 15108 51298 88311 79281 
98895 13084 91871 55453 52292 29021 26853 68477 46822 86922 681 8318 73956 64235 29089 42251 87321 64774 69000 4225 56494 22317 67946 93123 55467 91586 93242 
86926 42883 97904 82559 58130 27339 74429 13582 79631 19802 56786 48107 66623 43708 65139 91292 17663 29373 36733 76265 33046 17858 61616 53622 74351 83932 21567 
83825 55750 13152 77066 59028 72386 91321 41586 30515 18660 16014 60448 98290 52167 33586 62748 35142 77293 44238 42785 11307 73611 79517 87572 23008 13726 49187 
92981 88076 49471 14547 88253 21572 44050 65318 80599 16435 72991 22184 63302 91650 54550 40101 89939 23068 73686 69038 58209 50978 13275 17346 78637 3237 13214 
66208 26244 26940 31746 19224 31367 97568 50122 19619 19140 94171 1289 16090 26958 74279 54626 90259 65928 9175 30359 72218 32242 20397 41255 6803 71374 54529 
24148 50010 74118 37361 32569 361 80652 80667 35937 12019 94586 2410 31637 30077 12933 49277 46167 39890 23555 792 46500 5834 26318 93210 78051 74911 13606 
35657 81713 1332 6538 22212 67693 80655 75925 16614 97367 56576 13632 49655 68594 8217 52065 16583 38294 81349 82211 812 37590 22118 1603 84089 27951 44272 
93650 22354 19182 23608 58010 17247 41291 64547 39458 8983 61553 15382 41948 58920 88310 55579 8574 73255 80148 76990 89837 34793 58338 88400 35604 95927 10517 
53558 96367 38467 97829 6369 60820 17010 46328 35182 34256 87618 16080 90066 12952 77633 21799 54900 52904 10108 26830 77829 83363 6977 54819 89551 41769 29508 
77950 93724 25435 88466 47281 38153 43285 61461 44521 20456 94823 90848 71989 45430 94817 88069 35495 7769 82053 57294 79020 34956 83753 5849 29136 67115 29178 
83954 73018 87298 13462 67319 81022 55248 72137 44654 93400 15421 6115 54273 52228 937 61472 24217 62718 56289 28637 14565 80409 27041 88210 59428 78348 71962 
81628 7483 55429 27157 91437 28446 14455 21250 12116 95476 76497 84252 56481 69896 16024 62595 40520 68252 79883 1992 8820 42601 74632 53808 57165 55040 80848 
61726 30819 59195 33687 12446 66677 89115 39603 74465 33912 54057 95714 46028 65884 88562 46631 22364 74810 62655 1311 15329 47258 81193 17320 56077 40145 8303 
26236 13661 63342 7083 75386 94160 82629 25425 6606 49305 30891 62560 40122 64803 32968 52187 27182 98851 40749 90164 37566 15558 52818 38876 30886 16427 36421 
64558 72503 92917 72860 98738 6578 52554 22172 98315 46713 4800 23739 69670 70457 54630 32229 10578 35784 65196 79116 79317 80398 19864 69480 34316 51773 38650 
73191 82659 55076 9611 63568 27579 18880 52779 42668 25457 5332 81192 40123 68397 85991 63862 38066 72799 18491 86647 83376 70626 68194 78844 49942 48592 98707 
19421 82907 50480 58070 72449 49490 13146 98412 29409 57076 17291 82187 16095 42747 3871 97286 82869 72267 99629 63082 26684 72427 97924 13330 72155 68549 81524 
50998 18490 30115 66056 37911 29373 32887 12332 1821 98728 41829 16584 28136 98904 33874 26675 31351 92972 46897 44988 92193 19163 44616 55274 45846 33395 53198 
59176 21901 21746 57051 72898 56588 3517 55305 10850 32889 88192 23181 51061 86919 65010 67645 31407 80265 1518 74433 11615 10842 21329 56603 3034 40491 17570 
58307 2688 50964 27856 78215 89216 65954 35265 62113 22541 55133 33770 49742 88021 38313 72922 55434 41583 54283 23078 72989 50900 40947 47421 78866 51788 85101 
35468 54821 25591 69390 29480 44631 36705 73687 39197 25921 39640 90814 4385 78532 45946 38154 28273 50319 92818 17547 5752 34401 88181 45181 23741 39080 86127 
71162 17946 54267 56262 69765 9087 98205 55506 54918 59187 92211 28605 14735 18131 84596 5548 38867 63128 67846 93373 7752 18164 86190 25298 23915 20590 29831 
69095 44331 68910 71573 31844 3207 25839 4457 89324 51278 19013 44829 22547 94551 37039 51151 9286 71521 35747 31185 10388 15226 99030 20112 22977 17193 6301 
64627 57459 43243 10809 42905 87573 96070 30830 35768 99277 73020 56576 88600 24297 91941 33428 46844 86491 86819 14346 12128 74691 66444 43313 1430 98021 58694 
21541 37350 75887 27842 1976 49697 71084 29136 8954 75008 25205 39783 27127 24481 12802 83702 29432 53451 75642 79212 16646 78485 82382 30991 90612 57072 13787 
50276 58502 11807 8970 96394 49156 1208 24235 67483 50904 11670 96618 76209 3029 21823 32343 46507 62655 61497 30209 8439 14947 22202 4002 47944 17038 86383 
95286 7650 59806 9072 74277 34659 20879 83246 31053 86386 84453 71639 53869 51709 99661 50486 27917 2689 88660 76612 65548 67667 38108 12108 76105 69406 34309 
80106 17349 67699 82840 28986 91700 42645 38058 65976 77304 75288 49222 24708 61673 33674 96346 15541 1734 96006 82379 29651 15047 71038 22614 96946 38704 60721 
9053 31160 46478 59713 27617 80178 27411 10456 9163 19110 69453 47220 85086 63108 38859 50659 87815 532 84332 512 32424 86066 96518 14802 32068 27916 2192 
54681 24861 57247 31753 33913 88407 78230 9977 32375 74759 37388 42831 83921 56497 12283 47493 57934 91742 86351 8592 79556 3234 9276 80067 35658 11693 92936 
66811 60112 37203 85354 31144 78415 42601 62896 28679 47359 57477 38656 79733 32235 76043 22563 32507 48891 51197 79999 23177 42938 82702 48120 38845 2287 57395 
35264 37944 85439 28199 21107 45550 81754 6460 76693 60168 65412 55940 5199 12770 13416 43854 92503 62002 36248 31417 94509 1490 98966 90859 24666 58255 73560 
72786 13452 75847 46532 48715 30142 31971 93265 67600 77520 75018 90412 70565 51538 55823 26504 56736 84945 56272 16941 93799 18273 53188 41567 12781 54677 40532 
19992 95695 15139 93551 68480 44942 85749 31363 93656 32243 79685 3272 99842 73557 78290 90253 44121 46179 62428 70624 2914 47372 26895 19854 41170 61520 89393 
82736 90652 44069 39620 10643 39763 54758 4194 24594 99699 6294 72309 9706 38536 51993 12977 54730 25549 7618 44982 69669 53796 7409 56645 73061 71132 99891 
9266 12301 61410 15010 95037 52062 59079 34656 62704 15193 5765 83249 56139 21815 89543 28447 47872 44430 80439 60848 99159 5988 84818 60493 92008 54965 67901 
48652 28026 39033 48543 53643 67685 9952 68653 79073 78365 44083 30080 41069 75627 35844 40669 31765 74010 30211 76563 21881 90993 73354 99081 90151 79341 83898 
50643 87700 55214 34896 36352 83239 90280 1246 53234 57964 27549 38238 53389 5914 82320 83468 63334 74298 35664 4002 22415 9673 50565 98977 47906 41557 72330 
63338 48059 68022 63587 98702 55722 18800 49949 8425 18391 40228 26022 87976 14543 53570 26213 84283 59483 24884 67751 39168 99181 3414 43170 21595 29438 93734 
36924 93695 51642 25605 57032 99700 93627 20618 14753 65700 55770 64701 90476 90512 21280 16497 78487 52175 70066 4699 36457 45901 45934 4207 85068 45114 23972 
28237 83061 53410 38322 36336 47104 89963 61940 20488 6015 71918 57457 20767 37617 13226 1820 28092 3737 23099 44588 82223 91625 31006 3273 28082 76906 49206 
48640 78325 10672 72612 6562 10084 42373 61235 62771 89476 67550 24710 26315 73564 96628 83772 10682 50596 96997 12501 95040 17086 35600 55979 15660 27224 86984 
18933 71657 80241 84490 20297 58566 11513 9260 81479 21596 51632 42713 84366 57459 10262 25428 83774 177 38407 67545 10859 89002 80893 23359 84041 14330 75310 
40020 29990 18886 43355 65274 6894 23596 49763 43542 82161 77628 52801 63639 99223 20784 6351 99941 78243 32965 41720 78368 49493 80126 62264 76703 85479 59508 
62 69520 73838 91723 25891 3827 26960 69245 85452 33854 92840 35214 77395 91352 12841 46548 54990 28416 67331 77693 44708 61925 10657 86427 56644 76501 82904 
18907 53204 68382 78415 69617 54253 52252 61339 96495 72430 4651 65740 57881 54856 74931 9446 48602 66283 38639 95149 21272 83406 78832 98964 28113 57108 25972 
30891 13752 2473 30146 32658 55676 98527 27424 25292 69132 96027 2982 65626 84808 23984 31365 42688 78839 22648 68486 27441 5282 7124 38941 26553 90529 34124 
41869 34993 91232 84192 82235 4983 3016 12380 53992 75043 27258 97768 334 96389 93794 19668 62015 78602 43651 9731 37641 38842 32378 6126 82634 37659 29601 
37926 80564 20129 72050 38784 71473 79633 39327 53707 967 42343 66086 71310 17385 93344 69077 34071 89732 62871 70090 68098 41472 30092 77829 95464 68933 26558 
1590 67918 80569 31190 5844 77484 67671 94245 32619 39143 90229 71945 9202 91195 30639 75287 78856 48024 84982 47933 98446 74714 27155 68535 59163 68626 98626 
53343 64089 83911 79901 82030 51828 76821 29572 74023 70656 97242 68267 3274 52736 58495 91570 61937 66041 22209 37224 44897 86584 22205 9181 85029 13270 36335 
69915 88785 4960 68540 42127 85400 68802 38379 83782 20630 15199 13353 94652 85854 10594 79271 5479 79681 54117 97049 41618 20158 19257 78841 81406 5840 17397 
90586 7220 47019 26920 77134 35803 48231 62025 77929 49982 30827 16308 33763 67808 47858 63467 78811 50064 90412 58081 55542 70093 28550 68942 11710 65059 88198 
6902 46464 10389 24298 37049 33960 87668 80320 11093 23470 28550 73118 17751 94883 20296 50410 44998 88103 98267 8464 83265 64682 98876 57698 20224 85320 86247 
89165 97029 51305 93715 3930 97768 20455 44579 51168 54415 32247 47839 65507 72068 92740 54976 89818 87622 75271 40227 32619 79725 54846 57435 62990 19527 72662 
20687 56102 57981 6933 61619 71361 74589 71685 75290 88708 92139 36220 56227 62905 84818 4065 44764 56886 96804 99739 63055 777 91362 19634 49748 87438 74479 
7182 50427 10357 79843 87465 82811 54175 10749 44429 25535 85337 32465 17176 74044 24603 69747 46622 3860 54565 50686 48623 11450 63841 64713 74504 80970 72426 
10489 30717 59864 84967 54250 26642 11676 50444 14107 94486 4618 24855 55266 46504 26544 87730 80031 16939 28684 49777 63561 48895 4341 30598 97517 32142 10791 
62230 22998 91760 34655 33486 22476 10870 34805 76725 37512 46480 27168 51618 57317 48137 92824 28934 94640 19367 33015 74670 36306 78050 40798 16218 26945 45139 
46815 40813 77280 57605 19394 16629 49364 70401 50115 88191 81270 84919 81267 18781 47750 24786 86750 21418 72922 79574 66703 83913 15292 16069 74934 67949 94118 
15732 84166 37414 77222 47333 78227 70853 4937 97620 87482 70653 84372 53948 58843 65642 55218 56462 774 2967 81247 87524 40736 70521 83449 7438 70785 15092 
23506 45719 83041 33975 77802 83558 87741 71375 30890 65967 58579 35827 79938 46060 22831 64310 16359 98025 46303 71576 54486 47076 90894 35733 50951 31629 6253 
34399 55418 77037 49491 95275 39107 48883 45602 33260 32440 33342 20986 79682 15660 79565 31860 95597 41976 54690 76258 58335 52714 22560 29910 7200 85988 37156 
59284 36938 85136 65536 87689 40554 58924 53531 52180 14383 2413 97781 63994 51204 47474 84980 30885 63133 64544 79096 75082 6519 33785 67691 81205 2851 6603 
27467 10050 92590 64622 69333 45879 49757 51220 33567 6662 26495 87097 58842 57229 5861 72974 21223 73417 20448 22554 20653 99932 87097 99749 75013 9967 33533 
