99 71 18
48 77 99 88 53 73 98 47 2 23 99 23 64 71 51 2 84 45 16 32 60 49 92 40 6 15 41 5 14 12 13 13 40 63 53 44 35 50 90 88 24 40 10 87 10 13 41 93 57 8 76 69 56 68 8 14 82 49 18 47 12 82 60 51 44 12 94 30 13 35 18 
36 74 79 75 83 91 15 75 100 74 3 68 30 70 75 43 51 75 12 98 86 46 9 88 89 20 33 19 84 67 88 19 40 66 45 22 9 59 49 60 85 51 27 14 20 53 8 22 28 71 71 13 16 79 53 57 50 85 75 33 52 14 4 91 31 48 65 91 59 13 50 
43 15 28 8 34 81 67 7 60 37 78 24 5 8 76 61 58 61 87 42 64 100 97 54 30 45 18 21 55 82 22 49 96 50 8 81 82 74 88 93 62 17 16 66 24 44 26 33 56 12 75 19 63 71 24 93 67 94 65 73 75 38 21 71 87 28 3 20 53 90 12 
15 58 80 80 82 23 6 66 30 69 40 100 32 63 23 76 29 16 92 2 43 29 74 65 68 54 67 87 6 57 99 20 66 30 52 47 52 9 13 33 77 4 32 60 66 6 35 47 74 78 100 16 7 25 80 74 78 46 12 36 54 62 7 20 91 58 18 94 66 82 26 
95 38 9 54 3 15 41 1 88 18 52 55 76 77 86 1 6 83 13 41 89 74 48 60 65 5 77 10 23 11 36 17 48 44 22 2 10 62 55 49 32 6 3 7 82 40 8 40 23 72 80 11 45 27 70 61 84 98 71 58 8 58 26 7 53 47 9 63 61 63 11 
44 20 66 50 54 5 9 93 79 80 72 89 77 51 10 89 86 60 11 43 19 68 68 26 73 66 86 35 78 100 97 21 19 14 23 24 19 83 16 49 63 40 38 91 90 99 79 27 58 90 69 77 9 88 54 81 5 91 67 83 90 16 55 60 29 77 84 99 60 51 48 
74 90 37 64 31 35 94 57 45 35 77 73 44 64 26 76 69 16 95 3 57 62 57 68 90 86 3 41 97 54 40 70 43 76 85 74 62 78 82 6 65 59 30 8 74 7 35 94 74 81 96 30 42 5 50 84 42 52 76 38 5 15 59 100 90 43 25 3 72 6 61 
36 16 90 95 90 97 82 83 70 62 31 52 56 87 1 39 28 52 14 65 9 80 23 8 21 17 32 23 88 89 83 76 5 25 70 94 73 3 28 42 65 10 45 72 96 45 10 23 49 75 87 57 6 61 64 26 77 47 48 17 35 83 44 39 59 65 84 31 68 64 72 
32 73 17 55 69 13 64 91 61 90 30 17 95 42 32 72 71 78 71 39 13 53 82 3 11 46 39 93 13 2 65 96 26 33 50 94 97 65 37 58 6 18 26 52 59 58 23 81 87 46 19 51 98 52 6 61 50 44 5 14 45 21 62 70 53 11 16 2 28 4 59 
85 21 36 89 31 45 63 64 32 8 34 34 58 86 39 70 35 82 74 48 78 95 9 100 99 72 67 100 51 70 10 35 42 46 75 24 90 38 87 73 45 21 59 2 6 97 71 92 31 45 91 8 91 100 59 89 23 25 89 73 46 98 59 87 43 34 11 85 23 97 9 
67 17 67 21 74 64 91 65 94 87 8 53 77 7 12 66 81 88 54 53 34 3 63 72 46 48 82 82 70 31 42 89 99 9 9 73 24 99 89 69 38 96 73 14 54 36 31 34 24 36 38 9 39 53 80 84 52 62 17 22 92 58 10 90 18 70 14 41 20 55 61 
57 2 34 23 56 69 53 41 92 89 79 52 27 83 32 62 34 45 30 55 88 87 16 29 5 37 43 97 57 49 58 13 50 91 35 5 59 40 98 3 28 76 6 6 58 37 19 43 33 48 50 20 34 17 49 90 54 43 87 10 91 44 74 40 34 9 97 44 100 94 98 
79 21 4 84 30 92 2 72 25 1 21 44 34 38 44 24 43 86 62 52 28 5 25 20 90 85 68 85 84 61 35 62 33 38 97 62 81 50 85 5 50 58 1 36 47 44 11 89 82 72 40 9 28 16 28 17 53 95 53 36 7 87 50 91 76 46 4 57 48 89 13 
97 98 13 32 44 9 42 32 90 65 23 50 92 90 30 8 42 76 61 30 35 99 79 25 75 76 29 83 23 69 95 72 66 8 55 61 68 97 92 57 61 66 58 53 55 87 12 49 63 24 78 97 23 56 73 49 83 1 31 58 21 25 81 38 84 35 98 51 83 41 59 
96 6 17 48 13 55 11 61 69 87 38 17 9 45 90 9 79 42 39 36 63 15 16 100 99 3 50 1 85 90 60 80 96 28 79 60 34 90 72 3 76 9 71 36 5 12 44 83 54 34 71 68 48 38 19 46 40 68 99 25 10 10 56 57 89 35 16 22 24 87 76 
51 47 47 38 51 58 81 85 63 66 7 82 13 45 1 11 36 20 9 12 29 18 68 85 6 2 52 79 77 38 55 79 84 53 16 86 62 48 23 25 13 29 6 25 25 58 87 61 30 47 24 58 16 91 95 73 44 46 52 72 84 58 50 19 10 17 57 71 64 79 47 
76 59 5 53 84 62 39 96 91 38 19 1 53 62 95 26 57 92 29 29 27 86 30 46 47 47 54 69 10 32 16 38 90 72 90 25 33 80 20 76 17 91 76 22 52 22 47 60 13 27 88 40 12 70 37 10 16 90 30 77 73 97 14 14 68 3 39 1 35 10 28 
51 100 3 72 3 24 70 63 88 96 2 27 59 23 63 20 38 4 50 15 76 46 80 90 14 83 80 66 69 89 45 19 41 47 43 95 22 64 57 61 12 11 88 22 33 2 94 23 6 43 89 33 40 68 22 5 2 53 22 70 42 66 41 34 64 83 28 85 98 37 46 
61 47 85 83 31 86 76 5 43 70 93 76 9 61 49 66 14 2 87 84 95 5 24 28 68 58 55 53 55 91 50 16 89 86 50 72 23 25 76 66 46 21 93 6 33 93 71 46 94 10 29 40 14 52 67 81 9 74 85 16 16 86 83 57 71 32 28 46 8 55 63 
53 27 55 58 59 47 81 5 93 90 85 32 55 37 51 35 97 24 72 64 91 57 46 47 80 77 26 25 84 33 87 88 59 93 46 18 91 78 74 83 19 58 67 73 46 17 7 95 92 78 58 82 87 4 29 66 80 54 42 16 86 28 3 97 20 100 14 62 77 39 97 
95 96 63 67 94 31 26 88 22 55 45 3 41 48 83 58 80 89 99 95 26 26 49 22 97 49 35 11 25 25 7 20 21 69 38 66 99 63 53 72 18 49 74 10 49 9 68 28 97 66 74 22 44 22 44 92 22 30 2 47 55 8 18 27 28 7 92 26 70 96 49 
39 44 23 48 92 83 67 71 79 85 96 100 80 70 95 71 91 25 25 89 31 32 58 57 60 65 100 37 34 95 86 24 38 60 23 82 94 42 4 72 26 100 23 5 21 18 75 11 94 51 52 24 83 9 32 94 73 31 82 58 77 19 33 66 30 56 99 23 97 3 46 
74 54 69 78 74 38 4 36 83 55 87 58 89 96 89 34 20 71 15 78 99 86 10 64 15 17 63 90 13 17 35 86 70 55 15 43 92 19 78 26 25 17 83 13 12 23 46 83 45 12 60 43 97 22 59 64 38 21 53 3 89 39 40 58 94 55 52 37 25 81 63 
49 97 45 13 60 20 58 43 64 21 2 59 18 75 17 81 65 89 85 67 77 23 6 34 68 12 85 5 36 65 67 36 62 63 48 73 82 57 15 46 78 17 4 47 43 72 79 7 60 63 73 36 37 31 21 5 42 5 9 30 21 27 17 34 89 65 7 71 73 21 68 
2 89 23 48 84 94 26 90 53 40 15 40 29 45 60 85 38 16 45 19 36 71 36 22 59 52 80 81 24 52 48 26 93 70 25 76 15 3 65 67 42 79 58 22 23 17 6 13 32 50 31 20 20 18 93 31 69 72 11 45 75 11 70 67 32 94 42 47 96 7 65 
90 37 23 63 12 91 69 24 75 70 6 94 42 24 38 72 44 61 34 88 35 96 9 2 28 55 43 26 50 1 42 91 38 16 6 49 7 74 24 81 95 29 26 88 4 15 59 48 75 45 87 9 40 96 62 19 50 57 96 51 57 38 94 46 53 99 46 11 24 69 91 
18 50 68 6 53 82 16 52 56 12 39 17 4 34 78 22 35 34 18 85 43 7 78 40 59 76 86 70 99 54 12 69 3 32 74 8 13 41 59 21 5 49 89 8 82 18 81 16 52 50 53 46 56 30 85 15 58 70 36 56 76 99 76 78 30 49 37 95 42 96 67 
46 44 7 53 78 24 85 45 75 35 97 72 90 79 9 56 36 78 43 43 5 42 19 35 23 19 71 69 60 66 35 57 62 41 61 91 65 46 35 91 80 32 15 21 62 23 77 97 52 19 39 57 12 57 91 35 28 61 3 87 79 90 96 92 82 56 82 98 1 16 41 
32 99 55 53 60 77 29 8 80 99 99 36 11 7 78 45 34 39 99 21 69 88 16 60 22 23 93 19 24 8 59 7 59 13 59 70 41 39 78 21 38 76 8 100 82 86 44 16 76 94 88 44 34 55 55 55 77 47 73 52 6 32 59 64 96 69 86 37 8 63 9 
97 90 16 96 23 53 91 90 28 36 29 23 69 83 77 23 12 75 96 15 81 79 25 96 74 94 33 62 53 47 70 1 36 38 96 11 90 38 52 18 73 81 92 42 15 69 64 26 95 11 41 27 89 65 75 63 10 7 76 62 54 46 62 41 35 9 51 24 98 55 93 
23 35 85 64 49 5 79 27 51 42 19 78 30 35 52 44 45 58 20 58 11 17 72 4 51 32 6 26 30 60 71 52 94 55 67 95 11 45 21 61 86 39 38 68 25 41 63 69 99 82 79 61 50 50 16 52 81 22 78 10 81 48 13 75 54 79 69 64 76 41 76 
13 31 66 80 55 6 95 76 56 28 54 69 78 3 84 29 35 5 58 97 38 5 9 12 58 40 32 73 15 24 1 27 6 66 59 60 23 53 87 31 80 40 99 9 94 34 38 81 91 95 77 28 52 37 91 61 76 74 86 90 49 86 69 54 3 27 65 25 31 52 55 
10 43 5 19 89 91 8 69 81 54 97 60 5 33 2 18 9 27 3 98 75 88 66 28 42 44 92 66 74 95 73 36 38 77 6 26 19 13 46 99 18 42 10 75 26 11 92 34 37 94 84 63 33 1 90 74 45 34 91 70 28 63 5 17 92 10 42 10 74 39 61 
92 80 22 18 58 85 9 91 21 54 74 36 86 27 25 11 23 10 1 92 38 16 49 54 7 10 48 68 84 86 80 27 18 2 44 75 86 4 17 58 57 43 93 42 69 70 4 91 79 4 34 68 19 82 22 77 92 21 97 27 58 76 5 27 77 100 53 14 3 70 72 
11 64 64 4 84 33 7 74 64 62 59 31 33 41 4 9 84 24 57 62 82 33 66 60 61 17 13 75 71 34 46 81 49 61 84 32 46 90 57 9 3 15 39 35 7 43 96 42 18 52 3 51 36 20 11 97 36 75 23 58 8 68 38 56 80 73 87 25 14 43 85 
17 9 24 51 16 18 46 57 35 50 12 86 85 31 96 81 19 70 3 28 29 22 66 36 54 38 74 30 4 68 15 20 76 90 22 43 7 68 52 41 17 63 78 53 45 25 34 15 46 88 43 74 62 60 61 67 49 86 96 52 53 10 71 81 99 93 75 57 12 26 98 
80 40 27 32 37 52 17 51 97 57 45 23 18 4 83 36 53 21 31 56 73 93 27 5 43 71 32 100 34 9 49 13 1 75 96 37 26 13 39 23 69 84 45 38 87 79 73 91 99 55 47 24 47 25 80 90 47 11 89 80 72 89 44 72 63 39 8 89 51 46 63 
71 29 59 60 68 89 32 58 40 39 56 63 37 80 94 26 78 57 66 57 28 54 100 99 17 39 58 57 41 3 71 12 84 81 71 3 69 55 12 8 45 68 22 81 99 68 7 77 24 24 85 3 78 85 53 46 75 10 54 15 64 24 78 99 4 1 1 24 55 65 84 
99 32 57 31 82 24 37 10 99 13 47 1 90 31 5 87 57 66 40 23 30 15 1 80 70 53 33 45 7 97 28 57 80 85 39 13 60 76 23 59 88 69 11 29 51 68 15 59 33 6 81 14 72 33 94 41 85 26 85 43 74 65 51 53 49 90 65 60 17 39 70 
4 7 33 84 9 100 50 67 32 55 100 46 78 32 91 18 17 68 54 11 41 18 62 45 18 51 9 78 67 48 99 22 6 31 57 67 30 6 33 14 12 84 59 89 16 1 58 84 68 11 94 8 29 55 52 98 57 12 75 75 11 74 48 69 56 4 35 86 9 19 99 
20 3 9 60 18 9 17 53 76 28 46 35 8 1 38 5 9 49 32 84 12 57 31 80 12 35 14 49 95 32 47 67 86 7 26 55 15 95 7 42 74 53 28 81 5 65 37 65 66 20 48 77 28 31 56 40 17 21 40 11 4 87 29 90 93 55 96 60 1 3 1 
74 7 29 6 63 45 94 27 10 14 75 38 93 57 45 84 73 65 24 35 21 62 64 10 6 70 57 65 70 59 18 95 17 98 100 79 42 93 6 4 58 32 41 3 88 38 86 12 2 9 46 22 70 61 83 76 30 40 92 51 50 9 45 67 58 44 45 100 89 50 55 
98 81 47 100 20 84 86 31 38 46 29 59 68 89 94 95 71 85 86 21 34 47 66 52 4 61 97 55 1 98 61 51 31 8 2 2 91 87 33 80 85 13 39 52 53 84 98 23 68 83 96 53 81 13 5 37 73 53 43 26 50 4 76 80 11 77 82 53 16 66 33 
52 30 23 55 82 6 52 57 25 34 52 29 67 64 33 3 88 85 45 13 87 48 40 18 10 69 51 15 84 16 47 87 97 21 41 31 78 92 87 54 77 90 82 43 5 15 45 44 51 42 57 37 41 48 55 51 16 5 65 51 73 63 89 21 35 29 51 12 20 89 17 
97 30 98 91 34 64 88 78 15 29 86 51 69 85 57 71 1 62 87 3 86 1 92 6 35 20 9 98 92 97 14 40 27 64 30 12 27 17 89 41 97 26 44 66 11 100 88 63 13 75 17 98 75 60 56 62 32 64 11 23 60 77 14 38 40 43 50 66 12 90 7 
8 68 2 25 78 1 65 92 14 39 8 63 65 68 70 26 99 33 89 73 45 65 86 82 4 80 83 69 91 73 27 51 92 28 27 69 81 91 12 94 81 71 8 46 38 78 23 88 10 11 60 6 27 97 88 30 77 22 51 19 94 77 21 37 57 48 57 37 90 68 82 
71 39 89 68 28 18 42 16 80 53 27 85 79 76 24 61 4 46 11 22 91 39 95 28 95 42 84 31 83 4 12 5 42 53 72 21 22 14 88 53 18 67 38 48 42 13 8 45 58 70 18 1 9 12 28 3 5 63 86 88 66 49 92 59 53 16 80 75 81 19 27 
98 85 16 97 26 29 57 22 38 26 40 38 86 3 17 41 8 32 26 47 49 74 38 8 79 5 39 53 85 57 31 82 42 99 31 19 27 87 93 16 64 32 6 50 86 22 90 93 53 67 39 54 92 29 61 70 33 51 74 18 59 5 51 52 3 81 71 81 19 15 48 
83 98 53 84 83 27 25 76 31 91 14 84 82 94 44 52 27 46 25 96 5 81 46 56 35 79 78 67 49 92 15 83 41 67 66 24 93 90 99 24 32 64 7 66 58 3 17 36 48 93 31 4 74 28 12 60 58 41 27 7 85 41 89 25 7 7 48 52 48 46 75 
32 62 33 97 71 35 13 6 35 57 88 90 82 67 1 42 77 42 68 35 26 60 75 2 18 81 50 69 81 47 95 12 8 28 8 30 14 72 35 100 28 74 90 62 93 42 3 69 83 22 55 60 81 29 62 98 10 63 19 42 9 13 53 69 92 60 98 6 31 85 5 
10 58 46 71 2 88 25 22 22 98 76 34 30 5 47 28 66 9 98 7 17 10 11 85 2 70 35 59 52 19 15 13 28 61 36 30 100 60 3 21 58 31 54 39 87 52 18 52 60 15 10 29 25 20 65 78 41 99 36 44 17 50 56 45 62 91 26 61 51 28 82 
60 58 87 98 44 39 16 47 50 82 8 78 58 79 43 35 71 41 22 14 10 24 70 54 85 60 31 98 62 10 79 73 20 17 23 15 7 90 62 57 71 21 86 29 52 28 63 22 21 37 36 30 60 5 35 96 16 17 93 78 26 23 2 45 40 24 60 98 13 73 54 
84 45 92 12 96 19 26 18 91 62 53 72 73 9 58 69 24 74 61 1 52 84 55 96 75 78 7 72 91 79 78 26 24 69 37 19 39 14 88 30 76 40 53 48 48 11 68 24 36 81 76 87 64 30 83 90 8 89 13 98 20 42 23 95 62 11 65 1 24 53 82 
51 44 86 51 92 96 18 15 32 98 42 70 13 72 52 54 79 93 67 28 64 8 2 58 22 12 22 22 87 74 55 90 18 40 40 61 88 9 27 19 7 68 40 71 39 92 25 17 36 43 96 99 2 97 56 23 60 29 44 47 3 50 88 72 90 27 84 77 35 10 47 
93 29 86 16 68 29 40 36 16 82 84 14 35 80 21 58 40 50 1 38 4 3 25 75 92 3 58 20 89 19 18 82 47 55 97 66 84 88 54 99 21 37 65 55 68 85 12 59 86 65 96 89 67 72 15 10 74 24 81 15 42 98 96 41 4 44 58 87 83 11 38 
3 99 54 9 67 90 73 25 76 37 73 16 55 44 31 16 70 6 96 36 100 45 31 40 48 26 97 87 8 60 76 62 58 29 22 24 18 94 1 45 82 73 61 36 68 43 3 89 48 98 24 47 94 6 38 42 83 35 80 42 94 55 55 3 83 77 79 52 70 79 97 
4 3 57 91 22 99 94 63 98 43 86 97 37 44 34 30 26 20 61 20 65 15 74 20 49 50 98 100 72 28 96 75 30 52 17 3 2 10 65 52 5 3 100 93 46 33 22 23 5 34 94 21 48 68 40 96 69 37 95 40 64 43 66 45 46 83 48 48 44 12 51 
48 14 50 40 11 34 13 86 90 46 79 11 45 46 50 92 15 87 87 6 2 81 24 47 26 58 94 25 1 5 75 1 71 76 92 81 10 57 18 99 54 97 9 99 42 11 90 8 97 28 66 50 8 89 96 86 46 41 10 98 46 85 50 68 12 94 100 21 2 18 72 
55 14 32 5 7 42 47 67 90 26 32 40 86 72 87 71 17 28 80 66 25 16 68 92 28 13 91 100 14 60 23 20 73 55 25 32 48 23 98 90 48 29 81 85 100 67 7 68 94 87 85 70 54 52 61 33 64 4 85 29 63 7 49 88 13 25 19 61 47 16 50 
46 96 30 31 47 48 37 66 94 75 50 63 81 54 76 65 69 31 49 98 45 56 46 32 68 70 2 28 16 69 29 13 16 10 95 62 10 84 27 3 10 29 17 90 82 44 55 50 74 3 47 71 10 92 2 78 13 56 57 28 76 86 93 92 47 87 53 56 70 32 10 
80 60 27 21 41 70 27 42 96 30 89 66 39 32 19 68 45 74 25 24 2 62 16 93 8 3 97 16 24 28 77 55 39 3 76 31 25 2 73 72 83 61 37 74 44 55 41 88 81 17 12 82 78 79 26 38 33 22 5 57 50 81 11 40 36 38 71 12 92 43 83 
26 55 19 99 98 25 92 38 57 60 1 90 90 79 15 27 12 37 83 20 38 63 82 77 50 20 47 61 63 41 95 88 47 65 39 45 90 82 34 98 41 34 88 30 12 2 8 23 90 90 94 27 5 76 56 6 95 54 19 57 95 13 96 41 78 34 37 67 67 70 16 
8 3 3 89 67 57 97 41 46 38 35 73 94 10 80 100 4 33 18 12 27 30 59 20 7 93 8 25 59 30 41 18 32 95 7 98 51 55 91 97 44 25 21 38 34 100 37 89 32 54 100 11 35 58 82 94 2 89 18 13 18 10 82 2 57 40 51 7 94 41 3 
38 65 75 27 98 74 63 86 58 68 37 20 2 47 1 47 100 41 17 64 11 26 46 12 82 37 14 41 31 7 95 20 71 70 46 21 95 60 58 52 27 47 71 80 93 23 27 44 64 43 8 26 20 5 89 54 41 2 94 23 8 88 94 31 9 91 3 4 50 60 7 
28 6 30 60 50 52 38 46 67 32 53 92 3 9 32 56 1 34 1 24 93 41 69 75 49 60 77 4 61 37 11 41 94 40 100 44 43 89 89 62 20 93 5 22 53 37 30 53 70 82 76 14 22 45 89 23 56 65 26 16 53 88 56 47 79 7 42 74 95 82 35 
66 26 39 40 78 75 69 30 96 50 58 10 24 54 98 46 9 14 23 76 67 11 84 65 41 42 6 14 37 87 48 54 64 87 93 41 13 13 22 9 15 31 70 38 84 19 35 44 32 57 72 50 19 55 14 60 96 19 25 84 57 73 38 20 11 82 12 75 47 86 83 
61 16 52 98 100 70 84 95 54 40 66 3 59 72 69 70 20 39 94 3 96 18 92 67 80 26 31 55 72 16 37 32 31 41 81 82 62 64 77 67 55 94 22 65 66 90 34 85 28 80 39 75 97 31 42 29 8 24 83 79 39 19 62 21 11 42 3 73 57 31 39 
63 24 60 28 41 1 13 25 29 92 16 3 41 46 96 69 5 19 51 83 9 21 44 30 32 37 84 56 45 14 46 7 89 6 34 30 6 47 6 86 90 21 89 82 18 84 50 22 55 52 4 63 73 99 92 56 87 75 11 31 40 8 90 29 13 75 58 71 21 63 56 
63 36 96 44 53 32 46 27 86 97 82 48 21 81 92 28 19 66 90 50 6 98 91 34 62 65 43 32 38 5 40 100 92 87 95 97 18 40 23 3 89 4 3 61 36 94 89 55 11 30 56 16 27 46 1 89 62 43 72 99 100 63 98 43 50 45 39 19 36 61 74 
24 65 76 37 52 21 25 58 31 54 13 99 33 10 99 21 72 94 92 70 45 55 20 87 56 64 26 74 99 86 47 75 2 74 11 54 94 87 11 25 92 76 23 24 37 73 96 60 66 40 82 10 46 1 97 1 16 74 26 66 59 73 92 61 98 54 66 92 92 28 68 
84 55 42 59 44 14 7 3 32 46 84 93 91 36 41 91 3 14 68 21 25 92 12 85 90 18 2 33 9 81 52 44 36 93 55 31 58 61 33 41 58 17 34 48 4 74 90 7 40 57 79 64 49 42 100 90 59 53 22 20 33 73 63 20 17 69 50 26 29 83 67 
86 51 100 85 6 25 26 12 64 83 42 79 83 84 78 24 42 30 45 61 15 69 76 34 37 44 36 62 25 70 28 62 72 27 99 77 4 24 41 19 58 82 98 40 65 27 63 59 9 59 71 23 79 46 8 15 42 95 77 18 64 56 79 35 35 77 64 38 1 4 56 
58 85 5 50 2 84 64 60 92 23 30 66 53 28 73 68 69 68 96 86 83 51 16 70 85 45 33 74 97 88 82 6 72 86 55 25 69 71 84 12 45 66 77 97 93 2 64 13 21 11 50 3 62 65 24 98 61 56 72 57 43 53 63 67 38 17 43 59 39 79 22 
83 44 99 80 88 100 95 52 72 6 1 74 19 17 98 16 78 5 87 86 100 39 48 18 29 17 60 39 55 38 60 38 33 10 17 20 61 63 71 32 68 23 6 86 92 55 2 21 11 40 6 10 79 54 79 7 70 39 45 76 28 56 13 61 66 81 80 26 44 3 58 
11 77 15 49 68 69 2 88 31 41 46 93 19 99 71 77 20 61 73 95 89 29 60 49 94 40 80 19 83 34 28 46 11 42 46 30 62 47 18 93 87 15 37 58 13 7 34 84 68 59 78 8 87 37 8 32 29 87 2 11 73 30 8 83 23 53 12 85 99 81 29 
38 95 65 95 59 71 80 42 90 90 72 49 28 60 56 59 88 95 13 51 67 42 10 1 16 63 64 100 13 97 28 50 43 44 96 2 15 28 95 56 17 18 57 45 30 12 55 17 58 67 19 24 60 29 76 76 91 40 27 55 88 55 57 30 98 52 83 64 31 30 72 
100 99 28 44 28 91 50 45 49 69 15 24 28 43 100 55 85 91 82 40 30 88 96 59 37 99 94 53 82 23 76 81 21 55 76 49 45 25 45 93 93 59 69 73 54 68 79 38 10 60 29 39 99 76 49 88 75 42 92 8 16 67 88 89 21 63 89 17 39 33 62 
32 43 30 56 96 49 34 34 58 46 62 48 96 38 96 83 64 90 74 23 5 92 10 93 64 24 81 81 62 65 94 45 60 23 100 55 71 86 40 80 31 54 27 26 43 74 61 58 63 86 80 68 78 41 12 93 64 45 25 77 61 18 74 20 40 25 75 62 10 66 41 
92 19 19 70 61 93 30 18 55 15 49 74 44 89 86 37 52 82 61 81 42 79 54 14 70 30 88 84 40 5 24 83 24 95 52 36 87 81 54 93 48 2 67 91 91 4 79 94 37 40 26 78 70 31 91 91 61 30 74 52 87 50 34 10 44 86 45 82 18 50 26 
65 4 44 56 46 99 34 91 35 25 17 65 46 99 7 89 59 89 62 62 75 63 96 84 58 33 80 39 50 30 17 67 33 60 22 78 59 7 20 45 84 36 9 81 35 16 69 45 4 83 7 78 45 54 13 3 86 92 93 87 21 61 53 5 21 26 34 31 85 54 75 
68 41 84 100 27 51 69 72 6 3 30 83 47 83 95 1 20 86 46 6 59 6 11 15 78 36 49 60 20 54 35 39 94 70 39 21 72 59 44 77 13 73 59 11 7 5 12 78 42 9 83 52 66 45 67 96 81 67 55 52 72 41 91 65 62 81 37 33 91 32 9 
3 56 19 13 62 75 76 91 69 36 74 20 2 18 38 49 50 56 3 2 27 96 44 44 57 24 32 42 14 64 2 68 19 21 80 33 47 8 23 15 43 48 87 44 18 24 44 67 80 47 20 58 42 63 1 50 86 33 91 51 48 93 18 66 65 50 50 11 57 25 78 
99 72 64 95 89 39 38 8 18 36 27 76 29 90 28 79 27 12 69 30 59 13 47 25 77 48 26 40 4 50 17 55 22 32 1 62 70 90 21 40 26 100 67 6 41 94 84 19 6 5 48 64 17 95 40 46 94 18 85 98 67 53 4 40 84 56 54 5 45 74 44 
22 25 10 28 65 56 63 84 13 67 83 28 36 29 68 81 23 37 17 72 3 69 75 43 4 82 48 8 26 73 52 48 98 13 75 14 20 89 49 32 56 32 12 43 60 31 75 34 67 91 5 69 11 31 63 14 12 10 21 38 35 24 37 32 89 63 97 60 51 46 44 
58 29 55 100 40 85 26 74 51 68 78 71 78 61 34 91 72 95 64 61 29 39 97 12 79 11 9 39 62 6 82 71 34 88 23 73 72 48 98 74 16 28 44 93 88 29 36 11 24 51 72 4 41 20 16 20 31 24 10 44 81 43 14 14 30 36 38 53 36 88 26 
51 15 69 95 2 98 82 64 73 32 35 76 25 7 91 96 89 66 5 32 46 99 45 11 80 33 1 32 68 88 9 70 54 29 64 55 26 46 70 50 29 5 26 53 63 68 48 51 86 4 82 83 54 78 46 33 62 46 16 29 85 24 98 38 53 14 44 30 59 13 80 
39 69 57 92 31 76 91 81 13 47 14 96 100 92 93 33 53 38 100 34 74 24 83 11 28 96 54 57 6 18 88 45 87 96 36 17 72 78 50 36 24 63 31 24 54 23 8 59 12 7 92 85 82 74 47 9 22 52 66 27 70 5 71 56 1 58 24 24 36 73 59 
59 36 42 34 89 16 41 99 80 100 90 64 81 16 63 90 37 14 7 15 83 11 86 90 63 43 14 86 30 86 97 89 21 38 74 62 53 15 60 32 66 2 48 46 69 62 87 5 75 45 19 10 8 56 99 70 51 12 8 80 98 4 20 70 41 94 83 45 60 43 29 
25 96 28 22 64 89 9 68 63 53 38 72 60 46 23 82 96 34 41 75 83 44 47 5 36 40 87 32 99 29 60 23 24 87 44 87 75 4 6 90 57 96 13 68 93 35 1 88 69 41 14 3 36 60 7 23 99 94 55 49 74 66 71 50 5 67 88 31 70 94 20 
78 41 33 98 33 19 98 72 39 91 85 42 26 97 48 49 47 93 55 96 67 20 66 68 24 32 55 55 54 100 26 31 40 10 28 24 29 78 95 67 68 32 8 45 28 8 45 74 52 99 69 70 71 87 37 46 70 92 100 23 91 78 54 83 87 33 6 15 10 1 34 
29 32 93 74 11 100 70 84 52 21 5 21 91 43 10 88 12 1 88 87 43 17 92 25 3 24 31 70 86 83 3 14 66 95 39 76 47 61 11 98 81 67 70 23 9 31 10 73 31 49 59 74 65 2 50 68 25 80 89 10 14 91 76 79 85 66 54 31 26 65 80 
6 83 2 80 92 32 90 64 15 90 74 40 55 75 89 74 51 21 62 13 34 4 88 65 88 5 70 71 31 86 2 88 69 55 68 60 87 9 75 53 98 100 92 4 26 32 29 76 4 90 40 90 93 79 54 33 84 23 55 14 9 56 1 77 11 20 88 49 28 62 1 
78 13 44 81 38 27 62 65 31 51 5 20 96 35 73 80 18 47 34 83 55 89 36 83 51 55 70 99 35 83 51 64 95 46 96 84 73 57 49 3 8 5 22 55 39 46 34 9 92 67 91 47 7 26 29 58 33 51 8 19 33 11 82 28 8 77 11 80 34 11 82 
93 15 55 47 6 100 32 14 44 98 4 42 56 82 22 65 66 72 25 84 5 35 65 32 42 93 94 74 26 57 7 70 71 62 16 28 13 99 41 8 48 97 49 4 30 71 68 95 42 92 30 46 78 94 29 72 86 75 45 64 31 51 33 53 12 1 81 77 99 73 84 
47 21 33 2 50 55 69 96 96 13 25 94 90 70 74 61 8 48 57 71 30 8 55 83 71 55 15 99 6 87 83 4 60 67 5 61 21 73 9 68 37 33 61 79 55 87 91 62 34 48 84 16 55 90 98 77 97 64 76 2 2 58 5 61 76 9 74 48 33 82 15 
70 66 28 100 20 14 90 33 47 37 68 14 43 58 11 72 54 26 47 7 28 56 11 40 31 71 13 78 55 94 44 24 60 71 75 79 84 65 64 83 53 31 96 48 40 59 19 45 84 65 51 63 72 13 3 54 35 15 83 90 61 26 13 20 97 40 50 32 4 65 14 
56 96 62 55 87 20 73 32 55 89 34 70 60 99 24 13 33 90 95 22 50 21 87 21 69 26 71 100 81 35 66 88 82 27 43 21 98 15 4 4 4 89 73 15 87 96 28 20 86 74 93 87 94 79 8 14 56 30 14 36 16 31 24 50 57 66 70 6 32 73 9 
35 61 34 2 100 81 29 71 18 2 63 5 48 42 64 61 97 93 26 85 60 56 8 9 64 73 78 69 4 2 30 91 15 15 92 66 95 72 36 65 73 98 69 72 39 84 33 88 76 10 72 35 66 31 96 81 3 25 50 58 27 31 100 93 45 43 58 39 14 93 3 
39 42 23 10 81 6 94 20 33 56 43 20 73 73 67 53 27 91 2 36 69 84 36 61 28 30 70 19 44 14 73 34 56 48 95 88 5 41 7 38 96 1 9 68 25 75 20 51 17 74 38 86 57 25 46 37 55 68 55 50 81 27 83 36 74 77 75 79 69 33 68 
