378 31 29
69576 15128 6183 17946 35457 16388 91823 92705 60391 41718 46033 91575 54559 32539 38372 47019 26015 24249 72459 53600 49734 24386 75983 92182 89302 33537 37768 8337 57114 15599 83005 
43041 47078 89187 60986 98886 21926 69161 7942 98669 10878 53974 6595 81788 86512 44966 28807 28879 85566 17617 82478 35299 42002 58461 43833 31303 91997 97952 55991 65462 29902 55347 
24854 76979 44534 2191 75864 82811 71351 83806 81479 82228 54131 88074 80368 56995 49391 25526 85873 34957 43142 68350 70255 85143 43162 30439 32797 51510 28391 88787 33323 58292 60485 
58176 51623 5018 76719 43838 4181 48069 43995 2011 46649 98126 90084 43368 55120 39475 68893 40992 90783 12034 25693 77389 97176 68855 7828 46324 20364 52570 51462 53687 27213 11946 
28214 78835 33316 4932 22673 37496 69353 83019 39506 32353 81144 45942 75720 52615 1768 44612 9958 92550 72997 35651 69938 86524 4505 94117 32847 41220 46686 84308 11258 73899 96253 
55824 69085 29568 77107 91757 83415 46459 91128 22921 95163 72271 85214 87234 41238 86981 48197 51195 95882 21193 3197 65819 7716 24053 59936 56914 65273 22973 57573 92882 13223 53826 
48705 82308 99745 42164 90416 83160 88622 81543 22432 137 70166 7645 87370 11403 10977 35567 78949 6858 56759 82146 89028 80827 6198 65315 54092 87822 88288 11665 97056 1510 81842 
62112 83817 97938 4275 90585 81097 9249 72127 19880 9385 42292 43876 96754 70046 71204 48672 48995 78061 21783 47492 83441 18961 70041 48755 73052 74215 53394 1068 71270 71256 82909 
33381 71424 80847 37656 62008 78295 63256 34135 14527 72640 92778 58402 85745 62824 45958 34417 28170 40370 72551 75661 23810 91511 62053 72565 64562 36267 42310 65630 7536 13565 64890 
57269 84989 45736 11276 46996 40383 74531 97482 54909 47170 90260 29662 49266 69435 75619 83682 97604 15989 72584 89616 39798 64094 51668 28714 45008 87935 71024 10637 11822 940 91878 
85442 85928 37614 96717 49276 94348 87599 63109 49256 51120 69720 78917 386 39154 70888 419 36757 86876 73003 26372 43025 37096 94392 88091 82103 82326 75466 9091 10499 76405 969 
95941 62333 54934 9009 27960 49281 96608 7420 14888 47727 77140 93804 48112 16293 81043 64883 53050 84270 37885 95773 27295 91332 90164 31737 73435 88841 7202 98877 99340 83606 16197 
11632 62290 71130 20640 6601 36762 33599 14021 51649 81326 91160 61805 45789 7452 42847 10671 76853 27117 48555 88978 70763 39887 79141 18851 29673 84334 26052 44901 25 9657 61098 
11656 88299 48579 48647 94899 85341 82246 8919 53341 79923 78 15145 25711 23882 74344 52734 734 17812 1288 89711 4926 57526 85204 23776 3550 69537 49827 64803 85913 75835 25900 
13920 64133 90830 78918 75384 92522 77515 84302 45863 57437 732 77359 99500 24613 68054 52233 25346 85865 69872 31409 7142 43750 16612 30917 47299 2500 97095 28453 4764 89282 54352 
18683 69766 61534 97600 45149 54055 75115 29451 99917 48903 30182 93628 48402 54794 61681 634 96491 47546 86858 44251 54687 30607 77214 1956 94257 79713 15402 22710 828 4683 93413 
19510 74449 54946 33462 19597 9001 24928 65399 25269 73830 11932 18896 38584 83077 80577 55569 95920 44474 42426 40170 15512 73032 17384 33819 83641 13448 49221 6350 14276 53903 16114 
50137 44703 71060 83598 80652 96412 24877 62402 38032 98707 74334 56928 53642 57410 53856 9210 53329 14681 51636 93499 30192 41019 27234 64011 24659 40681 29583 47360 71308 99837 63474 
21445 44540 50885 21394 41543 47296 46271 3944 85327 61329 78277 58606 31322 52039 28813 40531 21719 43493 8518 31569 90037 65889 58802 70399 6899 15835 99981 54259 87142 99817 34084 
8586 60708 84968 46332 2250 48615 8954 6194 50293 86634 822 25251 17955 52860 54063 58485 74579 13908 83355 22499 3944 49243 81301 90694 56141 97135 90674 10399 628 6842 60834 
25566 67550 45801 71897 86151 94415 80850 8696 61060 83835 9518 86310 1789 78729 40372 76625 69659 70631 59979 92158 74574 9221 89810 81619 81714 86944 72292 8464 87571 95486 69298 
13136 79387 15098 1384 65537 25865 98585 74233 3276 82419 102 89585 84207 78830 46308 60832 64841 16939 37162 56998 91512 46383 46807 89483 28096 50102 61774 36559 54024 73611 22208 
83512 52997 37306 84895 34886 79522 83480 25470 82797 82250 25571 88733 82809 20752 35040 43640 1944 51978 97153 75293 43490 43535 38451 32972 87982 88552 11097 40893 42576 1060 63100 
42439 70408 16757 27333 5293 12630 27164 47114 95426 25766 89036 84158 8574 26140 19198 68565 28083 71175 65717 3376 31016 9252 41826 80339 13585 46730 7788 70829 5657 25199 33929 
48095 95606 67037 75427 17251 79667 18943 64364 75092 44708 53400 75602 53281 95891 11151 21845 23973 98677 87561 27348 46045 13164 85526 42735 43101 32255 66874 13929 37911 92072 64209 
86005 4030 31246 77783 21280 10912 13077 1995 2355 57784 71746 94308 27416 67636 5458 65612 91609 20487 69525 35308 66531 99040 20833 25617 58492 69439 92491 72421 7349 84562 52981 
93353 88591 84226 87488 26222 11489 564 28217 13844 74700 99962 24503 18467 83950 46313 84079 75558 66799 69955 27217 49681 68994 64402 75297 43838 33840 67787 32610 41189 68701 85590 
50893 73643 86168 54732 16217 97656 55296 44433 27851 46347 60746 52354 64813 44695 98666 65243 36604 81816 51549 80173 31496 36895 44574 23144 80732 78413 7283 13341 35953 75983 98930 
3198 65977 85097 57929 82193 99105 29576 42977 43307 75922 3723 12012 57087 64769 10677 38681 17725 8844 90230 97897 40339 27124 42470 63483 7855 37234 87117 21195 73187 63099 36476 
76384 45427 37925 34312 43972 53381 63888 86948 96687 56161 90670 8699 29599 71791 35727 68280 89515 44571 74861 87411 1261 1984 29880 81095 26190 83465 68211 63736 56651 47661 16563 
33034 93088 54487 83698 37059 7867 63937 24006 20906 20097 31028 29604 49696 19170 81682 34327 8684 26252 9187 96094 27513 27522 42325 24959 70063 25789 93170 50150 98792 40830 66712 
48177 33917 37551 31874 87327 61769 95810 27685 82674 32259 58712 28629 98306 94233 10311 32632 2916 52914 58170 15361 96778 2043 74037 21737 88457 16177 14906 38606 14968 55735 21669 
63145 6004 59219 11370 93330 37340 7180 37366 36365 55790 12429 64994 54095 6661 91656 3078 9576 44569 77599 41288 41347 79641 15324 79435 84449 47853 94340 23054 79172 66426 61074 
42316 72429 36645 70038 82111 73984 77217 19476 10348 49358 31905 91693 3452 38565 83348 6529 64493 44269 84127 5780 1967 80119 37456 81401 64567 1660 75740 3972 80831 42165 65045 
39499 30946 1689 9536 13056 92024 3104 48883 2372 52461 80787 10416 55912 35704 93764 78792 16548 38032 62918 38679 56350 59388 76134 37750 23954 94145 13489 44277 74976 72005 9321 
14474 2950 27362 40361 32357 35737 43464 81240 38108 95924 78378 64876 68187 14081 58639 63330 30628 13022 26247 85659 69371 1986 61792 7120 25939 55937 36960 86567 47264 8964 95887 
61737 28266 39600 2097 60622 75337 61912 41861 29796 74187 20239 94671 58725 50671 69661 22054 97651 99034 48300 83309 68404 50285 61452 91875 92575 33740 45186 79141 81003 54150 91379 
59091 98767 47331 77539 59388 39019 39450 17601 68814 13636 54191 79837 72360 4861 65849 94413 18863 64883 59064 2171 49638 25700 79975 57865 34626 30066 3050 30118 11069 73551 37849 
86511 72317 85179 64050 31705 24197 19851 65657 9362 49839 19847 5550 38550 41059 71399 49315 59922 36281 24730 78444 2270 66782 74770 60134 1407 4836 63184 31525 32256 53086 85725 
18766 25403 70903 99167 73459 11451 35370 39115 20812 85208 75313 26362 23757 16371 14112 89423 92644 66744 14153 71088 69013 80934 45857 45499 98692 67044 8682 46568 99299 61767 32292 
18065 3521 3194 33583 93331 14644 68952 32445 51808 54159 24109 94521 94268 40480 8632 42 33123 91727 14194 20562 60739 11479 82771 6237 10171 49814 31270 56738 49113 9389 5382 
83529 29261 8575 17111 22592 39571 86063 55036 91378 56573 79145 2250 67192 35976 27233 67234 85450 18959 97779 6012 79697 25610 88782 2286 35780 38595 49907 8869 87707 59295 14250 
71235 88556 39177 4698 11147 78747 90760 82534 86476 63684 78030 5077 47228 30357 32309 30813 15807 51267 44943 21818 47315 70552 26951 49600 22683 65545 15859 31552 69604 75153 62153 
40838 80060 1329 45535 7558 96427 52646 6444 99254 32682 84473 4330 96261 31182 36638 27073 46988 4256 72015 85157 51571 58919 12107 17522 81601 94003 33380 29504 63606 24885 91657 
20796 21296 92985 82682 28854 5764 51680 35297 5017 84361 36121 25699 96973 67302 78688 24045 30641 82944 12411 15797 50866 87681 44255 84739 69282 38258 34471 98785 1863 59355 90441 
22658 80650 99778 5340 9503 21893 73371 61151 26909 57731 97272 52607 54703 80925 47647 95099 27918 30590 23861 60066 97807 11542 4321 82545 97175 58930 17015 95959 77144 92721 2752 
16154 73371 2529 37845 99225 24421 11215 76728 67681 68945 90351 36640 39999 71275 84286 51449 15544 31227 91661 75610 29033 3202 79930 11577 376 55211 44944 12687 32354 37664 15438 
48507 27386 34318 86351 42963 75090 97565 19690 42770 82861 10040 95761 39211 97666 80046 90659 13210 11272 98672 88819 56656 1873 85100 84585 18601 40310 29528 47639 72663 83543 63076 
37522 27281 13745 23872 70243 88834 21437 6284 47955 20649 32675 43716 59860 30340 23761 66870 59901 51385 65541 65071 24392 83766 50170 8976 18718 6831 54855 66356 95846 54750 29431 
33367 82030 43175 57238 68624 32008 95026 74907 79962 32027 23933 40029 91886 54272 80142 75107 30525 31526 40648 95595 72269 24413 62117 81245 43130 68947 52451 9485 64792 7200 55267 
98158 5581 14793 71748 90556 63152 83125 81814 59465 15151 5746 99494 7036 60018 79635 98495 6894 27512 39142 2488 99780 79906 64604 97376 39387 33551 49827 65223 14694 73378 20489 
29204 78959 51633 951 85866 14784 427 67680 74248 15578 73425 90093 38965 49794 69727 37459 56687 97238 76600 59175 13370 72857 23778 10745 12243 73680 76923 77465 88374 50301 14305 
33929 45611 65937 34879 47828 97072 35305 15507 71320 67234 88932 61412 6199 38725 47491 43657 95412 61080 36609 54586 74449 9465 94715 1546 38060 84747 78468 31876 89472 45120 46181 
23400 7082 28469 58278 54910 25541 9934 86768 13212 77168 75699 74623 99718 14424 38465 43374 26187 99545 96334 80772 90345 22151 91838 91890 60210 76584 86710 92085 82407 48181 54617 
5806 71615 83086 80435 42876 8626 90369 29643 38189 83888 5342 12811 99957 36117 67628 59682 62303 67172 56016 59426 57516 78166 51263 65758 54727 44199 52467 63163 26605 16999 17780 
32411 88613 865 29197 31488 25842 35917 61131 64030 36156 82824 93192 36112 18940 60819 95794 81242 44342 51809 40667 18210 46326 8281 83967 17404 68831 52785 80566 95436 69783 98345 
44198 58396 15561 89746 6235 57754 25663 67365 38135 61818 50188 31327 97930 85479 8497 93723 66720 52839 61883 23738 87400 24560 32019 71366 41963 849 24150 38880 12636 10284 37225 
73185 68679 69137 62931 91266 26891 4945 58630 65025 66762 25170 12703 64691 10648 37552 74765 93720 6742 52999 17457 94141 77558 65827 65506 35872 83028 6007 74752 12015 16290 28328 
85200 1321 97464 64482 92586 40706 69426 67567 22083 52539 92736 34785 33582 19736 72336 24698 29807 79077 77697 47263 89569 71606 29442 55074 7478 12469 77432 98581 24483 93722 43260 
26034 95042 40723 6867 3979 97781 92644 71545 36215 45183 80633 87351 78764 368 59687 19813 30174 55115 97509 93788 61036 69115 23229 16109 92944 52049 9893 7876 92884 3614 51135 
18917 15007 8209 42136 18985 5989 34779 90529 58555 96313 71161 45906 91428 87880 21944 11241 34405 93410 8749 44545 54445 94215 84125 86906 3510 36174 96798 11385 45409 16763 78871 
80677 31769 87080 22812 67105 9420 73943 73985 67975 70255 61498 13880 61683 49377 52175 72923 134 45584 98023 44678 29 92238 45154 86934 12099 81327 83731 39836 43087 493 18706 
23764 48613 22137 46575 32069 47909 20517 6053 32235 7124 67550 62466 68806 16927 14640 58080 33412 60223 56102 94441 60251 64691 39594 63536 93142 37273 63618 32977 80359 80462 68034 
4122 29074 6523 67049 61142 54431 87565 83547 86665 94688 51096 65482 79845 84374 80121 37924 17785 40343 10378 12225 16946 75068 51819 96833 68209 89091 60451 17537 69449 40912 85571 
89923 86338 92093 56971 47479 62875 60887 31025 65891 71927 98473 31372 51771 82846 27844 6047 16983 84538 16424 29207 1483 7843 97377 98316 92404 2819 75118 9940 88620 16029 11862 
78542 2366 20306 51864 66197 83180 12750 13573 65422 84676 12045 96793 52799 94891 24636 75197 11873 25526 7972 57431 27008 32166 54808 41675 24569 57626 16792 50861 46245 49173 62722 
41138 51538 99380 93001 17734 82559 22103 31307 64333 23130 43351 61125 75928 54593 2113 67476 82817 43990 91799 40248 87349 23965 11407 29024 48533 85384 62167 15745 47981 27691 78467 
89118 79229 77846 98471 13314 76756 20573 60972 57440 43702 4323 34917 35982 75267 53381 3457 58084 97370 95256 14683 84718 19220 26089 13741 84104 11472 92260 99849 59452 19950 94667 
64922 15530 88864 63392 28844 81971 83964 89815 39411 27665 10489 74327 63646 2108 27707 83455 60191 25076 95062 91225 26145 30633 17313 56238 31088 45136 48497 30936 4588 84798 41954 
69509 16680 47169 49252 45523 29140 33215 51689 84902 77231 78530 75580 57229 80637 19638 57035 57179 44713 52096 48403 70857 82728 65715 27094 30167 27202 91942 61103 31789 93092 19408 
17649 9771 66577 66900 71645 12068 16466 39685 13321 93697 18214 88900 67277 98850 8537 24311 72380 69601 76406 20782 56809 75485 2848 255 5651 30050 8548 83105 78190 1639 18865 
12191 27761 85441 95442 99405 13860 11908 39090 27180 21956 57303 16079 89232 72505 40967 13542 44884 10567 6299 82018 67375 81783 84865 83981 3785 31266 92529 3242 9456 10519 22106 
21646 38280 7546 17087 37684 37757 45346 93125 64936 83653 66780 97366 72884 39284 38332 2777 519 65250 9075 98888 48976 7209 83753 32957 10994 15018 25485 14235 40825 36003 52692 
78822 90634 76589 12261 28318 14345 57606 37794 95632 41259 4573 92997 30494 60208 47680 33271 77079 29281 58697 75966 78256 65906 59718 11212 93251 91088 53048 23837 48264 5403 76528 
27086 96036 53116 39346 40705 83812 13303 94851 79443 70913 99423 88791 17759 75983 52822 67381 53061 82102 26077 29026 60357 8334 5096 87921 17936 12535 57320 41772 60798 79074 34651 
4235 91462 4118 59932 48518 4281 73235 43368 83723 60499 42791 88865 78257 35125 41686 61989 88185 40139 88066 33562 16848 12751 38657 21120 30687 67543 78439 88810 44693 73865 39813 
48927 65326 43930 8859 13843 64563 98445 57211 64637 58943 16353 53502 53552 51477 11539 15540 56013 51678 19957 89574 84877 32708 44583 5996 79746 28477 84434 68555 73169 74650 8367 
22096 39975 68649 47306 70170 33211 45750 43732 97847 21044 76436 67700 90947 44264 79239 22839 276 47268 59147 6201 32144 8206 67135 54491 87951 95612 55276 56506 68780 29926 81224 
7227 69900 66224 70884 40069 15786 16633 152 29985 54029 76587 97684 61327 20850 93274 84165 21125 56893 59664 43678 5388 67869 10812 59878 55820 6423 15154 28677 91555 45079 26252 
15133 31330 92476 86017 87751 8261 19001 87902 54597 73029 64489 68633 50708 85338 78258 34872 22815 35151 10887 66492 56890 78756 77303 16768 34575 78 48273 63251 7984 93351 89502 
23116 41032 98329 25484 28782 22942 44485 16684 77538 33865 97524 62522 84572 99213 40780 35796 22027 75930 46682 4870 49171 25437 98525 65938 76363 98602 30562 55965 22937 23912 61819 
46052 81296 60147 71536 10077 99440 32372 43112 76978 66236 40635 55851 67160 39848 96630 2955 78226 88911 65988 83096 38082 7777 81620 20371 84139 96573 50933 40104 19509 91196 18274 
81912 72491 78420 69799 82568 77860 2170 25679 71189 84758 82666 43391 51917 22513 40021 71223 738 28931 53562 83833 83364 61338 81804 3735 45477 78376 54667 1932 14236 45862 20205 
12500 18353 14976 82298 17272 9187 84468 42950 96727 85577 41967 40118 53845 64479 80138 25067 81569 25420 78628 81753 8784 39966 63557 12518 1794 58284 67184 20077 88872 29397 40281 
1371 64101 55256 83668 81372 80795 84487 40674 77521 86415 82640 17638 40259 63471 97775 65325 45039 39547 60305 26791 48330 16622 6699 60847 34767 81335 44382 54843 70206 90130 11475 
87928 54231 66730 87947 51954 47524 72434 92627 41397 75200 91619 59034 15459 55089 73161 97135 16479 12707 57439 59621 61036 90412 66320 38234 25178 64006 98967 96372 34211 5448 7846 
22138 59678 90928 10084 11632 54803 98869 20610 96199 90421 28580 55233 5879 83668 44745 3013 16498 57451 76804 76119 34838 83567 58790 89423 25097 22795 4741 21468 57005 10188 29314 
95494 69866 36593 21929 97849 91395 37150 34810 87594 27570 63390 59178 49800 63409 3922 52812 79907 77724 45967 72377 28913 29534 31166 18335 54630 53960 39427 92449 27316 49614 38114 
39161 19479 74706 77441 33679 82453 14590 84841 70046 58511 48230 45575 8310 27990 65848 77474 24248 59923 23440 96624 88835 69325 27789 23521 40306 81748 62947 32755 25415 28912 87220 
64575 64743 61926 42016 98421 44378 72957 83261 30775 31468 47842 92701 56129 92184 58548 33602 16431 34822 73394 13055 40008 59070 40843 63528 15728 38943 42826 48482 64357 88089 35701 
28932 52831 13978 87299 51252 74707 60255 50864 5481 8074 15058 98181 64203 7241 73080 14156 40023 7901 3901 53077 47908 79323 93920 27787 95050 49214 86964 59883 13570 75053 11935 
58853 44235 25913 62503 11838 619 22758 79054 22452 30831 94111 36984 11385 17703 10064 41893 57725 34316 62145 10802 98576 41467 21073 42714 36516 86638 46030 96398 16559 37434 24685 
75412 81668 50597 37914 93506 67567 77023 72559 90018 24206 83021 43354 35590 17075 69769 93834 74799 4084 55979 1952 19011 97445 39376 61725 50313 26013 24106 63062 42572 61539 87746 
34335 59558 38342 88600 53063 22261 65623 41973 28630 6180 24993 71983 58121 42067 41751 51955 33218 62187 7933 51521 81197 21729 7249 59273 72041 33261 83378 35103 92184 61268 22848 
42870 20826 77542 31470 90240 16154 13444 32213 44783 19623 73557 16766 77743 15624 58516 46049 65193 37054 53981 16713 18251 75710 23961 93875 64102 73574 93605 99204 82109 54872 38404 
41331 92049 32297 72800 82289 48450 2595 30853 93232 38569 4409 26349 32663 36384 1217 78712 1576 38270 49044 34641 72872 41105 74953 66747 5207 64878 60351 20762 63339 31574 75517 
4669 23623 7813 77468 22263 72614 96414 53115 82198 34982 57523 8546 83996 93907 26114 62707 11834 64384 28103 46474 37255 69207 37779 20353 74413 2656 80703 11527 65994 28629 87043 
70662 52251 11208 64481 74513 83821 60894 43979 66018 12227 1501 90916 96223 11759 17029 75281 23593 81412 3383 86418 35019 88942 24196 55371 63354 26852 52426 91232 9197 81054 78275 
79859 49656 89482 60691 40520 73302 37937 84498 55672 66515 2350 46587 62737 14109 63615 54370 37701 45027 74104 24118 96397 63045 48314 68119 42751 91517 20544 33982 713 17949 12256 
96923 83956 18089 73966 24475 7743 11902 8972 63414 78416 11322 10000 57505 41782 73614 11874 79482 34992 2329 19951 47740 65374 68264 15859 8124 76132 36402 42105 76845 70703 70713 
90119 54658 5153 64084 95485 12895 92337 20808 76308 70753 48481 86307 44609 90262 76273 72834 69743 27616 75162 89694 75356 40535 74309 91214 65010 50441 43967 23467 43637 31021 10531 
50107 85679 15683 30543 97515 28578 22879 18322 4885 9983 66803 7544 54591 57064 168 27424 43159 27783 2586 32852 3138 59472 23512 10703 24482 90304 71022 47948 50292 2042 74830 
399 4072 90512 30941 1586 19089 70171 19908 40326 80154 3062 47869 34744 60125 48036 78520 3283 75818 81105 52486 95308 40576 92350 22362 81409 82653 93383 45708 32945 95425 20537 
49695 15848 11049 96987 33786 46489 67157 53693 86814 47310 73106 34682 98406 33230 82717 76925 52865 74887 58029 21702 86546 14956 14051 8907 12717 13056 2290 58424 62352 14066 95313 
12046 46265 6361 9032 80050 52849 92540 50094 56015 39850 23199 90696 54607 56429 89765 31531 25645 81003 5911 47346 67548 37218 61397 92806 49934 74452 95095 24710 36803 25512 20022 
65200 88129 42734 90583 68178 11934 83122 34624 67948 22971 57822 74996 77577 30602 64760 25459 56246 45762 31369 19944 29661 84939 81340 22466 34872 72143 33913 75933 25297 75776 95954 
90496 63904 55039 81078 48434 66973 80551 83057 51272 3522 40878 26267 97450 71480 91026 39261 44077 53139 86981 64020 82799 71919 61711 5265 6791 33853 55529 99075 75501 31304 95029 
82348 95208 50067 63425 43641 33391 60328 26697 84663 63849 83926 10929 77650 71757 18307 33262 15834 71445 20243 79853 70596 92161 41564 92212 15303 91768 47740 14378 67269 79043 9406 
65968 90602 75824 45745 50594 25567 6072 93642 26581 69920 77568 37509 63921 49324 55815 97183 65157 43612 17425 61362 14207 25937 19277 6418 41240 27396 54157 55617 11016 49551 81374 
76984 56505 73549 22728 7098 99115 28799 740 25695 15070 78307 79556 95342 27630 51722 92524 9139 95333 26300 70500 25891 52237 6128 48660 93476 33523 19168 65444 44539 68719 46817 
21522 25223 20365 60601 48672 35832 89399 49411 77878 4468 27717 57433 99809 71699 25507 8685 80837 37191 51336 67688 63082 19924 73815 28093 29751 23689 47261 95194 84579 32331 58362 
22452 73905 78727 83052 22576 30910 72450 71987 8787 93269 16055 82572 9430 87753 8078 34466 84941 61620 2153 52628 24701 22077 42794 69146 51827 82835 16406 63373 67413 48736 21734 
89865 22640 460 72916 61567 47721 61718 33553 56508 71338 49608 39079 97119 53712 63508 31584 38653 25127 33737 7632 66180 72165 50426 35325 23991 49612 68082 87363 17024 33169 9097 
23240 72160 25908 96156 33726 73629 74225 67279 46488 61914 33238 1918 59033 86949 65425 90616 41953 6903 40704 49585 89434 12868 16362 24758 53211 65973 92839 56925 82996 26007 82373 
6236 14518 8281 18743 48244 98261 9319 31874 61100 71232 65111 63017 46616 68411 44793 53584 10364 51695 94287 59948 41129 23507 76309 82238 76717 58633 91429 49993 57980 33787 32366 
64215 48305 56998 99309 96548 55258 24979 28421 16357 12563 9883 95725 59178 78293 40517 12761 5008 92211 23400 81307 49691 46906 73967 31929 39974 32599 39709 6318 90579 73495 38683 
71145 21799 95680 86806 34698 67289 11784 63118 99997 24346 89352 95721 99876 83997 36237 12636 89004 44800 52387 70311 94490 15644 60629 42770 71969 93228 82478 78287 158 55973 16969 
71302 94123 29001 58107 28821 96289 86243 8290 96286 26940 97642 92006 26815 81638 44595 55803 86993 89394 24541 73655 83883 40185 34284 26653 12153 43863 25482 90439 44020 81454 23760 
15321 75577 52760 89780 4397 65400 92374 12686 61685 19313 26679 70043 62480 8316 14637 18282 95309 20382 42822 68963 4264 99358 19598 47268 11511 63460 72750 18301 7479 70555 58412 
39152 46131 27523 45283 66879 92923 37656 95917 70959 56968 22595 41001 19447 47263 71989 54080 58923 92370 13254 44237 12986 28963 63835 76605 40473 43646 49354 75126 51125 36261 33537 
6628 98743 61060 51910 65622 70334 89565 77890 41292 46532 16836 98645 82331 64098 70633 52762 39372 79355 82367 83609 92340 11330 63795 68944 51802 7440 34650 43279 74916 70910 93168 
81543 69652 70579 33452 51625 40912 23016 45866 82203 69548 62702 80847 68230 43151 67832 20991 82523 63538 3358 82483 72229 14687 46277 57524 82840 70068 92173 42471 44984 79434 35638 
26526 65438 6216 59978 33414 63479 82993 79280 45681 68892 41981 42880 53473 85131 27063 90816 84005 90600 94173 82839 62828 25211 29115 20351 24402 15535 28876 66872 60518 24661 2509 
3395 90098 25076 79724 39864 88554 79069 19143 50587 47960 77475 9818 17785 78957 36880 8600 62962 43831 19124 45800 23010 60686 91267 59712 85087 6801 4939 51959 83670 29600 70819 
3416 36049 95895 83140 75912 800 62208 11406 51386 26519 88880 61203 44303 67837 14434 69254 30798 58264 88377 92949 97625 49062 567 57337 50501 23719 62275 2459 23740 8226 89629 
27156 60627 1875 10295 36538 2675 72502 64296 54060 15372 53175 31615 76027 21011 46048 45280 68160 20664 33657 77461 18288 99070 78027 75624 49570 1746 54251 68380 25485 62476 58009 
68992 39454 59883 79286 75992 78909 68139 56639 49321 99863 9813 80935 75889 47176 26982 21168 31687 63997 71176 9147 82285 70246 3526 74260 36167 21623 28510 4547 63459 7338 78907 
32451 46791 55141 28088 39134 34050 12579 95772 83370 12441 21937 64304 88329 85464 7637 9496 17150 71634 80672 42649 70270 67269 62526 44529 19787 84148 73039 24333 63958 96728 19591 
12760 43518 74732 40848 99004 8781 53426 11127 8502 65866 33063 89157 70546 18526 13145 80041 52028 1130 77064 11028 71399 60684 73553 15928 80471 74052 5318 21155 38009 18397 40746 
50769 78266 31829 7968 77269 40609 77745 88396 65462 59962 37810 54618 30507 72688 67762 26899 24715 68892 3963 52094 40290 80998 25646 72569 61468 99697 94238 82623 54057 12634 39720 
21177 90900 71548 29144 84520 28508 6888 89267 93969 83201 27077 48586 13707 99764 32699 40606 40830 1590 60920 92923 58232 41917 34920 47152 19737 34616 41390 2359 5024 70375 58430 
26201 77626 29977 71696 62146 74836 94936 51412 68804 78136 94840 33741 91843 10955 82791 48800 68136 733 9719 61058 58964 67987 12329 22467 87723 46944 80208 6433 68320 50583 64862 
94520 44560 11190 66215 6705 2377 61150 74469 87532 55638 69308 21272 47480 96615 20415 12631 64750 21147 38701 42160 96462 6687 54488 18928 10762 17784 15488 17194 86103 82422 98408 
80622 26981 25949 63188 50038 28326 40690 24506 15857 96327 10165 53481 60158 23131 73895 72788 87881 95041 11488 30040 91502 34526 84527 26781 45287 2310 42268 62481 4764 24689 77240 
1737 68022 3188 64925 18059 47865 21966 58916 63722 34644 85432 33554 94801 8563 7448 83940 96443 18840 95427 42834 26693 46304 43712 69825 91591 46022 12093 70423 67137 53133 47662 
68874 21154 67201 50150 39212 15066 72115 14479 95139 6758 99911 28692 17910 8473 52491 1849 21267 87682 13627 80452 14374 59930 24163 84198 51520 86536 12642 21942 53673 65775 85955 
22546 3280 53156 89047 58844 68221 61161 73322 63359 84270 73232 8402 2179 98056 77244 4027 35674 64925 34005 16125 95650 93934 56640 96199 45454 43175 8841 83747 13199 90967 69702 
35744 94246 22857 24790 69441 91077 2302 42763 70787 2923 32346 79188 5101 46754 72783 25479 98779 37707 59483 31256 33356 69769 87895 29554 15222 47421 54746 98968 60620 45712 85021 
12715 56310 7877 37505 25750 15305 56158 84864 2443 59081 33562 81630 80533 80315 70764 22364 95445 8470 81846 26700 58177 51614 14594 87731 83187 78367 58828 98507 38986 4540 83527 
51700 77201 7756 5556 19302 39412 61714 20518 41855 37146 54079 23484 17678 50745 10600 40041 46189 19069 38239 72889 77246 6204 3834 81328 5743 82200 40155 20601 21185 61046 20479 
72885 54598 28234 78440 73900 67646 56505 94417 9500 10002 64847 49335 27680 15591 59934 84072 61779 95355 38662 34667 72600 61218 38501 70279 83312 37052 10433 3912 58237 87831 24390 
47473 42428 68976 42264 16327 36621 15121 27095 62472 25122 91941 28158 52801 7531 4444 53225 69310 99798 8238 20328 88749 69455 75180 59027 52766 12232 85811 73029 70468 73641 97419 
34292 16069 66394 76555 48747 19366 91675 92194 98189 16797 84134 26346 85949 8017 30789 55525 93678 46938 63763 14005 35686 49569 5537 11064 18687 17768 96875 91715 4587 86867 5485 
38878 2935 88230 31784 68034 23947 23459 60227 22135 56607 60712 64833 58907 68728 11973 14432 78757 58911 94546 9114 10948 44114 14650 22012 79152 32417 35238 87219 53355 22104 92703 
8584 41391 97285 40367 25776 21231 80177 2354 59718 36783 63065 24550 95690 48145 52874 26473 26901 28136 21018 36014 39084 81483 50663 77447 60635 99431 29036 64205 52785 51139 56907 
61368 8881 54191 18087 34656 91774 98263 37009 51491 51398 16426 92392 63439 64570 45265 89911 7822 89753 27280 60188 45188 8762 10850 22634 85748 26633 68021 49952 95769 19159 23211 
57137 44392 93753 75223 95399 1878 89837 32408 53368 41234 65185 62111 4672 29754 23728 10934 53927 13480 38213 14114 58667 63327 41316 97652 65426 67948 65672 15378 63716 1182 54940 
37204 45573 65044 28778 40972 66922 18615 89731 36641 59848 54915 98752 80872 1020 22479 91805 54946 35958 30018 69060 94624 9696 26727 8627 75121 94674 74298 6850 74741 75479 61789 
11945 37404 43185 40722 78375 10106 75688 84457 46746 51888 39371 61849 32759 56742 84327 40915 11687 36636 87284 97098 47611 96979 23824 56237 72100 34849 30534 95301 9590 22365 57090 
37886 59768 16626 94959 54494 26731 70647 38950 89828 38886 94672 68029 87996 67765 52355 28910 95803 5343 16194 92901 52953 29524 33076 25542 1623 67925 72427 96924 93866 94791 70365 
31751 70910 3342 26709 25403 46424 13707 80704 52603 52592 91727 20631 40587 59491 89338 85849 55294 94680 2042 64546 63984 31565 97621 89525 49540 81897 61952 62815 92114 56742 49531 
40216 44004 52872 66925 69406 99295 96983 66462 51897 65927 58188 72528 22865 34031 61865 8713 89324 72896 27106 70221 36879 58671 84193 26404 24562 82442 4707 87376 74555 61448 53258 
14771 5451 6129 98047 91209 21775 95029 74022 90023 77307 48561 62550 172 82591 40766 8884 88266 30013 35990 58486 66892 11012 59031 9647 51925 41472 14353 55652 16026 92152 8909 
47148 13955 31389 45194 21515 53163 56575 95536 43185 50233 44096 22087 50404 26687 79204 75640 31304 9217 27981 6142 92460 38992 65172 2106 7268 6643 32810 62919 39020 24961 71827 
86168 38915 3215 47713 60429 72729 20639 72316 32265 70872 16412 70703 21275 59450 49907 13266 7105 75475 41246 13246 67934 96589 94769 86391 3856 17763 19200 66774 56783 44160 54952 
59302 99427 74518 23366 76207 47246 44005 48523 95863 14876 81286 66565 52502 40735 16471 65768 64191 91945 23365 77437 76230 19954 72205 62620 23809 89968 81819 6935 63102 42331 61886 
38755 41757 36404 62120 17963 1 22476 82837 95863 37351 64122 62428 6205 21208 95250 88324 85399 3547 11688 79187 96128 31641 67743 58748 71802 74062 56918 78736 37163 99248 40621 
92269 41004 77024 54389 75319 93377 76864 74507 89239 30567 54981 68018 36771 76188 79620 25094 77938 83166 53133 57124 79293 84774 24867 54392 56575 98928 11310 35310 52443 10557 92282 
44711 67913 85658 15451 59583 79034 92315 34089 68272 39233 89069 52642 92355 81609 32261 33800 59546 31778 86932 33022 27422 71705 74240 81814 44631 89519 93123 79940 41961 20031 88574 
3024 4295 74231 18474 63877 53264 27140 14318 21535 82724 19738 90528 75078 17698 22788 8877 77244 54565 12161 26617 81987 217 856 80152 44848 6726 89626 41139 48687 9656 29712 
68062 13951 3942 2887 94179 57205 46379 8496 95092 29102 28234 85619 20532 45931 24759 45760 39526 79323 57920 82494 77661 58137 99701 74164 2984 6427 63789 60474 71465 73445 90186 
39526 3747 94127 58764 97925 67684 5142 6421 62775 50596 51006 64745 71127 13288 89503 16886 69166 85178 91158 51659 79190 65646 67712 53354 68629 74138 17142 29102 45602 6938 35639 
1479 10684 29766 60242 24961 97449 81736 31381 76575 32331 98738 41319 19809 28377 30822 53046 97542 32351 44203 65553 11540 9848 33264 64893 94828 7401 98387 40282 69354 5324 75920 
70832 32360 22037 47425 57320 35837 29160 5052 12411 77842 20141 70082 97650 48517 17255 50696 46059 49605 94898 27963 61144 21098 61226 42389 15925 84978 57127 72558 54331 78802 48478 
41514 11161 86866 5290 84832 22703 34450 6235 51465 12291 26375 37898 26293 74892 55152 76988 37302 4756 71885 65264 82252 9334 42841 40992 41611 27818 98118 14168 98500 76919 78997 
56365 4432 65863 61654 89263 4917 12455 11850 72733 41098 38224 10631 67390 29467 65782 44377 66768 86890 32613 48383 85493 41947 91223 26484 99909 35392 24601 14076 50243 1519 93073 
22959 5950 75287 965 11565 80203 29771 23414 69287 87220 77989 79917 54609 7456 62051 15337 90575 48940 64302 38958 34432 22600 46532 77267 22508 98276 1867 36583 64870 19737 46007 
87829 42039 21293 5145 69955 17847 51267 93368 87134 38487 87708 83402 93095 95163 45452 24784 85738 10743 89085 24695 61526 11684 87578 38792 34191 85853 40658 87125 67075 76747 33132 
71255 18785 54424 76399 5091 88623 27665 98458 75756 66151 86165 59157 75598 97680 20961 381 83417 31703 5817 24463 93229 17500 28392 48372 68042 14245 89030 71518 81319 82128 4649 
52573 17264 75425 45323 22354 64047 89339 37163 56154 55490 23327 31662 47439 37358 52622 47819 20774 677 69987 61588 10257 87486 89980 58628 71879 20576 64009 59748 18246 46136 64397 
87170 63399 56173 32492 85752 36571 38182 22914 9076 93671 62593 40737 57461 99950 9711 21631 37076 26739 91617 15015 36995 95454 4994 95622 83684 41921 59631 43432 60166 22118 7828 
63687 85517 80352 12530 87620 33274 50712 26886 42349 60734 5830 99437 18195 5779 9147 39825 59206 52237 31442 90573 89231 43247 95566 1205 26931 53839 60835 70362 30356 82952 94541 
94043 84820 74892 6572 88792 24517 57283 15677 66865 34369 21506 66301 52563 43636 91800 8739 19194 44036 56532 9766 49619 99779 21683 50823 26709 75521 28009 97070 5877 27312 7962 
99919 12132 99205 22842 923 23721 96477 32951 90585 30845 54456 73237 83407 98091 81388 8497 33636 41776 65029 43401 91394 64807 65084 58568 7867 56956 86576 21288 62832 13887 29249 
79102 26018 28453 18296 43292 68525 14772 76242 75461 45616 47049 48697 45374 61492 46437 53870 95127 88212 18898 38528 95957 56 19963 54524 7922 76918 57451 29209 56102 71337 58457 
51555 13707 3261 69850 73350 71785 84621 49592 47245 46588 12992 12294 91961 74483 58730 45831 69610 63293 81080 24489 59249 81136 60803 30124 89057 37720 87574 18266 10173 75262 93074 
61728 5320 96335 31577 78670 68119 32550 44613 15364 79137 57604 27657 71098 32087 2738 33280 18048 66030 14359 42536 41630 95494 3338 88105 903 57409 75678 19168 67582 67291 12241 
29309 72611 24927 77237 51280 93046 9786 95892 24761 88923 53495 68769 60020 1933 71506 9651 19980 37535 24009 62515 95516 35855 82204 83620 36757 39613 75649 72276 23546 42939 868 
69206 15549 25795 46442 83180 35192 56228 95423 59952 61502 65270 28720 21521 67202 225 47523 87182 54111 71531 66048 49626 23737 48252 49597 76845 4216 25245 49120 27761 68183 66340 
96966 84 8486 59759 99615 43677 15986 95038 19980 77487 60307 48699 15359 27508 65275 62881 31041 35737 50764 97089 1714 74500 61692 51310 51345 82259 76554 16816 26371 61088 83155 
39688 77523 91640 99446 77138 51668 15432 72175 71647 9270 48833 36697 40981 92692 18323 20213 23733 54059 70976 37173 72124 61828 15216 23433 13172 13826 16338 46339 40196 77426 45846 
79883 54948 37485 79328 48437 5505 11111 36963 93503 36733 85795 30200 77713 78487 64874 97925 18571 35285 85253 72095 7408 47080 3662 47193 76603 17487 63530 22941 57682 57307 68786 
53916 28607 22623 33243 77043 44479 60706 14006 37981 97438 16152 84532 75150 10990 49406 89426 45912 1042 74678 34358 8449 38109 38019 55641 31063 71857 35523 70356 45890 9181 39141 
99805 37787 78115 49400 31182 38945 10105 61539 76926 7542 77690 77809 99043 5032 43566 88468 50943 44607 79498 85301 53056 33958 39671 25048 65021 27880 76922 35376 73769 86103 90868 
89926 23889 85335 39325 71422 24279 49429 32960 17556 56970 27002 95365 56012 32033 38930 60831 99327 99889 56680 979 52944 90638 40650 94343 72010 68529 71265 7385 58649 73719 14604 
48574 13959 99938 87898 85381 40569 53678 18340 58124 26999 45341 69840 83010 77373 25122 60193 76700 25010 16872 77678 94305 23861 34679 4999 95870 19559 92615 19606 94560 66333 34210 
43133 80292 50499 47383 65672 7419 1060 84011 81895 28059 45704 51734 27420 39428 93207 3964 32479 34568 37188 26509 28872 61048 77539 33871 73270 97098 26485 92875 91657 9170 43436 
51141 89461 10287 14875 55132 17705 32287 55494 15951 60345 17549 84037 4116 56977 77243 8080 5807 11811 45267 32315 57034 22666 9854 7256 95935 23303 50093 5162 31311 59262 64949 
98803 48722 75235 13678 20205 9292 45964 92050 25242 22660 9599 9278 26775 82927 2873 51206 88733 31035 12824 37400 88068 51842 47253 95324 47776 70555 45416 69289 18217 21029 34238 
17019 86102 9472 30696 6306 35115 76659 14707 60357 99318 24305 85986 42445 23583 5210 10002 12316 36244 22826 66067 24312 91019 13319 35987 38794 225 97754 24435 18441 18782 58672 
35459 4883 84495 82507 27540 19610 75517 42246 96318 91187 82903 98655 33631 6485 3865 59984 35152 40108 99161 1218 64419 90179 30888 16757 28973 31112 14510 69759 65904 49643 28430 
17715 70877 29276 221 98416 48885 75737 57014 61554 66923 39916 60209 16905 62752 80425 76889 97904 20532 76049 15473 1303 66228 46361 18059 11552 93824 48921 81310 59728 98563 26091 
77442 69440 55366 94014 84207 20603 86102 41220 98508 53025 81135 75068 86281 43887 55492 79521 58142 92376 55570 73614 93678 38149 36326 28088 66052 30150 77008 63713 6229 91923 6155 
22 77714 77872 94035 78272 98474 80136 19492 13334 49512 16978 88401 52145 77216 60245 31665 51709 52620 3586 41675 46297 41734 78000 90736 24137 8149 67744 87849 30729 76018 94003 
30750 70083 71875 41136 48354 86700 21272 84197 16385 87135 1175 21138 39279 94742 81382 87296 46451 50353 90881 88125 13001 48967 66124 3736 73103 90625 87831 77304 37705 80200 87658 
68455 50282 59532 9590 98636 62584 47213 99184 95320 34348 358 16457 89978 11452 14190 77273 57902 64542 68154 62378 77542 33472 44853 97630 6574 51829 1812 229 89534 82012 87887 
74340 32293 63770 83929 47280 26353 31142 46464 21673 81841 63173 54481 88170 90976 68671 65443 65229 49564 49948 27606 27106 99771 88811 41087 22696 40639 42898 22925 46524 24909 10811 
20863 73554 74580 21144 37185 17285 68637 100000 55309 50477 63173 9789 38646 70500 94811 20440 35729 44375 86739 63334 87832 86509 68496 28918 9205 25487 88167 48481 72010 29428 59291 
9225 2981 50222 30368 40165 83858 99004 40165 39166 65832 19689 65307 20829 90188 60117 57621 42268 4491 60711 21954 8674 47220 90449 37591 72776 15935 25758 21256 4297 55185 96898 
29873 74517 63471 76592 31033 47329 91947 87549 2846 57778 23589 68152 94958 30129 44621 52578 72396 65463 13289 94349 74137 76860 84798 28079 65987 17084 70188 3594 37732 41724 16843 
67604 16240 80313 44195 63625 43993 36141 51173 46839 10270 74762 31342 5228 4890 75962 74157 93637 57777 3797 87986 31913 97008 89135 59991 79346 22570 30179 82939 60302 88254 16133 
44257 4494 12798 4804 68118 56790 57296 35642 19980 83918 10403 51322 5497 31644 43635 79653 41633 1411 99802 29618 49675 96809 18752 26018 92507 57673 72548 91797 17974 60801 7930 
78583 65294 20727 83386 49763 93868 40681 85405 13848 24598 12159 81521 30094 60155 25155 26099 1787 42918 42252 47756 8944 39060 82859 34961 47918 40531 7508 39715 74857 68309 47644 
53439 49954 84722 36824 16069 78589 93856 17825 8788 34806 46335 90308 81251 22841 31815 23701 40979 74732 65952 88734 83675 21364 71592 34988 69281 28475 42495 8995 3331 27155 56638 
73121 93461 57711 9944 25881 52652 20151 43705 61439 71308 6391 51747 68911 29232 99913 92611 70210 74644 58563 75296 74670 79926 63239 9657 65558 91713 68504 74553 11395 12010 47542 
84515 5470 5253 10810 47702 57904 47313 7758 35694 18620 14149 3792 87530 59732 3704 96493 46293 94699 55055 21588 69369 51332 84827 95377 16889 92891 63880 91441 20638 92242 55335 
5152 14063 60587 32314 61765 34842 79626 69522 70535 14597 83670 74327 2127 43401 78030 98619 6046 72729 70025 27633 58449 37708 28811 53825 54596 38054 34057 62389 58691 26298 17723 
80194 40360 94661 12507 18476 29502 92132 87998 16388 6729 88019 90714 25207 47772 85096 40177 53817 74176 26553 81449 32624 64260 26612 2800 35207 64665 53208 13947 23355 79505 48021 
19900 36217 42681 32407 71044 88534 40890 59041 4922 63970 47060 95635 5528 94831 97082 45704 48647 71257 88608 46447 3880 69219 73058 23032 4426 54074 76239 18372 77428 72096 66393 
97328 24664 25425 46086 95707 13959 86975 54748 18880 50945 18159 30866 56472 29341 44300 18528 94339 15556 7135 40785 35788 76354 30195 58819 97131 84268 35057 31854 78048 23504 14598 
91727 48167 40023 37812 43874 70333 24786 14973 5564 92082 49483 52781 64906 78823 97080 99785 73161 28988 23271 30297 64775 15976 60491 23593 13106 44759 75001 61312 22806 98505 75909 
14532 63023 32283 68695 23248 18967 9832 38220 24530 1914 87702 93663 83171 82876 90742 82955 72388 19729 22577 2685 855 38553 79527 40799 68010 40637 15800 29321 79794 30656 21582 
10677 10030 70216 79371 33278 89183 89203 71497 30064 7468 75551 23726 6990 74778 30820 89944 47166 66900 12520 66202 67755 67424 45728 8553 35434 2717 40704 64754 82510 87711 2687 
93187 97741 72903 72557 31018 78437 78111 18866 8500 1930 94416 48578 8919 85546 79397 15214 49063 46296 44086 15264 30402 11509 77343 38955 46942 80059 96010 28048 78921 83721 30734 
72107 81461 19988 61015 28830 98424 39126 47695 6924 57407 58463 55501 66326 44008 51249 81539 93070 13896 25624 8333 44298 37133 2027 99604 426 98438 95613 28473 77358 79333 75559 
49464 77145 95546 26830 5974 10322 82307 53669 17245 39714 12131 89097 6039 72490 56697 87577 65559 70592 29553 90243 31241 66685 8621 47196 67110 7058 42809 11935 84415 38493 3845 
50230 15638 99390 77060 37963 9711 59366 7983 43307 99079 20113 48755 21469 92602 21803 25398 74512 8747 54950 81106 39987 21634 89727 87183 5095 96784 46343 17029 81199 84835 20873 
31428 16824 36615 24839 71139 62677 84205 79121 22336 99635 15586 87442 21104 24539 9245 46501 99051 17991 17802 80156 74329 39435 69882 77863 60881 83018 40557 94262 64216 25392 15134 
11995 58567 68100 36834 29705 47129 37390 25178 69464 53376 40763 73257 74479 65301 82501 37331 64351 16843 55132 60859 91172 10918 47092 85386 71799 30109 25943 66060 94324 67686 97545 
22671 42604 81997 59504 72309 29125 13245 13838 14940 66620 54600 88196 57451 19900 87049 11133 603 3891 82617 61461 11414 9886 8552 96800 81684 55013 39094 64095 65688 6779 77992 
88358 49382 76340 64213 38042 5464 77457 51879 36755 60429 6478 41302 17879 42730 28350 45363 43332 32241 27979 4792 60006 37865 29695 56805 35900 84707 95898 16347 50395 19028 94338 
55104 68410 70677 19317 22803 92492 13125 74682 45598 73553 97511 86899 7783 40240 31601 53146 83571 80193 81124 4714 40198 35340 50761 13355 71240 51819 25604 87586 18565 44632 98275 
73669 29393 68951 9337 52195 77794 22461 43228 23391 12366 40739 26641 36500 97330 58241 89645 80901 38433 87121 1966 94983 22460 52726 8337 10051 20897 33940 13988 39461 94923 12262 
29481 24315 97564 38817 76510 75357 77630 36089 15099 89995 93179 58092 42846 90509 16332 32491 71409 71117 35963 89726 82451 58422 58804 90787 84825 79700 41078 98812 19160 36001 11074 
48641 60315 24989 87457 53176 16698 81438 89265 31796 87784 82443 6239 30630 89303 38923 63120 60711 10039 15434 66789 92489 73855 25592 99627 75031 5291 40704 73843 40802 76704 1268 
89442 53371 42608 93251 6546 59305 74688 12162 7453 78824 10957 13691 9453 259 52613 88924 77322 79003 4357 44110 87843 94563 86053 3821 69594 91343 44525 59788 32144 37580 77407 
37938 90950 20014 31188 97496 95671 22227 26009 3123 1050 36965 33165 26854 53576 2130 15777 30897 81132 36485 91358 85327 31048 77410 89147 16993 85104 50023 93132 17247 87603 86890 
71536 78552 6903 19075 92399 18925 41302 34760 38399 58703 71724 71564 1909 41651 73693 34037 72547 71176 70522 80256 72854 17921 57665 78353 34913 42768 28375 44396 76367 15977 31285 
47902 10881 54539 66977 3279 73464 24630 38038 11862 99684 26114 83425 1592 84116 73469 35629 73015 60997 6150 53270 33850 24070 27287 12202 75334 86406 56929 19729 62772 72905 51013 
27026 137 21903 94002 3416 95366 34983 57805 7228 34666 270 7004 36258 84386 96825 88238 57400 57821 10739 27021 8022 51160 54307 36576 26493 40713 93504 62573 19836 82760 29937 
46861 82897 51839 57214 2664 63557 92196 76820 70784 26862 77090 94139 79471 77827 90963 84060 51578 65135 94798 94950 73157 45957 49257 26084 88801 6321 19587 67725 26156 18698 14013 
73017 1594 65851 46582 20609 29407 38778 97429 16542 81991 90870 27033 77813 85048 17995 61872 36625 99482 73021 31574 88990 35329 97182 15073 40481 3502 51011 8205 46010 69708 22217 
35378 87654 4419 81959 8262 50178 20736 22042 66719 19078 12911 93751 96890 97958 28098 75113 50934 27579 48133 82508 32920 99813 96041 47992 40293 15895 99002 48497 61904 85061 87065 
97281 89066 7836 79239 97328 58013 16327 19369 24731 35404 48632 34834 48646 46589 79283 23758 97523 23213 88243 96382 56132 88055 8774 4123 44700 24668 19476 9548 86571 20888 96613 
203 9954 4448 79442 23633 62460 12120 43001 3542 47523 91632 54727 12520 54573 50361 36278 68447 73573 40872 81180 29704 45278 89953 50178 89977 30973 86005 99525 17543 6893 12489 
17746 33198 16936 13539 56830 95747 25658 16182 15640 89532 24166 86719 2052 78738 37079 54681 63536 10652 95552 61067 56707 40829 51019 6885 47158 98343 92889 46682 15886 16133 59170 
49983 49330 92457 79873 22511 4555 21882 38693 36546 11413 62858 39616 29816 57947 93047 84496 37834 3698 96399 98900 76756 53580 66270 83640 737 64613 92881 63770 96850 25365 39291 
63184 91047 48099 59408 13557 52653 81289 52249 5550 92701 31458 61518 38869 5756 54564 23364 59941 74613 36115 58840 51368 89694 41462 35008 6782 22426 44240 70551 19275 69604 9841 
98810 60650 57939 58217 74207 26943 39505 42807 48844 48557 90617 10361 87425 12724 64924 27141 72665 39536 79607 47856 7256 69300 89317 42263 76081 11742 2854 62983 47368 88809 72823 
46177 49459 47113 20745 40017 90407 76601 99175 39250 25158 6143 65963 28934 18867 47238 72426 7883 86774 52032 55738 94029 21331 61407 52643 13763 73148 71848 93097 36868 60656 65919 
99396 10114 29383 20141 66482 19789 96741 65657 75391 38250 88151 41353 67184 7017 4942 55961 14899 91715 7993 86989 2095 45675 48395 71089 59438 37894 42936 52534 74761 19944 34805 
90509 46409 80539 10649 12891 16680 23741 94899 8422 78343 83049 66126 45526 6418 71067 1486 21316 79134 25830 8304 81228 71505 73050 68669 47294 10944 27956 16179 2056 47899 67335 
92564 94308 47874 19564 23550 80905 59657 18448 89326 37999 17848 55451 99876 24265 26517 17713 61933 5650 43543 86588 3230 15047 59638 71898 78692 70581 16205 94870 88988 80456 62205 
81552 91115 10078 1115 14664 90982 77123 49463 80307 15121 67310 52109 14996 7927 78625 49061 69859 84275 92603 56446 87504 24001 16083 75753 2692 3015 91957 97561 92003 72412 59765 
89906 63526 86194 7372 94541 93527 84495 44003 90185 99615 27665 42293 30963 35591 20918 80023 21801 21544 88977 94598 9047 12977 27033 1151 15668 30047 93107 29580 38401 81871 5697 
28306 61748 91890 35678 72641 1769 36524 16643 91953 52490 60659 34246 83452 12601 71515 79826 34401 93058 68802 28999 18456 81778 56031 19606 13797 2429 29064 59729 40830 27286 65425 
85487 5386 57314 37516 78026 59082 74039 11020 67387 26529 71679 17984 26332 84279 89498 6158 35032 98907 91311 64030 33714 89441 36412 69671 3237 38840 15086 62965 96021 58724 44741 
97860 64109 18407 35375 58486 77488 25766 69505 61226 52294 57535 79209 94977 58166 85058 1134 93197 83964 92445 73578 34029 81885 9989 3699 1473 65180 18785 80790 77553 77508 25530 
75412 57968 43936 27138 16453 37776 69255 2309 15353 21548 59844 94562 32877 18009 79619 34010 27557 79935 42806 1134 13963 41042 27474 34014 58867 92653 69150 39656 86557 63009 81537 
78320 20976 41825 21810 53780 79600 91064 72440 11304 28964 32283 5865 61840 66643 1836 12201 94199 98122 55007 11684 12084 12400 39157 62449 71266 48162 31598 10921 34718 94606 8810 
13038 31933 50634 34847 85712 46585 42262 74504 57888 71225 6786 80105 33064 89781 81940 45265 331 80061 16623 12015 8496 29022 51171 70945 288 15684 18894 27560 50402 29852 36369 
79791 61784 3354 30989 63848 49938 73250 38351 7826 44475 61488 87930 77538 51268 86221 39154 67951 66281 55776 79965 91128 84798 47487 78424 1437 63171 97318 45348 29924 27169 98069 
9714 5304 1422 57054 85503 51360 30303 23853 75537 91129 85341 79818 85019 52960 66038 24172 20910 48670 96300 17226 56149 97449 81065 34573 98885 44235 48242 60584 90510 91762 58652 
223 13417 60074 73628 98920 27785 3930 22772 3321 11411 24464 99490 96429 93776 81879 36952 31037 46900 33251 64615 3048 47051 45679 53972 62287 6265 18565 22871 96774 26678 81522 
13348 40095 41595 86975 39014 69379 7256 78137 89051 18666 18953 4892 31446 29080 86770 68398 60116 33669 18000 24730 53069 65051 86760 23392 27337 93024 41957 66559 6149 68634 48081 
19496 25080 6027 6470 80445 75406 13726 58582 80808 48743 93886 85700 80189 22965 88821 64938 99432 22490 82937 24162 91910 64339 27273 15301 8028 36649 73609 74586 42797 58595 22666 
62293 83674 28693 85114 64119 20450 98839 39052 17609 47582 49289 19660 44122 72253 8481 9059 71684 30970 8347 12197 39231 89038 39470 54531 97065 76118 28140 88002 18914 3086 27020 
97558 86759 72064 82672 67229 8865 97862 6280 26473 61795 55568 46133 5916 44172 54613 14974 32208 1934 39673 44404 57516 28710 225 12046 25774 92694 56537 30127 27960 59622 57146 
25517 62733 45561 24540 29961 54425 22402 52593 80898 84196 24512 43382 90112 68684 14346 21437 891 32631 61109 61646 90146 89818 61871 18543 31943 54564 91432 62070 98875 51053 35567 
24392 30137 81128 48931 60098 51904 71332 29042 49153 71880 53553 92534 61991 38588 23231 83427 55830 55861 60888 17476 62358 50705 95698 80901 99000 66613 72332 61069 65488 39736 12987 
6231 69873 10466 71513 46322 62370 42845 75363 11522 31076 28915 20408 93066 83855 43638 92844 39684 15851 53731 73511 78208 20788 85560 75460 19787 52173 64143 97207 34012 20231 10193 
40242 6455 37011 11754 52776 99380 70950 28138 27253 2025 73404 47660 11442 57258 91298 4286 13294 23500 74368 3156 18059 95155 88716 9871 14941 40888 74013 12147 91251 10595 38692 
31492 17049 75702 59597 86176 91433 46899 14313 18685 65275 4069 66345 76717 77678 73994 97354 7323 97493 71721 10479 31903 83228 99194 41773 98168 56433 15786 26667 47683 42732 81710 
95526 59781 73763 71474 45956 65195 18372 76621 83879 83647 97041 66575 76715 91070 56920 74068 98393 54412 62140 8871 86315 45367 8064 28087 59887 64496 60224 86553 28530 19308 84614 
24055 79088 58376 11880 41395 23570 30252 34367 23800 30250 31407 90375 6964 22477 47294 97383 20869 18058 59522 46091 20724 4889 54154 65162 64775 35001 41738 67679 79882 61045 52292 
3936 56484 27019 32167 97878 50588 62418 32245 74387 9019 80003 81113 15982 18831 44759 13364 56051 79168 89238 2141 99891 10478 72646 81404 91604 7646 23141 59282 87527 537 27925 
7814 57020 71295 39981 71250 21882 18750 19846 12620 27769 99848 10085 60102 18679 71195 89818 91081 50362 79055 93222 66604 89532 65867 48007 81135 73513 87500 56768 77391 88036 1044 
1557 61408 72338 57889 32657 10571 92990 52502 39542 20758 68701 49626 97212 3731 20820 3381 94812 87533 98787 88033 54136 4670 53899 18495 2156 43763 22346 58923 37506 10381 76318 
39062 88140 65007 13302 20796 91929 6291 89649 31470 43401 58350 97448 40612 62080 34619 60344 56891 22152 59130 44923 92639 63799 15174 11133 65954 58936 49830 41228 12793 60211 17545 
68206 64702 98903 81507 85498 90831 87798 91498 38652 31198 49847 36099 88161 11927 70718 48504 85169 9221 7633 30092 1859 87783 61617 29344 53736 36904 79173 94963 49697 55735 28859 
17902 36789 27761 99409 38638 34943 3558 30135 73594 51107 79982 26045 55619 8260 13114 4122 93428 22334 28106 39871 40544 15888 1487 86239 85975 38391 81764 80937 88087 53850 9795 
22340 90638 53907 38100 29275 5201 41657 59410 95146 9115 55743 21190 64733 64002 50655 85206 57429 89340 13311 97300 29884 45550 15138 32474 31524 53528 30589 28812 57966 84439 54958 
96658 91428 25216 34757 20703 30416 92766 96464 25562 1880 52206 63103 82965 32559 13758 68170 6339 19449 97833 3638 65684 43382 35128 98158 91258 5007 28746 36421 62973 29536 91379 
75982 20964 16594 10738 58018 63362 19855 54481 88923 38087 23038 68377 21051 55596 98486 89220 61934 17935 87052 81924 83618 46786 33403 98127 54395 38409 43225 90815 17733 72760 98545 
93714 10075 31491 20804 68092 94852 40658 38924 126 78744 78313 84854 16146 33908 83340 5366 12194 1274 8769 10469 1243 55554 43871 99370 26300 98631 42594 33467 16364 31705 32011 
10077 41780 63501 47232 26223 74704 87890 65147 74829 82985 43459 59683 99131 93719 59374 20848 22264 76999 29616 49084 78241 1522 92954 93962 27821 7936 52907 61287 24299 84612 93298 
50728 26391 73150 97959 68965 47854 2200 34111 39034 1537 93922 15068 17019 87640 74441 37866 26255 67791 83833 75338 62384 85354 84643 56345 13175 92578 9252 90813 33229 10215 462 
83956 52957 73612 98266 21921 37817 16818 56032 93202 18354 49953 24622 51724 53944 15414 89589 80198 83205 73421 71887 45588 58775 56529 18284 88301 65458 27535 79113 98686 54101 79575 
98993 7057 69538 97259 28978 23706 30428 85009 16907 65133 51313 41528 16856 21608 56942 6444 18157 56498 96216 90043 18437 71342 62923 36720 75994 28380 80607 55107 27066 34707 51033 
26058 41764 36922 39668 70741 60627 70095 72101 93885 35227 39765 35413 68434 77724 8706 91229 95880 81555 87445 2274 99991 75138 81548 36710 51132 9927 33668 22590 53344 68375 73622 
95754 26490 10543 35421 97230 87521 21868 85682 81405 73446 41798 33169 58232 19521 58226 49460 31752 39780 36904 34025 39770 28394 31924 92832 79525 41850 26499 2114 11546 11225 92087 
7299 37714 18981 59071 51295 6501 97290 36976 4257 70736 78773 37426 45319 14645 95651 94778 46396 35431 48034 96772 91552 76427 28695 735 55951 70545 43586 74416 98442 54810 66502 
5740 92524 1834 64810 43818 24686 78452 97146 28942 65539 75918 66367 10857 90563 62018 5634 53310 13800 53667 50082 21703 30093 78776 22438 2395 65672 82375 76810 64113 37184 59663 
86204 29707 61496 67366 89877 2533 45817 87022 31475 11355 79291 97841 22211 86205 76210 27844 39515 6361 81511 89596 44416 27955 84723 83205 30350 66747 65579 7159 30859 2762 83174 
33415 48821 44669 780 55049 63554 46596 42070 95028 57950 37712 9220 96512 23917 1782 24355 79783 24494 22217 85730 68909 66524 70452 52113 96873 37198 34043 20383 84409 53157 3556 
17823 1977 64577 18602 73377 28130 81549 31798 39509 39498 69509 48728 52361 9777 50509 76715 89559 75003 15284 75288 60263 81807 62092 28728 95031 99289 62770 15413 49 15926 35321 
17871 34254 99897 52824 7630 44378 34372 39427 83886 90221 25288 32613 42581 35064 99474 35648 24623 90828 67283 16262 51090 65441 78353 79817 60471 93994 58939 92235 94042 74864 27555 
28265 9118 43803 81088 16747 88180 31812 72526 72065 38384 97813 21030 80965 32876 36855 32964 73850 44034 246 90112 95123 65686 84816 91292 42508 78809 50230 34742 72851 41445 62297 
1115 50562 6099 98554 83661 10631 46717 56186 99047 85101 53998 20076 82417 3225 73282 15380 77075 17315 31977 83538 28790 14014 84705 36433 56521 63514 3014 7614 52716 44458 69910 
70182 95020 92361 68735 78680 2991 31804 51217 2037 16904 5214 38465 99320 8438 28098 31051 1864 45413 79379 1753 74202 93392 86458 26986 66264 66323 29999 90229 19038 74456 60139 
5571 85827 68851 90657 80858 88193 22460 32074 6581 39363 53639 61397 55034 78429 89495 86084 96644 34907 65462 98397 25460 75205 1206 68797 57820 67528 98795 48049 2917 89602 24539 
8487 91781 9741 99143 88990 97933 37955 37416 4513 77317 91054 82262 32351 85834 71756 34786 82478 23014 16600 97226 64825 91804 14783 33621 65976 98662 32415 30376 17930 38368 54914 
26416 30148 64654 41910 35490 78938 79864 72905 99802 73533 80310 82063 22235 66144 53818 57020 64973 93183 73619 78550 58007 81775 93332 91627 47750 8345 40393 94477 26274 95113 49390 
69041 41612 30395 27302 77101 25684 23518 50005 25485 97050 46667 23900 19284 12810 94069 92655 94134 87252 66274 72683 61610 64400 82366 53237 28501 90710 9981 22977 33335 21445 88718 
2375 63057 35464 29676 40157 61147 53193 6514 2983 66594 53180 26882 85877 82341 37303 94884 92826 24554 61157 81860 86163 41908 64225 55751 70408 71286 82084 93384 4620 3528 82101 
6994 82936 17564 53021 39445 78710 6214 45958 98044 72807 15489 24926 75036 14181 62228 69919 23358 3133 47427 5217 5647 89334 85793 77750 59741 73430 59833 69476 78049 79712 51576 
1394 62648 69139 70766 2092 64200 76979 64401 78595 66138 79889 3520 57525 10421 82099 27443 33778 1583 91221 55346 7230 96906 41138 1331 56646 30919 61163 26121 8967 40874 94048 
26712 3521 79538 97477 21964 60089 90808 86364 38683 73297 82604 58555 30821 9376 57005 74615 59505 58588 82187 14850 82169 79092 72339 83499 52089 3257 61013 94561 28575 18238 88608 
71638 38111 68145 85467 60074 44585 76274 46438 83267 65922 29041 41821 96742 38417 98826 87708 14273 73765 69894 29123 55933 48985 1461 55783 1073 21070 16795 95633 49644 51384 592 
21282 89494 85088 6748 49568 29672 99373 96005 12938 65294 41397 54759 78387 96165 69936 66094 10438 43700 35987 55912 15984 84971 57372 88118 2395 94793 21264 14379 44437 72647 14970 
82070 62141 57 88817 11708 29728 4541 24064 59017 69834 81812 13775 48220 77977 62 14313 4766 60113 66651 60677 76096 67973 34400 80565 70367 29193 1828 1097 89981 90827 16066 
72050 52967 32474 77218 81026 78553 81758 5089 37569 51591 86900 67696 16162 81228 67757 30474 2345 27870 13476 63021 20317 81448 13773 17234 68166 59317 19061 69262 49297 26239 1679 
21346 79205 34152 98563 60230 12704 96672 81670 66624 48262 84922 34319 64423 82501 18428 11248 84846 62649 24723 64218 99317 22522 77990 16550 90687 37306 51963 59948 86602 78201 61626 
24299 73758 12129 39213 33987 41184 35884 32009 7807 497 33282 42126 81271 15782 76905 92518 627 39553 33592 81197 38869 56113 59186 71771 63151 12844 23733 23098 15797 1933 1075 
56448 75690 13203 95660 26029 54386 47896 74389 62193 48392 7670 20670 29663 39803 13926 38532 56782 53478 88476 37978 8698 60940 13515 80468 24091 26358 20552 63540 42155 38837 64615 
98602 30878 94169 10613 56906 64907 74860 47646 43451 23252 71667 64120 69266 11470 94397 24149 68251 47874 28976 22580 72923 89916 36094 69743 30358 62452 90294 93897 20958 29130 74863 
35911 76360 85384 46523 33265 50290 37735 97263 93740 77338 68929 74211 46603 80398 84959 87103 65000 32832 16079 87579 22106 22346 23673 91848 69055 2476 98494 79303 23433 43975 70518 
59343 20334 55901 22217 69951 22542 59951 83565 32633 37288 52493 23195 242 49243 8153 3697 30594 57336 36127 18173 95793 74824 58197 3993 43878 60672 2486 39532 456 62812 10049 
76150 99498 82301 14718 69448 4842 91021 53012 53826 44660 21856 77020 61254 71098 1524 64950 1692 75211 17428 36216 71004 92251 10764 74996 52480 87787 93833 92011 88242 56644 2060 
80743 56141 84360 95460 41940 5554 86480 94951 75731 47492 16807 52751 8745 4256 70626 90046 22299 45837 7473 74866 33192 16075 85629 8187 68554 73415 2019 60564 78008 75014 78975 
58750 31155 79687 70562 73094 1592 73393 84397 77322 20884 1203 46424 29628 21810 33402 19673 44109 79238 43497 35326 28781 59571 20955 36967 28124 94369 55337 5040 88729 30350 366 
47478 61504 96404 18039 50950 97995 91432 35346 75317 28667 52900 38092 58295 74709 71493 94319 35169 67082 37816 70495 95862 13738 7801 32828 58214 18521 4516 63253 7249 34866 79970 
54727 12721 76374 89117 63670 74368 96900 15367 66036 25567 68266 4128 83861 59327 75620 94531 10847 59054 48698 97693 54915 62436 5493 4095 20649 24014 8610 253 31262 59827 96574 
2340 72548 72947 91457 52569 63667 88356 67936 29702 13922 36201 50181 14134 11879 42153 8665 22726 1206 73714 20418 56120 52501 25911 60214 89501 49924 85176 89753 97537 45002 2679 
99877 33901 75625 91333 86470 39291 96040 54405 85345 9962 6957 51877 24095 18836 94029 49111 57913 11586 22825 78330 84058 91677 20592 60623 81178 70515 45798 70930 84404 7152 89960 
84280 41052 65585 75612 27521 21227 71651 98277 22923 97964 21586 74800 38411 56773 85180 87521 14685 13118 26697 93014 97175 18374 29958 74149 99551 472 19947 86832 84875 43450 76792 
85506 84501 58728 61117 28374 96306 49120 43002 35581 47083 64587 26732 85493 21359 11911 89366 36043 41380 32414 45409 38554 67139 75366 29055 83041 92189 65353 86225 93416 8802 79368 
78921 93302 54447 56390 38027 50752 21861 81029 86332 68943 45615 13063 70788 83326 41326 76505 35720 82705 25270 97480 37611 8761 72845 66665 91801 81386 32017 94377 91153 57170 73744 
86425 66823 44542 42814 4850 95294 81026 85878 97977 49969 47844 27392 37108 31169 85069 29964 66889 84125 71585 64368 21735 80345 53565 4751 88498 51302 53119 82874 42454 26640 72970 
28878 93463 33863 88044 98312 29156 69069 84189 43485 35389 32032 87228 88848 79553 72296 35163 46441 56420 6748 27160 94507 3444 80724 15609 91941 32025 85080 91167 90830 11719 80488 
36060 5181 14350 40455 3492 59858 9523 4032 19694 61264 52416 6921 66463 31968 95568 1626 78408 51987 24725 21919 46493 28168 2643 62102 36461 51019 47181 43979 58201 75251 40818 
94260 80432 55167 34714 83923 31376 60588 87955 51069 38203 40370 74341 4666 72337 69908 22643 67096 38247 63719 89014 84739 8238 8008 63192 44698 75379 26724 5028 33579 1975 45845 
44190 82406 17364 78903 82680 48739 55842 86986 16160 10397 27355 6852 31414 16043 76760 54056 99490 15006 34126 4856 16096 42363 29215 95640 3413 4593 38715 8440 38171 40689 54285 
98712 39446 71648 93966 38478 36738 49808 25463 52897 60204 52818 76101 91617 85212 52860 62024 84702 84217 12501 5909 16664 54863 35123 12303 74627 39716 51018 83067 94238 8058 53703 
92950 63856 41702 86915 2333 94791 53074 27795 47688 29629 96964 23788 21245 98528 92999 99620 99581 93567 12120 5489 10230 83335 40611 22533 57961 96678 89902 57379 7268 14311 11081 
217 78166 69134 3483 96850 63925 72909 40997 27964 2537 54312 68103 40134 52839 77453 39753 68771 71019 68225 74259 81248 51559 31222 20132 9519 44251 26385 83250 51518 40696 10682 
68086 35213 79816 87921 32063 60092 60829 89411 88055 63365 43722 56157 3498 96561 33609 59603 65331 20979 27827 55942 18578 79385 3515 38710 5255 47765 81446 88504 99283 38493 15538 
67368 73706 95353 71640 22120 55444 32468 11530 59850 95833 55251 16006 15682 68163 65966 75284 49846 3296 3110 5787 21873 98846 9301 76934 20453 73417 58380 25308 72699 96872 40845 
56419 86929 52549 28058 9048 7992 76878 20577 67841 89062 92180 198 4743 60342 82515 80027 10187 85810 99488 32325 24035 14686 57977 968 51490 31394 59347 76797 20444 72571 33994 
93214 59499 86542 37624 84899 10886 14501 5475 78726 3562 14006 95276 24656 74348 77790 21034 886 79952 36874 49563 3986 51559 7539 4953 3048 55284 80652 96196 92080 69574 30189 
1645 45424 33083 39268 30322 43968 70120 52149 22693 90033 66154 34320 14689 56853 12110 35722 57739 8413 72595 7301 12398 40505 31191 33702 59904 2827 30705 56100 94906 16630 2640 
96550 62054 35722 52170 92375 79689 38641 60875 18734 28674 27029 53053 43362 83881 81514 95435 57971 89926 84382 81623 18675 24886 12814 68729 84790 31992 99433 57241 26897 16063 76232 
39798 94468 11954 8319 86842 7994 46960 47717 26727 75633 91097 96132 35346 91329 93997 30780 49300 275 31513 30922 18949 56399 60087 4029 57540 92078 19814 31132 35326 52228 7363 
91476 46695 19316 99794 49888 43662 46753 13956 86740 38737 5052 82871 90434 96381 76868 21214 62032 93494 69078 92953 12442 25476 69392 32823 99367 61469 52636 30498 13147 4863 37861 
4622 51557 73528 4415 1444 17189 67520 31752 3929 22608 36803 86799 13042 49535 80018 50607 11566 73511 19684 20871 2305 45160 90262 35127 60878 68082 4114 91376 81228 8976 29236 
85849 76884 2763 6616 94679 36304 74135 26430 40232 96742 63233 43382 9783 29119 39752 76741 40685 29614 96425 77907 31918 41584 68168 83396 2461 52601 3861 10188 33829 12836 39423 
36029 6071 58538 42644 750 94841 16778 27179 51424 29872 6763 94805 56006 52234 34556 32747 92918 64170 45523 87176 12439 87106 71695 95835 5918 24295 16047 32458 74475 28883 88232 
10504 51305 46769 53147 52054 57961 86277 95585 9384 32500 18699 20541 4857 70932 55096 37603 80201 19265 83125 67376 31704 86582 39070 43890 8852 63365 59936 41309 37839 5170 45892 
64694 56475 92661 17841 24880 66973 4117 20464 92709 52968 39163 13249 57824 10094 68344 11779 90295 3961 11255 74022 52016 14189 13092 12257 23040 92808 88544 80700 46998 10066 42943 
11692 66540 35603 45884 7771 18928 66352 44587 11636 19319 83749 41236 77142 10194 25931 88920 16840 29891 16527 90862 98258 30715 20305 10514 70106 29464 99058 67157 76461 9123 10099 
4504 92014 62054 50387 16136 80981 16738 60722 8968 36056 60822 66555 29550 71016 92485 34821 4207 22376 51347 11420 20633 82061 48076 47499 52166 77539 62908 19322 70352 88382 45773 
91207 80395 7826 41594 12882 88806 74683 73604 14125 27091 34425 80679 56640 21792 89515 7812 25999 11890 59159 53770 48875 57571 1846 12725 9737 95736 75632 45410 66087 64013 91182 
57294 60759 15359 15239 73640 20516 89921 47243 34640 17011 98020 31670 90002 19811 21185 97814 62161 49426 73324 15931 14652 30894 17776 27376 56982 13511 3007 18744 95950 83371 9925 
53243 44129 41636 84833 17769 62151 74753 81363 13143 8116 79382 44812 98117 99193 82348 12282 77705 31774 85605 93635 46425 16499 27762 90153 73480 41273 9511 92223 53574 92882 18500 
23168 37010 76487 8000 71130 38637 99104 52493 51779 7219 48226 96591 21688 63770 78938 33969 41475 27063 35926 35109 89840 68776 62871 79992 42255 20495 89502 50830 90420 82383 85681 
13587 35745 62167 21586 6874 803 20689 75718 68934 44260 23944 65524 65947 4065 60813 16267 45539 4228 52192 97000 94067 20967 76222 74058 79574 96716 79911 46755 87135 62294 48787 
17073 98038 10953 38658 21263 28107 75698 96981 97040 19957 37276 78915 2255 41340 56080 18522 3231 60307 87065 230 70725 24384 76451 44782 20309 89518 24692 67063 93004 3337 15849 
10076 17726 43153 65085 38989 71259 57134 52321 84651 93443 89596 79917 95697 47287 35996 14218 50517 12654 17635 50746 83378 42018 43548 44511 62326 49417 85555 45740 58772 88891 61588 
85199 6617 21092 66635 61957 92350 23769 14277 93352 17211 3872 73269 12907 51158 25616 43477 18027 38270 77463 85124 37999 19480 28672 82510 98157 94440 68064 43896 53212 73306 21835 
38410 96274 42926 5045 58230 51627 45165 72506 44979 62375 92729 18247 91633 60239 60214 51461 94617 98483 28923 79740 36482 64754 24763 18991 62910 19203 3406 23157 72414 76711 44991 
27175 72985 4268 48571 47566 55895 93735 36424 873 72461 29152 35471 80446 5742 95684 31906 358 10519 77181 80098 63352 41934 4860 98694 21196 40414 2099 44352 12827 95161 5695 
56354 84497 9962 21276 32063 82208 31363 68486 99432 3823 13989 51254 620 36083 63290 32526 36440 73808 26058 32889 37159 67991 54101 35852 5538 94514 54302 49890 23693 49462 71936 
80046 33959 98249 17673 82373 80457 49035 67210 96240 52858 81198 47494 53477 17280 10783 2354 70072 942 28411 2960 54452 12754 57060 6655 18291 67926 60956 84532 91618 26769 56467 
88015 77079 71068 5687 75803 67876 54722 43012 64115 23931 24210 27960 93759 57841 55094 12465 27912 56035 57227 47224 10486 69980 4283 33492 88271 88560 10799 89154 80177 37568 61973 
84543 30998 33040 90230 6801 17267 61303 49812 81381 85233 90373 25693 95343 48214 80786 7807 76125 36821 65034 23348 63658 35013 43983 13502 39635 32542 24300 28789 29071 78219 7113 
13613 9217 40152 3842 32369 57418 65144 82180 55150 66728 72553 97194 62071 20766 77980 86229 13242 31152 51262 36590 11161 2627 80572 24662 58613 29465 48962 3753 58535 27180 10865 
72148 52748 67368 92341 85116 24785 73837 83648 96287 40564 56200 93480 18986 93317 87811 5215 6558 18962 56476 59499 30123 75454 56422 71136 34067 85887 20097 37819 60773 63629 65036 
32920 16376 32403 41613 17844 73540 15449 1491 86178 56012 57690 79657 74998 67358 83820 96564 73915 2781 53039 49766 49255 44845 6187 20391 78911 8425 56839 33081 69198 20467 14468 
18469 53195 46871 60081 71038 20410 75529 72528 6587 47893 46569 2595 39242 13926 86414 35805 4192 5547 88843 53957 71153 50039 60144 91543 28949 68568 48382 78382 37765 85200 92849 
56234 38394 39719 32666 9431 76480 8195 81958 99418 72439 44878 18365 11680 58803 4778 47484 62995 26676 52678 16951 97829 2717 77094 5723 48017 62014 54104 26398 99778 55656 35599 
72363 94049 91669 5029 3480 68149 29575 1789 83918 2013 46667 2282 30044 21821 23412 77527 84815 66439 30204 1766 64267 32920 95211 69990 80937 57224 40445 23686 73354 96100 59284 
45716 6501 50953 67096 9980 35453 13022 28120 35722 31386 91138 38004 61429 12959 77767 38955 14125 44205 85511 32242 8472 34782 27453 94813 32070 1028 51609 55756 74381 64061 31391 
36449 70561 98695 3544 96892 50499 32918 41363 86221 64303 32501 40576 42084 61811 18342 97390 92287 62546 82900 24529 87369 17682 51981 98533 66103 53008 50142 21858 27389 14202 69601 
63837 1114 68295 83732 98005 18794 16649 39367 21366 97304 88219 61941 39387 66381 96634 36776 58668 59179 36028 83196 62900 70061 35176 61432 36163 4535 27925 74373 48275 58478 43973 
28463 59591 28619 12195 73947 47412 45195 13314 85129 58850 17884 63421 14588 84265 60054 67716 42932 35585 3743 42479 98484 73803 94006 76267 26317 98540 20544 689 46815 79021 44661 
91629 54964 73280 20175 45262 37043 81722 74927 38524 40571 92811 1944 55159 93427 78350 22874 52710 13934 42968 95188 28769 16770 89193 21387 59438 4084 41930 60127 67250 37303 21139 
58879 92266 10770 79053 53879 64165 60774 28806 2688 17697 21616 20983 72855 15042 99332 12080 67751 13265 55047 79290 58385 88168 68482 79772 47605 72565 21701 24083 56167 59003 61574 
15045 67620 72343 10449 21499 52859 71223 50304 55546 88919 88271 92881 78125 19664 92212 6556 87414 21829 77954 83055 96565 82473 51536 76336 46429 40452 14389 70512 96618 89743 32085 
28014 57363 20779 38463 95213 73638 26037 61868 45535 31307 50138 54767 9431 86153 63331 32338 73566 1511 10291 56620 98075 92763 24507 74411 39191 81310 88799 26054 94280 78541 58138 
22293 52255 95269 60755 63819 85258 3143 25686 30792 34449 92175 85559 43879 78327 48889 92568 68244 50399 2858 41215 64825 11972 82073 39235 51163 63383 44385 77216 57662 39278 51706 
96306 7884 63326 73413 88055 48583 76555 13740 79374 11004 22267 81284 71234 16945 46524 63802 1541 13274 83011 59107 78099 94983 41180 33685 46145 20914 78070 39712 94927 33699 7769 
91232 57934 71094 64644 45988 19676 41199 76080 15402 52202 14698 96685 23435 31642 43209 3588 49534 56482 86599 8641 50932 81581 49820 84617 44077 87085 79038 83788 82011 12736 91557 
73242 70669 79002 37886 33009 98678 95436 9088 14079 47637 23785 27115 87423 71778 86675 91011 21312 59509 77609 29952 10440 75541 96123 95056 19617 83207 74093 3404 65217 3180 11312 
54810 90201 90314 92695 23209 5343 88130 48648 19421 52118 72432 46535 39541 60561 33210 46903 81872 92718 40863 28175 19509 16403 40649 14565 36019 40207 88657 55774 21775 8189 83438 
76585 98389 73751 85631 21597 79093 90113 70244 14865 42230 59027 77751 98122 19587 27312 61376 17811 36381 2238 45985 55890 18640 2986 86806 71010 59544 91814 26784 81319 2 10221 
57903 98390 323 59885 19986 95767 49997 6581 26983 8579 65607 4733 6700 85194 32045 68076 19356 84777 86665 65340 40666 21657 84677 27471 92666 44221 19285 35801 25539 35638 62373 
99793 34028 79047 76029 54013 91165 26026 60594 18147 50956 42552 22880 74007 44097 71276 58434 63452 72404 45099 45144 29422 66755 29820 73244 75772 90392 8880 27925 32282 44518 90297 
48426 78545 85696 24455 32557 76860 66832 9502 95007 17787 68406 34238 91793 12502 21865 50227 75954 94268 11677 21097 23689 94783 67268 96933 70554 57660 5812 14830 6293 50329 5127 
