87 55 8
63 32 84 33 13 19 51 76 70 5 95 5 100 70 45 54 7 53 81 74 49 35 93 51 47 12 1 78 99 7 32 13 38 16 45 3 34 47 30 56 3 24 12 54 45 57 7 4 61 39 77 61 25 21 64 
23 85 16 100 35 22 32 47 59 99 43 13 32 90 42 39 44 17 51 98 62 59 56 17 71 47 93 32 71 66 95 94 50 10 45 84 31 28 82 41 26 24 6 10 65 47 48 61 64 50 58 77 8 65 93 
31 11 37 62 82 2 8 27 51 69 71 86 51 99 67 91 24 43 96 33 59 95 33 19 10 82 28 86 42 93 30 72 3 66 85 36 68 92 62 70 60 33 8 10 83 74 52 58 68 100 43 27 46 75 97 
55 8 25 92 1 69 73 24 23 38 8 59 57 51 20 79 62 4 86 23 38 11 27 96 79 78 38 57 23 64 53 29 23 29 72 24 97 44 99 20 33 59 30 42 9 1 20 23 57 57 97 94 67 23 41 
45 52 30 53 74 45 6 54 68 86 77 43 35 72 41 6 5 99 35 98 60 87 69 82 43 25 30 89 91 53 29 88 4 59 40 30 55 97 35 22 83 12 64 69 83 5 74 39 55 60 88 14 46 56 47 
89 80 77 77 23 81 57 62 84 67 53 65 22 2 52 43 84 15 59 4 49 15 77 88 69 36 27 35 81 83 81 21 14 57 49 88 37 6 49 73 24 54 89 45 55 40 40 90 54 50 93 3 64 69 42 
84 56 68 18 88 2 51 9 16 7 9 3 96 66 4 68 90 57 8 86 11 48 25 52 53 26 44 7 41 64 100 25 19 68 94 58 21 44 18 36 51 27 91 98 92 46 65 81 54 72 67 16 71 43 67 
24 69 10 82 61 25 82 85 95 1 31 52 21 74 70 9 76 96 99 73 39 96 89 20 49 13 38 64 83 32 30 58 52 91 40 13 15 21 49 61 73 79 12 93 53 33 1 80 28 51 53 19 46 93 38 
94 5 27 9 88 58 38 97 10 80 88 74 46 60 22 6 32 1 70 25 5 2 25 84 82 76 88 100 73 33 89 67 37 15 75 76 24 65 73 33 96 60 6 42 72 80 47 3 80 68 27 84 70 4 19 
51 31 59 2 3 91 90 21 27 56 48 55 79 12 27 64 7 38 69 100 9 48 99 64 79 66 90 14 35 45 85 37 75 43 38 30 33 79 2 11 34 49 65 65 12 43 28 71 33 48 70 93 48 68 56 
26 86 98 40 20 94 24 9 21 18 98 2 2 77 3 64 62 52 81 26 15 23 53 85 7 53 7 52 100 26 59 25 11 8 16 83 2 91 91 74 8 88 75 9 16 77 25 30 80 5 7 95 79 12 31 
86 64 37 89 63 63 47 39 25 7 55 7 8 45 49 33 5 89 7 65 4 83 89 85 15 93 44 9 72 55 39 9 70 28 97 32 42 95 70 66 1 76 25 60 73 73 92 77 61 50 93 17 33 34 1 
99 26 44 7 49 50 97 57 19 24 5 50 17 52 72 83 4 99 7 64 71 79 7 99 40 57 92 8 41 25 8 39 2 4 97 51 53 45 59 24 69 16 25 37 67 96 19 70 95 77 85 17 8 44 16 
47 100 59 54 92 35 13 82 36 68 30 38 21 74 49 44 94 64 68 31 82 16 49 51 62 26 88 78 33 31 45 31 82 55 36 73 89 100 6 77 68 35 66 40 8 14 35 2 77 54 32 10 21 32 13 
82 9 100 12 93 82 8 75 63 63 62 87 51 62 92 79 81 78 45 20 85 58 54 38 87 59 21 96 80 53 8 61 61 59 24 6 40 32 80 2 94 42 40 96 55 31 75 35 8 71 54 45 28 59 34 
66 17 55 14 48 7 21 9 19 32 84 24 71 15 56 25 60 97 64 8 51 47 34 37 6 4 42 50 31 100 84 49 68 90 62 16 96 34 76 66 65 11 90 36 26 97 12 37 93 75 44 95 21 77 83 
27 32 24 28 15 75 63 63 94 52 24 61 47 57 36 65 74 47 6 9 24 2 72 12 46 46 8 92 67 84 74 45 68 97 72 82 71 35 44 64 38 19 25 85 75 12 1 48 10 6 8 85 7 79 97 
52 77 4 43 95 39 16 39 6 64 62 87 86 96 82 1 34 100 77 70 27 41 22 74 50 27 34 87 33 64 35 36 40 38 78 34 28 45 24 86 60 86 24 45 33 6 97 18 5 74 39 83 66 60 57 
67 86 42 53 18 57 87 53 97 76 82 82 4 78 58 41 37 43 64 33 75 69 82 93 26 55 31 8 72 91 16 38 76 9 43 46 66 29 50 14 57 84 47 12 61 4 52 98 46 15 82 73 36 63 65 
61 69 47 20 40 89 36 30 17 44 72 62 61 52 63 74 8 46 73 19 7 76 22 56 74 37 89 46 72 52 10 84 72 8 3 64 97 90 93 13 86 64 26 46 15 88 72 23 86 44 93 44 71 15 99 
44 3 39 89 26 90 98 9 14 58 63 77 54 53 69 18 38 84 43 35 98 82 58 72 67 1 17 10 72 83 60 15 85 99 4 10 40 53 70 53 10 32 81 15 36 49 32 25 84 26 60 34 8 17 5 
26 70 73 88 41 55 47 7 91 97 62 100 37 15 21 41 76 53 22 43 88 22 74 13 6 52 24 39 59 40 95 36 61 20 23 1 74 22 60 17 18 21 68 54 87 89 47 15 41 68 57 80 89 82 44 
46 33 67 36 43 59 31 79 19 50 53 72 75 74 31 91 92 3 59 97 90 99 43 4 91 62 12 70 51 93 66 48 78 84 84 20 94 66 50 65 67 55 36 93 28 18 84 71 72 94 68 61 44 62 16 
34 24 79 55 26 72 20 73 1 4 8 72 97 73 74 61 39 28 48 32 55 17 67 78 89 12 45 1 55 58 69 40 81 47 94 6 70 14 31 70 69 38 42 17 11 15 78 1 42 77 84 48 46 2 77 
86 13 73 38 19 31 6 58 11 5 52 17 74 17 47 96 85 36 37 1 98 3 30 99 96 59 34 95 4 36 72 41 100 44 78 71 74 36 28 37 92 31 5 17 99 3 12 83 38 100 84 36 2 65 34 
49 23 19 44 78 54 15 18 54 10 96 24 84 83 3 20 74 86 24 90 84 78 2 19 15 53 2 50 55 18 35 55 41 54 98 70 7 64 88 12 74 35 87 9 17 42 28 42 27 3 31 62 80 84 80 
46 37 33 96 43 51 82 97 43 87 47 12 46 10 99 57 83 85 96 91 53 37 70 94 63 24 77 24 55 60 56 1 48 88 48 90 38 29 39 32 16 85 44 13 46 94 69 81 79 64 71 31 100 93 77 
14 68 53 90 23 12 45 75 60 32 22 1 22 2 91 53 69 27 96 81 73 42 2 53 20 17 75 2 69 19 78 82 87 30 23 61 94 67 35 5 51 8 5 72 9 48 76 30 74 24 62 98 65 63 2 
36 80 29 37 100 47 67 81 85 96 4 45 89 22 79 93 72 86 50 95 47 49 71 76 74 94 89 72 58 52 25 93 83 53 81 82 52 47 14 36 95 69 81 83 91 59 28 14 97 29 9 43 77 79 70 
50 72 58 73 81 61 50 25 95 2 5 28 5 52 94 41 46 62 73 80 4 31 59 18 79 39 78 73 67 56 42 69 79 52 93 11 64 42 35 59 44 91 38 48 94 31 40 91 45 12 71 48 95 81 17 
73 72 46 98 38 53 91 6 31 42 99 93 58 40 79 68 35 70 5 35 63 88 74 54 32 38 76 31 32 8 100 56 79 45 53 69 98 44 74 80 37 24 73 94 16 51 61 2 72 18 36 35 5 62 40 
88 99 15 70 82 22 69 37 53 14 90 21 63 33 46 42 69 22 66 15 37 69 27 90 40 44 78 26 100 39 65 87 89 31 57 70 5 77 58 57 42 47 77 4 31 74 98 52 95 63 18 83 83 44 73 
75 88 50 100 39 40 17 78 80 47 34 1 51 62 58 59 4 57 35 7 39 61 4 42 55 19 59 38 1 3 10 75 42 11 27 80 50 95 57 29 41 42 29 44 56 38 54 59 94 41 17 85 1 21 26 
55 91 85 92 91 39 1 18 80 11 96 11 12 90 68 92 82 61 72 77 16 10 31 26 55 71 43 39 71 15 65 25 5 1 17 47 39 69 16 18 32 11 80 95 52 99 87 34 60 58 62 27 19 92 53 
74 62 95 64 84 61 80 9 65 80 77 11 70 97 27 87 28 89 19 75 41 17 61 26 76 70 87 55 89 79 59 14 92 5 29 76 65 9 36 29 40 12 91 10 60 17 48 40 6 66 14 46 83 74 71 
10 95 9 64 83 87 74 48 31 78 77 6 42 37 41 22 28 4 13 37 63 29 37 2 86 2 15 83 36 40 5 98 35 14 13 69 52 87 17 82 64 45 87 58 33 79 79 60 82 91 97 97 20 33 98 
57 86 65 40 74 4 44 71 90 9 83 59 61 69 27 42 85 71 81 42 3 59 20 62 93 11 10 89 82 94 38 38 80 2 29 5 58 25 75 47 33 57 5 93 78 83 35 62 53 15 3 7 25 22 21 
17 32 30 57 65 24 95 3 55 48 83 11 5 7 85 52 40 93 8 32 70 91 18 31 95 84 33 54 61 7 74 29 38 55 86 55 30 32 9 36 79 91 46 36 98 30 87 89 23 46 72 92 88 42 75 
83 25 59 88 37 65 61 66 55 15 51 9 45 34 17 80 12 59 78 99 56 7 85 96 81 83 68 73 70 9 99 4 85 57 43 22 22 3 87 76 70 89 84 66 74 52 97 37 10 74 36 18 81 72 13 
61 54 80 85 76 88 83 31 25 92 74 46 13 76 84 40 97 24 75 62 97 26 59 33 87 84 68 4 64 40 69 77 93 48 13 20 88 48 51 64 39 76 9 3 3 44 42 100 67 16 13 63 93 23 95 
79 7 63 35 22 54 55 50 98 54 63 18 93 62 20 56 100 95 64 54 97 59 95 48 25 62 61 87 54 83 82 84 89 96 70 63 49 24 12 98 78 74 15 70 87 34 26 86 80 41 91 77 100 85 76 
76 46 36 63 51 19 96 87 59 43 56 21 43 32 85 40 9 10 55 30 97 40 7 34 20 100 25 48 51 9 23 26 7 11 88 9 81 35 95 39 77 51 12 19 34 48 59 42 57 65 23 53 56 30 87 
27 29 11 26 79 71 1 4 29 11 44 38 91 78 32 81 55 34 44 25 67 91 83 60 48 99 35 52 55 64 90 81 44 100 7 22 23 59 77 3 69 20 40 59 98 24 91 4 9 35 28 28 77 63 87 
76 61 73 28 67 36 17 100 79 69 58 52 43 16 29 45 84 100 85 94 49 60 36 52 68 22 32 95 99 94 34 26 6 6 53 73 94 22 24 72 42 81 76 84 96 56 80 31 55 16 76 4 75 11 7 
43 33 38 89 83 83 74 8 89 80 13 13 73 86 36 96 27 16 23 10 63 78 89 45 33 5 20 88 31 82 94 25 14 84 14 48 66 87 8 54 18 20 18 42 5 53 90 83 20 12 44 34 90 84 78 
74 40 49 61 71 31 6 95 96 89 8 44 55 47 3 60 64 74 30 6 30 82 95 12 54 6 55 87 47 38 17 20 78 65 32 100 95 38 94 91 78 54 86 84 52 88 44 15 61 73 72 42 6 66 53 
11 24 7 98 22 96 66 42 25 30 25 24 77 14 70 19 92 75 4 75 26 43 70 40 55 94 12 96 52 29 48 62 4 6 59 26 53 24 19 78 6 43 1 82 57 22 100 100 96 55 74 21 97 96 61 
3 89 24 98 40 4 97 2 8 54 12 33 6 88 3 83 93 45 36 26 53 9 25 52 5 31 26 25 79 73 37 81 61 12 30 53 16 26 54 75 31 17 7 36 56 9 71 48 5 58 25 58 66 1 61 
22 31 38 47 9 10 35 89 71 99 18 75 14 95 80 88 77 96 46 65 52 6 35 51 10 44 76 19 9 76 32 31 59 69 29 67 31 15 56 53 13 25 27 78 72 6 65 48 1 62 64 4 67 98 55 
29 93 82 99 2 9 30 84 67 51 64 34 81 78 41 33 43 17 11 20 40 16 85 40 68 98 3 72 65 53 78 45 45 11 95 98 19 77 81 86 27 96 71 59 26 11 43 68 79 53 87 19 20 23 58 
87 21 60 10 37 12 87 33 57 97 27 54 68 3 87 53 81 82 23 39 7 85 33 26 63 85 13 81 56 87 90 43 7 50 4 95 13 91 27 21 39 6 75 58 8 13 10 89 46 84 79 53 20 12 30 
35 48 42 67 4 29 57 98 87 58 1 34 70 43 12 43 82 17 17 91 77 81 1 65 26 36 95 30 8 6 60 42 6 1 8 9 81 16 6 20 73 58 53 95 1 64 37 34 33 5 24 9 37 76 25 
62 12 19 92 71 77 51 12 82 3 71 42 36 39 99 55 63 56 7 9 56 22 97 89 54 1 13 62 37 88 86 51 51 57 42 21 33 44 84 14 46 7 7 81 45 5 87 7 60 93 16 16 67 12 56 
20 65 68 82 53 8 19 3 58 75 96 31 7 39 66 72 37 72 30 69 16 34 56 75 94 100 42 61 66 5 16 86 69 36 19 74 43 89 28 52 16 24 34 22 14 100 46 2 71 75 71 39 61 78 65 
6 77 6 18 95 10 85 32 31 20 2 4 14 90 83 18 5 58 51 79 72 2 76 25 25 2 47 63 62 24 27 19 53 84 36 99 93 21 30 75 92 31 30 6 72 13 75 29 70 25 7 93 79 34 18 
3 35 16 65 49 40 43 67 44 26 55 42 70 75 71 45 66 53 74 23 24 38 97 52 8 74 10 100 52 43 69 54 30 85 18 30 76 12 48 71 89 2 12 58 28 34 54 94 38 80 68 13 17 65 65 
76 38 26 28 89 21 96 42 2 32 11 31 59 22 30 29 62 84 92 19 11 77 25 56 14 4 24 27 72 40 43 48 77 20 75 17 40 22 10 93 6 20 75 64 93 5 45 54 88 36 24 50 13 48 6 
78 3 81 56 75 20 50 74 48 70 100 64 61 73 73 54 78 44 28 42 88 84 86 93 71 73 68 73 37 16 78 15 70 10 22 96 81 72 69 28 93 20 91 53 93 15 58 70 10 38 63 49 21 100 41 
44 25 8 16 61 75 45 75 97 54 97 92 34 20 13 13 12 32 55 16 24 69 74 46 30 11 60 78 31 60 70 26 84 77 41 96 4 85 71 100 90 19 43 75 90 55 87 1 39 41 16 14 61 41 59 
90 3 71 67 86 82 88 11 17 65 52 12 20 36 34 71 78 4 13 52 93 20 39 93 58 79 61 23 40 53 34 81 56 4 100 41 85 87 51 1 51 2 12 22 90 98 92 67 1 5 70 94 76 8 38 
33 39 98 7 78 51 40 58 58 43 57 98 79 96 48 79 98 2 43 20 43 40 11 61 92 67 30 85 42 90 23 26 28 72 33 57 74 24 66 31 67 75 28 45 70 28 76 67 29 70 86 71 9 49 31 
100 15 12 37 9 1 11 86 28 82 70 84 8 94 50 38 60 76 18 56 45 45 31 11 25 100 97 47 60 45 29 12 11 40 100 71 93 10 9 20 91 78 56 98 71 57 88 82 32 5 90 76 1 72 86 
77 24 34 23 35 30 3 98 93 94 97 63 86 6 23 6 49 1 13 98 23 21 85 57 52 41 98 79 41 69 16 69 44 50 91 79 31 45 76 23 39 73 38 24 30 60 81 30 12 93 28 87 65 64 43 
16 5 92 46 97 12 62 66 56 63 8 86 93 53 61 16 91 85 5 66 67 16 47 96 28 91 23 14 56 87 8 23 43 99 69 39 10 30 56 17 92 64 2 84 68 15 51 10 99 7 75 17 23 21 13 
50 64 87 15 19 73 22 93 67 72 61 58 33 42 13 2 33 28 3 69 47 17 71 56 68 78 31 84 100 3 96 1 66 35 15 36 59 88 29 26 11 89 83 95 31 47 96 15 75 99 35 73 15 58 29 
34 35 59 18 86 61 65 86 79 99 100 14 10 39 42 35 49 83 69 43 65 15 39 31 41 89 66 14 55 23 42 89 9 52 58 94 64 22 31 42 73 30 8 82 20 49 68 20 83 36 14 47 50 52 30 
43 92 47 56 47 69 49 35 29 100 92 22 63 65 52 57 89 33 64 22 4 12 89 23 47 76 36 45 26 40 74 20 31 20 75 77 40 23 63 20 74 6 41 36 23 44 92 11 28 55 85 83 19 25 5 
17 1 93 61 78 32 87 97 14 58 23 91 98 97 5 17 70 11 10 57 85 5 1 47 85 7 31 67 25 56 24 93 56 16 54 85 47 92 81 12 49 3 2 98 99 59 15 20 21 76 76 5 32 76 51 
16 83 82 35 59 89 58 52 96 73 57 80 71 48 12 82 96 66 36 94 64 46 60 35 66 87 10 22 70 86 72 38 20 5 72 78 45 81 81 40 5 37 71 75 84 82 8 32 47 95 77 62 92 88 96 
57 74 58 30 43 95 54 80 14 58 3 43 55 83 24 46 87 60 17 13 96 50 73 27 97 19 3 10 11 90 58 19 15 15 49 9 61 2 41 74 11 43 16 65 78 39 11 64 51 79 29 46 28 1 24 
76 19 26 86 81 67 95 100 33 61 48 41 21 49 81 94 59 76 61 24 53 52 86 68 2 64 48 47 91 48 70 67 19 47 4 99 65 98 98 97 10 45 89 30 45 22 23 56 97 35 31 1 86 16 20 
87 31 68 85 21 15 6 39 85 52 94 36 68 43 33 64 52 30 5 81 26 26 55 81 74 90 11 74 75 26 45 14 8 12 98 29 79 4 19 63 7 65 50 75 59 35 90 11 64 46 43 41 71 98 22 
44 39 84 69 65 62 14 78 69 25 28 49 55 83 20 18 89 84 19 15 42 53 57 4 68 2 47 9 25 96 82 68 34 65 89 50 26 2 28 47 78 55 95 33 37 14 2 77 49 20 44 91 73 52 94 
40 53 92 100 77 87 81 97 72 98 85 22 75 38 1 21 15 7 68 99 43 81 100 71 30 20 66 72 44 17 65 35 22 9 35 50 95 67 46 19 64 82 92 39 19 92 11 86 98 78 84 92 11 84 14 
92 55 80 63 50 96 79 84 17 87 70 67 34 37 64 4 52 46 95 42 16 38 53 53 87 82 37 78 44 72 43 35 78 22 49 79 18 28 62 86 66 84 52 51 20 68 54 23 65 100 65 80 89 69 33 
75 50 21 4 94 44 47 80 73 68 29 51 37 8 12 23 73 47 26 76 66 93 81 89 57 81 5 89 69 73 73 96 22 45 99 67 88 45 47 60 65 27 10 1 34 73 75 58 20 1 33 37 45 66 77 
54 46 81 42 66 53 66 61 27 10 60 93 97 56 91 56 20 69 17 73 2 41 47 12 60 47 96 49 44 61 25 97 58 58 90 24 10 55 84 88 64 95 33 60 51 75 67 22 44 35 94 97 75 41 8 
87 39 4 35 34 16 11 30 74 68 19 49 30 25 84 17 88 79 49 99 81 24 17 2 19 51 48 15 26 88 23 64 78 78 98 12 93 8 41 18 28 12 66 57 36 50 73 76 80 74 74 60 49 91 13 
67 93 60 81 70 99 55 33 77 32 30 88 77 90 80 94 17 43 12 25 31 61 49 6 40 22 79 51 22 21 63 88 14 75 21 83 73 75 16 49 59 97 88 35 38 20 80 6 62 43 30 44 3 79 49 
94 100 80 96 74 100 11 13 65 85 33 48 57 60 15 58 70 63 97 56 1 16 87 58 30 30 88 73 84 66 74 30 17 53 25 90 4 35 3 69 71 87 68 80 98 34 89 67 48 85 22 100 53 9 58 
82 38 45 6 73 10 79 2 26 31 27 68 35 13 22 55 84 8 74 15 6 7 3 24 6 87 98 6 39 6 63 72 95 7 78 67 68 56 69 45 87 47 12 73 11 33 79 94 93 4 60 50 62 62 73 
67 1 22 72 39 79 34 63 73 92 40 92 59 95 12 56 33 10 67 57 20 52 87 66 96 90 25 45 51 39 69 18 39 91 41 29 69 75 91 94 18 30 37 29 77 100 84 61 9 50 70 28 53 56 45 
48 98 70 44 48 8 13 17 46 55 58 26 75 32 17 20 1 98 56 29 26 55 12 87 63 14 56 43 66 63 87 66 60 8 9 8 15 73 24 12 79 33 90 54 64 6 73 17 55 81 45 81 35 57 67 
50 22 74 44 87 36 30 4 96 38 65 55 4 37 30 68 68 63 57 21 78 14 45 94 68 25 91 48 12 47 66 13 68 91 56 6 27 37 62 74 26 26 80 30 14 61 49 81 23 57 53 53 70 50 46 
89 26 88 37 37 34 54 49 53 45 4 11 23 93 72 48 18 97 79 47 62 39 47 95 14 3 47 66 24 96 63 13 74 51 49 10 36 54 11 89 50 66 99 24 58 22 23 76 70 1 74 31 40 21 25 
53 75 24 70 99 71 32 11 44 82 11 54 18 64 16 58 66 81 8 89 39 29 12 66 98 12 39 80 3 11 57 7 86 80 76 84 50 60 94 94 41 56 99 10 19 14 67 36 94 26 25 84 6 88 49 
3 99 40 35 54 50 91 60 35 70 88 70 71 47 63 64 39 70 62 49 89 27 67 24 73 45 100 56 50 87 57 5 38 96 39 91 45 81 2 32 50 41 1 20 87 16 36 78 85 49 78 25 76 96 1 
