87 51 40
47294 93151 45400 95124 63100 59352 91075 30050 78799 36908 82459 20220 68134 27358 53680 47185 49119 75585 89843 6749 29706 53156 63693 70887 59084 90060 77804 89249 88698 36454 90038 35991 45956 35437 31114 9055 94789 38540 39105 89939 91800 37915 26510 76285 65272 80189 39821 30743 55773 29664 37491 
85479 99171 17535 72717 74606 23946 50520 63855 12643 3326 53892 64985 49281 5681 12450 58336 469 50990 13792 90407 59141 68058 16917 35425 33330 13457 91597 80424 69230 21260 17914 71060 36783 51800 43776 11388 75746 10647 75242 88388 13972 45486 53373 63253 51166 65822 37940 67986 33163 68083 74744 
8655 36140 8012 60431 85821 21469 52028 66244 7050 89639 509 94461 26421 52309 54588 37809 44406 65234 29402 32793 95558 74887 2517 75162 42404 84691 13101 26741 34205 97535 17837 42860 50026 25848 19642 35847 63668 71669 18442 87069 61308 35303 81529 87728 3963 36116 25536 48368 17702 71290 97512 
29611 62528 29 4772 21284 1071 34224 48024 35275 31758 65860 94486 81783 8060 30480 33981 88079 2148 52423 75148 79807 87725 56676 67535 91687 9144 9422 40054 43197 97063 53917 72807 59591 53945 77578 80874 71367 11801 28897 22994 59910 11109 17479 41692 35520 64310 75673 23598 66458 44447 98745 
62616 32171 55421 30150 40209 80916 55924 96614 24112 52986 50530 96918 28928 20827 90847 9801 92193 2647 55050 15186 62556 66158 49017 20599 1677 13326 12623 25274 96135 57069 24019 58751 5591 95791 5252 45799 76706 77527 58764 17169 46865 9294 14086 75792 30120 4932 85593 38664 23930 40642 70202 
2837 23151 35570 39787 41179 48895 52410 66452 61382 9478 6822 36484 31421 18964 41735 77219 95669 35614 52335 12837 82478 61628 43274 74621 8099 64557 76565 63114 4838 33558 33315 7674 56708 68884 47461 97886 34131 16222 80690 95512 25699 3863 48347 73471 22827 90081 67042 18495 42046 19376 47684 
40875 81003 7309 15496 5453 88218 92060 68566 93055 41970 18233 17081 98677 87116 80893 12915 37598 97114 9956 49461 39164 13818 97807 12635 36644 4240 79676 71491 46285 99051 35526 87160 96405 42834 19007 18209 31051 27418 3126 40458 69387 21358 57538 84416 24826 54782 13682 62423 51895 23637 28236 
91058 37454 26042 3692 74098 30281 99719 45588 92918 98769 97465 80077 11525 40298 15435 29733 87701 42852 32859 44510 28591 70568 18399 29358 95393 73180 43039 74168 25074 66675 2403 32483 4128 28444 52527 94577 75077 52245 56516 67994 67366 53980 64422 78890 10630 79856 8623 14682 39059 57833 59191 
84001 28400 77589 13358 40145 67120 56396 14312 92193 23070 33066 24675 43550 77861 93553 38126 52937 45798 10994 37282 13163 64973 1703 8404 75602 97910 33378 6635 53321 7562 65825 53673 35962 59765 67031 92458 26884 39778 23121 35428 79200 56186 76455 22749 34046 70007 77226 3335 32156 88219 56968 
45318 69544 75023 70074 61497 89284 3451 68132 42604 27365 50308 12629 63326 10073 96011 72135 53308 35788 95255 88736 14987 51440 65190 54087 1837 51548 47665 21523 83704 35883 78491 29021 21778 53513 15446 83275 59148 35249 51406 1752 62613 1713 30732 42290 28137 26742 14424 81445 62529 9678 86532 
93868 77469 51721 47954 95657 3268 11970 17180 3323 64205 12022 48696 85982 81886 64141 69256 41033 99389 37013 59136 78353 55078 89867 20642 83214 16608 51417 81010 95489 61094 67541 5708 54914 35613 53661 50571 55233 81983 84102 58555 46187 96123 7250 32168 94360 87743 17776 51744 3483 54788 10880 
81836 9865 17098 18829 9431 50058 70246 90440 45546 47691 74333 51253 2605 26297 21265 53175 97881 3247 53628 56436 65785 66102 80037 97953 60461 67779 15728 12204 71262 86867 39435 69449 13084 56533 88277 22514 6590 58522 29305 68487 22565 19989 36091 25169 46286 57355 94695 44166 76954 48322 16953 
42738 30775 96990 57042 91235 81120 89121 19790 68733 75988 59225 38181 89071 32109 42810 11584 38698 17683 57240 23536 40247 77229 59626 81767 23514 33332 76461 84031 26637 41134 984 69375 71908 14325 42768 79494 95444 31889 99284 80529 7876 74860 18709 96946 6968 77870 24881 62017 95553 98472 85552 
52151 75700 45177 33918 15565 94860 10378 99596 21497 67864 16931 7223 39771 31255 49990 19265 43050 81878 34900 39930 6105 9759 74991 19402 33078 52860 44282 95094 48412 59106 80645 563 34805 42173 50832 50370 37032 61209 66317 58528 45424 99599 65750 1547 47205 32092 20811 90254 13969 72062 30184 
36426 98172 5174 55827 31249 74385 16461 26342 39149 75566 6986 56063 10370 65510 6894 77091 18893 84454 59759 77421 29878 59357 59522 31424 6561 7965 68586 13167 38286 40647 59702 74711 38818 81227 30537 70066 71963 63349 12759 11111 38914 36096 67173 65636 1605 74066 59078 20497 58520 18837 14269 
4749 94545 90143 36172 17458 98107 21109 46976 36392 78107 23029 11102 16924 20607 57991 3341 92569 21339 32451 3680 76605 68546 87204 42240 86502 77622 1317 6998 52493 36505 37619 57241 47402 44113 9764 81211 42219 30872 44538 94963 8978 67566 22416 42253 4524 80406 61945 97092 18097 94395 17123 
94701 62940 20679 53292 65793 98300 70960 72790 50792 23817 26760 8032 71218 70872 34147 68780 13091 65018 13317 24405 90347 97234 46820 48951 1757 43578 10895 15200 61674 21641 48675 72726 932 69353 26017 66724 67652 13328 39513 18443 37144 82625 42826 8361 53496 93324 93492 82938 74693 6808 7342 
65039 20393 70514 13989 22149 14091 41235 53701 92116 62875 2375 81193 63806 71727 23561 30529 39378 36888 86393 74172 74032 85369 33349 98744 38865 26672 92236 38154 1364 15395 61848 82754 52140 48713 13094 90640 62803 54328 44340 71270 33554 46714 68814 13711 34792 92374 44239 90521 29261 46983 81044 
19644 32352 14392 18388 87568 57415 26975 42073 75130 58721 3920 57883 10860 52632 87328 1500 31786 58007 62191 19407 91560 8905 88220 5270 60048 96945 65860 50569 42558 12843 31612 62201 61546 62356 96940 65465 19770 40266 7537 11252 98987 27809 85486 26198 96792 72814 27697 44930 30820 89888 64336 
22380 15144 68908 44001 75191 82204 9861 42111 24761 39055 73723 86962 16952 36078 253 82416 72199 40519 6304 99802 55857 34112 85288 82054 47256 58101 26103 92185 5272 32342 72872 44003 63837 58131 88004 39027 40335 14216 97490 65095 53270 71212 68408 86573 23641 68661 68988 12191 25531 91643 11993 
81387 42107 13632 63440 89362 88084 5894 81546 93355 38235 70769 53710 2071 28900 58065 57450 69234 72280 54939 50680 41901 42502 35440 28473 66142 20452 13812 94684 45982 21806 23028 43720 63912 36659 23511 53273 24742 29405 51170 34449 67639 21939 4510 69710 50838 62574 27159 36423 51205 98449 3454 
93105 40950 38893 37929 23443 75696 68092 34478 21677 89897 57506 81748 53809 10516 5259 23433 51610 34663 74603 2410 2301 96541 6919 88362 63730 69492 31872 16504 20696 30320 36309 30152 87621 75202 84432 11063 50897 68875 45541 88926 75123 19398 87025 45283 29913 92283 68716 81522 26945 59670 83931 
45598 56210 7201 50311 36291 76692 98535 69146 13739 45206 5454 60242 32827 97007 44673 43889 64256 29899 5781 69533 5022 25178 56557 50304 71443 48840 35371 52964 92136 95040 53247 54085 67601 60447 4396 3891 53491 19282 89388 83581 64487 94842 43823 97313 8200 4847 57554 72455 34746 63334 41987 
56119 4864 98544 6422 76306 63735 58145 45621 55870 53184 15219 9955 20785 92018 30702 41027 61860 49983 30415 45440 30821 41608 89262 28134 49807 10461 85687 22262 61558 65372 80600 17676 86587 95495 40449 79244 59229 98593 41217 15099 68129 72787 41405 88913 64804 88458 46291 26663 54792 76705 88455 
85612 34664 94068 30097 823 4528 15783 39436 66085 97507 20035 112 445 15530 40561 79689 74758 55505 37257 6208 23633 10043 63964 28897 74847 68773 75188 17861 39916 51892 6315 25528 2908 16735 55624 3730 21262 87759 43165 3699 1617 63199 20162 18413 95080 60722 98101 86190 32579 51709 8749 
56211 61752 72713 85108 36598 57837 60295 70810 97753 28538 93477 39632 47797 10211 11607 51526 47824 15717 94690 67874 33685 74241 88036 52098 85672 65109 66550 71861 97687 18259 80610 70250 80010 69674 71709 32959 27510 48355 20120 41614 93244 13596 81245 41041 40158 9204 92566 87982 24920 3608 55855 
58605 94200 60242 27054 79871 25351 93603 68084 39389 11861 48693 9638 8222 34718 81346 57532 78579 46052 77652 20193 39296 91247 17789 80336 47757 26992 72901 35738 68264 92860 7944 43220 3411 68186 86625 83282 9888 80227 67717 49276 8440 32761 58914 33013 67478 56611 90545 46056 2663 68196 82600 
41958 75794 389 38645 23550 43732 27897 75639 28347 20757 83583 87918 24167 68120 74542 23800 78007 54769 7868 27282 79560 40628 2547 12572 8105 75510 3116 70513 94524 87663 53112 52833 63457 69852 91477 3358 29936 19373 78997 58282 40129 62579 46200 80648 47050 37093 20799 25056 8213 28667 68689 
87772 69294 87588 16696 93751 63097 36163 64263 73972 23826 17374 26804 3634 87226 18280 6991 17161 37652 85987 91794 94133 64917 54345 74780 11966 91438 11930 53373 99650 40596 22062 3774 26242 26001 20469 19992 5449 56631 606 79420 96808 17979 6223 441 21556 24502 7432 55068 78505 9770 46862 
72637 74687 1206 47416 86652 8995 75698 40025 24997 32645 78438 28770 58886 4438 65590 95229 9886 38572 95834 5657 35380 30165 11879 52172 51720 52732 59603 6788 31236 85725 70001 3873 60411 87558 67640 47062 96553 43337 3438 21549 75982 81875 66670 34867 2664 32259 46448 12549 87182 42281 18205 
22561 72445 46435 74733 40517 99166 50687 47304 30402 36411 33656 50626 96821 21213 18265 60235 34117 61602 63672 72017 53935 61899 38686 5153 64562 87296 51600 93463 74478 10233 28019 13390 82677 74454 4474 39545 89971 55161 86848 36724 7923 36855 87349 21096 58068 21966 81330 8536 99919 61353 80553 
53853 39603 35590 59005 20517 22886 26957 13979 13715 37189 58349 43456 36217 49154 47930 75762 39125 19442 78961 75848 27364 15816 79549 48459 90235 1514 46140 98770 1432 23845 79322 71636 79799 14912 30640 315 54149 73948 30645 84215 11136 88994 27670 63705 38147 91951 39466 77271 11392 34778 69471 
38756 50593 65371 3566 57179 66884 66058 55949 84667 89902 51622 56302 86052 82885 3293 86367 53385 77241 17011 53951 88376 6004 97973 68432 44151 89923 7897 37773 1315 42675 23595 56422 9619 88965 76339 66798 72200 42396 39098 56866 48649 7071 29519 34701 89956 32812 21067 59692 26404 38077 13643 
31131 60433 11615 99563 20935 17889 7459 75059 35555 66485 98654 91976 92456 3970 68315 75605 76170 10710 31054 49387 75711 38124 78906 10411 44431 28069 31477 4123 70824 85905 34117 1954 62689 62083 17868 83623 79971 41679 75034 15526 8163 73687 7501 16970 77656 92167 92574 70177 19229 23627 19564 
94939 78103 14821 5349 22533 59241 53177 43007 30064 39081 77123 48369 18122 39205 66237 18096 19176 7915 93129 51053 32429 83167 58553 49399 77175 67072 58324 47351 86300 81951 83266 97590 60053 98086 2938 98937 73678 56114 41944 20093 11546 35418 68462 46019 74623 51050 64115 10150 75316 57243 77554 
7744 56762 52458 73494 33936 19529 31818 81286 22180 30120 80904 19769 6524 95341 39058 5460 69019 11523 63755 89111 39421 99173 73924 85439 90147 41325 49553 16648 16640 23148 94201 40736 96261 46658 14229 30196 82539 62398 27833 4718 8869 8736 40839 15392 4077 79896 37204 89447 91419 17310 94909 
47191 32834 68833 32629 39332 10157 98534 55979 43149 38033 66531 83884 34293 29541 14464 64488 12079 76862 8672 33148 85730 33760 73986 17474 37836 70234 54677 43634 61652 88338 38542 25194 21172 23726 57822 60503 50235 56355 16482 93383 10739 99364 93618 45031 45256 8081 25870 57334 1294 50894 6834 
87024 84653 80819 20849 38840 67404 91877 82473 45407 80214 21014 70600 1385 61092 28422 61888 11326 1128 94721 4708 11867 10436 98325 73249 55692 6405 15471 13025 24051 66364 36210 11074 51016 33381 48274 6207 784 40150 88679 46191 20363 26044 16790 21748 87135 45211 99987 98460 62691 94707 19519 
90909 5142 17843 80509 77185 40600 95979 90210 64650 78694 42771 92075 46061 76151 40348 52267 76935 96849 57297 23125 17211 83341 39914 55310 86827 1477 71648 85287 80519 82706 21157 71427 87848 55352 68287 65032 95951 64266 71593 76952 42959 14364 85378 5372 90514 42077 57638 83800 38925 14935 6924 
72487 98275 63190 27797 1453 64666 15796 3091 61536 98502 24248 49314 86349 79599 17600 67732 91901 98217 55677 68852 57528 86392 70581 62899 93257 12657 20536 77057 51581 35470 332 24067 50096 63521 68215 51549 44538 84011 54639 22425 82512 95238 71738 85212 74836 89338 69295 66736 3906 41323 51939 
61433 44066 22519 24331 37323 35175 61219 30731 3107 96688 31062 43526 63136 10935 11740 31036 71824 12102 2026 94249 10965 97264 65986 12528 88451 71675 81823 55187 75581 39497 23477 37013 83563 45996 77696 20885 97522 38914 67967 629 51953 15380 60506 15088 26314 72245 62475 98138 699 64501 8738 
11663 61764 74723 24191 50214 62750 22365 21752 38330 61861 45229 91694 45423 7576 69389 82659 21449 8302 50625 38429 60255 82357 98934 91694 8670 87531 54169 23159 88229 35021 31896 16243 13136 22971 56785 63349 85720 95501 1453 40401 57362 63033 32094 19136 86960 1483 18147 8408 26136 85123 63189 
2742 67479 62122 10788 92501 66004 64956 32011 70584 16328 63907 86827 29463 3229 59963 9163 5300 55464 10615 45700 29177 89999 77793 48312 76958 95627 82810 1718 21763 67933 64906 40856 35411 43379 51643 44263 9383 32950 76274 79966 49277 56532 83144 78739 59760 59459 87902 65059 14922 14868 10758 
44098 4867 4902 8761 98176 529 91571 16245 22291 75855 81150 79498 27617 40881 31141 71880 66615 64090 48153 62932 13367 21036 46076 8457 80795 5534 96358 62205 36807 11226 89314 97256 32444 10567 22368 30619 11095 30290 46864 49737 6144 44365 29235 33761 85245 60375 21992 68211 40816 70144 31143 
54182 7531 93570 62639 88325 15455 75348 66881 52261 86573 72546 65868 35368 83112 88235 65987 94207 18525 29202 43943 24668 73566 89529 74780 75163 49903 96771 43373 7071 83266 90867 61252 90796 84436 40242 95472 16242 15590 78704 68502 18514 51249 50721 70234 34361 38956 36220 44919 73832 81773 5213 
98499 55338 94742 89631 46852 60996 2753 6577 68066 2371 97443 45670 9518 98231 2263 21342 14472 17852 45 99326 52718 51294 66398 39303 2006 5353 75522 46924 79184 73646 68488 94035 28983 63229 17 92187 40577 2769 15115 8642 5139 28909 70663 31009 27139 72926 52350 57963 7129 52394 73640 
76198 20039 40037 15500 22044 61742 7373 85319 40925 81018 53807 51311 26353 33387 51327 18539 73963 70448 33653 98957 75586 62561 69619 22946 6052 58896 75295 80366 66025 27689 54005 58574 64079 10393 74074 86123 72134 81446 87793 29411 78816 41599 80721 5168 74986 32048 40058 65300 2495 90062 80608 
94432 68974 50227 33730 75025 25474 9024 71742 91498 53064 42098 66424 17143 52491 40497 19617 40976 38294 7409 70386 17109 65360 67459 22276 56697 15858 78685 21996 34704 68746 2604 45487 37720 69182 79216 29096 94655 88240 838 2505 57655 42935 68928 74797 11777 25776 94413 69105 64069 18174 39490 
97530 83533 6948 19805 40229 39157 14842 78576 73860 83587 97531 19347 37658 83064 14914 66754 94071 3153 83943 96575 77160 43229 81854 51956 55006 23981 62721 24110 88049 97246 79951 85578 80778 3251 21735 37358 42407 36576 32285 32619 36514 29816 68317 74172 12879 83230 40925 6949 86383 41219 19875 
79894 84447 18080 31849 55804 42060 10921 96265 46461 8166 76216 48390 5295 95818 86476 42652 54576 39403 74937 87194 75917 21104 55510 66440 50334 38740 23716 57283 41474 64934 93509 21367 49380 27941 69567 21536 70000 96840 17800 32812 5005 94015 97554 10300 6184 84029 69303 60760 39784 60591 64305 
32052 81694 36167 98491 32028 91258 38558 5662 49083 3491 15522 86801 69222 43462 56367 90757 29814 69558 8557 62625 74563 18923 60178 1214 41459 60559 86868 18570 342 47459 82874 32393 45504 19040 47235 93883 26649 85792 15896 75731 5634 31418 62531 91207 74879 35250 81964 4692 4807 6872 83669 
79369 42146 60198 96934 99956 20756 83802 18525 37449 47612 1399 69841 93115 36790 33427 3350 63439 19218 19245 55521 41203 50662 18052 32410 41893 53301 30725 46584 74459 53948 46604 70180 12445 6802 67113 12401 27557 67266 30925 65006 14877 48675 51198 24344 1817 84625 27693 65255 20194 46937 37127 
77749 13951 55178 10158 55843 24830 40882 18778 99289 11181 65382 69468 23625 72183 52932 36025 99739 20198 66950 81096 51426 31976 48646 75769 33792 33270 19813 15398 69815 66750 52525 47563 97052 24054 74072 52894 48884 31305 71671 64524 42485 37052 50343 66110 9234 3274 2134 25325 39823 85435 22772 
91249 17411 71417 83369 51202 21038 3182 66600 90853 86283 35476 54767 83334 59529 28839 36227 8412 60143 24249 89287 2628 61301 39629 68737 86886 42903 87222 12210 82725 72657 34982 90325 90067 22750 73694 57620 43788 76875 40571 50992 63157 76046 5758 46490 35575 50948 99068 60338 27443 23316 65977 
30070 84616 5605 15158 87854 64859 18731 16415 47584 91387 67748 37908 97805 90498 11601 71777 34285 4827 12347 85276 67983 4745 7385 30824 56671 58333 29891 33360 85775 53207 99336 32196 54174 4941 63705 42027 69799 82435 58442 33734 90174 26189 87994 4330 16686 99594 76106 50970 20773 4805 52597 
88755 9549 59982 19579 82571 18314 65821 15930 20440 19027 15266 68987 73201 20206 32691 31579 6356 31477 90020 40090 21650 32561 28083 25980 49246 44028 18437 16568 64800 23241 85516 69907 49141 45497 89485 48063 80162 71657 63993 601 90684 79258 69587 80236 15815 18629 11814 22170 50106 18186 62259 
71755 50746 90341 14086 16343 50721 48875 49262 15520 72115 34778 85426 37608 80274 91262 85670 76788 62919 66014 77388 69954 45271 63327 66541 77437 98307 94706 99607 48412 29243 78217 36519 79988 68558 66956 12683 35630 15830 61944 51149 4297 96721 52927 58256 93347 60540 60277 70134 39810 26291 47521 
9763 87913 27199 92655 65350 41858 87361 81308 90269 16603 59524 43139 12943 44433 10095 25625 80062 42276 3920 47563 46572 641 489 4827 93987 61028 81456 64120 17190 7746 27992 43304 12010 71543 35959 93711 13400 39671 75018 20020 72625 34542 63159 85567 78974 89605 27543 59036 31880 47815 6598 
94804 48455 23438 15982 58793 817 97437 39264 18006 21534 83607 61310 33544 55149 13620 27254 84900 53290 2272 4920 42266 53165 84430 27833 32138 90386 71727 7525 22265 19541 30474 33420 84347 53911 49402 59491 71080 46838 98754 5437 68372 98713 83098 1915 53861 96717 45520 55113 66358 47791 76384 
8624 955 77165 52808 49445 67550 40886 56969 6166 76779 3795 39586 61125 74057 88987 36968 45136 35824 52073 50573 20547 50785 50022 22461 4646 46739 67981 76110 29448 32123 52493 38071 49430 29657 7230 98874 97206 48116 72194 19723 41246 75988 59308 2370 50045 48294 55689 11532 84118 7762 78456 
4664 58546 28478 43477 79543 91568 27809 55652 21015 76283 24496 75438 25712 54152 99019 24585 67709 63486 13131 87432 4731 89118 63091 7101 55514 11385 79141 83398 11854 86902 61853 16517 45448 6682 76345 24990 98249 20505 96994 35616 96788 21489 27405 22499 91993 26423 63436 59701 89909 76566 63484 
94639 65683 26575 18091 37549 54311 97232 20946 66164 84133 99150 99032 29580 5832 75377 70922 20432 95881 67915 56047 9020 89403 83451 31519 81395 26226 94954 57448 16134 71519 37283 10772 53553 80209 28863 7453 34519 26094 28398 17034 26578 43900 16066 72510 66083 7794 43431 86514 20026 27697 58913 
29046 33451 58715 60564 14846 84940 71869 88645 1073 43387 42279 28197 13291 38840 57059 20744 89710 99504 65493 6744 26081 9392 22809 98590 75474 46954 58372 78340 66979 2420 37252 12376 35871 12318 72939 67068 97258 61159 72064 14682 20897 14342 42878 34188 69533 99936 71283 59243 15791 36775 65986 
41872 62519 5146 56813 37992 68451 31537 32683 35429 33956 86286 47805 69826 98604 37095 53245 95861 14606 25308 10542 35502 56002 53420 69689 25534 69707 40971 84776 85498 94098 67113 43721 56616 88610 533 10959 57060 48421 43642 92489 98729 29927 56645 84906 44882 10091 38151 40742 24696 63458 67636 
60198 19459 37407 46238 61345 7113 3561 46120 8962 97658 29585 52682 54273 18194 69567 65231 75254 17987 25224 84094 16715 71503 57090 1621 16384 83532 56123 73478 8228 19580 41113 84777 55391 94871 47366 33087 1983 50926 79206 10945 48583 25142 79978 19207 43336 49544 790 18589 67531 26013 2682 
597 97515 76123 18569 13899 59654 74691 87376 84233 10623 44840 85361 82365 39710 32727 15451 58044 4 11008 85340 48587 36150 65318 84145 79485 14861 84934 14425 98743 10947 33458 99340 24813 9580 34260 55063 69233 8951 58790 69818 19573 19981 55178 18289 59690 87904 33739 34086 87908 44746 19425 
52846 80895 84742 53342 76731 15955 38276 91155 14697 65574 24612 30388 90386 34191 64648 61801 19776 89950 20590 89593 25874 40571 61122 44162 16612 49026 77900 50697 53285 38997 70122 22482 36244 71215 75823 12974 3521 30450 20481 34570 96023 45092 64957 86409 95635 45956 64561 31762 35905 85150 37706 
61778 42072 98827 5939 58684 47852 190 9380 17488 39187 95853 56321 91782 83420 48496 4755 86940 78945 41587 21509 74968 86679 2818 77728 98665 48773 42288 30426 1030 27437 68131 62807 69509 83309 85098 44544 31161 85287 70275 65000 40825 66128 37673 32606 65899 86168 37361 69190 65112 95299 7051 
40079 81977 26220 17806 96993 74992 60093 43770 92373 3882 28252 55180 89742 11561 56629 34285 59073 41915 4559 40424 82740 87038 78096 31697 69288 64263 85409 54830 29375 80708 61880 69453 79036 88099 3611 76029 79442 80055 36150 71815 83936 64402 43346 90029 75962 99974 40665 51386 58240 45224 91809 
57331 48613 69905 89028 34253 50519 74436 89082 79893 55143 50961 65698 34179 55411 85660 10207 34852 65714 46356 23018 66002 27109 66363 56030 19422 82688 96695 70807 40928 58270 78968 98258 23234 48872 87285 57486 99390 78073 46567 95635 33215 13879 77684 67393 69289 63343 93951 20493 29056 56659 59862 
11409 83767 42577 67439 19541 25264 80485 6699 82543 55106 85666 80801 78339 50889 84437 52177 66631 62509 15095 62265 95724 28974 39948 79468 14614 3290 73419 51458 48697 46429 11320 60106 46547 53896 43896 66087 95511 40732 72786 78054 95837 58451 75206 90527 25692 59642 59055 92322 38503 74150 54586 
50578 19475 10885 46397 50440 30526 36167 1898 95574 82595 29569 55679 29142 83464 15926 11580 78974 56657 717 73379 68845 75520 48584 75724 1211 8226 34778 93532 63080 25279 64469 13657 61105 91705 60053 11545 22230 96220 29794 17803 95166 59362 89834 40659 59177 22111 52239 54502 95120 52955 27881 
63964 28474 76464 39687 29684 1041 90817 23215 64120 16095 4035 94128 77200 95739 70533 5096 17968 83104 34889 52123 78269 10602 58308 18928 69778 96770 87518 40631 91889 40472 68511 55853 85298 61327 11891 14981 78719 2707 54548 42839 35154 58582 53318 12353 70673 40202 33800 4992 23305 68688 73466 
17926 79289 31773 53205 65418 44895 40722 6048 36783 81193 90911 8987 66490 52237 20878 97823 47307 39936 52370 90145 75089 27303 59815 3793 97975 16 37592 19319 39673 22631 92784 57598 1919 40909 10802 83688 85803 67875 89736 22585 49067 80646 47924 31909 49234 68801 29731 96540 25088 98452 3037 
177 42106 79203 20321 56433 95570 57913 75751 51594 80543 68534 25543 98814 25794 52696 82501 11596 20570 88588 50533 85989 85585 98456 17897 34818 83608 63979 47710 8695 78782 67098 8871 20887 62652 29192 93671 58221 3456 85773 26167 350 70659 51709 99163 96452 4405 98016 8048 24974 86603 58580 
10962 72188 73387 45210 23357 56994 9188 87418 65688 87969 54515 90911 25208 33518 36454 35230 8091 56261 21003 34257 56610 91661 85965 72125 88112 6721 86492 12511 31695 73094 87442 59008 45281 60828 4218 84990 34173 29757 72407 16213 34078 43274 23475 75637 76791 59928 10866 84881 32540 31868 19137 
89149 39880 21454 77625 44344 28174 64116 56854 59868 53562 44296 35228 98842 21475 55797 83831 72000 1905 72590 88212 35982 15863 11686 11618 92653 87965 38836 93886 20504 87055 13022 26004 26935 34475 3629 71278 79001 84096 44483 55220 37657 5130 90447 52851 42957 62595 53033 14956 64500 25622 3167 
481 41484 31204 28451 50489 19168 67286 44374 39671 54340 73747 82026 97626 24574 85654 68903 3574 86102 13386 58793 23758 34867 65592 76608 77823 28186 45993 92778 92685 71614 12296 93166 29450 43499 37968 96290 79018 5253 57015 35040 75944 47113 17066 73570 71686 2719 58824 91611 5172 88561 50404 
28930 23428 15995 21889 1250 44180 67881 94028 53217 55847 22675 62734 1648 66174 701 97937 45191 22305 71303 96583 98248 18415 13648 88169 90101 32718 46993 98063 37890 35553 48466 66819 58980 80812 5059 76582 41344 89292 86961 94560 61490 9635 57293 63137 92160 74345 77425 53703 96649 48727 50285 
11248 83493 63932 99417 89945 96649 62761 88008 34538 98313 36473 17708 73645 33637 39119 50226 74980 28410 37186 85891 6251 63172 59535 69387 55332 50231 63163 9034 63231 28241 59318 74478 11733 23249 90246 1678 36249 53006 6037 70787 67671 58861 4846 41315 92497 43964 7892 83828 88725 45077 86070 
94975 8248 45604 64361 63579 12186 43875 88964 75416 72115 48281 66246 200 87881 56491 18229 24130 25849 24265 11268 93519 83125 16113 51185 91974 76429 59076 92153 65153 4152 78223 60128 28751 40178 24488 8682 52364 84715 97645 27779 73181 62278 94024 73380 66510 66867 7960 6991 92715 32224 18258 
2585 31701 50723 53769 40026 27151 29196 32178 92303 49699 10400 52430 78449 50578 93270 3482 19293 94336 17479 63423 67516 79756 73799 40896 62617 40665 48855 69608 49731 97431 4217 68667 45483 71291 22435 85508 98441 67982 17685 7096 17680 44437 75877 96128 11366 85498 15962 30658 79833 33440 10432 
63701 29547 84230 20948 92163 41246 69802 61770 90976 83584 82339 75994 45418 53629 98428 30925 68422 66409 64962 91869 440 25750 67745 96568 37115 69595 12529 84124 65779 62320 94555 29479 91866 78785 50426 84028 36382 36580 62150 27358 36515 60840 3351 81933 14468 18131 29209 99241 891 94170 91109 
1331 19919 75206 14250 73385 44800 43130 57508 26930 5449 68415 56409 13666 63551 23186 14045 99932 59765 76194 43641 12632 53385 46992 94564 67853 81474 23772 67093 98716 34294 74554 16398 54212 49759 46999 43949 94558 6480 17808 21487 28280 86222 94247 41945 49772 17433 55990 49704 93549 48535 93344 
22532 1920 56687 17095 86124 54512 57219 53216 69580 91512 44121 2329 62075 93879 49328 6023 4788 55807 23831 42627 84087 10052 36873 26031 76176 70657 98372 42231 80558 63259 51926 3089 65178 24965 36536 51301 95828 93754 20868 65407 85265 64989 67736 47339 75219 33415 69714 80007 89221 93544 22633 
89659 19947 75857 32042 12474 62866 30413 54704 43423 93671 22982 62863 75200 47946 99398 42852 43773 9503 63720 25532 94767 45060 9619 58458 20278 43033 28171 16636 48605 38066 39268 38264 58012 15125 70305 70486 94342 17069 41541 37764 27092 64522 16978 2291 28819 32728 61495 72592 42230 41566 14475 
53349 86625 24093 11806 23254 83477 39976 39890 32081 78041 95509 86696 52404 26985 73352 39241 21326 90421 97134 59089 33864 61655 92419 52506 6826 25146 14000 79417 83727 55565 10243 37075 58541 50687 48880 81795 34163 5207 38036 82595 83247 33544 69291 52003 60529 58994 91243 81854 65766 88376 57295 
