84 53 20
23 74 89 8 1 20 7 79 65 41 51 97 86 97 7 6 42 81 70 60 99 61 63 1 65 64 24 53 99 29 4 73 2 44 80 2 16 87 80 80 79 31 28 64 79 86 69 20 18 91 79 16 51 
93 68 15 9 92 19 59 72 74 32 73 18 11 74 33 49 6 64 27 88 92 42 18 29 63 37 47 5 67 62 55 12 30 21 20 73 92 78 96 65 9 68 34 72 93 66 20 98 82 99 37 25 40 
54 53 54 42 99 58 61 13 64 72 94 37 43 18 28 72 13 44 33 80 78 4 72 43 23 22 24 73 58 48 13 64 53 66 5 51 76 65 15 39 88 8 75 30 77 2 2 89 46 34 20 23 37 
92 17 11 65 93 84 22 92 48 85 44 65 42 47 40 6 61 79 94 21 53 75 97 7 76 38 52 61 57 26 49 100 94 60 64 86 95 38 78 94 74 73 58 15 19 98 73 80 28 18 100 80 92 
48 38 20 85 89 80 42 66 29 93 60 40 57 97 86 94 74 79 19 47 88 34 17 37 6 96 64 23 47 96 14 47 33 85 31 74 65 24 91 45 17 50 84 25 99 21 70 72 51 88 70 38 21 
87 75 78 34 90 52 33 37 66 79 22 50 61 95 66 85 37 10 53 39 45 77 37 17 98 60 67 85 30 5 58 68 31 87 53 72 39 85 9 56 15 82 5 76 28 23 12 64 84 64 2 29 92 
38 45 89 50 12 25 79 68 34 98 50 21 50 73 59 87 33 14 1 14 70 76 41 44 39 5 28 2 58 56 45 48 52 85 97 15 62 27 34 95 24 83 15 73 8 25 11 40 90 12 54 12 39 
46 55 78 50 82 31 8 37 76 7 41 60 3 55 21 29 89 68 52 23 34 76 30 11 87 70 100 50 75 11 88 20 66 17 22 99 48 81 88 75 87 28 86 89 82 59 69 22 26 72 45 59 99 
74 69 37 95 21 86 69 31 26 41 48 94 62 47 41 42 34 67 80 13 53 20 94 11 88 16 36 59 12 46 57 37 67 94 32 87 31 52 69 8 44 69 2 5 67 42 98 100 9 77 12 13 96 
57 23 35 24 10 93 87 55 2 24 73 47 55 11 29 58 32 37 2 100 38 58 66 31 56 17 91 84 80 3 80 88 77 14 64 86 59 50 93 12 73 65 58 79 28 86 37 59 74 90 10 11 47 
75 94 54 43 84 38 74 39 17 61 15 82 24 53 40 74 45 51 98 61 60 77 88 98 65 98 71 54 7 34 52 33 27 6 75 62 43 48 52 11 61 19 92 84 71 32 9 15 34 7 75 94 35 
15 91 99 12 13 4 71 46 55 3 24 12 30 38 54 77 41 64 89 59 56 73 29 39 33 95 24 39 22 69 73 36 11 23 99 24 26 69 21 33 24 97 44 53 86 50 81 26 65 70 85 20 94 
65 10 26 60 86 17 81 54 89 68 65 64 66 40 41 87 60 25 10 56 21 14 41 70 94 19 34 63 3 6 56 67 67 34 26 52 50 58 6 90 25 70 53 43 9 46 29 20 70 90 28 90 3 
20 59 48 38 45 11 40 2 18 59 68 51 36 20 100 94 77 90 70 46 94 12 6 39 92 77 9 81 4 50 35 24 61 83 13 57 45 5 58 62 63 25 65 98 44 16 43 20 57 13 17 51 76 
74 41 68 51 1 100 6 51 35 81 63 17 94 19 61 98 76 74 12 100 90 61 96 6 56 67 62 68 84 64 95 9 57 62 11 57 62 17 59 96 97 21 64 42 91 76 91 66 1 2 18 91 15 
13 96 70 79 9 37 14 25 31 23 81 45 85 37 6 1 48 53 50 20 68 91 11 43 34 28 43 35 45 85 49 9 32 18 40 41 6 5 17 89 79 97 85 64 85 90 64 32 94 65 52 61 56 
14 55 41 41 49 27 38 34 76 46 17 45 37 57 3 42 73 43 20 21 27 83 6 68 99 89 61 63 40 73 70 5 79 10 98 27 37 35 12 64 32 29 60 69 37 14 62 62 56 33 82 34 68 
39 1 66 28 13 80 19 37 50 24 15 11 21 42 99 7 5 14 38 33 74 58 22 87 71 83 95 4 16 28 71 55 29 88 82 41 67 100 78 68 75 44 31 47 37 29 53 42 43 43 26 16 52 
47 54 23 81 48 26 97 76 48 3 4 87 84 96 53 35 25 73 62 69 3 8 5 31 61 98 25 55 24 92 6 22 98 28 55 45 5 51 72 4 53 27 90 88 23 95 74 99 67 35 19 69 43 
76 51 55 73 28 9 48 19 66 22 16 94 76 13 50 78 84 6 82 11 47 69 85 41 94 83 7 29 54 27 71 29 30 77 53 9 85 1 27 50 74 95 95 49 59 97 78 42 2 59 4 48 79 
88 41 72 23 99 100 76 26 22 4 7 98 8 15 34 8 93 84 81 39 30 81 97 26 58 91 79 16 94 79 46 82 19 18 4 69 69 31 46 91 34 52 40 41 18 74 1 63 57 33 1 38 66 
50 16 23 40 94 91 33 24 88 66 94 5 21 63 74 51 8 16 36 12 55 29 29 28 81 43 36 13 44 26 30 45 41 5 84 86 47 68 10 34 86 55 39 6 17 64 9 77 31 44 88 85 72 
68 65 52 11 52 17 6 77 46 2 17 2 37 3 48 4 64 82 41 18 72 99 87 87 7 63 17 50 2 53 74 21 69 77 83 21 93 40 49 91 41 18 44 77 72 92 33 35 25 73 4 96 71 
42 34 77 56 50 79 57 54 52 30 75 28 12 47 73 52 95 15 92 12 58 21 83 1 53 69 25 77 25 72 48 66 5 76 22 6 54 30 12 57 59 86 37 71 32 61 74 78 75 17 42 84 37 
76 37 41 45 61 18 69 33 17 86 37 92 7 43 98 37 54 6 47 91 42 17 22 2 42 51 28 59 92 64 47 68 100 88 64 12 5 84 44 21 69 33 64 28 27 13 64 32 19 10 22 12 79 
95 66 72 45 45 82 89 60 29 56 11 68 71 23 24 54 18 96 74 50 59 53 76 24 16 59 94 78 80 57 8 26 22 31 23 19 13 11 78 93 18 89 60 88 63 83 93 80 78 18 30 88 71 
57 11 38 68 4 15 47 61 74 25 34 5 47 4 17 57 82 9 74 22 20 61 84 2 5 15 79 22 44 18 92 53 29 30 20 84 96 18 96 70 42 82 26 40 85 94 96 18 54 21 39 73 33 
74 74 37 89 4 59 84 21 2 88 1 31 7 85 27 77 32 48 70 13 25 10 98 18 5 15 71 26 6 95 58 31 20 47 19 75 5 55 95 6 42 48 89 1 84 67 77 15 66 46 28 90 55 
25 59 12 91 29 89 96 23 98 27 94 44 97 68 100 3 14 58 45 61 46 97 44 64 73 59 29 70 38 70 77 62 28 40 4 8 28 100 82 77 78 75 21 74 42 20 29 55 29 73 16 26 69 
11 89 93 69 69 14 58 38 90 71 65 29 75 72 8 74 53 85 3 79 57 28 20 28 56 75 57 80 42 82 100 52 71 92 73 91 58 30 29 99 1 45 80 75 69 87 100 73 23 2 52 79 29 
71 7 37 97 15 16 38 96 16 90 18 59 14 9 16 43 89 15 43 33 94 69 53 80 68 26 55 21 29 85 2 51 91 38 48 57 53 85 53 20 26 70 79 39 30 94 34 18 8 76 3 1 97 
7 33 16 84 39 89 12 23 90 63 66 79 62 22 83 46 74 3 24 96 81 14 77 74 47 47 34 75 49 86 71 55 70 86 39 8 74 2 31 15 16 48 93 77 69 28 75 95 30 98 90 62 11 
18 35 10 64 20 84 64 6 54 71 27 91 61 35 17 62 17 31 78 64 76 54 84 3 80 78 32 77 19 93 40 37 79 49 100 51 32 16 56 37 86 34 27 46 68 43 59 36 26 88 51 1 42 
35 3 73 12 86 50 31 30 41 19 8 41 70 58 72 85 65 60 70 99 86 67 18 81 26 6 6 13 56 6 6 42 60 79 54 45 80 36 74 20 54 33 12 23 43 83 60 59 94 29 9 79 48 
79 59 73 84 16 37 91 21 43 33 32 73 38 76 52 73 1 23 78 86 34 52 28 68 11 86 61 92 47 91 39 25 2 63 8 17 51 50 90 45 82 21 17 19 49 20 43 1 94 20 86 27 72 
65 46 34 3 6 77 49 49 67 73 50 29 32 66 80 33 7 76 15 28 93 85 76 12 28 28 6 47 14 84 70 78 30 56 80 87 32 80 87 99 4 36 79 87 54 10 20 60 86 34 39 30 18 
14 93 97 42 50 44 7 34 65 36 15 72 16 53 4 47 40 54 51 27 32 37 32 94 56 92 31 41 30 60 11 96 52 7 89 2 2 95 35 67 30 1 38 97 5 93 96 96 46 46 23 30 34 
54 75 42 97 5 82 79 64 92 74 15 99 14 16 100 8 2 18 89 54 8 38 59 100 33 54 98 30 28 27 63 34 53 4 82 57 38 60 20 29 85 86 79 98 54 31 57 7 48 98 61 7 35 
71 7 19 76 4 48 4 82 62 89 34 18 70 42 55 82 61 35 66 98 66 64 51 96 20 58 95 17 70 54 3 40 60 21 15 15 20 70 48 34 10 33 3 32 74 9 13 86 43 78 83 60 41 
34 7 13 43 54 81 12 7 84 51 66 56 17 32 76 39 31 61 48 63 63 31 36 71 43 21 65 21 55 25 13 88 83 25 30 36 6 93 42 89 95 59 96 12 90 23 2 72 83 1 34 45 32 
21 67 74 41 84 46 96 8 59 35 42 83 17 78 40 9 19 80 4 30 76 67 71 98 68 43 81 20 76 77 51 97 96 77 89 79 22 36 38 80 71 79 15 39 56 54 47 27 34 50 56 9 68 
26 6 87 68 38 7 44 15 9 92 10 37 80 88 59 68 77 90 38 55 56 76 11 10 74 89 43 76 44 3 43 21 60 30 89 98 88 84 64 48 27 73 85 58 12 95 25 88 84 14 94 40 89 
56 1 15 44 95 90 39 97 84 60 8 65 100 5 52 35 68 100 61 92 36 18 55 30 95 94 65 8 88 56 49 43 56 63 39 50 4 77 98 87 88 58 52 87 62 55 21 82 6 33 25 41 3 
32 70 97 25 87 56 64 42 4 59 98 66 97 99 21 73 49 8 61 6 11 99 19 65 72 52 23 4 29 63 58 60 85 6 36 71 62 100 12 65 58 61 83 6 60 3 30 60 62 42 17 72 41 
35 89 64 39 11 19 67 25 77 26 9 34 13 31 95 12 95 60 21 55 94 78 66 96 8 25 58 1 41 81 93 28 21 56 18 83 75 84 8 3 61 68 36 73 51 31 37 45 42 57 99 35 87 
17 82 94 41 91 46 34 24 39 13 44 94 30 27 20 65 86 22 25 5 58 97 55 40 33 99 33 42 50 67 28 66 48 73 58 91 18 43 14 56 55 57 2 36 35 21 100 20 43 76 77 52 73 
31 43 57 82 75 50 83 41 29 48 40 1 57 82 71 100 95 78 6 4 79 94 38 100 93 10 94 21 86 97 45 68 39 1 49 65 3 31 5 31 30 96 84 87 78 54 86 24 31 43 27 62 36 
65 61 29 74 6 49 11 2 93 78 92 45 27 56 99 9 12 30 39 59 13 25 88 18 62 12 100 4 38 61 40 54 73 20 79 78 20 89 31 64 19 74 60 45 29 59 5 92 88 43 51 52 19 
38 21 80 1 20 36 91 33 75 96 5 46 75 35 65 15 65 28 33 39 87 29 19 97 34 11 84 28 13 87 99 2 7 30 3 79 65 45 11 91 40 15 36 66 49 52 81 66 79 65 56 18 94 
74 14 79 36 50 58 48 36 56 50 95 86 4 73 2 48 83 93 39 49 80 5 98 32 37 15 62 1 70 79 46 95 45 76 31 94 34 30 81 89 31 27 26 34 99 28 33 33 20 72 82 51 28 
31 82 64 45 44 64 66 74 62 60 18 37 42 63 70 24 96 11 54 22 36 40 73 15 72 5 86 95 38 37 22 68 18 37 64 61 1 81 35 14 93 4 50 34 67 72 9 14 82 63 35 69 2 
59 84 25 64 69 72 53 57 93 73 75 30 36 87 82 69 73 95 61 77 96 46 95 67 55 8 48 69 94 69 22 53 4 46 68 72 69 20 81 14 92 55 43 80 93 76 48 66 22 60 94 69 5 
88 36 59 47 35 79 40 3 100 44 6 98 11 30 66 31 62 79 74 16 73 53 60 100 52 25 73 11 70 42 16 57 29 26 55 63 5 47 18 56 90 75 53 1 56 19 83 17 49 56 84 22 61 
44 73 12 20 46 23 90 87 90 98 15 15 5 29 71 51 98 27 92 73 31 92 80 1 26 97 50 34 32 23 94 75 95 57 47 92 31 36 78 20 85 44 87 89 25 9 39 22 87 31 46 70 74 
26 70 52 74 71 37 5 45 82 32 92 38 30 83 21 17 13 92 1 8 30 90 32 39 80 6 77 62 51 46 88 28 68 39 1 38 75 58 35 56 41 26 45 22 8 65 38 72 9 38 80 38 79 
11 28 11 16 5 72 19 2 11 46 69 49 99 59 75 8 93 82 100 18 79 21 77 95 58 49 3 47 28 41 26 90 68 36 58 24 59 76 26 70 73 94 70 71 4 97 30 96 78 29 65 8 49 
42 3 58 90 5 5 17 97 30 6 65 17 63 40 75 90 65 44 63 11 14 85 14 10 15 62 39 43 26 99 44 67 1 1 56 57 5 24 6 86 82 70 2 96 61 77 86 26 72 100 36 37 84 
1 98 98 62 89 41 40 87 84 6 39 36 14 47 41 37 52 26 70 73 80 66 34 8 3 59 79 2 46 68 85 98 65 83 12 53 75 51 91 58 8 29 93 21 28 85 10 79 63 79 52 42 96 
37 49 98 95 79 51 92 46 36 41 63 70 52 15 44 2 58 53 10 38 97 82 65 82 43 96 44 22 47 37 69 83 37 19 29 15 69 72 61 4 12 23 25 64 89 68 17 98 20 78 36 17 12 
52 50 54 47 45 27 45 81 96 79 17 66 59 83 34 30 95 90 94 69 14 57 10 82 25 7 53 55 94 21 66 98 70 19 96 14 98 41 46 45 71 14 10 30 49 43 59 43 84 52 64 98 60 
73 31 37 31 83 91 77 56 8 74 25 78 69 91 75 61 88 19 32 54 28 61 2 23 71 96 6 75 59 55 34 31 85 22 14 20 12 90 75 71 63 51 49 83 93 23 44 81 94 27 86 73 87 
87 95 9 34 53 83 93 7 17 75 44 90 88 63 54 77 89 24 91 91 72 74 84 47 69 16 40 95 1 12 33 39 59 41 24 11 24 16 69 92 43 12 81 30 26 34 59 14 58 49 5 81 74 
40 27 42 55 18 88 7 82 20 97 40 61 20 2 36 36 22 27 78 34 59 59 59 45 17 25 54 18 81 34 91 20 13 33 26 30 72 32 11 92 80 2 4 99 3 91 86 25 69 15 10 27 74 
20 71 42 44 76 59 76 10 50 47 74 34 72 3 5 55 66 48 34 67 51 85 70 93 70 46 61 85 55 88 58 74 10 51 70 86 10 97 47 59 44 20 92 67 74 48 22 39 96 7 6 98 91 
27 91 13 24 51 97 30 90 6 55 52 56 24 37 65 73 35 75 16 6 66 82 31 14 55 70 61 14 27 58 4 5 48 68 80 51 64 9 40 21 63 43 77 39 79 93 11 65 68 26 22 85 59 
53 50 14 74 10 27 100 20 82 56 19 50 35 69 65 43 61 86 57 3 14 95 34 6 5 50 25 30 72 10 89 24 59 54 97 21 80 48 40 13 3 58 62 89 79 27 83 39 64 39 41 77 34 
26 82 38 76 7 20 47 68 60 70 78 13 18 98 44 65 89 56 19 47 70 59 25 48 41 15 11 79 7 87 12 33 68 2 8 26 73 6 93 32 27 71 96 44 20 39 60 9 46 30 7 15 88 
31 62 28 97 72 6 3 58 70 35 78 23 94 55 95 51 100 78 77 22 73 72 41 63 83 1 8 12 7 23 99 89 84 78 85 8 36 88 65 57 74 94 79 68 49 25 18 100 2 47 21 26 18 
13 88 53 14 95 64 20 17 15 9 53 92 45 60 79 32 76 35 6 22 65 25 22 41 94 21 94 40 41 19 10 53 6 62 18 53 77 38 21 43 98 73 35 42 84 65 26 12 100 31 33 16 7 
54 57 100 26 50 40 66 69 1 70 26 62 40 78 90 29 99 33 78 23 19 19 59 83 96 70 34 26 54 50 32 59 6 84 84 7 23 1 75 23 22 53 36 61 82 77 89 32 9 66 55 27 37 
65 62 32 86 95 10 39 96 93 97 1 76 80 60 50 32 34 24 53 38 11 14 20 88 54 51 96 72 57 75 8 73 88 91 58 82 100 96 78 45 44 30 72 75 89 22 6 75 45 11 12 8 76 
83 95 29 86 42 100 42 68 59 15 55 50 24 37 49 72 66 45 15 47 17 42 36 38 99 62 34 9 25 41 84 8 87 65 45 29 64 86 96 23 52 51 72 76 39 72 99 4 69 13 50 85 6 
37 74 5 50 7 13 75 100 49 34 86 13 78 66 76 15 62 50 19 64 73 94 2 97 44 57 65 56 58 1 62 47 74 18 96 32 30 22 83 78 55 21 90 84 86 18 99 99 19 17 62 92 62 
15 40 5 23 56 12 33 56 25 79 81 42 26 12 24 48 47 1 54 67 43 38 52 12 88 51 30 56 12 73 69 79 12 73 1 19 36 85 74 61 63 54 2 41 18 25 40 64 78 93 30 72 82 
81 83 21 83 64 76 47 89 44 25 52 68 77 71 4 62 44 16 76 50 69 68 67 94 7 30 23 52 11 94 85 43 28 6 26 43 33 72 31 29 48 35 96 76 5 51 89 100 66 65 49 35 84 
15 80 91 96 2 94 58 47 78 1 26 35 78 68 68 1 51 96 48 85 43 23 41 94 64 40 59 80 41 45 63 55 24 5 3 77 98 12 75 76 12 100 10 89 20 29 89 22 24 88 58 19 63 
98 12 26 89 22 5 29 67 67 36 42 24 90 19 21 1 93 48 65 45 10 5 16 38 46 37 14 33 46 32 47 43 95 72 83 16 28 12 82 47 99 24 70 88 94 90 40 38 90 4 82 99 9 
97 88 54 85 1 38 30 84 85 24 78 8 7 94 36 70 27 82 68 2 3 7 95 92 46 33 33 50 66 31 58 15 19 63 99 71 100 29 55 36 4 32 44 10 77 31 31 4 64 98 5 66 56 
52 9 2 36 42 51 1 24 60 15 42 74 66 65 25 46 19 61 49 2 56 11 79 38 41 34 1 91 38 18 46 41 78 99 76 71 49 29 95 60 43 88 33 8 52 58 5 22 70 54 24 25 64 
54 14 56 87 66 98 76 83 44 17 12 94 44 35 43 72 29 54 67 68 39 26 72 48 31 93 17 84 68 93 99 21 6 6 59 71 4 35 5 99 3 68 92 46 2 86 70 30 92 36 50 30 61 
21 77 91 65 93 26 85 37 76 57 42 82 16 64 37 2 68 35 56 35 78 1 37 16 70 18 7 57 19 88 18 91 64 8 8 8 86 92 44 61 100 37 94 67 100 30 68 19 16 23 5 94 76 
93 61 97 63 19 54 81 6 23 24 21 82 31 28 67 74 23 28 73 11 21 40 62 3 59 80 18 34 36 63 9 29 23 57 91 93 10 23 98 32 46 18 14 28 97 32 1 71 11 26 81 84 65 
42 86 75 73 3 8 9 18 16 37 92 73 79 85 34 53 82 18 99 52 83 26 48 66 79 71 77 4 3 60 68 45 45 94 69 99 2 77 16 17 65 8 41 95 92 27 48 25 96 46 76 78 23 
76 43 1 46 19 56 48 30 75 44 74 69 65 25 70 41 40 38 58 99 79 52 42 57 99 67 52 96 42 29 19 69 23 71 14 94 27 14 23 53 9 49 21 73 73 90 66 64 28 23 63 58 74 
