283 2 2
56328 64072 
20637 82865 
84882 92724 
59662 34853 
78187 90869 
29476 92178 
89401 429 
9583 68454 
67633 59941 
19158 8658 
24197 63601 
83008 82009 
86455 68256 
8299 32169 
21890 70300 
88254 78217 
34371 8890 
77434 35604 
1614 37095 
70457 96152 
44316 16284 
88329 50068 
16712 14263 
18521 696 
74203 54030 
9354 14751 
17630 92361 
96759 4085 
76968 5057 
52605 98858 
91709 40858 
93426 42431 
49747 70859 
94387 67712 
24306 64843 
63863 68621 
97478 68543 
18688 14189 
82805 53560 
14884 73359 
7589 40589 
88109 41571 
49301 84867 
45655 26269 
6276 14611 
41478 14336 
71820 34903 
56766 21566 
5762 51152 
5630 30067 
32346 85844 
15039 29823 
54387 50078 
60363 53543 
3637 91599 
26902 27577 
32187 15010 
69147 81488 
16229 31153 
24108 38856 
62115 65585 
53191 33934 
16839 26308 
55500 38952 
77460 77481 
85370 26157 
63324 408 
55980 34062 
66837 16342 
87605 86825 
7940 30858 
30754 56479 
62219 99900 
37966 78447 
47405 78425 
33654 9519 
60361 86844 
43453 77199 
13152 15304 
32503 6963 
92784 17872 
33119 72459 
34632 89098 
6521 17820 
21792 10477 
4645 46083 
57686 35398 
2561 19904 
51649 56878 
98351 99053 
35302 32004 
24924 12014 
35200 68376 
89213 64703 
31 38067 
71665 9166 
55938 4783 
81624 6921 
10233 4496 
24741 48376 
14972 45737 
94458 72657 
81134 13371 
92561 49134 
86600 7263 
48187 21902 
55618 73110 
33915 7169 
57837 39479 
71871 74219 
77545 59887 
83384 49835 
64670 65007 
73107 91254 
69503 97847 
39629 826 
43583 50438 
73483 41068 
63808 82395 
90202 50408 
6009 54740 
88661 77978 
44201 38927 
85147 18389 
94758 73369 
92607 88654 
33256 75990 
38488 14277 
40996 11595 
5530 26850 
25793 61510 
27676 85728 
11947 1158 
43147 92107 
99904 33348 
58866 5912 
4439 63878 
241 48639 
2804 85387 
67027 13913 
75108 59633 
2567 8363 
51974 41054 
22639 92970 
69000 44520 
19819 11145 
22381 47494 
96872 34327 
65003 40018 
42785 81258 
89718 18002 
87169 94156 
81879 3762 
59147 84683 
89148 42525 
14947 80607 
2158 17513 
88969 54131 
74919 27959 
63452 43918 
72478 99623 
55062 11210 
63468 68285 
61889 44823 
24655 4673 
26080 14372 
22675 29601 
24879 4553 
33362 84025 
5587 38861 
26550 20534 
19468 45059 
54398 8436 
15541 29316 
36395 95345 
73234 25224 
94967 44647 
52786 74786 
12932 14674 
19608 37586 
19346 45688 
68309 58372 
75288 9539 
79277 8649 
93564 1215 
47509 36465 
38100 66976 
97875 92498 
91764 29767 
21813 44510 
25111 11398 
86085 36429 
72397 38870 
11215 85328 
53543 30822 
39265 89241 
92861 23925 
47612 68148 
33463 43240 
93148 43378 
60807 57009 
96194 98906 
23984 94068 
7755 15747 
23835 29568 
76608 65297 
57317 62693 
1726 29713 
1562 29292 
31392 55105 
76465 87008 
44345 69326 
10932 8308 
53825 60747 
67900 46973 
4124 28706 
3981 16670 
27611 44316 
27089 35366 
76415 67275 
81285 53022 
32572 54953 
15714 50649 
1018 17276 
79940 32409 
88732 72756 
19417 49428 
42081 46700 
74087 12258 
23798 41986 
75582 44274 
70691 79562 
60943 14654 
40229 88031 
66371 16643 
55306 64007 
86017 4229 
18959 1730 
54877 19976 
35357 51168 
68737 40440 
23923 4505 
89867 82356 
51204 63954 
10965 75002 
5939 86546 
19275 92982 
66107 96569 
7635 22687 
84599 90357 
39330 56256 
54363 25346 
60484 89673 
43427 15360 
9649 95136 
82879 94737 
35575 23154 
99241 41794 
5509 50444 
22099 32825 
41797 44389 
19370 77423 
37370 1828 
73991 61356 
24514 74942 
51712 80195 
31197 6074 
21892 91681 
12099 65319 
23392 38099 
76806 6271 
32835 28732 
29424 32075 
70525 51284 
98870 92623 
84108 57019 
37012 3477 
34441 90733 
21656 24784 
52089 46169 
99725 20152 
26364 30921 
42578 48255 
