52 12 1
60 85 47 71 20 70 45 81 5 97 20 1 
33 91 81 83 40 78 90 34 40 90 12 38 
15 77 89 76 81 100 81 92 84 27 62 55 
48 7 35 52 3 55 52 87 97 84 69 37 
61 10 22 52 99 33 89 65 10 77 41 42 
28 73 33 63 51 95 17 98 1 3 49 55 
57 52 93 6 35 13 94 47 22 15 98 72 
47 38 37 56 14 29 49 93 1 82 7 51 
76 23 48 28 25 48 34 34 99 26 91 33 
38 84 31 11 98 28 82 44 65 70 52 30 
98 100 74 50 81 80 100 8 54 99 35 30 
46 20 63 96 45 5 80 34 88 10 44 85 
89 78 29 53 47 32 34 97 31 7 46 64 
86 46 23 39 44 58 69 42 29 83 37 74 
88 17 7 75 78 3 12 67 80 92 19 26 
23 5 22 5 11 20 20 49 65 43 39 60 
52 59 1 80 94 90 5 81 58 12 7 35 
66 70 1 45 61 72 70 35 76 44 92 38 
63 11 38 79 53 29 90 56 87 43 36 80 
32 92 12 41 55 71 75 20 40 76 64 53 
99 86 87 26 81 30 63 95 41 53 73 45 
81 14 1 67 56 88 99 39 31 10 79 86 
32 54 5 24 81 69 76 79 6 14 4 86 
44 18 80 84 22 4 80 2 17 32 21 73 
71 19 63 2 80 42 87 12 47 43 35 27 
11 62 57 16 75 12 53 70 81 32 5 3 
35 85 4 4 16 24 76 87 94 90 40 74 
31 26 37 29 68 23 7 31 84 63 98 10 
26 51 80 7 34 84 9 21 20 64 24 88 
40 99 26 85 40 65 10 71 42 46 51 9 
20 58 91 55 20 41 17 98 43 48 4 76 
83 64 96 3 79 19 90 70 69 15 55 9 
79 64 31 72 62 81 32 33 90 23 88 10 
15 4 59 57 3 62 32 85 77 80 87 7 
98 28 77 19 94 31 79 72 46 9 95 59 
41 27 92 31 49 79 92 63 34 50 71 88 
63 2 72 91 81 11 97 31 38 73 1 32 
55 79 55 53 39 50 11 79 76 2 61 76 
32 4 90 17 53 60 4 67 13 28 57 46 
38 6 28 75 30 28 6 85 6 13 89 44 
62 99 74 89 53 35 16 84 38 5 53 43 
16 8 61 28 35 18 25 72 75 52 47 4 
79 4 40 36 68 28 79 81 27 5 69 79 
91 84 14 80 40 18 22 7 26 83 35 60 
52 59 84 78 63 82 81 41 85 21 77 5 
48 7 85 26 63 6 56 53 41 22 33 81 
39 6 87 64 40 73 76 43 84 59 20 46 
40 1 38 76 73 66 80 72 25 65 98 87 
22 5 40 62 26 24 94 65 81 33 80 21 
5 55 63 40 13 35 37 52 87 75 80 59 
40 59 82 64 75 79 3 96 36 42 58 61 
17 51 77 97 83 57 17 40 11 32 79 76 
