352 8 3
37242 42098 16220 50791 81180 90305 39569 28176 
94849 17398 97400 16711 18036 33329 16062 4007 
92682 30786 60037 26895 92506 98334 54634 84699 
91039 40117 62324 48373 95820 70131 30888 49413 
28580 63459 204 9759 53763 39772 37935 64963 
73521 51686 98026 91557 1366 14087 11915 94047 
44873 71952 37293 53730 86637 91926 38429 94027 
48394 752 58751 44214 87234 5990 9978 15813 
69449 10181 41923 39563 66304 96209 4526 39825 
47894 2551 47733 49259 32989 59647 59657 94213 
47950 96949 47943 50938 5226 86371 61316 53620 
3474 20067 14185 7059 26056 24162 39223 11856 
50695 81145 51419 16998 77354 72296 73174 41599 
91198 37258 7210 24186 13257 66866 18399 77558 
80167 66341 28496 85392 69063 89811 39011 88888 
26229 53195 95946 68637 93709 35168 80492 44403 
16312 48262 77752 10017 20557 67278 51616 11754 
4535 75177 52292 34143 42042 70690 11701 38560 
53382 56548 40304 38796 62710 95666 27683 88939 
65213 23628 73927 58921 75147 54418 3323 7810 
19032 81074 17827 39588 48351 85794 67694 69238 
60970 19985 3380 19363 7026 15080 74275 60407 
87979 14578 15554 50689 10243 43236 55979 75455 
83215 29905 34375 58361 674 37697 66170 19705 
35123 348 75645 83473 86141 43338 52710 63462 
79674 56090 99177 86699 87521 73451 63457 75500 
88028 79010 26188 98270 22245 98518 90077 21811 
28422 24451 80171 45447 78500 62692 65152 13622 
63040 40796 13446 65532 485 66156 45346 80158 
38597 44522 83208 26117 17972 46664 17968 22351 
25673 60507 20620 64269 59024 27048 86079 3797 
67851 82601 49244 46350 45292 14395 76323 24683 
71542 89768 6567 72026 55923 68264 68535 94519 
12785 51742 36988 47108 14757 54955 69458 56781 
15462 6429 37401 74485 33477 23479 78282 1327 
22431 27525 64028 84074 58271 40350 25109 29812 
30117 48027 18189 2392 16290 3075 13262 45426 
54816 50249 92533 69572 21556 61990 42704 37017 
84770 80104 27853 18246 3582 22486 35924 42364 
66362 99951 26437 24632 40300 67897 70795 86769 
15923 5335 89160 32212 8409 2421 77637 79576 
69022 70169 65499 90577 48510 8202 43945 33280 
88305 71797 67877 8238 10635 20153 50601 76996 
20103 93390 17980 76755 61286 5126 63523 77209 
10461 69034 9420 35221 87806 3409 14797 56827 
89929 80295 47403 38439 88497 91347 88070 76801 
79496 72298 1391 90130 92450 51991 83477 28905 
45380 1456 5659 23018 22934 85533 226 33394 
54566 25997 84966 42371 29405 99762 99198 35686 
96409 62952 90476 84905 70651 78545 78057 66498 
67194 79447 56627 59644 47790 56455 4900 93169 
57911 10558 32538 80844 96090 32763 30589 67007 
75112 31906 25729 4516 31668 41278 56553 28076 
4230 47028 29332 91232 41924 7388 57729 9118 
3187 30707 85113 50976 87161 90012 60496 61423 
16921 93034 58618 29362 42148 89206 96368 17259 
37464 38448 38127 69131 79726 94679 13558 307 
41707 42889 91538 83630 66628 65618 9099 69814 
96324 10563 37141 83484 16926 97637 61259 33846 
7022 19876 63207 49169 25434 75926 66428 62897 
14374 4554 32027 94099 99232 61936 10757 57290 
21176 2294 57272 87803 84263 66370 73969 80586 
93285 27461 80421 10210 25097 41679 44056 32118 
77907 23614 97639 3340 15892 64066 66236 30265 
68619 14614 40715 84202 76549 51471 41492 14076 
70116 98763 18230 54378 81484 92198 51315 74768 
36011 48087 84978 77459 89766 45385 9577 84024 
85350 23567 87363 1241 87632 53598 31505 56250 
84563 88571 56803 77463 40041 98294 91538 26508 
13408 9767 97237 94892 18317 48551 86011 54327 
96638 87340 31785 2755 49076 57713 86778 34426 
81279 90492 35666 68910 44089 83523 41511 45003 
88445 14666 22465 44838 12959 14002 71345 42719 
23768 68582 37610 58436 33484 39972 29114 30121 
27312 60899 49227 76387 34963 52356 27164 32594 
42847 79182 17855 3287 79056 59366 48289 67500 
90383 70753 12337 3341 84754 34 46059 24874 
68615 20 99661 2098 56344 28775 48571 83655 
6025 14149 76393 40987 66505 3557 73580 25703 
99090 91435 28990 78145 67152 77278 45644 57534 
64383 74333 77226 65488 74366 39637 6713 59332 
56008 6374 61429 12351 35148 26351 12357 41172 
40500 88750 98510 23356 8658 88442 49058 7747 
79876 94399 2243 63379 88029 47886 37264 52411 
38570 30841 17898 12935 70477 24611 88618 42837 
30984 50047 55187 82483 92749 83896 40006 49600 
72645 54867 89307 97654 43308 38365 21752 39535 
49115 23994 2913 37143 88231 56528 89553 26801 
87369 23803 56087 74197 48413 44705 17033 95748 
11103 88572 78230 3851 88819 34587 69803 61463 
89453 59109 75468 32761 13825 97219 88647 62940 
21212 7912 82 9442 64439 5987 52594 68159 
29789 8681 42356 94553 53385 75740 90300 80839 
80663 84881 1041 69481 35819 70843 47295 25271 
29952 22762 74383 43776 36332 79382 23067 57543 
87293 39501 83337 51731 45487 35930 36242 91627 
44610 94949 86179 14346 87040 92830 95184 67703 
94062 12577 53535 29880 83419 830 71502 29722 
39943 45885 89850 76275 25266 12916 50169 28910 
52416 33505 96992 14254 69435 33233 22232 30396 
28181 24762 44742 15221 17591 56277 99275 28004 
68853 52809 57883 68624 69990 29385 98345 26285 
91621 88194 2559 33238 17462 52727 62147 69877 
2584 75490 483 88370 8723 22714 18765 53255 
47476 79858 84827 81418 52487 84101 9422 21339 
53262 83656 6314 39603 13040 4659 65887 21012 
9204 68445 70601 26665 37524 32747 12894 56459 
8237 13376 44828 33311 52441 63592 2917 16268 
59802 87744 14038 12288 88196 23459 33626 57809 
7114 39940 97412 36506 60950 63298 73869 70153 
48095 44470 13170 85618 93568 26063 58428 18156 
55790 3255 51466 24582 83198 54383 57202 42999 
58478 71239 55286 46673 94697 5264 4482 18162 
61555 18245 71019 22504 81542 44888 9008 29636 
5709 38529 31605 99276 64591 90032 17432 36732 
9638 85249 77666 92836 55983 34867 35834 30812 
6105 7472 93837 17153 12735 98318 51666 74289 
16562 22685 13144 14455 83924 22151 44091 89632 
60680 92047 5259 41622 98431 39042 94706 8068 
24291 72371 903 96625 23589 53089 27437 29693 
76912 37625 63197 89646 52294 14862 80286 68855 
37546 93429 99661 37821 31931 60103 27452 8962 
52150 49063 66936 50580 88104 61641 58647 12394 
50363 75902 25371 90303 45342 69159 19995 22253 
6783 99543 28250 59076 14404 8535 44282 68302 
18315 60294 6122 50245 20397 49926 59207 72546 
98988 42494 39477 87091 4134 98123 15837 70848 
90376 57559 61150 52069 43069 97496 90673 49851 
97038 18922 25278 27793 43808 85911 96094 62122 
46204 18568 28719 66600 84845 4277 55497 83832 
46770 94973 87274 67255 9448 19462 38102 16175 
77020 15603 68244 36440 29450 75268 86290 26487 
10542 27919 70631 54349 30181 66725 32823 76385 
1644 61541 59336 86488 65817 14833 86671 28938 
9805 90296 96192 19252 9758 50645 35427 3129 
66247 20022 39569 95696 95289 42210 38534 5830 
86481 9164 76531 16661 92240 9353 93045 93883 
87245 68733 96722 69413 83565 83392 98350 93369 
73688 94541 28973 83445 45185 80751 2925 27783 
17124 42493 23478 12412 1055 62011 34594 87535 
87526 11124 4195 79766 36828 13592 73648 24072 
82324 70370 9836 65888 70113 8185 75608 43800 
19077 20932 43596 64261 18034 62873 8395 35157 
21717 31872 63921 22771 10234 14866 10305 97759 
25989 30852 93876 79168 44443 83876 19591 43118 
70597 29426 25357 40709 37610 17316 861 56686 
54600 60808 37298 72633 23680 62044 24142 45397 
93915 88062 68167 20500 2927 94824 34610 45267 
42027 44838 40786 2821 28713 60376 45938 99309 
89801 87646 56369 43762 4961 57229 16799 59560 
34389 70448 48545 58068 32491 72686 19816 42757 
77099 4335 63256 96377 99158 14217 57995 57536 
59054 98780 60356 4118 75507 6293 3426 65307 
93938 59795 25420 15250 33375 42218 91162 67763 
12665 39706 42183 45155 28743 61998 87911 22193 
82684 67518 34921 98193 98086 92915 55728 73492 
8046 16083 77609 83552 22375 81035 48858 32664 
57181 74277 47914 6907 32846 39075 91022 45510 
95132 49556 7016 23874 27905 11278 62418 10589 
95147 97338 8781 93232 90252 64509 66723 98297 
80591 44332 98200 19318 41718 47057 51981 15250 
37685 16246 22156 86882 71672 29529 32391 66803 
79084 55758 7028 6989 67035 69445 33929 78533 
66782 42709 71764 73385 23569 54839 88033 20512 
15522 86232 39829 57239 49640 8161 88840 3676 
40759 27347 90557 12430 56876 39299 79233 52311 
95056 2612 75651 78442 72057 9579 56974 55190 
68640 28738 44927 92208 99928 32959 29071 15449 
35543 68899 89039 85182 93412 77878 5210 34170 
5224 95766 62951 78451 35065 58535 30762 30120 
61147 6412 8562 49555 32343 65535 4744 982 
10624 49670 9541 26903 98981 38612 42351 34523 
23862 47741 19704 33625 25618 41265 67794 47194 
37031 47097 41996 72095 5631 89109 18566 66777 
11873 43479 16331 44215 25366 37427 61548 52341 
87096 87440 79244 86076 26051 21594 36950 66265 
85687 73006 99889 11304 14270 84035 74849 51300 
31131 33197 39746 36761 22305 74664 19890 34177 
18142 52572 78391 59859 89998 56290 12200 93446 
43730 91443 95873 86132 29388 32823 52396 15074 
5828 52285 42730 20097 36319 33930 87749 83801 
67126 27494 36913 89431 18509 56802 23607 36651 
9374 18350 12861 15723 74639 25060 9168 34720 
32854 5041 20852 62242 54215 73247 93667 76394 
41883 52748 12842 94553 86678 590 78353 70155 
44436 15266 75937 62944 72067 99544 15946 97792 
34245 28807 13515 25235 70218 39034 59955 3072 
60426 80806 81665 14640 70404 75331 7385 12287 
44431 20227 6839 47460 20816 85192 17614 81603 
16809 93551 60899 5227 9446 76844 3019 60042 
22002 32885 85276 92220 88270 61582 95291 48696 
42387 93307 79687 12791 84989 3424 41429 29419 
23650 48267 76878 60817 49810 10844 58772 66618 
4394 19670 71845 30191 12865 91215 90232 34867 
40451 91859 27086 28720 53441 38728 93767 95827 
32034 89806 24969 17022 93229 82749 46441 33230 
31016 39670 94046 97177 50513 52817 63795 71258 
72486 51991 17800 85351 59557 8031 36569 7 
16242 80006 45078 69682 18733 55197 81860 67118 
45002 23181 84139 54582 5929 46931 87811 36944 
2953 81856 34121 69817 51025 14267 57427 39862 
66257 75226 41564 25813 99609 78132 42171 15850 
58137 87248 85531 93221 42444 83742 60338 3797 
6922 60829 58378 12851 7759 62540 66146 27063 
60748 16618 96880 11772 30884 54306 67985 13492 
45883 9549 55656 45491 87680 14178 61340 62169 
1426 63222 55389 60221 46964 15727 80370 70237 
76555 55099 83087 665 17639 49233 44080 94738 
65850 40959 22861 13086 11616 90845 42929 57498 
393 98585 2989 4425 29114 80680 82945 30539 
60254 38333 7112 23569 70411 3833 93805 63317 
58931 93244 63982 92921 42476 24413 87658 24677 
65371 26870 54114 93338 17715 97043 50835 34459 
11979 70175 55235 41092 67207 38179 87983 43812 
76512 11446 83732 63274 15278 77536 26591 90560 
70779 6924 83481 29606 31336 87490 70635 13058 
14360 24748 6395 48426 38142 73581 82884 66472 
60108 54471 7564 43666 92649 11898 87477 85512 
23343 71208 48786 38620 65095 75376 29179 52226 
82299 29011 98183 13634 16501 85169 26691 47212 
9917 49437 95637 64410 23017 94872 30882 83124 
49342 54797 26789 41991 66694 30617 43854 6388 
18176 92639 45007 99623 68014 90537 51848 66664 
35900 66382 96649 52400 51551 39691 15963 77819 
89127 11599 42228 12144 6470 89461 11619 72164 
44257 54760 14154 27302 1728 58007 33689 19904 
66998 95047 35878 51363 1936 87725 18027 37835 
70458 14675 6586 22008 54366 22548 99826 43492 
50498 58406 71987 73319 64218 99958 45482 24827 
71069 75987 52128 89148 50346 2169 25403 17343 
97215 61280 68705 99150 65356 86731 36984 35814 
17758 59921 74173 72123 82468 90351 31966 49317 
48756 20305 22636 29325 36614 68117 54151 24034 
44104 22631 13181 94449 24799 38584 11791 22013 
99863 96847 37515 65219 99930 90850 17384 17687 
50771 91556 6161 49590 81906 54478 98907 47013 
91134 21542 76338 27747 6010 46840 51780 50113 
69470 64961 60913 10620 19896 89055 48985 19758 
85902 86499 1328 85831 93700 35063 19869 60822 
26619 26029 10412 24876 96858 25670 88241 87992 
63563 80930 15738 69572 27769 83870 19685 13591 
65182 80597 24210 85077 86004 89546 21186 71905 
92396 38866 74087 86096 73928 93955 46917 16898 
36335 73680 58126 33192 15701 46366 37535 79263 
27295 53273 48835 71415 53494 84871 1357 18675 
81819 41919 20103 67822 31464 41288 39726 23860 
80153 30164 9955 70433 24118 73223 3682 76804 
63255 61807 26348 78955 24524 63882 58218 51818 
33506 23404 39585 86999 8274 40941 5673 90092 
82859 25775 74266 30675 83415 30343 54534 79919 
60507 80840 66703 976 70414 70385 77780 33668 
48543 4127 12623 73067 68008 87192 41236 1514 
10595 80820 4864 18868 38113 10537 25311 37323 
52663 99576 67997 52429 46271 38882 32348 6777 
36073 15402 7752 6487 85786 1883 40154 34329 
6009 69128 23747 90369 56319 64982 8234 66913 
62154 13097 2132 16618 39985 27443 53940 9000 
43370 38289 61428 5992 93522 10127 12768 29595 
25529 36872 36081 27666 38754 92586 78346 61115 
61714 2092 67835 18032 83426 76068 1297 45579 
5516 3428 78548 45501 47222 32487 70852 6944 
87127 32279 12935 80649 58758 42055 10243 638 
78926 62675 28303 34031 55260 6649 95145 16973 
8740 62979 51357 8517 55398 52653 54095 60914 
72432 48994 22766 36006 97833 93617 42949 84959 
42247 72235 81959 17356 14289 92201 17993 9566 
71227 46296 43597 26487 52944 55093 59811 78035 
18072 11167 86552 89821 80171 56998 67086 68955 
5992 89851 4960 3824 99819 64260 5134 58418 
36494 87093 75773 67135 95645 93766 76700 66872 
40061 20296 93358 93004 75389 69520 87390 9812 
80687 73941 15984 77209 30939 83070 62515 53282 
89272 67474 57105 89091 48085 78590 47508 84579 
65682 23280 68065 61327 33397 44764 44550 73457 
81412 37907 82812 73152 7426 70202 99315 4464 
60494 31650 98025 7784 14719 60539 61065 20343 
44365 34521 25785 92449 13111 89644 93379 95144 
29275 61443 56470 62672 22559 17371 36128 20322 
55277 18940 9825 79055 5493 25491 99870 65986 
57140 14246 73770 88211 74785 51186 8553 19149 
85707 34337 27949 15169 40332 21328 10312 69606 
82770 83134 32277 21680 504 68405 42001 72133 
3696 51825 51187 25540 77315 67408 7877 34455 
81654 81646 39017 72790 32832 47569 8290 34890 
98257 36238 50058 38588 57565 60369 24545 56687 
43502 56822 78366 44006 41578 36719 32490 61625 
88543 83676 87164 82210 67435 95040 33016 65440 
93038 72032 38229 42221 35952 62870 77110 34208 
99108 43519 89147 73024 3887 13691 29710 63741 
86864 24428 24098 28441 61146 56587 90065 66040 
56614 93580 48249 40400 4972 81264 5840 98009 
53295 60420 56581 5598 23290 50042 39805 38749 
93560 45303 11772 13798 75346 57834 93890 62209 
82261 17987 90650 59758 90925 97066 25797 63890 
90646 90398 4290 11969 88013 10129 26329 57660 
86900 82909 63257 10189 32950 19414 48937 42861 
64716 77061 56658 40061 34894 50548 18622 33506 
84886 25623 9615 75811 22688 35411 39700 29685 
42160 60341 41653 30173 86821 67981 87832 73721 
67241 51088 83909 16542 70501 49198 59402 51569 
26258 32412 7981 61151 82959 26602 11008 84196 
52224 20622 76358 91264 72384 16058 20948 14544 
92750 78953 61068 79571 63285 48899 53291 30526 
16338 53551 47067 3191 2748 6469 71111 45357 
55232 79091 6507 38190 22045 17514 38737 90620 
54487 15095 98235 26871 47504 35535 41414 40253 
14487 2481 19823 77771 67731 89465 24648 420 
43016 88067 19962 62115 10887 91072 7472 66118 
86515 30330 20659 8559 64196 59395 15530 18682 
74489 13765 45552 21992 49299 3317 62245 80137 
22149 98419 74259 6231 4236 98907 6651 47251 
86973 26612 25717 97859 17684 49540 80328 20550 
96222 986 45460 60417 60380 60989 95450 34869 
74753 41002 73212 40403 60670 35456 20539 82819 
50227 94798 89049 54462 93704 12051 18064 97028 
38663 60132 11238 72698 9672 91565 9599 5893 
92550 55058 82661 52929 16046 78110 4149 7151 
35463 77361 47553 96133 29168 68092 95303 79394 
62889 703 50207 72944 12754 68270 69971 67768 
28402 97560 56817 54425 89124 82767 60317 81673 
37824 42977 50953 53869 37438 71454 61019 72901 
48814 24924 85385 77981 93015 80687 73727 72255 
97741 23933 45198 26846 8555 31520 10965 36956 
29079 84133 91380 18202 66899 68048 16226 4722 
27376 83530 74943 64813 54983 52313 54065 20148 
77236 39449 14481 86602 36487 88207 58856 34228 
28491 20405 61073 37045 68276 88390 90352 97354 
72522 98083 31907 39421 82482 64484 44142 9857 
48014 19084 91022 19348 87749 45086 55848 64984 
887 70328 51586 37373 74886 26793 87952 19728 
63550 65377 56773 31825 53766 63476 29179 26287 
61559 77437 65707 60392 41921 26201 86601 6286 
61636 77622 41985 49384 39059 97832 30720 56297 
68159 82305 93670 59396 25449 97973 79124 88998 
63349 52248 20823 17114 15723 66353 59753 93633 
43789 41811 54025 2061 68011 40625 8346 45999 
34598 50331 95382 90008 48162 26101 46305 32673 
24757 56326 92068 66558 54298 87543 71907 17647 
39790 92729 51112 71865 75433 10864 65497 35574 
52675 35873 37634 37037 76497 45980 83035 27446 
12662 94769 17454 60823 37221 80110 9847 78330 
36435 18267 44887 90732 5809 16793 24730 45599 
25874 75842 17463 17658 3057 99311 53231 55731 
35184 90865 92768 28032 53196 92154 55478 65857 
86922 89283 43031 24143 69392 69230 18824 5826 
87496 63710 12909 93304 96854 37639 55254 39079 
29832 72716 56737 32888 88379 26319 4971 23562 
17183 97738 51593 86730 6243 23422 68938 93165 
12704 11969 33659 98447 81198 52482 4272 68693 
32543 33533 78348 45748 87523 33602 1179 17354 
22669 57915 50241 11047 585 55211 34608 17768 
69300 2553 20849 75543 42326 89787 85059 71382 
