58 74 30
17 82 7 37 34 41 74 45 56 45 42 24 14 74 91 52 58 41 81 11 4 93 34 3 8 13 51 60 70 24 45 86 58 4 74 43 96 48 87 51 44 81 26 10 6 17 13 64 57 93 74 12 85 59 67 44 71 17 56 93 93 100 78 2 3 4 44 98 51 83 100 46 63 26 
55 68 94 67 83 2 59 56 14 96 66 80 39 37 48 94 81 40 46 58 41 100 13 37 98 15 19 49 61 81 26 15 100 19 82 83 21 92 90 86 39 56 65 30 44 64 75 24 4 20 33 96 20 46 32 69 12 50 69 72 82 95 87 34 13 20 68 85 63 57 22 2 64 86 
83 7 2 57 82 5 29 67 52 100 64 36 68 75 37 36 47 71 30 85 4 95 56 71 31 18 79 53 71 43 90 53 1 91 62 35 47 90 1 51 89 64 86 8 38 22 95 84 92 77 20 47 23 75 69 53 45 48 57 15 42 47 20 42 89 33 28 36 22 28 86 62 91 71 
21 81 44 67 16 88 43 36 34 65 62 3 70 6 2 26 73 43 24 92 36 13 24 64 100 97 43 85 10 34 7 82 14 2 48 81 89 91 16 75 7 78 29 76 35 30 54 7 24 77 50 59 41 25 74 40 21 17 76 82 50 34 63 15 36 11 47 76 53 63 50 59 92 78 
87 78 59 40 85 82 68 86 41 9 11 66 48 83 82 76 17 83 9 79 49 44 41 96 20 45 10 21 4 1 51 42 78 9 33 14 91 100 52 83 60 62 100 60 96 82 35 12 64 43 91 13 39 83 60 10 28 69 82 83 69 32 24 98 41 8 64 83 59 15 17 19 28 16 
30 23 49 64 35 13 58 77 77 48 59 36 9 38 4 91 20 24 22 95 73 14 2 88 48 13 2 16 31 29 84 12 4 32 27 38 96 84 14 24 84 24 59 92 62 14 82 81 89 56 28 14 69 81 1 69 93 3 84 75 83 67 86 86 51 12 75 46 48 88 70 31 12 80 
74 25 46 56 5 34 11 32 47 31 13 48 99 57 2 35 32 36 1 17 74 3 29 48 49 28 88 70 10 51 49 83 75 94 90 31 80 52 15 26 83 79 25 33 35 78 67 66 66 20 35 91 22 15 90 22 42 77 91 51 79 40 85 5 85 75 88 64 26 2 42 60 32 18 
93 66 96 11 84 13 82 18 3 4 32 92 25 25 21 68 75 99 7 59 56 91 85 43 7 11 96 48 22 27 65 66 44 12 77 27 24 58 96 78 13 79 70 90 3 90 57 29 40 15 40 47 5 24 89 63 86 84 10 8 62 27 73 6 90 1 84 14 59 80 43 23 58 12 
12 13 53 20 41 45 34 80 91 91 4 32 53 41 15 15 48 77 41 73 34 30 73 17 95 83 96 90 6 6 1 69 18 6 89 58 2 22 90 92 64 93 23 17 33 90 31 33 18 23 5 51 4 29 67 99 12 63 40 69 20 40 89 37 97 77 46 98 51 35 42 14 79 64 
82 64 5 12 96 22 86 52 72 90 80 39 40 43 53 79 11 72 70 100 60 67 28 5 16 30 92 57 44 70 73 77 33 77 41 80 99 26 83 70 67 15 60 6 57 64 36 20 87 6 71 46 24 50 3 91 80 46 48 75 15 72 51 100 48 91 31 98 69 66 20 35 80 31 
93 88 95 28 7 81 33 29 79 8 79 33 99 58 78 98 32 44 69 34 95 68 77 26 66 45 91 37 79 22 67 71 9 61 99 16 94 83 44 24 43 74 8 41 31 85 90 14 80 58 100 75 77 76 52 94 20 94 30 50 15 49 73 23 61 23 90 6 5 86 29 99 59 36 
91 42 72 80 55 4 89 54 30 66 29 81 11 100 74 93 50 40 41 74 62 1 96 4 7 52 89 87 51 47 75 41 40 98 21 95 1 61 100 30 78 81 62 89 32 87 81 33 26 21 6 40 73 1 43 31 53 31 18 3 29 92 95 69 41 67 15 42 28 66 23 5 98 85 
93 30 71 25 62 49 45 20 88 70 20 30 100 24 12 69 26 40 12 73 60 53 39 26 94 66 92 68 71 89 52 15 70 75 40 84 23 36 3 10 5 74 39 57 98 2 25 75 41 37 47 53 41 86 78 86 51 21 53 73 62 5 88 31 31 27 66 53 14 68 14 19 94 4 
75 91 5 51 65 45 39 64 49 79 49 27 64 51 47 17 76 8 73 63 91 55 41 56 7 54 76 20 24 69 23 50 11 27 1 27 23 91 90 72 70 90 50 85 93 96 53 68 56 77 30 46 31 22 1 89 27 76 8 51 96 82 100 6 60 52 33 35 43 22 58 64 64 7 
48 56 54 1 23 9 29 4 54 60 77 7 48 3 34 8 53 30 89 53 87 1 4 19 35 46 93 92 61 8 98 9 63 3 61 37 12 89 40 17 100 16 23 48 18 57 55 71 38 95 75 76 95 30 95 81 28 39 24 88 46 73 96 60 76 8 96 87 49 87 3 48 54 78 
95 71 86 1 93 23 48 19 50 94 49 44 75 76 34 98 15 31 23 63 42 98 70 89 36 70 75 38 18 28 67 64 51 52 65 95 26 12 14 76 57 14 71 31 41 57 81 55 87 55 17 81 52 39 69 87 8 44 76 25 23 43 89 73 94 5 68 20 68 33 47 24 98 17 
7 38 73 39 92 12 93 61 92 96 51 60 82 58 55 57 35 78 51 75 2 45 31 21 16 98 5 14 73 2 30 31 39 55 69 83 66 13 95 9 8 45 20 89 54 27 98 88 56 100 62 57 96 92 78 11 41 82 76 66 36 6 96 26 12 65 8 77 77 54 37 37 98 8 
77 52 34 26 91 89 26 5 46 21 48 75 84 89 8 59 54 43 16 1 69 27 65 28 3 94 82 91 30 31 99 6 34 32 32 25 73 9 29 18 29 76 44 12 16 3 23 21 98 38 22 66 65 38 45 19 31 78 10 12 9 60 70 42 91 53 66 63 61 46 32 41 74 27 
53 89 30 75 62 27 64 83 44 28 72 40 47 55 18 8 66 26 67 87 19 9 91 37 24 51 82 7 92 7 34 96 96 63 22 9 41 85 43 84 13 14 23 11 68 40 18 86 17 84 72 88 44 63 24 67 65 57 74 8 64 7 3 11 21 24 19 61 61 61 96 73 74 70 
83 94 62 52 79 78 87 2 17 30 16 92 97 81 49 22 88 64 80 43 26 100 18 44 12 78 56 59 2 81 28 36 74 89 87 4 19 73 6 35 3 21 27 51 53 27 72 93 42 3 35 67 2 52 62 65 82 17 23 83 97 2 19 71 91 5 26 9 30 31 95 84 4 73 
86 8 51 9 100 92 11 86 58 64 90 19 28 71 87 2 53 84 3 23 6 93 80 31 53 9 14 100 44 17 72 29 24 23 37 76 66 47 61 76 10 50 46 89 20 33 42 25 16 44 99 73 89 78 3 93 38 68 92 81 84 64 61 60 38 97 35 3 95 95 78 56 97 24 
96 68 8 37 44 23 33 43 47 73 72 1 65 62 69 57 94 4 72 55 63 61 3 49 63 50 96 93 5 92 68 53 59 75 89 55 49 73 97 95 45 20 47 10 81 15 18 75 19 41 29 33 1 83 34 15 32 29 59 89 20 26 41 30 100 81 84 100 6 32 94 50 4 93 
11 84 7 80 10 77 20 38 62 72 73 95 39 4 23 97 44 94 23 36 23 74 69 59 74 74 42 19 23 45 11 86 81 70 65 90 46 37 80 59 8 52 53 46 7 75 95 3 68 17 38 43 42 6 53 67 79 46 38 54 43 100 39 23 69 55 12 67 91 43 25 51 94 78 
48 53 4 42 55 24 10 92 18 4 50 70 70 80 67 7 33 9 7 23 83 27 78 95 45 20 37 70 70 83 99 70 87 2 11 41 77 73 84 94 76 33 15 97 65 82 4 97 42 62 72 25 40 49 71 85 68 59 6 90 93 4 59 79 57 21 19 86 93 55 79 20 39 46 
17 3 79 72 52 20 33 23 96 24 71 66 60 90 77 65 31 69 20 89 48 29 62 18 14 54 72 92 74 63 37 90 65 15 61 16 87 45 38 82 20 60 100 80 2 76 44 32 96 64 73 95 92 34 13 57 39 36 48 64 98 37 5 15 3 17 30 89 13 20 23 33 79 22 
12 32 49 7 64 44 22 88 39 65 73 3 21 63 38 69 27 88 57 83 2 59 100 83 100 12 2 74 44 33 47 7 64 95 14 79 90 87 66 80 52 90 34 72 53 72 92 31 11 48 13 12 59 12 94 58 76 48 83 71 80 29 78 43 23 43 22 64 29 39 96 80 29 29 
4 33 52 95 63 62 43 75 25 1 39 71 10 14 18 92 84 97 20 13 39 94 7 12 9 36 3 4 67 83 33 70 15 84 65 29 46 59 55 22 59 93 92 20 58 9 63 94 57 34 6 48 79 13 59 87 100 13 91 18 95 23 40 9 58 4 89 55 14 44 77 24 36 68 
43 94 29 57 87 85 90 44 32 68 8 43 54 7 55 96 77 50 70 16 10 28 71 99 82 84 42 58 7 29 78 49 74 6 57 12 42 46 56 74 13 15 68 18 22 22 14 50 23 83 65 85 62 35 35 44 18 28 53 24 56 82 24 82 39 80 93 81 77 100 6 89 15 73 
58 88 46 71 37 21 6 1 57 67 87 91 62 4 70 15 79 25 48 2 58 87 33 3 67 9 2 72 49 68 96 6 55 93 29 43 13 86 43 21 52 29 11 66 84 80 32 62 57 79 15 66 65 99 68 31 59 70 54 7 37 1 65 44 46 45 86 58 30 81 31 33 61 41 
50 97 73 81 58 81 60 25 46 76 75 14 59 34 35 64 92 23 65 8 18 10 4 4 19 85 36 49 18 96 42 19 92 66 100 2 46 11 78 43 86 52 8 44 37 42 8 81 17 24 88 34 33 92 37 3 76 72 4 45 20 97 64 63 62 15 64 59 25 93 1 10 45 9 
6 33 2 13 13 18 88 53 52 72 96 40 74 23 64 29 20 35 25 83 97 86 49 61 96 73 5 97 34 49 57 39 34 10 3 98 28 90 50 31 13 45 22 87 20 85 67 39 19 92 73 68 29 21 80 77 93 84 25 78 85 81 69 18 90 71 15 69 13 17 51 25 61 73 
63 80 9 82 70 28 73 42 95 53 62 26 29 6 9 53 84 93 85 52 10 27 74 77 47 38 93 98 15 5 70 29 37 78 10 6 57 82 48 3 87 9 28 15 15 89 20 50 81 4 1 43 82 26 19 29 64 11 26 78 67 47 6 3 76 16 9 85 49 8 87 87 16 67 
54 82 55 73 31 87 28 83 29 10 61 99 90 76 9 15 53 28 13 10 30 88 77 90 72 78 97 11 64 65 29 69 46 35 93 29 21 21 63 2 82 75 100 71 50 61 37 54 88 49 64 17 88 92 7 60 21 55 22 37 19 50 5 17 84 98 97 56 70 11 57 51 86 57 
73 35 17 61 89 4 9 4 72 96 47 30 7 68 85 28 4 55 29 60 23 64 57 19 20 26 82 76 28 67 84 52 53 52 12 41 55 72 96 79 20 43 8 78 10 44 58 65 51 86 24 73 50 33 44 21 10 25 48 90 91 32 93 43 83 5 36 90 28 31 20 99 25 79 
77 34 23 34 50 25 71 26 97 72 58 40 92 19 64 40 8 6 23 1 1 5 57 36 46 84 18 65 35 43 44 63 28 18 96 30 42 18 55 90 90 64 82 81 82 45 72 90 3 94 42 3 51 98 90 48 33 59 65 19 53 8 81 33 77 28 62 70 46 68 59 87 31 40 
67 12 37 91 53 91 36 94 45 86 43 34 34 76 44 50 46 97 57 27 29 85 54 42 54 99 9 64 85 39 4 4 2 92 46 55 82 81 100 26 67 43 11 52 70 54 1 15 2 9 41 82 45 47 23 98 45 83 61 82 73 16 37 75 7 82 81 88 62 80 65 80 74 75 
83 95 81 35 62 82 43 54 16 87 100 38 36 97 73 49 78 45 64 66 19 71 47 99 10 60 31 27 40 4 1 22 51 33 57 12 15 51 65 30 90 65 19 77 13 43 25 90 88 89 55 6 11 53 57 72 12 39 98 3 94 51 77 44 83 85 55 97 35 72 78 76 88 49 
53 100 91 77 89 30 17 95 36 79 99 44 51 10 82 48 65 75 98 41 71 33 25 25 29 11 48 59 87 35 59 91 34 1 19 74 31 36 20 18 14 18 13 16 80 94 64 44 20 13 84 90 45 8 67 26 70 14 36 56 49 46 98 34 46 17 8 28 4 79 45 69 97 57 
85 28 2 100 71 22 12 6 63 9 65 29 86 34 95 73 42 95 18 39 28 15 55 87 43 10 66 39 79 14 96 63 41 49 62 63 70 25 20 85 85 84 65 70 17 59 94 58 53 11 97 81 26 3 19 20 13 84 58 91 49 5 5 41 54 66 55 23 42 74 59 27 57 24 
48 74 82 42 83 87 52 31 19 29 34 37 100 98 73 58 88 21 62 44 14 15 9 68 90 50 42 48 28 98 23 76 23 57 17 6 43 20 36 61 1 21 97 100 18 21 57 57 42 71 100 55 85 60 22 26 62 63 26 89 13 48 16 35 4 32 92 46 52 80 58 52 52 7 
3 70 27 60 78 68 30 30 74 66 41 48 92 2 62 17 43 74 16 58 61 20 42 4 17 45 83 75 48 35 33 50 56 59 61 85 79 90 66 4 8 7 51 51 60 65 19 2 38 34 12 50 53 53 54 22 97 88 48 44 74 80 45 81 90 6 18 68 47 83 24 54 89 74 
4 49 38 74 2 28 8 65 29 60 17 34 81 65 22 80 60 47 59 5 80 49 10 97 68 56 79 91 62 20 17 17 20 6 91 21 85 98 38 14 9 54 47 42 71 20 21 82 19 32 86 98 32 47 94 51 55 24 42 68 43 10 84 62 67 26 35 52 23 72 17 84 77 63 
77 99 35 97 81 53 80 18 50 11 65 95 62 71 18 55 38 13 16 21 74 82 47 60 33 21 31 49 56 60 64 32 58 98 81 38 2 60 56 3 71 72 97 84 42 66 38 79 30 53 51 4 34 49 15 19 70 98 19 77 57 34 9 14 83 89 4 84 100 11 38 70 82 86 
53 23 52 42 53 81 94 3 36 80 52 3 50 73 100 68 49 56 54 9 21 36 49 76 72 49 86 9 70 19 95 75 93 98 16 45 30 62 48 66 41 51 68 42 23 19 9 23 74 62 32 46 50 32 22 21 80 59 29 2 78 23 76 70 20 91 67 2 52 66 67 44 16 86 
85 38 4 46 12 29 59 95 26 8 27 47 28 6 6 9 59 35 83 34 56 55 25 22 56 28 87 74 72 54 11 8 91 66 53 55 94 12 49 19 71 75 18 51 33 75 59 91 61 41 25 16 95 1 90 2 28 76 75 51 30 85 59 72 50 63 26 95 74 27 66 97 1 35 
47 33 9 5 76 21 97 100 36 44 100 25 45 79 53 72 30 34 56 40 5 58 2 83 4 28 9 69 24 61 3 22 46 63 26 21 83 74 72 71 69 23 95 66 1 99 37 82 32 44 73 89 53 75 23 57 54 83 25 77 43 80 98 88 94 75 60 77 100 31 47 69 5 93 
34 6 92 22 39 23 65 12 63 18 38 85 74 91 67 50 19 62 81 16 1 75 42 61 51 93 43 49 61 48 41 46 5 84 67 95 59 84 6 21 53 43 58 78 85 76 27 3 37 60 70 90 34 63 2 36 56 96 84 68 43 76 14 99 60 32 94 70 67 51 90 19 46 99 
96 30 75 75 33 63 86 2 52 19 17 5 54 72 1 89 39 43 64 4 94 75 88 87 44 54 89 86 73 34 84 20 64 58 46 48 21 31 1 24 1 17 29 54 88 29 94 79 23 58 82 68 84 69 6 28 23 95 65 47 28 48 18 43 6 64 90 78 46 91 53 47 59 33 
52 47 13 46 25 88 55 58 55 38 27 13 17 1 7 81 47 86 29 64 29 86 79 70 15 77 12 19 75 71 4 26 17 16 23 93 55 77 50 10 67 28 22 83 28 80 16 26 65 96 42 45 33 20 67 99 48 78 69 22 100 72 100 68 40 22 60 94 99 62 55 17 89 76 
51 17 7 66 42 24 13 83 20 45 55 86 95 54 64 64 76 15 35 75 83 26 96 42 20 46 55 74 62 44 2 13 12 8 30 5 31 43 40 51 39 46 88 34 99 3 49 26 18 35 100 100 61 48 41 80 45 48 53 59 91 54 71 54 14 52 58 96 94 97 46 33 94 86 
18 93 88 18 18 5 52 70 4 12 69 97 91 13 44 96 71 86 1 93 39 14 45 48 10 90 97 7 74 90 92 91 34 32 8 4 36 12 73 92 23 93 40 66 57 35 13 80 20 13 24 10 27 68 57 88 10 53 94 83 95 38 26 28 69 85 31 4 96 55 47 71 47 86 
88 56 20 100 35 91 12 58 100 90 78 9 29 87 61 23 21 55 60 46 35 80 31 65 35 78 20 82 48 66 19 35 21 39 86 7 81 98 17 33 39 94 41 68 32 53 42 52 60 53 98 94 32 80 58 66 57 29 47 57 95 66 91 67 56 77 26 88 26 42 20 16 35 60 
35 18 13 76 69 72 80 18 17 11 97 74 29 54 3 75 62 49 92 52 67 99 80 44 39 57 85 58 73 71 18 7 88 82 35 9 5 14 26 21 77 23 46 5 28 100 31 89 100 23 92 19 73 72 62 11 80 99 21 52 69 38 11 9 71 97 17 75 10 94 47 86 68 44 
90 95 96 21 35 95 95 79 65 19 2 79 82 81 77 2 33 97 91 95 57 61 91 73 87 52 19 85 38 86 28 79 33 75 51 19 22 45 97 86 16 98 64 97 79 92 98 63 89 88 9 45 100 99 70 86 50 88 70 39 25 49 70 57 24 20 76 45 17 24 82 32 22 46 
28 52 37 77 66 77 16 74 74 15 24 95 100 25 82 21 64 58 69 33 15 44 52 42 88 20 65 70 51 38 67 30 89 55 58 54 84 73 79 57 87 2 51 38 27 84 58 42 41 79 26 7 74 29 100 14 49 65 35 99 54 1 81 43 7 38 48 90 11 79 98 49 80 100 
87 58 83 96 51 76 26 76 34 100 5 86 13 53 2 47 3 55 99 83 49 5 73 49 47 83 27 96 83 58 96 21 68 30 17 18 57 94 94 43 93 50 28 57 54 29 55 56 35 53 91 84 10 63 32 8 97 58 3 79 67 98 52 34 80 68 52 36 13 97 78 6 98 57 
14 51 85 69 6 20 73 96 55 82 10 86 41 58 95 44 89 61 93 40 47 72 59 50 8 71 46 37 28 43 94 42 93 30 62 50 1 34 98 55 68 59 40 8 17 86 51 5 99 96 44 45 67 2 94 26 24 91 63 52 85 8 45 29 89 6 78 90 91 75 44 58 86 36 
18 2 21 20 6 71 15 1 15 82 54 8 7 77 98 21 80 34 80 24 62 69 81 40 10 72 66 53 81 51 40 98 4 13 18 9 83 32 61 98 65 66 57 24 95 7 96 74 40 76 50 2 96 30 93 5 53 58 9 34 61 49 31 64 61 100 25 43 32 37 92 96 3 49 
