57 45 9
36 38 73 92 8 68 12 21 7 72 13 16 41 9 65 69 18 13 31 49 24 10 71 67 37 28 51 95 84 95 43 71 84 67 63 91 86 74 11 93 97 75 60 37 35 
24 57 52 88 87 52 11 96 22 30 84 49 80 78 84 26 72 55 61 91 17 3 76 42 65 20 38 39 80 27 73 3 83 77 91 22 28 53 17 2 82 1 2 13 30 
86 38 54 92 98 44 60 100 71 1 16 91 90 54 70 68 79 24 51 7 14 24 34 19 40 87 100 92 89 13 74 26 2 27 17 52 70 76 3 92 28 19 82 69 24 
3 37 2 79 39 8 44 62 94 62 53 32 62 97 72 26 70 97 79 96 65 82 17 92 85 8 19 55 42 40 78 96 76 32 74 66 91 18 27 36 79 31 68 92 27 
39 69 96 88 48 91 52 81 59 44 65 67 14 19 60 53 49 55 28 80 29 93 70 46 71 6 76 2 73 68 80 63 88 76 50 87 18 2 68 77 97 32 43 10 3 
2 63 3 56 42 82 36 87 51 81 9 8 9 62 32 76 42 95 15 17 96 2 34 49 69 10 45 52 4 7 6 57 21 8 13 62 89 100 100 92 33 9 99 41 22 
31 68 63 77 82 31 72 83 65 21 3 26 17 55 30 23 60 38 43 68 2 57 8 2 56 99 34 16 50 74 38 80 93 52 8 74 83 79 9 99 51 11 24 68 17 
5 90 77 43 85 96 96 41 3 97 96 54 30 64 3 55 53 34 99 4 41 25 38 71 33 36 74 95 12 93 64 68 82 92 62 66 87 58 58 41 54 54 46 36 69 
48 42 21 33 41 76 25 17 14 48 1 1 21 95 64 13 10 32 46 1 45 64 39 2 21 80 8 26 25 95 94 25 36 66 9 28 42 34 44 7 81 96 7 53 43 
71 65 52 54 62 53 98 77 91 52 98 22 59 75 99 53 69 75 40 86 83 20 27 16 15 33 96 11 92 100 53 14 64 4 67 78 56 64 54 99 15 3 20 25 78 
70 29 98 44 69 83 27 88 62 94 54 46 42 64 37 41 16 2 57 20 68 34 27 84 39 77 50 42 49 75 71 18 3 68 62 71 2 40 10 15 33 64 61 74 79 
49 15 95 51 71 66 18 56 44 1 94 21 51 87 69 77 57 86 79 76 99 2 78 38 63 92 23 78 4 96 57 53 62 51 3 84 68 72 39 11 25 85 83 27 71 
51 3 28 89 33 3 87 86 32 77 49 24 51 26 79 98 82 31 60 84 85 95 3 57 34 66 33 70 48 59 40 99 13 67 39 97 22 77 83 53 53 31 28 55 8 
7 53 90 89 64 25 74 58 80 82 43 45 14 12 92 24 4 42 88 70 80 84 43 57 66 48 61 96 75 68 4 33 20 45 22 83 21 95 40 52 76 35 96 41 98 
88 64 1 81 51 23 13 34 65 21 52 12 81 99 39 48 2 23 19 98 44 1 71 90 93 22 17 79 70 57 76 57 72 77 89 22 99 1 8 63 21 59 27 54 9 
17 53 63 39 72 60 35 24 82 24 16 56 41 94 25 49 22 33 21 98 21 94 96 74 53 10 94 63 88 99 72 4 52 34 95 23 45 29 46 27 52 14 34 44 59 
58 93 80 90 13 77 62 58 24 35 11 86 29 73 73 27 44 29 30 77 23 52 22 51 50 100 54 15 33 98 73 42 90 5 31 54 33 92 11 57 79 21 94 59 94 
66 37 37 46 67 66 68 70 39 18 19 90 72 33 22 21 58 63 10 62 45 63 46 88 73 54 66 94 47 24 39 13 13 27 58 79 44 78 48 82 47 19 71 70 3 
44 90 60 58 99 73 54 13 19 42 38 72 59 83 19 35 21 83 47 99 92 25 43 21 24 24 68 42 47 37 45 42 79 56 100 29 81 5 42 99 46 79 22 57 61 
40 91 33 74 89 31 18 65 73 38 88 49 5 82 95 94 78 36 24 33 87 52 13 92 93 63 89 23 85 97 35 76 39 67 50 27 98 19 43 22 56 31 70 13 64 
16 58 41 4 81 25 42 32 90 85 77 52 74 99 88 22 34 64 61 52 65 39 1 83 82 75 90 64 44 54 27 12 11 67 15 91 43 56 75 32 41 51 84 66 1 
23 39 86 86 51 38 2 90 90 84 23 64 26 86 60 79 12 71 90 30 85 32 72 92 6 4 84 8 39 1 9 61 40 46 99 90 35 100 31 25 36 53 88 61 38 
47 91 1 17 80 30 53 64 54 97 21 9 32 29 99 33 89 11 24 86 9 13 21 61 44 45 96 48 84 8 86 31 98 38 99 78 20 4 93 73 52 13 33 83 93 
31 15 33 41 38 19 2 3 91 62 98 35 57 45 18 64 82 100 13 72 51 42 91 54 34 15 57 99 99 39 43 29 6 76 21 95 46 22 97 36 35 46 22 91 43 
39 6 76 91 71 47 41 12 89 46 46 55 2 96 53 40 38 33 97 13 6 92 10 79 40 97 14 38 18 56 80 9 14 7 99 84 6 39 95 94 84 92 1 37 87 
5 28 25 90 25 89 95 16 51 73 7 47 38 44 65 94 23 73 7 82 71 90 87 61 36 32 96 28 32 32 66 89 11 42 78 35 31 72 2 33 96 9 79 34 4 
95 79 79 19 37 60 41 78 46 1 13 77 96 92 61 79 58 49 90 99 26 76 81 49 78 13 44 38 44 29 41 38 59 19 57 95 30 97 72 75 50 85 4 97 28 
64 28 37 64 17 88 89 44 68 37 21 33 32 10 76 13 3 65 71 73 73 66 3 22 37 29 71 73 32 67 1 47 46 37 10 62 24 50 6 44 38 78 28 70 40 
55 34 42 19 56 14 44 21 16 65 10 97 35 34 28 53 34 27 99 23 36 12 98 38 69 93 75 99 20 96 38 74 29 31 45 85 44 88 57 12 52 66 8 38 100 
87 42 85 65 92 59 53 4 57 90 24 49 64 74 21 60 63 94 40 93 90 24 89 77 33 100 80 98 59 17 49 97 59 86 62 50 96 14 5 52 55 81 53 18 54 
25 29 17 70 69 9 60 44 49 36 76 48 16 26 58 84 26 55 42 63 68 44 59 33 100 10 87 80 14 56 34 38 85 2 8 5 62 19 48 11 54 24 10 21 1 
68 5 26 74 46 89 93 41 47 25 41 8 63 20 74 18 5 63 54 58 22 58 72 40 58 82 46 81 43 66 33 10 70 10 35 68 98 27 60 96 3 100 56 17 72 
81 35 28 95 40 86 17 98 57 8 55 90 53 87 32 71 71 94 92 80 80 11 30 7 71 77 61 70 32 78 93 64 64 21 59 3 6 27 52 14 34 58 3 39 96 
86 9 66 79 100 46 59 11 27 17 33 3 29 54 87 6 47 50 21 67 60 24 24 86 27 89 20 85 91 58 80 76 18 98 7 17 43 17 79 69 33 11 23 61 17 
9 19 63 11 39 81 70 14 56 56 41 44 27 77 86 84 56 13 1 53 71 69 47 87 100 67 19 10 90 32 78 50 2 40 60 40 72 82 6 27 37 46 22 63 22 
7 98 29 72 50 34 42 18 32 29 17 51 99 79 92 30 56 41 31 48 53 23 19 34 28 98 22 25 19 84 46 78 33 26 49 82 11 90 99 43 18 68 93 69 98 
84 98 53 76 81 100 28 55 71 61 34 68 34 58 86 69 55 63 1 80 63 82 91 53 33 85 22 52 77 90 49 12 40 1 87 72 53 15 26 75 27 59 42 61 68 
79 29 22 94 82 53 56 15 95 60 47 79 82 98 7 23 98 18 62 51 57 33 3 71 10 29 49 20 70 61 87 100 42 8 93 23 13 1 37 7 60 36 38 93 85 
96 16 83 66 77 33 22 62 87 44 71 15 92 91 84 5 29 83 46 89 28 68 1 28 56 59 39 91 96 32 76 44 47 58 9 75 90 30 36 76 73 59 90 16 1 
25 20 29 59 65 69 86 84 69 65 40 28 4 30 75 87 5 18 33 14 26 59 55 7 47 30 31 5 71 99 57 95 18 37 54 35 6 91 70 74 56 9 53 11 91 
28 97 47 97 81 61 75 91 15 81 37 97 64 93 67 62 49 14 31 86 67 65 91 9 35 16 16 95 21 26 85 100 74 84 96 6 96 70 97 10 3 85 58 66 78 
25 27 78 38 9 63 56 74 5 16 60 73 32 6 93 9 43 92 35 26 39 92 21 61 88 82 63 25 40 80 2 16 58 31 5 66 46 12 91 2 27 2 74 10 8 
18 19 2 61 53 27 100 44 99 12 84 32 74 60 23 5 13 38 14 43 94 79 88 57 22 90 84 23 15 45 82 85 63 83 45 67 61 96 63 59 7 98 43 32 57 
65 36 69 55 49 63 100 80 51 57 1 92 92 75 6 36 57 90 99 39 87 17 100 82 31 10 89 28 52 20 36 69 8 4 75 56 19 74 87 69 82 87 12 73 62 
17 9 18 59 59 8 97 27 7 78 58 69 66 85 72 38 21 40 45 76 66 52 94 40 39 14 21 77 25 46 90 94 54 59 4 64 67 100 90 25 77 47 93 95 84 
17 84 56 8 28 83 74 31 77 65 69 42 85 98 19 30 87 12 35 46 67 50 64 18 40 88 46 38 33 40 73 49 75 28 56 2 11 81 85 39 45 53 80 82 2 
98 63 89 61 98 86 79 47 49 96 38 36 42 76 68 33 48 68 8 28 76 61 90 56 45 28 1 50 59 82 51 9 44 91 21 93 76 100 92 24 95 29 60 88 56 
79 21 56 99 80 83 74 40 72 29 37 51 81 86 9 14 88 17 10 79 38 2 6 89 93 30 35 74 41 23 29 71 95 36 69 74 70 42 65 41 23 1 43 55 38 
52 69 78 20 78 8 57 31 13 97 76 94 32 49 34 54 29 57 100 65 25 25 86 19 89 27 41 42 21 95 31 72 63 8 92 92 67 100 23 80 97 50 25 80 98 
59 85 78 15 84 94 91 8 80 9 48 58 1 41 78 96 72 2 10 31 45 54 98 96 76 29 44 77 5 23 74 63 7 3 29 42 97 72 1 28 80 49 85 81 41 
62 28 64 15 89 95 59 42 44 55 69 24 98 45 28 21 70 43 79 73 23 21 21 94 21 48 26 21 32 58 14 45 37 77 60 25 23 18 67 18 24 87 41 22 32 
21 94 53 15 72 25 37 44 97 83 17 44 60 37 27 17 50 72 5 79 83 29 1 52 47 19 76 34 11 49 17 31 42 69 45 65 46 34 9 42 16 25 38 27 13 
64 95 15 35 99 93 69 27 45 21 26 63 96 11 26 44 27 56 37 47 53 53 44 38 13 38 5 89 75 31 2 90 25 68 77 23 12 45 1 56 65 26 71 60 36 
96 55 14 3 43 13 7 96 56 44 8 45 48 97 71 78 50 61 54 17 37 76 80 81 77 35 98 54 57 57 90 52 64 55 7 6 67 65 53 75 9 13 19 8 61 
42 38 10 2 91 78 90 67 57 22 95 43 19 48 100 28 89 3 91 44 61 48 62 26 53 36 86 65 7 93 77 48 82 86 49 73 15 90 91 23 11 85 17 30 84 
68 9 25 23 51 68 83 98 81 60 2 17 97 18 23 42 94 70 23 31 70 95 45 11 85 19 21 21 88 2 57 55 10 81 77 60 100 12 10 80 23 11 96 20 81 
70 13 74 39 35 5 60 82 1 70 18 20 43 39 7 96 95 13 6 75 90 17 26 53 78 5 75 41 1 46 21 70 58 94 61 45 98 72 26 99 94 43 70 36 33 
