68 65 42
67 27 96 72 13 17 11 23 71 51 45 85 100 76 72 21 67 11 49 59 71 74 15 34 23 77 68 34 44 85 41 10 63 36 81 76 5 43 98 27 93 42 11 45 70 82 65 36 44 65 46 15 90 12 100 13 89 19 46 32 3 38 42 18 26 
74 93 82 69 42 8 61 83 70 5 52 4 21 39 47 37 36 13 27 48 64 39 88 35 36 19 89 26 12 6 3 38 98 84 6 39 43 66 74 64 23 77 67 95 16 66 32 3 30 58 2 94 48 89 28 83 8 16 8 71 74 10 8 71 45 
13 62 87 79 35 51 53 11 69 47 78 86 78 81 16 87 82 61 34 23 40 69 30 7 76 100 80 38 60 3 34 72 64 21 2 98 23 54 60 91 53 38 77 82 70 44 69 3 4 54 25 43 22 6 1 98 58 81 87 17 83 20 88 98 92 
90 95 66 95 6 9 47 95 37 81 64 80 49 67 35 2 43 29 24 49 29 73 6 61 11 74 43 82 61 40 74 2 86 39 97 44 99 95 38 35 75 54 14 75 20 48 77 14 28 52 62 57 76 19 17 86 92 12 67 5 3 92 6 41 83 
54 84 81 49 21 16 75 74 81 50 45 81 78 11 8 29 72 16 56 43 85 41 34 96 59 38 98 3 96 90 85 49 73 17 49 46 84 24 71 65 73 68 97 2 78 56 82 49 24 37 43 8 77 77 3 87 66 52 89 13 42 73 62 66 42 
10 11 25 85 82 41 9 49 89 10 26 45 91 26 68 27 69 27 55 97 29 94 14 32 82 27 73 7 40 91 48 49 1 72 86 34 65 94 34 53 56 11 97 98 37 16 77 57 42 31 5 22 76 70 6 58 96 30 64 35 20 11 36 21 34 
73 6 98 66 40 51 73 50 99 71 86 67 47 94 60 29 50 34 5 20 39 62 15 20 77 2 40 39 89 12 72 61 17 22 78 56 24 51 6 74 21 43 40 19 89 52 47 38 37 51 57 75 64 24 94 40 25 85 30 65 96 2 25 13 75 
2 68 98 4 25 71 76 68 63 94 56 14 41 93 2 43 2 28 59 25 73 50 1 58 80 65 53 33 41 17 7 94 85 56 50 9 26 25 28 88 19 83 53 59 28 6 53 29 33 11 5 6 13 57 63 92 21 67 24 13 84 82 58 20 37 
7 28 14 32 8 54 50 90 6 60 69 12 64 49 96 27 53 1 39 9 63 30 81 30 5 45 13 38 3 84 74 61 11 87 92 70 40 93 12 98 52 80 61 68 29 56 94 33 57 32 94 71 13 74 100 17 71 64 54 73 47 79 33 10 65 
77 31 57 69 42 54 73 74 66 40 2 21 85 86 29 16 79 100 28 5 51 96 75 67 49 99 65 79 83 26 43 11 57 51 80 50 56 4 23 21 95 76 94 79 62 22 46 92 73 73 48 76 68 22 94 68 72 10 98 55 88 40 65 96 43 
96 45 98 51 68 19 97 95 64 75 8 37 72 100 62 44 47 37 63 21 82 82 92 91 79 98 78 71 15 73 13 62 70 62 65 89 80 61 83 95 36 91 32 7 90 93 3 88 81 17 60 62 51 4 4 29 53 82 51 67 6 15 81 75 77 
45 63 8 57 98 3 92 88 86 51 29 78 5 68 58 73 28 71 23 31 74 4 83 7 54 2 13 21 34 39 97 30 2 4 86 99 58 30 38 43 32 66 72 36 33 29 8 12 51 83 42 25 86 77 31 91 78 95 11 63 34 7 92 87 63 
77 85 72 6 74 15 37 39 86 72 23 67 32 35 17 66 28 93 51 4 76 41 33 70 4 95 3 10 86 89 24 15 25 96 20 98 62 57 88 47 80 63 65 63 49 34 28 76 26 30 32 1 71 16 23 26 63 25 35 48 14 11 14 90 6 
34 88 67 42 27 65 21 89 30 36 89 15 63 65 92 93 48 45 15 63 67 40 77 91 26 77 56 36 90 98 93 23 37 11 64 63 76 37 4 57 72 92 23 86 8 14 30 55 58 96 70 76 87 46 19 65 22 26 52 64 23 45 86 59 55 
2 22 82 38 77 90 61 68 12 46 76 78 28 82 35 23 3 63 10 1 81 74 22 6 25 37 29 21 23 87 28 76 60 61 13 36 51 25 4 14 70 31 91 97 12 78 72 15 40 81 15 72 6 88 77 82 25 57 3 99 96 82 74 55 42 
38 43 44 62 98 58 83 28 48 32 91 77 3 57 16 35 23 87 40 63 16 73 39 72 27 37 67 8 62 74 50 99 16 93 12 65 2 94 92 50 25 34 78 79 43 46 13 65 84 4 27 99 77 65 23 55 53 89 63 66 14 64 16 29 56 
27 93 10 73 36 59 49 22 88 28 64 33 92 28 17 96 7 67 24 23 89 30 76 30 92 93 43 55 9 72 63 87 16 72 59 4 82 8 25 69 87 88 54 78 67 70 25 73 36 100 96 25 30 23 6 73 15 48 80 75 71 42 62 87 65 
20 42 98 79 66 18 17 53 71 47 19 40 71 44 28 23 39 4 4 13 9 28 27 56 7 54 27 100 15 65 16 86 6 13 65 23 31 33 75 1 79 45 93 2 40 20 76 30 75 79 42 83 6 21 90 65 74 68 64 88 84 80 73 89 44 
89 11 74 22 37 27 52 34 19 53 25 90 28 55 64 58 96 98 16 16 39 80 89 7 95 28 90 26 53 31 70 41 93 95 14 30 21 66 15 39 70 39 80 98 93 95 7 41 92 22 56 31 53 97 37 48 76 78 25 28 8 94 21 1 89 
34 82 9 51 48 100 21 86 79 70 31 26 76 23 17 98 78 99 50 26 87 49 2 65 74 81 24 19 1 24 7 35 57 68 37 4 67 57 42 97 26 24 74 2 46 91 51 75 89 52 53 76 1 54 92 26 86 15 44 87 91 3 73 99 70 
9 3 88 18 96 36 95 19 10 96 16 100 98 90 40 50 42 67 2 47 58 79 33 25 22 71 67 24 43 65 45 51 67 32 20 14 68 15 84 77 62 99 28 60 89 19 61 30 86 14 29 95 92 13 71 65 83 37 89 25 54 33 27 72 17 
47 86 84 61 69 12 22 68 91 33 56 61 93 37 98 58 17 45 49 29 15 14 11 4 54 35 57 38 14 28 6 60 13 41 72 34 52 45 1 94 78 8 55 22 96 52 80 65 96 80 93 63 45 56 66 50 90 74 40 55 1 45 14 66 86 
37 51 89 82 51 35 11 10 89 32 57 92 63 21 40 95 66 2 91 21 19 41 10 44 32 17 96 76 30 61 13 67 63 2 100 13 88 10 74 76 93 31 19 56 3 58 2 68 11 92 88 81 32 50 24 15 66 72 91 47 84 55 65 47 8 
64 11 95 73 85 22 66 67 41 73 21 50 74 89 13 17 28 45 1 77 21 15 94 92 57 41 75 12 5 21 19 21 32 14 45 68 35 62 34 27 34 54 77 59 94 41 76 22 85 76 98 57 42 44 48 99 84 23 10 40 95 28 60 26 93 
5 93 28 66 78 54 52 84 82 10 77 74 37 98 11 64 48 67 6 91 15 56 26 89 65 65 35 92 25 61 37 81 5 64 46 35 69 49 18 3 59 46 76 47 96 86 63 43 5 20 85 19 75 62 59 39 26 93 82 2 5 18 82 62 33 
80 48 2 28 17 56 38 62 31 37 57 69 99 51 73 18 87 43 92 48 53 82 26 97 63 27 54 33 61 15 65 40 14 18 19 30 73 57 91 56 93 100 24 43 2 48 60 89 42 3 88 94 84 13 90 98 40 43 30 52 9 47 91 22 64 
61 3 89 17 94 44 61 45 67 3 46 66 14 86 7 16 74 52 51 86 93 49 77 88 30 28 96 28 70 70 92 31 72 80 99 17 75 60 13 93 14 59 58 28 96 16 43 69 67 94 7 59 94 35 98 23 63 94 3 84 15 94 14 38 25 
13 7 51 24 19 43 37 29 52 64 25 67 59 45 85 4 51 95 97 86 93 71 100 38 73 83 52 18 97 89 94 61 95 44 84 66 86 72 94 37 36 18 55 46 63 39 49 65 34 97 50 26 67 49 63 92 84 14 9 80 54 55 92 1 98 
75 18 84 98 11 72 85 29 27 30 43 65 30 7 98 26 9 75 93 9 37 36 92 2 96 23 8 50 14 8 48 40 25 83 38 87 54 74 67 32 4 9 49 33 68 98 59 28 73 3 88 61 38 32 63 33 54 70 35 20 29 82 11 5 64 
100 91 69 74 58 53 77 18 1 61 37 50 71 64 22 73 52 83 62 83 97 47 88 66 81 59 46 14 70 50 29 21 40 97 94 49 1 22 19 53 83 55 3 5 71 76 30 22 10 43 56 6 41 95 23 73 54 68 86 75 17 14 95 9 63 
89 57 63 10 75 68 44 82 70 1 52 45 30 25 7 72 32 12 13 26 35 85 79 2 71 53 71 36 100 79 50 88 87 65 49 14 32 45 95 1 45 46 97 74 22 3 97 53 67 9 78 1 94 9 54 16 13 24 3 12 2 53 51 89 17 
100 2 100 96 48 100 92 45 48 65 66 3 61 18 69 22 95 69 67 55 22 34 68 98 36 79 99 40 30 39 8 81 92 7 28 39 58 19 83 6 83 100 60 95 17 28 68 64 48 34 18 21 19 37 18 7 68 69 46 49 7 6 29 99 12 
56 89 22 74 24 79 8 23 38 54 92 65 74 55 12 7 24 32 78 61 50 84 28 70 29 76 76 86 56 26 98 63 67 71 88 90 49 47 64 86 100 55 50 25 9 13 32 85 96 9 45 97 44 24 66 72 99 42 58 6 19 7 68 85 77 
55 74 77 1 90 62 52 44 63 77 5 75 60 89 22 20 33 19 63 8 84 86 6 77 95 63 96 53 30 80 81 84 6 57 36 95 18 39 90 32 15 94 58 26 82 80 45 66 98 59 73 81 97 30 10 91 92 5 44 21 36 24 56 93 33 
43 39 50 82 29 34 48 74 91 26 56 70 22 73 67 81 98 100 77 27 9 19 71 65 62 43 100 38 51 93 22 93 83 71 26 11 56 26 85 47 51 92 16 72 64 35 4 61 34 80 40 94 99 10 58 12 52 9 1 54 53 22 47 36 45 
24 98 100 49 82 46 51 25 14 23 41 48 26 53 33 58 92 78 8 53 35 71 57 95 72 10 48 45 56 83 89 32 80 41 32 14 38 83 90 51 5 30 50 82 83 34 39 74 11 98 79 45 69 35 92 40 44 39 36 52 73 25 83 52 17 
14 17 54 48 7 57 52 88 58 86 70 92 76 96 54 74 74 99 42 60 42 33 3 80 68 6 52 92 40 55 60 6 24 66 53 82 74 57 69 31 42 39 74 17 86 28 90 11 78 83 70 19 15 24 98 83 82 1 26 21 55 86 78 78 51 
83 59 76 39 80 6 32 70 32 48 55 59 90 17 88 72 86 6 87 61 55 69 94 7 46 67 61 31 44 91 33 26 1 8 16 80 66 47 49 97 95 55 7 36 71 46 7 8 51 45 21 57 65 14 63 11 80 75 93 76 17 26 1 18 85 
17 49 50 15 98 98 61 52 56 96 75 1 55 82 3 99 2 11 16 16 25 26 47 100 18 22 68 95 23 85 32 91 86 33 57 83 83 18 86 38 13 12 91 67 94 93 18 47 4 33 62 28 10 61 79 79 82 47 26 56 83 57 98 68 89 
55 2 71 72 40 61 36 51 51 3 96 43 72 43 98 56 56 78 65 16 8 43 98 6 68 5 89 76 3 8 17 57 62 87 80 53 99 15 3 49 69 51 44 40 45 93 47 100 22 11 68 30 6 17 35 25 21 75 1 23 35 17 31 96 55 
10 48 54 25 2 54 45 4 97 37 48 42 83 48 63 94 67 92 51 83 79 75 3 5 75 26 39 43 8 86 98 18 85 3 94 87 56 38 90 5 26 90 46 9 37 8 54 55 52 4 37 30 78 39 34 5 16 25 47 24 10 96 93 95 98 
86 33 54 75 74 58 1 63 3 61 51 62 14 5 13 69 41 42 46 32 28 2 47 52 1 22 13 96 14 7 94 51 91 99 26 65 8 78 27 62 38 78 23 51 82 88 19 75 29 16 6 8 70 4 11 70 26 24 65 39 82 10 42 73 60 
67 37 67 44 63 80 81 92 55 83 74 42 53 48 22 20 5 30 89 8 40 58 33 15 23 24 97 84 65 69 44 83 5 62 26 19 94 58 11 48 92 84 89 44 83 62 63 87 91 52 94 83 61 79 97 35 2 93 19 18 61 14 100 17 75 
77 36 68 86 98 67 77 33 7 72 15 69 34 53 59 37 98 93 50 76 90 84 29 82 2 98 95 15 49 63 42 25 50 61 62 47 28 38 79 34 9 45 2 95 49 13 83 47 5 32 74 46 16 55 80 69 52 74 84 1 88 77 77 38 37 
39 36 16 28 67 50 89 11 3 83 60 67 17 58 24 1 83 69 68 37 48 36 89 73 71 41 13 47 69 50 84 7 37 99 35 3 100 23 14 55 57 25 73 25 34 96 25 16 17 92 5 64 80 93 89 50 85 1 97 53 2 32 12 38 82 
46 41 34 20 6 88 28 82 60 52 15 8 29 82 24 72 86 39 51 30 27 1 66 79 97 19 32 80 30 70 61 27 62 46 98 67 33 25 100 45 76 66 4 56 47 27 28 85 65 78 14 44 78 80 74 26 50 6 5 31 75 18 57 88 63 
54 6 48 78 5 92 5 70 47 13 68 73 40 52 89 17 18 84 47 49 58 72 50 63 29 80 89 46 88 28 8 41 33 7 70 37 50 26 58 96 38 25 68 77 29 9 46 98 92 92 98 1 63 47 15 91 78 3 88 65 30 48 5 14 54 
26 50 4 51 59 99 41 84 19 69 64 79 14 13 70 5 10 23 20 8 37 62 85 92 50 49 73 49 5 87 2 30 88 5 32 47 56 72 82 26 41 45 4 6 57 25 11 18 47 82 25 84 95 9 27 44 9 99 92 13 85 46 42 73 2 
25 71 57 97 52 34 89 96 37 94 4 14 56 73 60 89 97 95 84 57 21 79 65 20 23 77 56 68 70 80 69 94 50 78 42 1 63 30 48 52 76 3 65 83 75 24 72 71 71 55 27 91 33 43 62 55 19 18 74 88 97 95 34 99 24 
75 99 86 57 99 37 84 1 1 66 76 77 37 98 47 91 77 37 76 19 99 82 38 68 56 77 16 50 62 14 25 37 65 10 45 63 47 28 15 99 93 90 75 30 40 73 72 16 10 47 34 60 81 23 27 36 52 94 37 13 8 61 1 72 70 
45 86 68 24 100 19 17 42 45 98 33 18 69 48 79 68 33 38 48 8 16 35 59 9 71 23 68 83 24 91 4 20 28 24 96 80 42 12 73 86 61 5 55 81 4 33 48 88 22 47 95 89 33 5 50 55 28 69 37 3 60 41 74 87 64 
69 66 57 32 90 94 92 94 49 73 97 33 72 85 7 71 31 95 3 36 96 58 15 65 46 69 24 86 42 62 1 63 80 9 46 69 3 38 63 3 62 11 87 85 47 93 55 78 40 10 13 35 67 79 99 12 47 22 50 40 84 2 54 63 11 
100 83 65 37 45 19 50 56 57 34 54 50 89 31 89 98 95 23 16 73 22 79 71 95 28 63 30 82 16 44 92 15 27 8 3 23 78 52 30 34 86 84 35 26 14 23 75 61 98 90 33 71 68 56 17 48 18 47 29 33 42 72 100 20 31 
2 43 8 6 72 41 43 55 76 68 21 50 94 81 99 35 65 69 2 72 38 1 89 84 81 74 77 52 73 97 34 74 39 41 31 62 34 73 17 61 92 89 62 85 21 61 19 37 81 73 9 18 73 49 53 6 22 30 9 94 26 43 20 64 83 
50 77 68 23 93 28 14 33 42 51 5 2 69 42 34 41 2 52 66 50 4 71 72 33 79 17 10 21 36 25 56 38 2 23 12 46 3 25 31 96 75 35 97 96 76 30 36 29 33 1 79 37 23 2 21 54 18 83 74 6 7 81 95 60 56 
6 6 10 82 36 5 9 22 53 4 50 34 39 78 67 92 8 55 66 9 27 19 79 9 45 36 68 77 30 27 32 35 84 93 16 71 97 24 93 1 27 42 35 18 19 53 61 27 7 26 35 33 97 65 94 93 100 61 69 29 39 53 63 23 45 
31 93 94 54 85 94 33 26 80 2 97 32 62 23 38 39 9 23 87 74 68 79 73 28 48 54 18 100 68 92 44 98 85 89 4 21 83 36 99 62 37 95 46 50 69 83 88 77 57 75 50 24 5 75 3 52 28 21 3 95 12 99 45 48 87 
48 21 21 83 19 35 71 65 80 20 33 14 59 9 71 85 11 94 90 37 49 93 64 21 96 10 32 94 6 32 32 53 52 53 87 22 87 57 38 66 28 70 79 39 30 49 75 40 95 16 28 95 9 91 15 56 53 98 1 58 29 32 63 32 84 
49 5 70 58 42 87 85 11 66 75 41 66 50 32 12 17 60 6 25 2 72 32 6 70 32 16 98 16 78 82 99 78 86 21 35 28 59 72 90 24 46 82 42 47 14 5 64 25 63 40 78 34 72 36 3 55 51 53 22 80 34 21 57 71 93 
44 98 51 15 88 27 60 69 20 59 34 24 74 10 38 13 88 72 36 23 26 43 25 30 64 56 15 36 12 86 28 55 83 31 21 22 9 33 91 28 91 76 3 64 86 41 28 25 64 64 99 41 6 23 71 21 78 85 57 41 70 36 48 5 18 
68 26 26 100 68 5 42 44 8 57 81 100 85 5 63 48 3 3 5 77 25 25 6 10 33 98 79 69 45 35 86 65 61 64 16 80 68 58 75 27 66 55 26 50 11 40 49 65 95 5 41 19 30 98 80 14 96 11 82 40 45 20 56 5 83 
72 37 2 81 11 29 46 66 6 96 28 98 44 93 92 49 85 62 30 83 42 95 78 52 77 69 96 48 25 53 82 96 41 83 28 51 63 73 68 69 20 96 66 16 40 9 16 24 70 45 6 63 39 35 14 67 56 62 66 80 66 47 27 6 82 
54 56 44 78 76 64 98 23 81 13 62 89 28 37 11 24 43 73 14 29 39 33 84 100 98 15 17 97 41 22 78 46 29 73 24 56 89 73 78 69 85 39 58 64 76 68 39 70 92 52 50 30 36 86 81 34 100 97 82 41 70 11 38 51 83 
13 58 71 85 36 92 21 26 49 84 53 68 74 74 11 26 24 41 13 9 73 46 60 70 79 100 91 89 90 93 24 2 51 46 87 38 37 59 15 37 95 68 56 68 41 67 45 16 7 58 76 79 55 36 100 34 87 43 74 28 87 97 30 89 95 
68 26 31 26 41 20 72 60 75 40 52 41 36 68 99 93 95 30 100 82 29 33 69 23 58 96 10 7 77 98 1 44 76 83 22 68 2 93 27 77 84 30 69 20 49 68 64 44 97 63 77 77 47 45 100 5 93 61 11 21 10 11 17 37 93 
38 56 47 82 34 23 18 64 43 89 12 10 52 7 58 67 84 35 13 80 86 17 24 98 79 45 59 41 61 96 86 98 51 32 31 85 6 100 100 48 88 11 10 92 70 67 58 53 53 70 32 38 39 56 87 17 100 46 10 12 93 95 61 95 26 
91 31 83 91 30 82 30 93 91 21 62 58 78 14 62 100 97 52 90 4 38 58 55 35 67 66 79 61 26 74 38 69 4 72 11 34 54 40 26 44 13 39 53 42 52 15 93 100 18 82 4 55 40 10 42 6 28 20 19 53 93 8 73 49 80 
83 34 33 75 11 28 87 49 81 80 52 47 73 51 64 54 6 70 93 16 63 51 95 83 21 47 27 28 20 75 7 54 60 91 28 70 19 66 18 51 46 69 49 18 72 12 71 77 33 16 44 96 18 38 30 38 37 56 17 8 83 76 61 42 66 
