253 34 16
45657 49157 22427 86160 69834 70022 23846 65620 46898 3908 25468 45024 1363 62358 9213 75284 46752 81511 16893 89498 9424 49431 90374 32310 69424 11875 42784 32279 8479 6617 49906 54135 55773 88684 
40294 41958 75057 64139 23930 21955 68046 65749 83330 69408 28106 92542 44692 91209 90404 77936 80706 16179 43718 87432 64840 13141 99306 7623 45419 7784 14240 11676 61918 86364 16711 2211 28322 91767 
66350 68603 13721 50747 34351 97051 20155 78808 5944 81198 70017 96348 75485 67074 12526 19202 54505 77366 48694 53810 1340 10464 61593 15579 38491 23510 18295 55201 42073 62968 46967 8422 31570 77040 
59168 65920 90442 95674 44727 96385 93223 31095 9084 68707 98169 37962 87908 52673 31679 52953 6483 33018 63416 84427 48597 1906 7937 83243 57106 66361 46210 20425 91134 77779 97464 66653 60050 87905 
62327 21128 641 55549 52223 9725 24256 50391 47686 28515 3063 79364 81468 25897 12381 61235 10324 77329 63141 34612 76923 36598 972 23132 73374 8457 17262 70837 75109 93663 75093 53787 14791 75734 
25688 67013 1810 66295 17403 65847 94809 36817 61562 92628 79066 90294 70215 89389 83975 49707 40352 60897 86304 57675 381 59678 66131 17642 46866 41239 11305 38311 95026 26095 30396 20713 9459 32205 
87007 43213 14403 98167 80029 75964 7147 75446 66257 77361 64834 50231 27067 21537 11128 29722 79211 11508 5751 45341 45501 52617 86580 56805 7279 97957 99251 37674 35021 8709 69878 38379 68273 84280 
36545 48302 76595 60043 40099 42851 37403 4933 9434 64469 42821 36913 10543 22032 48420 16293 67372 10272 85261 70303 83429 92539 84611 99031 30212 19631 7740 16441 58009 76012 17072 10906 40665 93666 
70948 80764 52869 8351 2048 62302 89171 44868 99214 16065 83251 63985 32358 50623 74256 33970 37277 74036 26509 21888 73067 73072 57870 97158 89513 15879 89521 22936 43136 46538 16602 14083 43653 85822 
38785 62052 48123 44308 6919 63688 60372 6522 27672 9081 57144 18279 43051 10772 92315 85911 32659 81733 58982 90529 78890 64846 22759 68410 87782 65894 31299 20735 96328 74951 22908 35113 37002 71030 
95772 60273 34717 72495 66794 78740 97928 40289 13370 57330 51060 22036 43240 83719 3768 18573 90599 99009 99771 13357 67419 87552 79250 15069 24638 91929 90020 47545 27041 27021 34926 39164 87293 85994 
11659 70438 81085 25938 10726 94454 83267 61786 16490 26506 45504 36609 61430 36102 35618 61200 65810 19388 48751 45059 34456 89740 53339 24475 53636 80380 51496 4913 35895 55140 90906 63905 25578 88342 
89842 52655 82796 73108 14440 15637 15965 76295 52245 77395 28748 87862 38594 94557 7249 3697 55967 41705 9788 9306 82531 63424 6037 50378 68336 41931 5518 75594 22188 47447 63935 12029 16453 63082 
1489 30893 78718 17453 7187 47315 94847 35935 35176 49793 46843 58777 53489 2810 16833 63276 12115 99363 43051 18151 49741 27739 76433 71610 19684 98620 35408 99970 27001 51860 63052 28489 99104 58121 
62293 22643 5435 73492 74929 56963 23284 21771 15739 93124 24580 48923 72751 53046 48285 15802 87548 14377 59892 63981 85986 79575 78952 37745 79544 5952 89605 58947 50792 5060 33420 13085 27702 38854 
2928 2630 12168 26211 24401 44258 35686 65332 93180 8436 18378 57817 40589 5925 72193 480 86257 74531 96406 81561 12275 75950 3864 18231 51248 54656 23291 84667 84092 50992 39873 87019 53622 52040 
29581 94374 96298 65266 59705 5829 73701 78082 63645 14290 359 52190 14769 86615 26720 11175 84527 55346 3476 88391 73577 71075 59398 13219 72094 43489 64210 11966 46859 34183 80357 76439 28556 93006 
41704 4613 98835 31756 82694 78831 62397 99404 31020 93518 2371 57739 21044 86897 13085 24519 75287 3013 11945 34684 16231 84038 94524 96792 12355 41382 47327 92712 17820 92234 85717 75875 96846 903 
23983 95892 79734 86379 95295 10753 79896 97665 68492 939 84562 97928 41809 76200 940 53754 10884 17170 54143 5407 30313 66498 63141 77639 75561 80960 69873 61277 73187 66718 78532 97169 62609 58265 
83547 74256 85369 63443 71920 53860 80733 56481 68139 22542 49033 69078 76295 59916 2599 30437 81674 32912 13286 44814 10550 88846 42126 96774 66475 31664 79844 45006 28832 42452 19622 28730 33059 4990 
8524 4979 75202 89257 77811 43340 11798 26843 28770 4444 3110 31368 51232 1136 64279 64518 45949 91181 69715 4426 87954 52541 36089 67797 13898 81272 26601 33519 26354 59659 54861 51229 80989 46414 
40485 58800 89753 68634 1994 34874 73077 5104 66242 40661 6239 46872 21530 68539 38052 7596 89317 42358 60137 25405 26506 74034 23029 69458 23905 65734 45469 95117 16962 26457 41530 57447 1608 47634 
42432 3602 82508 31861 25057 48749 72521 31295 11972 10402 16185 66376 17997 5501 8733 78133 47258 51590 68519 86638 21048 92423 52371 66516 87539 69332 9324 45420 43130 10932 93053 1914 14533 75560 
33774 39589 40660 22646 87235 52632 33047 19771 35359 51043 25272 44091 45528 72529 12032 14046 75518 33079 6468 27888 15946 10358 13571 25270 72129 56701 52553 65181 58614 83437 57093 8739 39377 14104 
31384 26611 83087 64430 46381 18445 31824 88004 78887 77351 76884 90919 91396 52401 40349 14215 80288 56295 40924 93859 97916 13052 66911 50468 78233 41876 33904 51677 50614 89632 82132 81997 16242 65219 
62778 78974 15 94601 83330 78902 71952 60213 69820 79699 12614 10168 93914 9253 82814 34837 19463 97081 47889 86373 63900 42473 28248 14155 10501 95213 3786 92632 93561 36379 57850 56338 15353 57865 
67291 15034 53118 39242 75246 22937 18940 4211 49456 12853 13464 48622 64042 32926 45702 11930 35651 9602 70754 63898 23756 81254 75463 43894 73885 69023 80272 48087 25361 11976 22303 92651 27009 75420 
48244 18607 14708 83535 22817 80515 12740 36280 29136 76781 85558 91190 5062 21208 17143 75815 1457 57250 57068 76919 1143 47304 45942 81415 11742 87654 9742 34044 96656 36751 25815 61251 55357 56874 
44785 94525 37389 73876 47157 82876 50656 32714 74065 72069 53921 7559 47883 71729 64809 21302 48648 65951 84958 10941 63717 96699 14946 73459 30743 27953 26561 72909 89203 98269 46135 50339 92793 83523 
24215 39949 82750 91222 72662 73167 79643 42934 80725 27525 31015 45533 65179 96014 11484 50136 23306 91552 46834 38251 65010 93928 82555 7922 83189 88109 6190 29323 38447 98983 29197 79013 38931 11946 
86587 27945 85112 66229 87230 65837 10105 18244 11369 75283 14257 39204 41770 37562 30756 88604 92164 12117 98883 91070 20039 82071 79178 42580 11393 33977 41562 40589 29341 96845 52535 15927 41141 53998 
98507 28370 19834 8612 62966 47555 246 93574 3110 42016 47488 50217 46971 39651 62334 45853 30721 98724 27924 26250 41303 55668 60226 99217 96257 89567 96061 65143 21845 37201 19140 20352 81922 55326 
45315 44887 2880 61912 54813 5989 3927 2300 56206 67249 58302 34891 13102 5374 49966 41025 31624 7620 96692 91849 6836 9300 97767 19248 74442 35964 72800 9934 56315 54722 65259 17981 15960 84490 
96244 70772 6830 171 89423 63035 83771 47725 14277 96872 53098 80594 54248 84721 4566 67292 92922 27753 76591 7040 47001 67385 43003 19800 93670 15669 90873 58928 33649 6833 43417 46245 93956 50246 
46415 83379 29633 46537 31103 60261 43409 552 57207 97656 1625 61772 81299 94546 89524 74242 17937 52876 41626 60940 72676 51647 76608 63548 10574 26609 86732 70342 72853 97040 36939 35619 80418 82923 
82155 27872 59536 41915 28423 16742 55923 30047 94865 37221 40944 740 11462 58881 53616 69439 19820 26291 21085 12779 6190 48010 55739 9274 18351 44943 6313 71642 80561 3082 54564 79068 30953 30451 
20982 59375 47192 76904 5774 58408 30477 46717 59148 41938 5597 12763 27729 41768 55405 48813 70899 77946 13175 26637 87219 47877 71580 9883 19518 68492 12964 90434 47559 60268 20884 84893 19643 84428 
78148 41768 59187 24976 88484 18334 66914 10433 31096 10994 52200 2852 59806 39450 80798 89332 66087 84368 37209 54018 94251 56726 38861 23566 63511 2772 83834 84395 87664 19828 85174 82163 61595 44360 
7139 66430 79046 90404 76862 26493 1397 45414 29345 77554 84863 26494 66886 67301 10861 4094 37670 21463 77171 76531 61381 40682 79302 61566 41428 83317 81393 26601 65479 59339 87312 88969 25768 66357 
79372 18982 92850 97120 80747 38546 74674 81961 65039 57911 49262 92251 62004 3283 13714 39174 79813 75094 96207 59114 53011 37634 58782 34403 64234 24261 10093 67898 13229 52212 34254 8953 71193 43455 
6072 51939 98352 97097 50252 63390 55007 99513 55641 17010 2795 85706 72536 98960 77151 68742 74425 30161 6376 33207 80915 86961 73819 91007 54858 3399 59570 5464 12351 30763 65270 34775 99053 63622 
31871 49304 27011 86878 65168 99003 20239 84315 1060 9126 99626 78210 94220 74050 24722 595 23608 5636 3907 13778 12994 75117 17177 72564 80580 45879 19678 45849 97005 35082 9470 28876 738 52833 
32105 82257 68187 68695 82923 69247 77821 82548 63808 72040 72950 4882 88986 12909 10517 92892 26687 39863 68008 60215 28778 64939 22445 64807 27140 19450 99888 52961 64677 16977 5793 96781 15586 90332 
81827 98508 75930 59647 97408 39737 48038 86709 44618 37023 99617 71487 46267 42655 27701 30626 2869 56478 95565 25314 21284 22704 61115 37523 75664 25791 70852 97809 38923 2789 4492 20749 1296 80421 
96748 15055 36509 61137 1763 97479 98160 17732 85317 60778 60386 13017 91403 79607 85846 3319 21272 23481 42374 82386 61003 18038 24528 48206 32198 79802 50994 36689 550 68642 33461 13649 83696 69969 
74786 1811 83799 89297 19542 69115 50074 79927 82131 57828 59533 67976 61147 97156 91456 3520 79541 68811 37909 4068 33368 86458 83869 84362 39498 771 69355 72958 30771 53050 59279 21908 54860 43077 
11204 90753 12192 77629 70680 10674 51809 46564 95002 12955 60072 2809 32826 39612 87971 87087 60032 21339 73544 60252 22052 29394 77374 91406 2351 24497 60807 77981 46404 32019 21058 73960 22771 49601 
67940 9802 76626 19748 72718 71627 49054 32789 74436 98232 88752 78758 85318 48783 96 75213 25387 38499 4606 19112 29904 23309 43608 7063 1289 6364 39081 38698 80323 78203 88298 48262 88005 64924 
84362 77074 52902 33415 9862 43689 31646 98613 22447 33315 63748 22542 8528 89134 77393 29485 24597 23648 52793 68205 30710 70434 74568 86142 9131 71242 64345 13781 19503 68701 78704 3864 45774 31605 
53631 55635 75294 1628 70599 14092 34943 34346 52985 59822 39831 30377 89306 64428 54025 58451 48984 84734 28884 23551 87228 54366 94792 51572 68146 30646 20272 63201 50862 82397 94806 4492 54383 86451 
22471 24981 16894 57413 75679 69878 17234 31861 255 22892 96288 54279 81342 61623 55364 26577 1525 42591 80942 12668 10514 65440 43314 47137 28640 10527 29533 39797 31370 83915 42599 53840 8896 59492 
11253 926 29370 44838 32786 29624 67729 45426 254 65422 7048 71969 8350 8573 30912 89292 21240 41425 54731 80905 88562 99722 7783 34446 39519 39152 18361 82117 92992 43608 41609 20596 44533 87330 
81785 77318 16953 65866 39095 33558 31287 46143 21878 39637 71067 52789 45280 8658 94214 16362 5915 99127 16083 13697 33572 55601 52849 68284 54070 62192 28243 95678 99139 72775 83007 80923 66445 16311 
46788 5539 66220 94427 68033 88097 34063 55451 57238 95694 64109 51451 12055 70023 66929 28137 83719 16852 90 52919 1488 54159 15110 29730 66188 14248 2505 49194 11523 85301 81856 58310 7191 64427 
52736 91576 52523 3150 47026 9760 98843 11134 77562 27249 97508 60842 55386 97579 94046 71827 50497 95533 25985 65607 25262 8524 96206 27766 57717 7728 29418 55924 82390 36609 20350 35125 28184 89224 
54627 75209 15336 53469 2695 9249 97070 16554 70091 68807 14132 64136 40633 64629 59668 82969 46587 1281 91492 59144 29047 65560 83224 74816 21483 65613 11424 58184 17089 55959 63759 71715 47520 95446 
41536 66566 4695 38605 83119 91137 7411 97251 71624 48043 78231 47643 47363 41169 48923 38854 312 94321 4413 83535 69137 42247 65499 96912 16782 82588 52871 96892 54302 390 92338 95837 66955 97032 
50793 66425 4520 58203 63675 76143 22597 58257 40137 86311 15777 5411 25164 32441 99732 45928 32327 68868 4526 97826 65779 21307 80413 35001 18199 51066 51742 10536 63255 18696 23919 14047 85121 28438 
88602 65147 20932 27550 39756 77420 13861 55532 82830 55376 4324 82561 1304 36651 67780 22181 34476 49911 43488 31240 84911 78038 82305 36653 4925 45559 71700 45195 59606 73172 89984 64559 54671 10915 
92108 94426 4686 22320 66309 87515 77696 70633 86428 95351 7283 54207 17531 58110 20469 61018 89349 21732 55407 71653 74736 60331 17212 46435 5525 93169 35959 95508 57727 90629 22774 66186 1406 27459 
88506 67714 31326 66201 54698 17753 61551 78332 88311 79081 52793 8780 56451 42141 30511 28209 30146 5246 88540 63709 68032 10416 73229 3990 22276 30955 10970 45049 13492 12375 88860 1997 96441 20185 
84549 51138 54289 62451 45822 42599 57884 98614 51378 14334 57107 98240 58894 87252 19837 47433 67312 87869 74201 40540 8210 96476 87846 19180 57876 1337 31554 63087 3334 44346 99623 4234 11836 53911 
66685 57657 96510 24568 72622 64239 55253 29728 62479 14146 33331 98667 77931 16994 86535 52131 57533 94745 64958 45378 30276 39185 46715 61829 2272 66400 6175 1894 70633 18010 55805 37317 92018 68666 
78236 64639 32904 33488 10719 11734 63986 60401 10401 41916 77395 13287 10398 51279 8031 91707 96657 54658 30891 59723 16487 33162 26122 39013 35056 13106 73374 7212 66775 81743 75877 45010 62733 8780 
94850 89803 36866 58835 50204 47266 17102 43950 60552 43851 95228 84935 35557 8236 39592 66447 67958 72430 99609 10431 27794 51016 23537 17519 58227 6663 99261 34103 68024 78346 59234 62873 68148 96099 
38059 34703 59716 71512 95004 36620 15362 90232 37906 67270 98467 77497 33717 82777 66279 49677 9559 94072 17044 33095 27943 75270 56109 43555 25724 24133 21900 84957 3357 90048 97408 57768 41102 73475 
29279 36106 10094 60993 26337 64351 28262 41155 41848 78330 40283 24478 28006 49842 34901 45049 99288 62843 36670 55397 6398 62393 95881 28297 63702 99237 34696 77461 57004 75798 67287 2635 28255 93733 
63627 70943 58083 8240 28449 16282 86570 68732 40759 30927 34925 75660 75976 34212 54854 28997 5960 77603 7742 1840 22252 87795 1077 56947 65255 74432 49096 32541 77066 93702 42625 40692 64644 708 
48932 93093 16989 51853 78176 57748 82779 13100 49759 75106 63663 20964 4103 69623 98567 11844 87814 20818 15990 5242 94116 81244 79674 59564 30136 73091 53265 72761 13783 17909 89820 79066 11001 6808 
30918 5528 80907 30048 18627 30665 5154 98641 67981 9256 68263 66547 37451 72429 87364 53440 77670 81479 51035 73695 57394 97522 46786 10659 86634 76920 28567 76453 55985 55919 83261 3254 61446 80519 
33301 96424 11184 38454 95064 95516 64061 79679 62062 17863 52107 65777 87654 46128 63607 55040 19823 21001 68914 66608 31659 55547 43527 60225 48352 15863 32495 47964 35468 10292 28482 68768 6715 56017 
23574 18130 51532 3986 97808 13593 38201 66266 79369 25854 12394 42976 97246 32216 63976 66159 15175 11986 38057 58701 72210 86408 90915 21056 34371 26382 31347 62853 11501 38061 35221 35074 56190 86753 
39060 70350 16697 77260 36615 12418 19465 49008 55393 16710 97575 35720 99220 12749 47705 37277 87801 36266 23684 78715 57321 74407 21448 5019 53611 32949 43079 88831 68022 15620 75583 23433 85969 8632 
17044 22584 21049 52861 87943 92793 85922 85518 44864 85142 98266 8920 38770 2419 61537 62453 97485 18857 36859 18933 23875 90469 51881 83305 95652 36254 98924 87586 76039 1245 96217 9434 40180 17265 
62294 28122 26409 64568 29991 71272 66061 28257 80191 4830 47027 41727 67282 44511 76935 20493 63443 17161 27313 31675 16817 22964 67929 32093 10550 60319 33337 23118 69752 89868 56735 48398 17989 83143 
12965 47980 70767 79025 92588 50957 83854 39614 9036 67487 84124 2322 4331 63919 35835 31644 95593 52651 70959 79873 1095 97860 40191 50783 20978 9943 40650 77712 74692 74991 77206 87656 22970 47972 
83032 31909 15281 83237 87874 40668 50723 88349 59341 55054 52267 95175 3049 64212 64178 74007 44084 65272 71867 84275 32407 9196 10569 73056 3259 85260 48046 80464 89267 87367 44788 72298 35627 60068 
55534 23500 17087 22608 28201 76427 94013 80467 71602 97061 61030 52131 87420 5114 33754 75638 89388 66160 84833 16308 39216 88091 1567 3613 84906 90833 7332 46045 63130 42958 22464 35015 82810 39550 
73974 11010 15977 67987 7828 3930 65047 68858 72412 68818 73971 6165 44455 79710 72325 29287 96017 11540 33729 13935 31504 34987 4767 38835 81031 84248 81793 3495 35614 64602 59396 9587 91963 91724 
77573 99790 12005 58972 84999 84416 27789 75321 90581 72244 55030 62905 17882 67398 90796 67963 81332 22299 19301 2450 61134 331 3049 59278 20177 38662 40231 95925 64601 32193 87648 42173 48334 99653 
17496 33333 420 45285 8653 91000 33880 80035 70256 51761 47432 61051 36075 45116 83350 55375 63917 60835 72058 83318 20112 8586 38331 60342 4510 2931 8886 8510 61456 57219 24514 78951 90551 24933 
40587 99204 15933 74466 95590 86188 42579 43021 63591 78653 4488 63292 34028 84757 40478 6085 68074 60589 14670 6404 37282 35532 9335 62519 44041 87142 19737 68554 66092 26640 93486 6679 25843 25770 
97496 21432 28310 40074 80804 8252 18727 1644 71543 69106 86400 12020 75190 54473 88960 6211 77228 42593 41742 2914 5111 2134 90055 41199 70687 56147 67838 80525 79177 10032 22646 76672 47815 67307 
33098 28619 75558 51824 46614 47100 20929 33013 75471 12470 3837 80782 35032 97416 23374 93126 330 44836 95259 90384 86035 65946 62882 53872 62822 58410 63904 85467 51434 11718 52774 84531 56688 28331 
36354 19653 91783 73634 69017 83605 2455 72853 64387 53838 86621 4112 46963 86950 48948 42222 93685 34982 24519 72919 5205 3692 31328 85460 89158 82761 97178 58283 67291 70217 2966 19996 89870 11100 
9981 58886 94704 28787 48091 75442 82625 51063 79554 45939 38012 44853 88160 48048 79834 29030 20966 1390 32721 68646 86850 38231 51406 379 96513 35049 86947 15830 71396 93168 26929 97729 52054 37985 
42867 16496 13426 41843 67558 9331 87782 21921 54183 92293 69968 50368 21323 7286 51758 70395 75931 38607 24977 43688 55337 21490 95088 42283 53671 82836 35451 80600 80564 3856 34936 39782 36703 64713 
81625 20612 74044 69406 42532 28226 78050 28851 94946 99372 52488 46703 86119 28418 1661 11095 88458 73349 48936 83545 15631 18959 82732 51081 15910 79647 71288 50845 19429 7990 15557 1053 28601 5952 
86810 87484 50530 64859 16335 45475 80583 68822 8529 66701 13592 26541 94147 2049 99889 59435 1945 15519 78393 84677 82952 94302 64323 54239 45146 83751 78581 77054 1155 23533 83006 87964 11017 33535 
69175 27351 95361 49757 12524 3889 32809 42467 30429 26955 44515 30317 2741 62812 62187 81133 47488 45138 91786 28162 15729 53283 28265 10661 30337 29419 34193 29694 33735 45209 63228 2909 88911 58588 
69017 17787 78828 1825 60253 9256 45131 21120 55924 47872 83931 18110 45356 47770 79600 37142 92283 11680 6776 20547 22340 37112 66318 56532 66805 16404 18093 46384 35664 7003 21323 4680 24789 150 
6504 1394 25757 67986 22513 81680 15857 22795 16142 77565 86916 95741 14706 79198 7420 21481 16097 46111 74945 98766 2642 58101 31521 37086 20837 67184 44089 42159 88215 85229 58661 94718 2974 769 
62703 41838 82449 94912 64632 98590 72476 51547 10682 3533 47097 34453 41365 79545 80563 32661 78310 99556 7114 9830 36642 27950 93365 97082 86460 81579 98662 45120 92648 1636 62241 71702 43473 44689 
82965 24457 59630 55440 92355 86663 75324 39451 21115 33041 35347 1677 82053 30008 1232 89166 39837 37873 17115 49553 34954 3575 47483 33616 65046 40130 51603 27286 11832 95075 88326 11148 19531 64307 
82940 11886 50969 58263 67688 72083 7655 3035 73759 89708 33042 91343 78873 89231 29215 12340 55135 80521 32266 2618 30488 13663 42747 82090 40949 70930 77164 45626 82078 13047 9933 65017 41284 77253 
39631 25323 49336 63638 44709 39446 53345 77751 30788 48569 83333 76355 77260 54819 56875 9525 57436 3714 23188 16535 85803 80488 3816 79318 42465 2245 8716 52397 83613 49999 29650 39596 91674 95337 
3233 36382 51134 72929 14132 81922 37849 13816 74628 15109 68635 47854 40985 42422 51567 80524 58956 37369 61011 79124 33038 19828 81368 41754 72224 64981 8104 18225 4576 99777 29913 24160 36159 81047 
97088 66642 62968 51288 96810 53947 66396 81796 1800 23733 24217 53366 4256 99525 7086 81619 78648 56475 1446 60015 14580 90021 41347 22684 8246 62274 38812 54510 86433 74970 35556 99872 57964 14875 
51160 71125 68821 33907 52920 70620 73991 77136 40337 78247 93012 63774 59865 71659 20249 77662 48026 34828 67682 89372 73863 92279 67998 12675 46789 70782 3996 82344 70654 78311 97219 38165 49435 82391 
88423 2354 69363 62414 95842 26051 40660 88853 89825 16876 76864 26425 94537 24889 77604 78570 14260 51467 70849 98609 80493 17637 69391 840 99980 40044 79151 13550 94560 44937 95941 99334 47291 65303 
61747 59484 91353 18758 64688 97529 51985 41551 40305 62873 66439 17909 41443 97051 85727 12291 95659 82571 29927 65049 83410 46258 21444 62560 59808 32355 7497 72100 31689 71139 53754 9787 46974 45106 
28545 11661 58987 96881 53212 99291 59754 36002 33551 1196 33052 19277 13486 28711 1847 59764 10111 85257 6021 31555 64168 82180 63909 88016 54279 11949 75506 8032 21736 22479 69490 50280 34140 28476 
63512 3703 44118 23265 39704 77669 40812 89108 13297 70649 34170 15144 30412 44280 16752 52785 92186 97271 34964 72447 1639 89243 84395 77144 97274 6130 99623 83115 72761 50114 11590 36273 70168 72060 
75889 9871 49728 16701 98978 79376 87349 49499 94519 34113 93779 27622 86897 2316 41245 21860 74762 42883 27454 75509 36378 24728 97990 52352 7842 87103 2465 35784 23375 72632 7843 15615 98855 73922 
32315 14184 53297 36016 63683 64168 70128 73813 8141 57024 76128 65737 95235 67242 8619 22689 42750 61349 63768 40739 13700 87961 27841 32517 23744 67567 5148 47938 99534 20354 38211 31848 34538 7860 
84215 14572 72027 54342 88384 96519 27717 80863 62256 22952 48104 87226 61992 90853 48574 25759 47944 78626 13719 92136 11142 53815 76055 16289 18104 75588 52995 56315 23787 3884 64174 24354 18455 52552 
78695 23190 65422 22764 4052 27677 62067 52156 31255 24058 59360 96180 49816 23655 74805 79886 32143 85946 33700 24549 18587 51804 136 71581 24470 40274 91816 88643 64627 10270 57546 59674 33459 22967 
82437 53862 66996 44503 6017 14602 84912 81729 10781 51079 5383 85586 30964 53877 87883 81016 78425 22821 49171 94912 94401 73640 35186 2568 78634 16164 12837 52531 92189 62647 75497 74625 32861 58844 
35479 38877 73445 36742 36957 84226 87820 58692 86163 18784 12568 90397 16151 90993 13218 65321 85904 23970 55312 37441 26538 33945 53605 55726 86475 45793 18373 78323 36770 67585 37167 88600 6461 10611 
25342 59770 11188 13161 18461 13702 48296 31028 4099 80798 22020 17316 46118 24276 41285 17781 61716 67822 68077 31672 23548 54551 93817 58272 49226 46938 25856 2744 35537 48668 13354 77230 24789 40894 
6743 43249 54595 55038 90629 58693 52188 29000 92360 14657 53275 33645 32438 31343 17818 514 63014 57717 71417 56830 32340 20642 20119 74547 23385 55656 23215 53090 49237 48003 10335 55979 7604 64930 
27369 98232 39974 79556 27231 32334 94212 80506 82330 26649 28200 16499 27163 91213 74216 14931 64395 6555 51924 84513 81102 75308 56520 20668 44749 5757 85022 55084 61735 92625 36365 89103 7208 76338 
85010 34439 25023 79222 31296 23704 22222 59495 40203 65736 67059 14418 80666 47805 37324 32589 32318 18425 24248 5189 55444 85349 10945 40466 56784 89032 49442 93148 94486 56650 85837 79496 7440 27212 
75069 55087 50915 97290 30933 91117 79378 14343 5534 60043 62148 42858 8984 10817 77634 33231 16005 33078 34931 26950 89895 91714 32333 39336 84861 26818 12337 87050 22665 36128 14261 97733 7566 65175 
11375 54850 56292 90752 69193 78177 67146 31340 21034 76129 42156 15020 25712 58160 48097 60642 1461 54343 52356 33793 10030 53568 76963 22367 40617 99627 74846 71229 13712 98764 36404 25086 53613 9047 
32189 22805 87223 99334 70496 24609 91815 12651 55980 17526 87163 20428 94519 4975 74770 46874 55120 84799 16794 32082 23517 73762 48060 98363 44991 61771 13478 81394 3208 67090 6792 35396 89895 94014 
51082 76742 34974 42896 89393 90953 76773 92907 11380 71291 97881 86149 34517 53000 87300 67662 85081 10816 41423 33141 25530 86413 11263 39007 84158 14471 6097 90949 49866 12343 1315 17299 89084 36288 
60194 94828 27241 53318 87734 54972 24609 1967 57473 75477 54966 44772 43138 56399 55587 84560 5891 97469 87325 17153 36475 71482 31623 58923 62431 97841 87617 63745 15139 93053 32 91685 87880 43624 
45002 91966 14948 85962 93932 72420 61438 65249 33543 20927 21647 5481 21839 27537 2949 9163 61042 55776 80644 9016 31050 43074 6856 18667 6818 38347 28071 23202 30031 15950 83177 75032 24267 14476 
60994 18198 86895 38783 83447 20437 59710 21445 25918 81548 65334 45218 90710 26375 993 87705 35390 48395 30779 58598 83413 53948 13296 11483 93501 43326 27432 93030 34709 68051 7505 12054 86248 94400 
67189 86046 31188 43250 7491 73457 24797 89176 35027 31858 15550 52371 19562 67291 765 66692 42240 84177 36992 55535 95659 30492 15212 39443 23521 66273 7493 31026 78326 10092 41777 61866 12490 89316 
5115 36332 79125 46263 25507 14151 94472 57408 66521 30386 41050 83638 97077 83290 84166 34068 55176 96177 80912 86740 51971 4432 53012 75815 51809 47689 85906 93585 9555 98395 99253 14669 51078 78377 
77284 76584 8879 71755 50343 91751 2140 91393 75388 99217 91034 59554 49636 62561 72082 30547 49300 24052 51331 2311 99866 3139 66352 2123 13076 75906 518 12328 6926 67947 7056 84209 44531 15934 
55964 94873 7684 74455 2617 99424 90023 93650 75329 39659 56211 47410 86557 21862 71461 37887 40525 71326 57378 6876 73448 70453 99133 90317 99132 22410 58264 6187 6619 19146 22120 78934 30370 46155 
53388 32987 45578 59763 42988 20906 99421 99198 68315 2329 21060 56127 56568 61584 27452 13945 84811 17252 749 83943 7568 99880 6352 82183 22418 29322 1328 60889 24607 48050 7043 94347 81036 68973 
54109 24023 89878 69881 39573 74545 72209 76984 30671 28776 54919 74475 59072 39729 91726 59820 40023 15645 76051 46374 97828 98468 92048 15507 59356 16654 63556 82751 11000 60943 51723 65108 1318 57952 
34988 40890 32496 23549 34225 79519 52324 89143 53993 27748 45223 62070 3919 85245 77714 79970 47970 75541 94789 40017 91048 70497 73023 70955 53247 84022 31898 4969 65482 33215 62920 469 90456 11768 
24017 24680 91286 92693 30174 61630 36792 75396 23699 40710 60640 1412 37031 8609 93305 31820 64978 704 2316 38000 71658 71914 38373 19907 93234 3854 69473 56153 4323 59928 84272 44691 959 91909 
53735 31132 69890 90526 6527 93588 31236 83518 11352 68266 8479 4656 16437 73456 5359 35104 27807 93368 7017 66179 13275 250 86385 82747 72755 7059 59027 73378 51749 59985 65287 21836 91117 51528 
12361 13995 45116 59948 97513 72819 44566 5991 93826 61002 95798 15536 12458 39956 8903 35826 22486 22177 36076 8870 21276 25182 15928 80302 14911 84029 56638 96549 5864 47754 48077 34576 78101 9544 
94524 91965 82362 39089 97955 76187 16442 10104 8074 28899 50059 16976 64725 72544 55505 17152 97766 76780 58685 30045 73433 73595 14073 30070 70144 36288 94176 34572 70864 88628 44115 81739 80592 42828 
20827 94898 35366 37268 5001 43439 82519 71411 60414 47243 60306 32270 64394 58071 25401 23078 88116 98833 13024 18540 45255 83167 54828 55782 34090 42043 60761 78204 23781 41352 37383 60959 36249 72748 
14578 57601 32538 97096 29011 9304 44338 5668 41573 25083 80091 66974 64512 84558 82158 77536 3097 43764 77054 74276 15897 11144 16318 76657 5699 56450 18008 43082 17408 70608 32181 48338 28208 64719 
45433 73570 74022 89771 79238 31946 31205 59328 98919 95717 43885 97429 73252 63333 41192 50305 53961 57089 77800 70278 33745 83499 43080 68105 42932 76839 38712 75112 25176 83272 56182 86961 56841 46555 
93083 52430 78501 24287 28109 93771 20003 88345 91199 93254 51678 32391 59911 5638 5831 37710 92267 55927 37560 51698 24031 80491 44889 79095 71955 70064 62366 28136 57024 19206 91043 50106 87988 69543 
90745 16096 79665 10747 4441 70864 20353 72470 19606 80263 94459 41788 34324 3077 97714 71884 54775 21745 68726 99663 839 40680 86078 79556 68816 59454 15113 76210 9559 3100 45752 303 35548 41768 
27402 39988 28983 47754 28809 48588 44368 23267 6727 95043 26343 4441 66926 97469 42537 35652 97131 59727 92683 99561 39282 77850 59014 54394 54059 84924 73846 99810 85227 9393 57930 28980 65732 86912 
76733 10892 51852 37452 34158 58578 32494 76852 63018 15772 90673 21906 67775 4155 81632 60457 3715 37265 38307 62728 8011 92365 47652 81856 8527 49230 7600 66456 78209 73331 69719 71293 84222 21570 
25096 34731 80148 57589 27934 59517 89712 34958 81423 57486 39113 79406 34295 42827 16671 72601 21907 24681 81317 85910 22888 6195 51491 30487 72650 46051 20169 42369 33695 20742 80290 58790 71824 60437 
16378 16109 36306 22442 51067 34080 79927 90179 29837 14221 49357 46507 3173 87615 87539 842 89876 26778 7036 41366 73616 79686 3768 10136 38406 37462 47229 35047 96251 19052 11836 28981 51513 48141 
51422 2579 98572 31348 9109 28408 61921 74817 91267 81445 78784 95157 82286 68659 21935 89322 26377 11902 85359 30144 22038 40116 67606 69266 75162 80208 4670 86997 9188 56182 51489 60609 75112 50060 
8309 572 94820 86581 91740 86086 68025 70523 81242 66663 55534 19528 55984 98262 47782 57694 28405 69819 97809 12362 55436 89322 92570 76457 76319 18109 32638 44159 78718 24101 94219 3378 41024 5390 
89958 32764 91475 74334 19638 89068 40996 75171 24948 13331 73432 72729 71024 18189 58899 85184 46902 30686 90858 55823 7143 83528 73932 56132 27686 69001 80233 38256 72378 21256 43645 78687 54019 35119 
53020 73657 40539 94016 65179 65486 23698 54963 54566 11074 73151 29816 12609 36404 60501 3466 92227 67643 86993 82510 23775 31031 67862 20359 69286 40239 41614 12931 18925 11985 64401 88296 1993 21291 
98663 67171 3128 22361 38485 74045 49786 27987 3860 62394 64391 64361 82212 72969 32003 69204 55478 72129 16586 23339 92487 85872 79929 34101 15154 15205 62437 95906 19852 64429 33549 18515 47951 36676 
57227 86436 10721 7012 30774 30932 85757 95164 95292 67968 84484 43647 53524 56313 32127 70109 96003 24614 72332 75931 75066 3837 7487 37502 16095 27339 18282 49643 62205 82584 2670 19431 85371 29742 
42794 16145 60674 28550 27660 72317 96518 12144 15963 66393 68456 48090 36501 64459 89055 25185 56741 64120 29021 80580 17973 45115 7918 52606 94757 70122 35189 13779 5904 36912 43520 48697 53056 4193 
77246 97067 76510 90115 9210 8824 56507 94018 73265 9360 74828 62319 34544 31568 26438 79916 12147 60762 41383 36416 13367 36139 22889 64908 66269 45144 1819 9789 93840 71226 13981 87438 68292 6842 
77552 93854 32018 50411 87871 5282 76122 79050 67601 27017 10617 10390 6932 39116 71152 48314 91883 870 805 14772 65777 67073 59915 67595 93213 70107 55172 23546 57544 23464 30387 51447 33669 78756 
18209 37891 84038 94330 16940 67990 37698 43908 78379 44630 83023 65882 9295 91258 66752 26451 22381 48880 9876 98647 16475 3088 68753 87998 42985 42648 11461 89724 10447 61481 68479 28655 99371 52516 
39337 16310 20505 77034 60218 15236 38015 59592 81117 63662 50849 64220 90112 73229 13100 16339 71876 45926 35779 56980 33923 78763 99628 61736 68486 10074 23216 36965 38728 38939 89480 78064 55248 26337 
71450 31817 41572 9464 91409 39040 73125 58609 19612 79589 31838 32711 95927 20065 94988 31705 77044 28910 10468 76671 6997 78953 3096 30213 15917 58176 85503 21749 36239 40750 64437 24040 88919 6008 
33504 96679 61399 22980 55287 81010 2568 3476 13720 98495 39892 8707 30199 16936 53969 57018 9958 60965 35971 29406 7529 68239 87581 93031 6339 40171 50133 70775 64211 55403 93134 97714 52081 54533 
20693 23719 35542 39613 43547 65614 38107 99790 90672 84657 16725 60992 41675 43035 38309 93997 72440 45837 78587 60020 55220 1278 190 21704 72052 80752 93458 65186 78465 61890 36070 15510 85608 87963 
55122 45506 53576 9580 45296 60600 10588 78372 21591 68614 37758 59899 78962 26549 22088 57549 2920 93659 75178 3110 15362 47229 83861 25171 28766 78678 87060 81187 10539 89019 69150 82012 50877 22725 
7943 96172 83324 18530 90895 21267 87144 28653 81165 66105 55201 3252 40005 58121 96910 15182 77582 28623 78763 77794 53793 7528 72823 57204 5067 99713 46223 74216 81724 97099 13292 89666 9622 96616 
8196 516 17882 11691 45520 15398 77795 721 18650 17800 75193 31911 49333 69126 60534 28095 63271 30678 51975 36094 87882 57041 35806 34104 31256 33882 47554 44547 39899 57175 57514 64446 74042 91747 
76136 19562 7145 53931 36634 42146 88082 11826 74056 37414 97303 34589 81861 60573 81619 33835 13018 69500 90875 65176 19955 22130 99057 83860 83028 38955 41034 40542 3401 15075 48640 79536 50988 55784 
49818 87621 97929 54251 15798 71985 8017 13100 22925 89877 90025 4543 23711 3042 90394 14585 68217 10348 53066 67273 94207 52445 22580 51592 92986 25980 83019 41626 21867 34006 13761 88037 21627 11690 
42287 53776 26 66655 66876 39302 56531 56900 43845 80241 76293 34238 11177 44510 60938 80594 28134 71496 33039 50713 39440 42376 93044 22458 353 14911 72815 14114 19299 10793 42155 77937 64569 58532 
44592 47796 97833 1122 4695 41677 97715 97339 92267 25243 41848 69556 22189 69982 41051 55227 20694 80490 13954 30090 19299 14307 45000 92114 44772 80650 2906 86926 58586 83826 45457 19529 31621 43289 
20651 52667 1318 34717 50006 9936 76311 91853 79491 98499 78186 36893 70077 15232 33735 84031 45321 69385 14689 6672 61498 59460 87321 80756 62737 62258 64581 24545 81787 12554 84185 18789 65220 1854 
53505 31577 11789 46167 23430 7631 44666 17967 44524 14742 33198 94610 98772 78518 63994 29812 85189 41844 89271 72509 22599 52007 34767 3531 92903 32905 32436 77088 51693 97656 78941 21549 45584 90730 
67715 85365 14712 12380 3332 59235 43474 36529 70196 58597 15047 34190 88409 235 92385 77679 89096 14983 46038 40214 34865 38940 73118 67301 16027 24810 81308 11320 46358 26891 18401 30424 28608 33112 
42804 31939 8699 86277 68467 78894 44873 99865 29435 49633 16452 21819 27312 21899 53153 89701 62112 4370 28640 51581 88022 61019 92742 69329 72338 55451 12571 90738 85874 41178 40201 45029 89468 48899 
31305 74287 44145 92530 74151 73579 58514 6954 11750 85825 28852 64902 75525 7315 85623 20517 58895 73644 81535 51636 59324 70224 7086 88247 77313 9312 45776 17513 54340 35244 66412 1997 9530 10556 
10878 32 486 69391 6986 12235 55216 52189 93489 47092 59504 95463 67608 18398 69107 65494 86386 44782 35717 9823 33028 29381 19134 78804 46894 73474 30399 29657 75470 56280 56564 86347 56311 57049 
55737 79648 85636 27304 31837 95476 90748 91340 90938 58355 26089 76396 40201 28826 21178 92269 38649 54205 21650 74134 49360 68543 47607 79758 98199 39428 36037 54762 25774 92348 28162 97863 88347 13797 
25166 20183 25624 15913 27874 16562 90620 70315 92957 30820 99140 14134 23088 54140 84691 61089 28274 34050 29631 75880 13808 44181 31660 66196 15294 57433 74895 43456 55295 63242 73604 96813 83424 99228 
29077 27650 15789 36048 97964 25097 83219 97103 39231 22659 67595 23921 83747 95868 74322 13378 88099 88129 73910 19758 70677 89204 93543 45571 32659 65189 8812 6262 62001 8588 21841 7430 52589 37629 
43477 50552 62726 43048 64006 18308 65706 31600 58580 49452 43819 32901 79181 31918 37382 53091 68027 8058 58646 61569 69980 7656 26758 95144 30269 5110 3731 52110 28891 56319 6090 88720 23222 85167 
31767 87227 3474 97472 35179 78405 63275 78997 27658 42456 27266 81391 11898 11645 5800 86895 73213 75779 94550 16322 70922 24818 21432 91004 93279 66674 63674 99369 55393 86895 84535 87159 90474 4361 
982 42004 82765 64257 21000 26774 23064 64618 8164 51313 76262 13963 38207 65826 89742 49108 82148 77015 90277 19931 68019 83556 86604 31692 99276 58349 34939 83810 61859 25412 4522 62841 67415 87287 
43449 4766 30412 66512 85735 38576 34176 61996 52538 72382 44174 58631 21489 26321 35646 11765 46251 20016 11672 49206 51707 10947 7554 86645 94757 69413 28408 15630 48605 95822 19268 92053 16940 49680 
74916 2674 88255 9091 81022 57144 81472 25195 32127 19312 51515 67772 47428 14117 4139 59100 63322 55845 70046 87228 58842 81154 56640 87249 96784 21596 99423 16051 13648 16362 82082 88563 35387 70336 
14005 16408 43832 11828 57954 75958 31139 9468 60081 94918 39936 64219 70369 19610 36415 40415 6837 95256 37920 79828 98857 51055 1423 98279 83458 31422 30992 65539 36336 66378 52227 50340 99138 96058 
62167 57091 88367 9657 82911 48447 20926 22846 29017 91295 42455 65431 48061 65643 60687 2332 45470 75895 53387 63244 74173 53196 94665 5164 18734 47352 87893 87312 97691 87030 99721 76209 60473 88087 
2217 43383 52885 39495 66228 98253 30789 25035 63684 78849 90677 40722 81180 52499 16616 50918 15742 7140 4113 26759 28655 39199 74110 16547 42862 71801 19929 42583 64361 80401 47021 82930 40135 16258 
22424 22714 14510 53212 47748 94545 48412 38425 35266 45943 90923 68233 96861 23016 75372 17325 49774 4026 72875 23884 36925 15737 12036 73205 58319 92748 69957 21691 75677 10091 37948 98100 32804 68810 
67663 96904 63354 32426 35328 14972 78369 42602 83204 91581 65617 74928 25257 31743 95305 98132 55626 48581 13868 84013 21785 88538 76760 8093 10228 52437 34535 64528 66888 83691 33337 50903 80594 13042 
83328 32273 28013 78048 91226 11217 85980 56842 86144 11237 4936 81448 25720 76913 30029 39587 60925 68165 44476 37685 76258 71055 6473 27144 35582 89712 10834 85270 40614 91427 98312 40294 40051 26324 
34693 31276 53892 20673 4470 40035 48261 9405 37835 73980 86318 84215 29918 47242 68731 74393 1278 44988 61799 7750 88484 13733 97462 99317 99002 54427 90744 13665 94720 47146 56341 45765 78422 10232 
66437 82891 66619 14697 92295 20805 5028 78612 5019 34945 42206 73749 25689 43483 35089 87487 67585 23572 1219 81398 39240 16573 35824 46335 46589 46896 93481 2929 9012 71902 13161 75448 54792 96131 
6496 63438 16935 11523 42050 38305 62819 607 28405 4859 60441 63493 92345 28025 3416 9916 25774 42656 42840 77950 5342 89428 41197 98822 92357 50208 70723 21869 25655 41866 17999 48502 5304 34933 
76376 63705 89589 39194 64311 17993 60404 24751 81486 69100 69128 1253 79015 94901 60260 38206 72850 65602 27634 14046 80775 36342 80605 51498 74562 6259 93363 92560 71112 15018 43844 47487 78722 33432 
3032 43032 51424 63435 84135 49261 32535 69614 66866 27901 80866 43477 82459 70068 25430 26444 465 6205 62785 81070 57702 37346 3680 67416 46257 74792 82434 6452 22278 77507 56235 41662 36891 7658 
5096 37377 73271 53982 6990 56488 98235 87855 99964 80693 74274 25394 7136 74739 31598 86272 55808 5651 39969 75839 89418 2577 50630 88203 9028 89260 65710 65262 30921 18952 89271 52368 56328 62541 
6350 63317 35380 4584 67523 35344 1628 41797 60737 8763 32887 8686 11386 5046 30688 51354 80884 36457 53930 31514 24660 79309 20773 6721 44570 51693 25672 33840 4060 81999 12733 26761 61667 48112 
47696 29189 99807 49323 87337 76895 74437 20223 85580 85822 41620 32619 53527 22504 69076 7456 54017 10087 3116 91141 16807 47685 59185 58830 97877 79596 57180 10609 6357 18846 75072 54052 64386 74879 
19727 68075 51773 10515 88297 53705 96337 29917 2675 66215 68772 71750 90023 39140 81836 93138 30280 14994 40823 5816 90175 38699 85411 47354 65659 8119 82551 57082 62171 46937 31960 98249 15011 85 
8763 19659 70141 21451 65927 72815 87666 51050 44565 77688 90189 42752 70825 20468 74098 27999 42635 80624 66697 28046 44330 48707 36164 26880 5789 14686 90168 54100 12934 21530 70536 38049 57541 40676 
59499 39819 13491 47164 90869 74407 41203 81057 33510 12028 17877 23959 40026 60511 4583 23075 88556 48912 88133 41072 92143 10273 55757 98663 64373 85043 20192 34908 23091 94084 91936 98941 33903 5426 
62457 24771 96184 3659 22179 29693 32038 40055 70004 88416 16918 74586 27842 5473 39849 15974 62896 48343 26247 18653 47005 6971 20047 67197 58230 59489 77632 50165 58429 11534 71942 37237 36304 68125 
57248 58483 14170 5637 14889 525 94052 31806 91462 38245 53631 31310 70571 16526 96004 13169 51530 43009 20139 71576 26557 94720 31064 4188 44885 5845 15722 33178 59433 68377 17655 16680 43211 48176 
22317 58100 48700 32720 6257 40161 87317 59887 87822 57887 76413 83825 71055 27942 43185 7545 15870 69741 18616 63285 90281 79852 69129 6002 13030 28562 90730 30684 61593 33941 78859 83909 8392 43910 
32981 14648 84070 20297 74535 71891 94535 67299 72067 81941 11592 15252 89485 27461 1344 24452 7098 91624 4304 76226 13977 17333 21139 4707 64368 99084 54999 43226 99344 63390 87135 32324 94389 87556 
68972 85275 75798 63506 52573 47864 45446 80517 79467 51282 24329 80811 75734 31426 88786 80037 24004 2763 13721 61494 23821 78088 60577 78819 37665 59921 58560 41151 8596 52948 28706 77568 54575 20855 
57425 7147 85070 2871 4015 64537 70504 28344 61699 46237 76121 50484 42625 124 69598 56345 77970 93418 50784 38546 88588 88448 14818 47147 29598 23414 16447 74655 17333 71021 95509 74757 94519 80579 
93979 14886 61467 64483 43229 39517 27071 35701 90000 86048 35825 75950 58744 13794 85719 9528 68691 74307 14327 83509 37805 43925 23274 54251 34931 40606 41623 46792 15362 52494 27370 9341 67379 5188 
90175 26959 44704 33597 62659 51055 19644 14835 27004 78388 44980 12723 4267 13671 3381 18593 13531 41185 78869 36804 11788 30152 77409 53410 76943 9122 22255 20664 34814 5985 25851 24988 32943 70554 
74937 11954 37960 94580 43140 64964 89319 88120 94038 9937 18142 97418 44882 31672 38602 23750 68475 50389 53901 62235 20151 30843 71356 42405 51506 6170 48390 93708 47509 97684 80613 22445 25989 18573 
33377 69129 83536 39047 73600 93925 48984 8093 91342 93865 39764 46295 33966 24590 96684 87867 86824 16834 35061 74531 75590 2919 80700 40331 96626 28209 54367 77239 50653 80355 95811 84029 65835 95698 
23076 55786 5974 88411 63878 97315 82275 19993 43609 16240 44582 56644 20458 47757 89829 55519 22288 65419 74789 19339 22101 87766 47547 76467 65004 14552 73174 77166 14932 55360 89215 54359 11146 95188 
42769 91375 8854 41395 11368 52463 73987 72301 25458 10796 20058 15287 66314 58697 97057 57454 78035 19157 45220 41934 11976 26575 72837 85149 3741 87768 40508 9307 58479 68005 4495 1247 59380 13348 
58994 70747 82162 49332 43047 7620 60127 79456 39258 42793 38152 36314 246 32539 71822 45465 74472 83797 72040 47308 85297 92132 51427 42157 1438 9905 10161 22284 27504 69540 51984 2849 56638 34145 
52180 99685 58116 12306 79140 97373 55098 33644 50038 55344 66182 21860 17160 57005 22008 5551 20664 7305 97682 88442 49461 15472 98347 59621 54107 42202 45513 6090 45050 2150 40235 97229 18186 14702 
25886 13678 12075 80984 47321 78464 52679 29854 323 86190 3210 38683 91741 40225 45987 5774 28666 11799 37597 27012 87771 91704 69213 33283 97793 30614 51785 54379 27842 69970 69081 53728 83647 97507 
51063 47319 75970 3741 93524 76293 6282 96733 14975 98022 36957 77313 20148 65623 89111 57744 8986 93233 49447 94551 42868 63592 25164 94652 17970 69358 64621 87050 23085 64620 84556 90499 28290 60526 
10591 21814 53170 16872 34898 84496 14894 88207 61808 51393 70181 67270 9136 79166 76854 74935 90068 19721 38526 15232 14372 56495 84589 95345 59897 24025 59964 60804 14523 88253 21329 25113 26418 90850 
58336 61316 75345 89581 49522 53504 40973 19702 37125 50109 15219 13979 25043 5287 33699 79920 36870 64423 52766 21458 59767 12662 61834 36082 73466 92708 40686 11146 17820 67104 1996 92507 44771 93692 
82088 10644 47196 23060 30345 672 89520 61915 14650 30914 83553 64701 10833 20422 45475 63599 58231 5241 76260 20064 41322 66077 12771 98359 77223 46942 65462 79218 39449 26584 72909 21536 37227 36456 
60947 83923 53480 50467 45838 68129 81380 29390 49181 92213 66164 94655 72163 24394 16247 48422 60810 73920 30851 89932 72279 8073 36874 54092 3642 92674 80676 76550 30561 17902 29358 91507 1825 82837 
58325 64014 67317 39705 9755 32850 48269 75918 27504 20431 16664 60103 85204 77473 34022 16054 67404 22652 24126 20629 76744 27767 13302 73771 20669 60214 8024 66378 68073 9848 49214 26397 90213 32882 
66101 99968 65731 14369 92237 9587 34799 8900 69689 20003 2724 20062 52408 86480 42714 76534 7108 35809 20652 36762 9579 41320 96975 17602 7697 65047 43802 73262 91444 50366 6144 73896 66685 88226 
88265 58922 97812 39415 84173 83852 75769 86897 3914 28177 73376 62979 21062 96835 15139 41713 33596 24717 99385 46923 58670 7081 28321 18823 80343 36116 85541 2838 10012 52225 91063 14628 11146 5227 
70394 95319 89078 46163 98567 9343 90691 88294 72321 11752 85128 87459 69816 35076 28527 69200 98350 3549 92633 26670 38723 72975 62786 24263 92164 89149 76488 83226 3776 3985 88452 74169 15655 93882 
36683 30573 3224 27373 18866 91897 55476 20346 95707 41644 71773 40586 10843 70122 44134 3475 13143 99208 92801 92280 23471 84964 81428 16310 84542 1555 20294 89345 92076 35949 99578 45110 66521 2802 
88835 1739 11050 44310 22084 6756 2305 10208 63693 13148 80329 7826 32974 9823 7034 25775 2103 46856 27090 99882 63165 27983 17789 83458 33680 26216 35758 33257 71325 18631 52410 60159 20369 63459 
20821 58804 86567 23125 69011 50259 52624 65691 74437 85598 75513 97822 27724 93967 44677 54813 10201 7841 99148 27989 7650 32827 54204 59760 66083 41880 78390 34845 18391 98758 14655 55563 73913 1221 
95039 42923 67832 64015 24965 58620 49612 477 56441 77335 10796 17469 48499 20996 41661 47646 48984 49310 80472 19539 9069 62907 77770 3810 97751 12512 18919 12405 68074 92831 29978 79465 52105 14161 
43479 77069 72780 9442 93898 45572 86776 4693 63040 35274 25688 4700 99272 91023 70361 96095 10561 95782 59001 4682 15943 73103 17194 34862 1860 1619 27692 48189 81083 96149 62349 24561 73217 51480 
34002 67114 13403 37129 71806 92794 88755 13845 13845 88026 4867 84205 84120 31779 96338 59473 36461 12281 32575 53654 47142 50786 55272 91185 98974 52707 87333 77674 93619 76902 45505 27621 44015 58907 
81101 32173 51700 69855 62369 81896 74232 67236 66101 74704 99014 78790 34176 51826 91070 83102 5479 54563 33888 77103 62100 49213 29809 65784 26887 23427 42685 88743 67399 3052 64002 64852 51576 32053 
51058 13944 13949 25290 97531 80049 16345 96545 75190 66872 64722 82612 66325 86553 37174 16564 63655 15625 65777 9815 97761 9015 49593 40445 97757 33344 59848 61758 98195 27775 93811 65604 41719 24111 
7245 39249 4159 23589 52145 95700 90460 16867 78311 56785 3419 31837 73348 83425 47461 55476 9591 45221 64490 75535 2018 78599 8878 78217 56708 23424 5992 66870 5380 47710 90980 12624 3310 11490 
36213 71807 7190 43024 5025 85500 16160 24795 33688 5860 8219 97501 61335 34161 42721 42177 9695 61090 37127 34925 55659 10186 74700 61650 93408 80079 25711 84387 9055 29020 12229 45267 17178 19418 
4642 22202 21269 37154 46996 71309 43013 71566 68809 20699 5726 27881 79227 31773 88971 32705 83049 44629 42891 57748 22630 36298 54179 48340 37036 63233 93711 49264 24851 10889 85033 45844 49442 22654 
82997 96438 93962 42361 84355 62770 63060 90081 7002 58638 38205 95972 91343 21253 56952 50585 95352 79581 86882 49530 44272 40269 29114 37983 89533 53964 65223 90917 16160 14664 13570 99156 27453 23883 
41517 11808 3004 20928 18240 10006 95917 56444 22329 87259 77696 95633 54195 89399 91565 57428 38929 35837 97697 84394 90171 87229 54710 55393 94497 70869 70056 24419 70024 13861 48301 27892 25668 67657 
65171 43907 77662 61088 350 99990 64698 94397 95622 18893 83795 87187 76320 39075 39375 74016 23469 29545 77596 78178 1289 72093 49046 87696 96511 35421 1556 61163 79665 27223 28819 44835 71129 22832 
5922 87830 22822 86972 82226 34795 5864 66021 38333 82183 5095 94059 72551 44915 23603 50146 23092 41243 38590 88489 28939 51452 23910 30494 28967 19926 57717 57785 64760 45197 80617 87034 33027 19790 
74005 15252 70936 96220 97624 25621 78402 19071 19679 67304 63985 59634 17450 3429 876 72391 91917 29814 23843 32178 76660 52809 52103 50728 26945 33215 95924 23913 36600 28950 60054 10604 60554 47342 
23175 74529 72962 1576 93599 8992 68880 73936 84977 2681 77364 2205 75071 69280 48370 15265 17810 25029 84425 86264 75756 11370 19478 71680 51634 72429 16981 28040 83032 93886 75381 6206 68415 64694 
24134 62013 73685 9365 52300 75014 28397 29663 77218 19819 15295 25587 35084 33104 66968 19508 35719 42723 47229 55197 30754 15215 27625 64087 43254 27009 57972 18634 49566 42738 83327 90051 21103 73363 
15767 73402 64728 44163 3065 41945 63982 34711 83884 15417 67814 67203 34924 3532 26277 98505 75080 57031 30071 19057 37469 73324 62417 11792 8309 28334 70882 7987 18385 91984 97701 34151 65385 62429 
78314 84801 20725 58647 19511 20960 74063 3676 88162 25338 23560 14439 40194 14991 87821 70264 50399 25289 43587 12815 53432 68247 41149 24313 76233 75885 16296 73934 26387 98033 36362 21052 99185 73438 
79698 18696 94398 53760 38723 82559 79098 78634 96997 35643 93625 84817 5907 44023 26457 65845 73190 79889 34092 30690 20553 26676 6574 36849 609 32960 51233 53322 54012 50417 43112 50061 85464 37509 
3821 40539 20067 99270 19172 33416 34912 29148 18232 57170 89523 61041 23015 79064 40929 73458 9753 61481 133 32678 14681 17094 81989 82265 86767 36000 49034 29878 86061 50849 67386 6233 91387 3805 
21854 26911 53572 73117 56058 71803 30287 61932 49195 69653 40995 6475 43110 67099 84308 59594 99776 98988 93039 81765 97605 79806 34116 46638 9683 36528 97486 93421 42760 5225 13577 80965 32135 67148 
54082 4544 55302 84368 66476 4497 54020 23822 10971 13481 90921 95278 89426 90696 10618 82465 72460 8222 62270 22928 71211 88304 59455 85048 81724 2215 90272 11652 83179 38758 78799 53612 43302 34101 
37979 26129 54949 8350 66302 65919 38182 57222 77549 27608 64270 88166 10072 53081 12739 88693 76008 301 76996 35463 1700 75072 54029 91972 3075 53559 47081 81874 7171 6734 32326 61501 49214 87274 
86203 15516 69544 24384 89089 47092 68343 69710 51609 94766 22791 80699 83458 15150 97351 76806 66964 99051 68229 20992 7374 71303 74551 54454 69528 98073 61188 1853 59573 26753 5478 45775 58620 75022 
86511 47709 38465 54853 17418 6426 65971 56560 3476 65780 88062 827 42585 55025 99877 27165 76017 7250 98468 66919 78055 84347 81343 55594 86200 57267 82347 8029 19394 40966 99402 5904 5026 37867 
77108 38796 60644 43078 95355 64119 8858 99768 81297 67794 54793 81173 94959 47161 4774 9778 30431 82829 94124 11773 54774 96675 69039 37120 4704 4784 94438 4105 10687 99463 58323 4147 38258 35318 
63576 49965 15789 88785 49732 97085 56579 20876 94610 67889 68036 99383 94018 14818 98563 4493 42942 53337 17520 28333 6808 22223 33116 1245 42679 43803 17060 17354 64301 71669 52671 27876 37985 68459 
16661 4069 65544 89591 41296 60153 57479 9332 75887 67848 40501 90802 72340 83443 60490 6211 11775 67297 28433 44890 84894 87464 5044 18305 4817 69344 6325 57487 97220 44310 42298 13880 64730 24193 
3470 6025 697 77300 31708 76583 61499 72209 83736 50190 55651 44225 56401 83777 11522 84833 28666 12767 88648 33710 31071 93464 19405 37395 67303 16624 98056 25952 46855 62785 50144 66676 68810 50840 
60327 517 43774 21825 89077 43862 72015 44727 88086 28415 28503 15959 29599 73521 28725 34599 23582 76147 44414 42986 29894 28068 59610 44301 54019 22816 7086 20514 89492 92247 87705 66170 9115 31479 
87995 98192 91692 76361 59270 79777 4775 4125 95736 50725 93997 40812 85323 17578 33311 29737 60563 79556 57804 36524 23856 28175 75692 47293 48688 65183 55891 36393 47704 81358 84223 35698 79549 75914 
28410 55170 72042 49536 75646 84129 261 69642 41293 1935 87219 74603 48023 64134 70510 22179 657 10717 50353 76348 74362 15392 57882 30252 51784 5586 11609 52358 57635 7509 44623 2397 79031 16665 
51932 54676 793 68544 24318 42085 70479 11536 33039 34853 75669 19900 57031 92678 30617 23735 69025 4978 39127 43259 51581 7262 65196 79542 59620 39182 3402 20594 41578 82432 37258 93510 53460 54403 
62053 77777 96487 48883 5664 45878 83736 81333 65777 57118 90362 12745 80853 75738 34074 36331 18996 2007 43592 543 81548 19563 39725 1301 40157 81302 85 77414 74811 53544 31816 53216 47672 44655 
2098 53335 6884 2185 51019 72660 75655 41380 1757 56507 17118 35830 92837 52465 37836 52780 53008 35735 72343 92732 37036 12499 74033 53472 6264 65196 7015 38080 18411 54686 99086 36860 24372 5969 
