27 64 2
81639 46703 73449 88156 47321 28483 24927 72033 14591 8324 90709 35233 26096 74635 70223 43523 19426 27071 69340 59337 53790 98225 40810 53825 67181 21911 18963 71834 33137 39026 43009 31127 2081 32809 19283 65753 77644 60561 37786 8586 68885 44846 43819 11332 19481 30393 54854 55258 57463 40545 30946 27604 38770 71755 81428 22302 93665 391 94135 43154 55768 53495 74280 74200 
2656 9914 39953 80299 70475 94090 5236 39359 38935 65406 50690 74767 95798 21895 46377 69612 62440 77322 13568 17561 49077 94995 39862 59093 11737 33996 2246 83857 3843 76526 58056 6498 2791 98008 3148 73265 92097 8383 12623 47384 73789 79664 22150 85938 17911 84878 71902 96702 62200 85469 14262 27628 80463 70475 86720 8552 4470 5318 92408 8312 98195 50463 31161 985 
48471 34308 74250 56919 42691 3224 4302 32831 99240 42804 35120 17150 27681 7021 30203 6232 92489 60816 33859 89304 31290 36931 97855 52111 58600 6614 76775 56794 57076 7935 74130 21898 42243 48379 78817 1285 67955 99470 34115 67194 42273 85586 695 86306 92607 47249 92537 1447 8064 42748 90750 39353 96030 4956 7815 54629 11569 84589 27774 84997 92524 1903 6894 51118 
66634 2062 52402 50940 1532 2868 18133 60156 88453 35179 46461 97411 82427 55350 98858 90490 14449 89607 46194 10478 10915 54008 81458 22483 54949 25583 23831 47472 43837 30725 14941 26822 32786 83694 77761 50669 86561 12245 10825 91365 47423 57285 88776 29849 28986 87633 36690 43434 93591 82883 70263 4505 53243 68072 43340 8191 93654 67170 72014 53843 14246 86954 80664 63384 
70647 58425 14052 73559 70669 24876 81275 34444 98513 70050 64292 27498 74034 982 87284 67625 216 57546 88481 53458 25618 31820 61648 35623 98990 50013 89465 29587 36966 86481 92970 23964 44905 7022 13874 31925 48249 95149 66368 46761 81550 47012 90611 55584 64345 77894 39560 64560 51791 28040 34370 77408 59860 96017 29383 75201 62382 35199 4787 99347 21679 14109 39663 82935 
21130 69888 14860 85730 81388 97579 48843 62938 44590 39453 34873 8934 33698 74432 89846 85488 2471 24215 79248 62330 36583 24982 53882 98964 60180 58669 14663 81859 89129 54325 64793 10258 40564 96004 12339 21952 9935 61181 1241 70876 16985 36113 79810 67034 10544 86007 52522 13014 10221 48121 91696 46803 73102 45577 62119 33281 20597 76781 31491 9725 47457 12636 36334 88020 
24991 65025 26323 34925 26205 27563 5801 59542 80027 1962 26575 90570 87968 95448 19936 14540 43568 27983 61342 33021 89911 23460 82654 10508 16592 14144 36584 64048 43131 89270 52068 68122 54294 94742 3046 96850 22305 25198 56391 2331 27159 99318 9253 31478 94765 45540 46017 38333 73522 23711 87705 63432 63522 70358 90291 80114 854 26875 44161 60336 32496 12580 28457 3141 
7322 47855 99990 45978 73052 72733 64660 16563 72050 73912 48040 83166 35803 94057 37850 9324 34119 25555 72756 97640 12264 79398 77753 29469 22624 38266 89805 55119 50845 34613 74611 74518 82467 90953 20495 71871 63685 85155 88433 52086 75418 52824 35251 11221 63232 89453 36896 97350 15007 26003 94990 43622 5401 89094 73091 28024 27359 62895 99495 94556 97507 74105 69073 96326 
65057 89568 68196 28741 91074 72980 97178 82843 25803 48781 94063 89035 38233 47311 2736 69591 73313 14077 13212 78713 3171 86302 23089 46881 65548 22583 41436 79407 96687 10509 75732 61744 76 43927 6836 7501 33258 4014 90343 59060 69146 758 64446 7378 48068 67182 93320 21380 81258 6531 16445 780 9185 39533 47661 74732 78467 89096 54138 75153 99604 46221 36896 16031 
6499 60084 23531 39756 64097 13874 98816 49594 14631 79613 73323 79050 46794 66642 16781 44404 89524 33225 45183 98708 89109 9195 89792 67575 98291 60281 59080 14246 6502 12327 46629 29352 72410 86511 69108 52858 384 84275 2451 31366 63887 75773 26767 27033 58766 43548 71436 48290 76772 32970 63349 82233 42165 53140 66159 40455 29773 41590 71052 36274 53917 17680 65625 26326 
4191 51084 79184 20926 35358 97986 68644 99245 90111 95410 26277 48876 38957 14064 97165 32081 47033 60514 30665 89197 30005 96823 46003 59777 54765 17055 12402 8681 51086 94379 51358 55276 45462 46893 92554 80820 44879 61197 96416 34989 72958 39044 83864 11915 53107 97381 60347 139 74246 91011 5688 4250 4185 51690 80379 58949 85096 92780 83981 36182 3510 35339 7809 48972 
82231 362 46143 27109 77910 42558 78449 50868 81601 78665 79134 51059 76045 39480 67549 66642 30490 73236 87243 51026 41278 83973 26327 42725 76753 10307 95258 96614 45645 3067 45585 27876 19780 91727 71336 97690 50636 49785 64909 48588 28449 44042 99646 20845 83521 83547 3838 30362 56782 91080 97739 14411 75053 24065 57136 68157 34372 52393 64770 96368 71811 26707 24243 91591 
34785 95579 5632 85421 61715 86892 50360 90163 30933 66358 27359 30805 49904 31196 77518 23037 38627 75256 37448 30031 15673 10935 98187 66396 63327 79309 62763 35138 6015 87006 43080 40799 98936 65063 42571 60650 51954 92931 67164 82886 75640 94522 13690 25543 42069 7559 64931 80695 82814 2378 10726 14838 13312 25264 81233 92991 4572 43996 28128 26938 47353 87559 67737 46288 
52621 26659 23289 4574 35941 90452 3811 11580 1325 33852 53474 43393 41410 18405 40439 40575 20782 67516 55413 50446 92780 36645 43436 13703 96992 87915 40641 44344 91825 8377 6983 44445 35035 30271 65370 87328 37074 69180 98907 38398 3031 52381 98142 44440 70785 38581 1366 7918 22448 56778 74715 15227 9775 34502 28930 6766 38768 85922 51110 30592 94298 58092 91388 45684 
4715 56757 33011 41788 42288 48270 80186 45318 650 94679 6109 87786 49611 7475 12055 72059 80604 3122 87285 90378 37623 32566 97144 92743 18487 64605 39686 29136 22696 31074 91172 43762 4182 40534 85550 46470 5155 65735 8139 5804 76765 14248 9941 26376 38074 38348 98434 18677 41469 2070 9055 95443 50988 22550 88185 69474 87154 27871 14962 26201 75296 22485 69963 79477 
79370 55512 42298 84525 37598 50437 6680 14362 81036 32973 40737 19109 71320 39170 54137 29140 41240 79543 24582 92227 2092 29119 78052 89245 73341 9365 15446 48636 48201 85408 44464 27571 40919 86762 12095 78516 53550 35126 9229 34585 68098 49966 70045 39417 5487 40533 68556 63078 20076 9490 71656 22167 54960 49708 11412 28300 75424 26857 93287 23625 28616 37750 67547 85886 
24511 95993 64401 94412 31118 89981 28996 99216 39946 15392 54984 61785 55925 39892 24862 76000 49381 96518 98166 4340 46225 25929 48991 38000 69137 42277 77976 97752 80026 45522 83637 20889 41514 64389 15300 72632 54370 60648 71847 10667 76039 43182 72451 31963 83073 97313 24314 32453 93830 38832 53144 56406 64760 2134 10757 33897 44410 88733 48000 24436 34254 31637 61676 75768 
12377 76975 64751 66746 37622 36597 93765 30013 79778 66215 61975 79203 79879 2641 11655 90060 41472 81151 62817 6231 83284 73574 56479 44046 62306 4479 84833 12911 52467 46508 88678 64843 23482 53428 47941 77456 6376 41705 7468 2506 24271 85794 81708 4150 88434 9714 10561 46257 90864 73378 68840 74148 46951 41670 34545 25608 46148 19377 38518 14966 65884 43548 96161 5717 
13327 44101 99524 19703 2157 6991 38560 26427 9137 36619 46928 13922 46332 73841 60179 53548 47218 45370 44047 10520 87039 78591 36127 49539 97967 90996 64504 63850 34543 60664 85918 47870 21116 85442 83924 23272 8784 38835 66051 17920 75453 29330 48194 38136 3170 24724 8035 50387 70093 52081 60906 57131 30671 13384 23021 44989 4380 3877 25190 38922 64540 11108 3143 2008 
12901 3418 25279 21684 42252 7681 55956 34056 37011 4149 88544 40180 28872 96578 6919 15316 48659 67824 88798 95681 97560 11819 57022 1939 15695 82211 57212 96586 9670 76707 98593 22570 80124 40224 44254 38728 47904 16561 72783 84914 20709 61326 41446 65932 57904 48364 81247 22914 32539 70044 34946 46450 81862 91967 48388 13908 74178 21952 10494 83847 15010 9086 22769 95133 
65661 83374 33860 13565 99934 22995 14830 20642 672 72627 86573 74927 20990 84171 97840 69881 54214 32786 16330 52428 41104 81070 66335 15281 19373 76828 15480 34382 2266 38248 45866 67926 37973 96078 97842 37906 19072 12672 58547 36095 85298 61471 11022 22640 45641 8861 8872 99854 57998 41553 68633 99102 38974 34968 30734 58346 28147 62565 9079 30412 17164 54945 14690 55136 
67374 12531 93041 2797 41554 67939 38891 43204 29409 49912 65843 75049 75125 74714 91255 33122 32618 59887 48575 71592 11206 95661 46289 39353 58225 55368 86116 75389 26664 17157 30524 94037 29688 39917 96833 87593 7855 52075 30796 37264 1987 96638 28664 77111 87703 36270 26584 36673 12509 91511 8264 23714 87171 54552 79418 45395 9919 65534 37135 52934 82690 84011 46970 28729 
23927 60154 16322 48133 12229 63469 85396 30567 60107 30412 24029 64161 83033 50612 833 95541 58474 25448 19255 45644 80000 98672 91039 6270 80557 28173 59204 79599 28535 22525 24679 52461 99031 41000 594 11259 20821 2341 58177 97279 49104 82205 61439 32137 49168 78624 27677 7642 20423 63283 69637 16774 78307 60675 23044 75215 5200 98599 54813 33734 37475 79492 2547 36505 
36843 19492 64115 57663 21832 22291 71293 87288 20847 32732 19424 86367 27707 63452 10360 64481 43087 79996 81255 21393 57023 20650 12959 78574 19248 67772 28659 73074 63615 31205 9579 16809 50696 90045 90824 88880 28688 62116 76167 49534 11199 11942 52252 55257 75393 62611 19738 34831 58959 17344 72575 15981 37993 85534 94554 73592 69657 23212 46665 49623 70769 72595 66431 37816 
62640 73606 26695 91327 52074 19213 57212 63272 47506 25816 34881 39251 88426 70970 74081 47384 88313 46656 79716 26305 48541 90621 16248 18197 30185 62912 67819 953 51859 50601 55120 14498 40559 98167 22176 92632 17379 95739 72255 81237 21554 7135 20487 26332 78104 94567 90067 82768 57574 69783 9072 6114 76755 25319 24310 6939 4583 8480 24243 56441 75433 79363 87290 15991 
77529 25817 24974 11259 21555 97228 92495 59461 20715 12981 85792 15170 23900 75858 97938 81473 61992 23361 87587 38747 48680 28248 45685 69614 53080 86280 42406 28512 65642 29695 60854 43170 71863 85827 54428 9769 83054 63275 69229 20120 76255 71372 35290 154 63582 49579 97979 25573 72939 1917 80671 37970 46516 42708 7583 99595 28987 66340 44458 94628 12386 5311 54149 84248 
91137 24928 94017 90543 88202 79597 27014 80809 50969 62303 80962 14550 28233 95292 56474 1172 13560 53497 39141 60076 96204 63076 76022 41542 29415 20480 52521 58153 25790 6669 42400 33279 31596 52768 23821 36150 32365 50834 16958 83333 29489 14271 14234 57721 9563 87059 75244 23122 40555 30737 99549 53110 93812 75571 11003 39578 96050 63523 97730 38191 70191 56482 71469 18139 
