84 95 34
15 32 57 25 29 12 90 62 4 98 9 81 61 11 80 64 85 5 61 44 25 85 19 7 15 65 28 97 48 23 14 14 6 23 38 34 86 80 47 41 29 56 22 89 66 53 4 3 57 17 46 33 1 65 39 67 81 67 15 80 41 29 94 46 51 83 31 88 62 77 28 42 84 1 83 2 54 86 4 10 2 49 43 54 65 33 21 45 51 35 77 43 15 70 40 
17 52 70 4 66 99 32 7 82 32 89 83 37 27 38 47 80 87 41 34 3 25 6 100 28 92 76 70 59 45 10 75 48 31 31 13 81 14 72 15 97 60 49 34 38 87 32 18 25 72 3 27 48 60 26 75 3 53 97 61 49 58 88 97 40 18 61 21 83 32 35 79 44 83 64 81 21 95 50 45 18 52 72 66 63 49 92 66 54 40 26 2 97 65 50 
37 34 11 9 16 94 95 47 37 29 10 70 50 5 19 94 74 23 17 91 85 66 83 50 19 22 28 72 71 92 22 59 78 84 19 93 77 13 39 14 41 1 35 42 57 53 36 30 75 52 21 12 69 55 61 39 76 40 11 98 32 32 56 61 15 74 53 43 38 44 56 31 96 90 72 52 95 59 81 21 63 53 32 31 7 93 70 35 84 80 32 67 63 88 27 
29 13 80 71 51 75 79 81 70 20 4 21 14 63 53 87 25 6 18 7 12 62 76 46 46 7 30 12 69 69 91 49 81 70 20 83 96 50 15 17 69 19 89 35 33 41 21 57 98 90 63 62 52 91 59 49 97 88 12 18 56 2 18 89 23 37 71 70 38 86 86 7 56 74 93 88 15 65 96 64 54 10 25 57 52 36 5 49 23 69 18 79 70 35 19 
45 24 89 14 61 26 100 19 81 73 63 20 39 27 15 3 81 77 79 37 28 14 94 28 89 62 97 19 83 84 37 27 7 25 41 19 3 40 90 83 64 52 55 55 79 21 9 11 97 87 47 25 53 92 4 41 53 1 59 88 84 47 14 42 71 6 12 25 97 1 60 61 53 14 15 83 34 23 93 31 61 91 7 13 83 62 5 87 62 15 74 97 61 40 38 
84 45 50 8 42 50 67 54 54 32 68 88 66 42 80 48 2 71 6 67 5 67 71 91 29 38 17 25 98 8 15 33 52 64 93 45 65 59 98 71 91 17 58 8 58 90 55 12 12 60 78 16 26 100 58 6 89 26 83 87 33 97 71 37 12 63 81 28 74 31 98 16 99 8 23 9 97 29 20 60 88 49 75 65 100 84 23 89 10 57 27 42 53 97 78 
16 12 11 43 85 93 93 100 91 52 74 51 100 2 70 59 41 70 33 5 22 68 79 10 77 35 88 71 39 36 48 54 47 10 49 31 2 93 82 45 44 55 95 43 8 17 1 48 38 85 5 59 52 83 20 81 18 7 51 8 43 50 62 41 60 62 24 13 6 5 9 1 12 56 43 19 72 95 67 61 31 71 20 34 53 39 14 22 98 64 30 92 66 43 32 
77 56 55 41 61 12 50 61 23 5 55 41 28 1 7 88 31 29 59 64 34 50 30 55 47 45 36 90 10 78 21 86 85 28 27 45 39 28 57 61 84 11 53 63 63 12 2 93 40 61 9 73 10 90 80 8 34 15 97 96 45 69 81 81 96 59 26 86 86 34 98 21 97 51 83 59 62 85 4 53 97 64 26 58 53 57 65 38 23 13 33 67 81 14 48 
29 24 25 14 62 58 64 82 54 14 17 65 27 53 68 79 49 31 4 6 83 12 22 20 35 34 5 53 66 18 52 94 93 76 60 54 86 23 88 91 88 4 55 14 8 22 92 8 4 48 13 86 59 86 58 93 19 62 98 36 31 49 30 23 77 41 29 62 15 16 4 2 71 59 15 30 32 58 37 36 5 1 73 16 86 30 60 56 43 57 91 25 6 72 48 
82 64 28 95 78 95 98 79 17 8 45 46 40 3 82 75 59 34 47 74 19 29 34 26 23 42 68 48 47 40 47 80 3 74 74 33 68 24 11 84 31 56 81 22 10 14 96 68 47 95 42 17 75 27 42 97 68 9 44 67 100 90 46 55 15 72 87 34 95 49 69 77 4 49 99 65 62 46 33 60 92 26 76 66 52 69 15 19 78 10 85 29 52 83 83 
66 54 21 52 100 70 20 76 25 69 74 90 82 20 22 42 11 99 17 29 50 86 95 20 15 4 57 95 7 39 78 25 44 98 76 43 19 95 18 44 15 44 33 97 63 6 38 25 4 6 5 5 43 51 76 9 7 32 4 13 22 33 89 17 82 64 59 1 11 29 44 25 72 28 21 86 85 10 62 40 68 67 96 62 17 71 71 23 55 26 88 28 58 76 45 
91 92 3 91 2 31 86 26 54 65 99 39 49 60 1 40 79 19 35 41 87 6 63 62 12 88 49 39 97 76 83 39 67 38 82 68 20 67 46 74 84 44 12 84 55 64 24 34 34 10 74 21 15 88 82 78 27 82 17 23 57 51 61 24 88 42 43 8 61 88 33 44 83 44 79 38 60 2 23 93 12 48 13 78 35 46 8 61 27 24 35 36 26 95 59 
14 89 53 73 1 41 5 96 23 100 74 12 59 28 34 4 91 33 16 20 67 14 27 27 92 2 61 27 28 8 37 93 48 90 65 100 30 21 95 4 72 20 68 83 47 53 86 89 86 53 9 52 66 35 31 58 37 43 84 64 50 73 56 49 62 72 48 91 44 94 46 15 14 13 97 12 66 34 1 51 87 61 54 4 95 84 13 83 27 49 98 28 21 5 77 
82 28 76 24 71 70 69 38 35 82 34 46 99 20 98 1 6 58 54 61 5 38 74 39 64 22 37 43 42 41 71 23 69 47 46 91 68 66 28 2 99 14 47 97 33 97 97 90 6 51 50 10 40 23 49 55 96 37 97 37 77 68 11 97 14 8 40 81 26 19 34 24 32 32 21 16 28 69 57 34 19 7 95 58 81 43 64 77 79 61 65 8 28 28 56 
93 87 95 25 12 14 58 36 97 89 56 13 69 24 69 2 95 27 48 4 8 91 68 36 21 80 52 80 59 79 36 51 66 82 27 29 95 36 64 44 76 71 8 44 95 76 97 41 55 45 44 14 87 63 1 59 42 52 39 100 31 74 2 48 7 28 76 2 15 92 45 91 62 4 34 8 79 83 48 85 79 44 98 65 58 98 23 100 2 13 51 84 38 53 31 
45 32 58 98 47 49 94 89 63 97 74 70 27 56 70 12 34 13 61 50 70 59 25 21 60 37 72 43 27 76 25 71 59 34 68 5 35 61 93 97 57 67 66 83 74 35 94 60 99 55 9 21 65 85 41 76 74 64 70 100 91 46 70 50 79 37 54 13 49 99 61 5 17 79 87 90 65 33 1 64 39 10 36 55 46 76 30 19 92 51 18 82 96 87 31 
74 75 37 39 23 87 99 79 3 77 18 44 94 2 45 57 92 6 92 46 51 19 27 70 62 77 39 44 72 78 26 97 4 62 87 79 48 38 57 2 66 26 46 59 27 42 15 18 47 58 15 49 29 41 70 90 69 9 85 92 38 11 89 41 24 27 19 72 64 28 25 30 53 70 88 32 63 55 49 61 12 64 10 92 56 79 82 25 39 66 16 76 28 56 17 
52 83 87 75 98 14 99 27 67 21 15 98 83 69 98 44 32 13 5 24 69 83 57 45 74 22 12 1 2 68 17 53 2 4 27 99 69 25 78 35 97 92 84 80 12 82 75 43 46 79 18 14 13 74 10 86 48 22 87 49 41 55 53 94 10 79 92 79 55 69 65 52 12 1 83 23 82 57 18 27 87 35 93 99 61 2 37 8 75 23 8 15 29 60 8 
39 90 52 69 96 72 85 99 84 85 81 58 18 89 75 97 75 62 41 74 74 42 10 33 17 84 40 83 64 51 91 54 92 42 22 87 13 59 86 48 43 18 6 13 7 32 9 33 45 49 6 18 42 67 50 10 2 41 93 66 43 35 19 34 76 93 21 40 51 58 40 45 75 97 57 81 80 65 14 25 65 71 94 7 90 96 16 43 36 60 8 31 94 79 64 
21 71 84 61 73 41 52 17 68 48 26 48 27 90 13 3 7 36 97 13 77 92 80 19 79 40 79 61 85 57 25 6 79 60 18 3 53 69 71 20 16 96 19 94 38 84 97 44 19 93 8 47 36 87 65 66 78 95 27 63 3 3 20 81 62 37 35 14 57 6 33 24 1 52 17 38 35 13 81 5 57 40 51 92 27 67 10 56 14 88 70 16 90 89 49 
51 77 83 65 33 88 49 56 89 52 73 78 86 37 11 42 94 50 44 85 28 63 46 84 76 33 53 91 22 94 39 25 70 22 41 55 61 89 10 1 41 34 79 78 71 41 72 64 42 15 100 70 77 46 5 52 30 57 95 4 2 33 28 72 6 68 78 19 8 39 19 100 73 49 30 95 41 1 10 83 15 61 52 92 6 56 95 88 64 89 91 18 74 70 41 
79 89 18 49 96 56 68 48 80 68 77 26 9 77 35 91 43 96 94 86 53 1 81 40 64 21 82 81 94 51 21 25 39 90 73 87 46 40 34 77 8 62 3 68 90 37 58 32 84 51 18 37 51 50 28 66 70 10 99 16 12 71 40 51 61 12 89 58 4 74 34 63 35 36 30 24 25 39 55 8 41 24 44 43 25 24 8 47 33 58 62 96 29 1 98 
41 64 86 98 67 59 83 29 93 19 10 68 43 48 23 2 88 98 98 30 23 21 90 21 5 99 82 100 79 34 98 19 97 83 68 16 94 3 96 86 21 6 54 15 5 28 16 45 77 13 26 51 33 15 71 89 66 52 89 44 37 38 15 34 72 34 1 65 36 96 3 8 1 8 22 58 87 90 2 63 54 27 14 39 94 36 27 59 40 67 54 76 4 20 61 
76 54 61 40 41 57 42 49 9 1 22 66 87 11 19 2 65 46 67 3 91 2 81 1 41 48 54 69 51 26 29 26 79 42 18 19 50 11 19 58 12 41 76 98 51 94 99 67 91 65 21 81 19 2 33 11 1 87 79 51 64 60 29 42 53 46 12 2 56 83 59 19 23 86 17 25 80 67 92 22 84 12 55 2 65 87 64 65 25 43 68 88 54 96 81 
6 41 45 7 48 27 17 67 49 55 35 73 86 1 64 7 36 28 61 89 44 48 53 9 72 47 76 60 52 23 40 57 15 84 15 62 10 83 80 10 37 14 83 22 67 98 81 2 77 41 43 21 88 95 81 12 93 8 71 44 30 62 52 44 98 66 57 59 100 37 69 89 50 3 10 68 52 90 70 29 83 64 1 22 10 33 33 2 40 55 45 69 69 48 64 
66 13 20 76 64 8 96 52 10 98 14 77 2 55 98 82 37 61 82 11 70 14 43 23 53 98 67 73 18 14 88 35 78 59 10 94 67 6 45 76 55 10 4 56 65 2 37 53 62 18 63 84 83 58 6 87 7 73 11 24 38 98 58 68 9 67 61 27 24 57 54 79 67 57 34 83 58 71 35 20 40 50 3 23 7 8 61 13 32 72 36 22 21 93 41 
81 11 53 7 35 9 60 13 27 17 46 9 74 68 96 45 60 45 99 34 51 59 94 63 42 17 50 63 38 42 55 18 4 7 77 38 16 36 2 94 4 100 3 30 67 98 74 78 42 25 11 44 83 5 58 76 21 7 39 10 100 45 80 3 52 56 93 19 43 94 12 47 93 66 76 12 63 1 89 56 77 100 99 11 56 8 87 28 14 77 38 13 21 69 68 
72 76 60 42 18 5 54 64 98 19 91 61 34 44 1 41 20 100 92 31 7 99 17 35 13 93 24 77 65 44 44 89 19 55 30 36 60 35 52 9 6 42 21 39 85 21 79 57 73 22 87 79 21 55 65 85 99 40 61 63 83 57 3 1 11 33 89 22 67 40 30 72 33 2 62 70 23 93 26 95 14 64 25 86 70 90 70 20 29 83 34 64 39 37 16 
1 69 4 23 87 95 4 59 28 6 72 97 80 64 74 26 78 89 50 63 58 91 85 29 72 67 62 35 5 98 50 57 66 6 79 5 100 35 63 27 92 34 75 71 50 100 96 27 88 97 41 97 88 77 25 59 43 39 45 99 36 94 56 54 51 34 58 51 20 72 77 11 5 4 33 6 3 80 84 43 77 25 91 16 1 68 74 96 6 70 94 93 15 49 46 
66 35 55 16 54 26 44 17 83 99 1 88 54 33 72 96 9 48 38 76 100 57 1 47 62 70 41 7 84 89 4 49 23 59 16 29 36 60 97 18 58 49 58 11 81 81 58 41 80 48 16 31 4 16 78 18 85 18 24 21 58 79 69 81 37 85 61 25 96 9 94 53 57 51 16 38 83 25 78 62 72 46 93 28 61 70 45 98 39 20 18 96 98 38 28 
87 22 88 11 69 96 4 22 5 7 89 42 89 13 71 3 37 68 47 16 81 16 12 78 54 31 47 49 80 84 77 18 58 16 28 78 64 84 99 20 90 39 13 30 4 83 32 92 3 78 7 83 45 18 12 50 100 58 51 79 93 79 97 2 94 76 80 9 59 30 28 100 21 40 30 24 75 13 67 77 91 73 11 87 42 22 37 41 31 87 71 75 65 19 29 
10 95 60 71 5 41 50 5 61 90 86 36 16 98 2 92 40 26 2 27 67 75 15 7 5 53 78 79 17 48 59 78 42 18 100 99 59 50 55 19 39 92 7 54 89 8 97 81 86 50 59 52 24 73 11 80 25 40 10 93 87 69 22 81 86 22 79 96 71 85 67 9 76 73 14 16 32 62 96 17 11 54 21 86 78 31 17 2 70 26 46 8 46 68 88 
84 89 18 79 59 2 45 19 77 69 84 93 1 45 40 17 7 94 37 44 23 19 60 25 40 37 22 48 35 89 87 18 77 5 48 87 6 93 5 35 61 40 79 13 84 18 30 42 63 18 85 38 37 96 14 28 85 35 75 19 24 62 36 52 18 35 39 75 79 95 9 92 35 39 4 70 9 85 64 23 3 100 60 91 96 73 18 32 8 45 50 83 6 37 34 
23 71 72 49 2 19 10 93 5 48 96 26 8 81 89 31 35 89 42 25 36 15 94 67 74 38 68 56 95 56 41 69 78 65 18 79 83 27 71 39 26 19 64 34 99 53 64 33 93 57 9 28 23 54 46 96 92 65 3 38 20 96 7 49 60 76 28 94 54 98 32 79 68 95 12 66 99 27 50 91 84 10 70 6 64 67 54 7 83 8 96 2 3 2 51 
14 29 30 7 82 79 90 61 47 85 24 12 35 3 14 78 86 75 99 43 38 66 48 96 48 8 92 2 62 45 4 76 74 33 34 7 11 24 19 57 60 43 21 94 45 86 71 82 60 22 76 98 87 24 45 86 83 36 39 44 33 42 71 58 74 5 64 37 80 83 45 39 77 65 84 73 50 7 54 10 28 81 59 14 56 55 51 38 91 90 34 23 83 4 32 
9 60 95 45 39 29 41 29 5 6 13 29 7 19 34 68 46 15 78 11 70 33 13 60 75 2 93 49 37 48 80 45 60 74 41 50 55 81 79 11 38 43 40 97 61 73 64 58 39 94 68 9 26 80 20 100 34 12 100 70 11 79 66 22 4 6 72 58 38 2 69 76 44 60 72 4 84 87 61 23 80 80 83 57 11 2 8 44 65 7 65 27 37 82 49 
41 87 72 98 25 73 18 52 16 29 23 19 13 61 31 87 93 10 21 49 20 74 9 16 38 67 32 16 4 14 16 44 52 87 93 28 59 63 79 74 91 53 44 55 14 26 41 58 87 61 58 7 86 66 74 23 33 57 91 36 70 6 31 22 93 23 49 3 85 80 77 28 32 72 82 97 98 75 54 84 87 12 42 73 77 67 47 61 24 37 48 45 95 78 18 
39 53 19 41 37 98 69 16 29 93 98 26 90 24 31 25 62 42 67 34 71 85 33 31 8 21 79 53 15 56 70 5 8 40 46 97 37 66 64 18 58 61 95 99 36 25 24 98 67 42 83 37 26 15 19 34 36 97 38 2 5 59 7 64 99 4 12 35 69 76 4 79 88 98 77 24 23 100 73 41 41 55 77 67 22 95 52 57 44 89 10 100 99 16 63 
97 71 27 84 40 2 87 70 41 85 46 64 59 46 88 99 38 95 27 4 16 73 7 72 68 47 33 67 46 49 82 94 19 8 29 10 61 16 79 1 52 77 17 62 22 4 12 59 98 38 15 13 62 73 36 30 20 69 96 17 69 77 10 39 84 39 1 96 6 31 97 9 7 13 70 80 68 81 91 66 70 57 30 31 29 18 60 48 38 8 64 58 84 26 96 
20 16 48 15 73 79 11 33 37 75 54 17 43 34 7 60 55 15 41 37 43 58 97 91 47 4 6 4 39 83 52 10 98 99 25 22 77 87 54 66 62 7 82 56 92 40 15 46 54 55 35 48 65 31 90 11 86 96 67 76 30 18 86 80 16 62 1 45 48 7 10 61 13 43 68 5 34 34 2 39 89 36 86 5 18 76 67 55 71 33 31 52 50 16 31 
66 29 84 62 76 90 71 89 2 65 56 58 98 90 12 36 30 99 21 86 17 48 52 23 70 37 53 22 86 20 52 3 48 35 64 76 76 86 16 78 2 23 35 99 64 98 86 93 97 59 30 13 6 34 35 76 70 40 97 55 11 100 10 59 87 25 86 62 63 1 91 64 23 78 15 87 75 100 31 71 10 13 35 16 46 22 43 15 61 91 21 71 90 30 81 
28 55 18 42 17 70 32 32 93 9 46 31 84 46 13 6 7 25 41 22 70 62 16 84 74 6 57 96 48 86 29 27 92 46 68 60 16 100 92 60 60 37 42 95 34 54 1 41 31 93 14 100 6 82 36 31 87 92 26 86 29 6 13 73 4 80 32 19 31 75 30 91 64 71 85 49 76 37 41 6 29 55 58 34 88 45 64 74 88 42 60 16 47 24 88 
50 3 72 20 86 46 1 76 9 23 12 58 51 1 98 56 29 4 65 15 91 61 30 17 48 23 28 64 70 51 3 71 5 74 43 90 20 43 17 80 18 81 89 68 81 87 75 61 42 40 75 85 100 57 1 100 79 80 63 100 30 17 71 86 91 65 76 62 59 44 41 76 24 82 43 56 68 18 17 61 9 91 45 60 99 97 59 78 76 73 77 57 90 47 43 
32 63 18 93 22 13 85 97 37 66 40 92 85 57 8 98 65 51 42 76 49 91 35 78 66 7 55 23 48 53 65 79 16 34 23 37 46 60 33 34 77 24 78 14 32 37 11 48 87 4 24 88 94 58 17 12 16 71 34 64 24 50 94 91 35 69 27 80 28 11 66 56 87 43 69 18 79 31 66 18 35 41 57 80 50 73 91 65 44 76 80 19 77 26 9 
11 94 87 43 73 49 8 28 35 50 97 5 80 79 22 97 13 62 53 45 11 26 35 27 21 63 7 39 39 32 99 2 77 37 44 49 85 3 76 72 4 24 28 83 3 49 80 15 10 84 11 72 61 46 98 81 60 56 19 98 87 69 51 63 5 94 63 90 48 39 13 51 62 40 86 64 88 17 31 49 100 41 72 61 38 69 41 97 25 12 47 63 80 97 78 
85 43 40 26 90 30 38 93 92 29 78 7 16 94 37 16 45 30 87 5 67 7 98 16 83 61 62 98 92 58 75 76 52 66 53 42 96 42 34 39 70 63 45 37 56 34 4 52 63 42 57 81 49 6 48 83 18 9 80 9 19 6 37 70 72 89 63 19 83 48 57 52 10 53 41 17 86 44 69 100 86 77 81 86 34 80 68 51 89 48 59 59 5 47 80 
76 88 43 46 70 90 2 73 52 55 13 68 92 9 88 92 94 64 24 31 97 3 50 47 43 49 58 1 54 4 81 81 91 75 27 12 16 80 85 67 86 97 87 78 5 74 21 50 38 44 32 86 98 82 85 93 30 42 93 83 97 25 64 40 51 90 51 67 21 35 33 7 84 19 84 40 93 4 42 82 99 73 67 48 54 51 40 36 44 85 18 93 61 33 32 
12 74 34 78 95 21 62 1 56 81 36 95 25 39 36 58 89 61 76 88 66 27 28 1 22 64 71 14 24 3 97 35 29 83 12 23 3 74 23 58 6 58 4 82 48 92 39 88 52 14 75 17 92 54 70 66 17 40 31 41 94 80 75 22 62 87 96 16 12 70 73 17 27 28 50 26 19 88 13 70 53 40 39 97 93 60 62 10 51 92 2 96 71 76 70 
84 14 65 99 25 35 23 93 13 51 42 91 69 81 3 91 34 94 81 30 87 92 91 48 42 34 49 37 57 76 6 40 90 23 39 66 57 61 11 21 11 52 11 32 33 14 74 18 59 6 99 97 97 41 44 38 74 44 26 30 20 32 70 61 54 60 26 62 20 36 82 83 40 93 66 24 58 39 93 16 44 91 13 92 31 8 29 4 4 54 86 23 37 7 35 
42 66 12 3 37 48 37 19 39 29 84 62 86 74 6 53 69 96 17 60 26 25 40 81 80 46 66 2 34 24 88 76 89 99 30 26 98 66 96 36 46 32 49 83 57 54 36 26 49 52 37 26 28 29 59 7 26 76 60 59 100 99 86 88 98 16 65 95 33 13 31 79 44 31 61 100 85 48 77 85 52 66 63 31 46 21 90 71 96 1 81 95 100 67 35 
97 34 51 91 66 63 73 96 6 56 9 58 40 8 86 76 59 51 90 42 48 10 31 18 58 31 99 4 82 17 38 78 50 41 21 67 3 45 15 61 100 23 18 91 82 3 19 41 6 8 82 53 18 64 23 27 46 73 30 28 89 68 5 90 60 77 8 62 22 22 74 21 96 91 64 78 46 82 70 3 89 3 7 58 66 29 84 11 1 14 38 41 33 95 30 
92 71 38 53 92 11 27 65 7 69 28 36 66 9 5 68 97 7 27 55 72 55 90 34 8 3 72 48 35 66 30 26 36 19 31 80 29 9 44 87 77 23 22 95 31 26 14 79 84 40 85 55 47 75 89 54 77 12 1 64 77 30 89 64 48 71 43 29 79 38 15 8 12 37 2 42 14 67 73 98 7 57 4 5 83 44 58 12 55 58 75 31 40 15 47 
87 86 41 67 64 79 82 23 42 70 76 84 35 43 8 32 1 16 88 5 99 31 62 10 86 71 84 68 10 98 66 49 35 7 15 51 37 48 73 78 17 1 13 52 43 20 35 95 88 22 51 86 5 64 47 42 86 82 61 96 31 27 96 66 33 10 16 21 58 40 98 26 40 63 77 34 34 64 80 21 37 30 58 41 45 4 82 31 85 95 78 16 21 73 33 
5 34 100 77 91 39 26 69 31 88 97 64 22 60 44 94 97 25 52 89 22 7 23 52 92 17 29 59 89 1 43 93 34 42 69 77 80 94 97 62 34 93 26 7 53 21 100 1 97 3 41 18 10 63 69 53 31 49 63 19 1 5 63 35 46 83 63 77 29 59 39 14 51 64 20 55 36 71 7 84 74 48 2 35 62 22 39 93 71 1 63 71 5 78 57 
50 12 71 78 92 81 16 5 32 31 76 38 18 47 45 2 72 44 3 58 5 76 96 49 98 96 64 21 52 93 77 53 4 100 30 96 80 46 100 63 28 28 1 46 74 97 47 97 92 1 54 96 76 49 97 74 96 12 94 47 4 22 99 7 21 28 54 1 25 54 63 53 81 15 98 6 63 44 2 54 44 7 2 71 55 98 44 50 9 89 48 64 11 46 70 
83 25 24 83 50 29 98 54 61 64 51 18 27 46 19 80 41 77 81 11 31 30 7 32 90 95 31 53 57 76 75 40 52 50 74 1 78 23 6 90 87 8 7 65 53 77 44 45 53 77 56 35 58 62 18 48 8 48 52 65 23 26 4 26 75 29 79 4 52 84 93 38 92 51 2 44 27 97 89 31 25 96 65 83 9 82 82 16 29 33 80 3 11 35 29 
37 16 7 93 67 90 37 56 81 88 9 77 66 57 17 97 82 64 61 64 72 43 45 87 23 29 19 26 91 5 54 80 20 60 72 38 1 8 93 34 47 1 10 13 58 78 9 91 41 69 54 12 63 50 50 86 30 20 63 21 77 16 100 96 27 23 34 27 82 78 12 29 31 73 41 40 50 1 30 42 69 35 53 84 36 55 21 65 74 83 37 2 98 88 98 
76 10 83 54 44 12 66 72 42 38 12 33 88 12 62 81 32 48 34 67 83 40 87 100 65 69 36 67 18 76 16 93 85 50 47 28 61 64 51 55 1 14 87 40 77 1 21 9 48 6 27 31 97 14 30 61 34 17 27 52 92 94 96 29 43 94 8 4 57 59 10 10 72 96 1 49 96 21 9 44 78 87 26 74 100 7 35 86 23 13 37 15 7 84 95 
1 78 2 56 86 60 65 47 84 61 48 84 56 20 44 51 98 30 28 23 82 34 9 67 57 22 55 23 80 90 17 32 19 18 88 5 30 52 51 65 12 98 100 20 70 43 22 67 24 50 41 57 83 50 75 39 23 29 13 2 71 29 85 89 99 72 93 28 24 96 44 87 45 43 58 14 85 80 32 60 81 73 17 63 22 91 54 44 72 66 97 42 47 81 82 
45 5 27 24 28 22 67 66 18 9 24 32 45 55 15 4 35 87 72 97 60 15 2 3 38 20 51 31 66 84 12 10 88 38 85 67 11 51 32 29 11 55 60 55 9 26 10 95 13 82 92 72 48 45 27 85 64 77 15 29 12 26 90 99 64 74 65 74 76 49 54 86 3 65 40 64 91 50 58 3 83 1 26 82 46 52 66 9 81 80 90 92 5 79 43 
20 5 59 46 80 7 99 66 62 64 57 25 54 58 34 8 40 87 33 21 32 37 38 92 69 17 81 12 74 12 54 45 16 13 42 47 71 41 12 32 56 69 56 61 26 42 68 18 28 52 90 59 40 28 2 60 96 83 72 21 46 77 66 13 41 7 59 12 99 71 43 54 91 99 66 68 92 85 85 19 89 27 29 28 6 30 88 1 64 11 22 61 87 39 73 
28 45 32 91 44 54 33 49 44 83 15 11 74 99 48 44 87 74 72 67 79 54 6 31 69 68 4 82 54 42 54 33 87 37 75 82 90 8 82 85 90 48 48 16 47 95 59 85 20 83 3 50 88 60 32 8 27 36 89 33 77 95 65 15 31 40 96 73 99 30 57 88 77 4 55 75 50 14 60 21 48 14 70 35 74 2 94 100 37 83 32 65 29 49 80 
59 40 27 31 38 56 40 77 33 43 32 7 45 97 18 65 44 32 35 30 57 88 23 56 76 57 40 40 85 88 71 44 27 98 26 16 5 65 44 37 60 75 96 4 23 13 20 18 96 54 47 52 93 22 60 20 78 99 12 63 86 82 58 64 31 35 31 36 52 74 24 63 49 19 18 23 84 37 41 31 43 87 83 35 60 94 55 38 92 18 52 29 99 61 92 
30 47 74 17 98 47 40 60 95 11 29 70 94 66 10 24 8 48 58 94 8 51 100 97 42 17 100 22 16 60 65 97 58 38 13 8 85 4 67 31 14 96 100 7 13 9 83 20 9 40 65 16 91 65 64 84 81 63 58 48 74 22 96 31 60 60 38 44 64 57 26 29 4 26 36 16 86 70 87 46 9 51 13 51 67 76 87 100 38 44 47 11 17 95 94 
76 54 83 71 17 39 97 46 94 74 33 61 11 2 47 57 62 50 69 65 16 97 51 15 34 46 14 97 62 8 42 90 61 24 60 30 15 8 27 8 33 11 69 96 64 67 4 25 68 24 41 36 20 43 2 6 88 67 54 2 74 95 91 87 70 2 68 84 62 46 44 94 56 64 41 19 82 44 95 50 20 36 37 39 30 38 44 18 5 49 19 30 43 61 68 
13 62 35 48 23 80 91 69 87 54 9 57 36 5 4 37 24 91 73 62 20 62 58 37 66 58 7 48 53 19 15 65 81 50 64 55 81 55 23 20 60 84 76 47 40 31 35 63 21 7 76 41 69 85 29 86 43 88 33 95 6 48 11 38 49 74 93 81 80 67 52 92 2 80 90 41 10 25 3 31 83 31 23 3 15 3 89 9 90 73 55 48 20 65 85 
20 91 77 53 22 96 4 65 97 83 55 38 93 31 92 75 13 22 49 16 89 51 56 97 41 28 4 40 100 20 24 71 62 53 23 84 48 27 100 44 9 6 33 53 36 25 27 1 98 75 68 86 78 23 35 70 2 38 9 1 57 32 72 19 84 46 54 31 72 5 27 33 11 59 37 98 35 16 50 33 42 17 18 19 91 4 88 45 41 96 45 50 80 68 20 
15 14 25 98 37 29 24 21 91 34 58 89 69 73 90 53 14 59 70 85 49 74 24 45 66 20 42 67 51 9 86 65 74 10 62 63 39 37 83 29 23 92 69 91 64 11 43 30 69 64 66 69 89 89 14 55 60 55 21 10 15 59 27 89 68 40 3 58 77 85 87 99 29 7 41 92 17 35 73 37 98 90 6 39 79 19 45 90 25 17 100 39 75 78 79 
43 17 81 100 45 18 38 95 46 97 35 89 65 21 14 2 71 3 7 9 33 77 53 23 1 69 74 91 44 51 70 38 19 2 89 16 71 79 10 16 75 97 57 91 17 70 92 87 24 50 47 9 78 99 31 30 20 56 21 15 6 42 52 76 95 92 91 66 70 53 33 96 49 89 87 17 10 30 4 34 80 2 42 9 1 24 39 72 79 59 86 36 52 89 11 
46 80 54 11 2 6 44 49 6 84 87 22 94 17 25 79 48 79 72 56 79 95 94 2 25 4 87 60 55 75 22 1 6 27 63 59 32 6 8 37 90 94 11 35 10 87 13 9 65 36 17 95 82 10 96 6 66 82 17 20 8 90 72 66 17 35 24 100 92 31 89 81 25 99 67 86 85 79 47 50 14 63 44 47 24 40 52 89 73 20 9 33 10 32 98 
26 66 73 77 58 56 65 90 32 15 57 17 52 87 15 1 53 77 96 99 1 87 3 89 12 22 49 44 31 81 93 8 98 17 85 55 72 1 97 3 68 53 72 19 91 86 71 43 63 66 94 63 5 96 3 16 17 52 11 48 84 3 7 33 19 43 40 43 96 36 45 63 40 16 33 30 2 3 25 64 68 18 78 72 13 80 39 81 83 49 80 18 3 87 51 
74 29 42 16 24 77 60 38 68 28 70 97 29 72 73 44 92 42 73 15 6 4 54 87 39 54 66 56 57 4 58 30 33 99 45 8 27 56 98 94 83 19 43 63 91 15 58 34 9 30 48 14 34 53 100 72 7 66 79 63 21 89 44 53 39 40 13 66 95 62 59 30 80 53 44 22 20 2 55 28 31 55 41 64 7 41 87 65 58 66 79 78 54 22 83 
92 61 47 9 8 8 20 89 87 72 32 9 91 85 15 70 16 69 11 31 28 3 18 44 60 35 23 89 40 96 23 83 9 69 92 68 76 11 56 15 34 39 75 77 24 89 46 91 10 56 73 89 10 42 32 69 28 54 10 67 2 32 50 10 1 93 77 28 55 84 94 88 22 68 64 97 57 62 39 18 69 12 6 79 5 37 99 33 43 8 99 44 92 100 5 
44 92 81 71 46 64 65 86 37 84 1 86 92 62 24 9 31 87 14 61 92 3 59 24 97 19 74 92 10 26 96 5 17 76 75 15 91 91 100 27 75 100 12 66 14 88 27 44 74 92 4 17 94 14 40 42 32 66 33 93 91 28 97 59 55 24 25 45 66 76 24 40 76 87 58 41 74 84 84 100 27 39 16 73 4 8 14 88 25 99 80 15 26 29 25 
33 4 50 29 69 25 4 61 52 91 18 92 16 53 27 15 79 17 83 3 21 90 17 60 14 15 91 80 92 19 56 24 22 5 5 43 82 8 3 33 98 20 77 66 24 55 32 54 72 14 57 44 55 25 3 20 39 45 99 82 64 55 58 37 11 62 79 92 69 33 77 19 4 5 84 27 59 67 33 30 81 41 25 87 65 79 7 55 24 5 36 39 11 93 27 
74 54 6 17 75 90 93 93 94 49 28 72 8 46 4 89 26 44 14 13 8 44 19 62 67 75 50 5 38 42 32 11 48 89 27 22 30 72 66 23 20 45 95 79 90 98 68 16 94 81 80 53 24 50 15 43 76 16 99 65 57 82 75 56 22 54 77 52 77 94 74 48 38 68 27 28 18 94 95 11 26 74 63 1 75 29 43 2 44 94 67 53 75 93 8 
97 98 37 48 26 30 21 74 68 41 52 47 58 45 41 20 22 66 34 22 92 15 17 93 10 10 59 62 36 4 22 32 1 10 31 27 91 4 52 10 44 3 56 53 47 96 24 20 13 57 93 4 71 9 97 81 70 7 94 58 10 67 89 63 76 72 89 67 75 40 76 18 94 84 22 92 79 45 11 92 1 3 95 24 64 43 56 85 50 49 42 11 68 31 73 
43 2 61 61 28 52 89 45 45 72 66 36 50 62 46 93 14 1 40 37 64 34 44 48 83 93 90 94 60 72 18 54 25 79 15 52 82 3 48 79 26 65 14 75 26 12 20 91 64 11 28 27 44 71 26 27 15 67 72 26 90 89 32 66 19 98 69 53 52 16 31 77 32 96 3 57 59 22 100 22 84 27 100 28 49 78 6 16 44 29 93 86 69 24 51 
88 21 20 92 72 87 22 48 19 69 3 27 28 24 26 49 8 4 1 87 5 78 92 20 21 20 64 58 88 88 9 27 60 28 18 84 14 91 83 84 12 85 11 39 61 36 39 68 40 39 6 44 68 97 15 41 16 78 98 55 17 6 34 29 85 3 12 51 94 94 34 5 79 96 95 91 32 85 10 23 76 15 18 43 11 84 83 78 13 81 84 30 38 17 58 
23 20 21 25 65 66 58 21 96 6 15 86 37 51 95 11 26 9 80 69 71 63 51 48 75 83 84 56 21 100 65 43 71 85 67 35 51 76 55 46 81 21 84 69 72 78 31 49 87 10 17 9 24 20 57 51 2 92 6 22 91 23 64 14 7 82 48 9 10 55 7 42 27 90 63 50 67 93 99 5 55 15 14 78 34 22 80 88 13 86 9 55 8 25 68 
66 58 68 27 67 22 33 9 100 74 71 50 92 15 48 97 69 14 62 99 100 35 78 87 47 15 95 53 74 19 73 40 77 92 18 95 13 50 55 64 75 77 13 66 92 60 14 12 74 75 10 73 9 40 59 7 54 5 12 80 24 36 19 52 27 36 98 91 37 53 54 63 29 67 28 72 78 42 84 51 68 45 75 29 36 85 87 42 90 98 21 65 85 91 68 
11 78 65 53 14 17 7 28 98 25 55 21 2 48 56 53 68 1 79 48 88 64 34 29 53 84 49 17 68 91 84 31 68 100 83 33 17 89 60 66 13 67 86 15 66 42 19 33 94 97 80 81 60 66 62 64 49 62 80 68 53 15 98 20 15 81 5 83 21 64 100 34 30 85 100 96 78 70 80 23 66 12 56 78 77 69 41 25 30 73 92 34 87 90 6 
1 22 10 35 42 73 34 27 55 71 26 50 48 95 81 23 13 92 78 90 68 46 82 44 27 54 36 61 41 77 66 93 98 75 28 91 99 13 18 53 83 43 54 83 90 35 5 54 26 34 43 46 31 76 89 9 30 24 21 22 52 86 14 1 12 93 92 63 6 9 67 40 3 21 22 92 7 78 97 84 63 39 29 45 67 18 54 96 93 74 17 97 12 82 97 
75 75 88 37 32 96 4 71 99 76 45 42 82 74 39 65 37 29 46 81 95 63 86 42 7 60 10 3 23 92 52 97 18 39 86 49 87 41 71 37 16 67 30 97 41 68 13 77 49 58 9 95 72 95 89 31 54 98 33 76 89 84 24 6 75 9 6 61 49 77 97 16 43 26 64 83 46 77 11 46 86 20 92 58 14 80 40 19 78 72 46 18 8 69 76 
