199 48 11
66594 58088 8426 22874 82456 38320 51121 83358 59574 91828 12596 58874 71912 57562 62941 47258 55572 46113 31768 94827 65993 66908 10463 79185 30067 71230 45677 18899 58228 9724 68413 41173 67812 76839 80398 66619 15158 31518 49976 91083 23345 78923 49956 95257 52836 12896 42514 24759 
75360 90633 35938 41352 73892 46400 20536 20310 33981 66212 39208 92208 75936 7621 49732 60099 811 30129 26717 15968 61646 76692 7050 1343 71967 73357 12951 24802 86252 71816 65913 61611 78800 1850 19315 52692 48249 56202 73001 98581 38766 28561 90788 31053 36181 56871 91151 36991 
3351 17867 69310 81348 10910 92711 82690 82876 66067 11992 24030 68670 83807 89942 46632 62607 91791 65946 31650 56391 38500 21002 54971 77265 49562 62110 8317 2094 35332 99467 55436 38682 17333 24745 20029 44594 33807 19071 27470 99873 47414 67851 84894 31221 57792 31526 10179 65934 
97471 41828 22324 35970 79181 93646 13234 28743 72107 37902 30836 7438 37368 86272 46119 71052 27368 82499 15646 61175 17921 59467 77399 65335 27317 62293 12907 85108 93818 23085 51041 7640 81264 89716 59962 60444 99713 89547 5538 71819 27449 36374 79256 64816 38997 41726 52220 66364 
40576 67865 43890 74849 27331 21289 56535 54647 99933 69441 56106 10102 8877 23498 17741 6492 29565 94054 83287 29277 83601 88825 1095 11049 25198 96702 92216 64194 54779 44435 46909 95354 28651 90799 86554 72333 28439 43088 26979 28371 12528 99436 38472 37756 39285 72564 44247 68849 
82970 43886 98125 66570 32710 15571 93970 74259 28624 86185 54804 83402 46972 1712 95108 91974 92510 98013 64307 20948 41101 7637 65670 69980 7073 20493 7736 46357 9409 68334 31558 92378 12219 46034 58947 44928 61605 69268 35538 6580 71804 90341 6334 35127 92053 17793 27101 914 
15805 91407 38214 56905 15395 3883 26885 38819 40728 50972 85176 50136 35657 33085 42513 47876 79118 17811 9155 57074 87078 61045 63654 75233 51385 69987 10360 59789 87779 37460 60703 3583 45218 98916 76840 60612 19150 20076 99431 59877 71047 958 10012 23055 34042 68876 87282 13159 
86686 12789 86585 90115 73833 50238 65348 25217 36576 75707 85006 40706 29518 62060 60640 74735 60975 37479 51698 80124 73906 51128 40001 61304 68437 66364 84359 2478 35240 71640 31989 21925 84428 18573 28392 74612 85162 93739 99829 21737 85797 1186 78794 15314 63245 39433 90048 40571 
93264 41745 20694 67169 9225 77046 28473 77661 43410 29183 96491 95001 822 44831 16925 1602 63403 45316 76213 64916 55406 92393 86652 41202 9930 81797 56515 89526 37581 62914 30096 30844 21011 67142 14365 30235 44187 59189 24247 3948 88371 20737 98948 5544 65567 32225 23497 45321 
93892 16062 10236 49298 8454 13239 6851 34736 95035 63366 24261 32616 26279 54357 79811 63641 21498 94175 93875 82036 69715 18122 2336 58085 55210 17635 79981 37129 49859 3477 82449 43751 19538 9037 9400 44344 22275 16250 79079 33662 95967 3339 82629 22246 74047 62439 2238 11896 
72966 96113 93932 42680 30586 96267 17117 2147 13901 97097 39275 80112 16925 38076 40214 52815 47112 49613 13510 85738 65862 8940 19399 61829 28630 2027 426 2677 80818 2663 14572 53783 15127 24855 96462 62064 21121 29930 64211 51374 27026 3485 47837 60303 41560 88050 13117 88671 
37662 42978 74409 19875 51917 10159 98055 80546 28538 14832 83222 9355 33847 14146 63137 48973 39000 75950 27389 76473 5880 91599 27846 49257 95083 75682 25911 36643 80083 55379 41665 17744 98356 32425 53970 50272 42584 52025 30818 87473 83208 30391 96827 17054 44536 59963 82379 83536 
52264 9767 60008 58143 1365 4205 23752 12799 96238 49662 65793 76320 5041 23810 10415 19748 56234 64384 70020 15169 32760 17189 2641 15968 47579 99467 49373 8467 75781 48103 8354 44397 57869 68361 2539 75585 88917 42642 4736 85154 8656 70528 77825 13696 94337 88239 49795 66923 
68974 19814 98443 1734 53354 1084 34053 933 16902 83425 25751 9035 31528 34104 53431 5748 2464 72321 97685 7732 14963 2420 9237 39970 72947 87061 70017 83636 91651 19811 50558 60624 55977 65352 78709 9330 66435 12761 10262 99689 12538 52364 25075 60417 86467 78505 82516 5282 
67177 80200 13013 98491 82619 22249 38460 71918 25661 8476 71905 33663 28287 38814 94287 84263 4165 89347 93592 86952 18460 20206 86640 30997 88921 11714 91413 75388 6570 73928 80669 73746 70480 10034 88589 69450 32282 27048 41367 74295 35524 13271 7957 80162 68436 18595 80776 72601 
24294 90719 59552 42753 27276 46191 73749 16197 74256 81513 91584 97177 71792 72252 87274 42271 82285 75862 11721 30919 2910 69439 21565 54785 99062 45873 51298 67497 80820 32073 40097 5113 22791 16000 47865 66419 78542 21613 82615 52797 19477 74198 66325 91268 62801 53599 49891 61438 
29460 77963 8708 48721 47401 46624 3505 46462 92496 54802 30311 73315 3226 86759 78427 42369 2759 26291 8787 81300 64255 91401 50449 83 81950 33125 7703 61102 86723 57593 38891 32535 35555 47598 81255 99307 94221 1112 62121 3069 72265 92431 76383 75491 95541 71162 17859 98299 
13804 26645 95951 94411 34397 62751 94493 16346 95875 2195 77447 98950 76139 32690 31484 11693 80287 29090 27352 90860 46553 89472 93928 18818 98254 86662 94308 93794 57823 28518 8445 71627 55162 20747 82389 5910 83497 76881 22255 95723 95428 16053 11024 71566 48742 58859 99611 45381 
87949 26962 36240 34501 32785 46519 53318 31038 33180 63977 24831 7355 92494 49627 95333 64007 70373 77721 69916 70221 54601 8522 65944 66380 40927 76967 37946 89668 35826 53908 51400 40126 80869 3991 90978 13653 50509 60648 61042 41 24624 85872 7395 33470 35499 2727 13828 22223 
80447 83744 92444 51399 92265 74739 34131 49543 51705 72076 39211 3882 42335 6962 44007 39555 10953 51337 69559 61461 11984 30600 61501 52959 32823 85247 86428 84673 87973 256 6896 84771 351 99339 52522 8967 74077 86652 58510 42133 75079 14072 62367 17413 21033 6373 56967 31985 
74061 26525 9798 86044 73476 87650 39003 6298 72897 41782 90971 77221 58389 97866 61992 58739 13556 14513 84058 3984 17516 42567 46116 92594 56638 8482 26358 94022 31207 99676 26007 5267 42552 52156 7663 16027 39805 63017 22324 12701 4798 29646 89922 79539 27511 68265 54629 57418 
99129 38686 61401 16644 81252 23869 9237 54241 48702 51946 48263 79908 51621 90621 1527 94172 42776 9189 10198 82580 88557 48873 95281 93354 78519 1554 89244 22381 69818 43873 79799 68946 82558 57551 1941 80162 81419 27529 34402 30121 79474 82664 26380 31094 89636 27906 41617 32411 
53446 51814 14991 58354 17038 26623 68060 95556 44528 57303 34289 30697 1175 30439 99642 83733 87989 17934 63894 85760 45462 14647 15880 24935 13663 58611 72380 3298 2869 13996 35709 72666 65809 50699 31020 99198 93673 99079 94754 38200 56381 45394 68896 57556 75832 84889 57640 63820 
2822 37885 49579 48283 52531 81810 89569 66193 40421 61948 69491 43289 75943 5199 15954 58103 72249 46973 57300 82273 46051 68405 36824 18784 13798 5719 92691 89629 6959 50330 69801 26132 4566 35731 90766 57096 17541 80334 39641 57961 58633 9131 17601 34575 30681 49906 9029 19281 
13231 66328 1553 75633 51085 38376 94416 64882 60446 87106 70863 83756 53787 57015 26239 58352 92745 17004 15448 10285 13689 55088 84597 72321 80570 18549 23247 27602 68455 48627 46882 81685 31306 64786 57317 82390 19513 51733 63624 96310 55190 50838 80065 8977 7852 6303 83680 596 
39658 15479 10881 53346 86918 11829 42018 67487 30378 81616 95088 98832 30242 58321 96868 61547 23106 54184 43937 42618 22268 7560 38927 93810 74749 35343 19138 82600 57997 2817 83195 97654 18296 10427 67351 21565 22256 9368 5404 52633 90983 16843 67816 21224 75164 81035 82771 14621 
51570 43059 73591 90190 66970 12517 83999 41718 64212 19488 24317 22208 22304 7511 36214 56951 34290 3564 78516 56545 29284 83919 25529 36618 17113 9696 57842 92276 90730 56964 6897 58651 22 80487 48840 83343 9355 32838 25060 89918 52325 49376 28478 90981 73238 64691 64283 7527 
84606 59150 80423 30241 59420 5951 66859 76533 31998 41052 68808 22727 98015 92056 81378 14388 88894 46569 97730 98249 95759 22789 4518 48083 88516 32995 55415 61753 14037 19698 85632 14995 78847 66054 45235 38267 72005 12093 14799 20354 69496 99958 43081 67510 92014 40810 98249 80907 
87378 95978 95507 83136 35118 25 47571 23633 49371 19337 1738 63408 55386 87369 94754 34233 69774 39988 88851 58130 68433 20001 78484 37928 36310 37916 21790 44675 78725 36390 41934 82454 32368 37440 81942 83837 53816 45864 23822 19539 65200 41911 99298 20586 29279 94051 71170 15404 
50390 76372 73534 35174 12724 52017 89454 49033 89932 11243 93708 85008 47632 35641 83813 96351 89432 65754 96540 43248 27969 20361 79138 9521 62271 78435 46458 7901 72485 33979 23304 39226 10350 13189 74400 23073 65205 63853 88457 71488 91447 82164 56495 55430 34156 40308 68133 23588 
22413 64672 83187 66734 85032 62324 76254 63654 40758 39063 71554 29594 73041 11209 68819 99742 24398 59570 39166 5954 23422 27622 77442 31220 26138 33936 86650 60293 90595 54782 83880 29360 19453 83418 96093 20836 45741 88698 84489 2850 27760 72394 48795 800 99954 33966 16893 24351 
93535 56058 46657 33309 83679 24098 64528 26168 74385 51177 86461 81332 5958 86692 10691 41762 86462 6783 62597 48554 11832 63437 51404 39591 52182 16550 56742 52136 50515 73634 92838 60402 29691 39494 93710 29721 63591 58237 55889 54328 25766 58701 35659 48075 61744 46349 89837 48205 
69483 68785 96759 81314 32222 64514 37256 84403 81063 93997 36538 47930 83982 45728 8331 30024 85221 18392 76096 65164 92980 48336 19491 18745 7036 55149 66820 68780 17849 56656 33336 87331 25440 30094 84996 74013 10959 22251 74768 92022 32599 27657 56303 32932 73384 80985 62955 58605 
99376 55402 40120 92355 3738 59610 27452 10773 31110 94271 95904 48958 67278 29240 36288 9069 75685 37635 83082 86644 76237 57849 95017 25187 1857 51319 58118 75241 32303 37424 50197 48030 92825 90316 56736 96562 49925 84187 23687 81034 78457 35942 29991 45734 81533 82630 71155 57218 
36616 54236 60213 12852 28436 55229 38038 46644 22899 12507 21884 71553 66282 72080 35934 75458 62395 92669 88372 28671 76856 12058 9704 71664 47999 56046 33750 29532 55027 4904 3101 91642 75491 79665 4493 20278 51245 58882 66921 90495 87740 88805 62047 70373 77236 97980 45831 39631 
7000 34202 68301 83855 62611 94357 71871 10609 66754 5620 56492 21781 26875 75944 13422 2365 71960 34267 38994 23204 9500 5914 13698 97240 11070 92096 67612 88306 6427 29794 44288 13427 63995 28940 13633 26605 39648 85503 53566 6402 7474 26409 28182 34348 18705 41603 53064 90664 
92221 92057 13868 1721 14323 43917 15312 25392 36013 99275 30049 58791 29069 90688 72217 93063 19628 2202 36020 59275 4056 89585 82028 11530 32345 10209 62229 51049 68164 31645 58065 60384 40053 71932 78456 54375 32200 93767 96119 84564 93042 42519 43355 38462 33207 15571 31524 69186 
34124 67543 28460 38180 73479 10488 66061 5824 37048 28289 73224 5211 76285 31288 81947 16338 19571 76754 87064 51771 86873 83182 36334 96266 25701 96040 34727 58907 11611 66250 44444 62086 50145 72903 265 39975 99742 66325 62150 53142 10966 35374 74704 87250 83013 73002 19939 2584 
49756 7003 70706 36628 90184 7039 32893 32236 3079 67619 7494 31041 50220 51937 93126 16716 41192 9743 56691 57285 76067 18840 10426 3384 70565 1482 6986 53578 74483 26924 72513 24238 33926 43218 60865 40462 66608 10109 72697 86038 77727 80191 17078 44299 48479 26556 61014 89670 
52650 34056 46955 28716 69248 73732 48452 56164 75213 55437 9741 49696 82360 98605 90285 16286 41822 51150 56747 8430 77610 45795 94467 71689 42337 27897 15987 90816 70804 93352 80485 23453 43760 43791 68520 13007 33875 16971 69170 9087 72407 95263 75134 54767 93867 65419 87404 52041 
32920 60502 60470 10529 6296 71288 82217 48633 15536 14555 39448 86339 24259 36284 26143 68018 96427 94663 81024 30301 11633 66545 55739 392 78159 30873 71510 88378 12643 58913 40418 61914 19414 887 72442 42061 88526 71011 7045 4062 1917 62844 90400 26175 99128 16543 94192 95554 
27557 91567 42206 55541 58112 97944 55932 52622 45168 27441 40999 57810 86353 81416 19723 22118 98654 8517 80531 87180 95879 87575 7593 14147 50419 14344 40322 65898 30886 50865 77803 74794 42432 20008 30335 16895 17951 86266 69516 63119 30059 26867 20928 32763 8282 57003 54881 23288 
81871 51763 10467 77749 39337 18059 91895 6107 32402 48568 72004 79640 15785 49806 70785 58216 69813 1119 91462 4116 3737 77329 67234 33795 4195 4513 66557 28829 77867 37789 52116 59737 89551 62582 53837 45240 96992 62084 51346 45745 27003 39702 41736 42787 89507 12521 17354 75672 
29991 8815 79787 50079 2496 63372 83873 6690 67884 66782 35518 62103 4570 87633 21839 10473 66566 92028 55712 79909 54111 23409 42006 81113 63110 83741 23900 68969 12613 57605 60992 58956 66420 57130 9034 68915 20501 92907 91956 4736 76040 27474 66838 80609 31458 5029 7433 14376 
97056 79496 10636 67518 2905 52641 64982 82366 52734 5233 51334 65346 62838 28677 40653 45609 85806 49687 14523 22658 58945 6478 27394 34984 50303 10583 31944 98113 31963 55729 28840 45370 35224 39475 12887 38128 92116 94221 20494 44849 99453 88179 26546 78642 16856 83551 24250 2661 
33237 55124 25319 8533 61602 69064 43516 28256 95998 91811 42720 27961 47539 71559 89682 82763 11034 18921 37242 19501 13141 57735 80701 28945 62266 23598 7587 79121 7148 48188 98133 56736 3312 39803 65268 81265 25218 25135 9520 21216 16946 52240 65528 80836 23798 55209 79950 51183 
74129 17192 70683 3621 91278 51383 48918 53543 74981 56504 49015 98480 21043 47148 55216 24354 3302 20483 5618 28520 45618 31490 49735 78915 83729 31614 76102 23878 3174 56052 91413 77303 89595 78447 97275 97224 29830 46192 50767 21162 19047 16133 19641 40090 79632 74856 80795 82934 
11691 86413 11453 57308 17902 61187 52574 17982 9152 28675 58211 12325 84726 65975 5979 90672 44422 3254 87896 90603 65797 55014 11764 84844 71146 47756 41285 50778 38964 22079 33711 50654 24843 61515 7961 59096 39053 60534 93429 48204 89208 67992 60528 90286 33966 66507 80957 94739 
86112 85204 85341 51908 40217 13456 53103 27715 61212 10739 78492 175 49170 28554 67180 90364 90068 75140 49460 29120 52025 59240 93675 57584 27231 54202 64221 77549 37060 61530 72287 23171 46733 57628 91431 86950 71083 60885 31016 48646 71624 9507 65172 37145 54412 32351 27508 60831 
23842 93319 6302 92218 52559 99976 49802 79789 70529 30374 73689 7589 91903 45976 47111 54988 19955 54893 58289 7389 15778 89304 56035 3753 15162 21206 57249 69573 69909 84756 46755 93750 78075 53056 85968 46985 69383 52121 26773 39911 82494 16814 63851 90749 62789 10962 45736 99095 
82206 4024 6483 14335 93327 78869 34439 8488 16427 91687 94412 86335 92795 41166 80084 70869 10573 66051 17853 79955 34523 60977 19865 17017 94142 68 24117 56930 11029 69852 72376 9586 90227 78859 23921 99905 74079 58359 8392 90505 66398 19155 76839 59192 76672 56923 46412 87244 
39325 80616 67198 73848 41592 3414 7216 35734 3481 47684 9015 30861 17535 97743 40447 24113 92953 80719 24017 67031 55429 32408 57536 21826 67914 50726 97369 44585 7648 43780 31828 63325 24395 15377 53524 82339 35142 77091 34424 38623 24774 59790 85835 58660 57532 42633 82772 50484 
23351 6788 17515 95132 55547 91402 33309 23460 42127 30678 84396 66127 74457 32575 45803 15204 47951 99326 97542 99444 92768 31965 38066 17541 91754 40253 92552 49286 82885 75323 16121 22588 98462 33635 34071 70360 41388 67379 10171 83515 98056 94566 65993 72513 27140 11795 87716 91442 
27472 1609 90885 20239 33573 45303 54131 41678 1907 46682 90963 84791 38356 23436 23730 36817 73422 57800 7176 14810 25179 17346 14676 23234 11911 80668 12098 55402 8814 16165 63195 36285 17773 54079 56523 51345 15733 27005 9375 17639 73686 337 18782 12041 40124 58863 48857 13546 
16663 72384 28355 58193 89729 59382 97778 17991 56401 26228 89744 65214 42392 52938 17850 60165 23368 90724 27861 55453 17728 37235 73091 91413 53924 8224 3453 94047 67087 68661 7592 101 57396 52298 74645 47124 11679 88774 81466 68079 15001 87561 49644 57393 56850 67493 33909 80217 
58216 61769 52021 75943 15356 41464 67355 85631 49687 87159 96029 33125 72171 19973 49577 29566 72270 24221 93041 301 12995 90858 84731 44347 78418 34375 1739 35267 1867 35647 31836 60083 13768 83856 52377 45475 25319 19732 31105 91358 23242 27133 24482 95413 63457 90411 41330 35727 
30983 34371 52379 60329 25228 37109 4676 3646 71483 6414 55264 73350 58413 87099 49784 72180 87307 2160 34006 12625 38243 65110 3982 77837 8594 44816 89601 72051 35226 30930 24129 66208 81652 76507 26537 6880 13615 31212 26877 1450 53977 98492 91151 12389 85591 57286 920 72897 
75797 34925 1873 30392 16386 5855 8228 41332 50670 14180 29734 2247 61461 70214 68454 43113 63072 11342 66344 93038 42553 9572 94487 96530 8063 85637 25270 10005 42922 42542 99253 35071 77466 1126 65462 10204 23332 73689 67887 90353 87868 97620 92599 49328 84185 61052 8792 47256 
88746 75135 40293 31298 84706 34780 44179 9121 36768 85801 19125 96042 28342 18378 31112 22159 35855 96573 32362 59186 86613 16600 49538 90832 30571 58488 56511 14755 35891 65303 62010 24636 56789 2303 55934 57847 53434 16464 66967 90201 2264 2443 86242 46957 37172 33705 69116 73026 
30277 17829 48563 33241 34429 98100 24072 64999 72939 80583 79754 8830 45885 58115 33465 19025 60417 5750 76871 13850 22214 60189 20403 40829 62632 22996 87786 99803 56701 73253 89181 3329 91081 37743 36570 25509 52195 60641 6860 25133 57575 86613 33962 19811 61079 83779 38836 21496 
89528 15706 51697 28093 75895 72099 68922 54878 95095 73059 71032 68147 46311 60212 71475 37391 14307 8044 79252 66501 85037 86111 7985 42611 89075 58299 62422 50153 42077 17609 88000 31604 33314 39697 76049 25560 11795 44970 80437 23241 34380 51469 91387 97042 28032 79214 34432 42338 
87257 30035 25190 88645 16145 49527 47608 21571 7825 26381 71724 66253 43989 76075 14208 93654 15771 90256 35566 43918 51577 32354 83510 85956 174 74897 82997 28206 54110 33781 86895 57718 63815 28437 62715 96312 77963 10322 17882 2139 53054 5957 68391 13394 82032 82598 23399 14154 
72854 58964 58071 40782 91318 41581 43090 7843 32829 26086 52400 3290 76218 39295 77359 56385 84083 40073 52696 62045 66746 86929 64183 36151 9238 48925 49544 91269 31522 72943 5422 20727 31906 79845 77861 39575 21425 20950 63770 70605 63387 16169 73894 39605 71815 51252 12341 55897 
7677 65036 34293 90774 68316 98475 26925 77553 63751 76468 68821 11625 49410 90595 48703 97668 70439 26563 53594 8215 47512 17363 95171 10899 33532 69064 66855 21698 36667 79195 77595 44343 60582 11887 35117 28897 26714 78393 22802 90464 54860 91622 18440 20622 98568 67143 34641 85358 
93705 88234 93572 57569 21949 5094 84819 55480 74157 68025 93529 27176 63571 71123 87870 24152 99362 39338 69400 26075 17730 92201 32890 72590 175 67682 9563 98742 34824 44203 452 44880 32436 10375 2448 54384 15469 3618 26215 89625 71642 19744 33152 35212 7218 21022 75715 6579 
60359 45115 49005 78089 53667 98247 67030 53841 65928 76592 68935 17103 20794 69386 61982 69581 79760 80782 23965 95228 751 66531 1205 72393 2626 34356 23956 9844 71729 99671 32774 32088 61137 81779 26528 14803 96377 9909 84996 78656 86500 70282 95758 23645 39667 74091 93225 35778 
71224 33541 47358 71975 72 64914 44367 2697 15621 84674 28892 87350 696 61666 35789 61832 59796 62316 92987 56172 72224 94334 51179 75075 64615 63288 98719 4281 37378 91943 56410 24954 41836 3767 96928 41907 68680 57646 60955 653 42319 89847 88002 43015 67864 23790 21198 27659 
2457 30536 182 74680 24869 67712 66106 89483 30999 64824 10115 84728 73118 66525 9681 14953 86643 6608 73211 71675 64253 34166 72327 22924 40364 76680 82290 8227 469 19839 52237 2925 50375 68770 93956 75243 36481 60061 81078 67479 41236 91192 52206 14353 74068 78239 29306 77063 
84846 2516 65089 65451 53033 37415 88374 9748 14094 87015 17974 30914 6853 86562 50190 57227 71683 44145 48822 8163 20557 29899 91993 61792 37442 60551 76144 11510 38789 21801 4924 39986 40669 70012 5436 93701 23778 10161 3449 54223 97175 37774 85136 20380 40688 35325 77606 12370 
95821 26427 36885 16377 72677 45229 78168 10119 22131 70663 37980 60919 92464 42903 17257 33132 12914 22692 43184 53043 49205 62984 7265 46379 17110 8752 83110 74149 44076 60716 2870 56248 3494 56106 72624 76171 1335 50791 86289 23465 21453 24268 736 30268 83522 17992 79751 12787 
40683 22935 65829 6239 2270 73093 68970 35731 81844 52079 9879 42271 12794 29101 98518 32640 85206 87493 8810 86540 38283 11450 26357 76087 52069 27092 22707 35590 45083 2457 48376 2117 41743 30556 8356 44013 20000 77325 96095 18195 45755 5974 60465 58549 51426 75334 7540 36631 
62826 32701 39523 17460 44150 65879 9898 12570 92970 32604 48159 54404 35061 12886 72872 76803 59793 97579 37167 79792 91255 33262 97986 37010 55587 74802 11910 7012 66487 19449 59994 29312 52149 99516 63123 12650 65394 89372 25219 74715 21976 89729 29118 73388 2614 18342 50190 62406 
15920 3709 58549 23527 36970 56534 60536 8908 31335 72445 32271 97821 8245 92264 43484 76745 91780 22958 89394 57173 12329 14612 48240 50656 4340 93709 24043 23305 12050 74233 2062 44322 94293 60610 67848 31262 33495 28383 56521 81181 17179 88791 95353 41775 81054 55188 18519 72833 
78145 24264 46358 6825 38875 94597 57481 59566 88305 81523 99222 16707 72107 17635 61028 66399 94596 28875 14012 28090 73609 70532 25622 7139 59322 20974 48913 56728 76161 83783 45912 70657 8046 92269 77481 63272 3217 51313 39189 7874 32836 54762 24580 4942 72396 85607 87693 83343 
30833 18056 27784 20793 88588 53405 27931 64261 90730 93195 20988 83242 76977 66900 53898 1374 75520 47730 64645 78737 99043 3833 86610 31878 74946 27541 53171 47341 13147 57215 47035 60331 75271 74818 81123 80210 44574 25405 44470 35303 18599 81810 18544 95575 65061 88793 96948 56932 
36522 77944 35668 35564 98128 38629 83793 73073 66169 53316 36765 95667 26882 83799 72349 2152 58616 53471 82361 3189 78875 43183 54843 13825 41344 73386 9399 6404 62178 22698 63335 15051 641 15355 66967 15120 70335 50759 88192 36504 20426 24956 48522 47308 25106 20871 65811 73 
90693 48172 19613 85920 91354 74455 99744 32697 64192 25495 55452 26369 48192 35138 41420 65185 50492 8386 96656 20827 75496 84848 73682 12274 26155 38555 59581 67613 75777 25391 67685 66470 89914 87298 68741 97619 78104 68484 46667 42296 10330 18470 68664 74874 53608 26435 40058 20451 
51172 36713 57629 43020 37912 31310 55293 80419 86217 31225 48031 61993 72967 32067 44814 62881 35716 29906 76851 13820 98390 39870 56115 25071 58339 41130 99944 11946 83917 56353 32397 35088 9418 90025 94459 47329 37687 49751 44099 23903 97327 8481 2247 70294 40548 63413 49526 76263 
93318 42728 6434 8059 82597 62548 33130 40936 20030 33073 52881 3946 89426 1629 55385 98843 8006 49844 62523 45692 15946 6622 85946 13273 15102 4544 99918 72001 67956 49443 64616 61274 92170 71049 69332 91119 33597 2461 32054 69978 51886 1286 73923 41311 19267 29307 56505 27272 
79150 19027 72963 95096 25648 75260 8368 57102 79803 24637 45454 47759 74079 10069 25384 82600 81118 94715 73718 31066 13528 22123 1043 81765 23409 74965 23075 42675 4271 79579 86298 99773 14957 75612 11220 56957 50871 35939 30410 47025 60575 75863 11135 51005 85932 36518 33604 67049 
47585 23674 14466 61112 45796 15508 42876 85556 6824 82302 44582 27446 78232 30879 27218 93188 6490 38437 66496 73712 74375 96905 20737 51301 72768 31871 2305 58699 68389 35909 42099 15973 75934 56564 93436 38081 88423 52663 23637 95246 51316 84570 22691 29547 15449 66261 39086 38290 
4697 5582 12002 95424 18838 32738 63076 91605 64608 65381 50303 49348 17641 8753 81672 93574 65316 75107 48006 70090 44121 87994 65335 95436 72564 88026 41334 4364 54286 80420 42653 75334 2353 54654 87109 21190 3743 50185 29147 84703 15565 79449 34050 49557 4554 15722 43130 86221 
7180 91135 56311 51301 79129 21645 63088 68044 26022 4422 72407 96659 1193 15059 71993 19897 86065 75453 41086 89807 25637 70232 90861 57553 66033 24911 7109 86938 56984 66590 73158 80515 74077 29468 48167 69557 67465 11255 37600 93486 32028 10006 90145 33220 41416 78489 53116 43832 
53941 10553 49991 95930 97137 40851 69834 79521 82113 93295 66458 55448 59884 39615 35963 50312 85435 481 19868 69251 11735 57467 62736 43762 83824 69232 93333 41592 47720 62800 85423 18013 73353 35413 13942 70489 76264 127 66361 74728 93421 32818 30176 53305 88784 82490 19968 90570 
82970 39836 59820 11057 13654 38908 71170 13830 8139 64503 55421 72211 27302 40843 90223 17006 92608 20516 3846 85223 20642 70206 59950 14063 3023 6477 83719 8159 88966 3686 98728 88288 59873 58548 99344 73527 13807 70513 87356 21945 51367 42776 94155 78669 99970 729 12026 92577 
21244 15872 94151 58238 86077 54101 72300 89100 60577 72370 13610 65895 76055 12337 54182 35928 87236 53525 25806 1042 40389 13161 39339 91756 72288 33493 86776 88609 50574 98801 97538 71817 14672 91688 30054 749 45788 18705 6200 22717 91074 36161 88611 67129 48497 59144 19408 52085 
29020 45213 53126 69408 74725 92464 77515 63364 42309 80642 51972 92882 95795 49509 81050 10466 41197 27456 27566 3336 46160 50117 42404 37234 86277 47366 20714 51126 6509 40121 3210 51880 1685 72687 37640 92761 81503 15154 56124 40163 12148 24447 33044 7942 73956 30445 34759 31504 
57900 62325 51191 4060 28793 93595 57645 31422 57312 78358 82547 80173 34830 2108 32052 52866 74794 69691 45626 72648 1197 1749 12810 13344 26195 62205 21285 16502 92650 56043 64357 50549 34719 31900 70960 63512 25494 28604 11285 99157 23313 93831 79329 58142 12290 11381 27359 3435 
81071 72984 76083 82267 91084 88892 11962 33631 51097 33246 66484 43746 89289 30841 10646 40359 62740 81606 20222 4585 26561 31506 3741 49874 41688 83070 24367 53977 10802 68078 73764 91872 41061 49846 90491 48497 38737 2452 82127 6185 52050 48610 66282 57690 95802 76928 98048 58541 
74885 18270 79477 1445 66127 83218 67670 7815 82639 8389 78143 93440 76466 51906 1663 33878 18103 8505 82374 56840 27309 64500 79376 79358 29462 45658 37047 25263 38937 51446 156 13821 86067 79632 31617 52194 79201 15639 76360 61839 40379 70854 71630 16844 22760 73293 50721 40862 
98149 49447 14053 25457 13946 9781 21166 59759 55438 58212 85022 10726 26010 85177 40898 12076 81160 88866 80621 60361 4504 56980 38551 61234 27834 10181 78077 66945 99825 45150 24158 97973 94596 54563 39782 24893 64343 60947 1004 36132 35511 86025 46857 61520 87553 4106 89947 85064 
92971 70568 45424 13827 43899 327 75060 88084 10507 69489 55028 26683 14638 79186 41007 25585 33748 80788 66829 14442 58087 67832 50573 93597 70208 13781 55116 74112 17886 61414 75528 10856 31981 20951 24682 75880 21277 16094 63963 48135 85582 35343 74817 16571 30880 15824 42155 80979 
12963 25335 95420 71049 9519 45992 64645 96078 59772 36112 70190 77657 97526 45717 4864 45858 83019 45898 38089 20648 61991 2052 85134 47572 53746 59951 80494 84625 92126 39000 65603 5088 64334 77374 92489 73852 23365 73485 69930 99488 9597 56471 93496 23474 18539 14711 69331 17909 
60608 7420 38556 22598 25823 23690 86521 95920 99992 67014 80544 92117 6013 62498 13556 86699 39871 22396 76902 79587 95881 63183 79074 21829 19653 88921 45302 54543 3631 30984 72452 80591 54755 11007 3188 96929 51048 6061 92848 51039 89426 89743 59507 11791 52240 89415 98489 92110 
11810 75390 71696 7690 38573 67121 29518 74577 72393 91171 45472 76024 38507 17923 56614 93261 45281 76153 6542 96329 98565 99389 63719 87991 89132 23226 99781 57723 12640 14621 49833 40801 6362 37880 48491 61286 5001 94360 35863 77393 1883 81334 69768 40389 15608 42733 33649 60888 
35238 56542 73568 50154 55931 37287 38144 61414 76864 54276 19136 5855 85248 85320 46655 91610 23200 11497 52895 44552 22209 5109 38296 24091 2794 8064 64479 18401 67148 14479 95641 18737 71021 69208 68891 43303 22846 23386 4716 99709 94014 40203 21915 79261 25523 68570 70870 48722 
96418 23765 93273 18626 45225 31568 42716 48019 55983 23546 66419 39483 54377 78411 58219 25397 63971 27109 85051 86816 66847 89766 2877 60860 46320 24791 40120 71842 9712 10990 36915 6130 51106 30187 24755 12682 78107 83823 60700 50441 23720 43471 89923 78096 21881 48142 19844 85851 
91602 4894 89019 58448 94659 91895 19307 57331 16685 59427 29172 26397 86768 66087 32526 54225 12625 73632 66906 90731 73806 43958 41172 97526 87428 47446 91973 25660 95587 11817 11511 87189 16710 529 61988 27721 92423 81295 85051 25459 57073 30574 68207 43840 96660 17084 14416 25637 
90716 97673 32719 80873 41630 90242 94750 29057 37688 86723 54717 33274 98539 82579 36814 15248 99459 98802 59320 8233 96448 44370 33691 53520 74944 1898 13711 87955 18981 28126 13591 26048 42150 46310 23273 83780 52903 18022 29188 90590 21096 256 40216 19634 99186 93381 51234 98644 
92182 10553 6876 4981 71275 56919 58500 62570 75168 72210 50524 10500 16687 80467 52900 58837 43128 76172 58968 96030 10545 4507 86620 31641 4763 43187 51274 3948 36567 18859 2592 45101 45764 25819 50081 17038 82737 8581 95959 74256 97142 46482 84756 30181 43300 37655 89017 86427 
13826 64336 82457 24370 68842 85428 72362 89956 44966 23636 93904 81532 58846 12847 42984 4609 55017 93065 37998 37754 17997 33956 28361 31490 96790 13116 61670 40089 50770 67038 26516 80947 31373 25324 21669 16567 27103 94030 6522 72068 34017 16777 69951 92863 29623 12935 13823 84640 
5999 51821 38745 40347 2128 67105 71836 98917 80221 33506 55358 47342 543 98225 28289 48268 23548 49957 64834 67002 43986 87707 39069 78003 4484 9019 87217 34106 21953 1039 35097 44303 69211 90193 84649 71339 57298 72837 86607 53870 6342 41964 17563 23236 40188 45851 87855 80087 
12159 69040 47088 72497 56747 2508 66851 77582 11527 54067 28039 49831 71457 63136 94134 40668 69680 95134 12006 43329 67970 14964 97198 90663 73280 31113 13899 29819 93315 18105 9906 5474 87145 73345 94322 60243 75853 61172 54176 3731 31590 82214 53561 3046 61701 47694 43713 31381 
42828 72070 74709 10797 3386 88259 1460 76665 19371 31710 6483 12685 49814 32740 34510 53310 6085 28831 29904 98289 6354 84079 2019 37943 66293 55579 57341 44345 3273 1053 75725 46100 89475 66786 73248 92860 55044 91059 69524 90766 22768 92358 3450 88934 25098 54312 42243 31182 
99494 88499 45822 5848 88929 47840 60142 71573 3418 17482 15918 23042 18535 91642 85493 24361 58427 58741 17220 29822 49799 3095 20587 88919 95452 40389 77852 20549 94700 36446 68082 10545 24944 13903 16392 13873 61742 76534 1797 81512 94015 17714 4553 28901 25708 90046 53261 486 
65138 86832 30308 31288 89926 50894 20206 85378 7634 14409 22278 18685 50855 90360 29230 92150 4262 45621 22374 82356 38506 24171 80219 32521 41884 84771 77773 67591 91168 31034 68077 72657 17865 14736 20297 24143 65629 40502 9520 89615 71263 48149 8299 22117 38508 37528 14266 59122 
99501 36640 57829 38006 60810 38047 86878 19045 39169 64651 86636 46689 12036 71064 35697 46252 85799 55993 70394 67779 12847 96265 57393 84109 44414 82044 6225 99273 35923 36842 58394 51775 73481 32574 6133 50642 70620 93010 86039 26141 74012 89026 72829 86047 60089 8525 32299 62239 
64518 2692 30017 77364 15309 3762 61472 59722 2157 84048 58994 54431 20889 33740 6206 10722 66313 12338 77715 36933 21699 63753 79425 95711 52778 52253 98109 29218 77129 46759 91456 57998 49451 37825 51713 81111 57938 29536 40832 76446 13583 16177 30876 50824 49916 53433 77897 16229 
65770 55611 69513 3821 19364 48937 15883 88493 17541 13991 17711 94669 60750 25518 69019 26552 79694 37083 7662 37631 66619 64845 14076 96553 81021 61304 63728 30937 14736 41624 63517 96858 97235 33029 678 32950 81965 16560 21442 99505 46902 55504 10525 24003 97374 95895 66906 77067 
32978 90919 14698 99596 55763 45125 12500 53136 22780 76228 424 37516 17851 63940 34373 31437 96968 51402 64386 95284 84313 2180 11140 47566 57683 21664 71569 55056 33911 54826 48475 66888 45745 79524 82835 17859 41000 11686 87346 63780 87913 87769 17647 22116 51708 68371 53552 65027 
19772 17938 60310 20436 20117 71449 68001 94151 9465 55921 65559 43375 10747 14033 26614 72843 9908 25800 7053 50907 37485 10751 14686 41750 98519 32332 63865 66579 702 17416 31605 36825 51705 91915 57260 88173 63363 25261 98676 72827 97533 80586 32553 24631 10970 59166 13825 20877 
84965 20878 71783 38802 31628 2821 80551 46498 35152 44415 13076 35854 78182 44681 89030 46239 52947 46290 34411 16309 87902 49438 5488 85434 30023 54392 10065 40992 29910 23889 78220 14874 61118 50003 70027 9097 52823 50577 55595 4326 94991 85022 56531 89525 29702 45561 35763 99000 
91850 86525 31661 79751 35963 53500 81536 65985 7891 7952 23329 37800 48193 1548 69026 9310 67902 39052 34759 20724 89629 90353 25050 971 91726 81580 6847 21428 43492 42609 36779 35341 29134 68439 31443 81448 21938 12979 47432 29829 20930 87112 83980 69122 5012 53005 94784 72913 
8409 29542 9989 14389 36246 51390 31711 27971 32969 38558 65750 76461 81166 2529 28153 26651 70967 59596 8098 92905 88926 71882 39085 9855 58993 23064 95329 64004 92421 90112 53269 829 36005 63257 31569 72250 14646 63279 220 63966 1836 65970 56778 83002 68498 84931 26004 55816 
60878 34102 48720 49803 22335 87804 76009 81327 10868 71337 61683 19640 77800 14951 20468 13804 78207 52036 86053 9204 15314 86273 73169 33502 68594 29947 32855 53443 14877 58858 9258 92106 9311 57978 41908 31645 62133 17916 29324 89352 5605 91006 8991 83404 22308 45810 97208 16866 
97845 83260 26069 29511 85884 99237 79364 54477 29183 12218 24271 60411 71075 33529 68868 96738 91506 10775 28382 69990 45043 57705 59342 50647 65062 68332 34050 87369 14142 47609 20586 28338 30869 46654 74200 33104 62243 53563 3933 7777 65780 28203 68188 53207 61731 37055 49944 69588 
64182 94677 39578 9224 52382 98919 76222 17443 67250 26623 21164 97743 74232 41749 26081 5100 4755 280 38203 66997 53843 42135 74773 35974 70338 59312 5532 48420 12719 55475 18008 76900 66504 57585 2475 18885 56503 78696 52679 40104 5318 90194 37847 79549 31943 63927 1000 36697 
80558 55555 20045 50752 14041 94817 86726 730 54129 92257 49150 66847 64084 67157 60098 30587 41093 62572 65823 97595 57619 34853 37698 79288 25047 91896 75189 56989 55822 92540 10037 36380 48094 30081 3483 78487 41249 90208 79216 95377 98817 44717 78575 79252 28225 55024 26190 69317 
17595 8364 66911 91565 43216 20961 87205 68262 12856 62393 41602 85030 54932 67990 37761 19378 14422 41243 14216 55671 47803 9783 67399 46619 54500 62326 42222 82724 17349 68411 68393 51296 76774 35303 42860 36341 72615 46416 4603 1823 8808 62556 86852 80092 46898 24612 15821 61319 
82206 30036 33341 30008 39818 740 76626 10669 63065 18847 9745 96765 3609 78137 48060 96734 29791 7272 49427 2406 53687 70381 4228 78847 32936 7431 58938 79833 32042 91110 57504 14247 21145 90844 44255 77314 91583 37232 87983 70999 72431 97727 84116 92391 92215 32175 5477 22005 
39446 54903 24410 93133 25283 44989 88331 74570 52419 47268 54403 812 54729 11906 31411 75873 19101 92017 69538 10684 45600 73872 98034 18030 87950 82149 26773 80164 30676 32249 2169 86473 87151 42930 79605 28785 4271 84287 3354 56689 31554 74108 73853 86282 2365 5263 78506 21466 
13631 64396 48501 59230 38267 46534 93612 42569 45035 36736 22732 75710 68984 41252 62182 72486 84182 58139 17622 88452 42425 20975 61492 90331 95083 51696 92964 97447 73310 87822 18912 86940 52217 67412 62522 6835 30298 72485 49403 91684 9220 88487 83745 78203 29738 62278 67040 30271 
20416 84661 35074 79193 5635 96566 85875 17069 64613 95190 30868 37923 83011 66131 24862 51579 49895 3735 58414 80192 76219 7816 71875 85438 12654 71971 79992 42392 34248 47031 72662 71016 48043 24088 50208 70030 37005 52434 87098 1617 47623 34317 39539 46986 448 80753 98564 50342 
84487 56977 46885 60706 81145 35111 46143 93798 7081 42487 52541 41328 89517 41555 12343 37560 65642 78902 7589 2646 47687 11038 4262 95310 45355 60153 58647 62154 40905 57210 12495 25391 30539 59379 2448 28035 94489 64943 21832 17921 7429 90725 59248 96945 32279 87943 50856 14272 
66844 74796 33269 14531 2186 53882 26192 47540 14034 84838 9693 54938 58399 38539 96681 88937 14269 99128 16971 25109 80422 55155 43029 87850 45879 18628 1147 94509 6570 52002 25132 89766 43150 58400 4296 45335 12281 46839 9226 26315 48028 35270 97604 6426 73808 10636 95363 4428 
26116 28685 29536 6537 83839 72564 94387 46069 91191 95533 56929 14113 63886 82060 3878 7035 40459 24525 68721 52740 71363 77946 95406 35742 29567 9361 42167 3374 19997 53881 24153 62464 82566 53688 69000 82756 42603 79738 28825 50146 91622 85753 64258 55508 67813 68135 78894 24623 
92659 63967 93714 80373 41912 89119 16114 87831 14832 74632 7556 51180 44865 31709 13643 27430 85396 82642 10185 27999 78732 55361 94496 70353 41114 58753 42212 25278 26887 21106 49900 35897 1424 43614 32621 59687 49084 65086 47517 63915 56069 55073 15094 933 86781 45088 28362 88528 
44082 54899 16526 22813 10259 27373 93165 67724 86125 51729 93001 29363 89186 59253 81611 90609 2866 14231 50295 51949 95668 97812 32216 51737 52884 63661 52669 39664 8749 97383 44543 52830 52281 77421 91994 78891 4793 85158 46615 90918 53238 55967 20280 42423 15219 1891 33031 34436 
32473 83326 2737 28141 81137 34952 96229 50372 98612 48897 6387 7360 62631 50929 76541 31263 28349 68534 10154 33142 70044 73120 40411 23281 45438 60690 65704 77009 78932 98734 11444 27757 98411 14180 72249 95899 49131 68477 46270 64095 33725 69008 87806 12708 19937 64347 43970 64637 
32880 70475 97778 19275 59946 38188 42556 5384 15230 8259 98744 10513 23344 10187 38269 21755 40719 26869 17653 6201 95345 80275 86647 45422 49282 74453 58129 69218 38799 2098 50207 88030 88925 47984 7305 48870 2524 66212 70605 34105 90822 69348 60969 14165 95887 99238 52271 52957 
42458 86276 59157 37803 66550 45804 99576 15831 20256 57704 1401 75406 76153 67959 63435 65077 32294 87091 13947 34817 53302 84551 85273 60475 70251 46242 90992 66137 61831 43262 19093 4288 29537 94601 58442 12438 40404 58017 44621 77011 32072 62373 68768 8225 30331 48555 73301 62624 
35645 3599 13793 5299 88150 15417 65773 58400 61658 56764 40888 39840 16378 59980 60480 62266 54580 18921 91056 11336 93290 35676 4698 25361 98048 73466 49937 44730 22020 23238 23705 74016 26836 37497 95666 31337 52914 77791 6088 30923 50906 46975 70763 67283 6954 31242 45901 77886 
66514 36956 5573 59803 72631 10270 1516 87030 87 51452 48111 38458 91041 71815 12474 34229 9312 24491 65565 78577 2281 71653 9499 53187 34979 96613 36821 41933 44206 82721 36170 10720 36028 41742 86874 25010 68363 88389 12039 68450 56193 76501 6907 47233 48316 35732 97813 73979 
60223 63378 52555 62503 51382 78405 32041 86360 91370 85214 44644 35575 84286 97165 46294 20314 55258 33168 45323 23621 37908 73714 92070 10452 50214 15328 74037 14881 51060 71849 88859 11282 51578 57765 90136 2959 52522 38529 5671 43891 40094 66666 79465 24379 63831 42111 61044 19088 
75278 6367 59060 29537 96432 51129 39989 46645 82809 30377 77878 33868 2225 66736 61501 53803 40853 51636 73113 93374 6516 78783 53616 46609 61801 33080 87340 25631 75190 48383 61070 66819 54749 20130 12708 67532 87610 69048 14177 70418 99424 92054 4285 1648 75141 82137 71802 32345 
50125 44915 25718 56640 40049 95685 19601 1849 28765 6940 27479 20306 55322 4901 3477 26423 25030 32536 93954 28991 1583 24482 99409 17358 32887 20045 35357 24380 2182 7159 56724 52306 52073 98794 25297 92121 94478 44897 10322 39594 51836 37800 59900 23510 59052 79728 66284 433 
12263 60237 29424 30197 1071 28832 47554 33957 65228 82910 74688 83761 6420 31412 36066 58492 30205 77715 66965 41034 22611 77286 80628 90799 31437 56879 30660 6841 36606 96943 7273 65220 73531 36696 11768 74601 81879 75673 24910 63459 74934 99597 47219 81354 47360 99637 56197 77564 
77351 39513 34950 99961 33150 15577 7111 64587 72455 37770 87779 9060 34712 95051 90631 24595 48099 2398 99195 46329 78070 24104 9787 69355 40053 57006 50708 87412 56642 6905 81328 33992 46417 16277 50304 95919 31853 57415 60505 20659 11536 48283 46070 62600 59685 36700 87194 7783 
55449 86388 54112 49870 26844 63898 19224 83248 37255 69932 70659 10248 93188 68338 44239 55956 966 10895 51874 49170 84661 28730 69828 96196 93364 15897 75147 53049 52596 62340 77183 24396 65080 47646 74265 8275 27896 9841 91522 65150 96124 78532 75398 89311 63222 35988 61618 64187 
46882 29844 13357 31542 58573 99536 44090 68289 15433 35588 37689 84380 97928 14871 8776 79359 62517 99392 3985 90412 9232 11858 71913 21707 6741 47310 11017 69962 99650 88987 50501 46531 18830 80209 94425 93754 79744 54866 62042 95176 90453 99730 95908 4732 14601 4683 442 93469 
20426 4426 232 46010 32635 72144 67716 39376 35806 95085 25689 35455 423 76189 81985 19252 72749 92761 13005 52493 47626 91399 64020 38079 91128 59927 59162 22080 80961 59604 15548 1387 80381 15779 63748 13016 4275 47815 52391 40080 42899 78079 75534 43321 70620 73870 78924 43368 
66631 8281 12212 14256 99679 76232 68686 90806 36158 27848 12886 33471 3803 44785 51209 84183 76916 14956 97198 81190 62770 49588 37621 22021 44019 13154 81693 14638 87023 60617 74357 53653 68897 86569 84261 84927 79152 69298 75732 31661 13497 4969 65131 17299 66106 16339 1482 43021 
47646 98679 40562 26768 64619 78182 48788 24989 91335 46832 55978 94709 23800 30334 64714 9048 33254 65326 93974 12405 34623 69706 44066 48120 91026 25548 81770 57131 41887 83251 151 5884 98282 57064 32651 79252 35245 97790 4240 42931 44622 60217 37640 68421 90550 18705 77469 40156 
84030 87794 52560 35004 57499 12977 99475 64877 38525 81245 22007 96763 80847 38510 18998 79128 95573 51649 74731 47170 65790 78970 90100 26763 39186 44091 11536 29736 62795 89004 86243 46824 93149 38802 98180 67000 68131 97654 31876 23007 78898 70234 19769 76097 8743 55118 71576 20668 
6766 46307 67837 88908 25276 57936 15670 64462 2027 27205 10549 64821 32560 96791 27997 25709 51944 26176 92708 20074 40181 24583 43080 35431 94816 79200 11527 19911 34318 83102 40578 57435 29408 24766 46342 71036 82701 78364 35497 1079 5568 62397 82252 38128 75539 10248 80188 27482 
52775 72895 63908 92955 13829 6987 44737 24996 2539 56263 61258 36856 55717 1835 10642 85124 26600 56984 72511 25653 35347 24359 26731 57266 86755 8982 11745 62293 35581 91932 6127 4707 81178 70034 14014 11358 93372 58750 36354 95910 15013 97611 49117 70729 15798 59759 72204 58749 
33094 61067 753 84792 85425 43836 42057 88532 69169 70154 67176 21102 62085 73302 25808 59615 59687 56173 70972 53059 14923 23677 65320 46287 37640 30789 33367 69789 90547 21922 44889 39992 82988 45642 41135 68413 5829 99543 73296 74997 69696 40471 96098 48133 13773 38258 7747 89811 
94430 95070 59221 25704 18747 24541 71990 72738 55329 21708 42526 62227 43630 87414 18570 26617 49407 59704 11381 71587 59246 84676 46584 45294 25147 59033 93426 55271 13642 1172 61433 24424 12593 20654 66479 31339 61546 38469 20428 33226 76528 62953 95452 20157 66719 30373 63126 32477 
6428 90858 4064 65673 75534 66999 10966 17032 26031 20743 88654 56025 38266 66438 80448 50859 87091 46926 98549 48636 1746 18977 81861 94626 81929 93664 14782 64999 40388 94259 97476 46815 85117 1539 28840 77002 68537 56157 10385 10919 76900 15390 83295 15165 81827 80094 82375 85270 
43372 80924 50257 61469 99900 48470 56094 98180 58485 87228 63179 98873 81486 60654 45687 66602 78544 90878 59955 63432 47035 70339 90702 40286 2080 73997 55450 83907 70442 37825 85528 13813 35100 35784 75282 34999 84253 31375 33178 42738 18602 96356 41610 16440 73361 3648 99393 68256 
94526 59348 31687 57912 46038 38741 98197 48118 29089 69998 48376 99530 24174 33903 13343 59273 86038 88624 94271 70291 36350 43801 13028 71304 56508 70989 87743 46221 90988 87135 14476 1865 62834 62515 59776 8872 1255 74324 73341 30343 44322 38068 29872 68495 88322 59566 44120 74359 
64541 54742 61001 891 98542 90380 88546 71402 61368 76288 17622 68708 79774 32097 70572 42608 10963 46700 67831 12217 21023 57523 58911 81696 95590 5135 66543 83911 64700 10662 74621 45593 65403 35622 62835 80297 26001 51380 51698 3721 44019 85671 72428 40144 34119 59351 82751 45082 
22402 66933 73650 43425 24455 32561 41472 36396 54047 8014 20306 18746 35027 11279 80690 430 63252 43524 97078 89252 94903 65127 9324 55273 50797 98103 95417 84915 73806 94519 46348 96207 61452 19998 39631 85906 52558 97455 22302 6604 5468 58959 41701 40495 86589 22391 57276 49840 
82266 70705 55444 93521 35831 64767 48793 2979 79222 44209 4245 53027 55080 50593 49233 16531 70590 5216 18788 39499 2670 57441 46102 8137 32752 4154 64983 19340 42896 22258 85532 25162 9314 40975 18682 45144 5741 83826 64474 84962 44387 68719 37988 99466 19311 3573 32348 89900 
8788 51135 29398 11457 24928 91851 19593 57679 12356 928 93370 55252 23185 78901 96765 32499 19875 31798 93994 41968 15623 58468 26929 60009 27186 81269 75826 62848 84841 8173 52747 93628 59308 98496 21436 84235 6698 41028 58265 19053 41955 51634 90656 81492 30535 87420 30342 50409 
35569 40687 92376 51192 15506 35657 27552 42691 33277 3378 21890 18117 11550 74636 28096 70857 89483 49531 71443 12532 6910 29707 47937 65217 81341 38592 63060 11875 42364 9753 78635 77932 50439 71011 45475 65945 6667 73027 24987 39943 76404 46877 74411 87953 37864 18858 75162 43699 
84740 62956 56230 91649 92663 20518 73217 90355 75462 36276 18581 17825 62380 97215 12108 29171 84577 73935 95115 91243 46961 36453 47537 39716 99681 38299 44020 37545 73508 19181 97595 58247 98489 70176 49896 7503 90694 39464 97857 66155 92092 16437 331 54471 30003 28790 83641 14580 
2724 95107 22174 66036 31560 86063 5751 47592 24361 49771 1488 14221 85303 99082 72467 83791 85610 38714 91293 76303 78178 89149 58809 70269 21937 59139 24739 68292 4280 24732 82871 7004 19838 21396 73039 67749 7458 95142 15341 48171 44912 16828 62391 30214 32262 34857 14005 17871 
73571 21649 10525 68100 27150 69333 38368 65438 44823 79458 33729 49102 4189 32951 72457 40379 54347 61848 8127 78156 56989 39819 26326 1900 72999 5068 48465 5260 56277 78821 39482 46199 470 50006 14298 43971 35690 69017 9408 80512 64826 43137 45965 85367 92439 34774 25745 46785 
96621 50223 24941 69961 6394 67618 88212 79392 72686 36676 84651 45314 31849 40484 91512 48670 90489 5809 92640 26178 91177 2047 23041 56002 61535 69005 41368 53974 3778 83464 17110 16750 50039 42050 86710 56432 26020 74921 35823 98705 27949 36825 44018 59797 77308 51881 8466 67796 
74041 17457 10325 65217 19503 33365 21218 97390 2369 78938 51363 22499 62401 68472 55600 12439 26874 42310 85222 52893 33582 21044 67949 61530 57868 28318 37678 35175 80198 62495 19322 54238 79951 29646 19454 15806 63010 57023 13195 81731 52312 64557 4229 31065 49380 59828 59855 92605 
18489 45077 45497 52071 66120 13445 29952 23988 58114 83982 75514 38311 46476 94836 8900 26427 24481 44705 42232 87491 18080 71778 69221 70391 52686 89801 1455 2065 65980 61310 94670 821 6386 56518 69243 88857 86315 15546 29196 44428 99527 4710 99091 46003 15897 7990 88781 40377 
69047 47364 44219 87126 19141 29791 57516 71826 35943 75323 73890 18275 36632 84911 19095 59369 41429 88337 64577 27743 3882 93773 88522 19761 14834 87612 65763 30730 11954 70895 87458 81000 18258 31677 84477 37398 77819 41992 9223 13762 17314 99464 48388 70297 84375 67482 46017 42155 
72170 10594 69897 92403 4366 74770 12163 35551 62382 94277 66280 90687 65171 70089 71686 83428 1765 56162 20825 95936 14505 30047 26049 48171 29511 74436 18467 30237 58269 80836 72391 30438 91429 58639 22840 12146 33408 51355 47696 95789 45631 30327 86475 10802 415 74512 94229 18532 
47025 31406 14467 77882 77804 56867 26052 23666 31302 60870 53902 89570 58057 26292 36359 49485 1282 59198 77982 34690 10552 25677 46830 72535 72355 49657 83336 72770 40520 93916 7653 87545 25321 22119 81778 19477 95337 24181 43142 42990 1402 13396 32559 59459 56039 68917 25295 57321 
44466 3277 92010 71370 45305 38839 43904 17660 4847 43591 6781 45367 37506 14433 49263 79179 52903 31040 98655 48239 71572 58148 91228 72973 71543 40138 32431 27582 25406 57726 84902 86223 77354 93263 57592 22658 48453 17847 56669 53300 61437 63449 15018 15295 94233 64280 10825 47135 
11671 9479 11725 83242 83978 19304 56214 55521 59441 4997 99454 1198 79074 707 87421 56427 93969 61364 95436 58773 95563 52105 28424 56999 31905 43441 88645 26138 7720 99469 73272 19390 25299 1349 2631 9277 20652 75197 81149 80093 80193 96954 97642 59266 97660 85062 15692 7980 
62778 11127 83104 58340 79583 11528 31690 11488 54968 20335 37625 79040 19803 27248 14781 61454 44948 33764 87082 65600 8960 68230 62044 5504 81535 59685 64769 79194 61099 96812 3525 23876 24290 86628 98567 3873 14507 30256 31712 85827 50590 85688 81218 86745 29287 95998 48198 74235 
46113 35279 39834 55072 19860 18229 76927 1394 94265 41695 96939 55363 38506 463 95590 79148 3442 94156 83020 17949 24412 14731 3775 91353 418 1344 78097 46056 97341 42646 20290 43454 77924 76475 14877 14135 94703 91804 15528 88968 49850 28818 44330 4708 29280 56272 83855 49074 
50427 83226 67022 91190 14308 87148 82543 31077 88491 60639 77132 2183 3285 97422 61988 97560 73896 76865 28047 68599 85020 43574 73918 51221 72392 34599 55928 18023 90870 39782 83448 41297 39359 66821 32486 53666 70320 15028 84742 75162 92019 61874 77345 11655 59295 39332 25566 33190 
32548 53612 18140 33919 13538 92057 85140 2281 26656 41067 20303 33877 97201 3751 75173 36559 70571 24011 90225 40891 55390 91318 16052 63760 53191 9748 75414 28837 65432 980 62027 14331 70943 96518 48250 84480 4927 49741 86760 47934 7159 23415 81810 20711 43517 73335 57270 30439 
97345 63846 87681 69086 55163 20085 32846 24706 29832 8259 53542 11615 25590 31920 25946 96533 28438 90547 97364 49716 56639 84124 97649 63797 7538 95810 84508 67406 69144 58129 97844 82840 38326 85525 51926 9840 5609 84771 34545 51792 9381 88087 63407 51323 20006 5704 64207 64795 
96250 61570 30862 52888 62045 44862 33036 85934 40672 17543 53339 9815 92023 51183 92655 30348 53059 60932 40188 75019 45702 74732 26810 71434 79170 6568 39108 15528 12271 3314 80322 24872 81236 27536 94111 43280 72397 27147 29214 13068 61041 98904 39235 53064 66438 48241 83411 35848 
9172 39950 10866 54873 14682 54028 42658 93851 60595 81766 9378 89218 85079 6052 30441 82666 49939 40904 25946 22335 84402 71511 51755 45442 86766 90989 14857 53204 39229 14620 89051 48400 54569 99917 19624 85602 70296 78633 79453 30890 60398 5182 36459 61829 27585 66900 44494 77523 
7803 86791 16210 92204 74653 67964 53997 61419 75304 85206 14622 14532 99825 20024 79283 70745 36292 15258 56347 6587 93890 52151 37477 70640 73684 90287 32468 1269 73538 93313 95143 97692 96456 27704 6247 71108 95667 60244 32526 70970 61801 47147 1853 61625 83523 97487 48721 19814 
12744 5067 26401 6634 73569 80229 93625 47253 70515 26092 64873 44053 35756 76367 41744 32211 4071 64343 3319 99737 24586 52196 87059 86386 15695 5263 64362 99217 2750 29434 19030 15493 34501 45430 38478 24421 42010 32102 71673 12525 74545 52897 72929 26653 29264 31024 58863 33334 
95366 78533 49422 36303 30729 36480 39040 46423 58095 19753 45639 60844 49187 81020 92688 39 42802 47518 24459 84811 79619 12484 13687 70516 65380 2967 97168 10995 50343 56030 44328 45708 50915 93750 98363 81643 46581 53754 44417 4675 89859 90055 81870 39045 87426 74558 55435 30227 
22075 96245 15038 18045 8728 45076 4912 90460 48043 2079 1454 98385 74461 62134 60444 25375 72235 58806 23369 18815 28912 67785 39842 18770 74191 38063 74166 61616 28972 29600 8195 67398 25844 23232 85443 50924 68307 90354 57735 32701 8785 59188 31085 83245 21321 91529 24971 93555 
66686 48339 28722 95597 32475 84915 30718 6665 22977 4883 84632 51949 50834 92826 35698 93030 32409 21140 60305 17068 27846 18039 49768 52982 77226 80853 36226 14899 88733 77548 8453 55418 25886 53526 67367 74712 38440 14436 81376 77769 35671 82359 46069 86504 91537 81766 95885 23945 
19258 56189 57364 63455 74227 7132 16436 51453 4336 52661 82703 9420 46560 91155 64837 72445 61033 48555 47156 99472 79343 44883 93592 15013 43593 39660 1516 35129 21426 13753 75426 40683 69941 32789 4137 44168 56272 36924 11972 60607 5936 94674 70026 52495 2180 51215 24939 63212 
16121 88446 79036 95463 49680 72627 26827 93272 12287 44695 28401 50064 58447 20178 90746 28387 52966 11234 88906 25590 48157 877 2548 70444 11902 72574 22938 14082 40140 64228 77293 72612 52673 72680 84427 2352 45307 11253 11975 57593 55947 56727 7656 14393 76904 14753 59132 46222 
42338 48037 71811 6846 65266 74358 77289 77167 63283 16578 7600 19774 80805 1245 92386 33477 73924 93164 52180 19230 4416 64154 93174 76715 37233 17181 7459 30488 48285 66590 76709 6974 30979 64871 30171 96244 39229 7459 89762 18863 24036 97362 38637 4840 98606 47374 54668 72529 
40537 23199 8111 61304 3705 17636 38018 40937 34817 61829 71424 99453 28418 64485 6427 75748 29355 36597 71991 84935 60408 61753 20150 795 75466 75138 21987 74071 22511 93006 62951 79399 16205 71061 57054 19909 88697 11424 77197 39865 73252 48620 39317 18021 29456 62095 93769 58811 
98692 65759 60097 75451 43863 80246 76245 35680 55383 98231 9750 94245 91237 89053 89995 23793 76465 47049 43701 65161 58472 20897 21377 48075 85868 60694 66095 15324 22788 59863 90486 37831 41974 66934 13281 2188 47180 5878 37868 18914 20460 63969 13159 11696 53021 19505 51840 29486 
66553 95540 10998 41376 32788 32375 5802 35008 9420 71897 50331 48559 48111 57168 2742 90084 24101 16022 8624 87632 21899 46491 6546 42359 10459 36056 70406 79832 55560 22246 9317 38465 34137 36666 96192 83277 69040 1994 18284 94811 73890 68614 43370 38352 42133 46111 28436 66233 
78484 53411 53865 16735 99901 76762 59093 26711 12817 45850 22894 84728 84447 32210 23192 18584 85228 19384 1860 70619 37729 36495 65430 11618 5108 25151 49969 63592 71261 94756 29824 66096 48166 40 82830 64418 93153 58274 7481 22321 20476 30374 7049 4922 78936 46592 39857 64163 
82327 58068 34781 36407 94562 210 48024 16021 41712 14345 79612 29324 25452 25788 95420 89970 42179 94601 54387 51684 52875 61867 74004 73350 8593 97404 94623 87528 60348 34480 51690 59026 8899 2822 95433 3461 19384 59808 35833 61095 74152 15445 90419 15956 57584 85838 5925 16114 
80438 76663 67797 49664 38530 41801 39365 47122 39204 33988 51001 15903 84819 19042 74929 93717 21863 70361 13529 41246 46520 49362 2341 20672 81158 9111 52979 38741 11300 58903 71206 91737 35565 39003 57753 90446 80803 97117 53919 36358 47456 4919 52261 32274 23960 43541 42343 62175 
30253 72223 3420 76772 21584 22112 13795 19093 31222 66773 74185 42521 42027 45391 50610 93944 84393 24714 84389 81547 38182 54660 17904 85638 75930 86516 34263 16242 30056 76605 78416 76660 65180 98187 53432 86763 20299 83578 22208 67872 50351 96392 26745 92377 41782 93706 2672 26174 
18419 87061 24072 56600 58072 41976 58589 34001 44843 92852 50242 91251 85808 45009 67910 50987 43196 21341 54102 79846 4919 76309 64069 71621 72700 7165 80349 30834 870 83021 73359 35640 86433 97431 8592 44504 55758 67180 94856 600 76383 61450 91850 78543 6458 59760 45881 66005 
97452 99982 62202 18722 92642 26271 90342 81694 49787 87043 12527 67009 86415 85885 2648 72847 99667 27591 33702 55424 11123 28557 56024 87505 6358 47873 82399 29168 23984 28280 95172 21436 44613 73726 56509 37255 99996 63203 18948 66134 50245 47826 33142 36659 50062 35790 25857 49729 
63380 59558 5152 90854 4466 77527 94711 27176 41752 77109 56343 65735 21740 67866 3522 66353 41591 60031 3607 57938 39585 38906 24072 89829 86731 57213 42839 36792 9354 85047 2872 89086 44604 8024 79939 65421 1902 74649 8948 43653 51758 65290 25740 89849 33156 29261 56201 91098 
5643 76159 49036 61579 15064 73107 51407 18146 30319 10597 71290 39673 95643 74161 28758 56598 98536 8696 38371 438 99697 47318 44090 67806 28960 86181 57654 62115 31794 13855 53212 53788 6365 18599 15367 37781 91705 83125 55926 38376 93722 27215 78048 5716 17728 23157 62314 16263 
48204 684 16700 47900 64353 77142 15705 93312 63322 89711 71778 95115 3565 41342 65255 26281 59940 80621 64061 51645 63745 19987 90020 57466 63553 84419 63182 81280 23927 41847 97543 72130 42530 30594 20030 23234 24087 52086 16546 3761 41796 88323 15227 61712 29664 80481 87993 5956 
61101 52053 57600 24846 88391 63971 98663 51944 64741 78196 49575 88667 20042 63469 60796 78923 94063 97177 2157 34501 65615 18702 38261 7410 23376 53488 85474 69392 33968 73466 75347 95069 41870 32946 36266 30261 13268 34928 98556 94360 13124 48130 83026 33165 11599 60173 28440 22013 
57350 30596 56513 22964 65649 11126 46725 89024 64613 32198 58415 98580 22015 33761 10000 80237 83058 46265 10497 12677 97545 9052 7036 10668 73533 6413 60184 1483 66586 4975 39847 40287 35570 12712 79602 1218 23837 26326 6594 88449 74876 65008 3380 13242 15121 13380 93478 14530 
75996 20326 27207 73540 29377 50594 559 19262 57007 77095 37096 23592 82069 76943 80230 17639 89654 59831 35208 29842 2508 41801 18290 93735 23161 38021 6977 38281 51400 16806 69162 43748 37132 96368 17287 82860 46962 34198 2121 3968 11292 39217 43911 93360 32511 40492 27350 22164 
322 78910 52005 19181 37062 86646 12916 60222 24666 36244 14854 92418 53049 84016 36165 6532 96735 69803 89392 43696 4000 7864 64015 15291 63432 24277 25003 95942 64768 68704 34457 81441 47613 86461 16974 1027 89458 29889 61248 14124 82484 92454 22893 51884 92821 59057 58416 89555 
45211 47807 49603 49211 55670 29969 80853 19102 70598 22207 31395 51717 7263 65852 49510 71227 68664 66483 72253 58122 96371 49853 88597 95206 42306 11489 47089 51478 86897 5504 41032 32107 53310 6986 97669 25332 53307 94874 60785 23904 33432 92179 75620 40694 74382 25129 11921 43046 
