157 30 22
11689 84928 47752 71527 89202 31349 85883 39912 69063 71567 12684 6175 90399 92893 9879 65143 36139 59219 14263 76667 50452 5279 68109 80971 95966 75238 52955 13021 22747 52736 
48864 50787 37663 96615 22313 43216 27963 8196 83128 13377 96114 12163 19551 86513 5055 45781 68007 57545 4999 98622 34211 55451 3900 2320 52773 99865 77557 5727 12885 303 
58462 61748 51090 12477 58362 89754 55692 2676 97949 38819 16053 10415 50981 51955 13279 72388 14088 81285 29932 35438 96258 80495 7240 157 82814 60013 21 76722 82091 29257 
93377 40553 91004 60818 69381 65717 50571 25072 68393 64872 80243 797 75286 47575 69103 88564 19962 83190 86200 66246 34980 82458 46740 42219 98966 45905 2231 98987 22626 84322 
28243 32354 41226 35599 93171 26958 1315 43742 52029 86059 24965 48623 3207 250 96198 72310 5165 16159 71851 7716 98756 6830 6525 45495 65401 5491 7751 67631 20829 30377 
68304 65423 79082 25881 1021 72253 52838 18688 32346 21219 4746 57310 69841 7953 73911 82390 96614 95427 98549 84816 19494 13656 7998 42371 75503 73398 47861 83253 57380 85041 
29981 42036 66815 9063 84268 67836 81315 37106 2875 30012 74676 7620 3673 44516 31924 77583 26906 44889 89361 41806 29705 25206 71813 54054 67576 47315 43803 31788 30568 1182 
16828 60548 59569 83643 69610 43837 67830 67276 80942 70704 97287 71969 94675 959 16484 42951 94893 59741 87839 605 17898 33895 25811 89711 87948 9738 37025 31750 41526 83944 
49284 74705 44492 8852 74699 30453 52688 42528 97729 49981 29583 11367 21949 24258 28678 54785 67208 39922 30877 71398 56879 48775 5293 82689 54837 93240 92426 91861 41342 50303 
75805 90625 25008 36648 15828 99706 67100 84868 58586 81180 34848 88168 8899 73149 28777 37576 44285 95984 93849 75161 67382 50727 23935 89026 33415 95123 98617 42193 86984 39958 
8847 79140 46934 33854 32139 79114 49912 15590 63981 8497 13122 15180 13016 22020 4680 41793 75947 48964 54128 69795 40477 37861 20522 64411 43238 70288 59534 41855 28832 62869 
98164 37679 58360 61450 87884 6850 40563 54147 22439 20895 62643 35560 36074 92011 73931 57106 50155 49877 6069 20634 36024 46545 58495 56545 27308 1732 43184 3193 59938 72016 
82413 58102 26046 57124 19551 13929 63973 76465 68076 2763 97359 47070 38323 49784 55432 28605 6889 5586 78482 29310 26220 14505 92206 1066 87401 35865 19149 30584 55409 79087 
2599 37821 53540 44996 11296 73090 58925 75268 65906 43352 78031 79616 6773 32705 45751 62205 61309 68992 84142 56142 98301 10361 86998 6858 27778 74398 59075 46927 21334 14483 
42365 23932 68656 95904 68928 79951 85345 44204 71571 51250 3907 65953 30865 10679 98657 76615 89235 76317 45606 73377 48811 60258 89 35808 83468 27867 26558 42542 91145 47891 
57024 33509 88174 42031 29412 73453 21982 14756 17656 9904 82357 37914 75856 29573 48593 90864 6187 37827 67180 68145 27555 15990 44754 27644 68150 28221 71862 94707 87114 63006 
42597 44138 12866 30770 86168 42277 4223 24501 73384 38230 34404 55740 76144 10259 85312 41088 1122 7850 95266 84654 92346 22821 16995 37100 66816 85144 81672 55029 96202 68786 
34386 38798 29275 47251 85920 31794 5879 6494 56295 79262 61075 7050 35001 37218 33661 36664 94657 34782 44513 89923 35787 53211 29095 69134 90310 12262 54277 88333 67290 50479 
73470 1675 5628 2744 48925 7899 34538 54803 14392 7184 34064 75467 14233 85416 29036 47893 38431 23693 99027 99295 29967 51165 52505 75413 20298 42814 87674 90927 47499 54963 
57757 20968 56637 63384 40064 5561 87635 90953 76715 2026 14488 27130 93844 28720 28897 39232 92965 67327 79276 8343 66621 9242 59507 19126 84654 96157 78291 88679 87083 42141 
43641 44839 63109 16629 24574 19524 38541 12208 10476 15255 30586 24963 42384 24429 70034 87632 63660 79350 54958 42935 87692 37930 68528 63551 73407 69533 59707 51698 58211 63141 
10190 18203 7979 73298 34831 32552 9173 73371 61112 36000 88625 91697 60962 47360 16125 47348 51343 96137 43049 22652 55423 30741 60582 40303 10643 33988 26187 86701 2037 84398 
49841 12227 18952 74171 1876 53783 23074 11049 43505 84185 47048 48482 92233 24362 12193 24710 88061 63536 20846 31109 86187 92620 78201 46768 49274 88843 97108 75461 91895 15496 
76210 58087 44074 95161 48609 45950 65295 71683 73350 8800 72219 36749 57281 64452 61110 69473 5513 49170 33008 26358 96631 35547 35329 74831 98666 84603 80026 95773 60063 71920 
27621 36272 46359 71694 47784 94967 17643 13079 83001 7344 38230 71572 44093 95510 52375 21554 81334 57887 87076 30694 596 83706 66240 35924 58536 64905 36878 54913 77030 96940 
43185 4650 49563 89543 76343 13699 861 10338 26777 83862 17681 65006 55433 78125 76867 7807 99679 58200 82045 86754 88893 82640 70459 55132 18563 45346 36389 55441 259 13418 
68732 43443 34419 34647 49337 27113 48345 50197 37450 91473 34058 71483 72830 5842 49607 49696 30000 65637 24247 12044 52390 13140 94683 22848 84623 29598 84546 37363 1390 84804 
50780 86473 44598 1550 21119 93934 28663 85815 44130 66112 93639 94540 53946 66468 16733 19905 16163 63085 85541 40410 91480 37931 69901 2515 77130 70875 32112 61675 8238 49853 
62830 75369 36325 23779 76919 73796 17712 21933 75962 78194 4396 69601 89085 58342 36068 5817 78246 68583 85253 80138 25344 76733 18068 11596 79247 11550 82470 27710 89576 7059 
77562 68758 98780 30238 92536 92050 20385 26600 13982 96347 21145 18377 82299 10229 93070 34718 32397 87667 3300 17650 67805 28643 94382 2224 56590 89980 13773 55412 17689 19701 
62470 11602 88458 77601 58191 97345 86002 78576 23944 16335 91274 45088 51064 89924 71668 44133 24641 4065 48152 27941 38066 32308 72935 48799 34531 29525 38778 64656 84936 72818 
708 63757 771 89165 57710 58961 2861 43711 53888 43157 76398 61513 4596 27461 51436 76264 87945 76077 96680 36096 20369 34745 84755 93303 83543 19286 39179 38672 293 24114 
11489 1000 4223 12259 6516 61932 87571 9376 21994 41459 52532 98391 2971 57128 42203 54407 49743 30148 46835 46422 82595 67203 97518 67350 76857 97412 2987 16036 36083 19631 
56501 63923 20630 60723 92533 43497 39006 80103 52872 61000 37913 21756 75742 57236 95235 17945 11642 44977 64444 74828 7750 63390 42030 5267 30739 18886 2678 50077 51273 55112 
69707 7774 35386 6688 68496 27918 50184 23854 24372 19408 1205 62285 57515 76946 35872 52749 11242 47513 14077 75685 38692 21826 39075 80721 43444 86165 15958 62473 52594 67231 
17584 22300 75004 52969 28988 59851 97238 95523 83704 21609 14930 1260 245 72444 78206 36116 41544 5799 99980 55620 97836 38671 93797 53262 35743 37240 55778 51701 99712 8371 
35283 33647 30671 10286 86615 76010 86488 83852 87884 86544 21813 19166 87803 38409 7961 66008 74525 49505 88159 90856 21476 85994 45879 15273 39255 81621 68864 11384 49673 84928 
19755 84955 18574 66777 11592 21541 59138 98080 5392 47021 84623 43556 66186 72425 81965 74147 54785 72841 23651 42943 63696 61478 45288 9574 93102 84542 7547 61966 12277 57219 
46893 32031 42174 65466 98807 53765 87006 57944 51844 8750 4965 52818 68657 87502 25243 50621 61648 80027 23461 1650 39321 3509 79480 84608 13082 72581 85501 20628 34546 97777 
94199 97790 29808 52724 79608 44966 6488 82965 19262 74684 91714 40578 43853 76723 28079 69095 27343 6079 65473 67156 7728 4793 70664 87207 89400 83745 76140 74900 20725 10685 
89029 31275 24827 18836 83998 4434 80153 6837 87398 99414 81520 95464 39991 25373 72186 68070 10819 99528 74148 76292 66683 98227 97436 53698 1786 86836 53795 77925 78087 90871 
4961 67115 22145 29787 2302 6142 34220 82455 12978 21618 81868 10850 33433 21859 52574 5618 89928 79744 21497 80427 56035 4532 78653 69823 58229 96790 56658 12023 74714 51096 
2893 79675 34563 41389 9461 36864 47530 60033 19318 76860 98002 17538 4061 31434 39396 72986 53403 45675 52729 74899 26101 25116 95782 21105 94938 70363 17895 67947 98737 8960 
19042 17982 88634 53604 59370 14447 6820 23252 74479 42489 16463 72480 60026 20523 20265 15773 93508 73667 61447 46236 64917 3899 87703 60699 41356 82640 47413 75602 50586 46149 
84561 69628 80482 73195 39583 39852 3993 62754 79455 78471 5243 95917 67302 65268 32791 87566 97393 42650 77584 58839 5237 42500 79090 92940 19550 20445 75579 66962 96046 26165 
29463 96958 12144 9944 70152 68078 66147 90496 30832 45601 85318 36074 57869 52619 17693 90659 56536 15085 33308 34119 90276 54897 92971 69365 47836 12520 6161 23414 95834 18558 
65930 41648 15515 94425 51591 2019 62503 34090 92514 93334 79690 94184 45759 37559 46802 63451 44569 19690 94888 94229 70160 85163 49125 63130 70879 96960 92002 93391 36725 87835 
28300 2655 45834 43814 97079 97424 62184 75933 31513 71050 69266 27555 65233 31376 81465 28386 11179 26033 48075 6066 36613 18235 7580 85737 97716 94810 82696 89717 88200 35773 
93903 16499 38427 56088 76664 51857 53512 55200 27790 1376 26249 13407 45282 7833 44783 26746 36218 55961 69131 645 78378 5743 35231 2309 7832 32946 97118 6879 39015 85317 
42651 49269 18167 81077 5357 11182 49286 75220 66381 77075 92947 8981 6833 38229 33165 51615 81326 85735 23927 66808 86379 18656 88903 37961 20964 96734 87258 18081 3612 26272 
19749 62615 91893 54267 43691 13601 65449 9328 88820 48181 86402 98118 73514 9587 52698 23030 77553 50376 8764 17832 17183 11494 36487 22437 49454 73803 35522 36712 8235 55486 
79335 27984 18100 71227 98602 78142 84827 80402 87470 89998 28583 90223 88116 18448 99809 40813 41477 77362 91188 66593 95193 24723 78086 48031 47159 27540 21833 82681 64251 30068 
54518 59937 74403 72617 31164 73004 50758 32342 69758 38227 22340 14692 28450 10455 33139 44610 67619 90967 21971 58807 73911 33515 83529 51997 81546 47039 95888 3378 46071 60138 
49797 588 20074 40551 73204 67589 29907 40314 99931 99664 78540 38622 14355 23341 49076 63845 67951 33046 71163 6273 91852 45074 39788 91732 97070 21333 38771 92957 41062 84841 
69446 7211 85429 5871 47761 74984 89812 94019 15297 89742 93682 10189 44715 24388 49881 10142 88232 17831 43187 59395 40456 35039 4468 80243 26770 17889 17927 81892 27197 75340 
66733 96642 82550 68513 18864 46663 43496 8675 40681 58793 14768 50715 85333 59482 75102 35213 69623 79686 69396 12810 39080 9851 47848 59899 90093 90969 94139 24371 72861 21335 
99710 39593 34328 82260 24457 53191 28922 67952 61866 85954 43096 76633 36668 28428 36115 11770 79993 5737 91455 49388 18546 46886 59238 82745 23136 65682 90066 33626 90052 62926 
54960 6113 18870 89287 88372 43326 42477 33645 27629 20694 19599 87077 97327 72618 15504 49793 739 95496 71881 92193 61235 6779 55430 20472 5875 94917 86153 95940 28542 92556 
75217 99853 98669 94086 89139 3392 53763 47968 53389 97744 85013 89339 84820 98691 61956 323 48483 62695 12171 36716 71239 73405 43494 43021 10229 49368 37937 12733 45308 82831 
5289 20524 82683 20309 30962 88174 40052 84724 52493 93440 98819 37505 82778 83638 52548 61086 83961 17382 40132 12483 54097 11370 2239 97590 70742 12467 46958 25031 25200 8617 
7861 46840 45492 6895 67148 76453 95068 23551 77529 63912 16991 76347 17769 16120 59985 70316 93557 60297 87697 33688 89131 41794 61410 91369 55735 32151 20188 2692 57181 61739 
27660 81393 8578 73152 88288 92077 65956 83355 15627 59836 63619 48969 52535 81387 65089 28871 51702 74997 89167 55750 8685 94649 97543 86446 2369 53278 34948 38908 72321 8481 
646 16333 89873 25575 5836 78160 17651 88143 77867 49630 47979 57837 14950 513 39223 80038 45735 7276 71387 51253 63025 80071 45901 76920 82868 48269 30197 17815 87177 18869 
26295 4174 51553 32520 29749 57388 10679 63751 45531 4897 29732 9861 62733 44682 26725 18307 41071 72459 25582 12457 23711 88607 8879 69611 65526 91746 34231 12074 9561 37759 
47294 52207 58285 98847 84726 88033 72586 11757 68135 18116 33005 97867 27976 95738 42548 54700 30396 83618 43510 55978 96075 67220 44584 4953 53182 26461 13051 3765 54886 38963 
41523 2179 91169 16159 17377 75895 4191 89963 4003 72326 8078 37007 70192 52406 49096 29091 23457 79492 12708 66967 35469 25134 50538 96404 46439 3720 22864 59489 7484 94101 
98451 65358 96279 89619 81517 13656 81865 2059 3618 85867 90736 28047 39226 77279 80452 88321 6369 20261 67812 19077 87227 3280 60562 37764 16035 7000 57835 55250 66488 81670 
49350 64938 47028 61981 70909 44896 75636 69125 46954 95605 71344 37690 23651 10569 14968 20455 98889 37689 40715 66701 73117 44293 86332 33678 82056 18719 40678 56243 73968 7165 
37912 39670 88455 1291 1650 75715 46186 77285 44839 9492 89241 16182 63533 29243 26750 94852 49697 41991 32540 90411 8691 5656 51055 11374 39334 49463 30092 80011 5705 20412 
3527 43616 60081 8333 44907 61730 399 7444 55366 45238 16935 60958 77771 80467 90200 20873 75319 39897 62863 24210 46659 87905 29866 97714 15630 85551 47176 45722 81913 69232 
82485 85439 12847 58917 10124 74105 20646 10522 81549 92363 72111 98483 53320 49882 95302 43519 70754 86972 99767 49968 11181 46426 37872 57398 60491 53501 42948 24018 15574 41212 
93249 98058 26651 6095 56974 53126 96552 93971 63647 78100 2685 52110 92934 56004 1991 4587 15875 89096 91558 15641 39063 19091 78418 76934 92840 55260 46786 52140 79277 62360 
93351 88877 76769 36353 11324 33743 89478 7875 44065 69477 85974 46750 21586 95259 19105 39928 99846 34979 29023 7755 66972 68085 43197 61741 61370 36037 17001 8155 4528 12629 
86866 97878 1506 63635 50583 12829 13729 56412 20703 57793 42240 23028 20894 63825 18286 39999 20104 34483 91329 49126 58590 58300 33562 1786 36393 11283 54174 53393 35790 58701 
66021 22655 72931 83878 86289 39865 96706 16369 96276 17408 90514 38516 56787 11407 18692 91425 67757 38796 25907 75438 4273 84496 50089 37835 2634 86481 49117 56807 39873 1258 
31860 22246 23913 21142 6123 26553 61006 2829 42922 57281 36588 49787 12148 9727 77545 30840 1151 61654 69635 43409 37091 73907 44257 87179 28093 46890 73660 93562 20048 29884 
94819 51907 52129 35083 73048 74604 61636 50405 93784 20909 7686 46723 70695 19833 56449 48239 67024 73951 9892 36658 17360 63334 26917 61616 50513 71361 24857 40524 64922 44904 
70407 76093 13163 38888 11175 2562 29843 72810 52967 23626 10070 77004 70348 80764 13188 43149 45355 80212 17099 71598 33221 50810 34932 60137 12425 1796 47850 53633 42319 12771 
14889 12725 5215 28051 67964 16390 30612 97806 5551 99930 21431 15621 76933 8131 12736 90121 67631 74442 86684 1081 46040 19904 51891 97323 96393 80667 99118 44242 34300 41436 
73364 49188 70512 78579 93590 38476 94968 40553 36281 16870 40483 74064 32490 33767 98546 61578 40239 82528 36019 26922 83608 82058 46826 35498 79380 43218 32517 78497 87459 83168 
36284 60822 32355 6796 39400 25944 61623 50719 82848 97903 67589 23330 88318 16430 73449 3215 78007 13687 85742 14026 40609 69350 12435 87434 21199 8167 47003 53715 3015 34461 
36882 39299 11634 85588 62446 67386 27883 24068 34456 10731 38322 18396 50412 26640 34826 23860 29854 29184 37547 31948 59561 94507 1297 71996 98292 38847 80162 45294 92562 99528 
96106 45795 38826 24091 47735 17623 91476 75617 41690 42284 2699 80012 60679 53111 23003 11856 93322 52856 41040 47220 84803 600 41726 2451 88947 40017 41298 85460 1662 50211 
84988 97767 12357 40165 38210 60091 57788 29685 52060 99477 88320 54758 95840 48999 24220 18842 60854 33894 88050 18245 81113 89204 35197 22839 8007 40495 79207 49304 25955 80869 
15866 27294 94987 28222 83810 33196 4665 41597 79233 56724 57426 67552 27833 69617 32902 68405 88459 10108 2298 92860 44704 83410 82063 79900 22600 90069 20395 18159 55724 62701 
15379 71589 6346 10365 16163 90155 59913 37179 48104 55497 10254 21881 39400 38086 91497 72302 22842 79955 82409 41491 72814 27112 41253 71229 23364 80204 61297 60110 98362 33373 
39162 13740 21313 45507 40457 53827 52013 16721 91005 116 72217 1258 21996 11616 55696 13493 269 94889 9799 99029 36380 98965 26141 77632 70193 65856 57835 47841 25965 72549 
81213 65126 86288 18878 26984 43096 72704 78996 76168 80061 79112 48384 81318 17459 76352 53365 47303 76620 48254 57102 75649 985 56066 18141 78616 42610 348 52802 90450 26312 
25350 88015 7789 27990 6892 34772 71085 95947 30119 47253 76007 25582 11988 73677 43041 4691 43393 90343 81311 7998 63796 73311 8982 36213 7803 3949 78822 8150 56751 85624 
50813 98452 73638 58601 26441 96881 9724 13878 92827 56194 61130 85186 81776 89469 75214 24816 94160 18606 31510 91822 42956 11658 81484 51937 47870 89286 72238 43044 13787 45340 
28667 64599 43791 2304 39551 70232 15536 65626 84109 24714 21819 61590 26251 3594 51058 1464 44761 61569 36422 76271 53390 79377 4280 34873 47665 52149 40510 19902 11544 54296 
81593 40210 35246 25384 58865 74796 95615 74400 40421 96075 15466 78592 57664 41716 82185 25073 59532 26946 86642 95953 19568 56383 91681 40199 7608 55697 92347 48117 91951 3891 
18765 73543 60452 54010 98926 19317 28806 10892 10068 85578 6966 25533 64169 64629 83601 62706 6054 43132 6003 92695 55436 41922 65429 47116 82120 73036 2812 90818 37505 94762 
11060 56269 68305 71512 10278 83582 7180 55435 94474 17247 57365 1439 59132 21533 82420 59084 590 88473 2215 6592 97519 57650 64865 62947 21117 46984 35983 23928 37802 89839 
35042 48861 46107 19698 36724 72736 3279 43903 28171 97752 77502 85535 15543 52985 23419 97962 12068 40361 86434 30634 46952 83952 4635 11817 63250 25751 75152 15584 66030 12953 
5422 1071 78166 67880 20768 31241 40616 40399 75144 85138 38150 68997 87024 53692 38333 26794 51653 66752 67154 54438 97385 30458 54741 2019 42274 34343 27769 33777 49926 93798 
46730 71700 11221 41247 39579 48340 72487 96546 88738 63982 81683 26888 49330 85058 96931 87662 11852 64936 54413 79005 35725 51797 9462 90466 70167 68087 24808 97935 1864 91085 
8085 64945 62784 35657 6191 18715 83996 95029 15260 72734 59011 13295 99621 8340 98352 12903 12354 26555 77838 66766 5560 13563 34915 31373 20380 5081 99460 61539 19368 17675 
52623 43804 82619 31759 79460 5161 50473 63455 189 82084 36188 75551 95378 52160 83891 10082 81415 12596 36636 59252 95713 58547 89166 30627 89920 9545 52060 89379 87435 87779 
23405 40058 31582 6023 88168 27393 11183 38640 90847 11371 20723 43387 86922 32453 11898 87164 42534 93312 16111 95521 68916 11823 54068 58081 42450 43987 83978 10861 49717 71412 
98639 73121 27821 46572 95495 15988 90316 6677 54627 81162 34399 91702 40900 37672 40506 52798 24835 99391 62461 57297 94911 31376 69120 48978 89457 27921 9316 89786 38781 75384 
61197 53771 64856 5370 16694 60350 21357 7009 67026 92336 4522 17777 389 45422 55448 40894 14571 96635 40284 77031 53931 35194 8407 23050 524 14215 67322 26191 20352 6102 
1575 97900 76224 66430 3269 9269 26780 40978 16277 10157 33313 20799 44285 50053 82572 99733 90946 97142 12719 47581 90524 83001 99126 15282 22403 16001 45848 89724 42192 66199 
12178 43766 80451 88401 26547 83719 97670 69678 41048 30298 96187 90712 51096 40471 40764 50019 56555 48061 63512 69273 95641 70388 68626 11119 85669 91028 27119 47869 80751 69310 
30419 92928 29427 10869 97681 55974 10940 95350 42003 51987 25647 38189 42699 93095 78660 83462 59465 35214 47875 22977 20839 43515 93364 89464 70985 95384 80491 98104 43252 77593 
83765 73671 70521 29544 891 68201 1869 11830 79902 43871 63817 21900 82060 22867 14994 77071 22680 90811 28636 70554 13787 65826 30421 23502 71641 1405 18885 68483 15860 78489 
46076 15977 52159 32948 45520 53049 1148 47388 81231 97401 7610 61399 19300 6021 84265 50646 83091 6944 41456 28079 77498 71594 93904 24270 95095 65545 25674 13979 50379 57886 
92467 96454 73862 60977 29401 35733 30378 46900 83120 11608 44300 7081 73006 79952 13102 73622 30597 12544 96917 88404 40622 90766 59997 50878 15035 55091 32774 57061 85421 83152 
14946 94240 95958 88807 71568 25358 24539 1945 88610 24010 29904 49261 31090 19261 29212 60543 92882 76160 73087 89799 64563 30060 96916 40911 80937 11951 12353 30062 69011 97774 
13214 83956 8365 9171 89114 79932 50880 30004 98229 39489 54013 44484 5102 1454 63745 34313 78349 72978 10473 67787 79128 91387 97846 76044 32298 95135 4346 44650 25196 73356 
58775 54761 57311 83491 80283 62776 63423 47515 92779 78003 3355 63143 22486 8456 80948 2582 59121 59296 91912 85945 27082 87391 77331 41280 79786 25980 36414 84131 86982 77961 
57486 62108 49074 31148 45599 45708 93923 25373 9574 3053 3375 12929 66195 42212 37736 63495 61146 96856 22790 69409 82800 66224 56799 76483 7503 36585 2462 60268 37067 89443 
54580 94553 51551 3653 42052 13501 65713 52327 38873 75286 55379 42247 88214 37926 810 25950 1420 78307 39157 24209 47715 21957 6784 4514 98439 14286 57450 17252 90905 10868 
23047 45485 21772 90949 65489 63824 4449 31201 16150 43321 22839 71528 1919 11052 9453 2728 53353 10872 81035 92510 51433 45101 30818 58216 65966 29256 88854 39767 62859 96110 
50635 85905 41594 72406 76853 23435 36229 81301 54635 68730 40973 77473 56610 42891 4877 82414 61971 74581 9638 59357 83442 61070 4457 14259 35637 70423 59866 40842 26541 22725 
36952 77175 24981 78545 49581 1834 1979 2161 99486 72966 87243 40459 66790 43852 83349 88018 26265 45319 62599 35902 4675 46040 13323 25484 76651 65312 12258 52868 6153 38798 
75592 43104 15973 573 38001 81905 18758 56331 417 18243 45648 87659 58701 12438 47862 42050 455 90479 3720 79405 26380 24747 41797 56055 50230 34799 21366 62487 87666 27518 
1284 79610 86974 33608 96534 24974 31864 15291 97656 32281 49885 43304 36291 8586 72093 84153 66987 88899 74631 87058 68304 17362 11804 26452 89768 78385 61250 11133 57223 48915 
55003 74859 28524 58328 8466 25057 83301 40330 56699 97308 88962 6584 40611 41604 31521 12703 25756 98507 1602 16738 85564 86257 50452 13720 12708 40219 92104 73957 67704 49327 
22871 22706 24185 67747 81033 49002 9155 80685 5683 65854 77992 94644 88789 34955 36248 20309 47657 78355 35167 65610 11445 37082 51866 61896 50801 64573 18466 59257 54881 86169 
8583 94104 25226 49119 61850 6258 98120 87356 3294 20155 69561 97638 31150 58349 32592 67397 78657 96600 62104 30175 62210 89900 67257 14075 68147 18057 95000 86612 77313 66232 
72781 2247 60335 14358 67717 38536 20616 65837 25892 40261 2343 95452 37898 33492 53801 70489 17241 48809 67089 95696 95336 45650 85595 62592 76076 53741 97000 87427 40352 74313 
53659 29484 92911 13993 43842 60628 52529 80809 42816 78420 37421 45158 90223 75319 78649 60375 62159 12241 25536 45599 7936 20871 91248 93530 83462 67324 47270 80461 54750 3974 
71125 8408 49809 64036 38753 10002 41015 7633 7162 83830 86052 44583 28987 92626 36253 23987 53001 98411 36228 94888 44010 44163 15758 51609 37693 15571 35284 1314 12383 6386 
21639 99860 31145 71448 80247 69897 81449 21261 77529 88611 5090 79932 49545 50428 88910 85797 90766 41910 84207 26993 53149 44568 87508 85258 12529 41552 17180 47812 42865 45914 
54197 80856 45773 85342 52303 42371 71590 50103 63631 49119 55065 85072 45402 4609 51851 34311 90405 42617 92572 90964 85961 45720 35531 89820 47329 48059 31371 64508 95871 90588 
10422 66419 71443 72546 68112 40097 14917 39702 90199 94899 5172 45264 96323 50573 49872 64525 84884 40277 23493 93807 31240 25806 55879 83122 15625 3207 31181 46996 67715 43403 
53935 94488 26173 25377 67033 94285 65473 98301 33986 55671 9552 39157 17286 5874 6081 67158 86750 7316 23786 10243 1123 71377 36048 57001 54498 51672 60207 2030 15019 44273 
61784 68953 38760 4309 10681 22145 98593 76153 36797 48930 48176 46348 4438 65461 68573 10518 48970 55323 17834 89107 65565 35308 60483 17964 92308 31333 69635 68866 49714 1006 
13139 11498 69958 68250 15806 80639 90394 30750 73143 27191 79679 37670 89890 84116 3131 58463 10985 68452 13785 45170 57559 95701 80477 18041 13664 89136 65725 99650 58002 15439 
655 87492 43288 86965 55741 75445 83955 62487 6194 73449 6029 2224 11119 95918 86339 30601 54380 13675 99052 84516 58845 56610 96568 39321 91003 10231 28457 56727 26233 2810 
72165 43239 90301 31804 46555 62393 7248 30509 24879 13441 20310 47259 15664 31428 43177 18354 62028 13908 32029 77431 14776 7225 50393 11343 46545 41395 37926 75001 14473 64158 
94162 2990 7396 84462 34793 53951 46855 42041 811 71733 71833 21120 18992 87497 68899 78520 22202 30926 8779 70582 24709 23554 77806 75101 34897 24351 16495 89174 15703 47319 
53331 9865 50308 77078 10678 85101 47380 57532 27141 64543 45617 98973 2014 80960 2821 70913 75831 41375 18190 84609 11956 42898 8163 89762 17998 59411 30464 50844 64936 62518 
98163 18266 88734 48470 11695 99412 49922 75427 56943 77062 39969 18911 92387 41982 99870 11559 29246 75700 52933 47436 76661 81241 90333 1175 87354 8331 60585 17817 59174 25520 
96686 57336 60137 85420 22158 88183 1183 72079 63609 74477 65493 19929 93388 74231 78263 9609 85789 7508 1661 55074 54943 78321 36314 45276 79495 23667 69958 56431 57835 29131 
98302 70872 2819 74790 72643 24976 62972 73825 97054 42933 48302 78898 79213 58041 53128 57475 67649 38917 81335 69309 10342 52629 63981 63007 14256 43475 3025 84213 16257 60859 
29696 14558 48082 32514 89347 20725 73841 68671 94549 87246 11603 42850 66144 7167 17242 19271 80994 84891 74539 62328 70551 1232 31308 34532 64238 45564 94358 67262 46128 26967 
44472 75823 41524 92554 24688 47223 13278 14880 15893 24178 2126 43847 83380 84621 51013 621 20243 32006 85511 11134 10685 72414 12365 41993 23297 76603 3908 34006 43864 50035 
60972 88336 25858 2496 97241 66897 66070 10518 81777 81962 34695 254 42160 18074 84874 93172 35047 21468 41530 20557 32601 68566 9322 61318 26910 32618 54272 30817 66624 14487 
80852 27595 19174 6709 46442 16414 89957 12511 43283 71733 10824 94330 71986 52983 12403 73211 62507 63801 94679 20388 84358 43631 88953 93679 21300 15863 42649 75571 63031 9272 
90058 43882 36866 9231 66942 99660 41997 56899 12170 85279 28631 39346 79608 16969 8680 8363 90179 87538 72163 1209 7925 72872 61192 13230 82903 82491 45444 25551 74414 8474 
34822 80823 68708 88039 90053 35649 87698 32049 8899 16220 33680 37530 55565 13287 70850 80596 38001 77380 68134 10164 78589 92410 83035 56132 5639 65937 38622 67434 91487 29387 
92260 42660 10209 60967 30699 262 96615 34748 48662 21866 50967 98693 59395 22883 11980 46596 3479 49980 23975 87964 76495 2563 80373 59530 75046 2364 41818 13668 69797 49657 
43054 78408 92316 69615 39374 39366 86228 52341 74114 34889 74206 25080 33582 49952 64315 61913 96547 67793 28244 36873 55756 4739 55788 52480 80620 30833 54843 22437 44500 40992 
72093 3906 19399 80761 89872 75125 20126 76099 27465 94239 10987 18022 35671 60920 84325 99985 39184 80871 84129 67428 17743 56236 88518 89882 25067 69137 20715 79910 7925 81566 
20901 96370 85471 56651 77130 91694 31775 13607 67792 75591 24198 78779 93612 59868 56050 77936 76204 11586 75158 76684 95365 9253 49271 83882 99134 74337 53018 19848 54246 60942 
1414 91498 73663 3236 64501 50792 94930 96275 64399 62721 71866 4948 57851 81829 64815 30253 76117 57370 41838 67626 50405 53554 93230 99675 37435 92364 74011 6804 28563 44609 
67745 46328 52458 57760 65916 16958 8551 77197 29585 89301 56269 17802 94248 30472 99630 75414 60724 92098 49135 18913 76076 99539 72466 69305 15565 26252 61668 5928 33055 6583 
66888 17151 52910 19345 74910 35177 52655 83461 12373 82239 89113 68642 40 99713 99113 16021 91478 76188 8119 40613 11452 546 56503 269 69850 88420 26520 31518 94347 59574 
54452 61234 76724 7361 96930 67986 58890 49584 67798 71262 31822 56910 56255 48213 72974 55367 64234 64452 47906 88704 21416 59357 89249 94270 75977 59098 82689 2496 6967 77035 
78421 61418 54620 71497 85131 51550 39482 44020 17485 7279 31633 49307 80540 87888 13871 53514 59606 78104 17965 7512 83159 55732 83220 72407 50001 59197 47857 32690 61692 54823 
26076 56465 32593 80696 27961 34075 48597 67442 78094 66081 74720 26078 31739 55259 13965 45610 25124 73571 23713 59440 81082 6872 15171 80653 95630 81524 39849 43486 30565 17893 
14661 56640 74357 47253 53687 2317 81327 2283 86110 75772 84716 77181 18201 16454 48791 32166 62063 73915 22088 2128 33354 19521 25351 48525 173 20980 46400 40022 80818 76964 
57914 95478 49955 48622 59082 3642 50938 56760 22276 53399 48883 23343 30579 67083 39797 79369 15600 18211 53283 37687 20338 2989 57207 45688 67865 57380 83020 14264 13753 63837 
91227 88018 75666 57533 36639 51099 77526 3928 7858 99802 57326 73092 39496 87904 40174 79292 83624 55774 97503 36907 9812 34192 39895 67019 79880 7759 40750 79251 38374 54502 
59439 45952 42519 35104 3484 79157 2554 81010 99436 10411 97163 56761 99854 36658 61016 40027 15950 44639 12152 29804 97897 21964 63995 54143 5334 60226 78253 46083 55828 16626 
