96 64 7
21 46 56 11 20 3 42 80 61 87 63 73 69 93 72 15 82 1 21 13 42 91 62 93 19 76 86 36 23 1 75 43 47 82 5 18 37 46 97 97 85 11 70 53 55 41 20 36 94 92 100 35 34 62 79 52 89 16 87 12 17 13 6 15 
95 11 32 31 8 28 79 92 39 48 97 45 41 68 81 34 11 80 20 44 41 99 47 30 14 85 93 30 98 98 44 44 60 27 26 68 7 4 11 45 52 59 41 92 78 21 77 88 1 96 83 93 94 29 74 8 14 18 89 63 16 85 6 27 
11 31 46 69 34 57 65 37 67 6 80 97 26 56 84 78 4 19 23 97 47 96 56 12 14 97 74 81 81 79 7 43 61 53 12 47 61 76 83 79 81 15 75 59 22 11 36 25 81 58 74 79 6 81 91 71 77 64 51 9 95 9 4 7 
13 67 53 25 94 88 56 27 2 82 85 75 44 72 52 24 30 25 3 87 5 45 57 82 60 59 42 54 19 45 13 32 11 65 8 5 4 63 31 57 97 67 32 40 38 83 16 19 59 18 5 63 14 13 96 73 71 90 79 90 34 91 73 97 
7 80 1 11 95 83 67 91 49 98 82 86 32 97 57 90 66 61 5 79 74 52 4 44 41 82 85 27 24 57 23 30 89 75 92 35 57 59 25 57 8 6 94 92 3 50 81 20 11 37 99 36 89 2 31 81 35 16 7 58 24 29 39 12 
3 31 46 11 41 22 67 48 80 61 39 34 62 72 53 24 8 3 59 48 56 90 29 90 5 35 99 80 64 90 44 18 20 89 29 60 63 95 59 42 7 98 27 21 21 79 44 28 82 3 76 89 44 56 79 48 90 29 79 5 18 22 23 37 
63 51 48 25 97 7 18 56 56 44 76 76 74 19 55 7 21 82 96 16 37 74 15 27 54 94 83 72 15 5 60 77 55 8 53 52 66 70 7 73 13 82 48 39 52 54 45 25 36 40 40 24 65 55 2 19 48 85 42 62 89 1 91 96 
60 43 47 25 13 5 97 77 38 96 67 41 50 12 65 37 3 5 60 68 11 62 38 58 98 79 71 86 79 13 81 39 56 79 15 20 35 64 48 24 59 15 65 60 78 29 48 80 85 8 47 95 21 36 4 70 14 75 55 45 87 88 35 94 
18 49 65 53 64 13 28 23 79 92 34 56 21 82 35 57 41 34 52 13 69 55 82 35 81 88 79 20 27 65 13 45 65 78 49 29 42 76 3 20 68 36 75 40 69 61 96 9 94 99 73 63 6 6 49 86 46 27 5 72 43 18 68 7 
47 16 35 88 44 37 7 63 25 33 54 93 93 1 54 87 100 78 1 5 84 49 42 29 27 47 52 69 16 20 27 62 87 14 1 30 50 7 44 26 39 97 71 31 98 76 69 49 53 69 5 88 69 46 16 47 44 20 15 11 39 94 24 25 
7 24 7 8 82 50 34 20 99 56 3 96 31 23 96 83 44 52 71 12 97 38 59 93 57 25 3 47 18 79 24 76 2 30 84 84 79 69 55 77 24 57 24 54 32 71 88 75 22 10 86 71 48 96 63 56 73 17 55 42 95 78 18 49 
7 1 32 37 21 38 66 44 47 41 97 78 12 84 52 85 94 37 55 93 85 69 100 57 38 6 98 84 83 15 32 41 67 15 30 87 53 95 82 99 87 78 76 50 14 27 35 59 15 89 3 51 58 54 59 95 60 57 78 42 23 62 35 42 
76 64 80 80 10 62 78 96 39 5 46 4 83 32 14 50 20 68 100 29 22 59 75 33 67 5 74 41 66 60 82 93 23 62 73 32 23 2 80 13 59 77 69 41 8 82 42 79 2 42 60 23 52 34 55 70 90 80 10 55 40 44 100 14 
5 72 98 79 25 77 91 83 5 11 76 64 45 17 42 46 10 1 20 13 87 26 82 76 5 92 83 96 35 82 62 91 5 59 69 81 87 11 64 91 22 91 6 18 7 47 63 17 100 82 29 38 59 63 13 63 6 47 11 92 28 72 82 84 
82 2 65 68 64 80 10 37 70 15 54 76 13 68 44 64 1 25 1 59 87 66 74 92 12 84 83 92 7 16 75 40 69 39 59 32 70 20 69 39 86 74 67 98 42 62 62 42 86 14 1 24 79 74 67 43 9 1 34 67 16 8 58 84 
99 16 68 20 35 36 59 20 61 77 69 2 38 82 44 24 96 96 47 26 21 14 20 29 66 53 47 82 13 4 17 63 71 84 82 5 71 92 76 32 68 96 85 6 78 28 81 25 75 79 2 95 44 22 75 10 74 21 43 86 76 59 100 46 
95 82 2 17 25 77 100 93 73 85 50 2 64 82 26 39 60 27 33 56 48 8 65 74 80 7 11 56 17 11 53 63 44 55 80 20 83 31 12 7 15 13 60 79 94 37 69 6 64 1 61 63 60 25 88 92 83 99 99 51 61 51 14 56 
57 45 75 92 75 87 50 42 51 62 20 45 98 40 50 61 92 62 76 52 38 63 95 72 13 93 22 73 95 87 28 4 31 3 47 58 41 48 99 91 9 70 87 7 9 88 19 100 49 94 3 86 9 97 57 21 41 31 94 88 17 73 43 100 
75 41 57 67 88 7 58 97 76 96 55 84 84 73 35 84 19 38 22 79 86 30 99 79 60 44 66 29 69 60 80 43 100 88 10 87 94 19 35 69 14 41 4 49 14 90 33 84 27 54 62 65 83 12 43 95 8 60 23 76 19 54 70 70 
41 31 8 34 49 43 54 15 83 9 15 48 98 47 83 25 52 96 41 87 8 83 81 67 94 55 42 64 8 63 33 48 94 40 33 94 34 86 60 69 94 75 68 91 73 51 67 25 46 7 11 5 41 43 23 86 49 64 49 8 27 33 7 72 
25 39 65 58 76 25 78 69 51 46 11 23 48 78 47 45 36 9 50 29 3 72 14 51 88 15 58 66 99 16 89 23 54 53 33 29 29 62 49 79 7 60 2 54 89 100 99 76 9 100 56 11 23 70 14 62 36 23 27 34 39 15 9 92 
20 93 73 100 54 21 79 13 32 32 66 72 31 16 100 91 67 55 2 42 76 67 3 11 89 82 97 27 48 57 71 67 49 43 19 54 15 97 66 99 28 84 70 10 99 21 1 18 76 54 59 51 20 61 14 8 94 62 35 42 18 5 60 18 
99 78 71 65 26 37 63 5 20 85 15 70 5 15 87 80 68 97 31 39 58 96 46 51 57 32 44 26 88 4 43 86 81 13 51 7 49 65 63 20 49 77 90 54 43 28 33 62 25 15 100 34 62 46 36 18 29 80 43 17 83 85 54 15 
50 56 73 50 21 36 70 69 12 11 22 7 90 7 68 14 21 68 47 83 65 35 52 93 14 47 61 96 31 15 62 32 70 35 82 90 22 3 11 33 13 32 91 2 90 59 68 11 78 66 45 94 100 48 38 13 94 99 60 77 13 22 8 34 
8 41 76 29 43 86 13 7 17 4 61 7 14 28 69 91 45 65 36 45 64 73 9 58 71 69 86 35 42 45 69 49 86 44 29 28 29 41 87 97 44 47 55 57 74 75 99 70 91 34 14 55 7 23 64 29 43 1 64 36 45 84 36 30 
27 64 10 7 4 48 55 100 94 10 8 19 36 59 88 27 92 2 33 50 76 96 31 70 96 46 5 92 29 40 74 7 55 35 13 58 82 19 9 75 80 17 93 16 27 32 94 70 33 26 20 60 73 2 81 20 47 37 11 75 76 36 81 30 
70 45 40 51 63 100 77 43 16 21 10 42 53 55 12 37 80 83 97 4 84 29 23 82 66 85 56 93 21 88 75 90 32 14 93 46 13 69 40 81 90 1 74 94 55 37 30 34 71 78 89 6 7 11 87 72 96 94 64 68 81 90 9 64 
3 1 10 68 22 1 100 63 2 25 56 56 62 85 42 84 63 30 90 69 93 28 92 40 22 7 7 2 97 15 18 51 68 27 70 89 79 21 51 80 46 6 88 59 90 29 42 4 10 83 24 2 63 67 41 84 74 47 37 22 14 54 24 81 
32 94 21 11 14 71 42 11 28 29 21 69 57 15 73 19 97 48 20 11 15 13 94 88 11 83 61 24 88 84 56 20 29 76 30 95 98 71 5 25 52 26 94 60 40 18 78 88 65 50 99 79 62 44 18 72 78 78 96 66 14 3 85 42 
31 66 88 28 88 93 5 39 70 50 51 61 67 28 100 31 77 50 62 38 46 31 62 23 61 9 88 74 11 24 67 41 41 55 69 81 99 25 19 20 74 69 80 40 49 31 22 25 81 35 15 78 66 76 52 26 84 92 99 46 15 17 87 8 
71 7 88 69 31 58 88 4 79 19 95 27 50 68 3 82 3 69 11 68 96 62 93 79 53 43 77 68 59 63 27 30 21 14 50 3 71 90 58 49 8 52 27 9 71 82 42 73 50 52 40 46 14 84 76 66 26 52 85 37 66 63 18 38 
76 67 40 99 8 49 99 16 52 26 76 23 59 18 95 8 21 87 5 34 70 81 52 48 84 88 36 50 51 53 87 78 71 79 76 79 27 75 46 79 52 73 1 10 90 47 69 11 33 74 96 55 6 99 2 89 87 89 90 89 41 29 66 63 
59 42 93 37 68 38 15 71 63 67 80 52 14 100 14 98 25 62 52 30 60 5 71 46 93 12 34 85 92 52 48 50 93 40 87 12 30 53 82 92 72 13 95 37 12 61 34 37 22 38 18 81 42 40 27 35 52 12 19 43 63 18 45 7 
58 31 70 39 35 51 30 6 15 76 42 79 36 28 15 57 65 84 38 6 24 16 92 75 27 63 69 42 80 13 100 89 95 70 27 30 72 8 87 87 84 81 65 19 8 31 76 24 14 65 81 37 80 73 63 6 87 84 99 66 96 99 7 43 
68 33 24 39 41 10 77 76 42 41 94 1 71 21 24 37 85 5 25 64 29 40 22 15 23 20 32 70 18 38 12 37 71 35 28 63 97 4 38 38 45 83 39 67 4 14 3 88 18 28 4 46 67 25 12 89 96 44 10 14 81 22 2 3 
8 29 65 4 33 2 94 29 37 84 95 40 49 98 79 67 77 82 64 43 6 28 83 2 71 44 67 51 65 20 54 73 49 70 28 81 24 73 61 60 56 55 99 57 52 77 23 80 11 38 74 68 65 8 21 87 52 87 38 16 7 43 40 7 
12 20 39 35 92 99 94 100 53 44 56 57 21 30 36 83 19 10 50 84 17 71 70 68 9 59 36 15 1 75 73 65 94 11 99 38 9 45 37 14 88 44 22 60 73 57 42 91 18 92 26 87 62 48 6 70 6 93 37 59 68 61 23 13 
72 73 2 32 17 38 97 5 33 18 16 5 75 58 96 44 1 21 82 14 20 88 35 26 80 71 36 99 32 10 64 55 82 17 86 51 7 35 7 39 52 22 44 78 79 91 22 79 63 3 44 83 42 79 8 74 49 95 24 32 4 87 38 37 
4 76 87 10 10 93 48 61 15 43 39 45 33 12 76 96 66 19 78 60 97 37 33 98 83 56 81 86 95 19 22 50 46 61 11 55 53 10 67 19 53 57 64 37 68 91 32 86 9 61 45 58 49 77 7 83 84 87 68 78 57 42 79 2 
54 89 8 58 99 75 77 3 83 92 39 51 34 71 36 42 83 80 51 84 8 57 66 91 96 86 21 52 79 99 6 32 40 65 41 38 91 17 40 74 60 78 24 93 100 11 87 35 42 37 70 1 46 87 91 41 72 63 44 2 14 1 85 53 
66 26 42 8 94 33 81 54 62 56 98 14 18 84 48 59 73 69 59 18 55 2 10 27 16 5 80 29 6 65 33 23 42 74 30 35 58 11 40 20 18 38 33 36 21 32 46 45 100 5 62 54 58 23 32 73 28 12 54 33 28 86 55 69 
12 36 3 69 98 95 88 16 32 72 3 4 3 48 49 2 4 62 56 13 85 39 86 64 50 39 96 77 76 2 97 87 89 52 8 87 46 47 54 29 19 56 32 73 55 32 75 11 46 82 23 82 20 8 45 22 98 92 50 74 45 47 12 33 
98 71 71 43 18 24 23 88 31 54 60 86 38 34 96 35 67 18 16 39 78 12 60 75 3 9 100 47 7 12 31 4 82 2 98 51 77 20 38 8 26 98 93 15 83 40 49 2 57 64 40 34 75 51 61 29 11 60 27 18 23 9 21 57 
10 71 7 87 42 45 94 67 42 38 33 76 77 81 77 85 96 16 71 22 18 31 50 29 42 28 46 65 37 18 21 98 40 79 84 82 23 29 100 16 18 33 92 46 65 20 83 61 88 53 82 5 35 84 33 28 63 30 44 99 100 16 97 39 
95 32 20 17 13 72 85 82 4 76 28 68 47 10 80 34 14 14 39 100 49 23 27 11 53 71 10 52 86 58 42 80 89 14 49 53 85 33 35 40 60 62 59 6 23 39 40 36 4 78 35 52 52 13 62 4 83 23 7 69 80 1 100 69 
14 48 73 50 80 7 89 39 68 99 97 42 37 36 29 92 65 15 43 16 28 5 72 10 79 30 30 59 30 30 79 95 29 51 44 61 58 84 51 77 83 47 19 71 82 99 63 46 14 5 14 41 61 85 2 40 66 32 50 96 13 28 42 41 
78 86 53 87 21 4 64 3 50 34 74 84 32 88 81 97 44 94 37 5 30 39 96 96 22 45 43 34 24 84 26 1 21 79 40 42 34 55 96 83 88 21 66 71 8 99 20 52 92 56 8 74 46 55 21 67 51 63 100 74 98 26 26 71 
56 65 64 89 19 59 23 58 80 41 81 39 39 100 42 30 7 1 55 53 55 75 19 57 89 19 30 87 96 8 9 3 72 72 43 43 82 65 100 13 5 32 52 43 83 45 25 90 46 31 42 52 6 60 61 94 30 90 32 25 97 92 79 21 
63 21 63 45 86 14 57 42 98 60 37 80 57 61 69 54 43 10 57 48 22 17 94 51 59 77 28 7 69 6 27 83 79 41 79 64 7 88 5 4 99 93 35 55 5 4 8 48 65 65 95 38 33 40 89 91 69 68 98 37 25 76 71 3 
17 50 66 75 89 23 30 87 15 64 42 72 19 1 19 36 65 65 73 50 5 13 40 73 80 37 61 5 65 83 7 33 84 25 7 72 99 36 59 65 51 100 36 70 52 54 5 69 19 77 18 75 42 57 99 21 46 11 77 10 93 36 42 77 
12 100 48 10 35 6 26 85 57 14 6 9 67 10 77 37 39 46 63 80 2 61 52 47 71 29 8 64 64 1 92 27 100 39 36 86 97 13 23 5 26 28 65 45 38 93 33 28 38 96 7 40 56 58 38 79 38 46 94 53 98 85 79 98 
75 66 83 71 79 5 76 56 85 40 100 74 33 33 1 70 28 59 61 35 68 99 65 6 96 58 58 93 94 89 42 69 54 25 39 84 81 66 40 65 6 39 38 90 23 90 11 2 48 72 37 16 22 53 73 17 63 82 61 56 70 3 76 76 
79 67 59 11 32 50 28 89 89 17 78 63 7 41 65 6 12 53 21 33 5 45 1 67 27 61 75 48 15 50 23 45 16 34 56 100 83 35 88 23 51 18 86 9 58 50 15 69 54 87 53 58 32 53 77 10 65 51 57 32 52 32 76 20 
65 83 19 99 17 6 74 20 75 59 28 32 60 42 100 13 81 4 22 12 56 98 73 73 100 29 4 4 12 31 23 28 14 41 27 82 98 100 1 73 10 29 4 21 22 56 85 2 11 6 65 67 56 37 91 7 18 46 10 81 76 32 9 41 
24 87 23 74 38 75 98 99 55 53 19 77 8 3 30 19 60 95 37 15 83 79 22 52 24 83 33 51 15 93 92 90 79 66 15 16 40 12 14 95 65 84 23 24 86 52 94 97 98 30 64 33 60 37 84 83 19 68 34 85 60 77 75 90 
42 89 5 33 1 70 27 17 5 1 40 42 5 34 39 2 15 2 34 75 38 70 9 56 89 94 41 49 70 67 38 11 7 95 96 59 16 22 75 21 75 15 62 79 100 52 80 14 53 66 40 42 87 49 50 75 94 42 23 64 8 13 26 66 
7 21 25 74 95 51 94 69 17 8 47 16 59 78 82 12 95 21 5 81 21 54 8 67 95 82 30 54 94 7 72 52 80 96 26 74 98 19 94 15 26 40 30 85 69 63 48 64 36 4 96 56 58 3 74 4 85 3 10 78 62 81 30 41 
76 55 66 73 25 59 39 3 50 69 39 18 31 86 33 66 89 29 74 98 31 47 2 15 2 11 45 15 43 26 55 18 32 20 42 56 30 81 10 79 1 48 48 83 85 81 1 74 9 26 23 91 24 76 58 77 38 2 91 80 79 97 49 10 
16 43 17 97 75 27 75 75 74 23 9 11 3 9 84 63 86 58 53 10 34 10 86 71 63 77 3 41 25 51 50 41 93 19 37 67 45 64 93 70 86 2 80 40 62 15 2 48 25 54 9 58 16 94 80 78 22 82 19 47 85 68 39 77 
86 27 96 82 90 88 4 27 41 83 66 3 50 19 2 74 25 10 83 40 3 14 17 77 48 87 23 32 55 13 60 92 39 55 26 81 95 29 7 35 63 25 37 64 43 90 89 19 99 71 58 2 37 27 30 84 13 4 15 19 16 74 63 6 
81 40 86 75 68 93 9 82 69 98 98 63 87 86 82 86 9 91 39 45 69 20 28 82 23 94 52 38 19 14 43 99 53 29 73 72 73 34 6 93 31 3 55 69 88 88 6 48 79 96 92 47 15 71 80 37 64 32 74 83 97 69 81 2 
49 6 25 21 39 30 13 21 84 19 41 24 59 47 71 37 42 15 35 57 85 67 93 49 50 19 83 98 87 63 99 35 20 76 7 10 57 71 30 41 41 23 16 99 69 86 87 62 52 22 18 37 40 63 37 89 81 19 86 19 33 37 5 53 
12 63 14 68 33 44 60 25 18 75 24 86 13 10 47 64 83 17 52 22 79 88 62 11 58 100 81 91 36 85 95 99 99 8 18 31 3 78 55 20 4 30 57 16 40 56 32 22 72 83 96 2 23 57 12 80 56 44 70 43 80 16 41 78 
76 59 8 78 88 14 50 91 44 58 59 35 13 90 8 84 24 3 85 46 12 48 26 19 91 47 62 22 63 54 99 90 64 58 67 51 24 68 94 67 26 52 53 38 93 60 74 68 15 10 14 78 58 91 96 100 37 9 22 51 15 20 40 78 
78 59 81 53 26 74 71 3 77 23 93 21 34 66 88 48 75 53 77 84 43 73 36 80 33 57 82 99 28 22 29 57 80 9 9 57 34 79 12 62 53 4 82 87 21 21 86 47 26 63 83 68 87 18 99 19 26 81 70 53 54 98 62 85 
58 22 41 91 1 4 52 53 59 85 91 79 57 77 78 82 39 60 2 25 77 100 95 54 32 64 6 37 13 19 21 70 41 14 60 93 17 63 97 76 99 88 6 8 64 83 41 54 94 42 78 22 94 24 75 77 88 33 14 52 51 34 22 43 
47 33 35 16 96 32 43 46 71 48 5 86 83 46 39 76 87 68 50 80 91 24 57 30 56 22 82 7 55 3 49 54 87 36 21 82 19 63 80 89 62 84 26 96 29 64 24 68 31 73 99 73 96 7 3 52 28 36 10 35 90 10 88 76 
97 8 10 15 22 89 55 35 24 80 31 5 95 54 24 25 78 22 50 73 81 52 76 8 39 37 94 28 47 81 3 43 40 12 10 13 52 64 48 28 96 30 32 90 35 55 67 12 28 16 36 8 67 64 68 5 100 61 84 98 94 86 93 85 
50 2 50 53 17 97 80 12 78 63 54 12 69 20 75 49 35 62 56 1 25 75 57 77 88 40 26 33 77 18 17 26 71 66 31 40 14 10 51 43 25 56 6 93 75 32 41 9 94 49 61 70 23 69 46 62 60 72 94 37 41 63 14 12 
80 44 51 46 6 53 88 30 61 94 74 35 25 15 44 70 63 56 40 37 25 37 99 84 60 44 72 53 6 38 64 86 33 66 83 38 70 70 19 30 15 93 17 92 7 12 13 21 67 52 57 43 41 7 79 52 3 50 4 8 39 67 45 72 
84 27 9 6 49 80 87 15 72 3 6 78 66 71 50 33 74 58 27 14 65 5 66 67 7 69 26 45 88 71 68 23 49 77 80 97 8 67 12 79 21 69 8 87 39 57 71 13 14 49 78 30 54 43 48 12 64 26 8 3 48 76 25 96 
4 5 45 11 23 8 89 95 28 48 33 19 4 55 83 69 4 60 51 9 55 50 20 18 75 79 72 22 54 96 18 9 52 14 19 74 21 59 21 100 58 53 18 13 8 100 82 63 60 84 71 66 33 42 35 8 72 6 81 78 1 50 86 5 
63 57 30 35 67 50 35 25 55 52 37 14 52 70 76 63 53 98 28 38 91 62 45 62 19 25 39 71 27 25 75 89 33 5 24 99 6 10 23 60 61 12 25 64 81 100 78 34 97 57 23 39 18 67 1 88 43 39 59 21 15 33 10 47 
89 85 98 47 94 72 6 6 83 31 22 64 82 99 49 31 56 71 69 25 89 69 13 83 60 23 4 26 7 65 73 96 49 22 94 94 93 51 51 76 81 72 91 15 23 39 97 30 61 65 54 1 86 18 83 97 92 38 22 99 2 46 46 2 
67 39 95 60 89 46 87 22 69 77 36 91 67 84 20 79 100 26 79 85 95 61 33 87 51 55 37 52 52 82 54 19 20 100 30 60 45 68 81 66 44 68 8 62 51 80 40 51 5 18 87 51 30 20 89 80 26 25 84 77 6 37 47 77 
36 76 37 33 43 69 50 38 89 57 51 39 36 90 41 92 59 80 95 89 51 83 20 76 8 3 52 65 39 51 94 27 26 82 11 21 2 60 10 90 68 61 81 4 2 73 47 61 52 41 1 2 76 72 29 35 75 33 51 65 83 44 43 60 
77 53 80 79 64 42 68 32 54 100 87 55 73 85 67 24 78 19 78 53 91 6 87 17 38 37 33 20 33 76 80 9 80 11 39 96 4 7 27 57 6 65 12 78 1 30 54 78 1 31 30 91 88 68 59 78 57 91 97 89 18 28 49 98 
91 88 45 94 46 23 51 3 87 14 81 87 95 86 65 95 68 46 37 55 14 95 32 22 38 81 10 55 60 10 4 2 97 48 48 42 70 98 45 8 63 77 95 57 14 11 52 81 8 88 87 73 35 71 94 72 51 55 26 62 65 82 16 13 
29 63 7 99 60 51 6 74 79 52 82 44 14 85 24 74 73 62 46 59 32 92 30 34 98 7 48 62 88 63 75 69 25 81 19 36 83 24 9 13 28 90 56 93 75 31 18 99 44 64 9 76 7 90 61 4 96 8 18 36 22 44 56 46 
24 74 81 58 49 41 22 76 83 29 21 9 11 38 59 54 53 67 81 11 56 42 15 3 1 32 90 23 27 45 20 50 18 53 59 67 93 32 94 27 60 66 35 70 4 45 23 8 11 4 19 18 97 85 21 97 68 62 71 94 7 91 95 76 
95 53 42 39 36 88 66 95 53 52 16 8 97 90 16 7 93 34 77 41 18 97 90 85 10 60 30 16 2 24 92 96 28 85 35 63 72 52 57 77 3 24 84 51 13 99 10 58 84 86 98 53 34 87 89 43 99 18 59 52 41 2 100 68 
38 86 30 62 89 38 38 91 61 21 94 26 72 3 83 55 88 80 60 21 19 48 63 69 66 73 72 58 74 23 26 64 8 7 25 48 97 62 39 57 34 84 82 5 86 16 12 73 96 71 45 66 18 59 86 35 32 57 93 57 80 70 20 39 
76 44 87 72 57 77 81 91 60 14 95 97 30 58 21 77 28 65 94 46 23 79 32 6 87 24 15 66 93 86 57 21 82 95 92 38 71 24 28 82 90 75 78 19 32 98 47 12 14 40 9 88 70 40 94 56 64 60 74 8 45 30 28 26 
76 72 64 46 47 43 79 36 69 8 6 53 5 52 64 70 43 72 57 12 11 50 20 26 61 93 86 6 74 65 31 49 88 46 46 35 89 24 22 9 31 28 61 87 31 24 56 26 47 12 89 10 14 8 87 74 100 72 31 25 89 62 73 76 
7 70 62 47 45 84 56 27 63 68 13 45 44 20 70 90 84 59 99 49 66 86 74 18 9 5 42 97 18 67 73 76 88 34 23 33 69 30 59 31 49 24 76 92 43 97 82 78 55 80 26 73 17 52 42 26 56 35 22 73 53 46 48 41 
80 22 73 48 3 83 31 52 6 58 95 1 54 76 78 61 8 56 85 24 7 26 1 62 60 23 86 65 68 85 5 99 59 29 99 13 11 29 16 17 38 11 17 91 86 46 51 45 1 87 69 7 12 21 20 24 95 57 88 15 94 44 13 52 
72 11 16 82 91 32 50 28 42 66 71 79 64 73 24 64 60 44 23 71 64 42 46 59 51 85 73 44 28 37 95 51 100 10 33 42 93 82 22 34 100 92 65 63 64 88 78 75 83 100 98 46 94 43 56 44 80 80 87 7 69 33 58 68 
42 42 9 35 75 82 20 26 73 84 40 89 23 18 15 5 17 12 3 62 7 58 5 86 90 91 44 58 23 53 77 17 94 37 3 21 19 22 46 91 58 86 31 80 55 46 37 23 9 39 85 15 96 89 52 37 32 48 94 54 100 70 22 46 
7 24 66 25 98 63 67 7 48 50 38 54 47 74 77 7 12 61 74 60 49 25 96 80 72 90 86 24 11 59 69 69 35 86 93 32 48 12 90 48 13 27 1 11 1 77 17 12 37 90 71 38 15 67 69 38 8 6 61 70 65 81 39 99 
66 83 82 14 94 71 13 58 97 13 68 49 90 85 13 78 74 83 15 40 1 36 30 60 41 42 30 5 23 68 55 88 50 36 53 96 58 65 53 7 30 73 55 19 57 67 96 82 2 63 22 54 98 51 14 38 92 95 95 66 62 49 6 63 
37 58 10 46 75 63 52 4 87 59 74 43 77 69 24 78 83 97 84 80 47 49 70 91 43 64 56 56 64 61 70 52 71 80 98 45 94 1 100 80 59 25 22 36 45 97 65 28 94 48 7 40 48 28 82 90 91 38 97 7 98 67 58 20 
46 7 16 39 8 15 18 66 91 91 53 36 87 18 63 32 17 21 24 65 49 5 6 39 42 3 97 92 69 7 11 14 13 79 4 20 45 73 38 36 15 90 71 53 59 33 85 28 53 8 92 1 12 97 92 6 99 88 97 19 94 59 32 59 
89 87 78 34 59 67 69 25 9 39 78 19 71 62 46 75 69 37 28 80 86 19 85 36 58 33 55 4 44 38 62 32 25 91 65 35 58 33 60 18 23 37 36 45 50 82 72 18 70 99 49 7 17 86 43 26 18 97 29 13 86 90 45 10 
81 61 97 90 46 8 7 68 96 94 65 45 27 36 14 49 34 62 55 2 47 49 27 17 97 8 29 83 97 25 44 29 38 40 70 83 47 28 2 94 22 18 38 100 53 51 48 38 65 3 91 11 3 18 79 100 77 60 82 25 36 77 54 73 
17 75 7 15 3 61 9 24 78 98 23 83 1 23 20 65 77 11 27 79 80 58 30 8 17 11 32 4 40 37 77 56 12 35 22 14 95 82 89 25 32 63 59 32 85 30 48 13 40 74 92 71 31 21 78 99 84 62 3 23 98 31 30 9 
17 3 74 64 85 62 40 68 77 98 99 13 27 46 26 19 71 17 41 54 89 19 4 24 32 58 46 29 40 27 38 57 30 63 20 66 25 59 33 53 8 31 65 34 28 90 52 50 58 93 55 99 63 59 22 94 16 20 22 56 46 11 64 75 
