345 3 1
81208 46994 25240 
46334 28949 6872 
38855 64562 77945 
92012 87373 90505 
8296 82745 49432 
68126 12697 39384 
10616 33834 53064 
64757 60854 20920 
13729 56786 24171 
28898 23730 81925 
20729 21289 28919 
45968 67622 57867 
69192 22828 38780 
63488 14839 42504 
53992 39486 25248 
19775 23964 37944 
75510 34579 88129 
28574 15687 65334 
65845 29415 22119 
90016 74664 62200 
88292 11744 83488 
33562 74064 67461 
7780 59607 6640 
46559 23094 21478 
5414 93437 60964 
30661 13212 1279 
84956 88721 35857 
89437 33646 67895 
54770 99491 13661 
93241 5858 88324 
55440 10501 67 
55280 44063 90482 
39092 68194 50088 
45732 14753 89533 
83561 36518 82970 
60876 67179 12533 
62154 68486 17605 
14362 57922 51251 
82256 12692 67093 
95916 5932 89302 
84239 77723 99802 
658 49354 60216 
91139 88446 28410 
57579 50529 59514 
47111 50441 96031 
46432 11317 79561 
58964 89822 48047 
76569 4184 5968 
44171 86439 35011 
27615 98707 57294 
16916 99297 51369 
33069 16306 722 
93285 23797 5519 
38046 81375 72399 
97559 44837 22840 
9941 91269 34156 
89502 66584 40329 
53900 59504 44512 
59867 3674 47303 
11230 47640 46009 
84875 64555 61657 
36243 13976 77963 
36965 7260 1759 
58835 61657 99485 
31234 59215 44321 
70425 69155 35589 
20932 75008 2173 
61260 28907 61676 
5772 5126 81702 
69426 32707 29341 
31786 17581 10248 
93442 53824 24223 
87756 7140 47834 
89514 82326 9490 
88998 13559 85056 
33319 83983 70562 
85259 21266 61922 
87431 82526 90828 
65459 4649 12305 
47160 74074 45011 
76500 5859 62592 
3099 15652 32767 
27321 3408 39906 
91506 9273 38583 
17347 98271 52142 
2402 47941 52476 
89316 33199 73742 
51237 20630 72619 
42064 86088 77267 
54369 49599 51340 
15731 26098 73550 
94674 45549 5553 
27440 89221 25312 
83697 80727 34585 
22280 98073 32855 
90773 475 97147 
59600 6142 30345 
33341 57378 67326 
22311 99441 53413 
99577 70161 3011 
67268 2244 45461 
57169 96917 7361 
62722 24357 96581 
88033 24405 77307 
22617 46684 75380 
71823 53808 92206 
68969 13408 98347 
99314 63100 72076 
82991 85411 71516 
36404 84987 58029 
55766 68607 76624 
17578 25775 73540 
24938 4848 14248 
37871 92881 38653 
15177 31849 1688 
6908 20024 71848 
15465 88992 85255 
30163 4657 48354 
2238 87648 33764 
90106 40403 35103 
64486 12520 3709 
41109 46450 29483 
14648 87739 34331 
45248 25609 43563 
252 57138 91763 
18291 64045 11786 
90138 95862 17130 
75392 26024 38138 
40098 44614 25785 
90213 34719 82539 
25315 99204 95059 
45375 56664 57860 
91210 87663 45598 
25540 32910 87559 
85454 33161 44696 
77216 67804 25092 
5354 57941 20953 
22483 49685 63329 
60620 89782 7942 
2757 79994 59012 
1647 21661 74567 
13057 67035 31230 
70916 58244 18892 
16514 135 68154 
4072 1940 17666 
65119 95508 85469 
90210 861 59762 
11163 39695 9446 
90843 314 99227 
98784 19422 95572 
74147 21069 17232 
48713 34125 619 
96294 5041 75214 
15185 37906 75349 
99690 58329 93640 
17356 39799 89147 
19176 30008 90007 
78937 57522 46053 
88382 48364 46367 
3960 63499 82140 
99532 37645 3208 
33115 86357 53685 
33733 82650 75077 
8947 14187 29334 
647 30228 87662 
94286 47583 43812 
83433 83111 73819 
89791 62047 31341 
35844 50429 96056 
98562 70740 59555 
80701 70271 97199 
261 3386 99908 
70297 53470 98909 
45373 78768 29447 
74706 79414 59675 
78719 73700 23609 
22530 73484 6719 
12700 63274 68766 
44040 15469 35546 
40096 14030 6285 
16002 11083 92908 
13200 27695 12645 
13107 14343 66114 
28368 59715 44882 
57814 50772 40647 
17488 45842 30698 
57449 84723 4181 
64167 97422 83807 
49284 57814 99275 
1181 14261 29657 
23818 30262 57091 
16725 43461 1137 
29369 72920 15479 
11834 1287 75193 
73067 59100 42316 
13714 92940 4509 
44411 50388 89231 
64944 30906 3004 
48750 96542 60817 
64376 97722 75077 
10384 21539 21690 
67474 54615 81503 
84962 83983 70774 
440 12169 72060 
91984 85235 47511 
34299 15300 56802 
38807 76063 23541 
44389 41006 54447 
47393 6107 50988 
24561 86834 48709 
99638 97218 86600 
37679 81043 41214 
19181 66005 41549 
89954 82796 53717 
78365 74780 55303 
42228 25430 70603 
99029 80589 63017 
22570 24977 20374 
93368 72369 26480 
44355 96930 29665 
9415 12919 43234 
12366 66949 40629 
53580 2482 22985 
11480 92435 5780 
65196 87152 80559 
20498 45731 5989 
7452 44759 2929 
86820 83680 27905 
7193 77047 16626 
50024 37753 29907 
79689 63520 59177 
22922 75885 26125 
79902 45816 28606 
2886 57295 37393 
8666 38842 40896 
5576 75692 86626 
27916 99495 47736 
30844 86315 31416 
75101 93507 24814 
91726 43531 62567 
21632 23219 42438 
97160 62492 34674 
23284 42394 80490 
68242 61631 54136 
21986 70296 92978 
62881 92224 85021 
49506 20139 84515 
13593 50983 70829 
45008 26083 80688 
69822 34160 24218 
48740 72143 63788 
7529 69302 42631 
42202 8937 1376 
22691 93530 63007 
93179 15515 49654 
2508 94747 41877 
87528 60604 62016 
88394 74197 29350 
75575 19204 71784 
56262 5377 5943 
96831 70468 94437 
76970 77996 80090 
35952 20198 89026 
37328 59240 98908 
16686 52418 14422 
66339 71277 25521 
24568 75156 86124 
86583 63550 60320 
32284 39124 95876 
20419 11737 17604 
42713 24919 4424 
37149 1888 82419 
17238 37839 18968 
22615 91518 78208 
21522 8203 46977 
52296 74542 34606 
77816 15461 9761 
80291 18395 73310 
40611 50678 28785 
52838 71096 56873 
86793 13808 81791 
91216 67308 83678 
73635 897 37869 
8954 23511 29386 
3513 61385 37589 
66842 30032 28482 
1447 7847 43942 
11207 88137 62336 
869 45099 29365 
29653 97936 16812 
2878 1081 46971 
84668 92296 14278 
84698 65930 31526 
22566 91236 55036 
68303 94748 32772 
5891 61589 62803 
50724 63035 87001 
11017 90594 75138 
89704 91462 36588 
19068 37466 50876 
35879 40343 51956 
99201 25011 44251 
13478 9708 26533 
45003 48625 17768 
16391 16927 12515 
65514 39170 90456 
28317 89893 53490 
15317 17262 44083 
6806 6965 51896 
59746 42385 89362 
10621 78263 46056 
62576 93816 71066 
23178 7293 97125 
49710 68648 45749 
83829 1390 79028 
96344 66903 18197 
86799 11571 24441 
56640 26888 41702 
17075 50045 48667 
68970 9790 91051 
74683 20410 85665 
20739 99337 79480 
8156 22515 3125 
5281 88576 71772 
67381 72405 89513 
46408 85100 56415 
80956 88250 67986 
5397 61241 11225 
47098 78315 77621 
12116 63637 87411 
3166 54671 24172 
5183 91761 39861 
84662 99917 78727 
4138 21549 67302 
92261 5281 56058 
81773 68041 57509 
54540 48996 45758 
22525 54392 6999 
50101 17842 1665 
27721 29957 81653 
31483 49475 36324 
72007 54657 28084 
28219 55670 44352 
6945 59808 65900 
90598 52068 71181 
