40 61 33
83 59 35 11 21 1 91 27 76 43 2 98 1 9 89 40 47 19 54 30 79 28 62 39 7 98 56 49 38 68 61 20 78 95 82 99 48 72 25 23 67 78 20 67 86 9 6 84 27 11 13 57 90 26 95 48 24 2 97 61 70 
57 32 47 4 13 97 51 37 73 25 3 2 45 21 39 5 78 23 31 40 87 39 29 13 33 77 88 86 73 48 7 81 79 6 36 43 54 38 31 79 63 85 80 7 57 19 63 34 93 93 25 31 83 6 95 67 82 82 52 6 81 
11 38 11 16 74 6 21 63 36 99 25 21 31 83 77 1 45 63 93 89 87 75 71 44 22 37 25 3 41 82 36 51 72 46 18 97 51 38 59 39 89 36 59 19 18 87 19 15 49 63 3 88 37 26 31 58 14 8 13 54 41 
100 56 64 97 25 60 100 15 19 38 3 54 48 73 23 34 91 37 35 53 92 74 41 17 56 51 30 15 15 36 56 14 91 19 62 68 31 61 82 1 50 36 54 97 8 28 83 98 65 69 2 56 42 94 24 49 44 53 64 10 88 
19 75 31 89 37 50 19 49 31 19 99 18 24 47 25 52 29 74 68 97 75 75 90 68 98 39 64 2 54 25 42 24 100 72 12 88 73 83 36 3 53 86 72 29 33 96 32 13 69 99 62 95 25 51 14 22 41 29 23 94 54 
64 69 5 87 81 92 59 15 79 13 19 17 36 47 49 31 78 61 99 28 74 45 52 25 59 25 17 87 100 63 40 15 31 96 54 63 39 64 29 18 29 48 34 64 94 34 95 24 46 45 51 20 90 55 96 48 31 64 86 82 26 
26 97 9 73 50 23 12 65 52 29 93 99 14 57 44 99 3 67 44 47 70 63 88 24 10 87 6 74 73 88 51 50 84 11 22 85 34 33 49 37 13 42 35 26 50 30 76 52 97 20 50 66 34 38 41 44 24 46 69 96 33 
19 45 68 30 19 4 15 51 53 51 64 46 37 41 95 66 17 46 62 88 47 79 73 84 19 68 60 17 36 55 49 55 52 69 36 70 72 50 72 24 52 87 21 88 28 15 53 96 12 67 35 59 45 7 94 16 75 53 32 10 60 
32 16 11 52 3 32 24 52 55 99 55 42 20 42 21 86 47 16 50 65 50 8 61 8 1 76 82 54 59 44 13 91 11 75 94 14 58 17 17 64 68 72 5 87 65 25 24 11 92 73 27 41 32 88 49 33 63 82 38 74 77 
2 16 40 28 9 53 37 26 21 100 45 44 5 31 61 81 6 23 73 79 50 65 10 37 13 94 51 47 83 24 75 84 39 14 63 48 18 99 25 39 51 69 34 7 51 94 87 56 69 59 86 18 24 48 54 88 41 4 86 24 80 
61 59 18 74 22 17 92 72 41 82 22 61 67 28 11 13 67 19 81 25 56 98 100 3 3 40 44 58 25 19 37 85 77 7 11 50 23 54 74 16 87 47 28 53 27 91 65 93 61 97 69 16 94 69 19 96 8 62 6 84 80 
42 21 8 100 31 58 75 84 83 42 70 29 69 74 55 59 91 47 19 87 16 35 81 36 5 28 95 66 85 78 97 79 98 4 78 80 13 52 63 95 45 84 76 14 10 30 24 100 29 95 86 96 81 18 31 85 98 25 2 82 54 
98 60 52 53 90 31 66 93 46 12 38 81 87 51 90 69 26 41 97 72 79 92 52 48 74 88 45 98 89 79 51 86 90 54 39 79 37 56 72 82 67 9 14 6 11 56 26 88 96 22 60 74 65 11 74 38 99 18 87 87 48 
89 25 38 95 63 16 31 70 39 12 88 47 77 45 9 32 70 97 28 43 56 53 7 18 78 96 68 96 34 7 43 23 31 80 17 45 48 47 14 86 10 53 85 38 98 45 70 67 93 49 10 48 53 68 18 31 16 85 78 49 91 
20 23 73 52 39 17 51 37 82 88 98 35 72 36 84 69 57 50 61 5 11 61 9 31 78 39 46 14 16 46 57 88 69 81 91 59 50 41 48 31 28 97 17 52 84 100 72 40 2 32 96 64 92 5 94 21 43 91 87 59 37 
43 98 57 75 88 67 24 80 14 7 59 11 23 62 94 75 33 86 28 65 81 91 8 85 37 81 28 27 67 38 15 61 35 23 35 74 90 59 53 3 65 11 65 39 73 11 65 57 96 92 21 28 83 81 13 71 61 92 97 27 29 
64 87 15 86 73 40 75 31 92 30 47 54 94 38 78 56 2 35 3 94 7 31 28 87 43 98 47 34 46 25 14 9 63 80 95 36 19 21 18 62 50 65 67 44 2 45 51 3 79 54 48 37 84 27 24 78 76 22 63 22 47 
76 82 9 7 76 96 77 97 14 38 46 78 4 41 31 100 92 85 30 97 85 67 80 11 42 9 87 63 71 60 61 98 41 22 4 17 17 80 65 30 69 62 59 24 55 89 24 98 26 53 94 10 71 25 72 12 33 58 27 3 17 
87 100 58 8 55 26 77 86 42 6 54 3 17 29 57 5 52 54 82 57 99 91 27 23 63 91 55 72 17 9 41 3 60 50 63 14 75 39 51 16 96 56 70 12 85 79 69 88 32 2 44 31 93 23 5 7 65 12 30 81 20 
70 35 32 19 97 45 45 87 48 12 35 3 34 46 87 12 66 27 95 68 22 77 12 44 82 70 8 93 99 40 64 21 75 95 91 71 92 88 10 39 99 44 93 84 41 80 95 7 58 90 26 79 66 37 75 99 6 82 43 56 74 
7 28 48 53 19 70 44 6 79 34 56 74 27 92 15 58 86 73 15 27 98 93 45 86 67 43 91 1 86 98 26 44 26 73 96 96 94 92 53 25 77 60 98 55 51 64 64 89 36 30 15 85 23 11 70 41 54 12 93 91 10 
18 86 87 42 81 82 36 24 34 60 53 45 9 7 96 73 71 84 60 100 50 45 74 61 14 67 66 26 11 56 87 81 93 73 22 73 6 9 49 91 20 1 35 29 59 30 53 29 65 12 81 67 8 6 27 22 72 92 99 35 99 
85 15 91 9 88 15 14 97 15 4 68 15 38 48 74 20 100 54 84 64 86 50 71 92 28 92 15 19 42 49 69 26 63 11 34 3 26 47 99 40 50 18 7 40 66 80 59 65 85 94 28 71 96 51 62 23 42 76 94 84 77 
14 61 39 25 47 41 50 93 91 41 95 61 47 86 26 78 44 42 15 89 22 85 36 72 98 59 13 25 4 48 1 69 61 92 93 7 84 94 51 27 35 97 87 33 82 64 63 77 5 77 18 26 13 53 97 10 63 62 86 66 61 
39 87 73 82 79 79 65 25 82 43 11 78 81 43 12 44 5 88 1 81 5 26 93 10 75 54 72 88 92 90 48 30 76 21 11 6 51 27 30 32 22 40 62 2 35 73 98 39 12 98 72 69 75 16 78 1 22 49 88 13 38 
36 94 65 8 4 71 58 82 100 42 3 92 3 57 26 75 54 16 86 3 39 54 29 55 31 30 28 32 17 40 21 4 33 86 11 88 56 21 69 7 62 24 50 64 80 75 90 85 43 75 39 81 81 67 35 63 96 14 46 65 53 
67 68 37 52 31 76 59 51 45 17 64 20 67 79 99 93 68 35 35 94 73 16 26 39 2 89 87 16 86 3 20 52 22 9 55 52 84 65 54 80 34 69 99 52 47 49 44 66 83 31 60 55 98 85 46 51 25 84 18 11 38 
90 14 59 98 69 63 33 85 68 65 18 37 63 69 35 64 65 1 46 47 12 53 44 48 50 94 25 85 12 35 22 53 100 80 50 20 94 34 5 62 98 74 50 13 95 36 76 59 88 73 5 99 25 100 99 26 45 23 10 8 9 
31 60 8 63 61 28 56 95 84 69 92 57 18 4 3 6 31 61 93 4 17 44 80 68 42 6 13 64 15 20 72 46 80 31 8 40 10 15 86 45 84 30 54 53 85 56 58 16 69 51 19 85 94 98 53 35 55 17 50 70 36 
73 67 67 3 26 59 65 40 44 9 23 73 62 76 10 70 33 25 38 35 95 22 28 44 26 14 99 42 63 68 30 87 86 48 42 11 6 6 50 2 66 25 26 80 100 35 49 84 11 86 19 5 59 46 49 37 12 99 30 26 18 
59 13 3 59 54 13 64 11 14 17 76 38 95 55 89 81 55 73 92 40 91 96 99 88 96 35 99 46 64 77 63 75 89 17 33 94 29 48 4 95 17 79 32 11 86 73 91 40 45 34 32 35 30 30 74 77 16 25 75 31 1 
37 57 41 54 41 34 34 89 89 28 57 67 12 67 4 84 9 96 80 43 27 66 24 8 39 52 75 63 26 57 15 63 14 55 68 54 40 53 94 28 33 50 47 44 68 2 79 29 97 10 71 23 75 94 82 13 97 56 28 23 13 
42 37 78 49 4 83 40 56 77 68 88 78 14 83 98 67 13 26 64 22 96 38 96 41 20 61 37 27 88 11 39 81 47 68 81 50 51 21 58 79 88 97 8 53 32 5 19 44 82 34 18 29 72 65 69 91 25 58 69 64 68 
60 45 15 27 77 16 29 97 25 7 36 74 15 40 5 71 11 100 53 44 17 81 67 34 2 9 58 59 78 22 78 37 18 44 63 94 60 44 43 36 50 78 9 16 18 13 39 28 65 91 23 81 23 90 66 76 98 24 86 75 97 
64 63 66 7 78 11 18 21 53 54 70 31 62 38 100 27 76 79 91 18 1 23 92 42 89 68 40 64 53 66 12 68 29 77 75 58 87 92 78 40 97 99 22 11 36 21 37 11 99 79 80 51 53 72 93 41 91 84 56 95 49 
67 63 29 95 37 86 82 80 15 73 29 14 94 39 49 14 27 12 64 5 43 14 9 66 6 50 56 89 57 51 90 24 65 70 18 53 8 51 32 22 23 12 35 68 50 36 81 28 47 96 84 89 10 93 55 15 94 62 56 50 64 
45 73 28 66 43 80 73 93 64 95 68 75 81 35 77 16 68 4 62 63 88 3 72 80 9 39 25 22 46 74 86 42 47 13 7 41 45 80 85 8 26 52 34 6 39 10 74 6 66 87 68 5 89 92 36 49 82 60 71 27 33 
8 68 31 72 74 71 16 5 56 75 82 59 61 40 97 22 13 54 87 99 22 91 40 65 26 40 98 37 10 24 70 17 43 52 41 68 23 56 73 30 83 54 40 43 45 37 64 57 90 3 8 63 45 47 79 23 86 76 59 48 51 
28 16 93 32 56 61 54 64 33 35 46 38 74 40 83 62 3 91 52 57 98 66 2 44 45 24 82 72 82 29 23 62 96 15 93 52 75 98 15 59 32 12 49 57 51 83 19 5 73 22 62 71 87 15 66 83 38 99 55 71 79 
77 84 75 91 76 26 18 25 92 76 8 3 24 65 53 6 35 57 31 56 70 53 42 84 70 77 21 69 31 44 47 7 27 21 49 3 98 66 79 89 42 87 91 17 3 43 23 37 52 5 92 21 57 85 57 26 13 29 94 43 72 
