498 1 1
5891 
56822 
33475 
67587 
16776 
19700 
75617 
81429 
11717 
86560 
15212 
34764 
20930 
98538 
79504 
63485 
46706 
19695 
36865 
20959 
85146 
12645 
29770 
34886 
51165 
18045 
38260 
38518 
22694 
13012 
58067 
44937 
86185 
91542 
12523 
19313 
27593 
4492 
741 
55661 
91051 
32305 
6776 
28333 
47194 
2631 
91817 
93899 
22326 
28681 
31209 
7471 
41325 
77330 
42356 
8842 
11727 
96967 
47359 
50772 
26331 
21778 
95708 
28867 
29671 
8231 
48179 
73615 
29074 
65272 
45627 
20124 
97576 
52402 
64808 
44769 
55033 
56624 
55019 
77358 
85304 
2580 
84828 
42981 
79909 
43535 
51822 
91635 
56853 
15532 
42407 
83183 
53661 
54466 
28402 
83331 
79048 
76580 
73297 
8121 
41851 
18923 
44597 
39426 
71325 
9404 
546 
42709 
66028 
55565 
36418 
67683 
58144 
37597 
10663 
38052 
81131 
78836 
46039 
54335 
94368 
4797 
53870 
64380 
59262 
82271 
47711 
38310 
75202 
37359 
46430 
17053 
56282 
91026 
72830 
43958 
16782 
73376 
86666 
82809 
45292 
39435 
66843 
3435 
77031 
93858 
57838 
58161 
72693 
20228 
28847 
83412 
25024 
82716 
47792 
638 
81338 
11854 
38947 
56540 
49212 
1728 
89944 
21845 
9106 
79125 
65802 
25887 
68852 
68819 
8695 
14143 
8253 
91889 
17577 
85283 
85746 
91767 
59795 
58439 
11994 
4994 
41850 
37018 
4061 
5993 
54007 
85399 
17846 
92953 
41938 
67058 
11032 
48233 
5254 
20137 
27357 
87408 
46023 
96209 
56226 
71069 
26703 
80831 
62958 
44280 
82465 
48703 
52398 
58612 
23493 
64391 
79957 
81695 
17760 
84017 
87687 
71766 
69415 
5533 
81070 
27704 
88942 
92102 
92288 
94195 
12238 
19645 
81602 
74613 
32205 
54180 
62033 
58907 
51362 
41342 
19538 
50178 
90045 
71935 
25141 
29889 
52678 
5097 
11583 
70437 
89114 
99270 
58555 
74880 
21154 
55976 
2584 
10095 
48077 
94871 
20641 
76667 
30867 
18595 
67631 
63071 
72774 
29663 
38330 
40487 
71005 
57867 
90664 
77401 
46154 
15805 
7289 
98831 
20901 
35224 
85619 
26366 
34493 
60525 
1246 
71998 
16501 
20181 
98444 
64577 
31403 
19084 
57595 
62270 
37678 
25225 
41692 
26803 
54888 
96373 
67289 
25892 
54240 
74305 
3292 
16745 
90109 
26932 
15575 
27361 
62155 
17545 
53727 
12999 
78070 
71324 
84996 
94570 
91504 
83439 
75498 
22906 
18875 
33093 
1527 
56552 
58317 
59571 
99707 
29556 
55943 
83347 
55447 
26534 
57651 
75090 
43278 
64111 
2022 
75204 
91472 
80528 
92749 
61550 
93527 
70818 
32873 
78522 
81739 
24376 
78313 
57236 
63633 
97187 
90328 
81512 
70090 
64997 
41082 
69796 
94552 
13376 
53143 
66351 
56262 
10793 
41440 
15891 
74904 
59813 
7447 
82727 
40341 
195 
44276 
50219 
87364 
77148 
28740 
85454 
17875 
23404 
42689 
97859 
20590 
49369 
79370 
90680 
30717 
36803 
76827 
25268 
66531 
29969 
7970 
22792 
57114 
49410 
55034 
48369 
25574 
62480 
47447 
82266 
79026 
91722 
32484 
82741 
85221 
61224 
68194 
19447 
979 
27235 
17305 
21569 
76603 
13027 
28600 
23671 
49829 
5426 
65290 
16359 
51747 
73260 
55502 
25212 
22669 
10536 
73580 
64594 
89367 
21026 
46860 
68393 
29099 
79343 
51133 
30671 
56918 
19327 
50117 
57897 
62913 
83773 
95817 
39515 
96799 
24416 
79537 
62980 
29841 
44826 
95690 
97939 
18085 
51192 
23150 
57105 
78079 
96729 
21699 
83797 
34106 
84910 
52189 
79556 
64252 
19674 
10226 
37522 
55352 
60342 
11770 
18264 
44115 
7586 
74130 
57265 
32001 
53666 
20244 
78193 
98491 
15934 
92484 
16576 
83477 
15633 
90032 
61555 
28714 
11730 
61703 
62819 
96639 
13892 
58727 
77243 
49917 
68952 
