16 82 5
63 61 55 20 25 28 20 79 41 70 18 42 77 47 11 48 40 84 40 5 51 87 22 84 40 61 18 79 29 51 91 91 11 98 62 87 25 33 17 17 54 34 58 83 80 20 30 71 3 21 76 5 7 97 40 98 10 9 76 90 60 18 32 70 15 93 57 92 77 73 8 30 59 18 12 90 89 41 13 92 13 88 
48 19 36 88 68 97 96 95 38 55 13 69 77 27 13 33 18 89 5 78 19 15 47 30 5 35 23 17 78 35 56 26 6 43 13 73 92 60 68 29 67 32 98 43 58 62 75 28 51 31 57 21 46 3 2 50 89 24 18 67 11 73 92 16 15 56 40 58 15 59 87 81 90 36 23 100 97 49 79 99 80 35 
71 77 37 73 26 25 96 95 43 58 67 34 25 33 41 65 91 8 75 29 88 17 16 63 16 64 11 94 63 42 80 33 18 68 5 95 44 53 89 87 62 7 72 87 40 13 3 82 20 77 10 59 93 77 73 60 40 36 5 54 77 84 87 47 3 43 41 47 47 82 33 9 88 4 47 79 68 49 60 39 25 21 
98 70 97 70 81 37 5 86 42 34 21 28 80 24 23 72 22 21 53 54 81 93 9 27 71 77 75 31 15 52 3 64 73 52 86 53 40 90 90 81 75 63 9 6 38 83 78 59 55 82 12 36 74 20 14 45 48 41 27 15 92 29 78 64 80 63 68 19 5 58 100 79 72 60 85 9 94 14 67 48 95 30 
35 69 1 49 13 49 41 91 63 32 19 92 47 51 55 14 69 11 23 20 89 94 79 25 54 24 90 72 24 85 1 58 5 2 58 69 2 98 59 16 81 29 7 27 79 13 93 100 23 67 19 64 13 50 40 66 73 30 38 96 66 90 6 22 43 63 90 44 13 100 11 45 28 70 72 7 34 16 6 57 82 76 
72 46 25 11 12 98 92 1 45 9 90 50 30 33 65 19 28 29 70 91 73 98 60 96 56 93 11 13 1 45 88 72 90 13 35 53 62 26 53 6 87 95 8 16 27 24 87 6 4 56 96 76 5 55 24 60 100 34 72 100 30 60 72 72 24 58 76 85 35 29 42 21 23 1 37 1 24 75 6 79 30 2 
55 35 8 78 46 7 63 18 7 45 29 30 68 52 87 43 36 73 71 29 94 45 30 82 97 5 56 3 84 37 56 90 71 63 19 69 70 81 86 28 77 14 57 44 17 95 87 52 67 9 32 12 6 61 93 2 66 48 56 1 37 11 90 59 74 8 27 95 40 64 22 69 29 78 12 45 24 50 48 42 59 80 
54 16 40 46 17 57 46 25 57 82 35 98 92 60 57 19 54 97 82 75 65 11 52 28 55 27 78 55 69 88 34 22 55 73 19 23 82 16 47 38 49 82 88 41 41 44 59 95 40 92 69 56 54 73 36 9 51 65 63 19 52 48 92 6 20 63 80 53 78 27 43 79 8 30 19 100 73 29 46 65 72 67 
72 26 91 7 86 41 71 100 60 74 47 3 31 18 65 11 71 95 37 13 73 96 42 43 47 66 23 93 30 94 59 2 19 49 60 4 41 31 3 52 56 1 55 87 19 71 97 89 65 85 53 89 80 94 83 26 59 5 70 41 99 80 94 69 80 53 25 21 35 27 72 91 80 78 77 98 49 25 38 65 9 90 
6 40 35 88 17 45 93 87 37 43 66 30 11 46 83 35 18 17 14 89 59 93 19 87 42 67 11 31 83 71 72 88 10 6 28 79 2 20 65 39 14 82 20 76 79 54 11 96 23 76 37 81 20 55 68 13 73 30 43 55 1 14 95 62 71 22 40 72 93 4 62 58 86 34 33 16 87 95 12 9 22 48 
90 41 2 57 53 74 86 47 80 38 60 26 100 82 99 39 6 43 95 67 100 32 100 85 47 87 79 58 95 1 5 36 93 58 44 98 83 30 44 15 19 56 40 18 37 91 57 42 33 51 61 85 82 12 69 80 50 99 38 97 51 94 32 44 52 76 93 86 57 88 100 27 43 40 45 32 30 53 25 14 3 37 
98 36 49 18 15 50 17 4 46 67 98 30 10 1 57 54 86 65 42 86 91 84 77 35 67 58 39 92 71 41 28 21 28 28 38 95 78 54 50 75 73 47 56 34 99 12 88 85 28 29 22 19 64 50 5 31 59 44 74 81 36 1 1 16 81 91 62 58 44 11 84 16 58 40 2 8 3 89 44 31 17 17 
1 80 66 57 62 76 52 35 57 40 88 57 55 68 47 68 77 43 78 60 10 87 51 11 95 54 51 38 36 67 7 88 99 72 44 60 48 48 47 56 87 34 64 93 1 63 60 77 5 37 88 66 76 91 29 70 96 79 59 31 98 65 70 48 89 65 59 88 12 5 43 98 38 6 42 90 68 1 18 24 90 6 
42 65 96 70 86 43 100 44 73 49 61 94 96 49 58 55 88 70 11 82 19 1 39 61 90 59 61 8 82 50 65 75 66 12 96 51 54 96 95 78 44 7 71 92 7 28 46 94 49 8 75 68 8 65 80 98 23 40 57 57 42 21 31 59 84 27 10 37 22 56 66 17 62 88 8 68 67 5 13 16 13 39 
35 20 3 14 69 26 5 25 34 98 97 64 57 80 90 66 68 63 21 85 32 34 72 91 1 39 96 65 54 60 3 40 31 57 53 100 34 57 76 67 55 25 83 63 56 72 28 76 87 100 60 18 33 32 8 85 22 55 49 27 66 3 66 97 11 70 48 45 26 75 63 32 99 45 94 7 69 73 82 7 72 41 
24 4 24 83 88 97 90 88 23 55 42 40 3 53 9 50 49 87 25 63 18 75 8 64 81 28 36 14 34 60 55 9 15 30 43 3 79 32 42 1 39 36 41 41 88 49 43 88 35 19 50 5 93 9 20 26 36 7 39 21 66 45 29 81 27 72 35 5 55 28 57 45 63 49 86 2 98 80 41 84 98 43 
