33 64 25
99 16 37 65 16 15 34 61 22 18 27 8 28 79 22 79 40 46 14 83 40 52 60 99 60 5 27 38 89 90 85 87 58 73 3 73 40 37 85 61 6 11 20 33 42 42 64 81 87 77 63 78 28 74 29 39 30 55 76 18 96 12 56 53 
37 59 25 76 47 10 88 52 72 60 36 65 53 99 98 91 27 60 69 6 86 97 44 67 51 71 85 98 35 92 51 23 2 27 98 48 88 37 51 60 48 39 24 100 89 21 91 16 33 11 73 70 7 17 36 9 39 72 6 25 64 8 47 17 
35 96 17 22 33 19 33 80 57 9 32 98 81 22 65 65 32 37 34 90 5 22 50 44 93 7 20 8 15 67 77 1 62 93 74 46 11 7 78 20 15 9 17 47 82 33 12 65 69 97 54 74 18 55 69 63 61 88 22 75 6 98 27 20 
90 1 65 53 7 94 72 73 54 40 19 35 72 82 51 40 79 4 65 96 10 85 10 71 25 32 97 30 29 24 49 71 24 66 23 30 59 46 54 65 85 72 99 8 6 50 99 84 5 64 31 15 48 41 37 24 72 33 54 52 56 54 22 79 
19 96 60 30 41 13 94 77 37 44 84 42 45 83 77 2 98 7 68 97 47 4 21 70 36 74 22 44 79 95 22 98 91 34 79 83 98 72 12 86 67 95 27 12 29 3 65 78 62 32 75 8 35 47 78 22 20 99 17 50 93 39 47 35 
24 77 70 21 100 81 7 67 27 85 30 56 40 94 85 1 25 59 60 11 5 37 84 76 87 1 26 32 91 24 66 14 1 35 86 52 67 44 18 94 81 47 1 20 92 85 72 68 96 31 78 52 20 14 28 58 14 5 89 56 80 7 21 32 
93 6 84 60 2 53 5 82 100 5 1 43 89 24 11 36 6 40 88 25 53 67 83 18 71 23 73 2 29 45 34 74 3 69 85 4 21 89 85 72 93 37 15 33 12 25 69 17 64 56 42 69 22 76 86 44 50 11 45 79 7 78 4 9 
46 88 12 67 76 48 90 68 84 4 100 95 80 68 64 44 23 57 64 96 32 1 39 81 11 84 11 18 13 66 78 11 53 90 77 28 37 66 47 73 22 47 19 1 66 82 96 41 38 59 36 21 60 75 54 22 10 16 91 22 82 69 32 34 
10 60 14 98 78 60 22 99 58 41 51 24 74 47 16 64 5 3 84 16 29 89 90 38 5 80 12 38 100 43 23 61 55 36 59 32 48 32 82 5 72 32 80 98 30 47 61 87 50 96 54 78 85 43 16 41 75 27 30 26 21 52 87 75 
88 97 58 87 28 91 43 52 75 23 49 4 69 61 42 70 8 96 48 44 38 15 84 64 93 13 90 13 17 28 40 56 24 49 42 3 92 84 54 66 58 54 21 79 66 15 48 74 10 95 17 99 61 1 63 53 65 4 18 81 31 9 36 54 
9 29 56 100 13 62 17 70 15 38 48 33 4 96 6 13 42 22 63 55 74 77 7 91 80 76 71 10 36 59 15 45 39 23 44 51 36 61 73 50 50 72 82 53 19 39 17 13 61 79 67 34 56 25 24 87 1 47 49 36 57 63 32 47 
37 76 98 72 88 22 74 37 93 7 41 64 46 57 76 58 87 94 91 94 18 67 81 70 65 29 58 73 43 89 19 80 16 68 3 3 89 76 91 34 35 31 49 32 39 24 89 26 17 31 19 86 97 99 56 13 79 65 85 22 53 4 53 21 
71 7 23 12 35 14 97 69 96 45 100 35 20 88 60 88 18 30 73 67 81 80 79 59 44 16 32 49 19 36 69 41 95 43 4 29 56 100 97 52 96 48 38 67 87 49 54 56 78 79 22 58 10 53 69 54 68 52 54 38 40 74 30 34 
16 34 62 24 85 10 27 81 9 64 99 95 12 53 50 41 83 24 99 92 28 19 97 47 22 50 84 61 75 13 94 91 98 7 66 83 16 92 15 24 7 13 70 18 17 72 10 99 95 60 91 74 78 87 20 100 89 55 12 63 67 6 5 17 
64 70 99 32 61 65 55 19 77 77 88 94 48 98 44 42 57 34 67 35 73 86 86 61 40 97 23 58 54 80 74 18 49 24 49 62 88 55 80 17 31 68 62 78 17 5 71 73 91 37 59 63 74 96 23 13 93 97 23 98 76 48 67 77 
72 67 38 11 74 69 27 56 36 40 86 52 45 56 77 87 45 35 49 18 31 23 83 75 71 5 24 47 52 91 75 75 57 12 86 82 80 64 38 68 4 23 71 100 78 47 86 74 34 34 44 64 8 78 90 78 82 13 76 85 3 50 12 12 
61 49 45 93 12 82 60 15 4 30 66 34 29 51 7 62 36 2 77 43 79 66 21 12 78 96 49 33 46 60 96 58 8 40 50 71 22 61 86 77 43 3 10 71 54 69 32 89 70 8 84 49 25 4 12 54 51 60 38 48 19 85 58 78 
77 59 49 98 20 86 26 62 88 36 84 93 4 67 82 25 26 17 73 50 20 85 55 22 96 93 22 67 77 79 44 53 37 92 2 8 29 28 21 17 15 4 9 70 22 42 94 47 58 19 48 29 3 3 3 50 95 24 16 23 2 60 28 90 
3 29 50 32 8 70 100 74 26 60 43 47 54 37 94 63 55 41 92 9 95 46 58 41 69 26 64 22 85 91 63 39 71 12 22 31 82 21 56 59 33 99 5 38 87 50 100 93 43 43 1 37 88 10 78 8 35 93 29 71 35 92 10 57 
55 83 39 88 56 95 46 88 45 51 25 31 100 76 23 94 19 75 31 58 36 60 66 23 52 46 93 38 37 54 94 44 37 33 31 92 27 77 31 71 79 7 53 78 82 75 72 52 1 54 10 36 13 75 58 16 20 3 53 9 8 46 4 44 
30 34 87 8 10 69 30 88 75 82 18 9 8 41 12 8 46 21 96 10 47 5 25 19 59 29 79 67 26 82 62 8 15 49 15 77 69 45 16 96 26 33 4 34 25 15 93 70 88 40 79 86 45 55 4 55 35 82 21 13 63 83 20 30 
31 34 6 51 78 21 46 56 6 49 41 30 16 33 52 55 25 82 40 21 89 96 75 23 77 96 35 92 78 6 21 60 40 78 10 69 50 56 24 55 56 64 37 23 49 40 29 73 21 21 93 9 16 67 84 44 62 70 35 39 76 7 50 67 
84 12 35 86 67 59 40 74 74 28 49 22 67 77 94 88 97 86 48 12 53 83 56 66 5 42 57 32 49 6 98 84 17 84 69 35 94 61 61 68 88 9 89 7 85 35 46 34 20 45 45 24 28 52 42 84 46 98 15 46 55 64 29 24 
47 50 58 93 62 18 60 1 78 100 7 63 86 52 96 6 97 92 81 76 96 22 59 41 71 73 86 26 88 66 49 86 67 58 78 28 28 89 29 5 41 35 19 26 87 66 83 35 58 16 10 5 37 68 97 60 92 82 85 79 99 85 16 66 
42 94 93 21 34 21 26 74 8 44 52 46 62 34 80 19 49 89 75 38 8 71 97 99 4 33 29 2 17 44 67 10 89 60 83 23 32 8 48 39 3 99 36 16 85 15 86 33 55 60 70 62 30 18 60 33 50 88 87 18 84 53 80 72 
64 14 46 96 73 46 86 27 44 22 43 80 88 28 13 43 88 34 4 69 4 16 54 5 55 40 75 38 92 54 10 56 67 7 3 39 52 40 65 48 13 59 27 53 87 91 95 74 77 50 94 80 65 47 84 20 86 58 9 30 63 70 37 81 
77 39 71 80 30 88 27 95 46 6 47 32 48 41 57 24 42 51 3 7 97 39 78 35 96 86 64 11 56 100 91 32 90 62 63 19 1 90 13 46 47 11 78 94 51 86 18 93 36 72 51 85 62 28 71 10 65 34 20 20 85 62 3 74 
23 66 44 23 7 9 21 5 19 50 98 22 35 67 66 23 91 16 7 52 95 77 61 11 62 32 31 46 94 85 71 68 2 66 43 8 74 63 64 45 12 62 66 46 80 83 68 22 50 26 26 44 54 38 6 15 70 36 12 15 73 34 82 74 
100 24 34 25 38 97 21 1 10 38 99 42 20 18 63 69 44 88 64 49 26 70 64 95 57 27 9 29 13 42 3 64 18 88 88 55 84 9 56 46 98 54 87 18 23 49 86 66 37 2 15 14 71 30 60 79 8 20 8 20 61 62 83 30 
49 23 85 84 83 92 29 80 97 15 97 19 16 35 37 4 36 3 17 58 32 28 36 91 47 95 11 59 8 45 89 56 67 25 92 49 68 72 29 64 39 77 34 54 63 22 57 50 24 25 59 55 52 95 46 50 41 8 8 49 52 48 56 19 
72 99 19 39 71 99 54 9 76 40 14 90 61 70 40 85 46 98 91 49 44 88 98 85 47 5 85 99 5 92 69 76 91 39 67 13 38 72 21 65 63 34 54 24 55 93 60 52 43 2 100 86 90 97 22 88 53 6 86 57 50 6 85 92 
45 3 4 34 26 76 98 89 9 3 12 15 96 23 66 90 24 65 75 65 13 97 53 65 54 90 74 55 48 10 46 92 12 49 77 37 24 74 25 84 76 88 98 23 10 15 64 86 31 39 50 43 87 54 60 40 96 85 95 43 94 92 86 57 
41 62 45 64 87 22 48 62 9 97 37 71 64 100 8 94 90 9 89 76 63 48 68 10 84 14 52 29 5 37 85 45 98 29 61 84 2 60 97 63 56 85 33 19 37 92 65 78 100 53 54 14 52 73 23 35 86 26 15 42 62 99 39 11 
