70 72 62
92 61 5 28 73 27 61 7 57 77 7 78 90 63 97 72 91 44 57 9 29 46 15 86 94 57 11 8 78 82 41 69 95 45 97 19 23 9 25 80 38 31 9 27 45 5 51 87 100 59 95 28 4 61 13 49 17 75 8 94 9 48 15 3 45 11 21 67 71 97 98 8 
79 6 87 23 62 89 61 61 47 55 41 2 68 5 50 84 80 58 30 88 57 44 42 1 6 62 20 76 10 17 84 88 23 22 62 36 10 22 97 56 28 37 9 95 93 10 31 72 19 60 59 76 3 100 28 60 13 47 35 74 64 70 13 38 91 74 73 100 47 21 7 27 
9 67 21 2 77 51 73 47 10 84 22 64 35 2 75 100 48 10 25 63 31 38 52 74 63 77 25 10 97 32 36 58 98 8 59 26 59 83 73 20 18 46 36 53 99 10 4 99 71 28 61 54 17 65 27 80 41 51 89 89 34 76 98 84 83 56 61 93 91 85 65 8 
31 52 12 29 13 67 27 36 95 40 89 11 56 67 42 48 69 30 36 3 57 86 38 92 41 98 84 31 83 100 91 65 51 2 45 64 69 24 99 15 15 39 77 70 57 19 17 25 100 4 79 57 89 16 48 82 66 83 64 100 35 54 16 85 8 60 100 76 35 50 42 49 
88 70 70 96 88 38 21 88 94 51 96 34 19 95 67 84 29 31 83 63 36 50 100 43 9 99 70 96 49 63 96 88 33 66 84 20 55 56 59 100 6 6 34 24 52 100 7 81 82 41 95 70 90 94 12 51 93 34 46 93 96 41 80 80 58 15 100 65 70 10 64 76 
68 97 99 19 49 58 51 82 50 46 51 40 91 15 42 83 100 39 27 47 31 59 27 89 73 26 5 95 87 68 70 54 65 20 25 65 77 75 98 27 20 49 18 11 15 11 45 14 49 24 60 79 82 86 19 6 63 23 100 2 43 69 55 59 41 31 23 17 6 20 95 77 
20 64 87 34 74 84 99 74 7 59 5 40 96 75 45 59 50 97 60 92 65 66 50 57 97 24 26 2 95 72 30 15 36 17 100 61 52 99 87 10 9 91 49 4 65 45 14 14 41 25 5 58 91 6 14 39 29 39 92 76 11 21 90 98 89 41 10 92 91 96 1 99 
86 1 55 51 46 68 16 38 93 73 47 35 78 61 73 59 51 16 34 13 36 75 10 25 67 72 16 58 67 69 8 53 69 14 55 66 82 22 56 26 94 2 60 24 62 84 34 65 99 67 77 86 93 39 62 59 10 30 68 28 98 76 80 18 89 34 36 22 56 91 47 1 
92 58 24 6 93 57 70 43 75 98 29 67 88 90 78 49 71 45 77 20 72 8 38 61 94 73 82 1 15 81 1 6 90 77 63 83 85 84 25 12 34 5 30 73 47 7 22 17 4 50 37 75 57 26 35 2 50 69 2 64 1 55 21 90 31 36 24 67 19 1 78 4 
5 60 77 3 18 50 20 21 99 8 96 7 85 82 9 34 2 62 49 2 16 21 44 98 56 19 65 27 19 94 30 76 5 6 78 23 55 49 43 5 8 90 64 92 24 24 77 25 85 25 79 1 98 74 98 5 92 14 31 63 60 13 38 64 18 67 86 25 16 81 81 23 
22 44 67 45 67 43 22 52 68 52 4 17 77 53 21 68 67 52 82 78 16 71 41 33 38 79 9 5 11 42 79 32 85 45 29 4 40 2 7 59 53 10 75 29 62 95 48 80 98 82 57 13 52 50 98 41 28 58 97 38 99 76 21 84 72 49 39 11 50 45 69 54 
54 95 34 67 90 34 47 39 15 3 52 18 52 1 59 31 58 55 68 57 82 41 92 6 89 30 68 91 74 89 96 27 83 82 93 24 15 91 63 81 46 66 98 97 66 56 80 23 63 47 31 96 39 22 1 80 51 69 22 76 9 17 54 91 50 99 67 64 89 29 44 34 
46 94 83 11 1 62 85 63 60 16 11 99 37 11 78 40 31 99 67 91 67 21 82 17 19 100 32 7 28 28 93 73 21 75 35 21 36 19 36 95 86 46 45 23 8 22 14 91 72 80 81 39 52 14 7 70 13 38 29 92 65 21 64 85 95 50 58 30 69 93 76 54 
90 21 28 97 94 93 87 66 25 20 56 76 33 62 98 46 51 26 89 16 46 5 52 92 54 61 73 74 53 48 80 42 20 7 91 66 52 29 31 76 48 38 3 33 51 100 30 1 77 18 68 74 22 20 65 76 32 37 49 85 37 28 78 8 87 68 73 90 97 3 17 96 
92 19 28 42 71 57 43 47 75 10 21 48 81 37 23 13 74 24 49 62 3 26 69 41 46 42 30 94 96 98 89 88 69 17 29 39 25 71 37 51 33 9 99 13 46 73 77 71 96 25 84 51 3 52 91 48 93 73 41 41 70 29 28 38 97 56 28 74 79 17 24 11 
77 22 75 74 47 52 44 42 28 27 44 30 31 87 29 75 59 69 15 80 50 42 70 98 50 49 71 28 65 47 38 42 20 64 15 66 15 11 60 95 89 3 76 19 89 5 94 99 25 8 31 26 2 100 24 51 48 46 78 65 44 67 6 64 30 72 81 97 34 40 43 23 
43 18 93 83 22 86 82 99 46 12 24 99 63 99 49 62 97 78 26 40 44 83 55 25 7 36 73 40 75 15 62 69 33 7 52 6 44 85 4 89 48 28 87 10 26 87 23 22 64 49 14 59 83 68 36 89 55 8 29 30 23 42 50 7 48 1 12 92 37 16 32 84 
95 71 45 72 57 68 94 73 68 59 31 50 78 66 91 33 26 19 62 48 12 11 6 60 64 17 3 52 84 34 88 78 4 84 50 13 3 95 85 70 5 67 72 82 85 62 14 10 32 27 9 43 90 14 2 53 30 4 56 66 90 43 95 45 27 44 57 29 90 93 51 94 
12 22 28 96 35 41 57 66 68 65 8 57 30 62 61 11 17 16 76 6 11 71 3 37 66 11 17 56 4 67 1 67 40 28 14 74 21 70 39 88 86 99 96 15 60 56 25 28 23 53 86 33 23 88 69 40 98 86 95 53 4 48 19 44 27 32 17 47 53 8 34 38 
6 81 4 17 36 81 96 59 33 81 43 7 68 12 46 18 49 93 70 4 40 41 47 18 24 16 65 77 23 50 66 80 31 22 48 18 2 43 76 86 24 71 92 43 34 89 60 82 81 30 37 72 22 84 90 45 51 6 73 73 55 91 4 85 12 3 55 65 97 30 50 20 
52 93 15 85 81 74 66 14 55 3 85 76 38 26 73 88 31 45 12 38 35 67 74 98 69 28 62 17 10 11 89 61 3 3 46 36 28 63 49 83 65 85 10 54 11 34 93 41 79 4 30 65 22 4 63 90 31 24 7 40 87 95 1 41 49 46 76 76 8 76 10 25 
61 20 30 71 5 23 63 83 26 93 100 100 96 62 89 78 37 47 18 23 93 18 16 93 15 43 69 22 19 78 98 79 49 28 1 54 50 15 88 27 59 87 26 54 100 67 32 89 65 1 11 10 18 78 2 32 21 70 5 39 100 3 69 100 30 21 5 79 35 93 57 46 
31 83 51 83 49 82 71 65 34 33 74 3 11 76 34 31 97 91 21 48 93 41 48 74 13 4 4 99 96 60 44 79 94 95 61 94 28 31 59 62 63 32 64 73 59 50 55 8 40 27 55 84 67 54 9 31 58 12 30 5 23 73 83 17 67 95 62 95 25 20 56 40 
4 71 12 14 20 19 21 11 45 28 94 64 81 2 94 90 65 23 47 88 48 81 56 14 76 17 8 52 37 15 91 92 86 55 5 57 73 26 68 69 5 13 32 37 15 78 27 31 52 25 18 99 5 73 65 32 42 24 84 78 39 74 21 76 28 25 32 52 2 51 21 6 
64 4 43 78 81 21 60 85 45 78 35 1 2 99 33 43 23 68 72 61 93 92 88 73 69 71 24 70 22 96 76 85 100 70 14 32 90 73 68 86 2 3 86 4 1 70 98 23 37 70 35 82 13 74 54 81 45 29 3 66 25 78 50 76 99 63 59 88 87 27 73 89 
29 10 92 29 80 41 4 68 10 90 49 75 64 54 7 8 35 9 73 59 38 74 86 36 88 44 75 74 70 47 62 98 9 5 79 88 46 34 7 7 23 8 33 86 13 40 93 47 48 17 57 86 42 42 21 29 38 96 3 7 94 16 57 2 21 87 41 18 20 100 24 42 
59 57 80 71 96 24 18 95 41 74 80 82 68 53 63 5 100 65 63 93 32 71 47 52 9 39 21 28 38 45 22 48 53 53 19 100 76 36 94 68 61 26 50 80 78 12 84 29 28 99 21 59 21 19 63 30 58 83 9 47 79 30 95 83 34 65 82 10 100 28 77 12 
5 78 92 82 41 27 10 68 77 82 79 98 53 93 27 62 27 35 8 6 17 54 88 50 18 22 59 69 1 88 33 5 65 76 38 6 2 99 25 79 80 55 76 32 47 54 93 74 88 53 31 56 58 70 6 28 91 16 48 91 3 80 47 20 7 84 25 9 82 1 39 14 
56 66 97 2 19 90 27 58 94 57 14 3 27 71 30 69 86 30 12 41 61 58 60 68 42 84 28 75 36 18 88 91 83 85 45 53 26 71 62 71 80 27 73 58 97 55 26 35 36 89 75 96 47 34 63 40 69 42 66 4 59 54 95 93 90 91 97 15 61 59 85 92 
85 9 49 34 63 27 68 98 15 42 46 13 75 60 4 95 2 70 98 12 75 44 5 64 34 1 78 47 11 14 38 96 74 39 29 37 65 96 86 31 89 83 96 63 43 99 9 96 20 6 7 94 2 11 57 87 64 86 85 74 51 23 21 25 13 1 13 29 96 50 59 84 
33 6 98 75 5 6 70 24 64 28 70 17 39 78 3 54 16 88 79 18 62 100 42 74 100 6 54 48 56 12 83 40 70 33 14 74 38 35 49 53 62 70 69 52 48 24 5 15 11 84 32 24 35 26 97 34 31 2 33 38 65 16 77 34 48 42 7 37 76 8 42 90 
77 62 41 76 85 98 90 47 33 22 70 67 99 18 52 29 19 37 67 84 4 95 17 3 37 76 91 12 83 32 53 11 94 94 39 30 43 28 77 27 1 98 45 99 16 48 80 34 84 98 69 87 92 38 89 28 13 32 92 47 63 44 9 8 89 47 90 83 75 66 9 27 
15 53 78 30 1 57 16 84 54 84 23 45 73 63 25 85 94 16 83 9 11 92 16 52 90 57 34 64 74 95 43 89 47 20 18 47 76 85 83 81 21 57 77 93 19 1 30 13 68 12 73 31 55 40 82 45 97 67 60 70 61 2 58 8 73 76 6 100 12 40 80 32 
96 57 25 15 57 54 79 77 65 3 7 72 42 40 16 38 6 75 8 19 29 65 78 1 92 83 1 4 23 80 87 70 88 11 36 97 64 66 73 81 68 79 52 10 70 67 47 75 93 6 45 21 71 22 74 14 5 74 69 79 5 56 100 93 18 36 89 82 1 13 62 69 
91 65 78 12 31 76 86 75 82 31 96 4 4 69 69 8 94 38 38 98 45 38 42 62 73 82 95 25 94 8 93 36 72 70 47 2 98 85 29 79 67 24 82 70 44 50 30 89 39 67 38 35 56 80 49 28 13 43 5 7 51 97 42 22 19 41 76 16 25 4 94 91 
79 27 12 74 76 41 62 67 8 99 1 63 30 49 43 43 92 47 1 94 95 94 15 13 34 42 80 10 97 73 52 27 99 64 100 27 4 13 93 63 64 93 26 93 42 20 87 85 18 87 78 12 33 44 77 66 38 56 28 34 81 79 61 79 42 12 57 46 25 49 8 88 
94 85 32 87 56 19 23 25 57 100 37 89 95 65 7 32 20 34 18 100 64 30 31 6 41 39 3 17 88 62 4 33 99 88 71 54 6 93 79 14 44 67 55 38 31 13 22 2 98 91 54 61 20 84 66 12 22 20 29 61 82 32 45 80 19 15 85 76 7 15 42 50 
81 48 40 63 60 13 65 9 3 18 69 22 53 87 33 26 6 61 39 39 45 83 70 15 50 55 43 56 69 36 58 2 83 49 16 94 61 80 2 63 49 70 36 53 8 20 79 14 81 17 52 77 99 22 43 48 28 37 56 48 72 65 1 6 13 17 99 25 48 52 39 97 
74 74 49 81 93 79 46 25 95 98 53 46 71 96 45 50 32 52 97 56 16 98 61 80 66 12 56 13 15 94 61 88 19 62 21 64 40 66 88 87 15 41 32 37 88 28 86 71 80 35 26 47 84 39 79 49 2 34 61 16 80 22 56 98 35 76 13 74 41 1 60 8 
93 43 44 32 23 30 2 2 64 80 100 47 18 30 95 71 16 7 86 95 80 41 44 14 16 57 40 9 9 51 16 53 94 59 84 16 40 37 69 55 16 20 1 85 50 47 55 65 6 93 59 85 33 54 51 1 62 90 61 70 40 76 22 85 86 5 52 78 42 20 32 9 
40 85 46 41 31 100 5 36 92 15 73 77 68 23 77 30 12 37 51 3 64 73 88 1 29 39 78 22 11 62 83 2 46 28 42 76 79 46 64 71 12 36 47 79 58 75 60 21 63 11 23 26 35 62 26 15 53 56 89 63 17 71 16 62 50 9 89 28 6 52 98 17 
87 96 95 44 70 7 64 32 17 39 9 3 100 87 17 52 94 57 66 10 27 81 23 76 41 11 56 46 15 53 62 1 1 9 97 22 67 12 6 35 50 66 37 50 52 5 53 45 62 19 6 40 51 28 68 92 91 23 37 5 27 51 57 27 11 5 1 29 17 6 63 66 
71 99 67 75 55 20 71 16 38 77 8 40 56 75 31 46 97 20 2 75 22 11 54 84 15 54 12 31 11 74 49 33 24 67 59 78 86 30 94 75 6 1 15 61 27 97 59 75 16 12 49 37 22 2 20 37 7 31 19 17 56 67 2 79 34 60 57 71 89 2 98 46 
2 64 7 80 60 17 54 28 28 2 64 50 56 36 38 62 18 8 31 74 75 32 52 60 43 60 82 32 61 31 29 14 94 35 93 6 3 46 33 31 100 96 32 55 83 21 68 1 28 98 74 54 81 77 13 24 37 47 7 97 77 35 63 23 22 55 28 24 53 60 6 52 
7 37 58 42 57 25 42 85 75 67 38 55 95 3 30 31 1 88 80 29 75 42 51 96 48 30 71 100 89 77 3 48 65 60 89 22 85 82 58 59 100 95 65 94 49 95 77 49 34 8 78 8 49 80 3 48 10 26 48 50 2 50 49 66 10 89 39 46 70 96 56 69 
43 20 15 43 66 91 44 100 98 73 59 98 52 62 45 13 39 92 63 92 94 11 57 55 100 48 100 21 43 7 42 37 26 56 32 44 98 75 95 47 47 53 44 98 66 40 11 4 84 25 95 77 87 4 31 38 51 82 11 45 88 52 34 65 59 65 60 8 39 54 54 85 
7 97 34 24 88 96 28 71 72 74 47 59 77 29 48 79 62 58 24 49 61 57 66 19 73 25 26 11 31 31 47 37 79 32 60 67 80 39 37 51 13 84 61 89 64 9 20 26 18 43 26 79 51 91 49 75 68 75 85 98 57 83 86 36 66 97 2 45 36 38 96 100 
73 8 40 89 68 59 14 86 1 39 64 3 82 12 77 49 38 13 46 95 47 83 82 13 79 83 57 14 72 4 13 97 64 53 85 31 11 98 16 64 88 79 18 69 43 95 69 32 59 66 78 6 48 59 70 27 93 26 92 65 82 57 61 45 61 97 75 23 46 43 38 85 
73 56 6 15 2 74 99 60 92 76 17 39 35 86 17 27 64 61 43 97 17 55 41 29 51 67 51 48 61 41 33 34 96 38 100 97 11 98 8 2 74 77 93 60 62 9 38 77 21 81 73 37 35 65 17 38 32 20 85 92 60 17 77 55 54 77 3 17 26 62 70 51 
38 62 10 52 23 100 28 43 80 1 32 66 65 100 55 48 19 92 92 78 8 68 84 14 96 86 82 22 100 51 72 37 65 34 88 87 33 68 81 64 20 64 81 84 64 88 84 82 79 27 60 86 94 43 51 42 81 32 63 80 35 86 68 99 71 8 37 3 75 17 18 94 
33 51 29 96 38 12 29 16 38 88 53 84 83 4 25 15 87 39 94 21 76 13 19 47 20 55 1 94 24 71 87 56 21 68 51 58 79 79 25 69 19 77 4 53 32 80 67 19 18 12 39 45 24 10 91 44 64 44 89 87 14 28 94 34 95 96 43 25 27 19 93 45 
95 96 49 79 27 67 97 44 30 87 41 53 96 31 48 60 74 89 98 39 16 44 72 62 39 66 86 65 36 31 61 31 78 9 61 5 27 57 100 56 43 40 61 91 23 60 50 48 48 99 87 15 42 10 76 33 28 14 97 63 44 10 45 73 70 5 77 97 13 29 52 8 
68 64 98 90 24 99 38 71 97 76 86 91 85 13 23 12 26 71 75 21 80 19 94 50 24 22 46 36 50 49 43 70 13 40 11 36 38 100 58 87 75 95 77 60 8 51 71 85 21 97 58 1 16 3 50 91 24 47 78 26 47 21 95 59 12 57 46 2 57 4 40 31 
98 16 90 57 18 13 94 38 9 51 90 76 53 91 66 28 37 44 53 84 16 99 94 27 8 40 80 64 43 19 94 92 86 36 1 3 100 94 93 8 44 82 84 48 73 1 75 61 44 80 96 59 30 90 38 37 29 69 100 23 88 46 66 25 81 66 80 32 59 72 91 54 
5 74 1 29 27 76 42 22 7 37 81 36 78 70 73 58 38 24 80 77 69 98 54 1 63 33 32 74 56 23 27 12 48 28 41 26 55 34 48 61 70 80 48 100 49 72 57 38 96 89 67 16 86 20 17 100 4 100 73 11 74 100 22 74 79 14 99 85 47 46 97 69 
25 44 68 25 16 24 15 63 12 81 78 49 52 46 49 7 98 21 17 71 72 38 44 50 4 95 34 2 92 82 70 17 26 89 93 93 13 7 55 76 39 84 25 42 30 25 48 27 45 64 49 17 54 45 18 9 39 4 10 30 85 32 98 10 20 43 54 84 49 8 60 40 
44 36 81 73 60 29 51 56 44 99 72 49 43 42 9 33 45 19 15 29 50 64 91 21 6 44 5 7 4 16 46 99 51 26 71 62 6 73 17 2 71 41 2 66 82 11 98 78 29 64 6 30 28 48 2 33 44 6 39 99 21 84 97 23 62 19 84 67 91 1 20 61 
41 22 78 74 32 76 51 12 91 8 41 18 8 94 51 51 100 41 1 72 77 97 95 38 15 78 56 57 30 76 69 22 97 47 95 28 74 97 39 64 5 31 82 12 24 84 14 75 24 14 47 100 62 41 89 28 70 45 84 100 20 52 21 68 50 68 95 23 16 85 87 20 
67 20 83 42 3 48 69 78 61 15 30 74 55 18 1 76 14 84 75 85 88 48 52 37 67 98 60 82 34 98 54 52 17 88 94 71 36 62 100 48 28 29 22 34 99 22 9 12 58 84 97 45 83 100 33 1 98 44 82 83 93 87 35 9 75 28 31 10 41 31 57 68 
11 78 1 9 52 9 73 9 44 21 5 78 20 37 78 69 33 12 52 25 98 86 34 72 65 16 81 57 46 90 24 57 67 76 17 18 36 89 78 80 9 82 9 29 71 87 49 3 98 100 27 95 37 12 19 1 28 99 57 25 88 32 33 7 7 50 76 43 38 6 74 99 
87 82 79 57 20 27 11 69 79 38 16 15 1 34 68 80 32 76 5 72 8 89 30 66 38 57 60 28 62 33 78 1 67 56 9 38 82 20 7 12 9 22 27 9 55 94 41 38 21 97 61 28 85 42 46 75 51 5 54 12 90 31 64 8 38 73 45 71 44 3 83 52 
76 9 12 82 54 52 20 74 48 32 54 85 74 99 59 24 55 12 87 44 94 3 51 31 75 48 1 18 50 83 21 26 43 84 59 96 36 78 22 35 62 75 19 87 25 77 62 79 40 100 75 33 2 77 15 76 24 16 45 26 50 17 3 93 1 61 40 88 91 61 22 52 
87 41 90 11 69 51 42 61 50 16 45 52 92 60 79 68 27 76 93 28 92 95 20 92 7 12 79 97 24 53 100 11 45 89 73 65 39 66 25 41 81 70 92 25 81 70 92 7 45 84 34 89 30 6 32 36 17 63 33 92 15 32 2 59 21 27 23 11 92 100 51 25 
69 94 49 49 16 92 7 12 75 92 100 56 97 32 91 65 94 75 57 8 7 10 18 79 88 92 41 32 91 44 56 11 37 56 11 52 47 17 64 73 61 63 28 57 46 70 74 39 45 82 98 3 91 67 33 79 11 73 62 1 16 17 64 5 24 74 56 22 43 19 94 3 
34 73 11 31 42 84 70 38 17 19 92 8 38 24 38 48 49 99 100 16 67 63 20 90 37 28 63 31 46 56 33 31 80 95 62 73 31 83 11 47 53 2 6 90 78 43 89 26 93 89 41 59 3 13 100 91 40 62 21 37 69 5 20 48 100 81 21 82 15 83 28 19 
84 34 9 13 28 49 38 73 37 31 83 40 43 83 30 34 96 3 70 17 7 89 16 58 21 88 39 87 70 19 6 6 4 66 18 83 14 8 55 3 38 38 42 32 72 23 65 67 25 86 35 84 27 51 41 47 90 32 34 60 2 39 17 5 56 86 87 69 93 42 71 82 
31 64 13 2 87 29 20 63 15 55 46 41 57 39 39 46 22 72 57 23 62 73 79 69 11 65 38 3 58 8 85 88 24 49 89 10 78 61 24 44 15 22 36 23 12 74 68 33 98 25 7 11 49 85 80 11 1 17 14 59 76 50 98 99 50 39 60 79 99 84 22 65 
57 57 87 68 83 54 100 80 30 58 90 31 42 21 93 42 37 6 52 65 7 2 63 9 40 75 87 90 10 9 54 66 17 40 33 99 45 84 30 27 41 20 9 34 40 1 75 29 59 79 45 17 80 7 25 71 33 12 60 42 72 65 7 40 4 91 91 100 26 20 78 66 
91 86 99 83 39 26 11 97 4 55 13 35 13 90 5 98 53 16 39 76 80 98 15 83 40 5 34 66 25 12 31 15 49 82 97 87 59 59 35 14 65 100 48 30 89 4 27 93 19 65 68 98 14 82 32 54 87 65 19 63 28 1 29 77 34 78 15 92 36 50 5 1 
49 4 30 89 7 8 81 25 72 48 22 38 29 53 43 67 70 61 81 97 13 10 25 47 87 40 90 74 89 47 26 89 50 7 29 9 14 9 33 38 8 7 75 88 59 17 7 80 29 87 77 93 48 1 91 86 92 81 60 32 79 37 20 80 44 100 88 57 60 73 46 67 
