57 20 11
23 61 92 64 67 12 56 13 70 62 42 53 100 19 95 67 76 40 56 68 
95 34 73 91 75 8 80 14 16 51 57 90 11 48 53 77 11 9 42 33 
70 83 85 69 1 31 36 76 23 43 43 17 28 67 59 2 26 90 68 41 
40 24 30 50 23 83 79 85 43 20 17 12 2 1 32 54 32 19 29 6 
13 23 74 40 41 32 94 66 21 13 6 12 88 87 61 10 21 91 46 63 
10 63 26 63 15 58 16 46 28 96 3 41 70 76 80 10 7 25 75 79 
37 32 90 24 71 3 85 91 93 31 54 55 93 79 69 7 88 37 5 16 
32 59 8 54 35 39 63 93 64 90 72 100 21 13 76 91 15 60 34 60 
42 39 66 86 17 34 45 57 22 1 24 6 59 31 59 93 69 21 86 32 
62 9 84 83 21 11 25 88 22 10 99 64 48 64 49 17 49 45 73 71 
45 96 28 4 78 86 96 46 58 33 30 20 41 65 2 14 75 78 53 48 
88 51 11 87 66 12 3 66 56 75 88 53 22 15 56 99 100 3 45 58 
36 26 77 28 90 30 93 16 7 45 63 46 47 26 33 12 37 87 78 44 
62 65 96 83 80 3 34 31 6 30 88 93 55 64 20 96 45 65 11 4 
9 25 1 56 50 33 19 38 20 96 82 33 13 29 67 44 84 100 74 89 
29 62 81 35 77 52 30 22 16 92 77 77 17 77 84 66 62 2 56 33 
50 89 65 62 17 83 57 100 83 30 40 63 43 20 50 72 24 31 45 39 
23 21 67 91 97 50 8 58 52 63 90 1 51 6 14 20 89 22 71 71 
51 11 85 46 82 34 17 5 65 61 96 39 81 14 81 77 64 88 87 15 
3 76 67 53 82 32 24 22 53 95 44 55 5 28 100 38 14 16 95 30 
76 42 20 8 55 100 85 18 87 71 84 41 98 2 94 31 85 17 52 89 
63 95 44 19 23 95 57 88 63 3 69 38 44 88 46 50 87 82 68 25 
4 3 66 1 57 11 32 41 79 83 30 42 30 25 60 4 71 16 91 33 
70 59 23 13 46 20 63 84 1 82 60 4 36 25 56 92 87 39 33 66 
22 14 7 3 90 18 6 60 34 96 45 55 6 67 68 3 86 82 86 38 
63 97 93 98 74 48 90 60 87 74 25 60 39 83 62 80 1 67 91 86 
14 35 40 19 53 59 73 90 40 10 27 54 6 19 4 79 19 45 91 57 
18 67 68 8 50 29 87 2 47 77 87 12 64 78 82 16 37 54 6 28 
63 84 82 20 55 85 99 73 81 89 81 50 55 48 57 56 28 95 57 26 
23 95 37 86 25 18 54 61 23 59 40 37 42 73 56 48 9 54 20 89 
94 52 38 1 99 94 56 78 40 65 3 63 11 91 48 35 60 1 47 82 
11 87 18 5 59 74 52 68 79 24 8 73 75 46 25 26 39 32 55 79 
96 58 93 7 48 40 93 8 93 40 41 55 78 59 59 88 84 63 7 62 
38 15 86 64 60 10 89 50 42 96 80 89 53 72 95 52 64 40 11 8 
31 52 62 8 62 73 47 45 35 6 6 72 20 44 87 31 53 76 32 94 
71 64 83 75 87 29 78 50 68 89 9 50 92 23 57 53 95 56 49 81 
61 6 4 32 49 90 62 2 17 45 47 39 8 81 13 95 10 43 96 29 
31 57 79 74 79 87 78 73 94 26 5 54 83 8 37 32 97 50 85 14 
95 31 52 2 12 17 48 73 59 96 53 41 52 83 66 82 22 43 54 15 
20 58 21 54 17 57 85 13 7 69 78 1 52 82 54 63 98 54 87 8 
1 39 100 4 74 65 85 95 59 38 9 30 47 81 83 63 38 68 27 96 
88 5 96 39 86 1 53 35 6 39 42 6 30 93 9 3 57 93 97 15 
82 57 96 80 38 78 42 27 45 21 22 85 25 69 23 62 69 76 96 75 
66 89 32 95 81 41 97 89 85 45 55 19 54 50 98 91 27 92 17 24 
12 90 8 36 58 30 49 26 57 96 52 23 36 36 69 16 28 18 56 12 
62 10 30 15 59 28 57 37 19 25 60 82 14 67 69 71 49 17 49 57 
12 52 79 47 87 100 14 14 17 69 26 30 30 7 45 40 86 53 76 56 
30 36 37 43 54 5 66 54 73 66 11 36 17 41 82 4 40 47 69 56 
67 46 38 96 53 82 35 90 86 63 46 15 98 34 10 3 91 27 57 63 
92 19 99 60 59 32 63 51 31 84 58 97 29 95 45 81 28 31 23 66 
93 68 80 42 53 41 45 43 19 53 58 10 71 8 70 81 39 84 83 69 
67 41 18 48 87 62 80 15 92 2 32 85 21 11 26 74 4 22 68 22 
74 25 84 96 32 5 77 23 40 59 43 59 51 60 6 38 21 85 4 65 
87 35 49 7 97 26 32 52 100 100 74 25 76 9 21 60 13 49 34 4 
7 76 62 10 36 67 47 8 4 50 72 90 36 72 48 32 98 80 84 49 
31 9 73 58 17 93 17 81 41 2 84 100 78 98 9 13 64 7 20 19 
8 92 60 43 63 8 74 12 39 9 60 21 17 85 78 85 29 47 65 22 
