71 79 42
22 49 52 54 43 88 38 68 46 85 36 100 8 25 56 86 3 70 70 19 21 64 96 42 80 52 86 74 74 16 12 95 64 15 100 58 3 38 78 100 22 13 99 82 37 6 67 91 76 36 10 96 51 57 37 83 60 74 8 85 89 20 79 5 86 30 14 88 67 91 39 41 3 38 74 40 43 40 30 
18 27 91 13 30 99 1 12 58 26 19 42 67 90 72 71 28 2 84 15 20 27 54 12 29 43 85 20 85 76 2 55 3 92 19 32 43 72 95 100 97 65 94 63 55 17 85 82 70 21 48 90 47 53 53 75 47 38 95 84 13 96 38 67 39 8 98 81 79 92 33 76 57 26 38 63 94 23 96 
64 95 95 53 41 100 57 15 46 94 61 29 59 8 18 25 99 26 75 31 4 18 63 31 26 40 69 40 34 43 35 97 37 82 1 29 33 57 43 78 3 56 59 61 15 28 37 13 53 11 44 9 81 58 39 6 98 59 46 83 53 32 79 89 65 31 69 97 87 64 75 89 19 85 1 85 12 38 98 
17 100 93 77 80 2 67 86 51 26 83 33 78 66 63 19 31 93 87 27 32 50 53 72 20 37 73 5 1 62 54 69 61 98 45 93 99 11 30 50 88 12 34 18 77 97 88 59 89 26 86 72 28 90 44 99 27 16 55 79 29 60 47 89 57 43 33 8 5 62 9 93 25 42 62 54 90 49 12 
31 74 49 2 53 39 45 52 17 12 6 95 40 66 93 81 74 87 65 81 91 27 41 35 51 35 96 4 24 96 68 6 70 16 8 74 54 4 25 70 68 31 16 59 48 60 91 21 46 56 54 89 82 94 23 84 28 71 40 4 66 7 61 87 22 68 61 76 24 85 97 91 67 13 1 14 72 92 87 
70 99 40 58 80 85 32 15 65 2 54 20 68 60 80 54 82 100 66 9 23 51 5 65 69 69 17 35 93 8 21 14 6 12 71 37 48 54 4 12 8 57 31 75 69 63 80 2 62 46 10 36 48 66 100 16 87 16 2 79 76 22 44 33 85 14 22 33 19 25 96 26 81 79 52 1 41 84 2 
2 81 63 37 28 81 88 95 67 55 97 97 82 70 40 15 7 5 36 39 23 12 34 1 92 64 52 45 4 35 46 57 15 9 45 94 89 84 41 7 91 89 3 72 58 94 38 64 98 73 54 72 84 40 72 28 3 76 72 59 10 69 15 77 29 12 22 69 95 62 75 85 50 29 57 60 22 94 75 
71 19 29 43 54 68 66 33 70 41 56 28 3 25 95 79 53 6 52 74 100 66 48 37 67 29 93 26 2 38 1 73 8 29 67 62 48 32 46 69 73 2 49 27 26 43 57 30 100 8 55 51 73 3 87 40 83 31 17 84 21 69 8 28 49 74 41 96 58 87 65 30 88 65 8 65 59 64 46 
58 71 1 8 96 55 47 87 37 77 3 72 49 72 80 77 20 5 17 68 62 55 84 43 94 48 50 58 6 13 56 63 84 8 22 79 62 20 17 50 49 19 73 97 42 52 73 14 57 42 33 18 96 16 61 90 63 62 99 20 75 6 34 58 13 7 88 26 27 4 27 75 74 100 71 68 3 44 33 
11 37 65 81 32 32 93 73 46 54 24 65 28 29 98 37 94 4 76 71 82 31 98 56 5 49 27 24 51 22 8 14 58 72 94 41 3 86 66 48 39 89 64 19 69 13 55 62 68 31 85 50 61 82 5 17 82 83 92 32 56 99 97 13 22 90 6 24 75 71 23 66 11 38 36 79 50 90 93 
18 72 77 67 85 10 23 1 91 6 45 74 61 43 71 26 65 60 83 40 87 5 15 4 15 52 39 45 54 80 89 71 52 65 89 88 26 11 88 68 68 84 42 81 27 64 58 43 23 40 82 61 44 48 16 10 52 6 6 5 86 95 27 89 11 15 76 37 77 15 4 97 99 97 77 25 60 86 67 
35 25 100 47 20 48 63 81 51 68 86 55 5 32 81 93 43 47 68 31 75 35 86 71 33 83 99 57 94 84 75 80 60 26 27 31 25 41 11 75 60 49 29 65 80 61 9 22 7 29 52 82 63 90 4 95 24 3 3 17 86 29 49 46 54 27 76 79 67 39 5 78 87 34 94 66 46 3 40 
53 83 43 86 45 32 89 91 55 43 93 24 29 21 72 26 26 98 1 56 16 91 61 45 77 46 39 95 91 93 34 95 75 76 32 71 60 21 61 66 63 5 89 43 77 12 68 2 61 21 10 76 11 70 21 40 15 59 34 57 3 19 4 77 94 35 99 5 7 59 71 22 63 11 64 39 23 84 92 
83 4 1 11 66 22 31 5 88 41 90 45 95 8 48 71 54 82 21 58 41 79 80 62 93 91 25 83 65 60 74 99 63 27 9 81 48 91 37 88 83 27 32 77 34 31 99 87 64 19 97 4 49 28 65 41 70 42 75 34 1 1 85 16 27 45 96 26 88 84 13 70 10 96 99 96 26 49 34 
42 20 82 45 20 10 62 13 79 3 87 65 3 87 49 18 65 93 65 91 32 1 55 54 10 51 52 57 28 52 43 69 23 24 66 43 85 27 7 64 29 93 80 83 80 28 53 44 72 69 86 4 69 41 57 31 43 60 87 70 63 81 91 38 5 56 32 89 82 38 4 62 30 83 96 61 62 48 5 
86 17 42 41 37 82 49 67 76 8 6 46 22 86 36 59 42 43 90 83 76 27 86 89 9 21 84 69 82 32 25 19 100 67 59 36 100 7 55 76 66 60 73 88 45 60 98 87 2 88 69 77 66 6 65 26 26 100 95 60 31 19 78 82 37 37 18 89 43 72 64 61 83 36 48 27 95 45 65 
48 84 85 76 2 43 92 27 20 91 73 79 74 92 9 55 80 97 24 68 91 47 83 51 29 18 98 8 64 95 24 63 30 9 38 31 3 29 10 22 20 82 53 45 25 61 99 5 57 23 24 47 69 7 98 50 76 47 57 92 93 80 54 23 40 92 5 42 72 14 16 43 48 68 87 72 28 38 28 
36 60 52 82 80 10 31 29 37 30 37 28 22 17 34 44 8 77 1 2 48 14 17 43 13 84 29 85 63 66 64 98 77 67 31 57 76 14 37 65 43 26 92 64 42 25 60 1 1 60 2 1 25 18 43 38 1 71 74 15 89 37 64 65 56 47 73 31 60 62 95 54 87 39 69 80 15 80 80 
68 39 82 68 16 99 10 53 52 32 78 18 72 66 82 89 21 28 13 4 39 74 50 44 12 88 64 91 3 44 23 70 34 4 89 49 54 98 53 57 81 30 75 53 96 8 41 16 35 53 71 25 79 21 20 42 8 83 33 62 78 7 83 12 10 71 60 15 20 65 72 53 46 98 57 93 5 49 61 
91 53 31 67 31 51 86 73 59 20 57 72 98 63 55 9 24 77 20 90 49 36 13 1 82 10 9 74 66 57 34 56 9 65 22 92 15 59 16 25 79 72 97 76 86 3 36 61 31 7 2 79 43 15 31 24 76 39 97 42 47 83 97 56 47 71 47 61 29 14 38 59 37 34 86 74 88 21 34 
18 28 87 49 22 1 79 45 29 70 93 70 16 75 18 23 21 88 69 34 69 34 71 27 70 56 13 43 43 85 28 12 64 15 60 85 67 91 81 95 60 74 16 75 48 34 98 21 73 18 54 41 4 76 20 73 83 84 16 77 20 95 88 84 9 100 20 76 90 1 22 49 74 38 75 21 71 24 93 
95 94 46 36 97 73 7 69 55 42 36 83 61 31 71 44 91 70 64 18 59 16 40 59 89 77 33 61 99 57 54 93 2 51 80 98 76 38 66 82 79 54 65 40 84 87 35 74 56 50 44 66 65 83 76 5 11 8 66 61 16 71 5 17 73 37 14 48 74 32 30 5 85 94 96 20 32 82 45 
87 84 88 4 48 70 79 5 32 38 22 92 6 92 49 74 16 85 88 64 10 71 93 66 7 38 61 26 69 95 70 7 78 10 62 77 31 92 81 63 29 2 6 86 45 6 60 61 90 47 76 52 69 20 17 75 9 30 52 29 76 73 87 53 82 48 29 13 39 62 27 19 15 84 5 12 90 64 24 
31 62 99 82 82 18 51 56 26 32 59 6 7 31 92 11 65 39 39 29 29 52 7 99 67 90 3 78 31 18 1 62 31 51 95 12 20 45 19 45 28 77 2 86 60 93 96 76 83 87 56 11 38 62 61 4 51 16 33 82 33 85 95 16 87 89 27 6 86 46 2 65 74 3 51 85 95 46 12 
77 32 67 39 70 28 100 25 31 15 10 64 99 46 10 14 33 98 41 38 83 38 40 100 63 42 50 100 89 95 11 17 79 78 56 100 57 7 24 39 21 85 2 71 31 11 85 15 61 77 52 95 66 43 94 28 37 43 27 25 90 38 41 68 67 48 67 23 54 42 62 74 27 15 97 9 78 81 23 
38 9 74 32 74 69 26 1 5 20 80 29 9 17 21 76 35 69 94 57 22 36 70 48 14 85 44 22 62 76 44 99 84 69 82 57 37 59 9 93 31 88 73 39 56 94 67 90 14 60 99 87 47 68 34 60 52 29 33 65 56 28 15 91 49 97 47 37 7 8 30 37 47 2 28 3 47 94 92 
60 5 90 47 4 10 32 15 61 13 48 78 68 27 92 59 75 40 57 12 99 16 93 35 63 94 14 65 41 59 8 100 64 50 98 19 11 30 33 23 42 32 100 61 59 44 71 33 83 80 96 81 47 88 68 9 82 81 25 74 40 85 25 55 86 23 25 96 4 57 18 97 89 18 9 47 61 32 31 
95 11 27 28 57 14 95 18 47 27 42 20 18 78 97 24 63 71 48 58 26 5 76 22 45 45 82 91 5 13 21 99 75 99 26 84 13 72 1 59 51 94 31 68 72 79 92 34 49 91 44 26 47 19 47 91 15 80 33 19 93 6 69 67 4 47 50 16 18 2 27 20 96 9 88 19 87 31 52 
87 21 47 12 68 17 10 10 31 41 43 49 33 48 70 52 3 16 53 71 85 55 97 5 2 57 44 20 95 74 23 33 46 70 96 65 86 5 75 17 97 69 17 30 16 86 33 70 1 85 40 38 91 36 42 92 44 85 11 38 10 34 70 7 3 65 72 40 21 98 56 18 66 73 99 33 58 31 2 
11 67 42 48 58 29 41 49 73 77 12 62 86 45 32 92 99 48 15 38 69 12 94 38 29 18 36 61 27 18 15 37 84 56 36 93 36 76 42 60 4 5 22 41 49 53 85 99 100 99 36 20 63 81 57 91 50 92 4 77 61 70 13 97 25 1 89 12 28 82 72 32 86 93 72 34 45 56 84 
96 7 20 16 69 52 24 11 2 68 66 78 28 35 42 24 11 42 13 23 70 46 94 53 32 38 24 17 34 32 1 29 38 72 96 6 23 20 68 24 39 34 53 66 68 95 42 79 88 6 53 9 51 98 61 34 35 37 51 68 68 3 48 57 74 96 14 96 67 81 72 5 14 24 22 34 70 63 64 
58 68 16 18 19 13 79 52 47 67 54 66 34 56 65 42 81 60 55 29 26 35 100 82 1 75 4 34 45 66 49 54 86 64 71 56 76 1 7 74 67 13 91 52 20 55 45 1 15 99 29 92 34 80 74 86 54 77 71 50 94 19 55 79 82 78 34 9 78 93 34 97 57 24 100 76 78 45 76 
44 95 56 36 28 35 61 65 89 89 35 90 34 53 45 13 86 22 98 94 51 42 27 99 98 2 51 74 32 95 1 75 89 57 62 69 91 74 33 79 62 20 21 48 72 65 60 58 86 9 3 88 51 82 87 48 83 37 73 14 83 74 41 23 30 54 43 20 28 28 51 41 47 71 88 70 87 99 27 
24 8 82 11 10 63 49 57 97 37 82 11 71 55 3 46 84 56 88 55 35 67 57 28 13 79 15 35 65 66 61 88 25 42 51 34 56 99 42 53 88 23 15 58 77 17 55 12 24 95 19 11 61 75 38 26 6 52 60 70 69 72 10 93 14 60 78 21 10 20 73 49 94 87 59 23 3 13 34 
79 7 4 89 68 31 26 93 36 29 4 57 98 75 66 42 40 77 20 61 39 91 33 87 84 20 45 6 74 58 92 4 64 95 92 83 25 17 27 12 98 30 69 47 57 86 88 96 63 7 8 1 49 41 39 33 12 84 90 37 93 33 41 8 28 32 91 4 1 69 68 98 99 36 44 7 73 83 2 
35 90 10 87 90 2 26 22 65 61 64 1 5 96 41 12 75 73 54 31 25 23 98 22 73 85 17 79 57 99 32 92 40 41 30 30 94 7 3 58 19 18 59 23 14 99 87 88 23 40 70 99 62 67 20 34 51 88 12 8 39 44 51 78 36 32 59 82 91 14 39 9 31 49 32 96 100 18 36 
74 9 5 73 71 72 44 56 74 32 20 33 70 15 35 99 2 67 10 83 57 75 74 65 5 22 48 53 73 17 88 47 26 92 19 48 15 62 3 89 45 22 73 66 88 8 17 90 74 26 72 82 52 45 98 56 19 98 60 91 14 47 37 91 91 55 38 57 69 93 97 13 66 70 79 54 77 95 43 
2 72 14 35 23 11 32 30 29 29 90 71 95 88 8 37 30 14 75 87 34 19 83 47 84 4 77 37 80 23 31 33 94 97 67 68 7 51 97 87 79 38 57 25 78 16 62 7 82 88 45 15 6 28 13 41 83 89 78 63 11 8 47 56 4 14 23 62 16 72 100 94 61 9 71 90 76 84 97 
57 71 93 72 28 72 84 68 55 25 45 69 87 5 15 43 60 80 17 74 95 40 73 41 53 81 11 42 57 94 90 65 16 83 88 43 54 72 10 8 48 7 76 34 11 91 76 22 22 45 95 17 84 20 57 36 52 19 30 60 64 19 25 79 1 12 21 55 35 82 62 34 88 90 68 50 32 95 72 
53 39 18 69 75 89 77 62 41 47 43 100 10 62 76 40 62 40 60 68 26 42 30 60 81 71 27 31 2 73 54 54 64 23 75 38 12 3 51 52 2 94 3 11 7 31 51 68 70 62 36 95 55 17 54 36 87 32 18 40 5 71 45 68 93 19 57 56 74 59 59 75 4 62 37 10 44 87 78 
65 1 65 59 55 33 65 42 71 48 59 10 4 81 54 71 26 25 79 81 50 90 40 24 93 53 60 3 48 99 32 12 51 48 22 57 80 38 99 50 86 9 11 89 42 64 12 67 40 90 99 89 31 90 12 24 94 24 26 41 74 9 4 24 56 26 32 87 63 82 36 48 91 46 89 84 61 100 2 
1 41 100 41 72 42 5 47 35 28 24 28 53 32 31 28 39 56 59 25 71 41 12 70 83 9 58 66 69 9 67 21 2 18 62 73 59 66 19 46 45 94 73 49 25 3 76 63 11 34 39 33 26 50 2 60 58 12 25 78 20 43 99 21 61 12 45 71 29 15 16 73 8 88 21 84 43 48 98 
5 33 36 37 59 85 90 18 42 1 95 72 73 37 70 45 49 33 42 20 61 56 35 85 16 75 57 99 17 4 97 73 88 32 61 46 69 2 16 62 3 62 33 27 50 54 71 99 86 64 18 98 20 4 82 87 78 90 85 46 45 33 70 33 17 30 30 85 84 97 98 86 58 31 64 8 84 86 58 
22 50 75 19 21 30 53 7 60 42 43 57 39 76 27 71 92 8 100 28 91 49 25 28 6 7 43 65 43 29 22 64 30 48 34 50 78 86 8 89 80 50 45 18 25 23 88 68 83 39 47 25 87 72 5 45 78 47 9 72 27 31 35 56 30 69 57 59 6 64 47 37 66 44 54 42 66 93 10 
100 84 56 25 22 79 29 66 9 75 27 80 54 9 67 9 38 87 18 97 92 33 95 81 98 38 34 40 56 79 1 55 62 8 79 83 87 59 1 47 34 27 78 39 35 44 99 24 30 16 20 74 1 15 54 98 4 39 89 59 17 41 14 30 49 44 13 87 3 65 33 88 91 10 26 77 6 24 100 
87 92 20 60 92 86 65 41 89 4 82 48 72 22 13 2 22 56 66 8 58 30 92 97 72 54 22 48 59 98 47 45 89 66 57 32 3 73 24 92 28 5 91 100 79 3 53 100 58 18 60 68 99 51 64 70 56 38 17 66 35 63 63 75 81 19 6 35 91 29 26 19 86 68 70 64 70 22 15 
80 91 74 99 41 77 14 62 32 3 78 50 37 92 12 63 24 30 20 59 72 1 36 42 86 4 63 1 25 84 15 56 26 89 6 18 65 20 79 48 22 8 97 11 52 8 73 75 89 45 85 13 45 21 6 30 76 69 82 52 4 96 8 82 84 65 99 100 84 30 100 58 37 48 20 88 56 44 15 
96 88 99 60 84 19 66 65 46 86 46 98 89 42 57 70 77 21 21 77 57 50 28 66 38 75 85 26 82 80 92 78 68 90 89 51 61 6 68 6 91 13 55 32 54 11 53 31 32 73 59 88 74 86 53 12 60 89 89 42 68 80 71 87 21 11 90 81 17 57 39 59 69 93 90 23 4 43 5 
87 15 15 26 41 52 30 52 63 18 92 56 85 71 26 24 91 89 13 24 57 69 62 15 37 54 5 11 9 99 67 47 65 81 72 5 32 1 8 95 70 99 2 7 69 80 30 12 68 42 35 24 10 96 38 46 1 94 9 62 44 75 8 9 56 80 65 39 32 73 85 2 71 87 60 92 66 89 3 
33 30 37 8 91 84 97 88 84 43 96 45 86 71 5 46 26 36 11 16 67 83 1 20 53 87 31 44 4 19 98 88 100 34 95 42 69 43 30 53 85 25 49 23 95 5 68 72 40 78 88 59 60 40 30 65 78 61 60 81 31 58 68 31 43 14 24 12 8 53 16 93 78 16 15 24 21 34 48 
12 12 87 22 23 26 52 87 3 64 99 83 94 56 2 76 50 67 100 13 74 52 80 18 81 96 84 57 68 18 4 31 29 90 53 51 15 4 90 69 19 88 51 12 95 4 88 44 22 39 57 95 90 36 65 23 83 48 79 2 65 82 33 45 23 37 48 89 92 37 57 10 24 7 21 70 62 60 13 
83 98 21 29 40 9 93 62 91 41 40 45 57 73 29 2 95 65 49 35 8 37 91 17 12 49 89 81 10 49 93 44 46 66 72 85 74 17 98 16 57 37 60 65 61 88 18 7 4 18 41 11 54 31 27 17 79 16 97 40 16 42 35 13 7 7 98 80 23 47 95 31 84 7 95 96 46 13 3 
50 30 43 12 36 26 91 52 56 58 49 48 73 42 82 85 48 40 34 79 62 81 25 44 16 83 91 11 29 3 65 30 84 8 41 71 85 31 23 92 40 23 39 12 64 21 49 63 60 82 41 74 14 17 69 29 100 59 92 80 13 56 9 49 15 1 19 99 84 41 91 23 63 81 35 78 53 83 40 
65 16 32 90 30 49 58 10 100 17 1 79 81 57 39 29 71 39 48 22 22 88 64 45 3 44 31 80 97 65 72 13 80 3 2 61 3 59 71 2 27 23 32 8 79 22 36 2 61 35 23 34 75 86 30 77 81 60 8 29 24 79 41 56 82 42 68 84 1 38 38 79 61 21 86 91 43 74 92 
3 8 66 88 34 3 18 10 84 29 70 64 5 100 5 60 33 46 27 69 98 17 6 29 29 78 14 71 20 39 15 74 99 80 62 32 35 79 94 70 7 63 33 11 62 37 22 47 35 1 15 84 69 20 12 49 49 78 19 69 68 33 42 66 65 55 98 99 85 91 68 92 5 100 54 18 89 28 64 
75 80 78 58 48 49 22 96 98 51 66 66 18 99 59 84 15 14 81 13 98 23 32 41 27 83 47 44 23 26 60 97 5 37 7 4 86 28 99 35 78 64 52 47 14 10 30 80 75 62 44 25 84 75 17 62 10 63 58 32 40 17 29 44 53 87 47 90 14 97 24 43 13 75 89 78 37 71 58 
11 32 1 87 68 28 4 29 89 18 38 20 58 54 100 1 59 86 100 48 51 96 24 93 8 98 34 38 86 4 95 97 35 47 83 54 74 38 83 62 56 20 34 13 26 85 65 84 71 64 83 73 60 6 18 19 56 51 56 41 6 2 89 92 49 72 46 74 61 80 88 16 99 21 28 76 5 93 59 
27 56 42 100 67 47 69 38 54 19 45 95 76 47 83 67 47 6 12 20 67 91 7 82 42 79 62 17 36 54 28 14 61 21 65 80 67 33 69 21 3 13 67 78 11 49 45 57 55 8 77 73 51 35 54 44 14 15 12 49 20 39 14 33 59 79 64 78 11 32 50 14 44 16 91 7 16 87 63 
22 47 91 94 97 26 100 40 91 66 3 91 38 94 4 70 52 82 33 81 93 16 82 6 59 97 48 17 65 87 80 86 33 22 32 29 47 31 20 37 48 74 79 85 67 83 6 71 64 38 51 56 53 33 13 64 81 13 32 45 99 11 31 83 85 62 11 31 44 82 20 91 55 98 76 22 80 33 92 
96 71 94 3 75 26 68 90 59 80 22 3 30 84 85 12 68 98 74 51 93 7 22 84 61 71 11 34 3 43 25 98 65 71 100 92 48 19 81 6 50 54 61 79 38 45 42 57 95 67 7 87 73 28 22 86 99 32 19 1 27 96 50 91 66 1 34 13 20 15 71 69 68 31 100 57 75 41 14 
21 60 72 8 32 52 29 69 50 13 40 2 39 35 3 81 52 3 15 16 22 81 86 91 100 16 90 57 43 82 22 63 93 93 22 77 44 3 45 45 15 84 98 5 70 100 85 21 55 51 89 76 31 74 18 83 42 59 91 36 93 12 50 85 4 72 61 100 74 6 96 88 41 94 92 11 45 28 31 
99 31 71 75 61 45 44 95 38 3 85 73 47 96 22 31 52 45 44 3 70 49 98 57 41 91 100 51 36 80 34 86 10 4 12 22 100 56 17 37 10 1 61 56 49 35 38 52 79 81 54 49 81 51 57 22 94 9 72 81 40 5 66 49 61 78 22 60 85 90 49 94 43 9 1 91 43 38 42 
74 19 95 74 51 97 30 72 90 90 96 70 29 52 36 29 12 65 51 72 49 40 72 42 34 80 94 24 75 31 17 48 1 63 21 52 60 2 75 1 92 70 23 72 22 10 53 85 74 3 8 22 94 79 15 28 59 8 3 85 90 20 32 91 34 4 94 45 5 68 46 48 90 68 72 63 77 24 47 
2 78 7 75 23 85 89 50 95 48 5 79 37 76 10 79 9 65 72 6 70 92 3 69 33 70 40 95 98 15 93 51 92 99 25 15 84 65 16 30 12 20 9 100 47 70 31 8 35 54 13 56 45 15 76 29 36 16 23 85 30 16 87 74 66 11 88 49 27 55 79 38 27 39 89 73 60 19 32 
94 73 44 1 69 10 77 98 97 44 72 33 25 87 19 98 53 29 37 53 7 92 83 96 18 73 85 42 33 55 74 78 79 69 79 48 31 55 97 27 50 68 60 74 7 78 72 11 59 60 15 65 51 50 61 20 22 97 14 54 51 87 32 30 7 62 29 37 68 25 64 17 44 75 42 2 4 65 12 
62 25 79 79 27 28 91 47 49 87 60 55 89 98 38 70 4 99 98 41 18 74 56 86 70 30 27 71 33 92 35 47 16 13 77 42 40 67 40 88 5 51 42 93 48 31 63 4 29 12 96 98 86 51 83 7 32 10 77 16 1 11 62 68 23 38 61 62 56 53 2 60 3 95 53 3 26 67 6 
6 78 1 4 15 3 38 21 34 47 50 49 99 60 63 18 35 100 79 48 56 31 49 67 85 96 19 87 21 85 44 78 15 44 33 29 98 71 50 31 69 51 32 68 10 94 37 96 45 15 44 52 97 92 19 82 87 37 20 59 74 64 89 88 59 21 68 57 43 69 39 12 19 70 31 29 63 67 24 
8 34 19 59 30 11 77 63 49 66 83 60 91 98 48 78 8 68 45 16 11 14 55 74 84 76 4 12 39 22 88 98 55 6 8 85 68 85 47 69 2 81 28 92 30 75 21 38 94 17 53 56 82 59 29 66 35 32 29 25 54 68 22 60 26 29 44 93 65 43 13 18 23 40 9 5 66 81 42 
60 50 46 15 31 5 44 48 91 27 77 15 32 96 88 92 21 68 87 66 33 29 78 50 4 70 11 8 35 43 1 94 92 46 9 23 2 4 22 44 82 50 58 14 46 97 57 66 65 43 83 49 72 61 98 27 30 60 34 16 3 86 10 46 31 70 68 85 25 42 28 6 91 38 19 36 34 27 54 
50 70 36 98 93 48 48 19 29 7 4 45 61 89 54 7 71 75 26 7 99 67 87 56 58 24 27 45 9 53 98 59 22 34 56 66 81 3 36 10 62 39 6 22 79 59 80 2 85 6 60 35 24 46 90 81 21 16 78 30 69 75 88 42 60 95 8 93 98 43 54 11 34 59 32 64 69 64 17 
53 69 29 87 44 74 28 25 95 44 54 76 64 28 15 5 40 9 64 32 58 59 85 68 44 43 52 59 11 15 76 15 35 4 53 78 29 80 54 75 75 7 50 38 87 64 95 26 25 10 9 82 68 93 2 63 87 53 22 49 19 49 15 5 4 67 82 32 98 88 59 25 46 8 62 32 24 8 9 
