55 63 47
37 76 13 31 49 22 3 31 10 69 50 52 29 47 22 9 72 29 92 53 28 2 73 17 14 28 65 69 34 80 37 23 55 50 53 3 23 7 86 32 28 87 83 8 85 56 16 56 85 59 8 64 12 80 32 77 59 96 45 93 75 34 15 
82 83 19 84 5 25 69 88 52 55 70 59 91 78 26 46 62 37 53 77 100 85 8 77 43 55 73 87 82 6 53 63 88 23 98 44 48 19 83 51 25 53 62 16 82 87 61 43 75 66 71 75 50 30 51 44 84 23 31 17 81 35 31 
20 58 81 16 57 99 98 7 75 2 68 90 83 7 3 77 81 68 47 7 17 76 57 60 12 32 42 80 64 29 11 83 86 43 98 42 41 96 100 67 97 68 57 80 26 11 56 58 78 55 65 46 82 73 57 93 4 99 25 67 27 87 2 
64 29 99 57 69 94 56 87 43 75 43 22 100 53 29 58 82 35 74 27 17 46 84 9 2 34 33 20 12 19 21 75 99 72 31 19 65 38 6 59 13 48 32 64 53 61 73 34 95 46 13 11 92 96 72 45 81 56 64 92 27 37 18 
25 8 100 44 24 37 49 83 1 48 14 65 100 26 37 86 73 83 98 35 26 45 58 22 77 14 85 68 92 73 37 68 80 88 11 56 76 11 90 77 59 3 41 10 81 29 47 5 63 96 39 88 92 97 9 68 62 46 87 5 70 75 72 
2 62 35 57 38 45 46 66 55 100 58 17 32 86 63 36 49 11 27 88 2 23 49 22 36 46 8 40 15 83 63 68 44 97 24 33 42 21 98 48 73 55 64 4 93 79 40 93 89 66 32 42 40 32 63 27 77 71 18 44 5 80 63 
48 29 87 33 22 59 82 69 31 37 33 35 81 63 26 73 51 43 56 44 34 88 7 60 16 29 29 11 33 60 74 32 88 12 64 9 70 46 78 1 34 62 87 66 24 64 90 26 58 45 69 91 32 75 2 100 55 30 10 87 41 35 19 
29 46 34 37 16 31 14 68 16 27 6 81 50 69 70 27 26 67 96 68 50 22 21 49 77 2 11 15 42 45 85 70 43 19 7 10 1 72 77 17 99 82 97 100 2 19 27 79 85 74 46 34 47 66 35 23 67 45 90 60 41 74 30 
83 44 88 92 45 59 20 61 9 53 9 9 54 79 87 84 63 12 81 49 58 46 83 33 64 27 22 24 67 95 5 2 39 92 93 35 50 65 95 11 17 55 71 23 34 9 6 48 20 87 96 77 84 78 9 100 56 30 75 23 77 31 76 
67 22 68 1 23 84 47 33 1 1 55 75 86 63 80 34 82 18 29 11 54 59 19 5 14 1 31 88 29 61 63 95 82 83 95 4 66 41 89 66 93 43 92 79 6 24 12 39 41 92 49 46 50 20 2 16 20 32 3 100 92 66 94 
73 48 40 29 65 32 69 83 24 63 74 2 20 97 65 59 90 9 59 35 10 78 37 25 49 68 28 48 12 45 93 36 44 32 64 8 63 84 90 87 47 64 40 18 60 57 28 49 65 87 36 74 64 24 99 65 43 78 12 54 22 57 90 
65 88 5 24 51 41 14 89 39 29 80 56 40 36 84 41 52 70 76 78 85 51 28 49 93 5 13 99 78 69 88 94 8 44 17 10 84 82 50 22 10 30 78 50 17 61 90 21 82 17 98 66 67 25 67 11 29 31 9 58 51 96 51 
58 40 67 68 75 1 17 97 10 98 74 11 67 86 52 87 19 68 84 36 86 8 2 97 88 84 5 45 34 53 95 92 44 13 11 18 65 79 14 75 29 39 37 95 76 89 81 94 8 64 30 94 23 83 42 10 67 46 6 100 98 52 43 
93 16 53 11 81 84 24 55 12 15 43 6 90 31 38 84 91 1 65 36 75 47 77 84 13 22 41 65 72 92 7 64 7 12 26 87 47 50 93 58 64 88 15 5 18 4 88 60 56 4 95 30 51 71 65 15 45 5 31 68 48 90 83 
54 1 9 93 99 10 37 8 25 24 74 29 94 77 69 53 32 72 100 13 74 70 77 89 66 33 71 33 80 60 16 85 12 76 29 10 85 66 17 9 89 90 37 34 18 5 87 49 29 86 13 2 7 89 42 73 73 13 57 52 24 24 89 
36 99 17 45 35 34 14 43 75 55 32 8 73 88 46 73 16 83 86 18 42 26 11 14 99 23 22 2 47 46 90 34 44 59 30 79 44 43 73 70 50 4 78 22 92 75 46 59 10 83 28 51 9 39 16 59 13 37 60 11 82 2 44 
78 12 74 8 55 68 80 25 17 36 54 90 79 80 88 37 89 70 65 91 78 55 6 36 67 95 48 30 28 49 73 5 60 98 64 66 66 96 42 34 31 95 24 61 27 11 49 67 80 65 58 10 19 15 97 38 9 96 67 89 44 91 45 
55 89 9 73 6 4 14 39 86 61 62 46 87 24 94 53 56 59 62 17 29 77 65 66 37 61 84 25 56 75 70 63 15 78 35 20 33 48 58 70 60 72 67 46 95 12 51 2 22 12 18 51 40 35 68 77 95 52 1 50 78 70 64 
92 99 98 11 83 98 20 52 57 91 18 55 38 30 5 91 51 68 9 53 8 95 21 84 89 24 36 90 53 6 54 44 56 51 6 39 100 77 42 57 68 60 63 57 41 19 47 43 86 7 96 45 1 68 80 41 43 16 31 95 73 36 90 
28 38 47 18 38 23 60 46 42 19 8 50 11 78 49 53 63 7 100 60 60 19 39 100 13 54 82 59 26 17 100 6 55 46 23 44 21 82 41 14 52 100 16 14 77 64 67 91 70 18 50 81 89 89 81 1 42 14 60 20 31 59 25 
37 5 99 32 77 81 72 42 84 71 57 98 47 20 16 37 42 85 87 22 73 75 54 74 68 68 33 87 50 91 63 86 47 62 17 75 42 88 17 77 10 73 26 56 45 93 92 86 78 30 59 50 56 13 75 24 32 7 62 81 50 25 66 
48 86 34 75 79 73 91 55 82 15 33 89 59 25 80 96 2 62 7 4 17 71 78 92 2 37 54 82 38 78 99 85 63 84 11 41 56 1 47 89 68 79 77 26 4 8 74 57 69 80 60 38 50 90 29 51 26 82 84 63 11 34 99 
25 17 10 65 24 62 64 12 29 42 40 7 97 47 80 54 68 11 65 57 60 54 85 62 31 19 45 93 81 78 44 6 46 5 22 69 66 85 32 95 79 71 53 27 69 84 32 88 94 97 44 53 2 81 66 33 51 10 77 31 39 72 36 
36 76 58 4 42 94 35 88 24 57 40 51 25 23 82 13 68 30 8 20 84 88 37 16 38 98 44 69 36 16 56 23 43 13 26 84 59 12 23 82 68 14 84 44 88 18 56 55 47 64 26 82 3 62 49 41 59 93 9 46 60 16 68 
2 81 93 38 39 56 60 72 23 74 8 67 61 25 74 68 23 89 93 5 92 55 53 32 65 97 92 11 8 7 78 62 87 23 99 77 30 10 1 5 83 8 23 96 32 96 15 54 37 7 10 28 13 15 11 78 11 54 88 71 12 17 32 
99 91 30 27 21 91 27 25 26 34 47 73 17 94 87 71 30 93 32 9 58 46 19 35 9 24 74 79 36 42 10 86 33 91 12 5 81 91 81 6 24 27 30 41 72 16 63 2 61 46 62 18 92 33 4 100 56 77 30 91 70 91 28 
2 81 40 58 13 82 38 71 57 16 100 49 88 68 11 41 28 57 2 45 100 34 48 51 42 76 80 32 45 70 60 99 2 51 56 14 32 94 36 88 61 88 37 48 55 99 40 82 7 42 26 6 27 25 56 68 100 87 52 96 56 11 94 
57 13 50 23 96 95 58 35 55 45 23 55 51 22 94 32 80 35 9 38 14 33 45 81 84 32 32 80 87 94 25 96 6 74 18 53 20 27 88 27 24 10 81 74 83 74 58 63 61 66 52 74 51 96 6 86 27 90 65 66 83 90 13 
41 15 82 93 87 60 32 13 35 42 93 61 76 18 18 38 78 83 41 3 85 37 61 71 15 50 87 32 84 28 96 24 95 77 69 81 89 100 93 23 93 37 83 69 6 100 58 36 35 99 38 19 87 98 41 53 99 28 85 83 55 80 58 
49 9 26 81 97 78 25 19 22 61 2 42 67 53 52 54 87 50 91 58 88 41 98 40 39 77 76 73 84 56 31 84 16 8 65 12 37 89 82 59 2 35 100 20 88 3 73 26 4 15 83 91 55 33 83 46 61 58 18 44 13 100 28 
80 8 92 91 44 32 25 54 33 59 6 4 46 8 76 72 12 91 6 2 97 38 84 94 99 42 12 94 6 63 73 38 70 16 28 14 48 4 67 32 63 72 36 8 80 63 31 43 5 37 44 2 26 80 47 76 73 10 70 30 73 42 67 
42 58 47 7 57 50 26 88 12 97 75 72 28 90 54 70 94 90 66 47 68 97 94 43 69 3 64 50 75 58 17 69 15 63 75 23 64 100 10 76 49 37 99 28 26 52 50 71 94 15 18 61 63 11 55 83 65 19 32 92 76 48 60 
42 62 34 64 26 86 25 53 34 13 51 61 90 54 10 61 99 76 78 11 38 40 66 20 56 36 4 47 63 51 6 56 13 92 19 38 77 95 90 62 8 92 74 97 97 84 57 96 11 86 58 1 77 23 72 33 10 75 79 24 26 37 79 
90 28 97 27 56 44 68 17 3 59 90 51 7 25 8 2 36 45 60 88 22 34 59 54 96 34 84 19 11 20 98 100 47 46 78 2 89 45 70 91 55 60 42 61 36 1 15 71 97 26 58 18 59 69 23 6 2 7 25 12 26 22 63 
73 67 40 26 8 36 96 98 90 7 91 2 42 43 16 65 40 93 74 57 52 42 80 57 43 38 33 6 63 54 68 87 73 59 13 32 94 60 81 35 66 72 37 7 14 4 23 53 97 97 62 100 38 93 8 33 30 41 90 44 46 10 31 
70 68 43 1 14 54 82 48 19 5 84 77 18 40 100 23 88 48 84 87 37 28 94 21 9 86 11 52 84 72 82 53 39 76 54 52 29 87 52 99 91 35 76 60 26 27 82 13 26 17 99 62 96 45 83 4 82 93 56 65 64 89 18 
54 65 23 58 93 61 9 44 51 95 19 62 21 97 96 85 22 12 36 35 60 80 17 63 13 61 70 78 76 59 95 30 23 69 39 67 29 47 62 31 93 32 92 65 28 87 50 1 51 85 36 62 16 4 24 28 65 46 5 40 4 51 21 
78 71 11 96 51 9 58 81 2 89 25 66 69 63 67 69 65 51 56 26 18 60 2 46 24 47 2 15 2 5 88 79 27 50 74 78 59 83 10 60 72 34 77 40 49 44 60 65 46 16 91 64 75 44 61 50 42 14 16 43 18 55 21 
45 5 46 74 63 29 83 74 52 17 2 43 17 97 2 81 43 17 23 58 43 66 18 92 7 31 60 1 1 14 73 97 70 19 70 32 99 52 57 2 20 59 44 88 55 45 69 49 14 91 6 56 9 75 100 67 58 59 68 58 24 40 6 
46 10 75 77 60 78 86 13 98 96 56 85 2 53 5 51 66 48 8 21 56 35 72 74 92 82 41 49 6 33 6 51 94 80 79 6 57 16 18 6 11 74 43 65 78 99 15 43 46 74 15 1 8 87 27 99 68 67 99 25 51 4 27 
45 35 58 50 44 73 19 49 36 92 43 100 21 42 66 63 87 39 30 40 99 16 18 49 35 36 100 60 87 3 38 83 90 95 84 33 20 2 33 7 46 28 6 66 69 23 81 7 13 10 98 11 25 15 60 59 51 11 70 89 65 8 71 
54 54 54 38 73 7 71 31 52 98 36 18 18 58 98 76 71 7 26 33 83 92 44 93 94 54 63 34 19 22 4 24 75 9 62 100 68 84 82 19 81 18 88 50 27 37 77 49 95 54 34 29 46 77 22 91 83 36 25 53 57 80 76 
83 41 37 34 8 20 16 26 52 85 66 53 11 2 82 12 49 35 45 77 32 73 98 23 55 33 99 59 41 78 35 24 18 23 9 25 95 24 3 98 8 68 3 71 21 84 82 21 70 78 98 2 50 47 76 57 32 74 15 72 51 1 47 
21 76 56 45 22 31 99 19 39 18 21 9 91 56 42 11 26 19 60 27 20 7 2 28 90 27 43 61 77 95 60 97 70 67 94 91 97 44 62 35 62 34 95 52 90 88 14 15 58 74 93 78 32 46 5 21 72 99 33 100 94 92 49 
15 58 42 58 55 85 71 41 98 4 88 1 93 75 15 59 33 40 3 62 71 48 66 91 71 17 23 71 62 67 19 76 76 12 85 82 48 55 23 46 59 62 98 3 36 12 14 20 51 16 81 21 16 99 63 38 15 38 8 76 4 78 3 
79 89 40 61 37 94 35 34 4 96 31 59 83 95 72 55 97 39 87 70 54 85 32 92 51 69 51 78 24 29 33 55 69 72 15 57 17 1 90 21 48 73 79 30 67 2 36 63 40 23 32 94 7 16 37 10 36 39 87 12 67 19 66 
36 42 32 92 59 32 34 31 79 58 9 60 24 10 96 38 49 18 22 94 76 89 82 85 24 21 24 35 39 94 100 26 36 83 70 46 14 55 76 44 12 84 4 87 45 99 76 45 16 97 91 43 37 72 28 61 44 3 47 35 96 99 12 
83 81 81 28 47 35 3 90 98 38 93 84 82 43 60 79 58 8 69 1 45 92 80 57 88 82 3 22 29 53 33 12 86 66 39 32 52 42 21 50 31 66 85 13 8 44 43 18 4 11 18 48 54 49 56 41 82 10 14 10 63 99 21 
48 64 60 31 67 53 51 16 83 16 53 47 76 96 89 93 51 51 62 50 57 10 5 49 91 15 15 52 29 13 73 28 28 84 58 94 88 60 62 70 28 14 69 3 61 9 95 12 12 56 61 68 17 18 16 7 32 82 10 12 94 34 39 
73 17 96 67 4 7 80 26 34 93 46 36 53 54 30 16 65 37 29 32 53 46 100 11 29 81 21 40 27 54 78 99 23 25 17 78 31 96 55 17 88 100 52 93 54 34 60 18 22 88 2 75 85 53 85 13 85 57 4 63 11 33 62 
85 9 78 62 92 26 17 8 65 16 59 57 69 44 69 39 66 8 92 40 93 44 76 57 80 33 13 43 95 45 4 79 54 33 92 45 58 60 4 23 28 14 31 48 58 51 86 75 59 77 66 3 72 41 11 52 25 23 94 71 20 49 1 
25 33 93 21 43 4 24 17 31 37 99 79 46 50 16 20 8 45 85 62 16 78 72 19 54 95 64 25 14 64 25 38 97 69 58 91 73 33 7 3 69 5 33 15 6 49 86 65 45 71 26 12 100 98 31 53 92 46 77 57 62 54 46 
10 22 55 100 46 87 58 1 55 62 33 21 20 33 7 84 77 29 10 41 28 7 23 32 50 68 61 58 81 14 3 90 87 57 89 33 95 98 33 1 12 17 22 31 2 80 14 30 8 75 70 87 33 92 70 82 12 30 91 92 95 45 34 
34 1 74 66 47 72 50 48 83 18 21 13 19 100 26 1 59 53 70 97 85 14 18 19 25 48 9 68 94 54 1 27 6 75 44 53 46 93 52 80 63 72 92 81 23 69 81 33 21 3 29 6 16 46 24 92 45 32 59 91 37 12 17 
43 38 13 47 35 5 98 14 67 69 5 100 91 25 32 23 46 34 3 3 1 100 26 92 45 9 3 87 46 66 55 40 3 67 86 89 24 83 2 42 51 58 41 93 82 25 67 79 10 69 81 11 68 58 54 64 19 8 50 64 73 5 55 
