68 65 29
69 85 66 44 34 64 86 48 19 62 43 89 84 53 94 78 69 30 79 60 82 80 56 53 30 6 50 54 25 66 19 46 51 36 89 36 100 26 83 18 87 77 58 70 30 52 99 50 33 29 9 66 8 16 19 90 74 68 95 98 34 65 95 36 1 
83 23 100 60 58 69 47 34 26 68 15 29 19 65 62 47 25 27 7 41 45 48 14 65 42 63 50 6 58 37 58 92 59 9 52 16 77 50 2 55 69 16 83 87 32 44 86 57 23 44 49 19 91 14 83 84 76 84 41 85 20 99 77 79 7 
28 46 36 29 99 90 97 67 72 36 98 68 73 6 90 68 6 8 58 19 43 93 47 26 33 31 98 83 7 76 42 86 73 77 14 72 18 63 38 41 50 87 8 22 45 49 89 50 9 98 69 3 42 15 28 74 45 25 9 4 52 50 89 77 78 
55 100 47 17 37 87 66 75 47 39 19 47 79 69 7 28 89 9 69 55 89 94 51 65 2 54 69 3 95 45 32 1 44 78 69 32 17 86 58 15 24 77 13 54 97 20 81 37 80 49 91 68 42 93 85 44 99 53 98 93 49 82 45 44 11 
13 27 27 98 84 93 73 12 6 26 8 77 6 44 56 54 86 76 95 79 60 90 77 64 40 21 12 21 65 55 31 77 33 10 26 16 54 98 28 11 75 87 87 80 83 95 85 68 70 31 98 81 73 74 44 12 46 55 84 10 61 14 38 45 75 
63 60 29 12 39 39 86 78 78 65 60 72 49 79 93 32 77 73 4 2 68 15 48 74 98 57 86 63 95 30 90 9 41 18 21 80 8 58 9 85 75 68 8 23 46 100 6 74 24 9 76 91 23 23 64 72 79 49 87 25 78 76 86 19 93 
58 50 52 15 58 37 89 77 44 64 74 96 69 48 19 78 23 10 52 45 73 76 75 74 62 52 51 37 37 21 81 46 22 32 60 79 20 1 7 64 16 81 11 36 80 29 65 2 90 17 98 15 92 72 88 53 75 90 41 11 11 21 8 32 52 
20 63 72 20 21 87 87 1 97 22 32 77 87 33 19 3 82 85 46 6 72 50 80 13 90 43 75 10 50 7 13 69 21 84 40 41 22 26 94 70 48 25 99 86 10 17 40 43 1 85 48 24 34 80 36 75 22 11 36 23 69 48 44 41 84 
83 33 5 61 26 27 8 3 25 45 64 93 84 6 93 68 6 68 53 85 55 27 58 65 14 80 85 61 23 77 44 58 10 1 18 87 27 77 89 51 21 4 43 4 62 87 23 67 6 27 51 60 5 8 77 18 39 61 78 14 90 74 71 99 74 
40 85 100 68 26 2 40 81 96 95 42 34 17 8 39 43 58 98 47 17 74 64 56 87 93 69 76 66 91 74 39 82 10 90 49 87 43 88 68 38 82 9 23 50 17 61 44 26 59 90 43 84 5 50 70 49 70 97 15 60 22 5 41 84 47 
41 70 89 28 37 79 61 46 1 10 14 62 53 91 72 94 85 7 50 34 29 98 3 25 64 14 99 69 6 82 67 46 51 55 25 88 33 85 85 86 46 50 99 50 40 22 95 25 28 44 10 56 94 65 33 57 78 31 77 84 12 43 29 62 50 
54 1 34 90 37 19 36 38 69 37 30 90 32 6 18 75 15 25 20 79 57 29 57 87 5 92 50 100 72 12 1 77 64 34 67 53 5 54 42 73 90 71 15 73 76 32 48 43 56 19 21 65 47 29 51 4 20 1 3 44 64 55 20 79 88 
86 83 44 91 25 69 81 47 83 53 23 66 52 65 73 23 37 37 69 66 40 72 37 40 26 80 55 80 100 85 20 37 68 63 28 44 83 60 90 17 64 12 34 16 28 7 38 65 95 58 82 34 30 18 25 55 50 79 87 49 16 6 37 83 20 
64 78 55 23 67 71 87 31 5 54 58 63 43 74 57 100 55 91 81 25 15 88 74 46 26 74 61 31 10 95 2 26 72 56 48 90 79 86 20 35 91 30 97 85 3 5 37 10 47 17 34 14 56 7 11 81 80 71 63 41 17 65 66 40 72 
66 81 50 51 1 36 94 30 84 78 84 89 14 93 35 31 26 48 38 84 10 19 15 80 81 56 48 45 21 39 69 86 20 18 89 72 54 82 53 37 59 36 77 25 29 64 55 6 63 44 90 73 62 4 4 95 11 4 39 32 42 7 69 13 77 
57 84 82 90 36 70 1 24 47 25 4 62 31 9 24 74 50 96 88 6 100 82 16 3 72 99 96 79 68 9 7 76 44 88 66 80 9 18 55 7 42 58 68 24 66 92 97 68 39 84 73 38 65 40 92 37 39 40 67 6 100 25 33 43 64 
50 74 72 67 28 79 60 85 46 83 3 89 80 70 28 15 94 17 32 33 9 20 71 100 38 28 99 62 61 41 25 10 67 48 29 94 26 88 31 24 71 33 12 50 54 39 16 47 56 47 31 16 66 2 67 55 81 65 16 93 57 92 3 23 40 
31 17 17 70 99 40 40 31 4 41 84 94 57 82 1 55 12 16 73 65 34 27 98 98 43 90 55 86 92 29 25 74 97 42 44 95 33 35 25 36 76 60 30 32 93 30 86 57 98 10 73 31 37 70 81 31 60 87 16 3 15 41 29 12 34 
24 58 66 58 83 2 33 94 83 16 39 12 54 47 61 63 19 92 51 41 24 81 100 10 97 54 24 89 34 87 22 57 45 87 67 79 40 51 24 74 19 62 38 72 8 98 86 79 41 37 19 64 69 18 73 65 23 49 5 57 35 26 65 31 65 
83 9 56 34 33 30 52 46 67 75 54 16 12 84 57 100 2 72 69 71 45 85 93 93 42 1 79 67 18 10 83 100 18 91 33 2 72 36 48 90 62 53 5 26 36 13 25 37 85 45 7 29 82 51 73 23 52 3 41 69 12 76 20 82 66 
5 35 37 92 82 26 54 86 30 31 73 43 7 9 79 4 67 7 85 70 31 59 21 33 99 41 97 74 12 30 39 16 64 27 8 46 52 13 83 34 43 56 28 49 16 6 52 83 64 88 52 46 46 24 30 97 16 26 70 27 55 61 95 19 39 
2 16 91 14 98 76 8 53 55 8 21 12 60 3 27 99 6 72 45 81 53 41 48 79 62 26 85 22 20 55 61 21 22 3 86 20 30 93 24 36 1 44 47 12 98 25 10 55 48 6 35 100 46 34 30 60 60 67 33 79 21 45 52 43 47 
89 14 28 82 89 63 34 33 61 45 82 85 6 37 84 12 23 84 9 57 65 68 16 31 1 46 52 45 49 46 44 38 11 23 19 99 38 4 31 98 48 65 35 5 1 18 16 23 53 77 79 18 96 46 48 96 44 51 93 92 48 88 29 58 62 
99 57 99 2 39 49 1 55 83 6 55 52 73 30 5 49 60 74 45 6 73 92 49 76 36 92 23 75 21 33 37 71 41 35 73 31 83 25 86 17 30 92 69 55 21 25 3 81 50 99 86 22 91 86 49 78 29 24 53 1 56 89 72 48 75 
96 30 58 20 15 74 2 7 94 56 79 70 10 59 19 9 96 93 51 33 41 28 62 64 80 62 71 68 85 18 95 80 48 52 52 14 77 5 72 23 12 51 92 21 9 11 29 57 55 31 89 95 59 2 59 38 64 29 58 48 99 52 80 46 55 
31 11 83 87 83 5 98 33 97 18 93 59 99 49 13 29 90 7 39 91 17 77 6 98 86 6 96 89 85 93 95 67 3 77 53 85 82 50 69 78 19 14 36 69 62 100 98 3 6 88 94 75 16 51 72 1 56 67 41 92 59 35 58 13 12 
62 50 93 63 18 22 82 31 9 2 45 8 51 47 65 39 92 39 54 43 10 7 50 28 47 42 38 82 99 51 45 13 52 89 75 21 10 8 52 18 10 48 77 60 46 41 98 90 80 52 32 41 58 33 21 56 74 58 89 25 60 33 37 11 21 
63 32 82 71 35 99 32 82 75 43 79 16 41 68 47 44 51 39 53 84 59 60 57 17 49 33 28 81 69 39 54 84 22 35 6 8 86 37 41 60 79 19 27 71 87 25 66 89 64 70 72 74 30 81 42 78 13 70 10 34 60 15 17 81 50 
22 40 35 10 80 46 40 98 25 63 36 1 28 25 16 98 48 90 27 28 31 56 93 100 17 78 11 32 46 43 81 19 82 67 28 61 64 19 11 40 81 98 41 9 22 8 58 22 97 36 1 80 91 93 31 7 70 42 90 67 84 70 85 18 88 
12 78 4 83 40 43 63 38 35 71 11 95 80 32 91 15 33 22 57 77 53 16 99 46 5 65 29 27 50 98 14 13 76 69 95 67 64 58 4 98 80 15 92 60 46 35 26 30 56 83 7 60 98 57 5 2 21 86 28 22 83 94 35 58 62 
81 25 25 90 80 75 70 94 18 81 92 4 6 73 60 88 79 19 37 35 76 91 8 61 70 29 43 15 63 53 77 96 29 53 85 8 79 54 2 97 86 45 100 92 17 11 31 48 82 20 34 57 10 41 69 31 70 11 46 84 63 74 79 91 26 
16 51 57 69 4 5 7 48 56 50 16 67 80 63 100 51 97 8 12 37 76 43 58 38 88 94 1 61 24 43 38 39 93 94 60 48 98 66 95 6 15 11 24 46 25 23 97 21 82 8 10 57 50 19 94 89 12 46 1 36 41 39 74 85 84 
85 33 34 50 79 39 16 89 62 14 14 36 10 86 17 69 95 25 71 14 18 59 77 16 60 12 8 50 38 92 33 22 76 18 24 55 56 91 95 69 4 8 4 13 46 20 34 40 44 4 5 14 14 82 81 25 45 88 74 82 31 59 56 7 76 
79 13 84 69 7 52 73 15 8 37 12 27 70 51 23 25 8 36 91 41 68 15 85 55 41 67 37 99 74 95 26 4 7 61 24 14 13 96 80 20 85 91 98 6 93 20 83 100 7 73 40 26 87 77 32 27 95 69 77 68 63 55 71 70 15 
94 83 79 42 62 50 78 4 48 83 96 19 65 48 78 89 39 3 76 15 35 54 9 3 83 76 17 37 98 86 3 92 20 82 85 33 31 62 36 30 96 84 49 13 31 78 1 69 80 76 36 14 82 44 68 64 72 85 52 69 70 6 12 42 39 
48 74 70 9 62 51 5 45 51 69 27 28 69 95 8 97 30 73 78 26 41 93 97 25 96 17 46 1 81 87 40 28 13 61 37 26 11 93 70 14 61 96 41 29 42 100 25 24 73 54 49 13 46 97 37 41 13 34 94 93 73 33 21 85 93 
9 10 55 53 31 68 65 78 9 45 71 60 22 94 32 75 42 96 73 38 84 65 3 18 58 95 90 90 67 26 34 27 87 89 79 17 56 95 46 16 40 16 76 61 10 59 87 3 55 59 93 38 76 95 7 33 89 48 75 8 73 8 34 59 96 
65 27 4 59 24 19 50 40 46 62 1 57 49 3 63 59 95 52 34 41 59 19 30 58 93 89 31 100 74 41 96 38 20 51 49 43 21 98 82 19 60 34 75 8 89 37 18 35 40 4 76 50 22 57 8 14 45 38 13 18 30 60 8 49 10 
56 92 31 53 25 49 64 59 75 23 99 63 41 33 2 44 8 52 17 64 11 30 60 48 94 30 77 6 37 26 67 92 69 49 96 93 49 12 3 23 34 1 37 26 34 91 21 93 42 37 9 52 18 68 51 64 49 79 69 85 56 87 28 24 36 
76 17 84 87 71 59 20 72 95 46 57 85 66 49 78 55 57 81 72 77 83 35 25 14 55 10 69 42 89 93 77 64 61 12 50 83 70 22 54 17 19 10 53 36 59 83 90 67 15 14 43 98 48 68 11 3 29 79 44 17 23 72 33 35 83 
34 18 5 7 23 73 25 85 77 13 43 59 2 61 74 15 4 71 15 23 33 17 51 63 12 19 38 83 51 24 17 85 93 73 91 16 45 68 100 22 80 94 32 33 54 5 48 9 27 62 31 11 30 33 74 93 52 63 27 54 86 43 90 79 68 
33 46 12 100 45 85 31 90 69 63 95 73 62 56 52 75 38 62 56 71 87 48 74 1 74 79 87 17 69 17 36 1 62 99 52 58 84 34 47 4 96 93 28 10 48 79 84 38 93 40 8 31 39 33 32 13 11 18 81 79 34 16 31 47 14 
34 4 49 67 2 52 15 46 80 24 46 10 59 83 2 50 42 85 89 74 16 1 36 85 33 15 70 48 97 16 13 31 71 62 49 72 65 63 17 96 38 14 6 97 96 59 98 37 43 86 62 58 38 98 94 70 64 63 17 12 78 30 94 48 43 
43 71 7 57 40 3 47 53 60 95 1 18 92 37 13 30 51 22 67 100 16 37 15 78 5 26 56 86 20 55 28 14 26 87 22 17 41 20 69 100 14 69 69 58 58 81 87 8 3 53 59 18 89 73 47 46 98 2 31 69 9 59 34 86 97 
8 2 37 27 70 88 41 91 8 98 48 41 84 7 43 88 65 12 77 89 58 22 38 12 4 7 72 14 92 57 10 99 58 98 26 79 85 18 69 45 67 68 85 2 74 79 89 90 90 17 30 99 90 68 62 94 26 33 7 17 89 17 68 98 14 
45 77 51 62 45 95 28 13 31 29 38 9 17 80 50 86 9 100 75 76 62 68 53 46 75 70 35 91 37 84 56 33 60 58 94 57 4 73 21 34 53 10 94 21 89 43 6 50 95 81 25 56 48 78 53 74 99 87 64 87 23 72 19 82 81 
64 90 85 88 10 70 40 20 64 60 60 58 18 9 52 98 86 59 97 15 12 71 13 50 86 51 72 9 21 6 90 84 95 74 71 57 95 62 76 58 73 35 68 90 96 71 39 81 30 88 95 93 58 59 94 95 9 18 4 29 23 93 64 69 18 
86 25 12 47 52 22 19 39 89 61 34 59 99 14 40 38 8 84 95 66 30 42 26 47 45 6 21 89 69 89 6 54 66 69 100 17 90 70 55 78 30 88 89 81 53 80 18 12 64 65 77 93 6 54 91 50 59 11 38 27 51 95 80 68 63 
31 37 53 1 91 82 82 31 22 14 83 2 32 95 17 48 23 61 53 29 51 54 87 13 43 14 63 89 45 83 51 28 19 55 80 9 89 61 91 10 75 26 63 58 72 79 5 46 39 9 74 41 62 61 53 56 26 68 44 22 50 46 49 68 1 
28 28 41 41 19 50 15 96 65 72 67 95 28 64 86 36 38 26 49 50 79 4 75 46 99 48 95 44 97 14 96 76 41 36 16 59 38 82 6 54 5 72 48 32 36 33 19 25 59 67 74 89 22 100 34 20 47 80 16 95 93 11 71 33 99 
86 44 88 20 49 41 24 73 88 56 60 21 74 36 31 93 9 19 14 60 4 86 6 35 1 1 27 11 23 11 61 60 6 48 79 7 88 3 31 28 10 42 100 35 77 30 27 37 100 41 96 3 26 1 89 78 53 15 40 75 77 1 35 83 100 
65 41 88 67 71 67 76 12 66 11 88 47 89 24 46 81 71 100 58 23 88 35 28 54 75 2 30 27 88 64 26 53 4 65 71 26 31 99 37 96 61 76 42 49 51 39 30 73 38 87 96 25 74 23 78 48 76 60 74 16 75 51 20 31 16 
90 56 46 40 45 94 100 72 87 1 23 26 30 47 63 68 42 40 41 16 69 40 92 80 65 7 55 68 78 85 83 19 40 80 59 36 73 58 8 60 10 82 37 39 28 99 59 70 90 51 37 11 43 28 90 59 86 44 26 63 28 8 82 20 40 
92 55 12 1 62 23 11 43 59 1 71 10 59 92 99 62 28 9 4 8 99 14 45 94 40 60 22 99 93 41 38 84 95 2 84 57 24 94 51 35 95 73 44 5 16 94 66 96 55 21 3 5 35 99 98 26 58 19 24 2 11 14 85 58 15 
21 14 90 66 16 24 60 89 67 17 56 61 34 51 67 55 5 71 41 4 68 18 13 39 93 15 49 6 51 6 72 71 71 62 89 39 85 100 79 4 16 34 16 50 85 82 56 89 52 48 44 71 65 57 9 57 23 10 15 25 67 86 48 38 99 
36 76 36 35 6 39 51 39 6 52 23 87 7 64 90 54 7 12 70 15 21 78 89 82 92 14 48 30 61 37 28 96 64 63 30 69 53 32 8 58 83 82 96 41 45 37 46 4 49 15 18 21 93 59 2 36 72 49 65 84 86 45 31 1 59 
12 70 12 44 77 21 78 58 69 19 55 5 64 58 53 31 27 73 23 85 26 10 8 27 75 43 12 71 73 64 29 85 33 92 80 9 65 57 19 33 27 73 37 43 82 42 73 8 14 47 45 92 56 4 18 82 47 81 4 19 44 33 55 77 76 
34 37 40 91 55 72 69 79 61 11 12 2 83 72 67 81 68 58 89 71 75 70 69 7 74 88 51 58 94 27 85 28 15 25 70 22 48 38 100 8 49 64 61 83 35 28 64 2 37 4 24 64 73 93 70 98 32 20 7 25 98 92 52 13 68 
21 34 67 59 85 27 59 48 87 41 82 66 56 35 3 59 59 18 84 51 87 33 82 59 92 6 56 35 10 68 2 30 53 20 40 38 46 98 85 85 91 19 50 98 53 4 9 63 21 92 13 60 76 46 18 67 4 73 1 13 93 54 42 45 74 
82 82 19 31 19 55 73 37 5 71 41 60 79 4 33 22 68 92 97 14 61 16 17 33 68 29 77 22 22 74 47 55 7 17 86 25 72 58 13 76 80 6 87 58 9 19 31 76 62 80 41 22 95 57 7 14 85 83 35 59 8 81 13 15 98 
98 39 21 8 4 48 87 9 34 97 17 53 27 44 66 58 85 88 4 93 94 18 78 28 52 88 36 85 100 50 34 98 40 54 5 95 1 43 3 86 39 71 90 18 67 56 75 51 43 79 43 36 96 72 15 99 59 50 35 59 51 20 8 43 25 
64 37 25 6 40 63 97 62 52 66 28 7 92 30 49 70 25 36 17 48 51 68 59 52 54 69 3 74 76 45 98 91 81 75 48 72 37 96 34 40 61 13 47 53 43 95 74 19 83 43 66 33 62 24 36 15 92 38 40 19 34 90 9 67 64 
9 38 52 4 23 91 65 88 37 69 82 84 42 100 18 84 65 2 97 41 37 12 84 27 51 3 60 40 63 26 55 23 16 58 27 90 1 43 77 89 11 58 24 52 57 41 88 74 42 36 66 79 47 49 57 50 3 16 41 18 94 48 40 61 5 
18 50 57 60 27 46 70 36 69 74 45 10 13 18 3 48 35 33 47 35 89 96 38 5 88 7 50 35 98 10 92 16 11 48 75 37 45 97 73 14 70 69 75 34 86 77 33 72 62 79 6 50 26 43 6 14 1 55 100 99 16 91 66 27 91 
40 15 35 88 39 100 9 7 26 42 44 55 75 15 16 5 21 65 31 15 71 44 16 77 43 66 93 86 31 71 76 22 85 62 10 24 14 18 82 39 12 26 93 38 40 8 42 60 73 72 27 95 67 42 71 10 59 15 47 89 37 22 62 22 35 
23 97 48 93 78 87 4 55 31 93 95 39 34 6 63 58 32 57 24 25 79 85 83 46 31 23 82 4 85 3 39 59 51 38 51 81 76 6 35 7 98 81 97 84 87 59 41 70 67 16 95 45 1 29 90 31 52 72 87 88 26 25 46 29 62 
97 61 90 2 95 96 100 28 92 35 66 2 75 35 68 42 81 12 42 10 54 25 61 77 11 100 2 87 45 30 100 93 42 89 95 89 36 46 16 79 80 81 80 6 67 47 47 100 11 41 9 16 65 21 92 27 20 93 65 16 75 64 9 16 5 
3 4 40 100 71 71 79 3 50 84 70 49 82 69 11 22 29 26 38 49 17 16 20 61 80 35 87 96 43 3 100 97 58 91 96 81 61 74 83 63 9 4 11 43 24 21 16 52 98 54 52 14 21 71 26 1 58 13 48 52 67 99 49 76 89 
