16 25 13
50 23 57 21 62 85 19 30 99 91 63 55 44 91 74 56 1 65 13 58 47 47 51 24 40 
68 68 2 84 92 94 85 66 2 57 27 86 27 56 84 17 19 90 61 61 64 68 61 80 32 
71 78 31 73 1 22 40 20 23 75 11 68 59 28 69 15 55 6 93 62 90 10 32 31 22 
44 46 41 57 25 73 27 55 55 99 7 76 38 27 99 13 89 18 23 17 87 90 23 92 82 
84 33 91 68 64 12 11 9 53 67 86 77 93 92 31 43 98 6 81 24 56 45 13 26 67 
81 64 56 3 7 90 38 40 80 5 55 44 68 15 48 34 52 24 79 43 6 21 41 63 53 
16 71 97 28 96 16 60 59 71 62 65 60 52 56 92 56 10 87 23 25 34 9 28 9 87 
71 14 59 11 28 12 26 98 8 6 93 23 65 3 46 79 68 57 30 23 100 37 85 86 60 
61 19 20 88 27 58 58 92 16 20 20 27 46 69 87 51 14 61 67 16 58 97 35 15 26 
10 66 63 94 52 74 6 70 45 93 49 2 3 92 17 22 11 96 67 32 34 69 45 94 88 
60 52 84 95 18 10 56 83 24 49 34 49 54 56 93 98 56 46 100 47 62 22 10 9 40 
41 42 9 85 88 48 96 39 31 42 8 92 97 42 67 97 28 67 50 35 11 100 90 56 99 
36 70 20 45 78 12 85 20 72 21 7 19 17 97 49 10 56 93 7 49 59 3 76 26 5 
62 36 4 51 92 54 87 61 26 83 90 37 20 61 8 40 19 26 8 67 26 18 74 18 76 
23 77 30 50 54 86 12 89 41 62 32 95 100 44 20 83 34 56 2 46 15 93 17 92 1 
83 17 70 57 35 45 79 63 26 80 16 12 91 56 52 53 88 98 4 83 17 86 68 24 39 
