74 60 57
30 74 2 23 64 84 6 57 41 1 97 53 3 54 99 96 59 9 85 51 64 25 69 19 18 40 28 29 14 39 45 95 64 98 69 27 33 74 83 73 75 32 78 29 37 76 25 96 84 61 46 100 85 67 18 3 58 97 83 23 
35 79 17 50 76 85 77 8 11 59 33 85 42 10 13 79 37 89 74 20 50 71 19 34 37 88 88 47 36 70 69 22 48 86 72 75 22 48 83 32 58 67 68 100 28 81 78 64 21 3 35 70 73 54 56 62 93 43 8 29 
13 76 2 12 13 73 39 35 20 73 18 30 39 86 29 66 18 58 81 38 60 15 8 32 68 63 45 13 57 52 93 69 80 94 33 44 67 71 30 38 95 48 67 33 85 47 50 2 4 30 39 63 44 98 47 64 12 43 28 69 
47 72 89 78 65 73 21 83 95 3 73 89 2 39 73 86 38 22 87 41 3 77 56 99 75 54 62 38 96 41 6 94 12 95 71 76 19 44 11 14 46 83 2 47 73 75 32 10 48 70 3 51 46 10 49 72 63 62 62 10 
2 67 56 13 13 26 40 32 69 50 45 66 84 98 64 57 72 47 18 20 16 72 22 14 81 70 37 95 31 98 57 32 65 12 96 29 89 35 12 10 85 8 75 68 6 39 76 77 85 46 48 53 17 69 66 98 90 2 44 72 
100 100 55 16 11 50 96 52 85 8 61 21 15 35 40 20 25 16 49 62 13 48 14 29 69 31 26 58 84 22 82 35 21 36 50 84 38 98 35 22 5 95 94 19 81 33 91 6 100 91 67 12 38 32 93 58 62 70 68 45 
91 49 80 12 84 81 95 21 78 81 94 34 75 87 5 55 72 95 12 23 37 30 87 26 61 79 84 74 48 51 71 39 51 2 2 34 34 48 7 12 28 52 45 2 91 1 8 14 47 20 36 83 49 22 9 62 52 44 87 100 
94 57 90 96 58 91 29 92 90 87 55 17 91 51 70 81 52 77 94 98 96 29 33 97 3 41 10 54 36 96 5 81 5 94 76 62 36 56 5 25 43 11 93 33 14 62 65 65 39 58 14 86 38 46 34 40 38 43 46 25 
91 50 5 95 96 80 8 31 36 65 8 30 75 100 14 88 62 78 4 52 87 70 37 24 67 23 64 57 65 9 81 7 10 38 1 5 69 9 88 4 73 95 85 99 46 50 39 59 27 94 10 13 63 99 37 82 21 52 90 37 
12 22 44 21 59 44 78 28 4 65 83 76 11 20 75 56 69 65 15 48 58 76 60 73 26 48 6 98 51 95 35 14 16 30 87 27 25 64 6 29 80 40 56 90 59 82 45 80 46 11 27 56 87 38 28 12 86 33 62 88 
79 96 2 94 77 40 72 53 3 77 81 82 17 89 71 27 22 67 6 20 78 32 75 16 70 2 79 7 86 40 46 64 87 99 9 15 38 81 68 92 9 48 25 77 88 95 56 10 14 61 29 43 45 55 10 14 8 88 72 93 
80 17 8 66 16 16 81 5 48 100 97 9 99 21 37 87 68 92 48 81 53 28 75 97 82 84 62 89 71 85 33 2 53 40 20 20 7 52 25 7 51 21 15 49 41 51 35 60 43 34 40 47 61 66 95 42 49 56 82 20 
92 14 73 44 5 92 64 12 43 88 18 93 60 84 42 52 86 28 12 80 62 3 26 22 69 20 16 17 27 49 88 18 63 61 14 19 52 77 82 95 16 51 39 27 34 80 78 72 60 41 51 21 96 77 94 64 48 61 32 75 
10 72 44 24 32 57 42 35 85 24 81 52 74 20 78 60 51 8 31 10 100 81 82 95 9 76 10 57 36 42 83 45 13 26 68 96 35 62 30 19 85 63 23 10 82 100 69 84 59 51 46 59 84 27 53 92 54 15 100 90 
56 34 86 20 12 6 67 46 67 96 16 3 10 38 64 43 90 85 27 48 35 72 58 18 50 63 62 4 77 13 93 84 47 30 3 58 35 69 55 53 16 70 55 26 60 19 20 49 3 46 48 89 69 58 59 19 20 20 22 48 
32 66 31 30 95 85 87 82 5 41 34 72 63 41 49 22 59 69 22 13 14 21 53 35 78 11 53 49 82 26 96 14 91 26 43 85 10 82 18 66 74 52 38 36 92 86 57 2 54 30 66 20 51 18 54 80 29 58 29 10 
83 24 75 73 2 70 9 63 3 27 29 76 78 66 12 21 3 20 22 9 50 87 28 52 4 33 31 84 90 11 46 72 35 20 96 36 41 4 50 43 82 78 19 11 95 82 31 98 1 52 6 2 90 85 5 94 17 88 29 6 
98 74 77 84 46 72 71 86 27 21 29 61 98 99 71 93 80 2 42 80 5 99 34 95 83 38 40 99 25 68 4 23 94 32 6 39 55 29 24 33 49 4 93 98 2 16 90 81 17 83 13 73 81 98 19 63 35 58 13 60 
78 16 34 71 99 91 9 5 19 84 90 19 88 82 17 41 97 58 74 65 41 38 90 73 35 8 36 69 18 48 80 95 16 65 17 66 8 77 23 78 12 12 97 99 93 13 92 42 22 65 6 62 2 95 35 88 55 22 56 72 
21 88 18 88 52 86 6 59 14 28 37 25 39 85 76 83 49 67 24 70 83 82 32 36 28 18 23 82 91 78 5 63 17 74 3 69 59 8 79 72 35 67 97 73 3 72 7 51 90 31 21 72 64 52 7 91 21 81 25 63 
58 81 25 27 55 27 47 13 86 77 85 20 44 33 44 46 56 51 97 45 33 69 68 96 72 26 38 92 6 14 6 15 95 82 41 49 61 87 61 46 64 97 18 59 29 61 56 36 63 4 80 47 72 99 94 43 24 84 86 29 
97 91 44 91 73 36 91 33 23 52 30 38 100 47 48 81 60 3 16 22 59 48 21 30 46 14 25 70 97 10 98 46 53 93 36 77 29 27 61 3 30 90 40 81 37 87 61 48 41 77 21 99 76 41 81 21 7 5 90 55 
66 40 100 18 32 88 46 12 66 6 14 95 96 5 75 84 43 88 31 84 16 3 34 91 44 66 11 50 22 53 56 88 92 56 57 75 43 3 87 8 8 52 54 55 57 80 90 51 19 72 86 34 75 20 24 70 85 35 71 7 
87 26 46 30 33 2 4 27 56 42 86 16 94 39 22 2 71 64 52 89 35 38 23 61 9 98 82 45 32 52 3 70 30 48 99 62 2 55 89 9 96 26 24 41 65 98 94 87 61 98 27 47 87 1 60 47 99 41 91 82 
45 46 4 26 45 54 87 98 8 27 7 56 53 82 48 69 79 42 7 91 91 85 38 77 86 97 23 36 89 65 69 85 10 72 10 55 26 49 52 85 27 10 40 31 92 40 51 22 33 57 13 23 42 2 51 79 98 25 14 38 
41 82 23 51 6 32 57 83 32 60 67 59 22 59 89 13 98 40 86 30 48 98 4 41 99 54 19 48 78 84 38 18 18 60 20 23 43 28 5 75 40 23 85 61 81 73 25 78 12 10 59 60 60 62 100 10 67 71 10 44 
54 47 14 23 58 85 45 52 65 1 78 4 24 62 16 56 35 92 86 98 1 44 57 12 6 9 22 72 31 83 68 84 29 33 7 86 69 3 89 33 56 67 88 31 28 3 86 62 94 23 12 47 67 20 10 24 28 31 47 58 
65 66 94 93 50 52 30 19 6 19 51 13 37 91 43 64 93 81 78 39 3 89 85 21 8 94 96 88 77 43 97 41 8 42 86 10 93 15 28 51 85 30 63 21 20 58 37 65 90 14 3 44 54 39 65 13 84 12 100 12 
54 49 5 14 90 90 23 35 56 2 85 93 31 99 65 3 56 1 67 97 66 69 41 71 59 57 84 42 68 35 6 74 83 10 87 25 99 61 59 6 62 43 50 44 93 15 46 1 15 12 97 33 32 37 3 42 45 86 84 65 
21 89 38 55 50 76 79 100 36 37 5 49 31 55 92 24 69 90 24 35 53 72 67 85 61 70 78 5 7 61 69 79 1 6 34 50 81 64 49 68 53 6 16 83 12 60 58 80 49 33 66 1 5 85 37 65 6 15 21 12 
27 90 43 28 47 76 29 80 91 30 47 43 35 15 78 46 74 35 77 74 20 94 74 76 78 63 40 83 77 12 47 55 53 89 34 100 16 63 31 6 92 29 1 78 43 78 75 16 12 3 41 83 96 15 58 26 77 49 60 5 
61 6 59 13 46 93 64 13 7 46 71 50 75 71 27 17 48 53 85 11 55 25 94 2 91 51 27 19 100 87 23 12 44 34 76 42 26 92 54 32 37 76 33 11 46 59 80 45 63 16 56 17 92 49 18 83 51 45 1 2 
83 76 65 78 9 41 19 86 32 25 69 20 100 1 31 98 59 62 42 21 77 97 89 68 97 58 2 100 2 3 1 36 30 66 14 38 58 84 23 89 60 91 60 60 91 90 57 1 3 50 73 31 47 61 51 95 18 52 94 72 
6 47 59 35 64 24 72 21 60 46 61 19 36 20 78 78 62 86 30 64 36 2 47 34 14 97 80 84 48 26 7 6 72 17 40 35 41 12 7 52 9 67 70 97 38 100 74 99 37 56 15 72 9 13 57 75 9 37 58 8 
14 16 13 85 84 53 71 76 16 29 27 24 47 97 72 84 96 98 35 32 53 1 56 61 13 64 35 21 52 44 28 65 59 41 1 43 45 71 18 60 99 97 35 45 93 7 81 40 4 15 23 8 15 78 68 27 94 55 99 45 
98 78 62 9 70 62 3 14 33 72 25 83 68 12 80 60 70 60 51 73 26 74 32 92 3 99 70 96 53 68 93 51 45 54 11 67 15 13 80 99 84 57 82 52 68 13 63 37 72 14 61 49 87 92 40 41 42 61 37 47 
28 81 49 24 34 59 42 48 71 22 99 54 30 80 57 97 92 20 85 15 85 97 15 71 88 6 11 81 66 99 27 45 79 75 20 64 33 62 64 55 83 62 61 12 41 17 60 84 88 44 50 72 40 64 94 79 69 57 11 34 
55 38 78 86 64 97 49 49 58 64 3 92 25 63 55 17 80 14 100 19 9 49 91 100 64 84 30 32 40 41 17 95 30 94 32 93 43 32 41 52 96 44 44 20 58 50 37 89 64 88 8 24 89 98 76 52 81 5 36 21 
97 52 67 26 98 50 71 40 81 11 43 28 6 38 100 16 88 36 4 51 75 11 26 63 60 1 67 41 6 2 13 2 5 31 80 2 80 50 93 12 12 36 40 70 73 91 85 60 26 40 62 52 3 40 67 62 40 33 54 97 
86 18 51 90 48 30 44 79 31 88 43 94 23 34 63 48 24 99 59 1 39 73 52 93 12 18 54 51 2 8 100 39 25 50 81 25 31 24 55 13 11 97 6 86 30 21 33 53 71 91 53 9 63 57 1 26 26 7 77 28 
66 28 66 90 77 98 66 59 21 21 71 84 17 28 69 99 48 53 3 19 95 56 79 10 64 32 35 89 38 63 68 3 90 86 44 66 83 62 76 4 82 46 39 50 74 7 100 73 59 3 91 5 10 22 14 73 53 49 61 42 
11 81 96 53 66 91 18 48 52 94 3 85 91 41 87 16 47 86 89 57 88 79 62 97 52 27 21 4 75 34 97 38 14 44 90 79 35 59 78 38 4 81 75 47 21 13 62 20 98 50 28 38 81 41 86 32 68 7 88 94 
40 36 83 5 80 24 35 66 35 12 55 38 44 29 36 65 41 98 36 91 47 63 28 27 56 13 11 23 71 98 68 62 33 51 66 64 26 100 29 60 64 84 50 7 64 85 23 57 82 58 47 81 73 26 59 28 90 69 2 13 
66 69 74 51 71 92 14 97 43 43 8 6 78 57 65 93 94 87 49 75 97 47 7 69 72 66 48 14 34 49 26 52 69 99 54 40 90 67 88 33 61 47 90 90 4 54 83 49 41 31 23 89 78 82 57 1 47 4 14 32 
52 91 83 20 42 36 11 31 55 50 15 67 97 5 57 52 10 39 100 2 21 74 90 50 55 46 51 1 1 16 33 4 7 67 76 100 55 86 30 61 36 97 27 84 53 83 35 62 73 34 16 94 7 5 43 62 3 45 14 3 
13 98 59 71 65 34 70 71 71 51 31 6 47 57 89 99 92 23 13 64 8 28 9 15 84 4 76 38 100 89 93 12 87 51 82 3 84 51 73 54 54 55 12 100 11 52 51 2 27 15 18 34 94 78 48 77 81 75 15 81 
16 7 92 54 9 26 56 92 28 80 97 81 34 60 81 96 64 83 50 90 97 67 75 90 96 75 18 77 49 84 9 64 42 52 17 50 77 24 93 5 55 42 37 88 1 69 36 64 51 85 5 99 3 80 40 98 54 58 26 54 
93 34 70 35 86 38 36 62 62 29 18 68 70 7 56 70 75 43 86 78 27 90 76 81 21 68 78 74 25 56 80 69 89 49 3 74 86 39 88 99 19 57 67 88 63 74 9 90 16 46 67 94 36 94 74 56 61 3 82 37 
58 61 6 99 9 60 24 46 50 11 45 68 20 11 7 34 84 68 75 51 13 41 44 100 87 17 8 99 71 89 36 81 1 93 79 9 4 2 6 54 65 50 73 36 12 80 69 47 47 44 97 11 36 92 11 74 60 18 73 31 
58 60 11 58 52 41 18 55 42 23 60 58 25 33 93 36 64 14 35 10 9 31 72 96 23 82 70 82 51 94 64 8 53 26 17 56 66 34 62 60 9 74 17 85 6 62 20 69 27 54 30 35 37 53 82 11 35 51 44 37 
96 8 97 48 33 13 55 99 99 69 10 59 42 26 43 99 39 14 67 65 68 48 51 56 100 33 66 86 83 9 75 31 68 71 30 53 35 85 51 33 5 12 43 46 37 85 96 28 99 14 92 18 61 43 73 12 75 90 50 9 
50 24 39 70 94 69 22 28 5 24 13 61 35 55 58 71 92 53 98 90 66 42 59 78 84 83 89 10 72 90 70 73 13 9 42 58 29 15 38 85 38 2 45 72 56 2 95 99 6 44 88 71 85 46 100 20 80 40 81 51 
30 51 76 94 11 69 52 39 84 89 75 73 42 71 97 49 24 91 48 29 86 87 51 23 33 50 94 12 41 75 15 70 25 42 64 87 62 67 77 97 7 51 70 48 73 66 96 96 8 43 76 93 30 26 15 14 27 9 77 67 
35 43 89 11 36 52 97 98 70 73 94 76 23 15 23 95 32 70 42 39 13 17 84 94 94 50 59 72 10 87 38 44 30 26 54 17 29 50 14 98 74 60 25 96 26 47 42 58 17 35 48 81 3 31 26 96 81 36 67 90 
22 57 86 3 34 39 20 63 41 85 12 14 96 37 62 22 35 55 79 3 90 26 83 92 9 60 40 89 95 58 30 17 14 15 71 48 6 90 62 46 27 73 11 22 61 72 43 96 79 21 98 20 99 33 63 59 44 2 47 91 
60 28 7 25 43 29 72 48 19 33 45 45 58 55 66 70 79 61 65 9 33 15 28 83 99 90 41 42 44 87 32 55 67 90 79 9 19 3 8 89 87 52 85 96 58 2 66 88 62 30 96 95 96 23 77 94 65 18 88 60 
56 71 66 22 61 44 82 31 98 41 71 85 92 7 80 2 8 45 89 22 27 37 68 22 11 96 68 27 65 7 86 21 77 3 94 89 99 28 19 96 68 41 32 12 47 12 65 7 8 53 28 86 41 95 60 52 90 27 30 7 
85 16 27 61 18 72 50 16 51 20 64 19 13 95 82 59 58 46 65 66 50 44 3 91 90 62 94 32 40 23 38 24 90 16 85 60 39 86 27 90 5 90 60 17 37 41 28 94 86 44 11 35 40 14 77 29 75 70 12 15 
45 49 38 34 16 74 93 55 59 72 96 64 61 55 32 49 47 59 43 32 55 53 18 94 18 47 74 93 68 86 59 12 34 96 98 50 22 42 56 80 13 51 95 26 57 27 74 3 37 16 86 43 21 55 36 38 1 10 82 69 
95 40 32 80 88 29 81 9 71 88 40 83 90 35 60 46 13 34 48 1 1 85 44 73 40 31 11 40 92 44 8 38 84 40 18 23 20 50 31 90 38 22 25 27 56 84 25 68 17 24 21 70 9 64 42 48 46 52 39 38 
96 99 75 31 38 44 53 9 46 35 99 35 56 23 61 64 58 37 83 75 61 3 44 21 18 85 68 64 89 6 53 36 4 27 18 93 23 22 54 68 56 52 2 63 26 14 78 83 3 61 9 63 15 4 35 33 41 2 48 29 
59 100 16 15 78 33 59 52 6 12 19 13 15 72 75 92 38 5 75 40 65 35 54 31 39 88 63 79 41 62 59 99 13 26 65 43 10 76 94 15 39 65 27 54 36 53 97 25 57 23 64 73 58 17 4 48 4 18 78 44 
80 36 95 44 13 11 86 22 86 80 36 77 44 14 82 31 66 78 56 23 1 19 47 58 88 50 57 91 68 34 87 99 69 81 42 33 91 28 54 29 59 41 57 54 54 38 84 19 15 91 93 67 10 40 24 49 41 80 39 60 
13 25 58 33 57 52 65 100 31 70 80 89 10 36 42 15 73 77 34 87 68 78 6 29 17 81 77 58 61 15 17 25 92 27 10 100 30 26 99 60 48 78 100 57 13 93 24 85 69 57 24 88 34 29 16 3 9 92 12 21 
59 80 98 2 58 59 1 87 36 52 98 83 29 97 92 42 89 15 78 10 23 53 97 8 33 65 62 94 8 73 66 18 53 63 71 62 73 72 49 9 23 46 43 3 43 86 44 83 100 74 44 74 78 93 82 11 57 43 4 16 
68 69 34 72 84 4 33 8 27 81 68 1 27 11 4 21 96 99 55 48 72 99 21 50 43 54 12 99 49 67 14 16 87 99 87 70 55 19 30 81 100 97 82 78 59 85 50 7 83 4 54 7 54 26 8 96 32 71 46 80 
37 12 95 23 62 33 45 16 51 74 97 2 70 30 31 81 66 80 87 100 36 92 6 41 69 65 89 100 87 86 31 23 49 25 46 11 9 42 26 60 15 74 13 36 55 44 16 20 75 54 20 62 45 77 3 14 94 43 65 80 
28 96 3 77 72 100 87 81 93 64 92 59 90 4 94 44 99 62 16 74 67 35 87 12 63 89 77 56 83 93 88 11 88 42 39 12 93 25 44 85 40 35 43 29 90 88 25 89 1 40 14 68 26 100 31 88 41 59 96 23 
51 35 85 39 76 23 2 68 99 45 4 39 31 46 19 20 85 95 60 86 34 25 5 11 77 87 51 69 45 46 91 95 80 76 85 7 50 86 74 49 82 77 39 12 74 9 84 58 4 95 95 89 72 99 100 48 37 50 16 81 
47 58 76 26 85 12 84 35 50 57 35 31 85 73 95 58 81 30 67 84 76 62 25 47 12 24 46 49 73 13 81 71 23 8 48 7 20 31 93 69 87 79 51 23 51 97 80 84 78 98 19 54 59 43 100 23 66 98 23 90 
10 3 60 32 11 7 91 30 37 83 50 75 14 52 97 64 49 28 47 26 26 66 31 36 60 31 10 26 28 32 67 89 35 79 21 45 37 63 26 26 97 75 100 10 26 49 74 26 28 72 4 5 89 34 93 49 16 2 26 95 
34 44 84 20 22 56 64 59 70 89 84 66 15 35 76 92 35 1 70 15 24 73 71 13 58 63 13 74 65 90 68 50 33 3 69 55 10 84 65 79 24 48 45 38 34 72 81 21 72 50 35 95 74 5 59 32 68 23 5 84 
12 24 85 97 27 5 51 88 88 67 67 11 66 11 100 99 82 32 19 5 82 5 51 7 62 62 38 29 36 94 64 100 18 100 96 96 4 98 83 43 64 49 5 29 11 56 79 44 87 50 100 20 54 3 27 15 64 64 95 99 
58 10 50 27 61 45 22 64 42 56 58 57 57 62 37 19 17 68 15 4 17 14 75 22 16 1 89 31 17 35 82 74 97 31 52 57 76 25 73 69 80 30 78 88 44 14 7 60 81 21 15 49 86 90 71 54 42 11 84 58 
