84 51 3
12 83 80 68 80 17 34 45 89 74 86 49 51 73 60 48 4 94 39 70 77 68 25 45 33 100 39 54 83 41 41 94 24 20 13 55 89 46 51 77 71 36 78 21 61 89 69 64 82 59 85 
10 78 10 55 62 9 93 68 43 33 8 88 8 79 100 63 67 45 13 44 67 1 73 87 61 61 7 76 42 17 13 3 46 74 57 8 34 1 75 76 86 34 15 93 12 14 55 31 10 20 26 
76 72 98 14 84 58 73 11 51 89 75 53 87 48 10 94 81 62 20 8 47 53 22 40 16 87 46 98 48 17 23 75 88 72 89 23 29 61 34 31 1 60 84 87 8 45 32 40 6 51 100 
53 55 73 44 71 60 89 68 59 6 43 34 45 14 22 20 95 34 5 25 86 64 60 73 71 56 4 63 62 7 62 66 61 34 61 83 45 49 51 4 6 45 37 51 58 10 22 4 95 26 29 
80 89 40 4 60 96 60 74 9 66 35 74 78 20 34 61 65 34 11 20 40 7 8 42 64 17 63 68 63 88 48 42 76 87 98 87 82 57 60 90 74 46 15 51 66 100 11 82 34 73 1 
25 79 8 18 95 76 80 14 90 19 61 31 46 99 80 85 81 36 96 22 9 42 89 60 59 88 22 40 73 95 92 97 25 51 66 19 78 97 84 67 15 44 49 13 43 29 49 75 64 44 48 
25 37 36 36 47 24 57 86 48 3 29 45 28 79 62 98 8 59 82 74 73 77 75 37 71 3 85 97 18 29 45 42 17 80 77 64 55 34 1 3 88 30 99 15 60 60 65 68 18 98 93 
43 26 67 31 97 69 16 93 39 96 89 80 12 69 57 27 75 42 28 29 29 9 27 96 68 39 12 87 8 61 32 2 86 50 33 82 71 48 27 9 95 15 88 58 35 96 85 62 89 12 90 
70 72 69 65 91 59 28 30 66 88 61 20 73 10 52 7 80 51 85 40 45 99 28 2 86 75 38 99 64 49 88 33 72 8 49 63 66 76 92 84 15 52 55 39 13 6 45 45 56 29 84 
52 80 63 5 17 38 43 15 1 43 54 85 15 14 85 77 31 60 20 66 26 71 20 64 35 25 61 79 32 41 15 35 20 77 40 88 14 82 54 66 76 60 50 90 73 86 18 3 45 37 21 
22 59 40 86 94 17 46 24 48 86 38 83 58 15 74 97 80 7 51 46 82 62 47 72 34 33 41 88 29 78 8 51 36 48 88 81 16 85 57 63 70 94 97 79 60 22 76 92 28 78 37 
10 39 35 81 24 19 21 11 100 50 71 2 38 70 89 18 85 73 26 99 94 20 48 73 31 69 100 22 97 29 10 6 67 97 38 42 15 10 4 14 60 74 15 97 95 55 66 31 79 92 30 
73 63 77 97 45 45 96 19 41 76 80 98 94 76 35 35 43 45 38 8 56 64 75 4 10 29 69 41 8 12 70 32 74 46 28 71 42 75 89 35 50 68 32 43 96 67 29 38 63 18 97 
18 81 71 21 43 52 41 83 11 53 52 42 78 49 21 100 42 47 88 76 96 8 8 90 55 26 70 92 88 87 40 57 20 63 77 62 14 69 44 76 73 47 17 3 95 89 2 36 35 42 64 
82 49 71 23 3 96 92 46 35 78 37 91 49 99 19 10 12 87 53 87 12 51 55 14 97 95 15 85 29 56 48 62 56 18 84 10 65 27 7 99 5 44 89 5 42 7 15 6 45 19 44 
56 70 99 21 66 45 36 50 74 43 97 87 51 66 71 60 82 49 67 80 53 62 20 10 3 78 24 8 23 42 52 30 63 2 51 81 46 38 30 71 32 79 10 82 96 32 94 78 80 12 9 
85 73 29 94 27 6 17 87 80 10 90 62 25 43 64 5 40 53 86 63 84 16 72 18 12 3 11 41 82 74 49 66 46 77 59 24 35 27 10 14 37 51 75 61 93 90 17 33 42 2 95 
26 70 66 95 81 20 5 73 1 30 21 67 27 98 77 50 32 4 12 97 40 62 24 52 7 13 20 39 55 73 85 32 42 2 26 74 21 82 46 21 11 67 39 89 16 16 38 99 19 1 95 
10 15 18 13 21 83 32 11 37 4 95 20 98 48 45 71 68 78 69 40 40 35 31 28 2 46 65 100 16 18 94 25 32 64 89 52 46 20 14 34 75 60 53 72 7 49 95 26 78 63 17 
17 49 47 44 50 44 60 1 59 77 46 35 8 9 23 11 6 42 24 91 69 83 95 92 41 43 86 66 20 100 83 36 100 81 31 1 25 91 1 83 19 47 18 27 7 40 89 65 34 13 55 
54 47 50 45 88 44 83 5 64 82 87 51 34 68 34 34 92 24 35 26 42 81 95 20 39 87 9 3 72 73 10 25 71 59 21 10 2 3 15 17 37 1 20 70 20 53 3 63 28 37 41 
69 69 35 41 60 21 49 62 92 73 23 68 43 81 89 53 35 91 19 3 79 71 22 48 91 26 3 5 53 39 97 74 60 32 14 71 4 14 84 48 86 7 15 80 87 55 84 73 98 2 76 
76 73 49 24 15 75 26 71 27 16 68 52 27 51 65 97 54 78 81 53 15 87 20 47 25 74 30 98 71 84 73 47 8 21 22 74 47 99 96 26 66 15 77 93 65 42 41 71 71 21 75 
86 59 94 84 84 68 13 33 90 48 57 36 7 29 9 32 76 59 28 1 25 42 29 69 59 22 9 81 93 82 55 30 40 49 65 75 68 29 7 57 77 63 45 35 44 53 67 19 64 94 71 
88 87 99 56 45 73 16 25 17 97 80 46 89 80 62 15 47 90 74 3 66 88 47 53 31 52 19 49 15 64 19 2 50 70 9 47 42 24 23 58 73 54 55 61 33 16 75 31 5 100 34 
23 88 32 75 18 83 45 67 49 8 37 2 9 58 10 55 99 86 30 8 10 83 14 70 68 29 96 98 86 96 31 60 35 15 86 52 97 30 18 98 89 7 99 97 64 61 4 15 98 33 74 
7 67 88 28 34 68 75 84 5 22 66 64 56 80 1 8 29 30 77 26 70 83 76 67 99 36 22 65 33 54 38 39 72 25 66 58 45 41 41 49 62 58 13 18 38 13 77 18 95 53 43 
64 88 70 82 38 6 3 2 90 8 91 29 32 16 46 89 60 38 81 8 52 38 72 21 27 37 97 44 83 1 38 98 88 8 80 77 65 34 78 54 94 21 34 25 36 80 65 47 69 45 6 
20 34 30 40 13 66 88 56 100 89 46 97 28 5 76 5 21 62 34 74 55 54 60 79 41 39 43 39 7 39 97 79 72 26 18 84 43 58 92 42 46 89 38 25 45 66 29 17 27 15 42 
81 20 1 11 13 39 5 51 98 95 47 76 66 24 45 2 66 2 45 7 99 85 97 24 81 62 4 97 88 18 38 20 90 39 82 2 29 86 4 78 80 51 53 97 74 50 50 92 3 46 98 
2 30 46 25 62 7 28 58 46 98 48 65 39 86 46 40 66 83 43 44 14 45 48 11 71 97 12 62 100 58 11 53 39 57 77 1 63 56 10 9 5 57 25 43 94 23 34 60 57 77 3 
71 73 50 33 43 99 44 56 98 53 67 50 92 23 78 92 37 85 53 97 90 10 74 84 3 96 18 14 52 46 16 22 18 18 6 13 16 50 68 65 2 34 66 45 8 95 36 97 79 41 93 
20 50 66 4 4 13 73 18 65 18 85 38 87 54 44 99 21 45 19 37 46 4 54 91 12 48 78 60 79 18 52 50 19 70 53 75 82 77 92 98 94 28 36 33 82 31 83 54 75 1 91 
20 5 44 62 68 44 92 27 22 9 30 71 80 99 76 54 33 52 97 30 98 76 65 82 9 95 64 63 21 65 53 93 21 48 54 40 91 45 18 12 6 47 35 85 98 62 90 30 65 86 59 
14 61 76 95 22 22 59 84 43 75 88 35 47 35 88 86 26 85 3 89 90 1 75 26 98 36 67 27 1 52 38 14 64 13 9 85 34 19 20 28 45 7 62 91 42 2 28 19 38 82 7 
27 82 82 4 32 69 70 10 21 73 47 35 88 11 95 25 97 65 96 24 9 3 38 51 96 39 78 14 76 59 20 54 40 53 9 23 74 30 33 94 54 79 80 41 90 26 17 86 90 13 61 
50 15 98 100 10 88 29 75 63 87 46 68 79 51 76 1 24 57 33 69 10 64 49 51 5 74 19 42 16 83 2 17 97 100 69 58 87 97 84 2 84 30 69 14 80 97 14 3 53 99 23 
63 62 71 65 66 97 35 7 12 18 8 80 66 59 48 76 98 45 59 99 80 88 19 93 19 67 58 73 72 56 96 86 17 66 2 34 14 36 40 77 5 100 57 71 58 4 46 7 100 56 5 
79 96 76 23 14 42 81 39 65 36 34 50 5 51 51 38 17 39 78 93 43 29 49 65 86 5 62 93 56 18 49 35 65 76 9 30 70 89 68 34 77 53 84 81 56 86 18 72 76 47 64 
19 75 65 35 13 21 97 57 76 14 57 62 30 33 71 59 2 59 27 87 35 31 22 15 86 8 85 9 35 83 25 5 58 89 40 22 9 36 30 36 1 38 98 30 70 68 88 23 26 66 10 
13 49 83 79 34 42 63 95 77 46 19 81 55 7 20 28 67 55 9 2 7 46 99 36 68 66 76 90 44 41 51 56 89 34 86 75 75 49 69 3 46 87 84 52 45 55 31 63 62 39 64 
68 36 15 4 3 32 79 45 75 71 47 82 60 80 68 86 7 68 6 61 65 44 44 68 88 51 98 2 12 88 17 79 23 31 34 78 15 12 22 89 35 68 23 46 100 42 31 58 61 36 18 
77 79 14 44 18 16 93 19 27 80 35 5 54 18 91 31 32 54 4 72 88 72 46 33 23 87 63 80 99 50 49 75 80 14 18 97 29 62 67 55 41 2 12 47 71 2 77 2 55 33 73 
95 4 71 27 26 9 42 57 8 91 57 82 71 71 52 19 99 13 86 6 6 39 17 4 9 70 32 62 76 64 86 70 67 56 49 44 65 90 52 72 32 9 5 2 79 8 73 29 73 58 34 
30 48 2 33 56 71 64 17 99 28 54 68 46 10 16 42 74 57 45 97 89 53 1 42 83 61 14 12 85 23 97 14 70 99 98 25 21 61 93 19 40 47 87 38 8 54 79 81 11 23 29 
51 28 81 92 62 41 6 73 25 28 22 90 98 20 87 74 40 100 19 59 39 17 97 76 24 50 6 56 12 81 36 62 8 16 6 69 57 63 94 33 90 15 75 39 86 61 65 77 60 35 35 
51 3 83 26 78 85 84 85 48 64 20 10 23 35 67 91 43 29 36 76 70 2 2 61 87 62 25 16 74 11 50 24 13 85 1 90 69 84 74 16 99 93 77 21 27 43 12 70 23 99 97 
93 1 98 53 39 11 29 54 84 39 56 59 3 40 12 92 60 95 17 75 94 9 4 66 87 98 29 8 21 28 56 13 80 5 65 70 16 45 76 51 83 31 62 85 22 73 28 33 19 44 7 
64 4 62 30 42 60 58 50 80 85 57 44 16 62 8 86 29 52 61 79 86 43 40 22 64 12 49 96 83 44 54 46 99 68 75 40 27 33 41 58 69 98 1 85 11 60 22 39 63 82 17 
48 24 9 21 39 72 69 86 54 64 91 100 62 58 74 1 36 58 94 93 27 91 45 63 1 4 84 91 66 17 7 65 40 67 85 30 39 5 67 92 68 57 43 29 67 17 82 2 26 27 47 
4 17 91 66 69 47 1 59 12 17 17 77 8 84 61 37 22 18 3 65 85 12 8 66 30 76 99 31 1 25 29 5 93 72 70 13 18 71 23 29 39 39 57 47 74 70 35 47 87 38 64 
23 1 71 88 30 46 38 12 98 62 93 2 6 64 24 18 81 46 40 61 84 31 18 82 56 87 17 55 25 6 18 47 6 88 87 87 85 76 98 82 90 42 36 95 5 11 65 85 8 56 98 
91 86 15 25 94 53 41 48 29 46 65 75 3 4 13 89 88 89 38 21 78 80 8 72 84 18 88 21 25 44 18 68 29 84 92 74 88 32 21 16 29 37 42 31 40 55 19 79 95 56 100 
72 87 59 95 71 77 83 43 53 26 60 20 6 95 63 32 82 46 52 49 74 41 90 4 80 96 74 11 90 30 62 13 68 20 60 38 96 42 80 1 19 91 20 76 37 35 7 70 80 11 18 
54 3 60 9 82 55 83 44 97 64 5 9 31 25 20 21 72 61 52 72 31 95 92 59 31 78 17 53 57 79 70 62 81 81 71 15 88 5 58 84 68 63 44 50 39 64 70 10 76 22 82 
59 16 25 69 98 2 85 50 10 16 72 72 96 4 42 62 91 46 20 26 65 34 22 14 72 85 36 33 12 57 14 22 24 90 90 73 91 27 23 1 42 46 24 89 49 65 51 40 62 22 17 
78 7 38 91 30 74 26 62 86 34 76 59 9 17 49 82 8 27 4 60 20 1 83 8 49 99 10 40 12 83 57 89 41 94 79 70 68 57 32 5 42 59 63 51 75 63 32 34 89 87 93 
60 87 27 68 87 77 29 27 88 64 35 76 4 28 7 74 47 63 57 3 4 15 66 6 89 80 37 75 21 75 19 80 61 46 99 100 22 28 78 62 43 12 37 46 91 95 71 90 57 27 92 
13 93 57 70 34 89 7 8 9 81 26 88 94 23 87 93 97 66 70 58 8 33 46 5 23 41 28 64 49 6 56 13 99 64 83 32 52 41 91 60 21 16 48 66 91 34 10 87 99 31 96 
58 63 41 62 38 33 41 1 82 47 8 46 45 72 28 28 23 68 18 35 41 85 82 58 27 67 68 13 17 50 60 74 65 53 87 54 85 80 6 18 26 14 64 70 85 43 49 59 63 18 93 
55 2 26 64 29 92 83 93 8 33 53 33 97 57 72 2 41 51 7 11 76 20 74 97 56 68 97 15 82 14 59 36 67 85 100 47 76 82 92 36 66 96 20 14 52 91 15 92 93 22 54 
68 41 79 16 49 47 12 15 28 77 73 16 44 57 15 90 33 48 81 20 66 28 39 79 79 30 94 23 74 15 76 94 7 55 9 7 1 73 21 80 1 94 95 44 50 61 86 34 61 18 5 
26 46 44 4 24 25 49 46 98 15 74 91 74 28 52 80 28 76 1 59 76 46 54 72 95 66 57 81 26 26 85 3 23 80 59 99 4 7 44 54 74 17 44 47 96 47 78 75 22 78 34 
50 23 39 21 70 4 29 2 82 6 86 36 29 66 94 27 21 53 22 74 26 91 70 72 86 16 49 61 90 79 94 91 53 84 11 74 87 91 75 20 96 13 56 24 30 49 50 50 1 24 76 
78 14 45 1 99 12 2 11 53 80 4 43 84 39 5 10 26 47 84 97 43 48 52 18 77 53 20 79 5 43 54 83 56 50 83 6 13 84 17 18 15 72 60 51 11 17 60 88 63 95 84 
57 43 36 75 19 40 46 49 44 88 54 78 43 3 13 48 68 96 16 85 63 88 96 65 98 64 24 85 27 18 68 35 60 55 61 31 46 6 31 42 93 85 19 87 39 31 87 6 79 2 90 
93 41 86 57 38 49 32 74 27 49 94 14 61 48 74 43 46 32 73 87 76 9 5 15 48 88 1 53 18 54 43 10 47 80 18 36 80 49 10 59 49 3 24 61 2 97 3 47 80 28 33 
56 36 90 70 83 29 22 88 46 27 82 55 73 13 72 9 92 20 70 2 20 72 25 81 25 74 35 72 53 14 56 60 50 97 81 84 25 2 23 70 81 4 76 5 16 47 65 60 18 34 61 
90 57 38 70 82 11 4 5 15 70 12 75 71 9 55 54 33 9 77 55 41 32 30 45 48 29 62 7 98 95 19 87 4 56 56 37 66 12 41 81 81 52 55 51 12 61 56 97 21 84 51 
61 16 80 6 15 60 67 21 58 13 39 44 16 95 52 4 12 15 44 92 95 48 98 97 59 11 4 55 31 88 57 92 55 89 97 69 48 15 41 57 79 31 1 95 77 4 50 89 18 94 32 
12 93 82 60 3 92 63 10 22 2 66 65 8 6 13 28 54 27 68 10 6 51 62 52 27 65 1 15 82 46 99 45 90 80 4 93 71 19 2 44 72 19 9 80 25 21 59 30 100 79 39 
57 29 53 60 7 17 12 74 51 10 72 95 99 51 51 43 73 21 44 16 44 15 76 75 39 49 34 20 100 12 10 56 92 62 67 98 31 78 71 81 87 42 27 38 44 77 80 16 49 76 32 
93 90 59 67 80 7 100 99 6 63 60 13 54 22 31 4 52 9 74 32 47 68 10 36 11 87 16 27 87 91 10 79 32 20 98 63 27 49 13 84 12 72 49 17 93 79 72 96 39 46 79 
38 65 89 73 75 27 40 53 13 82 14 44 65 34 41 27 12 89 39 95 52 63 95 21 55 26 92 3 64 89 81 53 53 69 78 80 95 17 32 8 99 98 3 15 31 43 42 94 83 32 40 
87 94 35 7 1 60 98 3 75 39 35 28 91 4 5 70 98 73 54 57 23 3 59 38 85 53 79 78 36 62 17 22 56 3 80 8 14 29 62 89 67 96 68 58 99 24 79 49 96 32 57 
71 86 68 8 70 20 38 47 7 99 16 80 6 18 59 13 32 88 74 72 54 22 39 11 72 14 90 20 61 73 29 31 59 96 38 80 15 75 27 74 74 42 53 79 11 12 44 42 99 69 65 
4 90 55 15 62 68 56 33 29 80 61 59 90 56 97 70 23 23 48 96 96 41 100 27 51 11 22 45 61 90 9 65 32 64 31 45 83 38 77 11 69 90 70 11 97 18 80 19 40 79 66 
88 19 66 14 21 28 35 17 41 76 78 5 59 41 87 3 75 76 32 86 44 21 7 54 69 24 85 40 15 63 5 2 33 22 67 6 2 53 22 42 29 99 98 39 91 36 42 66 11 73 3 
54 45 9 8 13 84 44 52 50 59 9 52 91 82 18 96 35 71 70 76 51 68 25 89 11 60 82 28 70 6 30 76 50 90 35 15 25 78 18 74 36 78 25 79 12 95 26 46 65 95 74 
67 15 98 55 25 10 37 4 31 42 33 6 44 22 40 10 98 70 79 71 57 57 96 35 68 90 13 65 6 7 38 72 73 88 78 49 97 66 52 27 60 84 85 55 57 24 64 54 45 94 77 
54 2 72 88 69 13 100 86 70 59 23 41 83 10 70 32 6 88 83 85 47 19 69 1 27 44 16 33 41 9 9 94 11 32 81 31 44 33 68 13 43 91 5 25 52 26 56 10 13 91 94 
11 9 62 63 87 57 30 19 97 91 79 90 53 10 23 35 5 7 3 17 49 93 73 25 96 51 33 5 63 23 50 26 83 63 88 69 20 18 40 16 8 18 58 60 28 80 94 32 86 96 1 
86 40 25 62 88 75 94 92 90 68 42 15 50 4 2 71 75 71 10 43 78 79 100 89 58 79 35 42 16 30 42 53 22 18 14 9 93 8 52 34 75 93 48 77 49 1 99 75 24 8 17 
53 38 16 42 96 46 76 89 13 57 30 65 30 99 31 38 43 90 42 76 64 86 75 92 34 28 90 61 51 49 77 3 87 45 44 34 90 71 22 55 80 3 71 9 1 1 99 96 90 40 71 
