50 65 12
4 85 37 52 4 21 90 89 22 84 46 20 66 75 2 81 82 68 58 65 42 38 69 38 98 53 97 9 2 13 72 58 98 8 61 1 29 50 90 2 33 87 21 50 61 23 31 42 42 40 58 83 29 26 72 26 30 69 86 32 81 57 41 30 17 
1 31 45 50 72 98 35 58 18 84 71 92 66 64 85 5 74 20 85 99 91 63 29 59 100 12 92 57 52 73 25 4 3 21 53 26 18 39 36 87 75 6 31 40 21 67 97 94 86 33 45 77 95 25 87 95 36 30 3 39 3 27 42 57 47 
46 35 16 85 70 54 11 27 84 2 47 51 50 93 36 83 37 64 29 61 3 23 48 32 77 86 86 3 79 43 1 24 77 68 60 98 22 70 76 5 72 74 7 73 66 95 55 54 58 84 14 12 58 13 96 35 50 81 89 28 75 90 52 3 57 
63 100 78 85 75 35 8 49 41 80 66 87 35 20 45 70 85 8 27 98 3 13 47 84 2 75 58 91 78 61 99 92 12 29 76 39 63 83 39 55 63 4 42 49 23 38 70 8 97 96 57 100 9 3 35 10 77 92 52 6 4 2 98 68 30 
73 6 44 8 44 51 22 99 44 22 74 33 91 81 29 38 37 28 98 91 62 59 68 6 10 25 61 64 74 28 93 47 85 89 6 80 39 27 79 34 48 52 66 90 84 94 27 72 74 25 62 35 83 81 92 45 58 53 8 31 32 52 29 69 40 
34 48 30 12 78 63 59 81 80 48 64 26 27 87 99 51 49 85 33 81 29 29 38 33 36 69 16 88 97 84 79 31 84 9 94 13 23 53 94 55 52 9 80 78 96 30 28 96 66 13 28 94 41 66 26 29 86 42 16 82 77 46 64 60 54 
58 73 29 62 18 35 13 26 66 43 73 95 22 20 60 86 48 6 27 13 83 7 98 76 22 31 53 67 95 64 73 4 88 53 65 5 39 29 83 4 71 55 98 45 75 9 30 22 66 8 86 49 14 83 24 87 65 28 6 59 92 30 62 31 34 
78 36 72 7 70 75 29 76 24 73 2 32 55 75 98 62 60 98 28 94 21 66 59 1 23 69 92 52 83 74 37 60 61 8 66 30 34 47 6 57 19 7 41 25 82 90 39 93 87 66 87 59 83 97 59 6 65 2 9 47 76 46 7 36 53 
24 18 87 70 75 95 41 81 35 65 14 76 3 59 14 20 45 73 3 93 83 8 57 37 16 56 64 61 14 99 66 37 68 4 7 42 50 99 75 37 63 40 12 66 98 26 85 94 50 39 86 84 98 95 20 66 50 83 78 63 34 43 51 53 98 
9 95 48 7 69 36 70 60 47 87 58 24 23 51 25 62 89 9 59 83 80 76 32 15 54 46 100 96 96 52 46 5 46 45 63 66 80 32 26 26 70 35 2 93 37 26 6 25 86 16 7 66 92 90 32 45 87 31 92 83 82 37 39 80 81 
53 97 12 37 74 38 6 8 91 50 97 68 55 21 54 23 28 71 66 69 2 10 56 84 53 38 17 90 28 48 22 80 45 34 16 70 23 74 30 65 23 26 32 30 46 85 52 25 7 17 94 60 78 49 43 30 38 12 71 65 59 45 96 55 78 
64 77 52 37 6 16 59 83 47 40 28 84 43 5 90 59 98 2 88 46 96 70 35 7 40 99 18 84 46 72 13 9 48 16 97 5 31 8 87 30 47 67 65 90 71 6 100 68 7 40 65 3 9 99 61 48 49 78 84 46 2 48 7 49 64 
3 6 46 62 92 27 9 58 91 50 28 97 1 47 55 40 63 9 100 13 70 48 13 99 83 59 100 30 17 1 45 19 6 91 81 97 69 41 7 60 42 86 8 42 85 14 34 99 23 33 12 44 32 76 42 66 34 94 96 50 94 92 21 99 34 
53 47 3 45 5 62 86 43 21 79 27 34 64 25 8 49 88 51 32 64 45 98 49 38 45 51 31 36 71 81 70 75 79 72 19 36 85 56 78 57 86 4 42 2 80 50 50 68 52 81 31 96 78 79 85 22 29 67 58 51 47 79 77 78 50 
47 13 34 2 90 42 40 45 83 41 24 32 90 43 36 22 73 31 52 4 68 73 84 34 82 87 33 60 63 10 61 10 74 46 63 15 87 2 11 70 94 34 53 35 29 88 57 1 71 8 56 38 32 92 71 66 78 55 25 40 16 38 1 89 83 
64 55 22 17 65 91 11 51 95 45 79 83 1 31 5 60 39 42 92 30 64 57 59 19 33 98 34 22 51 75 5 66 81 26 82 46 68 92 48 62 89 78 96 41 60 52 1 98 93 44 79 9 52 37 79 36 87 64 58 89 38 62 54 71 39 
35 68 58 79 15 71 67 44 67 7 3 18 7 53 63 2 83 23 53 72 1 89 58 16 98 46 54 11 99 76 49 85 43 58 63 57 28 29 52 46 88 6 16 94 58 30 48 93 52 52 64 4 40 21 19 89 18 24 99 68 99 99 52 41 56 
67 49 84 47 100 29 34 6 44 80 15 25 27 7 76 78 22 31 70 94 50 58 11 25 57 30 24 55 34 16 63 100 17 46 46 16 26 80 73 70 11 40 94 37 98 22 14 20 52 35 13 53 45 76 78 53 5 53 7 38 20 69 89 36 66 
87 4 92 18 28 13 28 67 58 64 65 79 29 36 83 16 48 87 60 75 64 12 80 68 70 69 40 91 10 27 56 96 30 99 13 10 11 40 76 69 55 92 99 83 79 33 50 79 20 9 53 35 20 32 55 42 53 94 32 62 20 39 57 2 38 
69 11 48 60 38 68 14 82 19 48 60 51 98 38 70 58 91 57 78 74 11 71 26 4 2 87 75 40 95 76 29 63 38 29 74 76 96 39 9 66 39 68 17 36 6 38 45 48 94 74 21 4 44 47 59 45 85 86 37 80 13 65 94 51 93 
68 78 41 6 86 6 96 5 74 31 62 12 76 9 57 49 30 13 45 28 23 89 64 8 77 43 73 42 37 75 86 56 52 78 13 89 84 9 93 9 91 55 20 18 15 29 19 96 41 63 23 63 51 39 23 80 81 95 21 69 69 58 24 72 36 
89 60 71 49 4 79 39 10 51 57 25 79 27 20 19 89 95 33 91 33 55 70 65 49 42 34 69 100 9 40 87 97 99 9 45 55 87 36 64 89 44 88 67 70 60 37 58 54 70 48 38 76 70 2 77 11 35 45 62 44 85 48 92 35 56 
89 89 95 76 53 83 19 92 2 88 51 90 97 4 11 96 41 87 65 95 15 76 29 59 37 24 43 37 68 78 44 8 66 38 83 70 73 1 62 26 40 12 67 36 68 78 31 60 16 48 54 30 23 35 88 11 58 83 99 77 60 43 84 77 32 
66 47 4 18 8 81 57 71 48 44 38 77 27 50 44 74 3 25 48 89 64 10 47 46 9 23 5 51 59 34 82 24 80 38 42 87 18 50 57 17 94 47 45 20 96 88 45 50 12 92 39 28 1 85 73 9 59 30 11 17 63 93 93 42 82 
86 80 51 35 36 68 80 82 64 51 29 52 95 79 15 38 17 42 39 53 15 99 63 96 10 32 58 54 24 51 35 61 30 85 47 17 4 27 51 68 77 79 71 24 57 37 61 25 79 51 77 45 50 92 92 11 23 49 64 98 51 50 10 80 86 
56 96 42 82 98 61 11 77 31 34 85 67 46 10 97 97 38 93 46 29 84 56 3 84 71 52 34 20 61 65 5 17 13 98 50 10 58 60 86 88 45 71 7 91 32 55 87 69 48 84 50 83 39 4 67 61 56 52 80 68 17 36 84 29 34 
34 38 91 45 76 31 90 98 89 80 29 43 18 49 42 1 98 25 39 54 91 99 9 42 30 76 10 17 12 90 2 97 80 45 41 55 27 82 52 15 61 32 9 78 80 51 78 30 75 68 83 17 18 43 10 99 18 20 68 81 9 69 77 40 65 
70 94 91 51 97 5 64 28 14 93 60 16 23 89 90 42 23 58 12 65 67 10 34 38 77 15 99 98 43 38 62 64 32 53 67 80 9 30 60 74 74 19 89 96 59 30 90 81 87 1 45 6 62 78 43 39 44 41 88 39 31 49 2 14 53 
68 93 14 49 52 87 75 70 28 22 80 57 11 60 96 11 4 1 73 34 43 63 77 36 50 15 66 50 17 79 55 36 23 68 37 75 6 11 96 33 32 76 42 43 35 37 5 91 37 29 24 31 91 52 18 92 67 83 94 35 13 48 70 36 67 
6 62 72 16 9 57 100 36 98 42 23 86 98 13 74 27 88 4 17 39 22 61 5 56 6 91 69 53 13 56 71 18 69 42 86 77 50 37 65 47 78 87 84 75 51 57 53 38 13 22 28 34 82 85 41 87 75 9 91 87 16 61 57 84 54 
94 13 4 30 77 2 59 63 86 85 65 42 38 2 54 59 29 39 92 13 80 78 40 40 20 26 8 80 82 43 85 27 55 88 56 83 42 14 97 79 51 61 20 88 14 26 46 95 16 37 7 47 66 46 39 37 24 46 16 57 88 52 84 95 92 
91 77 33 57 26 11 7 86 82 46 52 59 43 46 27 31 52 73 96 50 11 32 25 56 99 33 96 2 16 42 93 59 18 77 67 95 87 73 33 21 18 84 31 12 29 57 42 32 30 37 33 92 20 9 100 70 42 95 71 9 36 16 67 5 92 
33 100 31 57 84 51 26 67 81 37 47 90 78 78 19 66 63 10 37 71 61 6 12 55 29 21 42 44 87 99 87 72 98 17 28 33 19 6 99 52 42 45 41 20 74 11 37 36 20 74 7 33 31 18 87 59 38 81 54 77 79 93 100 28 9 
79 60 28 84 58 31 26 54 71 97 27 81 33 63 52 6 69 84 89 38 23 47 28 3 53 4 81 45 55 8 5 33 67 84 17 76 14 94 29 84 90 7 16 74 69 68 32 89 51 20 79 25 18 6 27 22 61 7 66 15 66 23 47 84 6 
15 11 20 8 91 55 97 98 71 71 18 90 54 7 92 73 37 17 90 42 43 12 2 2 29 68 19 51 66 3 57 81 65 28 88 56 34 37 53 4 59 70 45 12 28 37 36 16 5 77 57 47 88 10 100 69 29 19 71 95 73 79 27 89 6 
14 44 92 2 48 95 12 70 92 75 49 28 10 65 32 87 21 30 26 83 82 46 11 52 17 57 76 95 83 64 53 49 8 44 2 7 90 14 76 81 88 25 60 98 89 43 36 61 25 61 43 6 59 6 9 75 62 84 69 97 99 73 45 58 16 
46 65 6 11 40 38 99 64 98 48 4 92 83 65 16 95 59 73 53 16 81 27 30 16 48 26 15 20 22 72 88 19 36 93 30 76 30 28 91 79 75 47 71 9 63 38 55 21 11 60 89 43 86 18 59 85 95 73 57 16 44 44 34 80 88 
63 7 69 42 49 48 68 95 70 28 57 59 83 30 69 42 18 64 79 35 22 16 81 94 72 96 89 67 81 20 54 96 26 22 37 75 21 57 21 42 84 78 1 66 7 21 59 76 84 38 62 5 53 42 50 76 89 39 94 69 10 47 64 36 20 
53 62 93 9 82 34 92 11 86 58 69 7 68 44 90 5 5 47 9 46 48 36 34 86 29 55 48 27 18 83 99 70 96 91 78 77 76 22 40 62 31 8 68 98 52 9 55 56 55 63 54 3 51 39 40 79 45 87 58 15 21 56 36 16 46 
66 45 21 87 84 34 17 91 1 14 42 10 68 50 64 83 55 18 33 45 58 63 90 96 20 4 17 27 39 32 24 4 76 45 42 59 78 58 50 31 24 43 40 91 44 55 25 98 25 9 95 82 72 84 77 43 39 93 70 29 77 45 85 52 89 
26 63 19 84 12 1 59 6 40 49 50 46 26 99 70 34 93 3 5 28 32 100 66 76 21 47 52 65 31 4 6 56 66 76 91 29 76 1 86 67 50 35 64 27 86 34 60 78 88 17 6 19 16 23 95 88 69 46 4 51 1 9 59 18 84 
1 98 11 2 84 77 3 70 41 29 55 26 88 33 13 4 90 32 71 64 78 58 33 23 14 35 76 22 93 93 58 94 91 68 95 26 97 97 95 37 77 2 14 64 86 26 20 27 9 90 90 38 100 22 61 13 57 88 86 1 80 43 94 22 63 
40 99 59 36 46 47 12 47 60 28 32 37 47 58 98 88 99 35 39 73 47 3 29 34 89 81 14 83 75 87 45 14 86 55 2 31 1 65 29 12 44 12 49 90 21 98 30 19 32 68 91 79 23 71 12 11 52 77 45 26 16 42 91 1 96 
44 83 49 9 11 60 52 74 60 94 94 57 23 12 41 42 55 19 64 25 82 26 76 11 71 53 26 12 96 78 59 39 12 7 99 74 19 3 47 78 96 40 87 70 3 27 63 57 97 79 34 78 4 61 40 26 66 65 89 61 94 48 51 5 6 
50 78 24 52 76 54 99 67 40 68 70 66 30 78 62 8 63 91 64 24 31 89 89 47 78 1 41 77 51 97 82 52 75 6 3 2 11 1 69 50 20 38 67 50 67 80 9 30 70 24 5 52 65 45 51 42 97 91 70 47 39 51 99 13 8 
53 15 18 54 83 19 25 72 85 26 90 64 35 71 86 10 75 89 74 71 39 15 67 29 36 66 68 39 16 32 98 68 98 16 73 32 86 98 55 71 23 45 86 9 67 23 19 94 12 92 64 50 59 83 31 94 48 50 32 63 33 30 82 83 97 
55 14 34 52 21 4 26 17 42 35 83 64 5 76 27 96 92 77 6 74 59 100 21 8 83 35 92 64 16 74 12 70 88 46 73 60 1 51 76 94 37 10 10 41 86 36 88 77 64 94 2 74 45 22 81 27 8 73 43 23 46 6 45 85 3 
69 96 4 19 71 49 55 81 58 95 18 46 83 46 61 28 47 35 72 68 15 50 75 39 44 49 37 50 93 73 52 62 69 7 32 91 56 87 23 65 33 40 10 67 85 71 94 31 57 65 50 71 15 76 62 58 77 50 59 69 22 63 82 42 69 
14 85 76 100 7 93 84 47 54 51 83 76 96 66 32 13 15 55 79 43 16 88 19 17 47 39 90 9 21 32 29 34 16 5 85 74 49 20 20 2 22 3 78 18 68 9 30 34 63 8 28 30 95 46 46 93 85 36 1 57 19 82 42 86 38 
78 59 86 97 31 87 19 85 64 88 4 25 17 89 39 76 17 69 22 14 66 15 98 53 67 6 71 48 47 8 85 24 67 70 21 49 9 91 33 24 78 36 48 46 24 39 21 92 7 94 6 24 60 55 77 27 61 47 26 7 55 63 83 73 84 
