38 88 34
18 85 8 64 92 45 83 39 19 65 36 23 45 27 55 41 53 52 12 79 29 74 79 5 95 78 31 13 67 18 9 36 55 68 100 46 13 34 84 31 98 71 6 43 97 60 35 1 63 46 79 92 72 9 48 18 86 30 31 5 48 91 40 54 58 91 99 22 77 34 5 74 4 10 68 52 21 3 4 84 100 83 27 71 91 74 89 29 
4 71 85 3 61 76 56 70 67 6 92 43 91 96 68 94 57 88 97 77 42 100 12 41 34 38 12 25 64 52 5 67 22 89 21 82 64 76 51 82 33 94 76 23 41 96 68 97 83 64 26 24 15 89 16 49 27 27 25 42 30 81 8 51 69 28 84 84 55 35 66 87 80 41 9 73 36 76 69 70 91 46 45 57 35 61 57 13 
87 81 54 69 13 13 19 81 40 3 65 46 89 82 32 20 22 92 92 10 19 61 31 9 58 76 17 44 36 74 56 74 6 61 42 19 73 13 99 12 15 15 9 55 96 40 74 70 83 66 31 1 78 61 61 35 88 78 79 75 51 86 49 56 47 42 26 19 54 25 83 20 91 91 74 39 83 48 8 65 65 38 66 42 50 26 76 38 
3 6 12 5 92 12 13 90 6 38 8 11 14 90 83 5 33 56 43 15 55 2 79 71 91 96 12 92 22 40 29 76 45 93 33 88 56 45 77 13 82 37 24 48 26 6 4 58 13 98 24 20 99 3 90 41 98 54 32 71 93 13 99 89 57 31 29 12 27 5 25 60 41 100 7 19 5 10 28 69 7 52 40 57 6 82 97 55 
35 81 26 79 93 24 67 49 6 95 12 32 52 36 91 44 87 50 14 91 11 42 12 18 45 3 26 50 84 75 4 18 55 81 96 47 56 15 47 61 9 58 44 12 46 87 56 32 88 69 75 98 62 86 67 6 88 93 7 72 67 11 41 73 43 89 71 99 3 17 11 63 74 55 27 19 93 82 51 80 2 25 77 64 62 44 21 49 
88 28 72 6 90 65 78 32 53 48 82 7 64 93 21 89 99 47 8 91 80 10 22 34 86 98 97 47 93 69 47 80 48 71 37 37 35 14 21 39 13 54 97 28 46 69 17 96 16 76 86 47 37 59 80 22 57 28 68 1 49 66 33 96 36 69 33 22 35 5 12 47 58 8 75 56 77 43 51 44 70 89 42 6 47 22 27 55 
1 46 56 49 11 88 45 99 8 29 20 42 85 32 89 94 91 15 49 19 57 52 62 26 92 4 83 90 77 9 97 29 6 52 78 68 91 74 66 98 54 38 40 38 21 80 83 11 94 84 30 2 35 43 27 78 98 9 67 26 69 63 55 26 66 84 93 8 9 11 6 62 100 97 51 20 28 33 82 21 68 63 22 2 58 100 31 7 
60 98 33 80 12 39 5 30 74 49 37 82 11 94 95 10 42 45 81 69 29 15 89 97 29 62 50 86 61 81 45 72 30 77 51 93 67 7 22 40 8 59 21 18 4 67 80 46 63 12 14 43 78 55 39 7 16 41 44 29 73 88 52 2 16 3 46 82 61 68 73 68 78 93 38 81 11 17 26 73 80 40 16 58 46 6 64 61 
46 59 41 70 47 93 23 14 47 69 96 7 36 68 27 13 13 64 45 23 32 71 48 11 62 63 68 7 68 31 19 66 42 60 35 88 4 58 1 50 26 48 56 13 68 82 77 32 97 21 54 28 91 53 39 4 15 58 10 35 41 81 100 82 92 86 69 95 95 21 44 72 69 51 84 88 85 12 19 81 33 24 61 75 77 99 79 91 
56 40 77 96 20 28 77 11 14 97 5 8 70 100 32 38 51 15 77 35 27 95 67 11 18 27 85 94 25 15 37 33 55 13 80 26 93 9 89 6 57 45 65 26 45 96 15 47 63 91 81 41 85 99 3 3 26 87 96 2 54 84 34 8 49 66 85 41 74 25 46 82 70 62 8 66 10 22 64 24 65 96 64 49 94 66 3 19 
4 99 21 57 34 6 16 82 71 53 22 96 77 19 78 46 81 37 63 42 10 26 65 74 21 28 23 15 45 25 85 100 75 5 57 9 63 24 90 85 76 64 33 53 82 62 50 62 98 13 3 7 90 19 81 63 46 55 29 42 31 65 42 6 22 50 66 84 73 7 68 49 70 100 1 52 13 2 65 10 66 20 69 56 38 1 70 36 
55 50 29 85 14 70 42 35 71 59 18 44 66 38 44 87 89 96 90 2 97 55 63 63 26 31 70 63 31 39 50 37 88 79 74 53 100 67 88 71 26 5 14 43 94 9 29 83 4 19 84 100 25 98 62 50 29 31 64 11 21 14 100 60 92 73 13 43 39 100 13 16 56 78 58 50 86 87 84 89 57 19 41 81 16 2 30 44 
85 93 7 57 58 6 69 1 78 81 44 68 32 8 36 39 86 93 40 23 31 23 64 87 41 4 67 57 57 96 52 93 41 58 50 50 15 18 51 92 50 46 12 81 53 47 71 38 91 11 61 22 33 76 8 26 79 75 82 35 22 85 28 14 95 29 64 9 98 14 53 47 59 64 79 63 62 49 1 52 59 13 25 44 88 33 69 18 
59 2 4 32 86 83 46 32 11 61 41 60 26 93 6 84 8 36 98 21 37 98 24 47 62 49 90 1 81 58 18 91 59 74 22 97 56 19 28 19 79 20 78 4 64 36 39 71 23 37 43 59 86 67 6 48 15 95 100 47 5 70 89 15 43 10 11 98 81 91 16 59 10 46 15 74 81 5 96 3 41 39 14 79 57 19 78 71 
65 77 69 69 46 57 84 40 18 46 38 98 36 5 9 98 50 23 71 82 27 18 37 20 56 50 98 64 68 75 86 84 3 54 5 49 62 88 88 80 85 77 29 73 34 37 70 35 11 92 17 90 9 5 9 17 54 58 80 73 32 66 56 34 71 60 34 33 99 74 64 36 50 44 8 83 81 29 18 43 20 86 32 28 90 92 44 95 
49 76 67 80 41 74 66 63 86 51 47 36 24 10 71 26 54 30 60 86 58 77 80 77 14 12 5 55 3 100 49 52 75 67 83 67 41 100 30 78 51 76 13 74 38 36 51 43 65 11 80 23 39 59 51 53 22 55 7 25 7 8 28 33 74 62 100 14 62 81 43 12 8 56 37 97 91 88 39 55 50 70 29 88 29 80 92 50 
86 99 26 92 58 53 77 31 67 76 97 28 8 39 91 15 94 79 12 36 18 2 43 67 24 71 55 4 2 46 5 88 96 31 31 53 35 7 36 1 34 32 80 41 22 70 56 16 49 19 3 18 72 45 85 95 16 91 50 17 88 55 56 36 85 87 40 71 45 75 24 79 58 3 19 80 25 26 47 25 96 49 42 68 94 78 14 61 
68 64 29 56 18 37 91 54 23 30 76 67 57 99 97 14 2 16 93 78 41 39 2 89 40 95 56 85 73 21 97 40 36 77 47 5 13 89 58 87 71 34 54 27 84 50 40 37 17 85 14 10 75 67 98 14 62 5 50 34 77 46 25 13 23 72 17 87 12 27 74 82 12 27 8 95 28 48 32 97 84 97 6 58 64 55 24 25 
11 73 10 87 71 34 51 93 57 68 79 69 46 4 50 57 82 10 3 62 9 34 58 92 83 15 49 46 69 24 22 31 97 31 17 67 16 68 11 25 87 41 45 32 45 46 40 26 55 42 87 63 28 96 6 10 10 7 55 30 30 76 60 26 58 29 44 25 96 54 49 34 47 93 17 43 91 56 68 45 97 7 60 24 2 65 85 64 
71 39 93 1 66 5 78 75 33 22 100 80 27 100 65 25 45 81 67 35 36 87 31 84 45 90 60 46 7 44 61 29 35 6 29 52 10 59 27 94 80 78 25 58 29 89 83 73 69 49 59 56 35 90 91 79 31 50 77 89 46 89 18 32 94 98 83 55 56 9 100 87 38 24 45 67 12 79 91 80 27 50 87 14 91 78 44 73 
79 72 62 24 61 79 55 6 28 38 61 84 98 60 22 36 84 18 54 47 96 44 27 75 93 13 40 83 42 83 8 21 55 69 44 67 99 51 72 26 40 84 61 89 44 83 76 79 52 29 25 48 73 3 74 17 68 13 52 9 95 59 81 1 27 77 19 25 27 91 2 18 26 63 6 21 97 34 99 48 62 76 47 86 30 20 3 97 
32 54 58 79 64 38 31 90 66 2 66 92 92 67 61 17 81 19 90 77 52 88 25 13 15 71 51 45 43 53 93 26 58 2 56 21 92 39 10 57 40 27 1 31 93 13 99 26 31 88 2 82 28 78 47 94 1 97 38 43 1 83 68 58 36 76 78 27 14 39 36 53 65 36 35 9 100 85 34 31 25 88 64 4 65 62 97 65 
10 87 7 10 69 27 67 4 54 96 83 67 86 18 19 50 5 5 11 56 89 96 86 13 35 2 16 100 63 65 64 73 51 23 82 71 1 1 26 54 48 8 20 34 77 90 35 33 94 97 89 34 93 26 47 79 27 14 78 90 78 94 14 80 16 95 50 68 47 76 73 95 83 92 80 12 33 14 96 78 11 84 11 55 10 57 33 88 
23 63 77 52 56 90 32 23 37 81 90 35 56 62 81 91 5 60 2 89 26 97 66 36 33 76 42 94 85 26 81 7 88 10 58 95 99 89 17 87 22 58 22 77 71 54 67 27 14 20 15 91 17 80 78 1 8 19 94 92 96 74 98 36 83 7 30 34 48 47 72 69 56 45 45 79 99 64 5 64 83 72 54 51 3 31 51 10 
1 44 1 48 70 50 83 4 9 13 89 56 11 61 76 66 57 72 44 55 35 1 70 70 72 75 72 74 5 23 36 57 18 36 5 39 38 87 43 98 99 83 53 61 43 80 27 52 51 22 6 38 74 28 59 45 2 30 71 59 4 6 67 22 93 71 60 30 10 54 27 60 37 31 21 31 62 99 82 65 72 40 2 46 67 60 90 20 
41 12 78 45 17 45 66 10 67 77 91 76 83 70 88 71 52 8 53 14 58 87 78 29 26 31 74 44 42 16 63 82 27 93 26 96 89 43 5 7 72 95 83 6 16 22 76 68 81 28 33 38 14 10 18 91 92 44 86 33 11 1 66 37 93 92 32 33 86 88 39 9 35 73 14 50 94 41 69 74 69 1 63 34 62 81 77 53 
76 62 37 86 14 3 74 6 46 6 90 31 45 29 40 79 53 5 81 47 46 49 72 66 2 87 51 63 19 79 68 94 41 4 79 54 6 52 12 51 9 53 34 6 81 25 84 86 29 16 84 26 17 55 91 18 93 94 32 11 72 99 56 64 3 86 70 60 90 81 63 50 85 96 55 66 72 91 3 52 6 86 78 74 92 20 91 85 
13 23 47 37 21 55 100 75 40 69 87 81 1 49 31 86 96 37 3 67 79 5 70 37 90 47 10 81 67 1 17 31 23 64 67 95 70 19 22 9 87 60 42 88 8 24 25 55 60 27 73 39 83 42 75 72 41 84 4 59 36 21 89 10 36 8 57 57 26 78 65 64 37 58 3 96 81 27 2 93 5 74 31 87 67 57 58 7 
92 14 65 80 86 6 89 21 65 45 77 90 74 93 5 10 3 8 57 83 86 58 75 91 83 57 77 2 65 87 8 57 100 25 36 85 30 76 57 46 21 85 87 94 29 91 56 31 98 64 66 36 74 40 26 8 49 2 9 13 40 69 21 39 93 56 75 74 84 83 19 4 67 5 49 48 47 56 78 45 20 95 80 93 35 57 100 35 
10 61 47 50 29 68 88 21 75 15 46 10 97 64 13 64 20 14 63 66 69 40 62 88 35 93 32 21 49 32 7 59 92 5 8 20 24 47 92 51 13 37 60 10 52 73 25 71 86 87 88 54 78 50 94 64 94 25 36 43 8 42 53 51 47 12 22 70 10 13 20 23 1 80 32 52 4 8 74 41 94 62 94 23 63 39 87 56 
64 22 50 71 16 54 22 62 65 43 83 27 8 3 49 8 34 32 12 37 91 85 77 84 98 22 58 60 61 44 16 24 18 17 46 33 71 19 94 87 14 28 13 21 30 13 80 63 96 91 51 86 28 27 21 25 1 79 85 61 22 52 36 91 68 33 23 90 52 68 77 65 96 41 37 77 54 16 40 49 7 42 35 34 21 55 10 21 
33 94 81 7 45 68 49 65 100 72 54 51 91 82 67 86 23 3 63 76 71 54 76 29 95 10 14 67 17 23 87 1 17 19 59 13 86 8 77 86 31 83 88 21 64 7 7 86 9 21 13 79 26 89 7 72 50 20 39 66 43 25 19 11 44 29 23 81 36 52 18 18 34 6 39 97 64 97 35 72 69 47 3 94 35 61 17 37 
81 55 54 75 32 72 37 27 1 59 59 88 10 77 6 95 34 96 44 97 92 78 20 12 24 22 5 11 83 73 47 15 28 100 41 11 24 77 89 76 87 47 15 49 23 72 43 56 67 86 4 10 63 24 21 39 45 77 1 79 50 47 45 29 98 85 39 21 61 79 96 48 25 11 48 48 82 90 55 1 28 59 10 42 34 83 80 78 
59 80 9 60 78 53 88 76 38 78 96 50 56 44 49 81 54 96 80 87 38 86 87 65 44 49 6 77 31 38 7 89 17 15 1 47 19 40 22 8 18 69 58 25 12 58 57 17 6 88 56 43 74 94 7 69 42 64 46 72 1 4 13 70 70 13 16 88 52 89 96 21 57 5 98 21 62 54 89 67 94 44 9 67 38 67 35 79 
31 32 3 31 35 15 52 4 79 67 44 82 55 91 3 64 95 52 84 8 5 24 27 98 68 87 16 57 54 51 87 36 82 89 18 69 55 70 24 33 36 67 67 43 57 69 6 3 20 41 11 76 64 89 26 83 75 93 91 80 43 78 15 77 18 33 45 73 2 20 57 89 87 23 31 95 43 88 50 14 80 12 42 96 100 19 30 74 
11 21 54 6 50 20 82 67 52 78 91 5 97 48 94 35 22 76 82 17 16 31 30 47 42 23 42 41 41 72 66 4 44 71 9 93 91 42 59 42 71 50 99 19 49 44 6 22 71 87 38 86 69 20 33 10 42 26 2 35 49 19 90 92 90 50 36 80 91 47 21 13 48 19 31 48 14 88 69 85 74 7 70 42 78 54 3 19 
32 56 5 80 75 46 24 64 95 11 43 37 57 15 49 56 86 32 3 99 19 72 83 45 30 5 86 7 58 41 25 89 96 82 21 70 27 96 85 74 6 27 10 15 42 11 70 27 42 73 77 12 44 60 56 73 64 94 79 73 34 55 14 81 88 34 3 67 29 87 40 86 66 1 100 7 11 70 85 4 42 61 16 37 72 71 61 35 
16 91 60 1 45 73 82 85 6 84 3 86 22 94 23 87 94 23 45 57 44 29 60 37 42 27 73 13 50 85 100 65 75 59 66 71 31 99 55 88 34 57 25 55 50 47 94 96 69 38 52 64 19 63 100 60 90 72 24 39 56 23 3 82 81 20 53 63 18 59 50 51 16 74 58 17 73 51 64 93 88 15 57 6 78 56 17 67 
