32 50 9
29 45 78 91 86 98 79 73 6 62 79 18 56 21 21 72 39 12 58 58 66 23 39 67 12 92 99 66 76 49 50 4 93 27 46 30 25 24 2 30 38 80 99 93 100 71 16 90 34 26 
48 52 100 38 18 11 82 17 29 57 65 78 12 9 5 58 38 81 33 40 62 70 71 60 14 23 30 30 12 16 7 59 67 6 97 84 68 78 52 48 86 68 78 49 76 34 58 14 14 91 
5 75 60 75 34 74 97 15 55 9 30 61 19 48 18 15 32 37 44 35 85 81 3 62 30 78 95 39 43 8 29 47 34 89 22 19 62 18 33 68 78 15 28 97 62 97 63 45 33 59 
32 69 39 34 30 20 63 76 59 6 83 39 52 68 27 73 86 40 43 19 7 20 85 86 16 98 82 31 95 67 89 26 35 79 11 17 51 73 92 61 78 27 99 30 94 26 54 80 17 96 
50 24 16 86 9 83 83 43 13 29 9 53 6 95 32 16 11 34 41 3 94 18 81 92 99 74 69 53 5 86 100 54 9 67 39 69 50 74 63 14 54 23 19 60 18 50 27 80 83 67 
34 28 37 14 19 87 88 40 91 92 25 91 98 85 57 88 5 58 61 68 24 67 42 42 78 11 43 4 91 77 23 24 4 11 90 74 97 29 13 40 20 37 30 69 73 38 57 78 96 69 
97 71 35 38 12 12 49 54 68 91 82 42 14 85 52 55 58 100 83 71 39 55 59 20 23 32 58 79 61 5 100 57 75 34 46 38 98 94 43 17 36 24 58 50 8 61 4 17 60 39 
39 51 93 98 70 15 81 27 46 41 83 45 49 9 30 46 46 79 92 40 95 27 63 52 28 22 12 84 91 24 22 29 74 14 26 43 28 58 22 73 50 4 69 98 65 99 96 10 77 87 
50 24 13 64 27 41 38 91 24 28 14 45 56 39 10 34 81 37 91 54 62 41 10 82 90 74 80 85 35 9 71 36 84 84 52 10 76 89 100 51 16 13 47 23 51 56 56 84 44 47 
89 57 87 98 39 76 23 70 13 58 30 83 45 13 18 96 23 45 84 22 95 51 87 93 74 89 48 29 72 44 75 61 100 13 10 90 41 85 12 53 42 41 87 86 6 5 34 28 49 17 
1 96 68 87 88 41 76 88 69 99 31 96 11 82 8 73 24 48 57 35 52 98 27 39 35 32 43 68 59 43 37 12 90 4 98 30 96 25 17 16 24 99 11 34 32 19 6 7 18 14 
41 70 63 68 60 98 99 2 17 10 96 5 21 38 60 70 67 55 95 35 71 70 85 81 3 16 51 61 23 21 74 15 42 37 34 1 86 85 54 54 94 49 59 66 38 18 35 4 25 81 
38 95 50 74 27 5 90 30 17 64 50 42 78 43 78 64 43 15 48 96 21 41 96 79 58 86 48 44 89 72 25 79 18 26 52 45 30 93 26 46 8 27 88 38 69 17 1 63 84 48 
10 4 40 57 82 97 42 81 40 31 53 16 61 22 42 64 18 71 57 43 69 64 69 8 1 89 24 1 3 7 100 12 10 39 69 43 35 62 24 27 44 28 42 4 1 83 68 19 6 76 
61 74 91 82 81 44 22 56 44 25 15 44 88 24 34 8 19 69 70 94 95 13 73 36 69 73 71 36 91 76 63 4 1 53 37 33 48 10 88 44 34 54 39 74 30 72 81 48 40 50 
41 86 63 65 22 31 37 44 18 28 19 32 83 71 36 19 3 84 28 42 27 14 96 65 87 25 36 67 72 76 69 64 61 31 28 34 13 16 29 30 95 99 61 77 69 96 47 71 79 27 
13 5 92 60 69 30 84 57 96 7 32 16 22 44 46 49 30 58 16 10 39 11 9 51 87 77 99 86 48 77 12 12 34 3 71 54 32 6 10 79 12 93 95 33 89 92 33 70 2 48 
79 40 58 87 43 97 16 41 82 63 17 93 26 2 47 48 8 78 53 69 8 16 14 54 48 54 46 32 23 47 79 53 38 89 92 80 37 7 20 18 21 89 62 46 42 60 45 49 89 97 
70 96 64 83 50 11 36 95 94 10 93 72 62 30 12 53 62 48 59 81 17 79 21 30 76 63 89 20 63 77 68 32 25 31 14 74 93 1 20 86 10 64 10 72 93 21 76 54 21 35 
87 89 65 7 19 41 21 7 12 84 36 32 15 60 62 29 85 7 81 56 44 91 19 53 14 11 26 89 17 98 75 55 86 92 13 56 84 34 15 95 17 50 78 31 61 92 11 45 98 92 
100 93 34 70 46 47 32 23 87 48 20 62 54 57 5 67 13 88 52 27 34 68 28 12 50 88 3 61 84 52 4 35 44 37 4 41 35 35 63 21 35 34 34 88 43 38 6 55 77 57 
33 11 76 60 74 26 47 76 86 30 79 41 64 22 29 19 15 63 53 77 83 87 63 69 75 5 6 32 11 83 89 43 45 64 2 18 89 100 45 26 81 75 18 96 48 46 14 62 8 66 
91 43 53 53 11 79 9 16 10 19 50 50 13 46 14 66 15 54 65 11 32 45 85 49 92 33 47 5 94 54 70 84 96 74 88 6 4 96 74 14 66 75 63 78 21 28 43 87 34 59 
98 17 55 82 17 46 66 63 50 60 17 72 95 64 97 83 22 1 30 47 66 48 21 80 25 93 60 20 32 45 30 29 61 85 62 77 82 28 40 84 87 8 7 33 23 3 15 96 55 97 
42 20 44 15 52 20 59 11 91 90 55 21 18 67 57 80 43 38 59 34 73 97 93 79 29 16 34 96 63 88 92 5 60 87 19 11 58 77 73 49 19 79 21 36 45 29 67 87 18 25 
73 91 21 65 69 2 32 2 97 95 42 40 51 53 26 21 15 83 49 87 83 67 65 55 55 9 83 21 47 1 98 71 91 70 88 11 23 71 65 19 17 6 10 67 58 35 87 24 70 36 
10 4 54 26 59 8 86 41 29 84 41 78 55 83 99 42 46 22 12 10 92 81 67 2 47 76 88 86 99 9 73 8 13 26 85 23 34 70 63 14 53 56 43 59 90 41 52 35 14 64 
44 6 96 10 59 42 85 46 79 83 7 51 42 19 77 26 93 10 47 55 75 52 62 17 10 52 57 62 86 23 77 82 80 72 43 38 65 80 35 44 14 41 94 56 11 22 33 3 31 80 
10 57 83 71 73 92 74 82 5 12 4 33 93 83 4 87 20 69 66 6 64 80 47 9 87 57 31 19 12 13 50 21 70 32 91 42 76 65 23 32 76 78 65 20 60 20 6 31 88 72 
37 3 3 83 12 89 91 42 7 2 54 9 74 23 92 17 17 67 81 91 51 8 69 15 79 28 34 84 11 74 7 47 76 61 81 87 49 71 80 8 25 86 16 50 60 59 66 76 26 98 
67 76 5 35 42 35 14 75 71 24 48 77 22 76 90 2 14 38 25 46 97 1 31 64 50 90 23 16 66 100 13 84 27 70 70 68 4 83 94 74 59 94 3 80 69 92 82 34 81 6 
79 78 6 9 93 7 99 15 22 16 14 87 51 40 56 20 59 11 2 53 85 60 46 39 40 66 82 73 99 62 78 30 91 35 38 84 41 88 50 15 55 16 1 5 7 8 24 66 18 78 
