79 86 19
11 95 78 32 77 46 90 64 46 44 49 78 87 36 1 88 81 83 22 15 60 63 95 75 7 93 88 82 71 73 74 33 19 4 16 47 49 57 62 94 1 11 24 39 46 24 26 78 59 47 92 18 62 86 92 20 30 31 53 53 55 27 85 74 82 53 72 30 9 34 76 61 44 99 99 41 74 76 19 32 75 10 1 36 48 45 
7 77 75 60 29 30 38 66 55 19 18 26 48 78 59 23 39 54 73 89 95 47 17 65 30 91 74 83 78 73 27 84 50 1 43 78 82 80 43 36 98 12 14 98 90 24 20 28 78 93 68 24 91 84 40 72 74 65 54 51 38 32 87 87 33 29 16 66 61 59 54 58 22 67 55 11 42 27 90 71 71 58 46 13 93 85 
84 67 50 90 69 87 21 7 25 5 36 40 71 96 50 24 5 72 42 12 82 83 90 24 6 60 81 51 24 25 36 7 43 37 48 64 23 21 70 47 25 5 38 47 52 88 70 9 59 63 72 92 98 61 15 3 72 47 5 95 72 40 53 14 28 1 77 50 21 47 48 97 3 86 44 7 73 65 15 83 80 38 74 77 98 89 
31 69 35 35 15 6 27 67 20 6 67 48 56 39 94 55 36 97 92 31 55 64 95 69 46 74 6 72 2 55 60 84 75 94 19 89 52 97 55 23 2 74 70 9 64 64 16 51 12 7 81 66 23 28 86 68 1 43 39 55 49 50 38 23 96 8 11 47 56 17 69 10 42 38 18 6 53 85 56 16 92 89 81 14 16 18 
33 68 60 24 22 8 73 60 82 20 19 44 66 75 61 86 84 2 76 53 7 28 38 15 96 29 3 28 94 70 46 78 37 57 1 11 17 26 22 98 45 40 42 11 14 54 48 49 55 23 2 14 3 39 80 98 19 34 25 64 3 22 41 39 79 42 1 95 19 22 92 63 62 85 25 27 38 73 76 45 47 29 10 49 67 89 
98 37 22 23 52 24 96 92 14 74 85 15 20 3 88 64 66 1 48 42 28 38 14 55 82 13 83 91 61 1 79 59 89 52 33 40 27 28 31 40 54 16 6 73 70 94 36 87 46 36 29 73 73 94 79 54 6 61 96 19 61 26 77 49 77 61 40 3 40 71 94 45 38 100 18 7 45 5 46 90 40 74 15 12 19 93 
17 25 54 12 43 66 37 71 67 13 83 6 67 22 28 61 67 65 12 36 24 56 40 69 97 32 94 63 43 12 56 12 88 61 23 82 78 12 52 44 76 86 2 43 8 29 3 26 46 14 61 21 21 52 41 69 83 86 32 78 49 87 89 37 47 63 70 24 74 22 20 50 59 73 44 66 1 46 43 98 11 55 70 31 7 10 
99 41 47 82 70 96 68 58 84 66 73 53 42 98 26 13 47 85 85 42 50 85 87 45 35 49 99 4 31 57 66 82 98 12 63 67 59 31 77 42 48 1 95 89 98 20 1 97 4 85 38 6 22 77 50 8 25 100 63 8 57 80 89 6 44 51 24 2 33 52 96 81 52 90 21 50 61 74 98 17 10 35 74 83 63 75 
90 88 74 5 95 30 84 35 87 27 37 11 29 70 62 24 2 66 65 22 67 25 47 64 93 57 98 66 39 61 40 81 100 14 85 46 95 68 32 34 95 68 44 75 37 57 50 90 22 66 64 88 42 10 3 35 18 1 100 57 13 92 89 64 57 73 61 3 92 92 36 38 59 31 12 48 88 13 37 61 78 100 1 20 62 3 
6 79 55 5 87 19 48 75 82 4 99 94 7 91 85 94 28 44 25 92 43 64 56 79 76 86 31 76 5 92 31 10 22 37 66 9 56 66 35 89 69 34 83 27 76 19 21 55 62 45 98 4 60 6 35 35 91 65 63 47 8 93 8 81 29 73 89 36 90 76 25 59 61 59 37 36 77 57 42 91 53 92 46 12 97 80 
99 87 96 61 33 55 53 40 36 33 64 76 69 54 51 93 64 11 51 100 98 79 57 92 69 61 83 15 25 79 94 23 17 42 83 49 96 35 40 83 67 3 59 35 8 9 79 71 72 81 71 21 60 79 64 28 39 98 42 63 76 88 37 44 29 19 44 76 53 83 59 72 38 69 58 45 77 37 16 100 17 38 73 28 68 88 
56 58 86 49 21 13 36 9 57 16 28 100 92 32 83 2 3 20 70 61 16 98 49 83 50 17 20 74 45 87 61 100 45 46 48 17 11 36 25 67 51 52 66 94 36 100 47 38 71 16 50 87 66 98 69 15 15 41 40 59 79 100 10 23 98 9 91 8 44 68 74 95 71 91 40 6 43 87 44 65 54 45 3 19 43 24 
85 9 64 24 19 94 76 80 69 73 88 59 32 32 26 57 78 97 99 17 54 41 55 97 58 9 94 60 79 36 35 64 96 50 39 66 44 14 45 12 38 32 70 69 15 48 25 92 96 24 61 49 16 67 98 73 75 91 85 54 78 71 69 73 21 7 90 64 73 34 27 10 17 48 79 32 95 55 75 42 78 87 43 46 54 40 
70 80 30 6 85 59 77 53 83 97 12 72 12 84 57 38 93 73 85 23 56 32 78 31 25 7 69 67 52 74 6 74 54 87 79 90 45 55 43 79 51 6 50 14 41 6 51 33 31 88 8 86 71 85 68 95 91 89 62 95 62 19 68 15 6 46 5 2 53 99 81 55 56 82 69 96 40 71 28 70 58 87 7 80 71 27 
75 14 15 36 8 76 6 27 43 11 72 99 65 76 97 97 31 4 78 99 99 69 69 78 90 79 65 49 58 35 75 84 100 89 71 7 16 77 33 58 39 57 8 3 32 4 99 62 59 29 12 57 97 33 35 39 63 51 87 20 85 61 56 85 1 26 43 68 2 28 78 41 36 85 95 19 41 94 33 99 74 96 56 22 28 42 
60 90 92 46 62 28 58 17 64 10 42 59 78 96 86 7 36 73 91 82 91 31 75 75 30 100 71 37 22 98 78 33 40 21 31 1 48 88 17 12 50 10 70 79 5 7 85 92 79 75 74 21 58 100 48 87 100 18 75 73 67 4 5 6 24 35 6 71 75 74 34 76 36 3 54 40 9 38 84 39 64 57 12 21 56 59 
59 7 28 33 79 94 36 36 100 59 70 57 82 96 83 15 71 18 70 24 9 30 13 92 69 77 100 32 49 8 90 8 14 69 92 45 62 80 80 13 90 1 22 71 97 4 38 67 73 7 43 81 36 55 25 56 83 24 87 32 31 28 91 97 96 34 41 10 13 72 22 55 24 43 25 20 98 14 39 70 20 81 3 56 87 27 
63 70 2 50 53 85 29 95 81 25 28 73 34 93 96 7 47 19 2 23 39 99 37 29 21 8 61 75 63 47 53 78 68 54 27 20 38 55 14 70 31 94 42 16 86 89 23 32 8 24 54 98 74 42 26 46 50 86 20 64 32 72 41 52 78 19 71 67 74 37 37 56 82 30 72 67 19 46 50 26 69 55 23 94 97 48 
40 98 85 59 61 68 83 54 19 60 72 90 26 97 78 62 53 59 92 24 77 62 21 78 87 41 32 61 34 80 60 73 77 44 84 90 11 66 43 30 77 14 71 2 11 100 16 15 10 59 38 86 20 10 15 6 50 46 18 83 78 77 8 54 20 43 95 82 8 37 11 84 3 33 37 13 32 52 27 93 10 16 78 29 25 44 
86 26 90 3 8 67 79 67 72 50 9 67 32 16 3 94 51 57 27 88 69 10 91 47 3 1 14 32 29 90 76 67 15 17 21 75 35 52 41 6 1 2 72 84 69 27 78 20 83 56 59 4 17 49 2 71 1 68 55 30 57 30 48 24 98 68 50 32 19 42 37 72 43 61 55 12 39 32 83 73 39 93 76 56 93 30 
78 94 97 32 75 5 13 22 80 10 41 81 41 60 23 30 83 17 42 37 80 80 21 62 52 11 6 80 66 99 61 44 92 57 27 66 13 40 39 93 49 79 25 42 90 47 23 72 64 64 61 43 95 81 57 98 91 62 29 9 12 89 4 3 97 30 68 10 69 58 54 70 37 78 63 26 77 85 50 40 100 10 34 46 90 42 
95 32 4 24 40 67 12 95 70 9 25 89 70 45 47 75 66 83 4 28 60 80 64 9 71 15 70 5 12 59 98 7 43 53 30 82 20 93 29 89 53 53 29 22 49 27 48 67 9 52 94 21 31 10 81 2 76 51 58 88 61 55 94 3 8 23 37 79 15 65 67 68 69 47 41 17 74 89 35 34 92 29 54 22 90 87 
75 65 37 84 4 97 91 97 52 50 71 88 28 38 52 46 57 20 92 97 88 17 37 23 51 28 3 56 2 44 42 76 60 30 12 64 79 54 12 30 3 83 17 82 72 20 27 28 39 70 76 78 39 13 52 89 92 6 96 93 49 90 21 61 19 32 24 97 85 87 26 39 21 94 20 92 13 98 71 3 67 47 81 57 11 84 
45 2 90 93 95 90 82 67 50 100 98 25 49 34 12 74 24 32 68 43 76 32 40 46 35 58 92 67 15 54 50 11 56 39 3 2 29 84 68 30 36 17 55 84 2 66 57 25 97 76 67 24 60 58 70 94 67 13 60 33 67 61 44 74 100 98 75 80 82 94 9 69 10 63 52 11 28 60 87 77 88 53 52 47 62 21 
40 28 86 51 61 4 11 56 77 62 53 51 93 86 96 2 54 5 16 5 67 96 17 53 24 4 57 75 50 18 48 41 97 33 43 9 36 53 64 64 67 69 66 59 54 61 60 60 65 28 16 83 23 32 35 46 87 91 20 36 60 19 28 8 51 70 17 38 23 80 1 89 100 66 47 6 26 59 65 42 86 32 24 60 16 10 
5 2 52 76 38 11 95 65 19 97 35 87 35 9 66 87 49 66 5 47 23 30 57 87 24 94 70 47 53 85 57 57 87 60 85 76 23 79 92 41 27 78 27 13 86 44 100 86 61 4 33 83 85 89 21 8 35 91 7 87 27 15 44 13 74 80 88 96 10 32 88 36 9 66 1 95 62 100 32 74 55 64 57 91 5 29 
51 39 71 57 77 98 23 20 10 96 51 50 44 60 81 31 48 41 49 48 87 10 99 19 83 5 34 91 95 90 20 45 80 42 53 57 39 75 28 1 23 79 50 18 38 82 48 85 22 48 84 9 57 82 79 92 86 12 34 81 2 5 77 81 47 82 37 85 8 65 85 30 95 86 47 32 19 47 69 93 46 52 53 55 86 31 
46 71 42 79 3 95 84 32 28 82 13 64 66 20 80 3 2 74 88 100 58 7 98 26 99 96 29 3 50 14 33 47 37 26 77 39 21 12 70 48 93 34 63 59 6 95 61 59 68 100 10 25 6 60 2 56 55 83 10 4 48 42 50 84 20 78 75 40 90 96 39 82 30 53 40 87 47 52 45 67 52 6 91 9 65 45 
17 19 79 26 74 26 20 75 62 39 53 88 30 42 83 20 75 64 72 15 50 71 18 46 37 21 4 79 30 68 75 98 39 53 75 12 31 94 39 92 84 91 79 13 84 13 32 58 77 56 24 78 78 94 76 66 14 79 44 95 98 19 92 36 23 67 100 53 12 38 96 96 80 26 8 63 39 92 72 67 99 48 96 76 41 71 
41 54 1 36 49 99 6 92 86 29 10 85 33 22 22 29 17 53 54 76 15 92 19 39 10 17 86 6 44 26 28 36 31 29 24 31 79 29 23 16 9 32 1 42 5 74 70 21 27 75 49 93 19 67 31 28 36 16 85 31 93 13 19 24 93 42 6 71 22 28 86 83 12 38 24 16 64 45 89 90 71 37 34 89 55 65 
69 42 32 53 73 77 65 43 52 57 36 57 79 9 37 17 91 48 6 14 63 69 10 51 10 81 39 44 21 94 60 89 35 91 94 59 67 10 53 70 19 88 27 97 49 63 65 39 62 71 5 24 91 66 27 1 46 65 96 19 10 55 59 97 45 52 7 64 62 60 85 80 99 11 28 47 25 45 38 86 67 42 62 57 7 88 
9 5 4 4 23 14 58 81 62 55 85 68 70 98 79 54 29 30 65 56 76 41 52 13 27 18 6 88 27 13 27 87 69 30 91 91 95 100 23 56 6 7 76 75 4 6 29 32 35 45 40 11 37 43 75 63 13 81 2 91 45 28 77 13 10 19 55 56 19 77 64 76 36 39 51 39 44 31 23 79 75 14 41 11 56 67 
26 20 47 79 10 43 59 87 55 68 5 9 23 75 38 38 51 73 28 53 63 72 83 37 2 9 50 94 19 58 60 96 77 59 75 87 53 33 25 8 52 81 68 26 8 57 64 58 29 91 62 44 14 44 80 67 52 82 60 22 91 72 18 19 82 44 57 34 28 81 93 79 62 13 4 69 69 19 78 50 10 39 93 75 82 24 
42 85 57 53 6 47 24 75 66 5 70 22 91 97 55 83 27 16 95 83 36 16 1 13 65 62 3 9 37 36 84 78 20 41 30 77 87 6 4 4 62 25 78 52 22 32 35 100 47 81 82 34 96 35 98 12 48 100 72 84 35 56 13 6 48 95 34 86 100 37 90 61 62 67 65 35 50 99 86 48 31 20 81 79 54 78 
90 1 29 14 37 63 21 49 20 68 95 53 53 94 42 94 7 55 12 71 41 61 21 26 8 3 45 40 81 98 17 23 51 97 36 87 11 56 87 30 75 82 35 27 27 76 21 33 82 84 55 22 45 27 47 4 30 92 44 10 41 12 32 43 9 19 29 19 26 68 1 100 49 35 27 75 62 99 60 43 82 14 64 78 93 62 
82 22 5 25 31 98 88 15 40 96 33 21 67 11 88 67 10 88 53 88 62 14 86 73 8 20 39 23 97 31 36 78 52 41 54 34 90 42 48 81 89 33 1 7 43 40 73 4 79 77 92 93 42 77 65 1 48 3 23 45 33 59 74 84 51 28 18 40 21 17 20 61 1 73 68 43 64 92 99 43 69 90 35 62 18 51 
63 66 54 85 62 86 95 35 22 97 14 91 88 34 59 60 47 60 32 14 54 47 5 52 89 25 41 75 87 59 26 49 24 79 85 85 16 32 71 89 28 85 79 16 70 38 75 16 49 58 81 2 4 38 54 45 62 94 19 100 4 96 100 79 26 37 15 42 68 86 82 47 22 61 62 91 50 88 59 98 45 39 99 1 76 4 
45 90 98 15 41 53 11 41 32 36 77 46 29 96 83 11 42 4 23 56 47 24 43 5 21 88 43 71 88 71 27 84 60 76 98 100 28 8 92 59 44 20 57 72 15 91 34 9 95 56 64 41 79 6 45 51 45 39 74 84 9 100 67 20 75 17 20 54 24 11 65 19 31 21 43 97 11 76 5 57 84 20 97 62 78 93 
65 22 84 38 58 92 89 76 12 15 92 83 68 68 45 32 86 27 4 28 24 15 4 80 23 87 100 72 100 29 64 16 2 47 53 59 91 93 87 54 7 78 36 75 45 80 6 83 7 10 10 82 76 65 13 50 3 64 21 55 92 37 70 94 83 75 52 25 67 38 78 74 68 13 100 64 45 5 46 51 66 8 84 93 24 96 
43 27 60 63 33 51 99 2 44 34 76 48 58 95 37 88 68 56 100 67 20 96 23 17 98 41 76 81 33 100 29 27 26 88 90 58 90 40 11 86 25 39 33 83 33 21 70 52 29 21 70 48 17 44 16 66 84 92 47 69 91 75 95 68 14 36 77 3 76 87 88 100 77 72 34 9 45 55 60 73 28 81 72 96 25 87 
61 8 30 59 76 72 33 23 39 46 58 15 1 85 54 40 37 30 12 22 91 56 29 2 80 8 83 51 3 7 89 15 66 19 74 94 90 58 16 81 4 25 47 56 62 52 95 50 34 6 23 24 13 51 77 44 58 59 94 12 17 35 27 83 5 52 28 46 9 95 26 64 19 25 19 32 76 14 81 9 71 4 84 36 6 61 
79 16 71 25 27 88 59 5 22 63 56 1 8 65 95 86 28 65 10 99 97 37 12 29 46 82 84 29 17 90 41 48 5 12 72 83 51 30 40 24 44 95 24 3 11 70 88 91 34 49 89 30 86 52 11 31 33 94 11 2 35 4 49 91 67 20 74 17 1 65 92 44 59 67 46 22 36 86 64 21 34 52 3 19 55 13 
1 87 6 64 40 93 19 40 83 85 11 8 1 11 72 44 54 83 62 52 56 97 37 19 17 22 22 71 93 76 83 45 14 41 8 54 33 26 45 15 62 56 75 14 66 46 57 72 80 18 75 35 66 11 53 35 84 74 5 76 49 88 21 15 80 80 20 12 58 64 78 19 19 52 33 37 50 41 60 29 59 34 16 24 96 68 
10 79 94 15 55 94 54 27 8 33 6 27 44 15 43 73 34 61 25 18 49 26 58 8 6 16 41 21 92 36 41 1 67 34 67 21 79 20 47 87 52 4 65 47 19 7 20 4 20 96 21 68 21 78 76 78 46 68 51 89 56 91 41 22 76 8 94 54 27 92 92 31 95 9 77 65 15 96 20 86 91 40 54 63 70 81 
41 67 100 91 55 55 33 95 76 8 2 21 13 81 12 5 11 59 13 87 23 79 35 95 17 77 34 22 40 55 2 32 21 53 74 75 8 6 70 35 65 23 56 77 3 19 33 65 77 97 4 52 76 38 46 44 14 31 65 5 86 18 88 6 70 61 33 77 18 54 64 82 28 71 11 83 89 43 47 18 40 50 69 67 39 66 
62 5 96 26 9 33 43 97 91 12 9 23 41 27 28 4 60 55 26 22 37 14 17 84 31 8 85 51 74 76 16 87 80 12 12 40 44 54 88 34 65 49 8 57 27 35 60 86 90 85 60 26 51 76 61 33 83 98 84 8 73 99 94 4 62 5 43 58 10 83 43 26 31 3 83 57 37 94 94 78 31 53 56 81 80 16 
13 62 13 48 21 37 99 14 40 60 70 35 69 79 17 64 5 99 66 39 7 54 32 52 84 62 57 39 94 36 54 7 50 19 6 70 55 4 84 47 16 53 81 36 84 49 99 88 47 16 26 5 70 9 56 53 71 12 43 64 48 48 22 49 66 28 18 73 83 1 19 98 6 99 34 89 47 84 28 45 100 5 1 21 65 56 
25 35 20 67 51 19 14 24 67 32 51 84 4 34 37 22 83 42 72 68 82 70 52 61 66 3 17 66 23 81 73 47 68 92 65 70 10 30 93 76 61 44 60 64 29 48 37 63 41 8 31 74 29 34 34 94 36 2 59 58 34 32 56 53 75 72 22 85 1 15 60 62 10 71 25 90 70 14 52 10 21 34 83 2 67 68 
95 54 21 6 11 55 89 18 7 63 89 81 47 42 95 59 3 56 81 79 97 51 92 100 12 65 34 95 66 52 62 12 6 83 17 68 89 5 86 47 20 26 27 66 67 73 76 21 80 57 100 76 59 43 76 70 7 61 64 24 12 78 36 69 12 4 37 100 61 74 98 80 51 25 97 18 49 73 90 29 81 89 56 39 32 31 
8 90 91 24 66 55 53 53 23 64 56 11 15 16 84 12 47 35 88 44 4 89 16 93 69 96 34 24 86 17 55 45 6 97 68 23 51 72 75 26 87 31 36 53 98 72 17 97 6 4 40 61 44 7 5 12 54 38 36 39 54 42 83 12 38 3 34 41 26 61 66 13 91 53 65 40 24 81 36 81 37 27 93 80 85 98 
44 38 87 79 28 41 20 63 4 9 17 89 1 42 49 18 54 91 71 71 83 46 3 70 79 39 97 71 71 81 68 14 71 55 44 98 47 15 60 2 75 76 42 76 70 91 93 75 33 15 45 15 13 100 85 91 90 33 61 60 13 81 25 35 87 20 33 85 86 44 38 61 72 79 36 41 21 80 15 54 47 12 20 59 11 56 
49 100 88 61 12 53 41 36 87 79 8 19 63 93 15 100 53 86 31 40 26 51 72 40 56 70 3 76 28 13 31 28 65 19 40 76 23 81 63 9 11 70 80 74 63 94 25 67 79 55 59 4 58 30 95 13 99 50 88 78 62 71 57 26 41 96 53 63 28 16 71 39 85 50 64 99 43 40 18 73 95 76 28 52 57 75 
64 7 24 4 84 37 26 92 63 66 87 15 28 67 82 50 5 67 52 20 17 46 59 34 19 53 61 46 56 17 20 72 75 95 27 10 32 52 1 94 17 40 60 96 6 42 97 10 60 48 29 28 94 39 14 12 92 26 9 99 95 29 70 69 75 96 79 6 99 79 51 15 70 11 62 75 4 59 84 15 6 64 42 51 3 7 
62 46 33 71 44 27 51 66 95 25 13 25 31 12 56 81 78 25 43 40 100 98 50 35 12 7 51 6 58 5 64 19 50 96 41 45 74 43 10 21 68 75 45 50 86 100 82 63 77 77 54 76 74 3 62 38 10 12 43 67 16 58 37 17 54 78 62 79 20 23 99 39 97 44 40 34 95 74 97 23 50 50 98 75 5 12 
12 14 23 6 32 91 64 68 7 69 97 68 47 69 43 46 7 91 41 99 25 35 72 73 58 73 22 7 47 78 18 59 91 93 16 22 83 79 42 89 47 38 9 94 6 3 39 65 93 79 15 69 65 38 41 74 10 15 81 8 92 50 66 35 94 34 8 28 12 49 69 59 39 77 52 96 31 42 60 75 72 26 44 36 63 36 
10 24 50 42 32 94 43 49 28 37 82 35 64 94 36 32 4 74 60 7 69 42 48 81 17 19 6 12 6 21 47 15 44 49 8 75 42 51 24 69 39 57 3 54 50 38 86 53 63 97 59 32 39 58 64 7 28 21 18 34 41 16 100 85 64 60 11 5 62 86 25 100 43 80 53 92 17 90 97 32 39 7 63 29 17 78 
35 44 98 4 29 39 19 81 75 35 40 85 91 53 71 16 52 13 95 56 56 63 98 4 94 88 11 8 16 79 85 2 22 35 5 3 73 75 35 47 61 26 83 52 78 53 19 81 17 13 88 73 27 37 28 73 24 38 32 91 16 69 92 90 3 48 44 75 23 78 73 83 3 55 86 80 60 4 60 76 68 99 100 95 36 28 
19 59 17 50 50 85 18 41 26 72 41 69 98 63 98 70 97 100 25 35 31 36 38 42 11 58 40 63 4 75 42 22 86 10 23 35 94 93 27 71 64 67 39 62 81 36 83 30 87 59 64 17 94 53 58 57 10 50 19 13 24 12 86 61 21 9 95 67 53 74 37 16 92 28 29 73 63 12 54 2 70 69 18 64 21 28 
72 83 77 90 47 52 53 33 13 73 93 59 91 97 32 28 12 24 55 93 48 69 56 1 70 25 21 40 40 41 67 11 75 95 52 22 98 4 6 10 29 50 21 19 46 4 98 9 79 52 1 26 73 56 78 42 33 98 81 72 91 99 35 65 45 38 86 43 94 43 4 74 92 24 44 37 28 42 46 6 45 98 84 17 54 13 
11 38 63 43 61 53 94 95 69 38 85 7 80 78 49 84 51 41 59 94 77 86 87 74 44 32 72 79 100 77 91 10 14 5 5 74 57 98 21 26 35 5 32 15 82 32 50 84 72 8 29 1 46 16 74 41 47 97 19 98 73 61 60 86 66 64 12 22 61 32 99 47 88 82 61 21 14 62 4 37 70 32 37 67 99 63 
7 97 59 25 95 84 37 54 21 2 17 32 76 29 63 26 75 2 8 88 22 73 49 25 9 70 9 98 36 7 12 42 56 22 18 50 5 55 3 26 8 71 57 83 99 72 61 25 25 68 12 47 92 61 71 52 82 31 49 18 90 12 11 45 34 81 94 90 35 48 15 94 70 24 29 68 47 89 44 71 56 56 17 99 68 40 
50 49 70 51 18 59 62 29 3 95 9 48 37 95 95 51 40 64 26 68 83 72 56 27 95 63 34 63 61 1 2 11 1 24 61 19 82 74 99 37 21 59 84 57 5 31 59 44 94 85 12 29 8 67 7 2 30 40 65 42 92 18 52 92 41 64 62 75 90 60 11 10 18 46 18 22 76 76 66 22 60 29 50 20 47 8 
73 76 47 89 70 90 7 73 81 99 89 95 73 78 54 35 39 24 81 56 97 8 31 14 81 43 42 82 14 89 89 86 16 87 75 37 76 81 10 9 31 98 3 4 75 8 90 65 31 22 20 80 30 2 93 10 96 87 92 9 27 32 95 94 19 21 31 94 1 40 2 83 37 56 86 63 64 76 27 46 97 98 25 78 51 18 
40 99 56 31 7 82 14 53 75 32 25 5 26 77 44 79 60 32 35 45 46 98 72 24 43 21 21 20 98 24 37 89 22 44 19 80 25 85 85 99 16 9 56 93 86 51 72 45 83 58 41 28 7 65 4 1 85 24 20 34 99 8 23 20 51 93 52 75 77 36 26 93 96 33 37 81 83 8 77 17 17 18 97 23 82 100 
76 18 23 95 51 74 55 25 93 5 18 44 32 46 31 9 38 27 41 75 59 23 34 88 40 3 5 88 77 38 87 52 7 61 99 9 34 53 34 27 9 3 22 40 48 5 100 86 83 40 12 93 15 97 80 6 99 36 93 28 25 79 79 31 39 77 40 73 81 25 51 90 27 24 81 74 80 81 11 62 72 74 55 86 23 34 
43 21 22 35 100 46 13 79 77 4 7 68 28 40 44 78 29 70 53 61 95 33 93 6 94 17 79 100 54 1 86 97 74 7 31 73 4 96 3 32 51 62 51 78 1 94 7 29 63 59 41 58 91 86 15 37 2 45 88 55 98 25 51 23 83 34 95 87 81 50 18 31 11 69 60 11 14 66 91 29 24 83 38 67 68 52 
55 21 96 94 76 93 19 78 15 1 63 62 87 43 63 57 25 25 77 84 35 42 49 77 70 25 11 7 43 79 58 97 99 6 90 26 50 8 4 17 61 66 30 99 61 44 7 85 68 83 21 54 25 69 30 46 45 40 53 87 70 62 35 69 19 25 46 69 84 49 37 96 67 66 95 27 9 1 63 28 36 83 81 12 4 62 
57 100 1 61 87 23 23 73 43 41 97 88 61 33 89 97 28 55 14 74 33 74 27 95 1 62 30 33 73 85 94 81 84 47 42 22 69 16 95 11 8 91 98 69 75 86 17 55 92 83 80 24 8 6 71 9 67 52 41 91 36 87 72 19 33 65 41 1 32 35 11 39 77 60 59 4 98 28 10 41 10 89 65 17 95 87 
77 61 38 70 4 25 56 27 43 88 43 35 40 74 21 2 12 50 61 23 53 10 50 62 51 59 50 67 75 96 5 4 9 94 73 12 18 80 38 12 67 80 47 6 5 19 7 16 68 19 38 20 81 39 33 31 97 35 49 24 30 53 27 38 46 51 1 15 30 90 26 96 21 24 53 25 43 11 93 62 29 82 82 61 21 66 
91 17 100 91 92 82 95 70 71 92 20 72 6 49 61 84 96 82 7 100 58 1 10 50 63 91 84 96 51 4 61 94 72 13 36 16 94 31 85 64 22 5 87 80 5 48 15 1 81 21 100 90 74 62 40 88 52 75 35 54 30 47 99 1 59 35 16 4 17 1 20 38 57 6 69 61 5 83 13 37 56 13 27 81 26 18 
68 77 92 2 82 21 48 81 73 59 67 41 14 83 93 33 72 49 91 41 9 95 75 22 84 82 86 10 62 11 27 81 39 70 34 72 42 34 4 14 92 70 54 57 52 46 90 24 46 80 16 7 26 42 80 9 24 65 70 37 27 48 18 17 17 3 88 58 36 92 24 79 13 77 36 65 75 77 40 20 8 55 26 33 96 5 
94 19 21 63 8 99 63 25 15 79 27 55 89 15 98 12 93 10 40 80 26 14 56 65 86 63 19 11 48 67 68 93 37 88 7 44 87 69 20 53 48 47 7 88 13 4 99 5 66 90 37 91 4 92 56 41 7 26 51 54 92 70 46 81 10 52 24 96 21 44 100 20 42 7 7 54 62 57 10 79 46 46 70 1 90 77 
41 96 2 44 1 46 13 46 26 22 49 1 69 21 44 21 92 37 79 98 42 92 6 52 71 4 49 40 4 38 16 97 85 17 40 85 14 4 82 39 78 31 40 98 3 35 18 95 72 96 44 13 88 50 16 58 53 17 49 8 6 16 4 91 84 43 75 98 47 9 36 76 39 27 73 93 62 43 87 85 38 31 49 77 80 17 
86 84 33 34 91 38 49 95 80 33 89 55 82 87 63 17 62 53 96 35 45 9 29 84 45 66 14 93 95 45 61 80 28 93 66 70 83 66 64 62 50 53 68 31 39 82 100 53 86 95 39 31 3 67 66 47 84 79 91 78 23 52 10 2 96 75 71 78 40 87 40 42 39 59 72 29 41 71 33 26 17 71 8 19 37 73 
17 21 3 60 50 25 11 59 78 58 85 49 36 77 35 27 18 25 85 89 5 77 12 38 3 28 60 10 99 49 35 67 21 37 26 70 14 88 81 91 46 65 91 81 41 77 59 10 53 95 51 10 72 62 99 74 89 58 35 87 6 21 54 26 58 31 48 23 19 28 65 16 44 56 48 37 84 6 46 89 100 96 98 71 57 96 
96 98 5 83 36 11 3 41 88 60 72 87 34 42 66 99 57 10 6 4 46 89 61 91 29 12 39 26 83 47 73 30 44 78 12 80 40 15 72 79 26 43 66 60 36 31 58 92 92 63 47 37 3 59 80 32 71 70 9 5 16 34 34 60 11 46 91 2 60 62 80 37 57 97 96 92 80 53 36 71 67 82 60 22 41 91 
53 63 60 13 67 75 46 100 86 8 45 76 9 56 38 41 93 46 89 88 37 68 93 72 39 11 6 50 32 98 40 36 60 99 49 26 73 94 25 11 54 22 86 62 77 75 54 21 20 43 61 57 62 53 80 52 15 85 1 47 82 40 82 41 90 30 18 15 76 43 25 29 16 10 42 92 37 48 65 56 42 25 64 3 29 96 
55 43 80 7 89 14 47 23 6 36 4 24 2 79 18 26 59 33 36 53 76 24 100 40 31 41 64 95 43 44 90 49 87 21 56 27 34 54 1 92 41 5 15 43 35 84 68 94 16 55 46 43 78 97 83 9 37 98 55 31 42 96 80 80 68 87 58 54 40 59 45 32 15 11 74 49 94 94 94 61 48 91 3 78 87 37 
38 75 35 44 6 28 91 37 59 58 23 16 11 14 26 55 45 40 17 19 41 62 64 34 22 63 77 77 40 63 13 29 38 99 24 43 26 14 79 36 72 53 52 34 66 29 89 10 69 57 80 61 19 43 94 92 6 70 68 97 85 81 78 74 31 1 16 9 67 46 44 38 50 47 71 15 76 11 76 96 20 8 56 38 2 1 
