22 99 12
9 49 21 16 23 52 53 88 25 24 61 54 71 7 17 16 20 43 81 5 80 79 54 14 67 70 68 27 44 18 12 52 19 32 20 41 36 24 81 60 100 41 65 70 100 34 37 19 76 17 75 55 95 28 21 13 50 88 39 93 57 50 96 75 34 67 68 21 91 48 80 90 88 96 59 39 29 47 10 4 64 84 11 10 64 31 23 65 70 13 9 26 15 4 53 48 71 20 68 
13 67 99 2 6 46 12 45 75 58 54 30 73 89 92 35 52 74 57 68 95 21 76 21 35 32 25 34 2 44 1 66 62 51 67 67 97 30 63 23 87 68 4 12 57 48 46 60 21 54 28 16 74 3 88 9 34 64 94 87 7 95 52 20 97 70 86 45 99 49 19 38 16 75 49 24 22 94 84 94 47 63 61 72 17 100 80 3 63 74 89 21 20 93 40 68 14 26 65 
13 26 83 50 93 9 50 17 30 43 52 76 41 66 88 12 82 88 44 84 50 69 25 23 40 69 62 7 82 39 71 46 16 6 47 9 14 96 77 96 90 80 23 30 45 10 94 78 97 37 14 99 57 38 73 96 6 34 54 39 25 77 85 40 82 31 100 47 27 76 42 16 7 64 98 3 26 43 81 74 79 94 72 87 83 96 82 40 30 35 78 54 11 62 45 44 93 45 91 
71 72 84 86 79 100 35 33 25 77 65 50 7 58 74 93 92 69 26 31 98 13 61 3 75 22 48 19 66 44 61 36 15 96 74 45 95 60 78 71 37 42 21 95 52 94 88 95 14 65 26 12 77 38 66 52 59 65 22 77 8 82 12 23 29 37 19 76 97 96 46 85 90 18 79 41 63 18 35 77 83 12 40 11 49 5 62 60 22 83 36 29 16 99 3 97 36 22 72 
84 69 17 68 58 87 46 50 1 16 85 77 50 48 68 60 97 25 22 56 46 56 43 26 24 41 29 72 76 2 43 59 70 11 78 80 97 24 29 98 91 65 26 40 13 46 99 9 70 72 16 67 80 58 92 55 98 72 26 26 73 68 36 95 78 14 74 27 89 54 76 79 19 53 70 31 98 20 91 19 44 6 85 23 15 29 29 64 100 6 41 25 73 77 19 2 42 44 80 
30 49 7 60 67 60 29 49 9 100 39 80 43 96 16 17 10 44 45 26 44 50 66 20 74 42 38 28 83 33 59 64 81 66 23 100 77 3 48 85 55 87 16 97 34 32 14 96 75 10 21 70 12 38 89 85 80 78 64 14 62 23 30 43 40 4 94 16 7 41 52 61 79 68 9 13 51 22 60 77 32 80 99 95 17 39 79 48 17 95 14 30 69 43 72 8 46 65 75 
4 58 78 16 36 97 25 100 47 98 59 24 81 90 22 75 59 60 6 58 28 100 23 58 20 17 81 79 63 98 53 18 55 30 34 42 27 10 94 25 7 4 100 88 46 21 62 56 33 67 65 12 18 88 21 37 4 2 67 18 51 19 36 57 1 21 50 79 30 43 55 36 99 55 75 44 75 37 51 59 55 15 23 25 2 43 13 58 96 80 75 46 50 10 2 2 82 4 32 
11 46 87 99 96 41 73 39 15 61 89 26 16 56 48 92 57 42 4 14 38 83 41 83 85 2 37 86 84 40 18 94 37 4 44 33 44 17 23 10 29 64 87 96 19 86 87 75 28 91 41 65 25 81 99 61 82 35 47 17 26 16 63 63 71 6 95 66 74 17 75 3 80 14 98 50 99 85 25 26 27 17 42 3 49 41 64 82 75 62 99 1 77 61 15 47 66 61 12 
92 77 38 94 9 51 43 10 2 79 34 27 5 2 21 60 50 61 23 32 87 84 30 87 12 42 53 10 59 13 73 50 42 62 95 2 65 38 11 66 16 97 44 73 98 64 32 100 24 6 31 11 41 12 49 4 53 2 13 11 66 37 61 7 98 7 8 14 44 19 79 12 15 75 84 64 38 67 63 14 24 93 76 64 56 24 67 8 77 31 71 95 67 83 1 16 89 9 30 
85 79 8 96 45 82 31 8 72 49 71 37 72 15 12 87 71 87 53 30 16 35 100 10 1 34 10 68 23 70 97 7 48 57 54 92 90 84 52 61 84 22 97 55 88 60 41 10 47 45 40 62 79 91 71 31 25 80 98 99 2 95 57 49 3 10 93 92 45 44 5 28 17 1 34 4 61 26 14 59 70 5 20 100 47 90 82 23 21 79 21 22 25 29 23 27 38 15 19 
34 10 23 13 26 75 46 81 87 23 46 45 92 2 64 43 49 5 24 71 78 55 44 99 79 72 73 58 62 87 76 95 48 50 60 73 76 57 6 63 80 3 7 23 5 23 66 53 79 41 75 56 95 18 7 74 42 79 83 3 18 58 49 65 59 8 90 34 65 47 96 96 49 55 18 53 29 35 57 59 76 84 15 70 1 73 95 42 3 77 96 20 86 45 37 44 4 26 30 
20 72 25 15 20 31 33 25 11 67 33 70 42 16 36 64 17 8 10 10 62 87 6 82 24 2 18 20 5 95 49 25 18 25 39 89 56 23 65 18 90 98 87 83 13 74 98 81 33 8 43 95 46 100 28 21 1 97 40 5 91 88 29 60 13 20 48 20 42 13 89 83 62 28 66 74 1 15 7 34 22 49 80 19 48 7 40 48 3 79 52 45 19 33 4 83 52 3 2 
45 15 42 28 76 69 45 2 70 59 8 55 33 56 34 3 55 40 42 2 42 73 5 86 91 89 41 73 92 43 26 37 10 67 16 85 36 60 38 57 70 45 11 2 52 44 5 6 83 98 59 76 70 16 61 12 56 1 36 48 43 13 36 52 80 51 89 67 62 78 75 31 23 85 85 26 28 89 84 62 38 42 37 60 9 49 71 65 49 59 64 43 71 99 47 2 1 87 20 
62 64 94 92 38 78 76 64 57 16 47 18 6 40 6 65 1 54 87 65 54 45 80 49 16 78 47 17 78 33 37 39 48 30 82 86 60 58 1 68 25 99 38 30 90 43 94 90 97 81 6 2 25 85 50 92 14 96 61 43 80 97 33 28 78 15 65 89 24 17 57 48 15 94 30 4 88 75 46 36 55 51 38 32 88 87 75 1 35 35 96 14 83 28 93 61 42 57 1 
65 73 9 65 39 2 46 43 42 20 40 77 27 42 14 58 29 53 84 82 87 19 77 100 1 56 93 13 98 1 66 14 74 74 30 12 28 75 6 69 95 97 45 21 39 11 30 19 63 65 52 49 83 28 48 36 36 92 100 33 93 65 98 18 39 28 29 66 54 87 34 100 83 30 72 73 40 1 92 2 66 43 50 100 23 50 87 58 93 87 42 85 51 39 2 89 18 83 54 
24 21 39 23 55 69 95 28 60 47 19 62 64 13 63 64 35 12 50 92 5 36 85 41 87 24 95 27 93 29 33 16 1 71 91 55 91 85 82 51 31 52 64 95 65 26 10 51 90 11 95 46 47 79 86 85 54 32 63 47 60 95 14 60 18 4 15 60 88 48 62 71 52 25 17 68 51 26 18 92 36 12 37 34 91 22 70 44 54 33 42 65 79 56 25 48 11 91 8 
99 90 21 21 93 46 37 60 48 62 78 39 49 41 75 83 83 48 4 79 53 36 20 18 67 27 94 14 38 36 73 88 25 94 8 18 91 44 29 38 57 6 28 5 99 54 39 81 53 43 59 6 30 31 75 96 57 20 62 46 55 86 85 31 79 92 100 21 87 29 10 95 86 37 100 36 42 90 17 47 32 27 4 14 57 78 61 66 97 74 11 3 60 48 85 90 39 85 11 
78 65 20 72 2 9 23 38 50 65 6 96 48 32 99 61 41 28 22 6 76 95 68 30 6 15 15 96 6 51 6 35 67 25 6 68 33 81 57 35 45 62 82 92 46 33 5 86 12 78 91 88 24 10 69 30 25 83 25 82 85 30 16 51 6 21 19 91 53 27 25 49 89 58 93 34 90 49 19 2 26 61 41 49 70 9 30 46 44 54 27 28 35 42 79 93 15 49 83 
67 75 59 68 15 16 60 100 58 8 18 11 85 30 51 33 100 11 15 45 6 68 72 34 55 13 64 47 79 64 81 46 90 39 65 5 6 24 4 63 83 74 73 67 3 75 51 54 38 65 99 95 85 22 28 91 86 43 89 65 58 21 62 48 59 26 4 16 1 59 79 35 32 3 53 87 30 55 40 19 72 90 13 8 63 93 98 1 87 38 65 45 58 78 44 68 55 47 83 
55 5 13 41 89 68 45 27 97 99 66 67 70 8 31 29 22 23 26 22 62 15 86 6 72 15 49 39 69 47 22 75 3 86 15 43 53 59 69 1 10 87 67 31 94 98 60 15 72 37 37 33 52 74 90 23 89 38 62 9 36 35 84 39 20 50 81 25 61 2 25 70 88 92 100 81 41 59 47 12 96 35 97 47 61 86 21 1 76 34 9 11 20 92 1 40 42 34 64 
2 35 40 23 74 31 22 6 23 33 52 87 80 39 83 78 99 68 98 99 95 32 7 58 51 51 58 42 92 43 57 45 29 97 67 2 79 40 7 2 72 11 40 51 49 22 28 99 41 78 97 88 9 55 45 11 5 54 5 48 97 61 92 77 9 10 31 40 50 89 41 73 99 32 76 99 5 55 97 45 32 45 84 92 100 28 3 4 82 59 52 30 71 95 58 80 5 88 19 
6 77 11 30 27 42 5 26 46 60 74 42 91 19 26 83 18 53 37 21 86 95 24 15 65 19 25 96 75 12 14 80 40 76 9 67 69 66 44 14 25 17 8 67 35 33 49 52 37 37 73 75 83 48 89 100 66 13 95 40 77 61 71 16 36 32 82 5 97 25 70 21 94 77 39 28 61 88 80 50 76 4 24 59 51 64 58 69 29 52 60 5 64 31 72 52 14 6 56 
