36 16 1
93 94 21 33 9 60 86 61 66 29 18 35 53 50 28 92 
77 78 31 77 41 80 51 6 5 23 17 75 10 85 95 3 
78 15 87 86 27 24 98 92 4 15 79 57 65 6 100 93 
36 30 70 76 61 72 33 66 94 1 92 56 85 87 10 14 
53 48 52 79 71 49 23 26 64 1 34 80 58 33 72 45 
15 93 72 75 64 4 92 10 57 84 65 41 22 74 7 74 
21 58 5 43 6 27 68 21 79 2 52 36 86 76 81 100 
68 52 75 32 8 66 41 64 1 57 56 22 30 62 48 2 
71 52 44 29 30 63 49 8 16 53 95 2 28 27 53 95 
31 27 26 38 45 18 53 97 74 60 71 3 74 18 56 44 
21 51 72 50 66 73 9 33 77 3 86 4 82 39 98 12 
17 76 1 61 93 5 10 19 64 80 73 37 49 29 33 69 
79 56 70 96 28 30 29 56 84 14 59 65 52 9 76 69 
84 76 81 28 80 90 46 96 21 19 84 69 99 16 89 29 
72 58 25 51 87 53 7 71 18 65 87 70 25 63 90 60 
90 22 40 22 64 85 69 84 55 52 5 5 68 93 34 91 
3 58 41 41 62 47 63 79 64 50 100 40 64 41 100 53 
15 39 26 78 75 94 13 82 46 69 86 65 62 19 55 64 
28 47 56 41 46 19 72 61 68 23 100 31 64 99 35 78 
89 61 7 64 6 71 97 3 40 82 67 1 53 73 16 32 
20 71 25 17 41 96 77 8 18 76 38 33 27 25 10 15 
85 68 30 42 39 78 45 78 60 63 30 64 36 97 47 7 
19 71 23 60 66 51 67 84 26 57 16 4 33 78 71 17 
97 52 10 35 30 54 64 41 17 45 4 4 41 50 10 60 
73 84 71 38 34 89 73 11 97 41 15 29 70 37 97 66 
88 7 53 17 60 16 57 28 61 12 31 53 14 92 64 86 
27 34 75 60 75 48 23 71 40 89 100 9 25 96 74 64 
54 78 81 14 94 89 41 6 53 24 10 66 15 74 51 42 
59 25 53 33 24 27 4 63 67 55 71 91 2 97 7 56 
74 39 69 19 27 61 76 79 36 86 96 51 11 46 44 69 
23 48 2 98 27 57 61 93 11 83 36 12 31 42 67 57 
80 87 27 58 100 3 37 35 40 32 37 50 30 80 70 4 
80 23 1 6 79 13 98 41 48 33 5 78 26 23 86 5 
62 13 63 61 15 51 47 6 34 84 55 15 15 24 18 94 
47 71 51 77 35 1 70 82 85 74 12 11 96 97 67 57 
9 29 69 75 31 16 80 17 99 86 31 65 10 1 59 8 
