88 28 13
38 73 52 25 38 40 73 76 46 64 23 92 14 9 95 80 80 68 99 31 39 67 31 48 21 91 27 77 
30 55 13 67 27 16 43 16 56 15 44 1 79 66 44 44 26 39 23 6 58 21 88 96 87 18 95 8 
60 22 36 42 28 48 60 6 64 3 74 71 17 17 23 47 82 67 90 60 57 13 17 14 85 4 61 72 
73 7 31 33 28 66 26 7 65 85 13 28 87 86 50 56 54 73 54 87 91 44 46 47 8 62 12 92 
17 24 63 90 30 93 74 58 10 99 16 75 35 28 54 74 65 56 29 18 28 82 5 70 77 2 16 84 
64 79 28 32 2 90 21 31 35 94 40 96 44 56 22 79 35 76 52 100 83 32 69 10 65 25 31 94 
27 98 77 42 76 4 73 77 46 46 59 32 91 99 79 35 6 1 65 40 28 68 39 10 99 8 71 15 
32 1 8 10 98 85 51 25 40 76 53 37 21 11 20 11 61 99 97 66 99 61 6 78 28 96 87 78 
55 57 93 39 9 100 48 58 36 51 82 28 78 86 16 98 96 36 60 9 86 57 74 84 69 31 13 49 
79 99 26 33 7 70 23 67 70 71 24 57 73 57 84 50 42 100 99 89 87 10 49 72 18 23 7 87 
5 19 87 35 69 12 68 75 34 90 41 3 12 16 11 36 72 95 37 65 46 35 5 84 97 54 55 14 
28 13 52 32 31 38 19 51 2 86 25 35 27 17 89 39 32 99 26 55 45 63 71 42 97 75 25 45 
28 31 59 55 43 62 39 25 52 57 27 5 94 51 39 20 19 79 10 2 29 36 56 74 98 26 15 46 
53 92 91 80 22 1 87 17 14 77 93 65 85 20 69 78 22 59 49 41 89 11 42 18 98 50 91 47 
27 57 44 79 100 86 59 22 86 97 90 52 73 34 16 9 5 37 86 27 47 86 19 36 96 12 53 45 
61 95 91 88 3 35 18 3 20 28 24 58 24 65 9 48 98 76 56 55 12 93 81 59 31 99 46 78 
62 98 23 23 44 13 62 46 99 79 48 19 7 23 28 82 87 36 30 37 11 37 91 75 82 23 85 12 
73 30 89 34 79 11 8 22 76 69 19 74 100 67 44 58 89 23 39 28 58 20 16 21 57 58 47 38 
32 31 49 4 12 89 89 90 100 97 63 27 17 81 52 68 47 48 25 88 70 64 67 28 35 82 100 91 
91 46 80 22 28 80 25 39 69 65 28 20 61 42 98 30 22 49 97 21 96 74 8 66 89 74 45 23 
7 96 66 97 41 45 18 68 77 94 58 97 58 85 16 71 78 65 52 99 13 48 19 61 73 78 78 61 
3 74 84 61 69 49 57 9 93 26 28 21 71 85 17 81 21 84 51 98 48 2 48 13 1 19 73 74 
48 2 86 51 75 69 11 43 17 20 3 62 97 30 82 68 66 51 48 38 34 50 87 82 3 34 46 55 
4 70 80 52 71 66 54 45 34 16 39 3 35 41 16 32 22 49 51 39 99 50 76 33 99 14 66 53 
99 11 7 3 80 39 54 50 4 59 46 89 74 84 43 9 76 58 92 97 7 94 87 5 43 62 37 93 
75 54 45 73 64 3 27 95 41 32 96 96 90 41 85 64 76 27 24 51 37 67 99 43 60 85 99 54 
98 88 46 24 41 42 49 57 96 75 51 37 7 47 84 96 39 20 11 15 47 86 17 35 52 68 29 63 
52 27 16 2 14 13 25 55 6 25 11 2 100 13 90 58 59 73 5 98 93 16 12 91 1 80 77 5 
47 5 67 51 31 35 4 97 99 80 51 5 5 13 58 4 25 99 13 36 71 17 33 15 84 96 57 37 
75 33 41 74 89 59 76 20 93 79 16 92 58 18 48 62 82 5 17 58 55 29 93 25 46 25 92 81 
20 100 17 47 85 57 20 73 68 47 92 12 25 59 55 82 28 2 44 9 58 12 67 12 41 59 89 38 
84 32 18 55 31 35 53 15 43 24 88 10 70 31 22 94 42 76 28 69 30 23 78 39 34 96 3 74 
54 91 11 89 22 81 96 4 15 48 71 9 72 58 19 41 40 92 87 81 19 14 50 100 36 79 39 69 
74 41 95 79 83 57 20 56 37 67 59 51 14 29 60 37 38 30 30 78 73 16 10 43 29 11 43 16 
89 33 84 14 25 78 45 7 35 16 14 23 82 24 26 47 5 37 36 42 66 65 71 90 32 33 32 12 
43 26 27 32 10 10 97 34 40 93 92 26 8 5 48 41 29 25 40 33 61 75 26 26 91 49 67 22 
81 51 33 23 76 59 6 38 20 55 71 11 47 63 36 7 67 36 47 47 60 86 79 21 12 57 98 2 
5 17 23 85 67 7 59 94 65 65 31 37 19 54 47 17 16 35 23 34 70 22 81 81 7 11 53 71 
67 3 72 71 19 47 7 37 53 66 30 70 30 13 6 100 66 4 16 33 38 91 66 7 12 98 40 70 
61 92 40 27 46 64 50 64 10 56 100 14 73 82 35 54 46 92 53 11 96 21 95 33 11 12 92 74 
10 31 43 70 74 83 48 20 46 49 35 7 57 87 72 29 68 7 83 13 98 87 75 93 7 69 26 69 
32 69 42 41 99 37 62 24 19 62 95 16 10 30 74 18 16 97 47 35 3 81 99 53 67 25 45 26 
45 22 46 76 42 40 69 92 76 30 16 46 43 62 61 5 91 86 22 58 82 20 44 37 100 94 89 19 
18 85 44 62 59 41 38 100 80 58 92 55 39 59 100 82 20 12 86 63 49 59 72 31 79 68 19 30 
61 7 48 79 43 43 92 1 84 81 53 15 38 96 70 77 6 21 58 25 33 95 39 33 53 63 15 83 
30 33 13 90 91 12 20 34 55 12 86 90 92 38 4 30 85 73 6 90 46 15 67 30 61 57 62 13 
19 77 48 100 9 60 90 100 71 61 85 77 72 70 66 64 60 22 45 44 46 2 86 91 68 52 20 28 
8 82 92 79 10 39 78 18 98 67 69 21 80 53 49 51 75 67 66 34 88 62 29 33 63 66 76 30 
17 95 57 77 28 49 55 37 39 32 7 37 51 75 9 30 28 57 32 54 23 98 39 62 59 67 95 74 
85 22 55 1 16 12 29 96 12 83 32 2 67 38 90 69 65 98 50 44 7 81 97 81 78 35 43 89 
53 89 62 37 10 16 90 77 79 70 72 42 5 56 44 71 45 33 39 9 83 88 52 41 20 48 21 50 
34 15 38 87 55 51 75 16 18 64 93 49 86 16 42 90 71 85 60 68 70 50 76 4 89 28 44 8 
27 16 9 61 31 46 99 37 48 73 53 66 89 97 66 74 64 7 63 87 44 74 54 13 75 29 68 63 
56 11 22 35 78 31 95 60 28 45 97 76 17 1 93 57 49 58 30 12 64 44 98 7 69 51 71 43 
80 90 5 87 100 79 21 30 61 67 89 40 11 37 67 80 37 59 36 85 68 18 49 84 13 46 42 82 
97 65 24 28 54 81 14 6 11 87 35 71 5 75 10 68 12 77 47 100 87 34 37 7 3 85 90 68 
30 83 49 78 47 24 5 1 56 71 6 66 9 92 88 13 66 50 32 77 78 30 29 16 64 65 22 18 
1 63 37 30 46 85 8 92 61 64 44 16 86 49 34 94 92 73 59 58 22 90 86 51 20 14 67 35 
30 40 52 30 3 89 60 100 25 19 43 37 34 87 5 20 87 38 13 79 10 71 36 84 61 21 86 32 
87 52 66 16 44 69 98 98 9 9 97 86 79 39 22 12 77 26 83 64 15 96 42 77 18 29 12 30 
1 97 61 87 1 26 55 44 47 52 41 55 60 89 40 38 27 14 1 4 91 84 19 6 31 60 34 48 
40 45 30 40 41 90 79 41 68 33 84 14 36 76 20 95 64 12 84 43 25 36 98 15 19 16 72 49 
27 5 49 66 49 78 5 90 67 83 30 86 67 66 51 2 41 71 48 57 82 31 99 58 19 96 72 37 
63 44 38 89 100 86 54 49 63 58 38 81 93 19 67 59 36 69 61 29 91 8 85 72 91 35 29 9 
30 53 97 92 48 34 80 47 19 85 95 33 94 84 66 86 55 84 45 90 52 57 18 43 64 54 66 6 
88 47 66 17 99 63 60 98 48 91 96 19 75 43 51 69 26 16 6 32 99 50 22 3 6 91 45 22 
45 10 79 32 56 45 1 6 59 60 3 6 3 51 76 29 93 79 49 70 94 55 2 45 4 75 99 62 
65 43 35 61 4 13 93 12 9 93 17 67 4 72 25 58 22 100 87 14 78 35 83 24 89 36 20 45 
10 18 58 75 60 92 35 15 56 79 26 65 23 43 83 27 66 7 36 39 59 22 52 88 9 86 11 97 
74 30 93 83 99 50 9 10 93 96 25 1 26 50 65 49 44 99 27 9 6 62 47 16 84 50 3 92 
88 66 40 13 47 85 95 46 34 56 55 79 51 79 79 76 81 95 76 24 93 2 85 50 64 83 17 99 
85 20 42 24 85 33 36 31 17 30 28 3 37 83 33 87 13 11 15 45 57 90 21 1 92 57 3 7 
39 19 57 75 90 50 98 74 82 33 57 51 15 84 53 51 18 85 90 83 47 56 79 55 45 99 55 88 
55 57 46 94 76 2 20 65 51 18 91 85 2 99 35 16 34 39 19 4 23 60 86 21 15 64 75 11 
15 29 51 69 38 96 14 13 50 34 29 52 3 71 88 4 69 22 72 3 12 90 6 34 1 43 6 15 
58 80 77 72 61 27 93 98 75 6 62 76 91 42 79 93 13 67 97 33 40 68 35 52 9 92 37 9 
86 43 75 44 74 3 67 86 30 59 83 56 65 96 31 7 38 61 100 2 27 96 34 67 15 69 70 23 
12 6 83 98 100 9 93 74 11 59 59 92 18 94 47 34 89 29 40 78 90 91 79 68 38 13 34 52 
33 3 26 96 61 8 93 60 16 37 85 79 96 44 70 65 89 17 50 29 97 41 7 38 32 37 6 69 
49 91 73 33 94 98 29 6 58 73 65 25 10 50 3 57 45 73 21 85 41 70 13 37 62 71 75 93 
8 32 14 8 22 86 41 15 35 21 72 44 93 37 69 54 38 23 10 82 95 30 18 87 51 30 76 13 
1 50 5 8 33 70 67 54 7 7 21 42 79 92 85 72 28 5 25 17 28 35 50 74 16 67 13 67 
97 88 79 97 89 35 56 21 57 22 74 63 81 94 4 59 86 41 82 65 97 7 82 76 93 31 50 8 
98 14 26 46 1 56 94 89 91 1 61 47 74 34 9 54 80 65 65 17 57 46 81 53 4 14 29 96 
97 30 56 46 43 81 91 95 89 36 35 79 36 95 77 9 80 37 15 11 53 79 27 9 76 60 14 80 
73 42 27 69 23 34 66 17 67 8 11 55 43 97 33 30 43 61 39 74 49 5 85 2 83 63 62 58 
22 75 89 47 68 16 67 90 49 33 58 15 40 20 69 83 16 53 12 58 65 2 84 14 6 68 15 40 
30 76 50 4 3 38 50 70 53 16 60 54 48 69 68 40 89 89 74 4 93 85 14 58 39 97 71 96 
