86 19 1
21 5 45 18 11 43 41 15 42 3 57 19 23 42 72 50 97 50 34 
54 28 99 36 66 23 41 12 10 26 82 25 98 86 22 16 48 64 56 
62 5 10 71 24 32 12 47 34 8 49 19 14 76 17 49 93 91 41 
4 1 19 37 77 16 22 50 31 22 14 38 83 18 48 53 93 31 17 
40 16 76 40 35 89 15 51 90 7 94 30 63 46 100 99 22 16 73 
72 98 94 37 88 76 54 35 81 99 17 97 90 85 72 29 19 13 95 
21 54 1 14 35 63 59 35 14 33 50 86 56 99 31 92 86 6 97 
72 38 95 89 86 36 25 10 64 43 22 10 15 27 11 29 61 25 39 
95 90 71 96 27 26 95 57 17 32 15 14 4 52 60 44 38 96 68 
99 11 62 20 73 76 98 35 4 58 11 95 5 1 65 100 27 43 46 
84 11 30 98 76 33 1 36 76 90 83 95 88 45 56 59 17 31 56 
3 87 14 14 81 18 14 97 69 92 91 67 75 2 96 24 77 80 25 
64 55 14 98 1 2 95 56 60 63 38 16 66 24 81 79 56 50 44 
5 70 35 95 88 62 48 83 85 77 62 61 40 68 27 90 20 80 84 
75 91 98 65 58 15 88 38 45 96 39 88 100 9 75 46 96 36 94 
31 72 70 44 85 61 12 11 50 31 42 85 58 32 35 22 90 49 61 
27 94 8 66 33 59 26 7 5 73 94 50 3 66 19 47 2 31 10 
12 33 92 5 69 1 36 3 22 25 4 35 4 49 42 21 81 1 46 
88 57 18 81 6 73 98 76 19 99 58 80 62 90 71 66 59 72 2 
13 45 78 68 31 81 16 25 1 97 77 98 36 33 16 68 90 40 66 
17 58 16 74 89 78 64 59 95 74 82 48 38 79 26 6 9 6 73 
33 59 21 9 56 56 93 23 24 34 62 89 50 71 56 24 59 33 39 
18 80 64 51 27 53 29 52 10 38 10 83 22 68 3 83 23 59 27 
46 34 61 59 74 10 30 29 85 88 14 75 57 93 38 8 19 43 88 
23 52 77 32 34 51 51 37 33 73 47 59 70 32 71 29 5 81 58 
33 17 97 46 92 54 38 81 13 9 23 52 31 75 29 14 60 79 64 
48 63 88 46 73 58 77 44 38 81 76 95 14 44 43 11 35 48 1 
68 12 9 42 64 91 16 44 4 28 74 19 75 36 6 21 60 15 97 
55 52 30 30 98 43 74 41 5 60 88 5 79 52 65 21 15 7 88 
10 10 15 83 80 90 70 86 62 81 52 10 36 4 39 65 1 33 90 
93 38 50 33 94 28 84 59 100 98 65 88 59 27 2 41 6 43 62 
43 4 42 95 66 77 50 4 94 2 37 83 95 74 84 27 67 64 10 
77 63 59 94 2 17 20 4 9 77 98 70 72 2 63 18 67 40 67 
22 85 20 58 19 14 83 3 40 2 18 1 30 32 59 23 34 27 42 
89 35 71 86 56 94 39 19 11 57 10 29 79 94 48 36 64 62 71 
66 53 72 35 54 1 19 64 76 52 91 69 40 25 39 77 33 32 16 
51 94 72 12 22 50 57 70 38 20 83 60 38 87 31 24 40 83 42 
56 58 93 46 27 84 22 17 61 54 1 28 56 94 99 19 16 1 75 
37 90 47 71 49 84 57 31 7 49 13 49 4 23 93 49 1 29 22 
69 41 28 69 68 35 63 18 54 78 70 80 66 59 26 36 7 61 44 
37 68 92 2 68 95 76 12 95 76 40 69 44 32 96 13 99 30 27 
69 35 4 38 15 21 49 92 8 55 53 51 44 72 43 97 91 37 72 
2 84 99 94 52 42 25 99 6 76 80 32 44 15 87 33 81 59 81 
72 66 88 76 17 31 47 59 27 37 47 50 91 82 48 84 33 89 8 
83 47 83 63 30 78 29 17 11 61 27 43 84 93 30 60 9 12 58 
19 38 95 17 87 85 99 86 20 83 75 27 66 73 62 80 2 39 8 
70 1 68 97 44 51 89 73 62 49 37 20 19 74 66 35 13 50 33 
98 21 68 24 47 33 48 60 64 50 99 23 71 51 90 67 94 92 7 
19 6 7 55 25 25 80 90 60 44 91 44 94 11 11 69 9 95 17 
69 58 18 19 80 88 69 21 7 15 65 65 85 22 72 91 46 96 22 
87 7 18 29 51 63 91 61 31 99 8 99 19 17 68 89 49 8 58 
21 66 24 85 30 8 58 1 50 55 49 71 41 55 40 21 5 2 11 
18 85 62 77 35 32 93 3 21 41 62 78 62 27 53 98 56 12 56 
9 61 10 57 83 3 11 75 75 16 76 86 85 12 99 61 47 30 53 
1 50 46 62 79 59 88 83 56 95 94 63 3 6 25 59 41 27 70 
15 1 37 42 38 21 54 88 33 52 18 85 52 19 82 65 50 40 52 
84 96 98 78 10 1 35 34 11 75 12 32 41 65 68 83 54 40 36 
42 72 87 11 9 90 81 90 54 30 30 57 66 77 54 43 86 54 29 
72 17 56 83 48 96 99 68 78 53 7 65 94 31 3 4 91 92 36 
80 45 18 61 53 83 37 7 77 23 12 5 46 28 60 28 76 8 27 
43 85 79 1 2 24 31 4 79 21 48 14 53 44 31 13 97 13 50 
3 89 24 66 46 21 94 5 48 21 64 26 63 49 56 15 2 79 98 
57 57 18 4 23 22 100 53 35 96 18 36 50 6 11 15 3 31 60 
60 30 80 23 56 94 23 63 9 24 42 6 81 50 75 36 72 97 87 
77 83 82 94 70 83 51 32 50 54 14 9 13 95 89 35 2 82 58 
65 42 33 58 47 65 7 74 53 31 70 39 59 4 73 4 25 7 54 
8 56 59 21 65 23 15 5 58 17 38 67 81 80 51 38 78 16 96 
51 68 78 72 58 88 27 30 91 51 37 45 58 44 55 30 8 78 45 
64 87 13 2 53 45 33 3 34 10 70 29 61 89 59 84 47 46 11 
28 37 13 64 33 71 8 39 52 67 16 48 31 2 60 84 6 4 16 
61 37 77 30 18 89 71 28 73 17 25 35 44 61 47 60 45 69 19 
84 21 85 51 20 67 5 80 2 62 35 69 22 24 46 4 93 86 74 
20 10 42 44 44 85 57 43 96 53 63 14 88 35 99 91 55 17 95 
34 19 56 20 39 30 43 84 33 35 22 58 6 31 99 2 27 35 10 
69 31 14 83 96 2 18 46 92 72 63 38 5 33 45 24 71 74 19 
7 58 5 80 15 11 10 65 64 88 52 73 8 34 86 91 29 39 8 
27 82 79 89 19 35 73 16 10 95 89 28 53 47 33 32 13 95 94 
30 58 81 33 30 89 66 67 79 46 6 38 72 87 68 12 58 2 36 
73 63 31 61 43 35 59 27 67 24 21 60 5 30 40 37 11 80 54 
77 10 99 82 47 23 21 66 86 78 19 22 50 82 4 62 76 38 73 
2 56 96 74 15 100 3 7 88 13 38 41 41 48 91 75 46 13 95 
12 99 72 30 72 73 63 75 86 38 64 58 39 20 5 64 86 56 66 
92 43 30 30 83 71 29 74 45 74 38 91 37 88 14 67 59 86 29 
85 23 19 1 81 9 20 85 73 5 41 38 49 35 20 30 18 42 58 
43 38 83 32 28 20 20 93 38 30 78 18 67 52 36 67 32 45 86 
69 17 42 61 6 90 95 77 19 64 18 28 6 7 11 90 86 82 9 
