29 13 13
80 28 18 75 4 81 12 72 18 100 71 77 39 
35 15 90 61 37 40 12 54 7 51 42 92 7 
36 66 36 100 6 15 28 76 41 83 8 4 54 
25 56 76 53 94 11 67 35 71 4 26 82 9 
84 85 2 76 91 38 41 78 89 98 44 68 25 
37 50 32 40 55 56 95 31 61 41 41 27 27 
63 82 53 45 90 88 81 92 63 23 81 55 1 
21 5 44 41 29 32 90 13 24 97 20 18 27 
80 10 67 7 37 29 88 41 25 30 80 57 73 
43 80 5 49 80 25 5 75 65 34 59 7 98 
82 3 17 51 29 97 61 47 55 49 27 94 41 
52 75 20 60 47 14 39 51 15 70 76 19 97 
92 4 55 98 1 36 52 70 86 80 18 98 26 
24 46 5 17 38 8 92 10 67 90 23 58 41 
89 27 68 8 23 11 63 29 9 16 64 12 85 
2 92 54 99 69 77 97 73 93 86 80 36 95 
99 78 70 56 70 58 82 37 17 57 99 32 37 
7 47 53 19 83 54 62 36 4 82 12 52 7 
56 38 86 44 32 36 21 53 91 90 63 25 78 
31 33 76 62 69 35 60 21 5 42 26 18 77 
30 99 40 81 5 48 70 43 91 54 30 63 6 
21 4 20 97 33 51 81 60 64 49 46 24 22 
50 65 47 19 94 28 70 33 61 26 32 30 20 
22 83 50 36 89 22 91 8 70 23 10 50 83 
74 50 28 97 23 30 13 22 100 6 49 69 91 
9 47 22 39 66 96 73 67 83 61 88 74 21 
57 96 82 58 30 55 8 10 3 30 91 16 51 
90 73 52 11 63 12 57 37 2 22 84 75 89 
66 87 28 91 7 37 39 41 94 68 95 53 29 
