94 13 1
74 12 91 34 30 66 76 92 26 15 63 38 42 
56 77 94 42 17 65 81 83 32 89 12 44 95 
8 73 40 21 90 66 84 32 99 65 98 26 56 
75 40 71 64 33 78 40 26 20 57 91 100 91 
74 41 2 69 87 10 41 78 82 83 43 17 14 
94 81 63 71 88 89 11 58 52 43 88 44 21 
7 100 63 58 42 88 50 44 56 88 5 97 66 
86 79 60 54 92 5 34 7 76 73 95 38 83 
99 32 70 42 4 28 93 66 85 34 53 87 29 
9 74 33 57 39 70 35 51 23 78 7 8 84 
82 81 31 71 15 81 3 84 22 6 11 14 24 
47 99 76 33 28 36 7 12 92 97 82 78 47 
56 56 54 64 91 87 96 21 58 10 1 12 45 
74 69 55 39 92 53 38 20 86 17 55 92 28 
99 88 61 76 87 17 31 92 32 22 78 79 94 
87 40 47 98 84 72 19 90 11 10 42 100 29 
27 68 84 70 47 82 10 8 9 96 24 92 87 
55 65 16 85 58 3 24 56 52 7 80 70 96 
42 32 89 41 60 68 60 95 37 6 28 46 13 
37 93 88 28 79 94 92 47 78 1 1 1 9 
4 59 88 74 6 29 57 95 21 16 62 80 11 
50 37 90 96 50 26 88 37 5 19 83 96 65 
60 49 65 13 57 68 71 44 93 77 24 49 71 
44 17 84 23 79 33 59 68 80 60 46 68 49 
50 38 31 98 2 42 46 18 54 54 85 77 49 
30 53 72 78 75 15 46 10 89 24 42 99 92 
74 59 89 93 59 38 30 41 87 83 82 32 100 
88 85 36 16 33 65 68 56 95 94 70 40 3 
58 64 96 9 7 69 19 95 13 77 84 42 17 
71 24 50 54 75 89 91 11 4 75 75 23 31 
69 68 100 9 70 10 24 18 70 82 38 88 76 
51 64 11 44 32 81 20 33 87 94 74 77 4 
77 51 31 52 33 51 19 85 11 41 46 86 10 
15 67 47 2 94 49 17 5 93 100 37 12 32 
75 57 5 51 61 34 54 43 37 86 45 55 70 
56 47 67 41 56 81 8 3 82 53 51 50 9 
95 49 46 6 33 20 63 89 23 75 22 76 69 
10 13 13 65 35 20 11 1 61 19 34 20 21 
67 24 23 17 33 70 17 78 75 49 49 89 38 
23 15 11 50 83 21 63 48 37 49 67 99 1 
79 17 34 50 89 1 74 64 69 6 33 85 35 
59 34 35 48 23 58 14 85 7 49 57 69 96 
93 69 14 92 70 93 60 3 42 49 55 67 64 
23 72 96 60 6 54 45 41 53 67 50 19 51 
56 67 60 77 14 52 45 27 95 66 71 55 21 
65 55 75 31 70 50 55 65 9 12 70 53 4 
75 71 53 93 73 9 11 32 37 76 84 81 54 
30 99 25 36 19 41 42 93 23 11 94 77 27 
2 41 97 6 44 23 76 49 67 49 9 29 80 
45 4 15 77 57 45 75 33 80 45 73 22 90 
96 32 83 24 59 37 16 7 42 12 81 18 60 
47 66 20 75 97 64 78 12 92 34 8 19 67 
87 63 91 60 52 38 92 87 62 2 23 77 60 
64 88 40 81 99 86 98 18 12 47 33 41 10 
77 26 17 95 44 3 9 35 15 13 72 58 99 
85 59 21 14 70 36 53 9 17 52 46 66 21 
9 64 54 49 73 30 74 89 76 18 44 84 4 
58 96 75 15 94 12 25 66 25 94 2 77 54 
70 80 51 87 1 59 51 54 59 75 35 84 64 
10 1 59 45 56 16 93 31 82 38 94 6 4 
18 51 57 46 4 26 26 6 64 78 16 14 83 
74 89 17 57 4 78 10 62 22 65 29 14 47 
10 52 40 67 7 9 17 63 7 72 40 32 29 
3 61 44 17 43 69 57 59 77 12 88 38 25 
9 3 53 75 1 14 78 93 80 84 1 48 98 
59 71 37 42 99 39 2 42 7 44 62 15 54 
38 26 41 76 2 50 30 54 76 82 19 5 74 
50 88 27 97 37 85 67 73 27 17 63 28 58 
22 24 71 36 77 61 14 18 36 15 19 17 21 
94 98 91 98 24 41 37 50 89 25 86 8 49 
12 24 11 92 34 84 67 4 72 43 64 37 60 
51 3 78 19 23 23 69 66 72 92 6 60 93 
94 84 78 1 32 42 77 95 85 10 78 51 13 
1 93 29 37 5 31 40 34 50 14 57 18 79 
80 9 36 40 53 30 23 30 82 7 23 10 1 
7 19 30 9 84 31 2 12 67 58 42 58 91 
43 72 99 60 50 79 20 86 70 72 67 44 54 
100 50 76 10 2 35 80 32 43 63 14 96 26 
32 53 20 90 44 62 13 94 22 62 24 93 99 
93 17 17 37 70 69 86 97 30 40 31 9 23 
26 24 36 21 49 19 74 68 60 69 82 72 62 
55 86 38 47 36 30 63 53 18 84 73 4 81 
2 95 63 62 17 88 85 4 9 86 22 34 5 
82 2 86 5 15 40 90 52 39 26 82 53 30 
99 37 2 54 69 3 100 83 16 16 71 1 19 
31 38 93 16 42 26 17 80 30 83 71 20 35 
9 97 68 14 26 18 50 27 24 70 81 23 52 
96 91 74 48 61 56 85 53 71 79 78 39 10 
8 22 80 79 56 41 75 75 54 100 44 55 26 
67 24 58 42 27 53 32 53 1 92 8 37 97 
31 15 74 69 76 33 90 56 11 97 48 85 71 
53 36 15 7 13 33 82 70 26 8 23 57 60 
75 1 20 11 97 50 78 22 18 53 55 8 60 
17 56 7 54 79 11 89 45 17 2 77 98 71 
