9 57 4
72 39 4 85 40 100 91 90 62 46 79 25 69 2 69 27 38 82 45 33 70 30 61 95 65 17 74 94 77 30 16 48 69 72 84 60 23 27 1 36 72 80 61 92 81 81 18 18 14 62 3 35 43 15 29 8 83 
3 53 59 84 68 59 4 91 42 64 14 68 64 49 40 43 61 31 75 93 1 93 6 62 47 40 5 61 69 64 43 23 16 53 6 35 11 10 26 53 25 91 72 88 39 11 83 52 94 57 44 94 1 50 7 47 41 
63 59 61 78 53 83 93 6 41 80 16 2 57 20 26 47 92 65 37 2 47 88 47 56 84 92 56 85 99 55 25 13 65 86 91 18 20 35 23 60 66 90 61 22 10 86 20 1 51 9 54 49 48 1 56 31 44 
64 15 94 18 40 7 34 77 49 3 96 35 25 56 1 67 68 22 76 54 94 28 56 2 33 56 49 85 12 80 29 75 94 22 44 85 80 77 13 28 80 9 15 56 64 15 74 83 36 1 88 81 28 95 82 13 51 
31 97 14 62 25 88 7 99 83 92 78 11 4 58 42 64 72 50 79 86 23 62 73 24 49 54 3 44 87 15 46 17 12 59 78 88 98 37 86 80 80 16 90 35 73 32 99 96 81 77 81 55 90 5 78 39 10 
33 34 97 99 79 65 62 89 95 50 86 31 87 65 10 2 6 44 74 89 94 69 69 71 1 24 12 58 53 50 67 37 35 15 88 65 32 49 53 26 50 38 8 37 54 17 90 12 12 64 100 6 84 69 28 37 44 
39 94 48 41 12 37 27 79 24 92 10 72 44 87 74 34 94 62 39 62 51 50 25 14 50 30 50 70 9 38 65 100 83 64 92 46 100 18 24 75 9 85 99 5 71 72 90 64 33 28 77 83 78 2 49 79 83 
50 48 92 87 64 43 21 27 34 66 79 51 90 53 60 26 51 16 97 74 5 12 6 32 89 41 61 42 41 39 24 90 38 67 28 53 9 48 80 94 13 58 45 54 62 56 80 65 71 28 38 75 39 96 58 79 88 
19 20 28 9 44 69 99 62 96 51 71 95 82 64 7 91 60 13 53 15 44 69 37 71 6 63 9 53 21 40 40 91 59 67 51 2 35 49 16 82 52 86 76 33 1 35 24 61 47 28 27 42 96 64 12 53 26 
