46 49 13
41 68 76 8 47 32 84 14 84 22 36 7 65 30 40 57 75 56 82 96 50 94 10 3 43 21 66 14 19 66 10 59 85 37 18 31 69 54 96 4 75 32 62 91 61 2 100 35 57 
81 82 59 26 92 61 68 64 26 33 82 43 94 92 27 31 10 10 51 15 5 54 41 36 68 31 96 69 82 82 77 62 16 35 39 7 95 6 70 72 90 52 14 84 95 93 66 56 2 
16 70 6 21 62 94 88 45 41 8 26 23 85 40 38 71 78 96 66 84 17 89 25 20 55 60 15 47 25 70 48 40 92 5 13 53 98 52 97 39 60 75 13 96 14 2 66 91 97 
83 26 13 24 51 33 78 10 99 24 87 68 23 26 59 27 90 64 25 42 12 63 53 86 75 100 99 76 65 90 24 100 67 88 23 69 72 100 31 70 75 17 38 49 94 48 75 84 63 
51 77 75 65 81 60 91 80 11 18 96 52 93 95 18 81 17 87 52 68 69 22 94 85 11 94 78 58 21 61 21 71 89 47 88 69 58 78 48 68 48 96 71 40 90 41 20 59 79 
24 78 47 45 72 31 55 65 8 64 85 21 36 8 9 34 47 30 92 76 29 11 23 24 82 15 14 22 34 24 100 9 1 46 53 24 28 59 41 35 75 77 7 10 36 16 96 82 97 
87 58 25 97 32 1 30 46 66 51 80 89 2 88 41 99 93 65 26 3 57 13 77 33 19 39 69 86 34 2 34 72 59 59 68 91 59 98 36 24 100 67 64 54 7 4 52 51 68 
30 53 76 94 82 9 12 72 29 50 5 82 83 28 93 93 95 83 3 44 70 78 96 89 41 49 47 45 52 97 64 33 1 40 26 34 100 38 5 80 39 61 61 21 88 53 14 35 87 
16 78 9 94 25 97 86 25 95 30 77 43 46 9 95 37 35 29 36 24 33 67 62 46 27 82 33 32 47 67 18 15 97 78 60 73 26 45 98 20 27 74 14 72 34 9 60 68 37 
95 43 21 13 4 66 91 38 51 22 84 17 92 50 65 69 9 38 95 54 35 66 80 60 80 3 93 88 62 13 76 8 55 96 20 11 14 10 48 64 32 83 32 75 85 97 43 93 86 
89 46 20 55 77 31 86 79 23 73 40 87 100 99 94 95 18 56 60 80 55 23 63 89 55 37 73 3 31 66 88 72 11 59 78 40 89 63 18 63 87 10 2 86 8 95 32 78 50 
92 57 4 14 71 92 20 7 65 22 89 82 61 60 44 19 37 83 59 99 1 22 37 62 23 22 21 69 6 98 18 97 6 73 62 76 16 34 34 32 7 23 13 68 34 57 38 71 39 
97 21 91 18 10 4 92 83 25 60 88 74 29 36 80 1 50 7 68 83 93 100 89 67 12 8 100 20 46 22 11 42 43 1 59 4 57 50 86 81 9 74 54 37 61 85 89 10 44 
56 92 36 7 33 2 71 40 53 90 85 75 100 26 69 53 36 72 9 37 57 41 97 82 46 33 43 83 73 52 26 81 96 13 87 28 66 57 67 18 99 4 44 50 81 12 2 17 35 
62 53 44 54 50 25 100 34 67 34 59 71 59 39 66 23 25 45 88 34 63 57 32 66 1 81 47 12 35 15 99 48 67 42 2 68 66 53 2 85 86 60 7 96 50 72 18 26 68 
5 59 30 13 42 48 13 23 94 77 9 8 75 56 26 16 9 94 81 13 47 17 98 58 23 45 59 46 62 84 13 18 95 95 31 36 42 43 10 35 19 18 94 93 26 71 60 34 16 
41 47 14 57 96 71 32 41 81 77 54 65 42 72 59 36 54 94 77 48 56 63 19 73 56 63 50 78 23 84 94 63 82 7 71 29 30 54 21 10 31 75 26 24 98 84 59 51 30 
35 50 85 97 68 9 4 31 59 81 53 94 26 67 75 85 89 55 14 43 76 75 25 50 1 100 99 36 58 49 65 44 98 1 92 18 10 95 48 68 27 52 61 5 70 87 89 58 41 
54 52 68 28 28 69 80 27 67 16 36 67 32 79 17 33 70 34 42 16 33 61 95 84 73 99 53 59 87 62 51 40 14 71 19 93 39 99 20 6 66 55 72 97 86 88 29 55 73 
22 71 5 34 65 88 6 15 92 64 1 54 67 92 19 37 62 11 75 12 82 32 77 89 4 26 74 43 6 80 16 28 50 20 61 66 60 67 80 51 82 32 4 100 75 22 36 37 85 
63 100 18 94 77 6 49 2 31 44 59 11 11 86 12 30 99 30 41 17 9 92 50 93 47 50 19 21 37 55 57 99 7 74 45 83 80 45 36 62 88 46 72 98 32 84 80 82 13 
20 50 73 63 99 17 10 100 36 82 37 42 38 87 48 11 83 82 42 28 69 4 67 15 75 17 98 10 96 79 74 67 80 99 82 78 15 43 30 50 24 66 44 13 4 91 23 87 73 
65 66 93 20 32 7 94 100 4 56 47 34 81 14 13 79 47 43 94 89 72 95 64 89 90 76 92 81 50 30 5 66 95 97 85 79 56 79 78 59 86 25 45 66 90 9 45 36 51 
90 76 74 36 39 62 26 66 6 58 15 87 62 81 34 10 65 12 65 95 41 76 32 17 72 98 6 80 94 93 83 35 20 56 70 10 70 47 75 27 4 42 13 17 74 98 79 38 61 
95 85 2 70 16 70 93 65 28 73 58 72 55 92 92 62 14 1 31 12 28 9 68 21 22 84 94 19 14 83 32 9 67 33 78 35 2 71 99 81 95 9 53 1 52 44 62 17 96 
45 29 75 53 48 95 26 31 88 97 45 23 28 53 89 12 82 75 65 4 26 46 50 34 98 50 37 93 64 6 88 60 34 63 12 81 9 90 63 49 38 59 71 65 63 11 28 97 86 
44 100 11 89 2 96 38 51 32 30 66 37 70 25 22 84 89 54 92 78 69 40 15 79 62 31 42 73 10 90 58 53 41 20 42 42 15 31 45 98 61 10 87 82 35 60 65 23 66 
56 52 34 48 18 64 9 100 57 81 9 46 90 61 87 9 54 80 23 85 24 21 97 34 59 78 20 18 42 94 83 49 97 68 48 14 32 57 13 88 89 73 86 79 33 72 87 39 51 
10 75 27 82 71 60 40 100 31 57 93 76 92 93 72 59 41 37 42 97 49 30 85 73 15 63 5 38 2 95 40 11 69 66 44 91 77 83 42 7 91 34 82 82 27 5 93 19 41 
34 15 41 63 51 13 29 66 70 18 67 64 58 29 33 23 72 75 100 54 17 58 96 2 92 78 28 96 22 46 37 55 12 77 70 15 42 98 32 11 68 98 74 25 78 58 47 49 33 
46 54 1 56 1 2 47 30 82 42 51 79 30 6 91 59 27 57 100 76 88 10 43 37 83 67 14 93 14 14 25 11 19 25 66 19 26 64 49 59 6 51 38 35 56 28 45 34 36 
44 10 23 53 52 59 88 19 24 80 84 89 56 94 59 80 12 77 57 75 77 16 32 80 5 19 87 84 63 21 19 7 30 41 59 81 51 98 99 26 77 34 66 84 28 24 63 91 52 
72 17 81 39 49 60 43 67 46 26 29 66 96 35 95 88 46 28 90 95 78 15 72 12 80 55 91 55 70 81 6 93 97 86 83 97 45 77 63 43 54 44 8 49 78 55 36 75 82 
25 70 11 91 93 22 22 99 12 76 20 44 81 64 93 19 46 89 63 74 4 5 27 47 65 75 76 19 62 3 52 86 24 14 28 68 36 49 18 99 24 38 95 57 53 87 75 51 27 
89 24 82 46 51 80 10 77 8 80 39 10 83 76 85 96 4 52 83 52 69 82 28 58 76 36 11 14 10 61 92 98 36 74 43 86 5 4 63 12 83 53 73 65 28 57 13 31 8 
95 35 29 76 62 86 3 97 48 68 58 60 60 7 96 85 2 33 89 5 95 53 40 47 25 56 27 82 68 57 89 63 43 69 90 4 55 93 52 2 60 61 62 71 20 9 7 21 41 
96 77 88 100 16 86 24 72 12 5 39 21 46 53 63 14 43 19 20 35 22 74 46 83 87 69 2 95 75 74 35 22 50 22 21 66 8 45 89 71 1 27 91 98 80 54 64 74 72 
83 8 93 56 5 27 42 73 80 88 48 53 23 21 3 96 42 20 55 38 8 26 38 86 16 88 17 21 51 90 44 33 49 89 41 6 15 34 78 47 22 77 99 44 98 53 91 91 72 
46 28 31 71 17 17 38 4 33 59 54 75 2 39 23 90 79 28 57 12 58 3 33 86 53 28 83 6 19 25 29 64 52 60 86 21 76 23 24 60 33 78 34 35 68 57 76 46 36 
32 9 93 86 42 79 39 21 13 96 39 38 24 54 41 83 39 61 58 62 37 70 46 66 3 32 33 11 8 78 47 91 86 91 77 79 69 67 100 34 62 90 23 85 44 15 20 82 28 
77 95 64 98 41 29 1 72 13 11 31 90 9 22 27 100 50 58 20 68 57 53 29 46 27 65 89 42 84 23 21 13 17 84 10 9 64 10 33 76 73 63 17 81 36 95 32 85 52 
52 52 8 56 32 6 83 97 46 76 32 68 96 44 37 31 54 97 46 15 29 21 39 92 89 72 27 83 3 64 35 54 67 94 62 99 99 96 47 97 23 78 64 70 22 52 100 27 49 
97 93 77 17 32 20 57 3 47 39 57 62 73 63 28 19 24 78 17 71 76 65 93 54 29 62 27 32 13 5 80 9 97 9 77 80 28 33 34 74 71 91 87 96 53 15 14 76 44 
82 98 20 99 90 25 27 3 51 10 15 7 90 23 55 98 51 35 25 83 68 51 5 10 89 52 62 55 17 89 99 51 86 70 49 75 94 27 77 96 36 43 2 25 17 56 74 67 42 
51 49 62 53 6 71 41 57 33 48 74 73 46 24 59 15 72 85 8 98 14 55 33 8 56 10 25 63 35 91 5 37 92 66 89 97 88 82 5 20 29 78 93 26 53 3 40 76 39 
99 73 4 53 58 12 60 19 36 22 53 78 78 90 69 95 30 17 83 63 22 54 91 51 98 16 4 100 7 79 91 57 4 94 61 13 5 20 31 92 94 35 70 71 76 90 66 58 7 
