87 19 6
74 94 98 12 51 69 76 56 24 90 95 97 39 93 49 14 86 24 47 
75 46 94 30 99 46 36 65 40 74 83 63 99 28 12 62 30 81 37 
86 56 27 32 53 65 25 1 31 62 76 77 36 22 22 65 72 19 52 
36 58 25 70 20 75 49 32 37 79 64 73 64 19 51 95 71 68 71 
23 98 85 99 74 20 72 47 37 43 65 40 31 23 17 100 94 91 1 
77 27 79 40 52 94 11 2 88 81 21 11 56 18 95 54 43 14 25 
89 2 19 54 94 49 28 10 1 21 100 1 50 79 31 89 30 24 99 
83 63 32 4 73 87 21 67 92 16 33 68 4 86 86 9 79 87 36 
88 87 9 40 39 58 18 21 98 99 44 49 33 6 80 36 31 18 9 
97 61 24 81 28 79 67 13 88 45 51 23 85 37 31 24 27 40 93 
47 38 43 42 86 75 100 17 11 30 86 71 26 46 46 7 25 24 25 
37 11 69 88 34 5 76 16 28 55 56 72 53 45 14 95 30 89 94 
98 51 75 83 21 52 80 66 58 4 89 34 92 100 3 31 85 59 7 
100 87 13 7 10 65 51 24 11 32 12 56 81 62 30 63 34 82 94 
51 91 97 39 25 89 90 79 19 74 37 77 26 75 89 84 85 6 87 
8 16 70 71 72 51 84 53 13 69 34 7 19 77 55 57 53 43 99 
31 14 72 19 90 49 46 79 33 30 36 19 89 51 88 11 74 90 46 
27 3 14 12 61 32 88 15 40 40 10 38 22 23 62 93 12 10 38 
42 94 19 29 64 59 80 4 69 5 93 14 31 47 79 43 59 10 82 
74 49 74 35 39 47 57 100 39 20 9 28 14 3 46 42 18 4 73 
21 24 78 14 89 60 12 67 54 71 28 36 96 77 61 30 15 7 38 
14 46 9 74 25 74 28 71 16 46 26 40 18 50 17 83 90 29 95 
57 82 65 84 17 60 12 29 89 78 36 78 43 33 86 17 57 60 96 
79 27 93 5 66 11 54 35 93 95 15 87 51 96 51 87 65 62 98 
93 50 76 28 27 18 12 65 86 69 24 82 47 2 74 51 19 36 56 
5 29 51 19 67 53 15 70 39 79 31 89 71 33 16 51 11 33 62 
75 71 30 50 52 29 51 77 31 22 13 39 26 41 41 97 59 93 11 
28 84 41 59 72 63 91 87 13 1 71 75 28 41 56 77 92 36 80 
21 67 1 33 5 78 25 45 26 83 89 36 11 72 28 69 43 91 11 
81 3 11 52 29 38 92 85 67 36 72 46 56 38 98 40 94 27 64 
90 53 98 31 40 8 2 68 28 97 10 38 29 12 1 80 41 90 24 
77 56 59 48 53 66 38 2 57 83 81 20 25 85 69 55 24 29 8 
43 56 56 52 46 85 16 98 16 56 87 39 84 95 49 83 99 66 72 
53 22 7 33 93 31 17 62 37 92 90 96 87 97 52 38 42 88 53 
91 3 60 30 94 95 76 42 78 74 60 1 78 81 7 10 74 37 78 
87 25 22 76 21 8 24 24 45 66 63 50 8 65 9 37 10 56 12 
4 33 38 63 85 15 95 92 77 20 80 54 6 5 27 33 77 34 57 
52 31 74 14 80 81 30 40 18 40 95 81 95 79 18 57 64 85 51 
55 61 23 86 66 28 90 93 61 18 26 17 21 8 42 34 87 22 16 
79 91 7 25 24 1 4 41 9 19 77 11 25 37 33 10 55 61 52 
99 73 21 76 89 42 84 82 75 22 3 42 100 46 48 25 69 48 80 
61 56 98 38 67 22 26 99 83 32 11 86 30 83 7 6 23 48 89 
4 74 10 59 16 62 4 63 86 72 63 65 32 18 14 69 36 87 47 
87 69 78 97 55 8 32 13 65 54 60 53 10 85 14 68 100 75 71 
15 12 42 77 76 25 46 41 46 34 27 92 72 48 21 20 54 28 51 
66 92 57 25 96 66 61 10 85 61 36 55 27 48 48 3 75 72 100 
16 69 33 94 60 4 41 81 24 94 60 26 11 4 82 87 99 99 48 
60 83 8 96 89 34 95 36 88 69 60 39 36 28 72 30 40 27 22 
72 2 68 31 28 78 34 61 17 33 60 64 44 94 23 39 83 8 85 
70 95 54 81 33 41 61 56 22 100 35 96 71 36 63 53 15 92 87 
28 8 71 39 71 14 32 93 5 66 52 89 88 46 94 68 31 87 28 
38 60 27 72 55 49 60 17 2 26 61 40 53 68 62 91 91 27 75 
35 83 92 87 24 79 84 17 47 66 55 74 4 15 53 27 69 53 86 
38 6 64 98 45 16 17 58 59 59 85 85 46 67 76 32 90 55 67 
59 1 85 65 26 40 79 30 66 100 35 4 89 40 67 86 37 34 54 
94 92 65 30 28 10 49 4 93 90 58 11 100 10 95 65 87 34 95 
69 52 94 3 7 82 42 73 19 30 58 25 24 2 41 5 29 50 53 
32 42 95 41 4 94 2 99 10 89 84 5 9 35 50 11 41 84 4 
65 54 34 23 30 9 76 70 13 4 19 18 88 12 12 80 16 57 82 
66 67 22 49 23 30 36 24 92 28 7 95 93 13 28 67 42 36 42 
12 1 97 82 70 36 46 33 16 61 89 97 78 7 70 78 29 99 13 
53 90 41 11 84 85 23 64 3 65 51 96 28 51 92 9 20 80 54 
4 95 66 93 91 95 51 60 73 80 10 37 84 51 29 46 34 13 69 
49 67 85 100 62 12 2 6 72 74 85 78 77 79 95 21 21 90 72 
32 14 3 93 50 86 43 79 31 28 43 51 77 62 35 76 23 98 29 
28 22 2 64 51 31 42 45 51 14 86 22 45 99 24 37 1 61 31 
31 44 59 73 46 35 34 81 62 9 30 90 88 3 44 52 53 74 93 
98 76 7 35 98 3 34 73 92 34 34 22 16 29 80 88 74 66 74 
6 27 34 88 69 21 90 12 72 43 37 17 92 12 75 26 61 77 11 
34 20 96 19 42 11 47 73 51 72 39 76 78 65 9 65 33 29 6 
96 53 48 32 69 91 96 43 69 56 71 79 89 91 75 59 84 85 5 
56 87 29 46 62 6 11 70 22 95 51 27 43 55 27 26 23 69 21 
17 37 77 87 16 17 77 42 76 60 78 32 68 65 60 13 26 17 75 
48 38 22 50 17 64 4 43 89 26 11 62 42 48 90 80 15 6 57 
8 33 68 85 65 87 49 76 100 27 93 74 26 30 95 75 46 10 78 
40 51 55 51 12 48 50 53 27 16 10 35 23 43 55 59 59 41 8 
34 92 86 26 66 11 8 12 85 5 74 14 45 24 20 47 87 67 48 
39 45 63 48 32 37 42 86 95 100 78 54 34 70 39 11 87 1 70 
98 37 75 23 50 19 46 69 17 84 87 64 22 84 78 22 15 14 63 
52 60 63 29 14 48 98 4 10 84 5 32 34 41 6 56 43 76 54 
63 92 37 2 7 11 85 84 84 99 49 46 2 60 60 30 25 59 80 
29 69 63 85 100 48 77 57 56 19 32 9 34 75 97 35 33 59 19 
16 42 69 16 88 70 75 99 51 100 58 30 80 78 45 64 77 92 92 
85 99 11 68 7 96 42 56 30 26 14 48 41 56 68 8 95 89 34 
93 39 85 50 21 64 27 65 79 55 8 71 91 7 33 58 65 28 51 
20 57 76 34 56 68 41 23 75 35 63 9 79 1 93 81 21 9 7 
37 87 14 45 9 4 51 41 14 15 20 64 87 28 40 72 35 7 12 
