94 34 23
78 75 42 68 89 44 52 57 58 70 29 28 10 32 57 98 98 14 20 37 23 31 71 67 33 99 30 83 45 16 53 22 42 95 
89 30 90 41 86 99 62 14 79 71 45 35 20 95 48 91 31 22 21 53 41 5 51 70 88 95 37 40 69 78 86 57 7 28 
49 44 26 62 57 4 84 54 90 4 100 89 94 82 11 67 34 3 71 36 24 10 83 61 50 51 90 87 59 49 14 60 92 92 
21 1 47 5 54 37 60 5 25 5 86 87 71 19 89 94 6 65 55 88 25 4 90 66 91 49 14 56 8 6 47 80 6 94 
84 11 82 43 67 6 48 52 45 70 22 85 15 27 49 70 67 25 25 8 91 67 56 4 23 15 61 21 95 18 14 30 28 95 
73 94 53 72 97 97 93 18 81 60 97 82 81 15 6 5 22 96 24 30 52 98 96 12 18 90 30 84 20 9 30 44 55 82 
67 51 30 11 21 63 70 69 44 50 35 49 7 56 97 82 37 48 79 33 59 48 74 40 31 45 49 61 88 55 94 6 5 76 
17 77 38 86 97 33 88 31 33 46 39 29 27 75 28 57 59 39 4 33 78 87 77 78 99 17 32 44 22 89 19 38 65 8 
76 14 40 15 44 25 60 34 53 38 9 33 46 19 71 1 51 100 87 28 30 85 44 61 29 65 1 99 55 18 7 30 31 46 
96 26 22 55 60 27 44 20 59 89 38 81 41 89 32 28 68 61 64 11 22 44 27 74 43 33 91 49 14 21 46 9 47 68 
15 6 94 10 77 4 50 14 84 91 54 15 18 21 28 33 83 1 77 62 74 19 94 65 19 60 85 64 68 83 83 35 40 76 
44 16 31 94 82 14 84 35 81 1 8 8 33 42 8 61 3 33 79 49 97 97 60 34 13 27 16 95 61 56 23 5 71 53 
50 4 19 33 39 99 85 98 58 69 39 17 30 94 49 8 42 46 57 1 79 69 79 46 63 92 1 85 48 24 90 97 27 8 
29 17 6 13 14 15 81 5 31 62 98 31 70 91 28 78 43 58 46 21 4 60 64 56 45 11 79 86 7 58 93 87 26 50 
51 92 64 84 96 46 45 93 76 66 35 4 43 77 61 88 97 16 48 61 72 44 23 2 29 82 11 73 68 37 22 19 80 85 
54 75 30 98 19 57 64 53 12 58 29 73 46 77 40 45 89 11 40 12 13 20 93 75 92 60 63 13 30 42 49 83 16 30 
33 86 86 48 90 98 5 70 22 2 47 61 46 35 24 37 98 88 56 90 62 99 2 25 63 83 66 63 18 34 92 50 71 30 
97 61 27 53 30 100 55 28 12 100 15 35 89 12 22 96 2 36 95 55 12 9 37 77 72 6 62 63 7 33 44 3 45 70 
8 26 21 62 54 33 13 68 19 1 79 93 97 32 28 43 38 39 3 27 67 74 32 81 89 39 65 84 93 9 54 100 34 26 
61 39 10 74 6 29 26 37 21 74 20 100 16 58 90 71 84 56 96 67 36 36 5 100 20 98 60 25 49 46 50 10 84 60 
35 42 88 60 30 60 34 1 59 1 58 48 71 93 55 67 60 43 2 64 94 21 13 54 45 62 51 47 23 34 6 57 27 45 
16 8 4 1 9 14 2 18 61 72 11 67 90 70 9 44 85 3 16 50 56 13 11 6 59 85 91 16 41 70 12 8 29 67 
9 37 80 10 55 92 33 17 58 23 86 67 18 22 21 33 71 76 45 33 33 55 17 75 70 9 96 81 17 25 99 25 61 78 
34 67 21 18 83 31 40 20 49 57 94 69 42 16 44 86 1 28 41 69 54 62 78 50 95 94 74 93 70 86 23 55 5 95 
72 39 25 64 59 73 72 4 41 13 19 36 51 19 15 43 40 69 56 17 18 50 62 43 95 83 28 69 37 84 63 8 23 88 
23 81 12 95 36 53 59 54 40 9 25 55 51 64 23 7 32 92 8 45 34 54 27 13 22 63 97 85 22 19 24 45 51 87 
39 86 39 97 91 31 58 67 85 60 82 59 18 13 50 26 9 35 79 35 47 53 49 43 37 71 13 12 67 63 98 57 48 89 
5 91 19 62 57 55 22 39 13 91 3 14 16 64 48 47 98 94 99 47 89 87 69 1 50 35 16 99 91 15 87 95 5 57 
9 14 11 82 52 75 72 6 88 40 69 87 86 19 33 36 17 73 74 85 25 23 71 40 21 13 55 60 59 59 16 19 24 79 
100 27 53 24 33 93 63 53 31 100 23 15 35 39 87 8 75 12 82 97 51 54 9 57 13 20 68 29 38 91 59 90 18 63 
13 50 7 75 54 38 26 77 52 60 67 91 19 42 2 52 38 4 5 99 61 18 18 28 98 7 18 56 96 35 18 60 36 77 
86 90 14 11 18 17 70 84 7 40 25 60 91 15 64 96 65 24 65 82 51 62 40 20 69 88 55 38 47 42 14 33 83 79 
43 100 96 65 36 54 56 12 14 47 26 77 94 90 52 58 23 54 71 15 73 39 2 27 76 100 21 42 32 3 20 27 3 15 
91 38 21 98 49 34 44 27 62 89 68 13 46 43 66 68 57 38 6 58 17 34 57 37 75 41 39 94 67 93 61 9 82 81 
6 83 14 2 9 75 90 28 87 88 70 4 55 26 41 13 35 9 46 44 45 72 84 36 65 2 80 25 62 62 57 19 96 70 
20 56 96 62 83 34 49 53 37 55 30 30 67 65 38 64 8 35 35 43 22 100 44 1 76 5 14 33 23 9 54 95 64 2 
56 47 35 4 51 24 10 80 53 77 96 42 40 3 76 75 45 49 26 88 50 53 44 63 85 19 24 91 13 87 92 68 85 78 
23 87 53 32 19 5 60 14 99 52 17 26 26 13 75 3 53 76 55 96 90 92 66 13 82 78 52 25 97 88 54 19 75 7 
3 93 63 62 6 61 13 74 39 90 87 13 44 91 88 99 86 29 90 4 42 23 81 45 47 78 32 52 48 58 58 2 50 21 
64 8 33 28 81 71 70 19 83 13 9 22 63 47 51 52 50 44 74 82 88 72 59 71 24 59 29 33 60 78 53 75 37 38 
55 70 8 24 88 43 88 49 16 51 47 18 54 96 61 80 77 100 3 88 71 26 46 99 11 57 28 15 32 65 52 86 34 60 
61 73 54 48 73 69 50 19 39 4 14 99 83 43 51 85 82 73 63 27 71 73 83 50 39 66 66 91 51 51 2 11 24 55 
11 96 75 60 15 13 63 80 64 97 74 14 34 55 38 96 33 60 20 68 9 58 33 75 100 84 25 1 46 100 55 56 48 82 
16 62 94 30 93 57 79 67 22 12 73 59 59 6 18 30 73 79 87 5 5 87 40 29 87 86 81 94 41 28 75 8 41 20 
90 33 29 68 51 2 31 24 61 89 81 30 18 53 60 56 9 64 94 49 45 33 34 25 78 26 52 52 86 92 23 75 76 51 
94 27 53 76 2 65 16 82 46 33 86 6 40 94 69 34 94 13 18 27 37 95 5 40 98 90 31 20 16 59 71 61 37 75 
36 38 39 3 71 84 35 8 89 26 1 10 11 95 22 28 73 59 22 29 50 19 18 81 91 85 39 61 97 75 35 84 64 25 
86 86 8 72 93 49 98 45 58 60 39 31 88 64 41 61 92 91 32 62 71 22 46 61 34 95 87 20 78 2 44 16 87 3 
87 31 3 36 75 12 96 66 43 35 29 83 95 20 73 78 81 95 99 79 7 84 25 45 3 2 46 98 69 84 53 56 66 55 
91 41 19 38 6 61 72 34 95 67 5 20 96 38 66 95 16 73 78 92 69 33 93 15 30 62 50 34 69 16 41 11 8 59 
49 65 71 20 98 65 38 54 84 34 91 50 80 58 74 9 49 42 41 94 8 23 7 10 8 27 77 48 37 84 6 85 48 76 
57 97 93 46 2 28 31 45 29 10 2 2 71 3 96 63 48 3 37 54 64 45 80 40 92 68 75 50 5 74 77 61 70 69 
58 24 97 89 68 25 50 69 79 20 23 74 83 70 28 19 75 92 15 54 83 7 74 58 8 78 31 84 38 53 53 95 76 49 
35 43 25 85 63 3 4 38 76 38 7 4 9 82 47 23 87 29 81 60 86 88 37 69 72 26 21 24 73 48 24 7 42 100 
91 56 3 47 93 30 84 100 85 92 33 31 67 19 12 47 31 97 35 19 17 58 45 37 81 17 36 56 75 77 55 18 33 9 
64 25 39 99 76 75 91 8 58 9 79 69 55 61 17 41 79 34 98 23 22 78 91 58 85 18 34 92 35 66 100 50 43 90 
48 70 17 90 78 74 98 8 42 53 68 10 93 98 43 91 21 65 20 63 22 57 80 7 48 66 25 99 15 67 41 63 36 9 
4 65 82 2 24 75 6 43 84 50 41 79 92 13 95 64 27 68 20 7 74 19 24 98 69 91 16 61 53 4 69 8 20 2 
9 96 76 14 90 12 16 30 42 7 94 36 70 21 3 89 79 28 59 2 78 28 92 45 88 96 100 9 4 20 10 64 67 38 
30 56 1 45 38 42 51 31 29 21 3 83 61 81 10 20 35 39 99 78 84 38 74 83 46 29 54 8 44 72 97 73 80 97 
69 17 90 20 99 18 92 2 52 4 34 61 23 68 52 73 46 35 11 71 69 8 51 75 15 94 98 11 67 77 59 87 93 48 
58 44 17 49 97 68 53 30 81 27 50 32 100 95 18 62 17 38 69 67 12 36 60 10 98 78 38 57 65 31 4 22 26 73 
23 22 40 27 51 20 5 100 3 4 46 20 17 14 58 86 80 21 21 92 82 70 69 20 26 85 2 82 7 27 54 81 100 45 
7 50 17 11 2 19 67 99 39 83 13 48 20 92 20 92 83 2 62 4 73 87 88 26 20 46 4 25 26 3 70 84 4 86 
47 57 4 13 56 94 47 20 93 67 63 13 10 98 66 71 1 90 10 88 15 81 86 70 6 11 24 27 95 27 12 93 36 67 
5 43 13 3 62 5 21 24 17 31 21 34 53 73 23 14 61 89 95 46 58 52 8 33 78 54 12 89 46 47 7 2 89 19 
5 2 24 77 25 40 7 98 26 12 70 48 25 82 89 19 79 46 70 39 31 47 92 42 87 90 88 94 43 28 12 47 29 35 
24 5 27 82 54 52 93 76 51 18 57 39 88 88 37 10 26 67 8 69 8 95 58 47 40 1 74 51 99 54 38 74 58 16 
56 64 67 100 39 69 69 95 60 57 82 96 18 59 14 25 28 21 71 37 67 10 89 92 61 40 45 50 13 54 65 20 17 83 
72 7 51 40 2 10 48 35 57 65 46 70 90 73 90 60 61 8 70 50 51 82 89 47 31 53 53 47 73 69 29 96 76 79 
35 29 41 83 15 97 47 60 67 88 84 8 100 97 68 69 46 70 2 86 17 84 90 69 30 14 89 58 9 16 88 44 96 28 
78 63 77 76 22 95 64 58 54 63 54 73 83 51 43 36 88 11 19 77 31 48 91 71 57 51 39 44 94 34 24 23 96 52 
99 70 46 62 27 51 76 32 24 58 82 18 45 21 80 63 49 62 62 39 32 70 42 70 13 87 56 88 10 3 39 8 72 36 
69 50 39 96 33 14 5 66 31 49 86 62 11 35 23 24 25 6 93 66 28 57 53 35 45 14 37 35 21 61 23 41 10 61 
36 43 26 40 8 8 88 46 69 50 80 43 73 56 100 65 22 27 21 26 61 17 39 50 4 59 10 26 51 71 38 86 65 63 
77 25 70 16 70 90 65 1 32 89 56 31 53 77 10 25 54 22 42 92 71 45 2 80 22 4 51 11 89 15 73 17 39 94 
32 60 83 48 60 66 36 16 48 40 44 57 65 98 79 58 41 49 2 95 81 75 98 83 85 39 49 9 7 40 2 39 99 36 
38 59 53 74 26 100 13 69 57 29 18 87 86 11 35 39 57 15 13 54 49 49 44 98 57 51 37 10 41 35 97 78 45 49 
3 70 49 68 91 57 96 60 43 34 22 77 72 78 44 37 84 92 37 27 41 94 29 77 55 21 12 4 51 8 52 53 78 52 
72 20 8 20 79 50 53 1 79 76 30 74 12 13 17 49 92 58 94 20 34 100 93 97 3 43 5 7 95 34 58 19 5 18 
38 83 67 42 35 97 17 65 70 81 77 87 81 20 96 26 92 81 77 84 78 32 26 34 38 72 19 47 90 23 64 79 57 83 
20 44 79 89 8 1 69 36 39 49 56 34 26 99 14 2 82 43 33 59 28 22 30 98 69 72 72 84 50 81 66 22 24 97 
10 31 97 78 18 87 78 25 20 55 23 85 56 56 80 41 14 7 62 44 57 30 15 28 14 16 60 31 37 83 27 98 65 75 
75 83 61 4 59 32 58 34 17 66 89 48 6 3 6 67 98 62 49 64 42 14 79 1 44 68 84 23 65 100 49 92 34 62 
95 93 93 5 26 61 70 66 8 27 68 14 93 65 27 93 28 68 6 59 21 2 26 56 76 42 55 76 33 41 37 80 33 82 
84 10 94 5 27 54 31 95 67 75 11 45 68 91 65 25 49 85 78 26 92 53 67 46 29 100 38 17 31 70 98 14 31 44 
70 58 97 52 4 15 78 66 59 97 56 23 22 4 59 99 81 50 4 48 48 84 99 85 100 29 7 50 94 89 93 63 98 89 
66 1 3 43 67 13 40 74 88 13 78 46 63 58 48 66 57 47 1 55 31 1 83 89 50 28 78 94 42 27 34 7 80 88 
50 98 100 41 71 87 53 100 33 67 10 32 85 66 78 85 73 8 85 7 49 86 35 78 31 76 4 64 83 83 51 84 80 51 
24 3 89 28 2 21 46 11 4 30 77 81 15 49 41 51 55 89 37 41 18 19 17 21 83 51 56 85 34 87 35 9 89 24 
88 91 96 33 53 100 15 29 80 29 29 72 79 36 60 67 76 29 86 44 50 20 94 57 4 27 95 91 87 84 66 74 26 61 
59 78 12 73 59 44 1 39 15 31 26 27 50 2 55 87 97 56 6 91 64 9 17 59 51 4 94 16 29 71 29 87 100 40 
59 10 35 11 49 2 42 74 28 43 27 34 29 24 42 34 66 5 94 82 15 45 37 60 60 18 30 40 56 30 80 15 39 66 
77 39 67 70 65 46 12 43 32 40 18 73 25 83 29 19 17 44 15 5 3 26 22 85 66 78 66 45 44 4 62 72 95 29 
