65 44 21
71 89 28 83 36 50 23 3 43 81 46 69 57 95 10 47 21 17 45 86 98 41 19 77 97 71 62 82 35 5 15 57 93 42 40 80 92 14 82 86 94 79 54 3 
74 15 49 46 31 45 83 80 86 54 57 34 24 18 16 11 74 82 67 66 75 58 97 18 72 78 3 65 57 9 67 82 75 68 79 6 64 62 85 49 67 93 35 90 
62 50 100 35 83 19 100 57 76 48 75 99 26 29 16 34 89 34 67 64 1 45 21 65 58 5 65 76 50 51 66 11 100 17 46 82 87 97 91 15 45 65 13 22 
93 28 7 82 62 73 45 14 69 65 30 79 21 47 54 22 97 19 33 49 88 30 82 74 78 72 40 74 36 53 47 29 32 53 62 45 25 58 11 46 22 40 24 94 
38 77 16 87 96 100 35 35 81 16 60 10 88 100 36 75 4 82 55 35 35 16 32 11 73 42 56 46 33 79 92 23 56 59 9 3 10 43 89 90 10 48 51 49 
99 86 76 2 68 30 89 54 98 20 64 70 13 72 68 97 2 59 19 9 17 79 63 26 73 51 67 83 51 17 83 49 55 58 51 22 40 39 27 37 10 42 58 74 
13 25 22 67 83 41 75 51 71 38 28 44 40 46 78 90 15 60 39 69 70 41 42 9 31 68 97 92 9 54 65 74 79 86 40 13 78 14 16 49 3 43 44 43 
41 21 84 55 32 22 23 53 14 64 61 44 83 57 35 91 63 51 64 41 89 55 5 66 69 20 66 71 15 9 65 55 81 49 9 13 22 31 65 36 46 78 31 28 
86 18 70 48 68 86 40 56 40 45 74 60 64 39 31 78 100 47 32 80 95 92 44 69 74 9 56 19 38 86 98 23 55 20 23 75 5 62 82 44 6 55 4 22 
46 86 51 45 84 35 76 31 26 20 99 100 28 54 70 17 91 20 91 46 39 13 72 43 27 53 38 84 8 93 5 5 30 56 49 14 90 24 44 67 43 94 66 22 
47 88 90 89 7 81 86 45 93 57 39 19 10 28 3 69 73 59 73 54 66 73 67 55 96 62 22 91 55 39 64 53 26 54 42 84 86 27 80 78 84 70 49 93 
50 3 13 22 61 85 75 27 57 94 33 4 55 6 46 62 97 62 14 74 67 55 58 52 82 37 29 17 59 29 61 8 31 73 81 44 57 7 70 65 100 54 68 7 
60 66 68 8 27 81 81 93 88 38 44 21 27 24 37 37 5 97 44 35 69 24 30 77 30 51 41 82 5 60 88 16 25 7 23 3 39 55 95 26 93 90 98 71 
66 34 7 70 82 2 56 2 77 86 78 58 36 70 39 92 30 78 59 6 36 33 9 75 88 55 52 32 45 50 2 62 35 60 31 17 61 38 18 37 75 48 94 11 
17 85 54 98 62 13 56 98 97 64 24 84 18 75 15 14 76 16 75 11 27 57 27 87 47 96 75 21 43 21 83 12 5 37 9 18 1 64 67 97 79 42 81 97 
17 47 62 44 63 89 54 41 45 32 28 91 28 54 64 70 74 46 33 30 82 42 100 34 57 66 83 36 8 63 84 76 9 97 19 23 85 25 16 82 8 95 24 35 
48 87 57 74 33 89 3 66 82 2 100 91 20 82 78 79 96 61 54 56 9 24 31 46 100 46 27 8 40 2 42 39 89 50 12 73 91 67 38 72 20 89 62 39 
22 39 17 69 51 22 25 60 46 7 5 97 52 83 4 43 84 98 81 24 47 93 48 37 59 38 61 30 26 22 69 100 13 37 68 15 59 44 74 56 50 30 4 53 
64 8 95 100 5 76 75 3 20 23 40 30 60 52 59 37 73 79 36 37 16 56 52 26 51 77 33 1 59 36 53 22 43 100 21 99 75 96 2 94 70 93 75 29 
44 33 17 68 12 5 5 27 60 56 4 10 32 36 62 90 71 67 64 66 66 36 64 92 31 17 37 52 9 11 80 52 43 97 72 54 1 76 32 12 83 35 73 66 
22 35 8 45 1 71 10 18 6 25 9 89 42 45 40 2 55 72 6 97 68 77 3 20 52 86 83 34 73 55 51 94 89 58 38 41 28 99 58 86 76 66 74 17 
62 65 70 16 36 75 65 55 51 19 74 54 4 56 39 28 63 90 22 51 47 11 44 27 62 1 12 37 19 37 5 80 1 74 48 37 1 64 91 51 34 17 57 37 
24 95 65 86 36 38 89 83 100 32 61 61 32 72 97 2 8 53 34 8 27 81 96 27 96 39 29 29 7 37 17 30 84 33 68 19 70 56 53 70 39 13 82 22 
36 31 24 43 83 57 3 61 89 50 39 36 88 20 64 46 56 80 76 39 13 95 58 34 2 10 55 40 75 89 13 10 19 36 5 1 44 59 62 84 8 100 19 48 
19 34 93 27 14 20 65 78 14 74 63 67 36 70 58 10 58 71 71 76 58 75 28 54 85 89 37 93 41 8 92 11 41 36 89 6 56 54 35 21 79 98 40 14 
19 97 75 76 67 98 51 25 72 30 30 9 19 66 53 11 25 44 73 18 79 62 75 86 67 10 59 97 59 98 11 77 94 37 4 13 34 54 89 58 83 18 66 53 
35 18 15 60 13 40 29 91 53 3 29 71 12 87 67 22 84 29 50 29 66 53 41 99 58 29 8 93 98 73 45 33 42 12 44 54 3 72 45 55 74 25 25 38 
11 91 11 46 20 61 74 37 13 67 87 23 47 95 15 45 19 11 77 61 22 20 14 24 91 10 30 16 34 54 5 96 97 16 41 68 28 67 4 92 33 42 14 79 
36 28 23 7 39 51 67 12 70 32 36 12 42 17 80 27 71 84 23 19 51 15 86 78 81 41 70 13 82 83 44 70 11 66 76 1 17 94 12 38 25 99 2 18 
16 81 45 38 64 19 56 67 33 41 44 66 33 13 30 14 48 73 83 10 39 10 10 7 3 73 96 28 24 97 97 39 77 93 28 93 11 83 59 96 75 2 13 7 
67 42 20 14 15 55 75 5 64 36 63 19 8 58 98 83 55 94 21 83 87 100 75 49 82 33 96 8 87 8 14 53 50 86 18 16 92 44 20 7 79 82 25 38 
91 22 21 97 16 93 80 54 93 54 2 74 39 50 34 25 57 47 29 58 84 98 73 75 41 44 82 19 77 58 8 68 80 28 64 47 21 43 52 13 49 53 38 87 
54 23 63 11 70 91 68 5 40 41 80 80 36 13 50 13 70 57 80 49 37 95 47 9 90 98 73 38 3 62 76 56 85 38 66 6 80 86 10 19 78 89 98 13 
1 99 25 23 7 56 71 43 51 70 51 40 67 23 29 21 85 4 77 69 41 94 74 20 79 35 90 8 24 87 21 76 37 97 98 43 53 21 86 55 90 88 46 8 
63 74 29 47 29 57 67 69 50 92 40 81 26 81 88 1 67 60 29 55 57 78 97 61 98 34 67 39 22 12 99 84 37 79 82 65 35 100 85 84 43 76 16 20 
56 4 21 74 63 1 28 71 78 24 83 28 58 49 66 31 60 16 14 96 94 47 60 28 46 96 64 88 71 79 7 26 34 79 99 49 79 78 71 9 2 54 36 11 
2 53 93 14 69 6 9 14 4 21 94 49 68 57 88 39 87 46 64 73 25 15 21 55 92 91 63 45 96 50 7 98 55 99 11 23 56 71 88 59 43 81 59 11 
89 46 1 76 92 64 48 68 30 20 74 74 62 37 70 58 38 29 55 92 27 17 66 35 39 54 45 34 86 56 96 75 53 96 2 44 11 1 63 41 20 37 66 33 
25 35 90 62 63 96 6 42 64 71 28 3 76 24 36 14 79 31 88 32 78 41 27 88 41 90 80 12 78 45 44 2 32 86 15 46 81 20 39 45 43 66 99 70 
42 86 83 20 68 70 3 45 62 30 32 2 71 12 65 48 8 61 49 39 46 63 85 78 35 75 74 77 41 72 46 82 57 29 53 24 50 56 20 12 37 52 65 7 
15 82 6 22 42 54 13 39 68 97 16 2 71 90 30 63 13 28 96 70 8 1 45 9 8 65 72 44 68 89 2 82 70 7 55 11 12 67 1 79 15 16 33 38 
57 14 100 22 41 48 91 100 48 87 9 55 3 32 50 70 20 51 3 89 57 58 51 20 76 51 98 91 19 82 28 27 48 79 48 40 78 90 40 77 77 100 31 31 
31 32 53 51 34 7 39 42 64 42 61 92 92 11 82 62 92 61 89 39 39 36 31 69 78 70 45 54 69 28 36 99 59 88 1 93 95 92 34 10 33 95 1 76 
57 34 38 48 46 78 39 37 65 69 5 42 90 49 47 58 76 83 8 87 22 9 31 68 100 64 78 84 10 30 59 66 16 48 66 61 25 56 97 90 76 1 83 65 
2 30 74 77 12 81 15 85 41 45 53 92 61 82 75 22 63 34 88 78 33 5 91 58 60 87 99 35 40 81 51 41 62 24 69 73 4 36 10 97 80 62 88 40 
43 63 62 5 48 1 35 32 57 25 89 68 11 39 54 2 72 4 94 33 27 63 58 82 98 67 30 29 28 18 21 22 32 34 26 31 34 12 62 42 36 3 9 99 
93 62 100 64 17 94 97 95 8 54 28 57 72 58 85 99 27 5 72 58 38 97 40 23 61 1 16 96 55 24 94 48 37 46 11 5 91 59 99 50 64 79 6 35 
36 42 85 62 99 56 71 88 5 10 63 65 62 78 60 17 54 6 16 42 3 78 47 93 37 97 94 52 75 99 87 62 92 23 23 90 79 93 30 83 54 92 99 16 
69 10 84 22 15 51 16 69 28 14 13 16 10 6 68 37 56 54 98 48 76 73 89 6 65 18 40 71 9 38 38 30 48 73 3 14 23 18 83 2 31 95 18 93 
1 85 81 8 90 78 7 17 50 96 23 67 65 62 37 26 52 26 55 99 98 9 64 20 79 46 21 61 93 38 53 45 74 33 52 63 63 59 80 12 6 54 30 70 
67 18 95 18 43 1 68 40 10 32 11 40 29 84 100 21 21 53 65 47 37 17 61 99 75 92 63 32 45 44 1 64 62 48 81 4 100 1 96 61 32 6 100 60 
89 100 81 62 52 97 8 40 13 68 91 39 12 53 70 56 48 23 19 9 70 52 65 69 52 60 30 35 17 29 46 6 28 26 19 31 23 26 71 87 45 61 26 56 
65 47 64 12 69 34 73 38 85 37 59 88 48 88 22 64 68 68 69 96 45 87 78 19 64 100 58 61 12 83 68 28 81 31 92 50 17 64 39 53 100 97 41 47 
36 14 62 4 33 31 51 30 69 28 48 85 80 5 45 91 39 64 19 20 47 10 21 63 25 59 15 76 8 7 22 43 21 35 46 5 65 48 34 86 28 34 70 7 
38 66 49 29 29 19 100 75 28 72 37 52 82 4 79 89 10 52 32 82 87 29 87 51 77 72 36 56 5 57 62 95 22 62 23 51 81 74 25 8 45 14 12 26 
17 90 67 78 42 98 60 80 78 98 30 6 69 18 61 74 74 74 68 48 36 42 98 16 15 74 75 11 87 38 88 55 80 54 33 73 3 92 52 81 89 33 38 9 
50 51 82 76 24 49 75 11 42 72 26 8 45 53 70 84 90 58 38 21 63 70 93 66 13 44 98 1 29 87 62 30 37 43 5 61 44 31 71 85 2 49 93 99 
1 14 82 42 71 71 63 34 41 55 51 53 51 100 6 79 86 67 8 23 61 65 35 4 95 5 41 49 53 85 47 5 98 80 47 69 50 9 54 42 15 56 47 17 
55 52 95 92 70 55 14 30 71 48 86 65 5 26 65 9 10 11 66 7 42 12 27 44 72 32 37 38 87 83 55 93 86 49 85 55 55 50 37 25 50 22 42 6 
47 6 14 8 69 79 14 10 42 93 5 65 24 42 3 63 24 57 55 10 57 91 16 12 93 52 88 94 25 29 99 23 35 64 30 3 95 44 64 88 88 21 53 11 
62 55 73 37 11 80 98 67 70 14 30 14 17 18 7 42 46 57 64 32 21 46 86 67 89 50 54 28 70 6 38 83 60 11 19 22 42 17 89 11 82 70 77 50 
87 83 43 85 40 59 16 12 4 2 78 44 3 31 71 24 89 8 6 48 70 76 70 11 44 10 74 25 31 50 27 70 84 69 54 23 27 21 86 30 74 63 73 76 
46 43 51 34 3 56 33 24 32 54 35 27 15 60 52 46 9 78 15 92 98 68 67 25 40 52 6 14 67 79 41 12 73 92 97 27 99 81 51 82 35 37 9 49 
96 12 94 4 41 60 47 38 79 13 14 19 17 20 84 83 50 24 46 74 67 94 1 18 74 3 99 8 39 7 9 86 70 54 41 10 14 87 100 92 52 13 62 68 
32 45 50 33 21 47 7 87 40 59 4 13 13 55 73 3 13 81 88 83 34 28 44 99 66 43 43 17 56 4 84 39 49 85 24 69 83 30 7 22 40 63 87 52 
