77 27 18
95 50 11 5 68 27 28 47 81 84 82 17 9 18 73 56 100 33 64 23 86 10 55 40 39 59 95 
11 87 73 32 82 74 43 86 41 69 65 40 1 1 21 70 9 90 42 16 41 26 79 63 12 89 70 
51 79 28 97 89 66 21 73 99 94 15 37 86 35 53 25 35 53 97 56 13 86 49 28 78 75 7 
41 86 47 10 88 25 89 36 66 6 56 38 5 1 52 93 86 86 45 63 72 50 59 28 14 97 28 
42 74 2 100 66 39 98 27 26 22 67 13 87 73 20 24 29 20 27 73 6 12 69 20 36 18 78 
15 32 26 42 25 52 96 24 17 34 21 96 12 94 62 24 33 86 44 56 66 63 83 90 20 46 59 
39 33 76 69 47 7 94 89 83 97 84 58 14 69 30 61 80 24 74 4 56 60 99 63 77 13 97 
67 85 43 25 23 27 52 43 74 11 89 14 93 85 49 51 50 17 80 10 97 3 84 52 10 95 50 
73 23 14 69 41 98 63 17 73 90 69 15 15 79 55 28 71 92 76 21 41 92 53 3 40 7 38 
91 17 84 92 41 6 6 61 99 55 76 15 27 17 83 94 31 61 48 10 84 39 37 56 32 80 8 
34 20 15 71 62 83 6 6 75 11 11 87 9 17 62 76 44 30 58 37 60 19 36 21 54 27 57 
9 58 37 17 43 8 83 65 69 17 70 74 91 32 36 77 93 53 91 68 48 20 25 36 32 95 71 
52 48 49 61 57 58 49 25 100 56 59 64 24 75 33 50 17 17 85 45 9 89 35 76 36 7 52 
71 38 47 94 41 46 94 53 54 52 1 78 51 56 88 67 32 62 51 81 78 67 65 75 75 54 9 
2 41 67 54 12 56 52 57 49 97 50 1 51 1 54 80 4 9 68 70 40 81 20 72 11 39 37 
85 13 42 45 67 82 12 20 45 67 71 53 67 19 55 20 21 7 73 1 10 33 20 79 25 100 51 
96 10 89 84 94 53 25 91 19 59 2 38 55 20 60 60 39 31 14 58 51 20 30 51 82 62 22 
60 38 22 62 34 83 2 17 29 55 94 19 73 4 72 63 58 43 74 69 81 4 82 38 55 54 19 
57 35 33 79 46 70 52 8 3 34 61 72 62 15 65 32 40 68 55 54 77 98 27 98 30 31 31 
20 37 84 38 45 70 22 23 16 92 26 75 46 60 35 17 73 2 33 57 41 52 11 94 81 60 72 
78 90 2 8 9 90 92 98 35 13 20 9 28 11 35 54 8 46 41 77 70 42 9 78 82 61 89 
27 41 100 98 70 89 52 77 97 41 20 95 27 33 66 88 12 28 74 66 35 71 6 11 92 99 20 
70 80 32 10 58 24 9 55 93 98 6 21 46 99 93 92 77 25 57 64 88 84 89 5 71 59 62 
81 51 60 52 20 91 35 81 48 58 89 55 2 38 60 23 84 10 15 75 39 91 84 2 30 19 91 
35 89 1 96 70 51 56 73 22 98 8 2 46 65 91 100 19 28 11 93 63 73 59 38 11 49 73 
64 30 91 54 64 80 7 12 1 57 67 73 79 16 80 32 61 97 22 12 15 2 23 7 64 95 65 
53 57 65 77 20 94 68 26 10 47 32 21 99 88 39 71 18 54 51 50 67 99 23 78 13 76 52 
71 92 98 87 44 54 51 21 74 96 40 99 57 38 30 77 36 69 67 6 39 21 8 40 39 6 62 
16 70 90 68 40 81 65 26 24 71 28 96 44 76 87 42 32 24 23 61 59 43 27 17 81 99 76 
20 37 34 34 5 55 23 24 95 3 40 72 78 10 52 26 53 27 12 46 10 36 20 70 46 63 49 
14 43 47 42 63 36 75 48 92 29 22 15 75 24 54 99 53 16 2 30 20 80 42 66 89 29 85 
11 26 47 11 40 42 9 81 56 44 7 3 35 87 24 1 14 99 7 12 3 22 65 33 41 44 26 
58 32 54 95 94 31 93 4 22 34 13 54 41 8 60 43 95 99 18 95 12 16 53 23 71 74 87 
3 67 82 28 76 65 33 70 59 63 15 14 85 100 26 38 41 86 50 83 80 48 53 26 59 20 79 
33 90 4 71 92 22 52 71 98 16 3 19 26 66 33 40 2 85 17 39 25 2 88 59 81 87 11 
59 45 83 37 77 72 40 47 16 62 50 86 11 66 41 29 43 58 14 82 59 50 99 49 74 52 89 
32 85 75 95 43 20 77 79 48 100 70 47 67 83 96 5 93 13 45 74 56 2 39 89 12 88 39 
60 13 43 48 96 27 75 90 69 94 18 99 41 70 20 39 36 3 87 40 47 99 36 72 6 89 10 
47 100 49 85 12 61 27 11 57 5 85 98 25 30 68 23 23 37 95 61 24 97 47 16 95 98 51 
67 3 92 28 1 91 29 86 54 89 64 65 97 21 1 95 45 31 14 20 53 50 14 13 25 62 60 
40 56 57 91 74 11 82 54 12 24 82 49 30 70 64 94 19 84 46 65 81 76 78 100 28 27 13 
93 51 74 4 43 81 12 33 55 22 66 8 85 41 89 85 70 10 1 15 28 84 61 92 16 36 69 
15 16 47 27 8 50 52 11 92 33 22 76 87 95 93 46 32 85 34 16 55 95 16 21 23 52 81 
66 67 69 87 34 36 85 12 43 86 64 5 77 48 78 4 34 72 96 31 3 33 16 19 87 10 86 
59 84 37 40 2 56 60 88 89 95 24 100 89 10 15 93 38 62 70 42 47 93 89 77 96 21 92 
66 59 54 51 18 37 40 9 38 47 68 77 35 14 1 86 2 10 1 46 47 14 15 40 61 7 81 
89 54 1 81 71 12 34 74 29 70 13 37 60 11 56 36 45 21 36 82 22 97 34 19 96 48 85 
87 8 43 67 96 97 20 28 19 31 13 92 59 35 56 47 94 66 54 29 62 74 17 44 47 65 77 
65 60 24 49 47 83 43 65 79 91 84 58 10 14 71 1 24 5 57 70 98 22 75 78 84 48 94 
27 94 59 55 10 70 79 10 68 13 53 33 91 43 68 49 4 82 71 5 57 75 61 27 72 34 53 
49 17 1 95 95 46 5 50 8 26 80 17 94 92 21 78 35 16 45 35 19 78 5 75 35 79 35 
13 2 69 65 2 37 17 96 32 63 100 33 22 26 64 38 71 7 11 48 41 78 44 27 96 74 83 
23 60 13 57 72 14 77 88 16 66 57 11 97 19 63 81 40 40 44 29 10 50 91 9 43 68 4 
21 16 29 4 38 88 16 46 11 30 75 99 97 40 55 59 88 25 73 68 16 12 63 96 73 64 39 
33 58 6 89 79 21 17 82 10 5 49 56 15 30 30 65 26 69 71 37 56 47 9 75 14 73 89 
62 45 52 100 30 10 5 18 88 78 86 21 39 90 69 46 57 51 75 73 76 95 44 12 2 42 73 
28 8 45 16 69 41 68 68 70 29 24 39 68 53 25 40 44 66 60 89 74 10 64 47 86 10 42 
49 12 35 21 91 42 65 7 10 6 26 29 27 54 5 66 73 9 42 12 52 59 71 41 33 81 56 
31 18 17 72 66 80 6 39 71 100 55 77 61 12 54 42 39 7 46 56 31 6 49 42 10 7 12 
2 91 44 9 21 61 25 92 79 5 50 69 27 1 23 55 61 35 8 2 25 66 99 32 96 57 80 
37 66 38 100 67 29 44 75 49 56 51 93 34 7 94 2 33 94 25 87 6 11 94 60 87 59 58 
70 54 66 1 42 31 38 42 49 18 37 75 19 92 26 11 26 84 56 79 17 1 55 55 6 17 1 
17 3 11 27 24 17 92 24 58 23 14 51 23 31 87 98 49 79 75 11 56 58 18 34 26 18 41 
81 76 57 81 92 12 43 18 35 59 10 11 17 84 24 67 6 54 6 3 55 36 77 17 91 87 35 
76 12 4 68 44 79 25 76 23 36 19 92 22 77 53 32 93 36 55 12 94 61 17 96 67 52 25 
83 94 63 69 21 74 25 89 18 3 13 93 77 100 63 69 73 40 21 5 84 9 11 95 2 23 63 
49 89 66 73 24 11 87 44 84 61 68 72 30 23 36 74 99 87 37 19 59 76 92 15 59 100 26 
6 53 48 20 1 89 38 26 12 100 12 7 83 72 75 54 53 97 41 27 47 27 63 66 38 90 9 
52 100 8 29 57 60 29 77 12 17 66 37 80 65 49 38 100 72 12 5 25 60 46 51 7 24 65 
24 61 54 84 65 5 91 93 62 2 73 90 13 41 55 2 72 71 50 10 70 21 21 75 97 33 72 
99 91 95 63 66 56 68 49 72 73 91 16 34 92 89 23 56 29 29 57 53 51 58 62 21 31 34 
47 27 66 70 26 8 64 40 73 71 8 21 42 80 11 10 13 54 98 87 10 78 15 18 30 17 28 
43 89 58 77 35 36 94 56 61 2 20 1 74 42 8 95 84 39 5 93 3 59 42 89 20 71 55 
89 1 71 16 43 12 25 71 46 61 65 54 21 18 73 73 91 14 32 37 49 70 94 93 24 4 34 
12 75 5 18 63 57 41 31 51 52 55 22 49 15 38 2 88 55 26 12 97 40 44 86 88 65 79 
33 89 82 66 52 8 22 70 70 78 62 100 81 13 7 2 13 21 39 15 60 45 40 72 41 31 67 
26 71 31 56 3 71 89 20 23 96 94 44 66 23 5 17 3 69 23 4 81 96 94 47 55 38 39 
