93 69 44
93 35 35 73 61 40 13 98 86 91 93 29 54 66 96 44 2 45 24 100 51 29 34 67 75 15 57 63 8 25 91 52 12 77 25 24 17 37 21 2 27 65 82 33 31 77 28 84 74 3 83 76 31 17 95 57 83 51 20 42 28 10 94 91 87 70 14 55 6 
86 56 84 50 90 68 80 66 95 63 39 97 46 15 80 14 9 36 48 11 7 90 90 69 35 80 7 4 93 61 9 78 68 44 80 57 12 11 23 58 74 13 7 71 79 86 36 39 73 83 50 80 72 39 48 58 19 54 61 63 66 21 93 33 65 72 90 28 82 
64 85 7 76 91 29 7 76 64 45 49 47 46 80 70 85 79 28 55 84 40 69 49 61 61 81 77 32 22 4 66 85 88 72 13 79 1 19 6 16 63 6 62 61 37 84 97 15 63 51 98 54 71 46 14 32 27 42 15 100 45 80 85 85 4 97 15 56 67 
72 71 81 30 85 41 66 20 37 81 82 39 30 35 10 76 1 41 54 94 7 53 91 39 89 75 94 37 41 49 3 12 71 84 41 55 76 59 26 13 91 59 51 20 46 12 47 46 4 100 91 11 5 81 49 93 7 42 30 47 42 84 11 12 19 3 19 95 61 
44 7 51 3 9 71 100 21 17 97 24 69 87 34 25 68 34 69 74 27 50 73 20 34 83 84 52 85 2 98 98 97 4 48 51 65 70 50 85 39 46 60 59 85 46 83 52 31 51 77 58 1 49 29 86 83 12 89 68 65 87 65 14 42 64 64 6 86 66 
90 76 63 2 34 47 47 68 50 77 70 27 86 22 27 15 7 10 78 96 29 43 34 45 56 75 8 71 81 45 88 22 20 51 23 5 49 69 72 99 98 42 77 83 15 55 49 22 64 27 69 92 21 2 88 28 28 48 50 8 92 38 82 64 40 4 68 40 25 
40 90 22 33 66 56 47 21 5 20 36 83 40 80 3 93 67 30 21 14 31 28 58 68 9 21 59 65 40 99 89 31 88 62 63 6 17 62 78 73 33 13 55 73 44 9 65 63 90 85 76 21 65 85 88 25 5 99 89 97 97 29 27 84 42 90 41 11 3 
18 83 35 31 90 7 26 98 24 88 88 60 16 8 24 100 47 1 57 45 41 53 93 70 79 29 63 20 69 73 22 87 8 9 69 97 67 94 46 90 82 85 50 49 92 25 48 91 25 56 87 66 8 80 87 39 60 49 58 28 74 32 14 81 92 34 29 58 28 
26 100 61 11 1 9 54 25 8 96 2 64 83 67 23 14 5 61 73 53 71 52 78 54 66 10 97 51 90 6 78 16 5 90 26 57 50 31 82 58 27 35 73 61 1 95 74 5 8 98 9 30 1 39 35 66 48 31 69 90 36 46 5 93 88 82 49 37 64 
82 46 90 16 18 50 16 65 75 72 24 24 33 53 25 23 87 42 22 69 10 11 4 8 67 96 95 100 97 83 64 78 29 53 94 46 55 61 62 81 85 85 57 69 89 81 91 27 74 12 95 84 75 51 43 41 98 37 41 94 19 4 72 99 8 65 97 14 25 
58 95 61 95 51 29 83 83 19 10 56 83 4 91 9 6 33 49 4 21 41 97 92 96 68 90 56 84 86 69 9 96 15 69 90 17 50 72 99 20 33 7 2 89 97 10 94 82 11 97 2 3 94 45 99 13 35 6 97 72 74 57 19 41 77 8 57 26 80 
8 46 12 14 99 100 62 61 46 43 71 42 97 25 87 93 23 100 79 28 48 51 54 4 69 94 80 29 2 58 60 9 3 23 74 1 75 88 61 20 82 83 61 30 8 100 23 82 99 1 62 98 3 67 1 72 12 32 52 13 89 11 74 43 33 99 96 7 86 
8 26 68 43 39 49 50 38 71 83 88 72 96 85 26 62 85 49 73 68 100 86 57 10 11 51 43 9 46 49 47 54 27 66 96 65 14 97 2 85 31 41 8 27 25 33 88 61 82 61 28 81 98 36 43 8 87 85 68 84 85 14 89 11 79 36 27 93 84 
80 29 15 20 36 93 44 20 80 4 53 92 84 86 89 19 28 48 57 64 16 93 48 29 81 11 8 69 89 52 52 69 80 18 88 67 10 32 38 90 87 91 33 70 76 22 41 55 69 49 18 36 41 17 65 74 79 24 94 68 75 45 36 6 15 23 72 24 6 
9 65 45 51 50 66 26 71 6 80 91 7 49 27 99 66 43 72 44 66 17 11 40 14 46 97 28 21 68 3 78 28 20 22 79 69 88 56 91 45 88 81 3 36 59 2 53 1 25 97 66 42 59 57 55 57 53 82 77 72 36 6 100 55 28 30 75 67 85 
65 11 72 98 14 8 56 67 60 57 91 8 74 84 67 83 38 75 35 71 3 7 7 8 58 13 35 87 88 53 71 4 16 95 1 81 54 9 47 65 65 89 73 90 73 91 72 10 65 59 33 19 17 91 26 74 3 13 12 42 65 34 46 80 28 98 12 81 6 
58 46 22 47 70 64 71 12 35 80 28 45 64 46 61 54 71 86 57 83 97 50 100 31 47 31 10 45 43 91 2 52 88 24 50 9 87 20 20 73 52 47 18 15 92 78 69 14 16 77 49 12 26 48 94 73 30 4 69 24 46 70 76 33 45 77 93 83 97 
12 56 48 10 25 14 1 54 82 66 69 10 14 33 88 13 26 12 43 29 80 18 26 1 93 58 46 70 2 80 18 13 87 17 74 11 30 26 17 64 92 85 73 5 17 60 18 95 23 12 23 2 81 49 55 74 58 52 95 60 31 64 24 18 80 50 80 61 75 
96 24 66 81 49 23 49 60 40 43 83 3 18 84 83 18 90 8 75 41 54 86 72 69 62 89 48 11 20 9 85 16 84 3 48 32 25 48 92 16 91 26 70 60 61 4 77 51 64 3 91 17 41 62 38 54 2 85 64 22 45 100 89 29 54 36 12 78 35 
55 93 25 80 14 36 41 18 12 43 81 15 33 49 55 47 86 8 48 71 23 21 67 74 9 47 28 96 11 57 31 65 2 7 97 15 43 89 32 6 31 12 20 63 61 26 9 46 85 9 68 59 29 87 33 90 33 12 37 43 20 19 60 21 26 56 36 20 96 
19 25 26 31 97 40 43 22 1 40 59 61 8 17 41 46 1 82 30 12 19 25 84 37 84 4 14 91 91 85 38 10 10 63 40 58 54 34 79 6 73 89 66 32 6 59 77 6 40 7 70 58 31 53 47 66 56 12 8 47 97 45 56 58 59 47 15 64 80 
45 70 4 34 87 36 39 45 12 96 85 70 17 94 52 69 40 69 77 4 76 75 100 20 82 9 30 28 75 94 59 19 63 62 4 1 49 94 46 13 90 82 82 6 75 86 27 67 54 3 70 30 29 21 1 10 81 31 89 55 24 99 25 86 12 81 86 61 74 
83 73 15 64 6 73 91 91 51 57 45 53 78 74 33 50 74 42 30 4 82 36 79 80 12 16 91 92 2 3 66 36 75 32 52 81 4 42 71 54 50 15 58 27 40 42 28 14 83 57 69 64 44 48 95 55 63 38 47 16 40 64 4 15 47 55 47 3 96 
17 8 45 84 18 23 23 59 50 36 42 58 57 57 1 56 4 7 18 41 5 86 80 68 89 46 15 43 92 17 90 9 76 86 92 93 8 14 52 57 2 45 66 10 53 66 65 56 72 34 96 77 71 28 96 59 73 62 53 65 30 42 73 6 27 16 98 86 81 
49 94 34 93 59 95 46 76 59 53 100 45 49 76 15 28 23 26 100 37 78 64 66 72 88 23 50 55 21 36 36 21 29 21 66 40 16 11 15 26 63 14 70 63 41 37 90 64 62 42 100 39 5 17 62 45 40 12 99 12 99 86 32 79 59 97 18 74 59 
85 51 74 98 73 36 39 9 78 54 70 71 5 60 27 73 74 71 12 85 22 23 35 59 7 13 17 3 83 42 62 67 45 35 16 17 22 6 25 51 11 46 21 67 57 48 40 30 18 3 66 91 78 100 50 84 65 18 38 99 12 99 17 56 85 84 24 7 90 
100 57 52 45 30 71 53 77 10 83 46 64 100 37 93 52 38 28 68 7 66 66 18 16 34 25 1 69 48 59 58 47 67 62 43 96 32 96 72 93 30 18 8 29 54 1 32 43 28 99 49 45 16 19 61 1 43 13 70 43 71 79 89 37 40 84 85 23 79 
56 15 60 25 23 40 30 75 72 72 2 22 21 99 38 91 59 38 33 71 59 75 93 38 16 81 29 99 65 52 29 73 18 88 97 92 27 27 66 50 50 20 72 22 18 61 12 28 98 45 50 9 71 42 46 86 74 74 36 91 77 64 63 95 3 11 86 82 89 
4 31 39 23 2 60 92 62 24 19 12 20 68 20 90 61 17 28 34 90 15 24 67 79 86 13 33 49 50 14 37 53 45 75 27 98 87 18 12 10 36 23 29 3 94 70 63 10 97 49 51 64 72 69 42 10 33 74 58 83 40 94 35 84 21 62 33 7 31 
44 16 67 18 96 21 63 65 36 24 14 84 75 77 7 95 70 16 28 95 25 62 34 19 48 69 39 61 2 97 92 97 64 10 67 59 30 29 75 65 53 88 100 79 16 7 25 85 74 4 32 51 65 17 21 65 86 59 25 39 7 16 87 70 77 53 28 7 34 
2 23 86 42 75 16 57 33 92 94 58 96 77 8 12 93 28 76 30 38 53 20 44 20 7 13 97 59 92 3 44 46 77 81 87 51 96 95 35 88 40 93 35 16 100 98 61 28 74 90 65 78 10 9 97 16 73 93 26 65 47 22 10 76 2 48 78 98 94 
13 37 34 5 23 1 4 20 61 31 45 3 48 22 12 56 19 79 80 63 56 44 62 77 5 37 79 4 66 28 98 78 64 83 82 38 83 38 57 44 68 2 46 15 23 9 22 93 39 2 8 94 97 69 71 54 57 1 9 22 28 6 100 43 88 33 80 23 70 
36 18 90 89 63 56 12 23 78 56 61 31 63 6 79 83 28 32 39 28 41 13 7 98 12 49 38 96 80 60 66 16 77 55 4 91 10 67 13 39 75 25 21 37 30 100 20 58 83 10 37 75 22 44 73 85 92 10 81 72 21 98 39 97 52 94 87 13 13 
51 4 87 27 24 75 56 75 46 65 58 8 2 32 29 45 56 66 88 65 46 11 37 43 49 33 46 95 71 10 7 73 65 45 99 89 71 55 63 17 71 72 24 72 4 4 16 59 69 56 76 66 66 64 60 15 97 57 61 67 19 67 92 83 63 90 23 33 96 
38 1 67 9 24 38 64 80 6 75 100 13 2 18 78 65 77 44 61 86 4 80 4 70 71 86 84 12 61 17 8 98 17 74 6 93 63 22 24 20 96 23 32 97 92 62 13 21 5 74 6 9 5 61 30 27 98 14 38 58 82 97 55 98 22 13 42 85 34 
17 56 29 40 40 77 83 1 89 3 5 14 8 13 70 68 43 96 66 8 86 75 89 82 30 86 4 42 80 40 27 96 47 7 87 38 83 70 38 23 72 95 89 32 59 58 51 1 6 68 8 91 43 48 24 72 34 79 65 65 70 91 12 17 97 99 6 31 20 
44 5 43 90 93 74 48 51 77 1 8 44 60 50 86 8 73 9 93 4 25 57 73 15 68 41 63 18 99 45 37 42 50 80 83 94 5 30 96 81 30 3 25 42 52 62 49 77 23 41 32 47 49 56 14 68 49 28 86 47 73 74 40 74 5 22 67 10 3 
15 42 33 17 18 74 21 80 74 49 2 14 80 100 62 35 13 81 35 41 66 81 13 40 20 38 44 93 56 5 96 70 47 80 87 64 5 59 95 78 7 48 43 86 48 56 72 12 36 7 52 2 39 16 93 59 53 88 3 9 45 98 78 91 77 16 6 81 74 
53 10 32 52 52 69 99 7 93 11 43 51 14 96 89 30 88 99 34 27 2 42 71 99 72 13 76 39 71 8 65 23 70 96 74 21 17 25 80 9 87 22 59 100 69 47 81 8 46 15 34 47 8 57 97 31 21 24 70 91 32 86 65 53 33 91 73 49 15 
52 57 53 25 15 4 45 14 85 52 59 99 38 57 58 94 53 89 14 77 10 5 60 47 21 12 79 11 36 28 77 40 36 29 64 51 85 9 16 69 12 74 19 49 82 76 42 86 16 8 62 25 64 73 23 84 84 2 47 72 29 23 11 64 4 74 66 88 34 
81 8 98 6 26 46 39 53 40 25 69 47 38 45 10 11 68 45 46 69 91 17 49 14 27 64 69 53 82 8 38 14 15 35 72 40 81 10 92 20 34 12 18 72 57 79 34 76 23 79 44 14 96 44 79 22 59 47 74 40 54 12 6 20 98 77 59 30 38 
2 49 24 14 18 47 22 96 80 97 19 58 92 84 5 35 62 27 45 60 52 37 65 15 42 84 13 70 94 42 7 95 43 30 60 12 28 81 8 7 77 78 17 20 61 21 54 22 99 51 33 3 87 97 17 28 80 81 97 73 75 55 19 69 37 79 80 64 11 
39 23 88 16 39 7 28 11 13 1 62 63 33 64 49 29 32 28 8 65 76 32 91 30 51 59 18 81 90 82 91 81 56 78 48 94 37 76 56 1 76 17 15 9 32 15 89 16 42 97 80 17 80 70 98 30 80 68 10 21 49 1 53 4 30 1 49 18 28 
56 70 55 25 84 15 56 98 4 71 91 52 2 59 31 23 57 13 54 24 22 27 24 74 79 79 56 31 79 73 10 34 43 65 58 78 31 66 76 34 88 66 37 90 25 68 64 33 80 18 8 53 44 83 79 74 13 34 57 91 58 66 76 100 82 86 30 13 51 
5 98 38 22 35 79 98 54 95 82 33 12 41 37 7 23 15 32 35 48 88 77 6 54 53 57 87 38 86 51 40 42 49 29 64 35 60 61 88 54 95 20 17 35 56 23 58 23 6 44 70 94 21 27 99 25 84 85 62 69 36 53 11 36 81 26 70 40 38 
57 93 32 28 9 67 35 83 76 57 89 19 79 34 91 5 32 15 40 68 28 61 55 80 23 42 13 48 63 52 37 71 97 69 98 57 87 85 92 62 93 32 32 23 65 75 28 48 89 19 67 69 79 22 100 1 15 12 48 78 64 85 48 12 5 98 68 91 34 
11 4 26 42 87 1 6 61 80 5 2 98 72 22 77 45 21 77 59 33 77 36 48 13 36 59 17 33 78 59 66 89 14 43 82 52 95 40 65 74 44 18 72 15 39 100 11 59 76 70 91 4 57 38 16 92 48 84 76 26 94 93 66 59 88 47 11 82 38 
75 56 82 92 79 48 30 30 59 40 5 28 31 61 36 20 28 28 68 12 55 45 57 48 62 16 87 60 26 68 98 52 75 79 43 5 26 24 34 84 63 91 63 45 51 99 65 78 78 84 41 84 80 98 83 93 13 69 52 38 37 1 41 11 31 83 16 9 58 
1 44 72 91 7 69 41 57 85 71 86 68 11 69 99 8 52 91 20 20 94 9 8 95 49 71 77 83 38 85 92 38 29 16 29 87 84 69 43 68 39 80 87 2 48 85 9 51 27 81 23 20 41 82 66 90 52 43 24 41 79 68 79 7 83 59 93 66 79 
87 33 70 66 19 71 66 55 79 68 81 11 42 52 52 24 70 93 27 64 68 68 42 35 98 49 17 56 93 82 34 80 66 3 97 36 73 62 90 4 82 22 66 23 26 17 98 95 61 25 58 29 92 99 63 41 47 80 96 40 13 81 71 79 84 67 14 8 81 
56 63 62 77 29 36 2 97 34 96 58 58 5 38 1 4 100 41 2 31 36 93 96 68 63 74 51 82 39 11 62 94 73 75 23 1 10 24 98 43 72 7 100 76 44 52 31 95 92 33 78 79 25 25 47 40 98 49 21 88 59 34 82 32 8 4 84 69 79 
33 12 50 39 63 78 34 15 60 81 58 92 10 37 69 34 35 60 83 83 32 70 94 65 3 25 24 58 60 92 37 93 55 38 31 18 67 17 84 27 49 41 70 58 29 90 43 15 49 25 50 80 46 43 96 1 19 71 58 78 15 46 70 69 36 53 38 2 21 
21 80 69 14 50 78 94 91 72 9 40 48 58 71 93 52 19 93 70 41 3 47 55 48 69 24 83 21 13 37 41 34 68 61 99 17 90 92 8 61 100 99 8 9 21 100 60 39 45 81 80 47 28 34 46 48 9 81 20 74 69 12 59 36 72 57 5 61 48 
64 73 100 62 80 60 82 31 20 73 75 100 4 73 79 89 71 78 98 51 97 71 71 8 81 6 31 37 10 91 36 25 63 87 86 94 47 20 25 18 44 99 17 47 24 48 35 46 25 84 96 22 6 18 81 86 23 12 22 85 54 10 9 69 96 47 62 42 18 
86 11 61 37 28 7 12 27 93 57 51 77 4 24 34 21 5 20 43 68 93 79 21 54 40 89 50 86 51 43 3 88 54 15 24 33 73 35 11 65 43 13 93 46 37 27 66 93 98 61 60 42 39 80 96 78 21 97 15 71 91 69 10 96 83 34 80 55 20 
90 20 63 3 64 60 39 90 26 83 39 86 42 81 76 73 28 6 93 76 20 15 66 41 25 62 23 10 41 78 81 83 49 95 85 12 55 75 54 80 57 92 17 50 24 92 74 3 49 67 78 21 33 96 61 57 9 83 18 1 12 99 83 60 93 67 24 47 93 
77 78 49 20 94 50 96 38 24 50 38 42 28 58 74 75 18 83 83 53 52 35 64 50 18 76 95 36 99 41 29 27 71 29 46 64 31 93 53 54 43 91 47 70 48 72 96 18 54 30 22 6 64 37 7 33 12 1 69 62 94 49 88 64 29 86 79 59 78 
32 64 20 74 10 41 73 82 88 42 87 17 63 44 81 100 3 13 63 3 33 77 48 81 16 63 62 1 42 20 31 25 84 2 50 45 95 22 78 82 64 65 51 78 60 31 29 62 95 92 17 80 20 16 12 35 79 73 88 72 93 18 96 28 71 97 72 65 18 
50 99 33 66 49 11 25 31 39 39 25 82 7 56 1 22 68 36 52 40 23 23 32 92 70 59 14 66 83 31 36 32 29 68 97 29 78 73 59 69 11 35 50 69 91 51 43 58 38 94 97 12 69 81 55 38 91 68 56 73 98 91 4 78 58 52 6 88 25 
16 56 87 3 57 56 93 59 50 2 96 95 50 7 63 30 13 53 21 81 8 93 30 98 49 60 7 100 17 94 76 33 1 63 35 58 70 79 16 19 80 64 13 29 22 28 59 35 80 31 67 87 75 48 36 23 7 42 75 24 88 50 56 88 12 42 97 33 20 
13 3 51 76 16 79 49 43 89 83 74 71 49 60 46 97 47 20 55 88 94 78 75 96 85 15 59 78 11 92 97 23 94 99 50 61 78 99 55 18 33 28 89 82 39 86 30 85 5 36 73 51 14 99 46 50 13 4 28 24 47 76 98 41 75 100 53 4 50 
8 73 82 35 61 15 74 98 96 58 3 32 82 53 97 81 50 46 45 5 25 20 52 1 70 44 27 21 96 30 70 3 2 3 90 15 18 63 12 65 72 66 96 54 70 92 86 71 90 30 76 14 2 27 14 71 22 40 91 17 21 12 20 75 14 9 41 31 23 
4 48 94 70 43 99 91 87 84 62 76 66 89 41 19 15 7 89 36 98 31 4 19 42 75 45 7 35 85 90 57 88 37 3 9 31 1 52 17 37 65 44 2 53 85 20 19 91 60 6 40 42 9 58 35 84 54 41 18 38 30 27 78 18 29 38 49 81 41 
65 17 5 61 70 57 97 41 27 39 100 32 78 93 41 88 27 24 41 20 93 31 49 19 60 19 99 97 67 80 90 83 96 94 43 18 3 39 58 29 77 58 61 7 2 53 94 29 28 34 48 20 16 48 91 75 66 89 24 32 68 13 15 16 6 9 33 60 100 
90 89 76 99 1 34 1 53 27 81 80 13 28 51 28 27 41 55 93 30 78 76 49 42 42 64 99 3 48 59 2 90 99 29 88 99 63 40 3 41 20 34 53 99 84 33 26 25 39 70 6 68 45 54 9 39 70 7 41 69 17 42 58 15 70 46 65 84 37 
19 25 57 52 77 55 88 61 80 12 99 49 69 66 46 74 26 36 43 85 76 12 1 69 69 68 90 66 84 74 3 3 98 11 6 26 65 93 39 97 4 37 97 24 55 94 98 32 29 40 16 56 3 17 24 24 36 66 41 19 39 95 21 88 5 27 65 22 19 
3 70 75 92 18 98 46 12 95 77 92 87 45 48 41 61 23 16 96 88 57 66 78 51 87 17 8 65 82 81 35 84 2 9 75 19 59 72 30 5 1 74 43 45 73 84 57 95 99 4 35 7 69 64 10 7 81 17 71 62 49 6 45 50 66 72 68 76 43 
50 81 43 23 75 87 47 10 43 41 61 98 27 67 67 91 76 73 23 44 44 84 44 1 80 93 66 51 13 42 94 14 74 36 36 100 75 82 10 69 74 70 67 53 36 33 95 64 57 17 59 52 100 3 52 31 95 70 82 59 63 27 72 36 14 59 35 88 92 
96 9 18 65 27 70 53 11 64 16 67 80 74 19 31 28 70 61 23 39 94 33 1 20 5 88 34 63 75 73 7 70 81 24 87 7 93 39 17 56 54 84 87 79 54 69 7 23 29 81 14 75 13 66 94 69 54 27 84 80 52 90 1 32 13 87 91 57 25 
59 12 30 42 50 61 47 18 67 22 98 99 35 72 63 100 66 32 5 44 67 36 95 56 37 79 20 75 69 76 100 27 39 81 21 88 41 67 57 59 88 54 9 74 26 72 26 43 55 82 86 73 18 33 80 6 11 99 80 31 26 31 9 64 64 29 3 4 48 
59 15 87 12 23 61 89 46 38 83 52 19 69 24 88 53 3 45 15 1 77 45 78 7 53 41 22 34 43 26 81 53 92 67 17 66 79 5 12 16 88 15 87 8 39 74 12 41 71 26 94 47 22 71 5 26 64 27 59 58 4 91 11 95 10 27 60 40 83 
23 56 22 38 94 81 28 19 92 20 89 69 13 35 90 36 92 16 99 18 26 8 21 17 18 67 78 96 78 17 79 1 24 52 90 17 33 17 36 76 88 24 45 1 11 86 88 2 1 38 71 79 45 91 47 15 57 24 10 34 40 40 86 64 92 27 32 76 95 
67 51 83 43 95 83 5 81 22 58 33 59 28 63 55 18 9 69 26 32 31 59 24 70 97 39 13 23 70 40 18 89 91 100 31 37 34 35 69 7 92 54 17 71 16 71 88 25 40 13 8 70 23 31 91 71 69 56 46 91 95 15 79 85 66 61 74 99 95 
42 57 38 95 73 60 11 43 47 87 34 11 94 55 85 77 46 8 97 53 53 87 47 67 17 32 32 77 57 82 23 98 38 12 45 62 71 7 4 69 93 38 31 38 44 16 66 89 75 15 93 27 53 40 45 70 23 76 46 79 9 21 28 98 32 72 59 55 78 
62 23 22 51 54 12 47 21 77 35 95 91 80 73 44 19 17 65 41 44 62 19 52 82 46 1 66 70 59 20 99 72 94 73 75 47 84 21 19 12 7 13 55 86 85 50 4 53 14 96 96 75 66 99 9 64 99 74 33 9 45 83 81 38 55 7 37 38 27 
55 50 85 68 56 71 4 5 26 57 70 74 4 96 39 3 4 2 1 29 86 10 73 69 42 11 23 48 99 13 26 53 14 62 72 69 32 76 73 10 84 94 83 87 89 73 41 93 75 42 21 12 3 46 80 96 8 3 95 6 15 72 58 28 33 30 48 17 57 
72 26 92 65 60 78 53 32 19 97 58 12 18 70 66 15 49 61 22 3 7 79 69 78 36 48 10 17 95 26 25 66 3 16 30 14 46 35 46 16 31 55 79 100 24 44 14 25 56 87 27 14 65 96 91 53 95 52 21 90 30 46 7 32 13 89 98 58 23 
43 25 5 97 3 5 73 98 70 97 5 57 23 18 21 70 60 25 17 12 46 6 41 91 64 24 55 52 21 13 26 15 89 31 64 44 87 88 41 56 84 98 12 58 15 85 80 75 61 96 38 6 53 30 48 16 5 3 20 78 15 97 44 55 27 7 98 13 94 
91 21 29 88 32 87 54 68 66 80 29 61 17 86 13 98 34 80 3 36 99 80 2 96 23 56 74 82 6 39 27 96 59 56 35 42 94 88 10 59 68 90 71 36 75 83 34 8 62 36 95 13 67 96 60 41 4 33 22 9 71 49 4 81 56 90 23 49 77 
84 7 96 73 29 32 99 11 17 59 24 4 5 88 70 1 47 10 4 32 84 64 54 84 19 35 39 8 57 87 84 40 45 80 64 73 63 14 35 79 24 10 82 29 98 3 29 96 12 84 27 95 47 33 78 65 67 68 72 23 6 7 14 2 38 77 26 100 42 
60 78 66 22 11 94 71 13 74 18 77 57 97 23 55 29 1 19 95 20 42 17 26 100 82 27 38 58 53 89 51 64 19 16 37 29 9 59 94 82 77 70 90 73 92 44 1 44 14 47 64 7 63 89 7 44 67 96 53 71 36 3 87 54 71 75 35 79 34 
28 13 10 97 2 82 88 98 34 32 11 80 47 70 94 35 28 89 53 75 93 76 10 47 62 64 17 36 98 48 69 77 60 30 73 13 63 12 10 96 43 73 27 89 42 72 75 21 60 80 95 4 55 4 51 68 19 19 3 68 66 24 44 25 53 16 90 16 28 
51 63 22 23 42 63 16 13 89 36 73 68 30 28 22 86 78 89 4 97 44 72 62 19 15 39 71 83 80 38 10 30 1 83 5 42 45 72 6 86 60 78 53 89 6 27 26 35 67 30 83 10 1 45 28 67 35 51 49 66 88 10 95 40 45 51 33 89 23 
39 26 82 68 79 22 25 5 48 12 71 29 94 33 81 90 12 47 76 62 96 41 2 57 36 41 1 38 26 42 60 16 67 93 35 45 67 60 1 66 71 24 94 16 56 74 6 67 72 81 81 19 22 82 76 9 74 28 46 51 69 58 66 36 2 1 32 68 12 
85 33 34 8 78 49 15 3 6 33 75 87 13 93 8 46 20 68 72 48 65 22 16 74 40 3 76 92 87 95 3 71 80 88 30 57 36 44 12 42 76 86 80 41 30 39 86 2 6 57 49 70 31 16 96 70 71 71 61 57 65 15 79 96 2 8 5 89 51 
16 30 26 53 9 18 34 99 4 35 4 12 35 26 42 51 21 63 21 43 23 29 59 37 7 55 90 14 59 79 16 26 8 93 78 69 11 11 19 66 46 23 77 80 100 71 82 72 85 54 14 8 34 72 96 40 78 86 5 88 16 20 13 75 13 90 43 23 1 
62 88 98 36 16 29 87 38 11 58 23 16 71 82 50 94 29 89 24 66 46 11 81 65 24 56 29 13 50 51 65 63 90 14 98 58 43 84 95 5 93 69 20 15 50 21 61 79 62 84 44 7 94 25 23 69 32 52 34 81 2 98 44 44 64 41 1 58 77 
47 62 21 16 33 36 65 54 96 95 15 31 91 73 76 67 95 45 98 46 78 78 100 27 21 95 90 14 95 99 42 93 60 62 8 45 49 25 98 96 19 64 26 61 88 2 27 82 98 24 80 75 54 31 53 74 25 95 39 71 93 80 63 53 94 23 49 42 47 
46 90 65 61 15 26 48 68 4 81 65 80 12 39 33 94 44 58 70 38 97 40 30 28 55 34 73 77 82 67 23 79 56 39 91 70 16 90 38 72 23 2 51 34 93 83 28 36 40 97 73 88 89 54 16 95 88 88 71 21 6 45 52 61 35 42 31 3 32 
20 74 54 73 24 39 65 6 18 100 97 67 24 85 7 78 52 1 17 91 23 89 97 19 40 57 53 34 39 7 17 58 80 22 31 3 60 47 60 30 99 9 96 22 93 2 51 44 54 19 86 76 60 82 94 51 39 98 84 29 5 52 39 36 73 69 91 85 67 
50 14 65 58 61 39 2 62 41 97 15 12 83 42 23 64 87 73 54 84 9 83 40 60 73 76 33 93 66 17 59 67 30 76 77 90 14 78 3 6 75 69 17 57 10 91 72 48 64 26 83 72 60 23 31 32 50 63 24 67 31 34 33 12 9 61 53 74 39 
55 80 65 75 48 21 36 39 44 83 2 69 66 25 80 40 55 63 41 70 38 7 100 72 91 12 32 52 64 6 42 71 85 6 45 84 26 81 22 69 15 75 90 80 99 21 71 6 84 11 75 73 17 74 96 60 37 28 11 1 33 52 71 69 57 67 52 34 99 
26 54 14 100 95 45 51 16 16 56 51 26 82 75 95 55 71 54 44 98 16 44 30 67 66 98 75 84 1 60 83 26 13 96 26 60 40 28 27 7 83 29 33 64 3 79 70 73 32 65 22 47 60 3 65 25 100 91 61 53 50 43 78 14 90 55 25 81 82 
