53 95 51
3718 66443 15522 78078 42255 53464 61314 89259 30069 98777 76508 58394 45730 93568 63414 58612 49465 70666 44067 6404 50518 8668 1329 93603 40144 86638 86716 13022 11991 60763 39407 15708 43557 71280 10137 85811 41095 71450 75070 71163 86579 67929 45909 32308 61496 9322 90919 27313 79987 51338 33716 30504 60005 51396 40459 149 38034 43526 29522 50024 4288 85280 82083 47844 56559 8571 50007 14005 96372 41428 85168 82950 9356 31076 15258 87203 56749 22528 14515 36736 73865 48231 83591 50222 99626 24049 66722 54011 67575 96243 4034 88214 81522 2468 36058 
54432 11038 86064 68436 23762 43843 69955 6711 53198 17382 38320 40400 74131 60848 54915 10866 51064 19497 10808 17637 35474 34857 84358 89485 18783 96952 9870 23348 78473 28690 59405 49256 56079 61820 17692 79840 5662 3998 86551 75211 21380 24870 15611 95510 2069 86877 22727 69485 6373 33534 87121 58198 84742 71479 47682 19876 84782 73904 43224 79607 2593 18980 28862 58671 80800 62905 38511 2813 66903 41413 78024 88282 82634 9986 143 84703 96862 22869 54187 19586 72754 41307 94135 73848 29137 58169 93723 13919 32072 53298 9877 51016 72278 38738 9686 
69429 17995 64548 88593 84897 22312 82968 89530 4946 92953 6024 89648 6166 28892 60186 42103 17997 17844 36238 91844 63333 10758 1919 93603 42829 71568 3479 93844 43845 42216 19881 29625 60210 781 18218 61458 23092 1185 67339 28037 10490 73362 34036 33007 18605 10573 75110 36602 28417 27699 44797 91749 54808 63067 1703 97636 34635 5181 7831 94831 63748 44063 24456 23958 44843 59025 1767 84287 76561 69106 12323 3402 42467 62711 36409 61072 73283 27870 14025 1699 71920 75173 9799 26727 38240 11501 40714 89226 16681 64896 84056 80429 8958 24863 20738 
70153 239 38856 54439 76800 24313 83113 80201 66780 45823 32961 44203 19106 60830 74579 37156 32749 49751 63307 59475 4342 74807 188 93567 7840 65083 93975 4620 90393 35189 41709 76897 35428 96916 47687 12227 21229 47151 8779 4360 92974 41740 64914 28431 2569 39492 81938 51670 5594 45244 11144 9936 36403 27684 19854 60594 9118 13828 81565 99510 49017 39625 92758 84444 36540 40444 13022 57768 87595 38152 62127 96920 79891 27040 41702 98812 82883 39991 50481 88477 1587 77976 98412 54341 5659 34617 14934 14777 48445 12850 30638 13813 52474 39748 98256 
89013 96543 27629 63133 489 65780 25259 13760 62023 68651 55461 60834 67885 11804 27666 56361 13390 5641 71124 67730 27652 5741 99015 58780 70537 28216 5769 84349 80689 45516 98956 86053 42059 26584 49185 42547 92363 90796 72659 70737 75798 28119 31570 43682 56274 75587 43 69663 97580 87518 53744 25231 9610 69110 362 80146 97325 6130 64494 94365 67998 63449 80418 26408 6384 29602 68954 15099 36749 57964 85835 12546 86083 33757 56228 42356 9343 72622 28371 23274 60139 98466 64856 86101 67576 65217 66246 81252 87699 47092 75617 55696 26892 56034 82103 
33276 1987 67408 48374 38736 25372 50560 67633 27806 84316 23860 86513 10011 96481 14883 33284 72972 13349 98140 59072 97276 79708 41669 78527 67406 88760 54143 39453 15652 26528 21555 65279 44867 5315 13652 99954 30686 80563 67586 74843 64879 91446 61355 91241 4278 92590 24524 93601 22290 39015 69024 19565 35075 10693 98091 2480 99452 68586 58285 31455 11465 79839 96733 56331 1505 26736 56284 32190 23651 23870 7032 88529 31667 84739 79769 52296 77328 20644 45897 99617 76011 14920 19181 11085 41964 33623 29916 57768 18560 88200 89222 30025 84391 2307 86355 
85895 45394 58991 18085 69044 82860 41468 73924 30878 26206 70044 83173 19885 90688 45421 19501 66698 76693 55033 77782 18656 5008 7697 76423 39919 12249 81997 69943 96639 655 72650 82533 62400 31640 16969 47796 30851 58437 21719 61728 994 8115 61252 37231 98802 6673 56731 81851 83365 28116 59632 18372 49475 83680 11147 89393 95928 9495 59336 8918 26501 48337 91451 88900 79976 8419 53047 27178 83207 91118 5257 553 99232 66508 37783 98033 89532 10865 79883 72896 38980 55866 7620 4806 55897 18766 94199 68177 44612 69886 77094 71112 18222 68544 76363 
14549 93315 29410 58078 76521 20527 63334 93425 19758 29841 31207 34142 19373 42072 30376 8620 97403 2593 32591 2209 58489 51356 96407 43017 12319 82644 20111 83430 865 5006 59793 31765 14672 89202 89842 91193 26080 53175 84617 62189 99367 32176 96330 35091 74247 43057 60063 88001 45649 92653 90209 20489 60361 2967 63506 72679 85610 99968 56109 2826 21325 32253 34590 35997 37806 40783 43541 63885 93957 44509 42425 9676 76684 38754 44766 67282 98162 21180 55283 43810 13833 45491 80650 90545 64810 60507 63223 50419 60474 35683 69597 98151 84287 4186 34147 
22092 61321 77687 2328 71629 22195 44752 81304 15231 99857 42422 82512 98018 63601 37794 58179 93785 99637 38829 84329 80798 99335 63904 47568 76161 15938 17164 74311 225 37702 24809 22316 99022 2495 24644 70650 41041 85747 68306 56271 85604 10727 55135 99973 90679 9280 58152 816 8916 13332 85144 89713 29018 65399 37281 5178 81337 70796 95840 81561 8497 20648 20228 7518 39494 61223 94520 96887 46970 62825 53157 32573 89903 24643 48897 80581 33923 7048 81396 59190 20379 82892 65255 65749 48290 2535 87278 45978 89682 83118 43890 98179 20117 64118 22048 
59611 25340 16567 56497 88661 95743 26005 37585 85645 67000 86482 66226 922 9881 63973 60111 46612 46864 25365 12360 11506 44251 99637 57483 33933 99106 17725 48463 19223 81842 70510 95185 23533 3429 68033 28546 99171 10389 66130 84816 77388 52611 67393 78309 62492 47717 54772 9103 94581 96488 37814 22438 57091 37450 96272 7375 52908 13996 55837 88482 12189 42698 83666 35722 62478 68050 64267 61649 78438 46748 62816 72178 15711 30208 66838 94554 77924 21609 20008 88856 34449 57821 27645 91539 11622 23917 15265 64529 54264 71101 53010 66453 30150 53027 18526 
92628 21076 99144 70628 99514 45891 33443 88043 61601 80002 54880 56154 74277 76489 76161 79485 27289 50333 7129 18827 61955 47397 34091 26483 18013 21543 79493 84465 68044 32519 19342 60671 69947 18485 31298 85812 80727 81092 73854 58680 61093 28733 31185 35370 21573 23698 31206 48861 74030 38334 84039 35984 2083 18129 78819 20095 56023 74663 20911 24067 7181 40252 84737 93479 58736 32387 79290 55814 13478 53143 14493 90923 81876 45678 42644 19800 69375 73849 68661 43404 28534 52699 95740 30616 87180 74558 67062 43202 49220 87972 83620 72752 28223 84709 66231 
3310 17095 61872 59124 46924 31367 89968 37846 13242 35645 80489 49393 21371 70689 18053 64775 99223 70752 76866 29838 57931 67775 96900 17484 16994 1223 1104 6097 45798 85812 88679 49107 19258 50551 24582 66181 81917 14550 20379 11510 66546 17219 60902 87917 87908 95307 69043 87130 82410 62260 33319 56692 30034 46570 74175 63379 47793 91630 69475 93590 77441 58154 59048 13050 25056 83630 79231 23324 14531 15961 51185 97428 33179 28438 1696 21086 23744 70738 8215 6153 32997 41534 62844 79382 88103 37019 42760 52247 45000 12235 45836 22441 86740 4884 51842 
28147 4865 31072 67822 35747 63384 19006 33174 96563 47443 34870 17648 71187 21959 42215 93691 71308 83748 56535 50689 88202 9905 93449 40449 54904 22035 2636 93696 25126 23871 45538 53272 45087 92961 21093 80833 56345 56450 30359 69259 3892 65228 86906 91430 3538 45472 85121 74845 29219 58007 41886 33773 84263 35334 90573 55518 73720 9560 49214 98845 33431 11103 68468 78517 20415 5912 75702 93111 62361 6060 62369 82604 87639 65627 74034 91176 11098 75506 82373 56669 49864 24258 6793 34126 75943 97365 89643 49662 6924 55208 64858 56706 82662 33325 51575 
3077 55588 27276 12539 34300 49687 91260 16903 37325 73238 7288 28500 687 99145 27224 57355 49008 51481 80499 99485 27423 77863 89128 93436 1139 60687 58293 74196 43349 7969 25770 62777 63556 53045 75315 97855 2731 82926 31110 56407 56163 54749 1259 56850 53894 28482 14204 19253 79963 11055 18738 23737 88917 24217 17173 6407 1255 75465 80603 44603 99786 6372 7379 63341 75769 99046 77548 94851 81971 25009 51258 54486 79757 52516 11335 50002 97349 41890 85607 93663 52944 20696 17400 58213 61264 50924 64619 62518 42740 61573 7121 42525 67945 30851 22218 
60065 46248 99765 71267 44571 24773 22524 99056 20881 91391 10390 87235 5092 52279 72841 98754 21575 93536 32505 79787 54799 83428 44405 33668 26168 5978 40788 85044 90274 87991 7261 66690 50590 23377 37956 95160 64501 76832 10567 85382 68222 20956 72616 89665 89587 61808 88419 11161 71695 20923 90947 42845 20703 51703 76512 63222 74032 33652 48265 80657 21642 55526 47346 88583 95254 85302 83743 59755 78485 94309 45136 63058 31617 34103 52723 21203 12262 41141 48715 83956 78415 56013 26800 99117 7715 3311 78690 98099 36962 26955 78755 74955 98832 26101 63538 
94085 27754 63632 53839 6238 74292 15326 69295 5908 65780 38369 43462 78041 79509 92176 78348 74276 64540 21499 89744 72255 41162 68434 70353 78123 11740 65459 69430 10571 91559 49319 21007 35664 12950 74846 58253 87241 6523 27548 9501 72303 65916 52962 66695 61777 61490 61395 52404 26029 82893 42147 14635 24054 26932 1339 18529 38671 66798 4310 65593 74708 53628 86600 10372 82929 61445 68624 70169 84319 12523 96021 72973 94791 48983 39668 56567 26824 1062 8970 69204 306 67468 83839 24360 94400 85177 59240 49422 68326 63549 15015 43034 33528 1614 53405 
16456 79410 22028 2976 63728 34551 98997 53053 29341 64331 92720 2259 91154 10133 27580 60357 10438 11399 60547 51149 22150 45724 26740 71572 14049 6640 86586 73434 40167 4551 26838 56622 312 65218 59598 80391 16120 58594 33443 61812 22924 26162 64070 30429 52646 8001 7137 79436 19399 67684 46936 41549 29759 73676 29472 60159 96667 16057 33593 36834 36959 60430 93455 37270 25647 69404 17660 58118 44349 51103 19929 67272 93616 83998 14052 62614 8350 21189 42049 27749 88872 5336 85649 18630 95363 15120 78788 92030 47528 28732 28863 84486 89162 38669 38107 
31160 8073 72118 89278 52421 39572 25558 36045 33188 25908 50096 12153 34257 71284 54201 78357 76507 59536 64005 11488 71251 95476 6628 63280 59355 35359 92142 60192 24520 30810 98298 72032 55234 70416 77661 7655 26339 3218 60051 75878 29125 10146 88030 79734 97782 42230 58090 90640 18118 38447 2128 5720 33922 8755 68999 93277 44113 61140 53468 84985 8301 68118 73368 63535 54885 51028 87541 81223 70597 47591 57101 99722 57736 45130 79455 71869 3712 53896 62509 38181 92342 80988 43900 42616 89742 12898 35892 33854 90389 5711 35190 98689 73828 8557 62223 
45064 59584 66115 26287 46533 13705 99739 62606 87793 44868 58412 59661 64931 12307 38521 3111 4649 19508 63362 47264 25601 92611 99507 59455 82999 21569 94644 98040 11749 19553 60262 56812 95488 42729 99450 42020 56433 99188 4625 44225 60408 63036 20238 25338 75343 75110 44801 96343 94618 24514 59958 20218 17125 75816 96024 123 97384 7020 98162 9132 26572 74776 82296 22059 17504 81745 80431 90288 97285 85055 34513 57692 48091 71102 99381 39785 46211 44181 52479 57180 85047 12436 93750 2171 88251 6125 2293 1986 13144 16807 27470 56067 7934 9765 94478 
41789 7861 74908 32076 5145 76314 82940 79188 40756 54041 94921 80540 16604 39101 33018 73783 40499 61805 83884 42669 50055 90009 61314 68393 19504 78120 95862 91923 2405 5626 2752 44193 29838 94011 76268 51335 70324 75560 30522 11080 29600 25442 91619 46203 80895 40989 36338 21393 2793 20221 80414 69200 26581 41727 37592 46085 36198 33453 54359 38602 55430 57110 99146 85267 51120 91765 36601 21443 67324 83475 32522 96924 25268 40493 59478 22514 97833 12167 60259 625 48740 40672 69824 75320 98750 23767 37756 34947 57219 92114 89900 29000 49223 89045 30619 
342 80809 83571 38137 64485 67045 87010 61408 8665 27502 37237 47530 41686 65756 7788 42311 14495 64811 28486 6166 63560 68605 43922 98506 42175 52387 4757 71175 1610 10153 1793 18303 7314 85363 56439 71798 68760 59801 49557 93776 3654 86793 41305 45340 68900 49093 87650 83394 13903 32487 89560 77463 1091 49833 92320 43266 2219 97077 30792 20180 23581 32584 38483 30894 34298 11273 2691 3057 71073 52247 96832 74727 55392 38137 36418 24291 3581 24067 24037 17483 72905 29948 11297 90348 79780 19969 33613 81998 33397 64404 2178 56977 13339 57012 87871 
47636 68284 6913 50693 55709 75512 63876 46787 30903 18364 83204 71545 21944 23622 11933 55779 96526 41880 83427 3225 21659 3395 36837 20009 53143 17592 38538 10120 30930 95549 14342 78566 80184 21254 45610 52244 13117 25837 15382 60371 44201 98585 31916 66144 38558 60200 21922 51436 2080 5349 54660 40090 25095 7849 76450 78238 25440 14987 4709 72722 26887 19050 67639 23423 56655 13248 75666 69772 39084 91048 30142 83284 5984 78409 65780 60894 38609 87701 12329 57040 9401 66988 13481 50848 91188 89931 29085 16628 21269 33793 89349 48156 69194 56987 71578 
42200 86586 63595 28323 42021 70994 58465 41657 76978 53225 7436 37871 8185 11488 66551 81576 37241 49890 95057 88088 41078 1339 33524 57705 22607 67316 63405 70762 52861 36743 58691 95060 39680 22286 23383 81700 93279 98199 39708 86608 67775 47143 40830 92312 74983 7380 73887 12223 73622 85295 310 14699 86633 33833 88755 9240 17500 52159 96353 86712 5253 55044 98123 44932 93681 37857 42983 3311 52407 99043 6271 36534 46185 47100 28845 37519 70832 19083 49741 44453 4378 66402 75503 7362 16586 64257 32953 50437 32767 29306 37148 38019 701 51623 99302 
10733 89479 58636 14043 58238 57678 36665 94771 20215 117 23615 57733 70948 42697 7474 31752 63426 90227 23606 87140 6813 87862 20092 73601 20628 65749 10749 74998 66449 78723 74299 93533 84553 49286 7576 42790 23316 60592 37560 43530 60708 77526 1262 31655 36575 25087 79758 100000 31666 3363 3491 38478 7576 23583 12078 28203 89331 39178 19552 72132 34252 10202 65664 18805 59488 89591 61594 82803 50183 15506 26332 10890 93031 43945 58897 29605 85384 55006 45957 17049 74721 49447 71878 82296 89381 307 26851 78712 55837 46402 50843 90088 56604 16506 25244 
16091 22449 86838 15245 72631 2343 57928 83520 11725 18224 58768 41330 19959 13774 3638 53359 88494 53084 25236 70789 42465 41895 97639 37528 14083 60393 88370 20522 16996 21227 45766 49438 60027 32603 64682 32657 51297 38961 32529 63021 57184 91296 20702 77143 5069 24339 30501 93562 93775 72089 80703 52591 30335 94693 90118 44417 55085 94839 64938 72080 32417 10703 37869 92444 59657 18902 41452 27305 57862 73980 6678 31398 65276 27379 8540 86696 68070 55392 80258 61844 27480 77312 30786 57814 72004 37255 18582 27089 32093 83520 15520 80861 10574 69741 89656 
86583 88642 31108 13887 62856 5087 20564 94253 86714 47943 19144 73410 32364 74535 70019 10559 18367 47330 41344 92532 19333 78598 11114 62773 27042 10985 94645 24254 37910 64385 13910 24492 69378 61369 38379 32233 66455 75294 42837 53169 39588 61980 42930 71951 36515 12948 82509 71233 60277 23852 63764 95961 18801 74877 58734 62194 2213 69730 86448 40123 50466 16709 64614 36195 78077 19344 84780 60883 94638 27616 30403 34225 89596 73332 6176 42462 86279 88684 13694 46555 28888 77457 42516 64040 68686 17601 42586 70898 3682 29033 11020 70499 62093 75634 6693 
56521 94977 91472 17403 89614 19088 47806 40191 25035 21137 46366 83848 23768 51401 13893 86674 96640 7701 29189 60680 76386 63141 3265 63636 83174 48649 74655 53672 27093 66640 76717 83613 77969 68188 1015 83934 3627 65172 24124 45013 2661 70489 28860 26428 38242 59104 13101 34881 66805 58642 11912 43190 38134 31528 6825 37660 96528 97832 91331 23620 64471 68047 23584 58791 52587 24599 42725 56213 6122 66848 17578 8782 53689 62789 51561 8282 21893 64662 59514 88697 39655 71426 48238 94140 19305 71415 31799 32185 85598 23130 72156 66420 7528 95740 25211 
76466 20338 67935 49031 42811 51134 66608 51593 4822 29396 19505 29455 67640 84166 88969 72688 40172 60394 20926 34312 96050 8692 66110 28234 94289 5591 390 60708 29471 96129 85918 5936 32818 70204 54966 91980 21338 37925 43572 42511 67321 63077 71966 51312 63594 60934 24000 20118 37679 44925 54429 50080 69968 36890 78314 80608 58833 95055 41315 88303 7535 43585 10590 56704 30140 81908 48683 67829 19832 8607 10340 3504 88035 98657 54816 67980 75942 78815 88097 13620 40091 58877 63699 26410 12119 58364 7017 70951 69770 64683 75605 77304 8267 2546 50359 
54759 84453 99042 22587 20637 24000 49278 24140 12034 47934 78955 96365 23875 74121 84462 53846 30563 59690 33897 56972 71808 92260 63988 59110 62030 28671 34714 55685 53289 37260 6044 8047 38064 21437 46986 58700 45436 96263 82840 73821 60549 78146 70185 84423 68619 70998 54621 99181 30688 88517 56153 18847 97128 36492 77957 75509 65162 29022 31194 34803 66281 53589 59201 4345 75025 6186 79396 36812 18801 62235 26984 79349 56733 13520 80123 25351 84518 34743 40883 31557 39611 97035 66755 36739 49879 44711 12247 15040 73733 43440 66194 56365 13380 25395 77061 
4756 47932 56457 57919 66732 35043 84902 62432 91775 14774 42555 33477 15643 93649 74360 47199 33260 87746 30305 69998 37624 75016 82244 69016 65100 42036 35209 37816 71767 76955 31229 76523 24887 87685 34441 91618 39079 35695 54050 30854 50468 12956 80682 66110 6604 55041 29660 56215 42787 59964 26212 80410 51331 24808 49425 32782 83195 986 70598 54961 77940 1826 31483 2826 5862 82276 10796 44940 17970 81197 92145 68437 94152 72827 34546 17107 44219 80557 73322 87005 40520 15885 83767 91851 57044 49543 24632 40238 66880 11581 11551 44820 13406 43033 63997 
35619 41660 74792 96911 59629 72340 89055 44417 82843 78233 95314 99950 22452 75870 89623 25808 16390 21859 25926 24592 78903 75469 49223 35492 42348 77156 47042 3519 90561 6427 67516 42532 48086 58659 39442 24067 30999 44848 68483 13841 39433 63797 13790 78236 39666 19764 4043 72407 41623 29969 96998 20525 21789 62573 56016 80488 39728 19410 84007 46640 25836 51522 5523 73921 10180 44964 97987 41178 6164 66470 71371 45596 46618 85160 23831 2635 21276 44225 91394 62898 74193 88391 99774 12333 67315 72141 92821 23394 91550 76827 70034 17385 44700 75556 7658 
71231 36872 5644 28761 43035 88465 131 4982 51434 1642 28812 54069 22917 73036 61814 2166 63581 50204 1939 92265 33871 74080 85085 57264 81981 78263 43649 15718 39314 19205 23375 10545 72428 45370 55657 31814 33835 55787 36795 1620 73780 65606 72040 96697 54993 33853 98862 34925 409 17153 27190 34279 7584 28626 7894 89564 23241 51543 5281 62554 87099 45007 89450 59526 90377 45106 7691 40563 17244 44485 42182 91024 26442 14222 4072 97786 48074 19285 32711 48482 36437 76252 99112 44020 4877 7006 49936 28117 74900 71568 7023 61998 16575 96472 37875 
23303 57930 45565 63865 75173 6401 6046 82548 32842 36619 86619 30627 84693 5904 79689 49526 42340 55940 64990 2712 77169 71995 68999 21637 63246 40566 28659 41595 73492 41483 95821 96794 99412 57737 60658 74584 64137 83056 57132 96978 19674 60102 43956 20718 66005 23645 70244 24697 95936 51585 27408 73104 39931 12758 11093 3176 53323 56103 44770 26815 97585 40590 39960 96996 98326 618 87932 78814 83673 61415 75791 19698 21516 19746 40416 3873 59742 27011 28569 55678 78595 72328 45133 18525 85085 56225 38052 54759 12328 82821 81573 9912 39762 37885 23260 
54439 38502 11191 33252 38526 88957 25394 58223 26824 61491 98638 30696 21233 42000 59264 76910 20594 31591 38394 55470 33027 94619 93521 87786 6946 92693 85710 33209 48806 23594 72820 3244 78447 362 52847 16972 89318 94592 91547 16142 56083 6536 46837 93667 48536 22453 86928 85481 70395 25321 40951 3422 19939 50823 7559 43236 59868 93268 92797 8673 16862 65616 28269 95308 65978 97467 28632 71647 92059 20178 87788 64493 26713 50977 58159 75248 73429 45086 77081 60175 86758 18031 63596 6697 85205 87506 66284 45072 80774 59080 53745 13987 41048 98365 25646 
23377 95831 54277 95023 87889 74454 99163 68733 17519 50139 26891 92766 39919 88328 69846 93 75086 4228 80041 98134 5785 67546 80769 50856 64671 56201 20952 78657 97248 19316 4303 20624 31499 74931 31998 35739 49385 31160 4472 83255 97650 47714 76020 37568 36042 62218 54013 27479 82797 50405 41964 4933 34302 22732 72141 98973 95284 93092 93981 92531 28760 14635 29506 76610 89566 61504 12348 55302 92663 16819 38556 6665 64533 30927 44232 16926 9496 14596 60756 8645 65000 19071 13577 99302 58154 85717 14626 53438 95161 8606 62320 40272 39593 91826 16881 
29158 69681 29228 811 78695 62399 39366 85359 26931 86644 29591 60208 96140 44186 37315 21136 25538 56385 34712 24839 14538 36781 39464 67975 31941 64421 30295 88564 4013 38472 21796 49522 8152 51023 50332 86846 29773 6049 88557 73055 92693 18147 33262 5184 78684 70576 26319 4221 43312 77382 45411 57850 14162 1226 42176 62454 81999 72470 51017 86011 27293 72812 35533 35444 40187 2216 38642 86311 8265 27198 59366 17309 61696 8979 38844 56731 95907 81514 77304 39218 58895 22714 97067 89409 40292 39243 51862 22290 28064 19231 24652 55357 8394 60184 7152 
64932 78752 45793 51243 87016 89342 10608 20676 51037 35938 75871 24120 31844 57384 1423 71062 32630 24136 68128 22038 80779 23722 73900 3068 51786 9482 27720 23494 34227 4255 30645 99159 99358 92790 66753 2725 82131 93712 23400 49520 29649 99270 73639 61493 73005 91413 32554 5635 31900 17033 27672 12679 40755 17923 32098 8892 43756 76169 32385 77983 96776 79381 77141 96133 72170 43893 98858 70653 37604 38609 36524 83604 54231 26514 45096 27235 17926 77649 32869 49825 11034 76893 62503 51788 94815 10953 60679 38571 87121 9415 16553 83896 88795 10045 80029 
77317 70289 95238 47969 24244 33846 844 7847 88076 27357 52943 15311 61634 46943 64531 11458 57976 41423 90313 26115 52590 1265 3145 91160 88385 12559 24064 88633 17706 50460 85013 95022 20748 80250 59342 44991 14095 60185 69189 18523 3893 22131 50185 65526 85426 14715 93335 43401 72490 83647 85868 25079 84911 89012 32590 89648 17923 73005 78280 35628 23464 79644 47001 44211 59893 6342 5553 90339 82878 74741 8861 3122 13224 59045 84999 98649 90112 78333 58401 62601 61980 60620 87679 63242 49632 36620 69241 67554 9624 47520 19533 33087 43515 66533 93649 
3407 89226 15553 10098 72103 6645 18958 91576 19868 94355 76574 34868 84466 54906 9621 63418 16885 70240 67448 96479 19871 4067 65719 3776 13690 29591 23308 46776 73105 6192 56776 92864 95417 72328 2961 67519 78972 38270 59094 98840 32624 35667 50059 33441 6925 76031 13210 23809 46271 80657 36639 82493 84723 2358 86269 98412 31948 25928 61539 21404 32120 18314 14267 27536 90641 17227 11407 85965 55497 86852 1156 4472 38871 51214 54265 45795 27245 67474 85955 89867 64483 22594 72359 49205 41303 74979 63969 73250 17259 41859 94653 65730 60173 25272 9617 
67165 42498 21023 53129 14346 24227 54284 35170 63097 21850 89434 25243 65446 73259 11197 55312 54093 50142 44022 3298 91444 19001 83618 81045 52611 25476 92050 18340 2000 17321 27956 69165 76170 65331 38645 90516 89557 9281 42037 69005 31130 47822 94247 96575 21080 21795 68238 75173 88289 12259 94822 96084 47611 94791 77129 221 20266 85530 18560 38618 2850 62868 7782 95371 28198 62778 2238 17754 72058 44274 3110 19539 92095 13708 16113 29527 35502 84350 21051 40142 96609 32224 36226 60571 27014 29706 60792 63631 15235 79351 2248 34436 58570 26381 46158 
86767 89159 48396 20872 77568 92669 23981 97107 1116 37688 13219 30642 89542 13921 68044 46035 26881 267 82260 87451 43632 28317 48242 7262 59903 43945 9510 10690 2514 35890 56848 5633 41400 5243 26504 18968 14263 66837 16074 15378 20876 45644 62371 26769 59564 30414 72804 2796 47032 71415 90247 90663 16084 54840 97925 75986 15136 23786 3028 34002 59675 59875 55986 1075 81469 82489 36394 95731 65677 52467 27461 2905 98110 6183 29673 57674 52949 2476 76821 99980 90243 67067 6995 6326 38259 21271 98663 69746 45056 1690 3747 21082 61564 59732 38508 
59384 58573 74901 71467 40601 27367 98927 43505 25477 21461 73178 99502 74409 92005 76322 90741 98599 59741 14087 4924 14351 35357 19939 84096 80412 21628 4195 17845 99544 80278 56353 58927 55202 31253 30393 95803 74972 45671 55659 16800 67132 45188 32653 57892 53545 8974 64984 52143 85066 79070 73419 15768 14426 93357 16216 11189 31336 36762 29034 30879 17039 85386 89806 88593 32990 36550 747 7961 82221 56405 24760 65704 1593 57412 39947 55137 82738 4931 23631 84155 352 97049 16275 14778 6757 32490 25966 38093 85603 71351 68971 18993 56736 75128 7585 
6078 11678 8331 30390 10250 81088 55150 92305 82680 28913 32251 54168 28002 53533 77798 28509 53885 91199 61135 85014 97955 9976 10979 36047 95578 98682 21370 14570 71769 96497 22155 77846 8174 46837 8236 34775 27924 79737 27079 26955 25001 59330 81122 69355 12862 58920 14215 83098 50118 75349 68111 64424 85324 95442 471 80901 94123 21840 95470 65891 34688 33976 43737 42862 97165 68324 77636 25088 48060 21067 52043 89412 80396 49516 58766 9609 24787 72980 9059 74904 48328 77169 55680 50003 72610 56150 30903 83084 94341 42725 48975 29028 93052 9063 88241 
90216 93738 82229 31656 41797 3295 83698 47560 42 49565 6326 9650 74352 95657 18708 65607 43985 12229 21286 93987 1190 93787 41242 84274 88127 318 49600 33507 93369 58662 38099 99937 52399 20327 31592 10547 23621 31641 58106 40014 81205 80783 49664 71908 76440 84723 37515 36776 13303 58800 47114 14493 52587 88355 98766 57065 5024 48365 90571 14745 23378 28670 14681 92128 65348 62624 19026 5321 10616 93483 45334 8172 74266 11349 80080 67057 96072 17594 3832 25726 92745 50945 40218 45331 55652 55335 18748 60675 20051 9318 91771 59780 54339 22803 68259 
36039 85426 87284 41359 12393 80767 86692 20565 71384 98041 16996 38440 10464 50941 42271 36189 43685 9567 92759 5368 65218 48093 24115 42245 84496 49784 34015 44275 4123 56818 12534 40161 58595 16169 97871 70988 13287 84562 7904 84670 82602 41251 39461 93065 92191 98083 45606 35875 7650 38364 41242 72867 2808 65356 31463 87303 15140 65478 31578 35614 38647 60463 92126 97241 76631 89996 84580 89918 90909 8835 90939 73511 50085 30400 82927 42275 28482 44884 78150 52483 83247 35743 41702 86055 1099 73164 89709 32590 38641 37638 84555 93639 98100 93032 90880 
91083 83027 75459 97352 90287 84294 88290 63797 50730 35041 63076 93005 79875 7959 71154 32357 7558 6896 74058 9964 24346 47222 99672 73287 2214 37310 57841 95853 51761 50872 3084 59195 50250 94894 56546 40537 95539 44836 20685 46269 96228 112 39273 76102 24423 26778 24811 31980 50025 15220 58295 74371 78793 57966 64009 81007 11627 21850 93211 79740 89073 12646 38934 55675 7539 95480 96211 19430 56667 33247 65698 52894 33359 21322 45348 74133 48099 70158 6112 98123 85377 64406 88845 64170 38723 69206 61528 66702 91055 71090 46441 96479 83735 85374 52153 
7625 80853 64715 27054 37519 14314 9103 6765 47672 30424 68464 21804 78522 54973 44267 92997 56701 25024 98193 37222 63746 67398 98749 46799 74804 86190 93239 87635 86276 78613 39787 10253 59465 20854 37306 13336 35167 62761 36452 99190 93184 4915 37345 88058 59887 81611 97406 16587 6634 95598 53809 86731 79348 68909 33530 54151 55099 43120 41785 57726 21732 97924 67978 97549 35129 21636 10884 70295 84396 47335 69484 77579 68601 23180 81988 28487 4790 79393 61425 27775 74991 15233 30857 70690 84142 80738 24840 55592 23858 82977 13317 45589 97252 97647 43137 
32380 19282 70372 19026 3677 34058 4861 97607 2658 28040 95947 47496 32829 75339 8921 76955 66681 40505 7811 37370 24646 4901 62210 96589 28758 61538 26258 90698 58789 23904 50187 7520 59537 36910 42897 79565 70968 47757 93523 89977 75796 89469 53825 24976 64808 79097 18282 31488 19601 42444 85210 60599 47344 63771 57187 92453 25308 99796 83151 448 40051 49689 24319 99587 86598 67215 95503 73917 14971 89026 63894 7118 78494 34070 48445 59653 13166 66726 7493 32766 9169 92702 93364 56513 56472 66903 65317 98131 66698 48467 98578 6749 98155 39248 22687 
1105 6462 18190 75021 37784 7215 55266 44901 2060 89335 93345 78065 18852 60070 85557 51618 85590 94610 61333 58454 67433 28235 23771 65563 94933 88589 80492 18033 3096 19739 40719 4200 42552 58908 79220 80335 82474 34486 25235 84534 40172 34931 78950 59024 11352 80858 26993 96941 75467 88325 71747 59251 16560 95517 41165 27844 84105 21656 45876 3552 57746 86594 7751 297 61854 3323 80631 44327 37808 22217 45212 94331 57147 24161 53354 68498 5018 80346 81790 96836 85023 53536 72438 1582 49052 13602 45777 49509 35257 91652 69412 9354 94597 77163 9650 
56450 80485 90280 17129 34644 12496 62340 45326 85994 2853 98680 54491 24222 95377 36281 21058 96751 6168 9847 14684 71572 23449 60460 21080 75057 68463 90491 84411 63060 84005 94060 35861 80841 692 52989 31836 29539 31681 77162 15533 34533 75841 86375 58754 87569 39007 96163 84320 45175 6010 99003 16746 29458 75815 54177 20866 44277 61019 5276 23688 61376 99336 59549 42216 16379 28889 74052 62269 60569 51213 77801 95101 43405 80528 70207 47325 35886 66369 47996 81060 72378 63351 14157 18187 39165 84685 39053 83441 62056 60680 7129 23431 76367 83029 81998 
92745 11917 56049 55014 88838 23613 49166 290 83369 46045 70496 30694 81931 36865 78689 79342 25594 58391 9851 60133 97555 94535 15537 80996 72942 76216 4476 96372 68935 3856 78370 61679 32124 50770 33044 20961 90735 98562 37603 74103 44606 8098 21148 42888 61314 16189 22230 3260 74579 32080 79744 72134 42966 95280 69481 15908 87847 90308 28631 56781 10515 23352 34812 42638 74122 84207 79951 81208 82768 17553 71662 27374 42002 92810 86613 19668 8998 8842 22927 99928 57273 2670 88413 239 14301 74245 32498 18499 64552 61128 75280 75066 84480 26443 34056 
74953 10649 14006 72512 93417 47910 44173 37142 6263 36982 23754 25930 62331 48948 48856 78611 6220 67877 67023 22810 98529 41268 55307 33380 22171 32787 8659 13589 33618 51453 47644 8570 62101 78001 81081 71869 25910 25253 25362 32172 78587 49116 58102 57269 14415 23309 35879 20634 7538 2902 43444 22418 60521 15102 55797 82691 47888 80807 96279 81505 32259 60274 6426 10712 38274 87506 98932 64183 29111 24294 12707 24049 89761 87160 81317 4175 26820 33548 24808 34357 52801 84603 73127 29673 99705 28923 12363 47592 26082 24994 45449 74692 85267 51874 85403 
23541 55732 687 4075 1194 24980 16781 25242 14740 20292 22910 35266 47112 72809 60073 97820 25609 61028 70946 55281 60732 16221 83996 24675 58654 25341 70123 33345 10607 38349 35100 50499 94080 35786 70926 11625 60765 4058 53218 91856 24350 92479 27121 71461 65288 3545 85632 7248 64572 72930 78881 41655 89150 79228 82682 64155 4568 52804 97499 31526 7504 48950 82025 17935 84735 69302 29559 61851 73359 82776 70058 97708 75255 97178 85520 56894 17075 71152 80493 97998 44081 59373 39653 49582 38600 22334 13736 59519 91489 27586 91045 98993 76536 89421 33279 
