98 62 41
21708 57881 80573 16998 10779 53144 3417 77464 25213 52720 12235 75223 71621 20442 7027 56582 56617 29359 53576 25312 18321 64672 33312 27586 7171 97846 66153 7182 60295 34614 60034 98354 92494 56959 15352 19624 10102 35120 97087 51666 87839 25673 26889 59459 62467 33915 32393 19083 79625 2320 60746 14298 66991 10410 41883 90513 8255 8035 97695 84901 59000 74080 
83255 51493 47390 14958 87469 73843 50077 907 25509 37916 26580 68749 13726 89046 19015 46118 24480 98639 48437 85226 12936 31779 95635 71170 22292 20241 79204 36338 5141 38203 26769 88395 6048 74159 19704 9868 64353 69781 10774 89861 24048 37353 74961 54125 42750 93975 243 67230 92614 65031 52455 21901 96810 64441 93071 35453 84681 88626 88142 89821 43181 14910 
94568 65580 5420 30623 75447 69773 16755 86220 75985 40802 23573 50946 11279 82674 44920 11521 49903 53885 92903 18709 75786 6064 83149 85208 57868 67829 90185 46009 74002 33365 60919 84921 98944 82690 15543 74390 52462 32298 76962 44799 89451 534 95744 729 83207 40663 28601 49462 10900 37856 68170 86685 43919 51319 88244 18139 19147 78428 64147 9500 28145 41417 
94420 27088 24107 26315 17830 92920 74964 94791 37718 80766 11676 33461 97847 11234 90476 42799 60695 1375 80654 45217 4411 40925 96535 9006 59063 32033 87433 23209 57885 15577 80978 52304 59017 5084 94970 93198 14355 69933 4340 52073 50699 16015 1885 64897 27248 92360 7695 4295 10086 88349 65863 30848 45625 62397 39853 4687 10781 27286 44247 68665 59214 25224 
37321 34582 46659 32290 44131 61014 18575 48470 13086 85625 64484 14970 50521 8084 23682 58215 28730 50119 62915 94592 80967 8539 73340 20819 13225 84120 64456 57472 52785 40022 99047 90105 74603 45706 38746 18734 23071 57320 83555 36156 42944 48039 67477 93464 72474 7510 51679 1203 57629 14593 95794 38595 23132 85485 59413 52708 69604 40221 26531 22388 80242 25578 
28844 71196 87635 67590 6281 10705 24909 89836 63212 84205 37874 47040 77668 10347 54550 45698 27901 12178 60291 40046 67124 99774 25530 42888 68833 95133 83108 95364 33873 63349 37293 79068 50897 41279 63009 57177 51983 4270 47012 31546 88474 1237 78585 66141 27935 33134 11839 55835 61663 88481 12232 45138 4606 37761 88026 73438 49246 71133 85153 99470 50834 38797 
94889 1730 80075 57898 58906 48409 62167 22270 79954 66992 23506 74891 33132 51441 24376 61322 23627 2391 66154 35859 47528 70759 89971 35553 60549 39216 23038 45701 55037 90223 850 49926 91952 80924 24175 67209 29333 2693 89478 25638 69684 12984 16880 2815 80776 41256 80489 4402 59998 46642 56612 7525 33753 46583 59430 94301 2150 82467 56353 57187 72689 57202 
23464 80992 54478 47638 48200 162 66682 54030 42151 36365 67013 59031 55531 64140 16638 36019 68541 76635 99013 25153 511 32765 88087 59940 27065 90236 58758 99769 63774 47798 73323 87237 28789 27800 51226 76989 27961 17907 31018 70111 54271 14382 45493 26154 78521 62130 78524 63413 55116 77536 4917 55627 10300 93003 15566 53716 99591 74324 53485 63364 22121 26807 
50601 67262 70958 18178 60602 98918 36085 7971 85380 6707 38704 30873 49212 33576 93002 27736 96988 48118 5271 18257 3744 15571 27611 35661 85638 27201 26336 55474 90565 64809 82280 57517 32070 53237 75694 9023 68506 28130 16993 53886 51189 55696 84758 400 89271 94111 28135 2610 58580 33406 20866 78675 65328 48477 14336 67317 75677 57023 22791 82593 21831 5070 
40109 70252 74659 32155 79274 59516 60284 96266 13401 11472 68313 14510 28224 57583 8621 56358 60193 67200 6115 97410 45875 87794 45886 76562 55111 37915 33584 77901 36859 71767 99322 76968 58370 90332 9122 37644 49848 85757 50261 79600 13581 18574 94110 41804 76156 19082 14513 52700 2633 36980 50110 64859 41125 12347 41420 96235 50261 91356 90487 3472 63122 89809 
80439 37843 80140 5912 75486 46339 8020 42099 25939 21600 60672 36400 79755 53179 55481 10620 5879 58113 63951 72340 22972 5075 84686 80743 1310 51299 72098 91796 54770 51571 97956 51560 89414 94448 73823 81251 40786 81842 23349 83076 19794 372 19475 15900 53551 74955 26519 75781 49420 90469 48120 88743 95544 49157 69485 13205 16807 57935 21352 71576 25857 19308 
39487 31622 30107 13309 12873 87244 95151 52573 70320 14944 52945 89794 47195 22847 81101 73714 98627 46872 80534 63098 35614 92429 12254 21450 5633 45413 79384 43337 16988 21593 78996 56475 53214 9102 69783 82438 96345 81285 35011 83016 12580 4307 89162 59775 27153 70262 49840 25779 33485 30373 5228 85450 22802 33833 6899 44786 79245 2635 88122 12585 24227 67117 
69059 93792 76218 55193 92582 88915 52830 27592 71930 65409 48250 61091 41535 75402 47704 91374 17532 81188 38099 22759 82989 60900 72943 89888 5685 52188 8874 10159 64772 49452 77275 50182 43243 69845 21726 35824 58759 74555 79767 47040 56316 44368 8131 14202 19769 72186 5576 53652 69726 43674 76410 52714 20925 49353 58953 42961 17892 67826 53119 99015 17277 46746 
49196 76872 16590 87273 29047 75348 61828 25166 22387 34495 69533 46869 48696 89302 19055 70623 42953 88780 30648 35715 57845 67924 1419 16798 10885 35662 84623 80355 34676 18252 27100 83871 95123 43689 71143 40521 35388 49322 65686 57775 168 35219 20995 65216 40872 40049 52190 176 45180 99190 52242 3025 67113 70012 36174 94349 5673 20796 74704 40348 55399 1803 
40570 50521 61844 28065 7394 97231 77386 73079 71357 93906 24649 92352 59121 81872 48752 27662 82048 10284 26851 50641 29660 93964 20653 65833 88312 26325 2980 79367 66673 58379 97522 7242 25251 59365 51658 32644 72947 29044 5723 60656 39301 46723 53007 14773 28595 18110 42434 26994 28393 69285 77634 58052 79600 14638 40236 84263 40963 43216 63630 23987 1594 61151 
47580 26844 36867 99238 59488 9813 44633 81562 70468 83933 44636 39826 98705 73230 74288 57490 16575 19032 43126 10561 77084 22725 25198 33671 6988 82512 76886 70617 6498 78479 48119 54078 21675 84985 69667 97514 11149 14299 95427 81617 14583 40062 37794 29639 29644 12081 87128 46218 31113 30254 56778 24548 52978 98328 74570 76317 80839 51456 63285 87337 46286 11403 
57766 67960 96387 27432 65473 23888 58082 60899 21856 72664 17313 59649 2302 46956 88082 89429 93173 35546 36034 66303 76445 5364 80982 51014 81680 61820 18821 44965 65508 65107 56367 39625 49418 69106 67056 31243 92993 41489 8493 14848 14152 25805 90848 16453 72760 95281 22234 82285 30826 58267 64939 23622 63630 45920 74636 61662 24091 9808 6626 89599 74914 79344 
29223 24332 64801 12631 55574 57793 54119 64066 88992 84623 89871 96192 1075 78982 91472 23308 61266 22298 97927 26204 62271 61556 88475 36906 23217 12566 63066 46194 2164 37979 25538 47738 62310 6690 76720 34235 64483 47191 14653 69826 31813 4523 66017 32887 99856 57489 72547 61122 96138 70473 3677 58408 48380 92152 11666 87949 21069 74731 34142 39584 12709 76031 
87321 91371 82721 80393 41957 63555 27583 56609 33380 59395 77483 15749 92281 77339 73237 81179 54812 85726 51651 58488 44133 16383 66991 55798 4331 4411 46880 38472 43994 75941 14503 47667 67311 13575 28059 25619 77129 55641 82228 10508 15035 76062 42608 23667 53400 15844 21198 8211 1569 89200 83051 62054 5582 66393 34203 9912 70804 81083 64736 31149 57023 95590 
78815 40685 9164 6873 82655 86292 78865 64882 13151 10251 40944 55759 50270 10695 87954 71467 35258 5875 60666 34660 67928 66248 17404 18482 92511 88207 99564 57246 35708 72938 69187 14522 13622 78350 37747 96277 80993 16611 77510 94144 26862 34805 66254 77131 61852 70559 64949 97109 76433 25614 31768 60712 8213 49171 79194 17076 53730 95109 90673 5789 68047 59860 
20310 98020 38209 74408 10648 35554 91019 4510 46049 34232 39314 12302 27714 17517 99212 92662 14625 75645 34627 62744 52708 42840 28267 48253 59915 98348 43362 50587 4136 27760 10446 40797 25779 65007 15205 36427 560 22575 57288 62960 73158 12953 91613 871 30470 90824 93532 45094 82820 44510 24190 35528 87349 52456 132 47263 67155 43493 14202 87642 71252 40999 
28438 13383 22357 59994 66161 39268 82568 23448 2227 55725 36400 93839 72947 66869 84663 82830 28315 83834 27340 52504 35713 14688 21311 35845 78303 4817 95689 8856 92458 66941 49854 20895 96675 72211 97241 62835 11478 79808 2634 13705 51885 39033 23895 41183 22254 8557 24013 50568 8743 51352 19423 44455 82391 57085 80299 77045 61901 75988 85900 54358 59280 52106 
91604 55954 40668 88844 35140 52145 85004 37773 82201 53240 93157 22448 94422 31762 47356 34786 98681 56098 2489 34455 553 84880 91539 80851 78276 69791 56838 64176 40500 32469 32633 32104 4774 73300 37299 39913 41796 38654 94037 23997 8245 3546 46444 19019 51659 93799 53804 50340 49897 56293 84794 66801 57524 76333 47651 35799 62475 20841 99974 2975 69661 48958 
35078 74435 22257 88728 30699 64053 43734 41088 4401 51978 44633 67196 70996 96291 60994 24800 62982 27242 97444 47776 94042 54967 40460 58045 90765 2934 95237 7091 5908 64897 56048 57337 39331 94657 62417 70030 58709 6150 11117 63109 58127 72101 30304 45475 84743 7649 86626 47725 51243 84069 95500 61636 39035 35959 36032 46151 55244 31268 69593 61152 96165 25641 
34840 51847 36649 97256 38228 95357 19757 49344 74817 77884 37796 21472 39710 22539 45472 26335 70263 96714 10403 82114 74702 65789 18072 10733 28291 89667 58353 97884 67170 70869 39876 2010 22715 76524 15617 77295 71880 35374 26638 63048 29609 80786 84519 69318 3324 29990 12004 89938 43056 22406 72051 34109 4546 6474 44841 32836 96140 19545 47071 63310 90413 86946 
81671 29480 79821 13639 6774 51700 49012 49763 31099 94972 30548 15617 80641 50223 61959 92644 56512 21366 31401 28562 55474 52298 51387 16666 1486 47527 36211 48556 27188 42975 51854 25210 72454 31674 38848 95579 99726 4212 45342 30824 15535 92241 62793 96176 58816 24751 5171 15327 46116 36572 60241 1589 88869 11627 18254 6706 75505 70816 55262 19044 13791 7115 
60605 2596 55140 99453 98175 54865 20016 59868 85689 35550 68460 48481 48077 27275 89583 53248 58954 52050 6171 19194 69990 11391 47172 88243 18097 39029 75411 89710 58072 89201 96824 18677 91796 68315 34481 6322 23180 70848 66189 25220 22749 51001 90052 70826 78275 79634 40425 53580 31683 62947 89125 1672 74337 52649 6266 8785 91677 98028 98494 49748 87228 11669 
84776 95376 79984 35608 1697 3163 6455 84238 28382 29204 35238 34785 16381 29864 14418 56805 83444 62452 19751 88920 80475 10439 41568 3092 19224 33244 1120 17717 99344 4699 45738 84119 74 25721 19727 18123 45235 26181 2360 89968 71736 53949 24752 88116 83812 55521 44920 83607 17972 81022 72527 14798 7813 14094 17889 27036 63690 35360 61104 63033 40059 23193 
63503 56484 48913 99581 74606 10499 42114 76965 466 13849 47265 25217 1965 31077 80737 63236 31035 15060 44258 3561 46209 68422 34007 80450 11809 97696 15809 72912 77080 72219 12457 40582 28703 61369 40163 3308 71868 82276 96625 88685 96124 43889 13902 14440 74965 10990 77676 6000 42402 38285 25912 4962 6706 59918 85411 18514 73965 1220 7777 51044 89790 20233 
91626 18492 97954 48140 21800 69821 30415 34776 74857 42890 78664 5110 57330 69981 16100 51357 92332 74853 89641 18243 79814 96346 94513 81577 31211 84829 99148 38987 35873 88937 75572 43850 7429 73525 91989 45580 59697 38755 80355 34553 97996 59018 39663 55325 45350 72114 6681 37681 46966 12673 72276 43131 9018 66788 24707 56580 67968 40206 95567 3840 29143 71138 
64041 52923 61014 56029 98502 20710 11135 78856 55262 9131 54225 94924 80807 99575 67037 3840 53607 30354 16512 25882 89837 41882 9021 30895 98461 76989 71101 10379 97180 16595 97868 61221 69517 58881 33601 68018 79590 44736 63225 51204 70218 33801 46127 67376 49727 29516 71215 3334 76221 87727 29215 66057 45960 54588 13304 44420 31576 756 54799 45107 17350 52666 
6327 86866 27899 39928 54883 7488 1015 34459 75043 87584 68259 37522 54959 17986 67037 42526 37671 59609 46604 66885 42018 92563 37824 55321 36982 85751 56076 8132 30858 89777 77150 53536 76642 5048 93463 47876 28887 10829 82334 3930 14764 66944 41451 86075 84929 24839 28600 22599 84447 75203 5836 26464 67765 60011 81784 21098 45762 54211 29230 92971 43987 6379 
46506 20628 27778 56321 84855 56664 67149 67188 76945 98265 50484 34747 84339 51764 59585 12938 74363 44032 4492 96550 86847 88608 72912 68631 9705 18673 39193 55286 11643 99532 78016 58149 36511 5793 14469 21366 78809 97969 4905 72105 96233 55388 6852 96923 7152 66436 26212 97866 26819 30703 10767 13666 35662 83678 98648 45367 18703 54192 17004 30345 53723 11372 
4845 90234 33516 35665 27951 12324 33634 32855 781 46218 88243 7632 43141 11746 90419 69352 9611 33590 16407 36729 63607 52068 20406 78606 13786 39108 32797 47142 85805 86520 58513 90649 93105 92028 42666 21055 20704 76299 53909 21484 38868 58503 45467 82008 86600 52237 67712 96210 2178 470 49290 65784 52537 69696 44389 82675 25155 93538 29816 27311 80057 4680 
34312 89513 96707 76977 10567 33762 69627 80827 55245 8494 55682 17063 90502 42281 85652 74565 54843 87829 75034 4132 69965 43922 90179 14353 26596 31686 7890 72763 58996 4298 77442 93307 10162 90501 86635 37080 24262 56261 17907 95859 64755 73588 12921 71608 32220 14924 46172 87062 2753 21205 7546 72717 65126 97724 3421 8074 29409 27663 80836 4757 31960 58278 
14415 58474 65130 1050 95553 89391 57310 13459 85249 38416 3398 14522 10023 51970 29445 56194 39031 48549 93750 46576 21265 75228 60652 41038 83301 90060 68700 64136 11168 17011 38765 25583 75484 3894 42984 71037 9637 16645 847 94885 55061 20597 25758 65083 72566 71555 37629 27948 20103 31378 74524 57720 6605 35175 98757 6257 41586 83808 86745 52754 818 41861 
94688 92654 62107 37671 80042 71743 54315 80888 82979 25727 17836 8737 90810 90401 96643 44790 18349 16745 76167 9224 90816 99124 60750 5924 21732 18687 89731 8476 71440 6901 50337 82479 15906 12443 36501 95947 84185 90816 93186 67163 16542 11022 92251 23703 17774 88893 68492 52474 21990 61011 61697 12805 76486 22446 35081 98217 57485 24811 6693 28924 48063 57029 
27755 63968 69471 64255 59914 70007 71422 69452 53521 4316 80473 62124 44370 98246 67368 12862 50720 89357 90224 28768 18514 66709 67566 53594 64925 25050 94756 71617 70325 59171 44997 14431 23138 30819 78686 99404 17177 66459 68855 70698 87126 65679 32821 31496 80276 188 60709 47347 5897 50932 76115 24410 33992 60032 94355 98916 85081 5462 86885 71757 64632 48233 
86188 4122 79052 81225 19877 12580 47683 5083 83277 51161 70761 32449 82656 51036 32637 59716 98383 54885 26999 90849 79294 60990 50880 90000 76257 52312 11813 79493 24068 92797 27726 26607 96918 23129 7831 33146 35708 71866 38228 35337 23026 8988 67785 22033 76375 16773 81748 91109 71657 8746 81957 67302 69735 49188 57301 62343 1499 85466 41836 41919 78262 85913 
68525 91531 25393 92708 24676 77452 80925 79255 12788 3950 4594 96925 25982 80968 13697 24081 72077 85354 32826 70385 52655 18912 19573 26308 81254 21071 28125 39441 79341 6386 41705 64218 14268 67097 56925 38943 44549 37849 34549 73688 58150 39142 70612 483 36461 661 24563 8537 86014 73740 78922 55020 92651 14846 97679 90256 52268 25803 29697 31609 48540 87753 
12178 62807 54850 85454 18101 15750 39654 52649 89437 97803 91790 76401 14637 44603 77061 39199 53139 79426 12938 48412 50797 21940 79609 64828 12195 31877 90630 58243 79837 55522 45996 92014 18328 17197 77467 52781 32946 17120 5429 38734 31274 13571 31486 45910 58173 24898 85108 27663 4323 14397 92427 71472 36336 72035 36299 64882 3911 43280 39477 83747 98801 1824 
92112 33481 19020 69578 86261 68317 3049 91689 23402 34322 21611 71240 80231 96135 96137 65338 23798 16812 96086 16224 88283 48773 4610 40933 30007 8521 84212 69483 8619 83013 87658 17083 32845 23029 86660 19105 7697 89709 27145 31098 40382 48756 2337 20613 61242 14826 2302 85039 31637 98388 17614 19919 47160 22224 77203 77166 47096 61414 63000 72066 60778 50657 
89148 93622 90037 92160 29078 97733 98220 56223 28831 38601 21330 47519 59213 82571 62344 61515 83962 10332 76254 1575 46602 39765 23798 23804 33283 87245 85218 96282 59311 62347 63291 64810 55969 53327 56969 85046 67412 55188 57620 12594 10141 78949 60112 69353 77872 38808 47219 61833 49139 39824 63407 95741 79589 3557 19544 12871 7153 21113 25504 66463 83460 5146 
47625 55780 74825 4593 40825 42236 76133 14797 54829 86273 10097 31292 71977 87968 70099 35548 49800 35590 75371 29559 31330 54959 33115 67225 84181 56619 88338 26037 39434 88149 31182 87058 43928 22358 8002 1104 64593 84134 15900 35773 86758 25997 83417 75087 30316 53515 26986 80116 5456 2356 9674 36785 73667 59140 20362 57847 15758 25051 235 55191 13199 31417 
58600 73478 70126 66602 90933 51071 67087 6833 86843 70197 49181 70259 45283 79496 40126 88620 75963 45581 90975 1988 98718 64641 77479 19079 38840 93237 60481 39074 64779 90031 86842 23379 63508 56968 6332 70792 8038 73418 93976 11232 43614 43156 97843 5248 39004 37968 93867 31318 99900 1194 33306 98617 82186 10784 34047 21025 20372 94527 76451 1503 909 79644 
41233 80768 52963 47564 51560 61000 20981 45535 88584 80947 5043 86426 2546 44046 40745 96413 91715 40644 13958 25020 55613 96143 52156 89659 33520 88879 538 9970 90381 1446 5965 31613 98566 58928 95528 50125 19927 32861 95659 24862 13807 17053 11287 32704 77450 68383 45468 69165 9027 59425 10536 64639 55568 79043 70649 89087 67922 71186 15408 74654 88984 21372 
22619 87549 80299 18146 54025 16578 51006 66035 41439 81164 83088 69078 13868 60537 53812 59335 46053 62838 18760 56589 43828 90679 35631 14477 79765 19904 2014 11524 94558 7349 32895 17176 11249 29546 35321 65273 62475 2679 47660 20265 83842 47099 5694 97709 23987 59506 73396 70040 22343 92155 42980 82523 99185 94962 96999 78949 14866 15364 6824 25775 22713 56070 
42950 33961 85615 94622 15586 64441 97300 63245 84706 97494 10343 90399 11554 34329 49904 84949 20720 88599 93455 63699 71121 92639 75013 84471 87939 89878 16186 94762 15652 38898 50832 74953 89211 52798 69574 21148 17239 83226 84392 1944 80719 11086 8694 92272 61766 74950 77221 98838 63548 87027 62536 51020 79666 37548 51842 67604 43777 84379 78718 75780 23277 29549 
50732 28839 98698 36658 49986 32288 19883 50729 50583 16953 78166 59277 9224 56283 34226 2796 55120 14125 89823 34008 81496 85840 87907 49689 69795 31684 34067 48512 23815 73695 94412 74547 2533 93110 27556 68870 41749 63790 19598 92332 80742 14115 67960 6317 70398 18537 25465 25517 32661 31639 59524 30508 17478 47431 80196 87272 95466 14262 52136 19280 87957 46547 
10178 6841 56008 54085 75711 97757 17874 11660 90088 98615 25775 74399 21284 12524 92935 46748 38040 41947 94738 13916 72454 28567 61346 52649 15838 73163 83262 67973 92442 71218 30872 18972 94411 86879 73056 70121 84635 90930 98132 91074 5896 40258 65472 43531 52781 58406 6630 7173 352 1367 21088 89157 29933 82433 41805 62123 71947 25067 46447 64388 12636 77318 
99711 23398 80549 72767 9870 65183 80048 8002 72609 2295 64611 38080 45826 17392 12838 52455 24564 13189 70174 62003 18698 16458 60787 60502 78580 32733 1920 41379 97120 30908 35048 13183 54305 15596 85949 64175 97131 82348 88528 69739 84642 53138 24170 46819 86881 37007 15626 27796 66548 85799 89798 85245 2256 50584 62098 97188 83316 64018 54918 96788 11277 6317 
9970 81933 21913 12270 46107 35395 10969 34634 21485 95610 4124 45654 58781 91004 82661 74406 18800 49208 76556 24949 50804 95163 75533 12901 8702 75200 93270 63619 71987 4546 86288 98308 86479 8200 26929 48937 59946 37897 99923 81430 49859 4046 27083 8639 11401 26095 99396 46552 91654 75951 71501 42457 87465 63385 55358 96167 38584 48627 76137 10571 69525 62424 
25230 72355 86975 52159 21291 46920 90055 21213 28349 39913 41610 71784 64903 53011 97878 64298 99562 89532 56600 87414 48340 44065 50798 3697 56583 89382 68676 32719 16304 38200 95143 41533 26906 82117 10043 48196 45389 98 85761 90089 56362 27370 61872 37617 96732 76102 18266 12646 81985 74866 59 30324 35282 67209 50373 91864 56590 19048 24582 89245 73599 36076 
30777 504 34545 40820 65051 79933 57269 50811 86373 29982 94533 64597 67598 7616 40698 85864 20261 39034 77081 36672 69357 12362 3880 19729 4225 76821 55128 45158 66065 28726 81234 13193 45581 15778 54012 10632 12062 27632 77794 98434 57614 88678 63030 41563 96294 20079 27426 16554 59112 4506 69577 28469 16867 89808 64549 37443 66628 19677 82601 32692 64754 63834 
45885 26687 95963 16248 53670 8024 43880 31463 6457 17845 20141 85839 59407 32786 5917 86833 49339 65029 7690 35268 9849 40909 25075 90749 94703 91703 26777 77303 40746 7883 57488 86630 34569 53450 19230 88238 77825 79461 36052 634 97305 72544 86472 56711 5329 92388 59895 71020 73768 83937 6287 83616 24845 31361 74365 19547 39415 17493 13202 80161 25375 70689 
83142 59943 40491 18723 64532 18315 98183 16936 35300 95487 89479 21771 68550 11160 30511 44796 82179 4278 28732 4817 87894 69928 52529 78610 89475 91944 96102 19028 88456 21477 89716 87949 97771 46558 6672 62303 81225 4854 79238 16524 341 85068 54647 85242 96227 85157 30037 94757 89434 58769 99573 93679 28696 52102 88640 34522 60397 1094 53549 48852 38922 59617 
36800 36692 22526 43471 15346 3750 48325 10935 36626 65017 12355 91272 50258 8581 76428 96646 3338 82213 55414 2910 75892 462 71363 80883 51335 31759 81976 4884 80610 20897 80852 33762 73941 3377 77232 89286 23479 41908 16573 76456 6924 28927 84079 73533 53859 76858 70179 57196 59070 41944 76458 51313 42405 64172 32196 93740 95931 14171 14975 92892 51420 12178 
26653 25360 31906 20237 30997 71736 62144 47569 48191 85420 92847 32269 75304 46706 9126 45482 20253 84548 87426 96710 35860 46182 77234 84407 56273 73164 98578 87599 82407 66349 99776 25412 91708 48034 62000 22704 19769 24143 86625 67960 25914 79471 228 1218 26176 25706 63051 62781 10253 66828 59490 46112 29362 53075 46871 85634 42590 45448 89585 24997 28148 5712 
66760 19855 53745 28759 58910 73514 69253 61886 41473 95167 57709 58052 12736 236 83757 92138 63016 10361 58966 38858 72825 88327 91932 19695 90312 34522 81494 96248 75870 9641 1960 42629 45847 55704 71387 21108 29217 56991 99346 70689 52157 57054 45093 81244 57289 28849 73382 20305 55562 48699 59162 28386 53377 51093 48080 43688 1966 45925 39936 77835 55565 41895 
36815 17763 13950 24553 55222 43167 81544 54567 30207 33700 11620 75299 31296 68909 20500 21029 89213 76061 69727 48374 20798 23103 15818 85229 83142 17784 31153 39429 95618 3069 97675 32433 20831 11625 73337 76052 54791 54880 30619 84997 4932 58590 60296 36227 27498 97147 57255 16710 73207 26981 81435 94004 66435 97253 95584 49576 31388 26736 89005 43357 29804 86679 
92141 66986 98303 65478 59389 69445 20357 6359 54442 25288 64949 31089 61514 92446 44587 35120 25508 17793 78452 23294 28148 44886 36898 23731 10814 68285 66818 99818 11642 12973 2848 20134 96310 17503 85611 55698 86947 5968 78409 57740 31255 43357 5180 9121 52154 49766 60592 94013 83910 39044 17307 28409 281 70556 68491 11094 38841 35308 27263 66834 64632 46463 
86967 60941 63965 72578 32991 67263 94897 11399 25003 42503 71107 46534 51623 23260 96300 28567 33625 96561 67610 50931 24970 84242 21486 93460 95336 76678 45120 38950 43511 9751 85412 46830 87044 49376 35759 20034 32991 30655 31432 57993 73157 2538 4526 41132 42149 17177 69698 75773 13738 53659 43055 55059 37900 80893 48518 49587 57570 9989 88537 17433 36092 73948 
80614 23135 39676 16372 43168 72666 63378 90951 47010 36534 9840 67887 94017 51988 85064 63714 44113 15153 33724 3519 70211 71624 84411 35080 21210 58333 45069 26098 92117 97512 16398 72730 20646 72425 89101 80165 45090 68830 87467 8451 5363 97306 76337 99380 65645 61400 79445 26109 76552 29521 29628 63114 1144 14038 98194 38705 88722 43262 81155 80838 40773 97552 
53567 77770 69976 59019 57934 31417 27848 61752 39867 49563 59057 16203 65294 24701 93955 61090 67162 86858 90610 96789 49972 8105 27178 48165 63162 15900 7778 44316 96737 64902 58219 66656 42671 28194 42026 16956 75962 86226 78707 15828 35788 54115 48382 17433 95167 58688 78522 62328 45546 85484 59116 11869 93588 86294 76385 56749 2193 84162 17416 15281 65415 75634 
98288 24437 20179 40314 41392 96140 42891 36450 11967 95030 90564 76701 12462 85730 35388 7335 48058 97285 92818 7173 25505 86406 9818 1889 59506 28362 2402 93274 59995 67816 68907 58282 92252 89086 14947 49995 85225 57837 86444 13544 52866 93359 90244 65327 79089 25631 89014 43498 39268 81831 67022 64772 84588 76840 83013 44094 21553 85414 53719 81547 69582 22625 
39829 78185 11710 54775 44532 13287 28964 47327 26830 81829 40686 33425 63508 36126 75407 52521 79623 14674 50703 62996 95798 35291 56187 78810 95736 77740 64223 49454 59286 50156 72078 15466 44693 140 70241 89224 29778 99204 36550 72959 97384 93587 6383 60891 29712 81789 29763 25686 96463 80466 88682 92260 15756 44868 87421 27843 38959 67995 77296 98245 18151 65725 
13710 79195 82216 302 68418 11993 15857 21319 84951 13241 14906 91333 90483 60969 89474 20246 86655 2288 17063 91688 10899 49170 52907 98319 77012 91866 66313 70659 6462 84463 36383 36523 80009 18599 53177 48426 46943 69033 86097 48246 98625 1002 55930 89108 78322 45403 25705 81328 47690 59119 89367 58588 8288 42274 56906 85299 50491 23219 55957 73304 24033 8691 
9826 4042 43641 63002 68819 90584 48387 54915 38829 47011 72268 94758 52470 50590 40161 94526 48269 4202 53644 37636 79142 61931 96261 36047 63581 46751 75617 35889 36406 16002 44580 62583 36395 88220 41937 21565 78803 90323 92832 33983 53685 65099 28741 22507 32040 85253 17032 96661 5806 70676 34296 84947 48958 30556 20994 28891 93658 12962 64779 30063 45315 9358 
8997 81709 13930 50933 19626 9084 57607 12457 43067 11292 93907 88159 33798 42299 89763 50829 38959 95568 37856 89606 80515 3166 20161 17860 32056 30170 47173 96834 60232 92488 22544 85580 90548 36473 36513 10173 45556 94119 22629 4974 21762 32888 93132 55559 75186 82894 22740 30496 78462 76947 20101 75328 80112 56613 93187 28519 86782 40359 25353 47013 32846 47896 
32592 39746 720 85456 49918 62627 79575 88899 67601 17688 38138 60732 73247 13323 59978 12338 60170 54791 5636 80270 30118 2100 36882 23304 30618 40015 80014 55970 3379 29212 20217 52322 68957 37288 37778 35226 99915 33704 40476 67515 51391 78613 44598 40989 8287 20927 53326 68456 75717 75314 65077 5834 77413 18310 45489 8030 58324 41855 80352 61702 71066 16920 
14024 56374 54208 51801 91599 70474 1856 48427 37988 53246 27039 98937 94235 35326 19864 63912 3781 95580 55577 85210 17766 32989 3519 79606 41019 78195 21460 37722 56248 92525 54641 70271 65250 8848 38423 73201 79321 40278 21627 33660 9876 48665 48949 20462 342 68812 725 4123 80743 56302 5684 98508 89290 25554 78114 46660 3748 15925 84381 59996 24802 55374 
46618 90051 64221 1393 79603 59894 41670 1229 9905 67897 66246 58853 4710 66587 27664 5435 87061 24759 78088 92744 39618 83729 34650 17731 30389 38397 33656 31121 14744 58457 86494 77714 64859 67067 79106 44462 43312 37127 62042 53216 5024 28287 12069 9733 94874 56084 31519 98286 80842 9606 91030 20460 9687 25679 54542 56427 80427 4549 87547 11523 79357 90393 
89236 60568 73811 68341 5029 17122 5467 83422 86689 26842 11709 98757 52927 22934 71193 797 21219 68386 10403 28600 5197 20089 70630 59739 76515 51057 80639 80413 78931 76348 87157 68166 36915 60967 52858 58295 94440 58324 41716 81129 1518 53424 96237 54444 92709 67429 55240 13928 52167 81994 42527 57363 18434 13157 33453 11300 80565 14092 8065 59495 6791 95221 
27660 43705 72540 96869 18351 83331 55192 60066 64459 73061 29842 60696 43856 22550 44476 15448 36477 12994 97441 95356 70357 32227 8512 3809 59878 5428 34252 67942 64922 41042 79515 8933 1098 68406 5801 19448 51736 77344 79514 16195 66757 9355 93242 10612 48256 54069 26059 84733 67063 39852 96440 53771 72078 21303 57579 48307 26730 91831 16249 8003 49224 12115 
33287 50322 80520 55439 69769 48607 49134 65634 64801 15890 74988 74394 26502 23244 44815 68912 24328 28229 8763 20767 81999 97192 42069 39577 45499 85150 47759 78099 93152 13335 90213 42790 63656 87084 98228 49776 35690 47361 15410 16843 79603 90397 7588 22456 29992 52402 91367 70671 96982 16482 7789 78980 13673 49857 34909 75523 51358 82667 53621 60861 12353 60185 
3650 76008 63620 18229 25784 99310 81942 41193 32504 61544 47941 56443 351 94285 25197 91717 64955 22178 24550 72744 1158 38223 38952 36066 30097 6662 35084 83718 67522 47437 60254 87524 39796 23874 5752 81931 39535 4045 23123 88390 81940 87416 44832 82290 81700 70028 90359 63006 92206 14908 35749 9715 69482 91053 62132 99579 97714 13567 99648 81587 77355 59901 
69110 17151 83774 91214 99081 39660 95258 38556 28049 77198 42323 72881 59487 40374 42908 66197 3379 51465 81105 55480 61179 66938 62884 39662 66516 60597 53229 66163 42183 30583 26064 27645 47733 26189 18858 63166 82201 14115 18073 10249 7664 60395 99481 83503 17120 58741 49699 20498 10205 47155 92329 87736 14093 55212 27397 80608 32160 96977 63123 90695 27560 5538 
18339 91644 48078 53548 54809 30278 67662 89233 40527 91678 65979 56359 75180 83098 15099 24878 19948 41656 72033 12276 45743 86125 83840 89491 83084 15999 86468 46206 6693 14027 51743 41383 5670 99821 94930 76831 30098 78944 66063 86976 70621 32042 43335 45800 31491 74785 87029 51438 32792 59061 80066 78534 61537 63905 68025 44621 79903 54492 7178 2948 68518 58921 
60682 90539 75093 71964 67369 5190 67259 49784 8518 37879 98177 68204 30 29667 59340 3410 81105 92132 78823 61170 70665 40359 41426 38689 1331 37680 9532 8509 40627 94401 83781 17661 84940 58873 89624 68660 80414 56882 18443 5283 11112 16619 73486 27493 46286 32826 47254 43742 41309 26076 21263 11973 82787 62688 67014 84117 367 92897 8977 57346 87298 92757 
91358 72237 67981 97333 57248 48395 70566 75691 70029 98029 8661 59867 25521 54946 9044 72774 15039 50352 15202 36301 62324 97988 15340 45689 82104 32059 38586 7433 5756 25883 189 13465 14471 84522 10797 71718 49268 81362 63760 19296 95742 72421 79162 21262 43718 88205 10387 58757 38556 25588 11409 17232 23575 43101 79272 22031 91511 17857 29463 13618 60091 46003 
27082 90913 30524 54230 78983 96143 35591 42742 15439 31332 31514 10952 68945 75232 99157 95683 50340 54064 37623 78100 71295 77549 21200 66919 99579 29062 84775 45393 42679 61218 7748 69760 52130 54623 23989 47464 50766 75931 6558 66204 23614 38071 77155 8910 29654 92663 20945 96345 46727 58567 74445 34373 52467 11996 1291 68398 41058 2418 13790 88 63635 37889 
86200 32116 92512 10188 95932 43277 2471 2489 25832 42436 56911 19338 67698 2917 12001 88642 99261 75079 63560 90057 9451 16026 2053 27094 84423 59462 29511 14565 59549 9497 52453 62100 57964 61316 88640 53895 4592 91110 56383 46775 49897 29646 82465 33946 32562 94465 22587 48174 85895 2498 54583 11697 34876 72987 38790 19298 32448 84652 50214 8348 94148 19019 
70448 68464 80334 59087 22358 1278 66548 95093 48052 32796 24738 30516 66742 73651 41332 5680 38176 43578 24530 92758 55275 59405 65744 10416 95054 14543 95068 45268 39243 5567 64286 26042 74030 60971 1480 96388 62248 84379 7832 26652 17174 32569 57167 267 22571 14851 22299 77098 58428 46828 69856 30054 6232 51951 40470 1285 82846 35537 62904 22088 57455 43541 
64481 31485 4512 65960 44224 66759 66690 52055 9762 83863 975 83281 482 39897 98131 22780 16994 72910 69607 3201 2964 92190 71504 43433 93474 54349 95321 56378 92788 52775 99918 57268 611 20781 23227 61186 3892 6268 29592 13653 6482 30566 96933 6963 86814 11415 46094 3808 84325 15700 23360 87288 7889 94863 47072 17715 49211 42392 90444 41998 11518 6713 
99265 28481 27494 38843 89666 31385 61462 19258 61389 67944 66175 58322 74906 52989 86088 21000 73148 70412 53051 12859 74051 60940 7722 21122 95006 73284 79865 85449 31634 7735 92161 47250 36215 19654 2445 42232 67390 63906 61489 28779 31849 44016 3452 6755 13356 89539 44106 86503 76303 97156 99361 50353 74447 23434 87827 69452 96718 84043 54900 28351 91777 47061 
75600 27991 83066 78044 70223 50456 58302 48063 95586 90150 92078 99037 13256 5433 4927 57361 8287 81229 70869 24000 47934 45315 63785 35760 31119 76854 19802 2370 21556 11579 49430 13508 55921 48848 91551 42495 15655 66204 6910 11240 56354 98987 26628 69609 20772 47906 26970 45410 45487 97838 69409 93420 59504 49546 29179 90622 26399 65332 92992 47955 93262 58773 
61462 65535 23972 69364 8029 39626 35568 14938 67217 91921 30277 10196 77881 67400 58102 4850 12809 3588 19039 98570 97007 78543 48115 42537 85516 90865 24220 94859 38819 33834 53632 16632 99368 77603 85996 23748 33581 37915 38686 797 46187 85314 10993 24067 52713 85446 45269 81873 89033 64307 96794 2391 59201 44908 61279 61069 52125 85498 55927 90943 19331 9558 
23927 35050 3513 26274 58798 37093 64188 13835 54241 10374 99148 65233 50792 68212 50678 96060 66436 56062 76719 63230 74804 35919 24489 36082 96987 76613 37932 52914 83908 73614 78823 7834 8664 98687 34107 83813 35779 98294 97647 90020 25019 13146 71604 75810 97709 38634 71870 64144 94695 48588 27373 69499 858 51862 21932 14197 28474 59863 83462 12381 33477 62284 
36566 58492 60971 70672 42304 13101 85317 56302 19472 10335 69447 91076 2497 67155 29709 90718 31298 40755 55657 75023 10253 56514 26884 32185 87062 71709 8399 70523 442 58227 32807 37007 16718 10129 7679 75373 39581 92995 31674 59053 19682 1120 50128 22178 84626 96188 12895 15924 36942 68551 90946 63547 41416 34181 12083 28478 5889 20481 99000 22682 78708 48158 
59689 11777 74638 83719 87150 14219 76713 18823 73271 12746 36295 39750 51275 20920 52289 64169 53195 89230 49071 60492 52776 6839 94672 81210 35316 16913 1691 50667 39594 96750 15177 99282 8526 89814 83000 12027 20384 76065 47202 10006 5162 83496 49755 56437 20767 2043 36957 73962 7625 86028 34453 76752 9218 45477 57962 60885 62389 76004 11551 18334 72753 43079 
33968 97630 49245 33319 9657 69628 25735 73210 79634 30897 56705 45740 87333 93823 64135 24289 84136 88111 26668 18589 64862 52237 80417 39175 13121 42805 15178 41024 77490 4282 84102 11457 1912 33346 44776 27920 19326 70510 1129 98959 1406 74185 61050 5090 68007 41536 45731 52143 29646 88750 87083 10860 40987 67499 50034 54107 26655 65212 95130 4144 69493 95584 
15601 87756 28929 76728 15675 48254 47237 16803 63564 64995 7339 40966 70084 75346 82501 32166 43840 28499 20916 30922 39358 61902 14772 89391 16008 41426 70954 27490 61921 56799 23073 93873 44554 52001 70600 76581 16607 34189 9735 96522 99183 17074 53839 85618 92419 36340 17784 52610 81190 38699 83531 20547 16952 14654 9937 32959 72431 97243 60448 34351 54041 99872 
28224 14946 68225 15175 91526 1183 49363 1261 97704 64897 34686 51543 50515 27104 4234 84650 96065 85423 39700 79595 5969 56651 10600 32257 89609 83030 29499 66409 17380 99891 82632 61955 14837 50856 77130 22714 52038 42844 40326 66094 7741 75011 33988 74607 18466 38221 59256 14530 39995 98955 94124 62315 55605 4723 94571 61565 87752 40422 44325 21484 56664 26957 
83438 71500 94164 76919 10566 46202 19763 50891 28647 43855 25902 62634 18461 44367 854 77716 58897 57200 93022 69372 19514 64978 90447 14084 42894 94550 70857 87219 16033 27521 30527 15823 15372 41042 92741 25937 3595 28855 93180 32241 72709 19081 94874 91169 79799 12079 85236 38695 69278 78257 24419 88791 59586 14865 19227 2480 9414 90083 6050 41799 33955 52928 
57621 65679 93969 66713 91615 97564 95568 1146 46156 84628 20226 41030 75797 25 69460 61032 55071 38738 55641 79489 43880 31578 10705 63106 34057 36471 69541 56458 78269 19847 9385 52241 85525 3354 18953 93492 17269 30872 94637 63424 15500 31215 20805 7648 47591 90265 85031 2661 45354 57023 98502 89233 88601 9206 68691 39009 62028 54583 95467 40296 90781 4851 
92536 76306 24556 27841 86149 41824 75064 80785 21600 6915 28351 42404 30914 75941 49020 15945 94954 94373 72967 9807 99958 77919 35364 85000 16928 97392 55934 12394 37687 46714 33596 46575 39371 58152 90767 25519 16327 82182 22656 54278 5449 51006 96682 36362 43299 62053 68658 54604 56426 41625 64410 72735 35895 99773 57734 52822 13516 13667 65215 51203 76732 15163 
14129 16103 73314 21247 41621 5992 19780 80628 60270 25228 47986 73303 77942 91284 35355 46599 45887 8132 4575 26648 80866 40470 42772 54951 9643 56288 68617 91210 23842 45349 6372 37970 61451 79685 75568 19423 85676 11699 16403 62297 53279 64388 35599 31220 72023 70954 77818 34261 79085 98745 60908 59951 39214 3679 14901 48856 59966 99870 56417 83807 61570 62788 
38128 39372 42472 30047 75146 44500 41746 91548 6796 95024 55935 42395 42595 27957 29700 20412 62217 8784 35508 39476 85086 91073 43155 16339 56281 19472 32560 12697 3279 94129 75485 57758 49852 34308 87805 24997 78807 45902 16545 1955 40925 88831 60701 83519 16788 90400 20282 95356 15535 55790 34832 16973 46862 94338 49663 3142 13809 82222 32191 33439 92702 7675 
