61 54 24
33405 2183 34516 76715 3150 21926 78287 57534 80032 61986 73627 45179 32592 65257 89756 3979 2048 77198 58370 24035 7375 24804 20714 91803 65574 17300 77723 43509 81512 98376 44459 31268 558 78974 7982 3708 17252 2620 77593 13635 80957 51219 58813 13548 32828 48569 17526 51227 42118 75895 75262 49492 17050 12327 
57646 82623 29626 51721 42483 11137 50096 86941 42404 67006 65915 66737 87065 99518 69356 64657 13152 50312 32227 71964 63859 81406 36884 97736 32633 79001 89982 24246 44845 7031 36572 18842 6005 66198 70562 48488 93686 20658 51780 52442 4015 34046 19178 91079 33563 4886 72087 46714 55197 20665 35030 35408 2071 71913 
33143 51055 50914 39477 75300 12110 46507 11871 30951 52512 94420 1513 17351 4458 38522 69130 73251 58888 19528 8780 49966 53090 13665 38404 16156 85214 59068 51185 20621 61138 23097 70115 28544 90362 9591 3843 2471 72450 32066 33422 41313 26485 51286 75015 47294 6159 60496 20544 65046 80023 29324 31363 33113 42988 
69766 49268 44553 45185 16804 65173 22675 39900 51640 51218 30262 77582 55061 32732 50031 87126 82505 7695 29962 33790 82709 77256 56300 43205 97799 21345 23227 43474 52707 72691 2814 38824 38310 47366 84009 55113 28891 6683 11365 80530 57900 41626 74463 29312 90709 40846 16437 89566 48540 62751 39707 31249 40006 96007 
90805 54156 17351 14031 13982 86410 3074 16795 25233 41383 64160 25593 12848 93050 32275 24212 89931 6527 82189 64394 35838 89249 5239 68627 78814 70130 31377 18521 1378 87734 30879 8534 58241 48229 22565 72222 50990 25638 5368 92575 83372 69528 18167 96219 78929 66794 20430 85212 89672 18970 65957 41861 8219 87547 
10487 3384 57676 58215 21904 75406 62300 69134 83939 36893 17363 22855 25466 84704 64844 30834 77278 48216 16713 95445 44434 11993 78590 81216 97204 68261 185 63160 10121 24755 67058 36960 28139 24734 11526 66394 16491 73826 35528 16781 10718 69242 39636 36183 53945 20831 83368 47575 69046 80 43019 29832 12073 37960 
27399 9276 6220 43935 88788 32692 68690 72197 69651 13180 13282 81177 79573 29772 71354 31452 62905 98423 17045 18892 50957 70990 39722 34325 18564 8768 34404 77934 54951 62828 32245 82349 88456 38464 42635 93595 87507 27676 65791 57158 40855 79073 54686 36780 25196 42391 68231 88100 40813 85276 6991 91769 72617 63065 
42445 7532 88184 93201 1817 43134 56028 34061 41834 44483 88876 820 38077 76382 28496 20220 49891 69350 99292 4576 22481 40839 46966 7064 45291 4130 8691 68633 95899 81307 31697 54695 5190 19880 47895 7006 79365 3923 57418 37550 64757 46293 38370 19186 22674 66865 39405 72565 52566 55048 93492 75047 12238 56810 
82110 57528 60939 90800 26161 73189 88458 57857 27884 93647 94089 75778 17004 73453 96052 74421 27355 60809 37065 65724 79994 59738 48940 35750 48654 17857 7149 58498 92903 19386 15307 91364 76914 76245 98515 3074 65786 3324 77282 93669 13322 71370 69446 30325 61175 65498 21097 4881 42658 58161 86956 39003 34251 35895 
91104 99256 53751 98252 57753 63006 33989 73059 70721 10902 65656 69236 30327 31441 72559 23961 41461 85881 11682 27258 32557 89208 92755 70006 94088 51764 28166 81043 90766 78768 16937 81869 78024 87040 96472 35776 66397 30461 25187 37117 57714 7194 22704 4393 38634 11615 28353 96446 13847 40034 23703 62755 29242 32810 
32760 39681 84573 77278 20724 91691 56045 54012 89911 34068 57403 86383 86196 23799 33195 11382 77268 90908 34927 99971 95300 73560 27937 40004 70005 41783 96390 10059 4538 41983 42868 37297 81663 27441 30926 2386 19131 86971 56398 9041 37390 13800 11775 23585 53951 44969 51318 31218 35877 86244 47540 47528 76155 75477 
3884 62511 17259 273 72570 38148 42255 15437 75445 23917 59229 6370 42655 78359 9692 99052 3752 47082 29203 15526 87018 99505 76847 54688 30722 29075 57283 94614 76602 33438 70090 96837 12300 3700 97109 1221 41848 39363 16658 33644 79632 75886 56365 22286 70597 66057 37689 90700 29490 83243 6225 16507 82748 99423 
87546 29821 28497 44829 24434 21451 94618 10875 18287 6917 14575 15396 8138 56422 71110 41147 90065 67093 33384 46429 89378 3980 28837 43418 11031 58326 43013 33608 91185 25760 33030 78730 71932 61527 23558 12718 82977 18175 23592 17615 41444 38166 49362 49581 10939 20472 7079 1003 3916 40462 63784 9646 60794 92620 
53063 71824 67298 96075 5431 58482 38186 38461 37211 26470 99987 77121 39187 99315 95295 62778 33281 53090 17296 82643 2670 28234 19466 26100 45589 23381 66562 9372 33026 27355 18343 2441 99178 85640 14867 4609 44121 69405 59421 97684 95874 75759 74804 35060 91425 86450 14189 24705 39540 31484 7347 58561 59718 26812 
84661 5306 50193 51222 31029 83218 94928 49371 2010 10457 35011 16877 15065 95483 86281 90837 93166 82154 66595 84321 33565 58019 70771 64105 82724 26662 95589 90070 85222 71658 33234 86234 76963 83426 53807 24343 82995 48734 73713 85005 59191 25075 18233 90607 36910 4513 97796 46427 3018 64390 30748 52934 22409 17870 
17038 21484 44531 12626 27905 46104 635 61138 32338 77597 44563 2496 1939 43910 51230 92004 45266 26772 33430 63498 33730 70339 84362 31525 16766 3731 12267 63865 56664 51027 81734 90053 72510 26264 19031 414 72367 19665 77904 21056 13614 38818 23552 31904 82727 91133 23907 44344 17904 73689 7841 67985 44027 8554 
15862 77144 12284 28128 41008 85299 79154 22741 91704 68015 65356 10734 84780 37723 30398 62683 75130 44011 1501 98681 75915 579 89813 16173 44923 24068 89861 69115 8405 50240 77669 24266 27383 6304 68745 68391 7955 47898 7483 99658 32264 72839 26743 17043 26913 57140 96078 2042 17503 97578 723 9769 98156 6887 
42293 59430 30955 32154 28545 55711 98745 22565 79976 26127 45220 48720 10869 53174 12969 18352 69183 61584 7542 95925 78626 34454 69417 74703 36495 3271 88632 53569 13039 3140 60456 55331 62569 7762 3836 91113 63472 2580 13677 59799 45059 58897 8518 55927 28422 37838 90630 97605 99421 98171 9881 94398 32624 95649 
85453 85471 98919 74084 39039 11957 77223 15846 83640 56144 23607 3827 47256 87078 6407 77285 63228 51465 52533 71745 23743 80954 25934 14373 94910 41706 28895 21143 36104 77871 16791 37908 63341 15710 28343 18731 44018 21918 34577 27657 78061 74535 47836 25316 77965 54242 18952 41192 22058 71484 29289 62152 68790 55222 
92876 80051 13280 21771 1193 65735 15993 34336 3642 95685 50045 31984 14415 10414 70253 65343 38071 48313 56230 2258 73629 34194 72851 8932 91737 94908 80416 21025 73411 65557 92599 66287 45607 5878 4409 46800 87964 20401 81135 91605 16085 47531 39940 46851 57944 10193 12194 12366 74857 84775 14623 64837 18968 87473 
73769 10704 98732 54184 48081 88495 36092 40679 54781 81698 62908 59189 44849 50871 95941 25983 58827 12025 89865 15118 58875 64161 41662 87420 76526 16519 72194 7501 81355 7513 11325 71475 34569 10057 42010 82649 98551 78101 39679 69683 59799 18938 45223 4647 86160 41163 46982 44986 69539 36846 76455 44765 17358 34469 
32185 93884 50987 20730 1384 48693 28243 12708 20168 79163 39116 62177 61811 54018 40278 1489 40052 16428 20426 85274 21074 6585 42788 84407 67922 28678 37605 60728 73443 54962 95196 21979 48845 62534 59060 66580 27579 3654 95640 64098 82816 34755 42626 44626 5125 99255 62466 45176 15682 99243 46802 36756 22179 5941 
21162 6452 34619 75118 83532 24413 30080 95079 46391 78924 57613 21802 61856 1543 25456 57495 81992 8271 8601 24617 69249 13725 23872 31714 75253 39553 47309 22054 92660 69487 27994 30174 92291 78964 5291 75822 3376 35370 70900 49766 30646 44864 87920 92501 46406 13375 49995 44749 37997 74947 69366 7245 88672 93237 
55311 63924 49141 18971 2329 41801 4809 46674 71974 97099 25638 77264 72920 29013 28986 43820 95131 59631 5035 83050 52131 67793 96424 18477 12541 34420 93423 81906 58017 98446 91494 29679 78721 40635 48649 81049 82435 53457 27723 70760 50556 53360 64375 39827 98724 93360 99998 93854 52990 5033 76903 21472 72825 89678 
56300 85365 40450 49723 83623 98466 64520 75116 44496 43241 15750 93144 40641 14536 46600 68363 85295 13507 38074 49670 53334 36798 59381 69683 47003 28723 74715 23906 50194 63891 29935 22846 65608 70384 88920 49230 85201 53439 40697 29696 96679 56447 39191 53672 70982 2143 38386 72629 15649 76460 38650 85334 29609 98030 
55017 92963 26752 46083 16868 93298 26326 46803 16143 91933 33538 5062 57514 18739 74852 98210 48434 87883 54656 3977 41554 41990 6119 79939 14618 21767 72750 69619 23453 18710 67648 94821 11673 94400 57255 28540 4049 83580 91694 36543 75512 25232 57956 33025 60322 32807 47587 25107 20689 2242 29083 78594 60583 35201 
58533 91552 73320 31282 61170 96772 49992 28818 7944 61664 39569 65198 6555 59969 65130 14601 96511 40641 56184 54466 90018 16505 3624 37604 41611 40665 56197 70694 19258 33132 22246 94142 24683 95565 25424 2205 8688 91767 47374 16631 69782 86942 98181 92688 63262 63310 7288 59772 20302 63471 30589 26671 96327 50564 
80626 37938 91228 36823 24983 26838 86306 47228 20979 10988 59145 62754 29544 67832 70872 76917 815 57005 80210 98995 49693 43471 78656 73332 19594 98957 53155 66534 25628 49481 17098 22605 3770 24677 75779 28752 51514 62084 92332 88845 73072 51476 67950 2615 19307 55174 95884 20121 12178 76093 35467 61870 19564 14122 
51554 39157 13079 4708 5691 55058 54188 39140 77662 57958 63816 53441 3061 31682 15524 95392 36878 4947 46867 4827 23914 82526 60000 19797 2646 88530 95889 54465 50399 31804 68586 18304 87313 81664 23011 93003 53073 93551 32142 47087 67860 12309 527 70920 60342 32402 82664 97219 53701 29530 18398 77614 28407 94749 
13762 47405 83278 26002 1869 50029 74158 70454 68332 61470 68470 91343 54472 37894 1245 2965 84980 69104 31625 85506 56375 91967 34260 39038 5537 87960 84920 23934 81925 13326 18683 12038 60730 1960 54391 78950 51988 28548 49404 36672 90017 34225 44366 60840 72118 45610 80156 57098 14713 11781 58955 87439 20099 9566 
26477 25635 97525 11396 65921 95801 41073 84603 7838 18155 2914 78581 97104 71254 7128 62859 7925 97145 13435 52290 74336 85553 97899 54492 59002 28963 82624 34308 16401 19074 43874 59229 61060 57750 70624 26980 53551 11697 27934 77740 46203 47200 56320 43306 18453 63448 22517 26377 76944 35951 95018 67631 21503 92916 
38474 96856 38230 21097 31164 70982 56522 75037 30211 17582 32786 17186 60913 2688 45234 5199 80428 91436 52398 53099 34742 70850 32898 73610 13578 26193 9560 8595 93824 31063 17862 32297 44270 72443 69746 75433 43424 42619 66821 89986 60200 15959 7172 37465 18646 52405 42663 15425 60193 11412 84876 11286 98613 17773 
84895 12190 43966 94454 37136 54141 41868 71349 2789 86138 43791 72534 61570 3566 15153 44743 93552 91704 60701 17075 45520 95698 69479 4534 27475 29671 15945 12350 57308 14557 30122 42202 43098 90439 36656 96585 60931 78523 67933 63720 64660 11723 36253 42582 31641 67757 87324 25192 75813 64376 42266 21332 76425 28096 
25866 3899 74119 58162 16248 31426 89071 62722 89980 32168 69512 26635 28753 30443 5157 96685 94162 86169 24760 46766 45102 56400 14523 48777 97943 90335 13152 56560 28018 89576 1007 53883 93475 91477 28397 26074 39255 17467 88795 29234 65986 58307 55868 11090 88749 77376 24127 99262 63544 48886 46027 24997 21637 60549 
73773 35931 67235 86924 8842 95253 92852 26200 65487 2678 17677 10235 28751 56931 27701 17546 86164 93687 92204 58383 4776 97304 52110 28902 96565 32006 94139 42591 57002 32127 19492 30775 84409 86726 17698 93250 98330 26901 19450 63817 29578 53478 90403 58329 10408 18104 92226 12923 28142 84429 87657 49269 98084 39766 
94523 94648 71771 5013 37238 28773 37140 73081 59547 37900 59807 93596 31150 74488 36849 66951 54656 66426 20428 45059 24754 47187 63162 33331 76461 7655 34111 64117 56923 32194 3882 67797 26841 92005 72810 80431 37129 26301 53511 13027 64200 29669 6622 11701 4157 59822 78651 58812 26248 15430 3870 67353 62616 67031 
684 39076 91037 34794 19544 47960 66988 39778 32108 10180 31782 4917 90610 68910 47569 44121 81936 11769 90141 4909 39821 94297 64731 18472 53109 90978 50253 56978 74682 12869 40361 75365 68296 31397 10159 87840 95708 93498 43969 27816 3677 75750 49084 10639 61011 96653 54759 42946 24773 61251 64206 64593 55548 28936 
99416 8656 36265 49669 81985 10947 78889 22345 86311 63536 70094 12821 67727 82153 22670 11695 26320 26347 3796 91756 36985 64806 88408 8095 7751 29532 69345 71957 10476 24892 17244 9892 49899 53509 75912 31884 80807 71152 70580 83469 51039 57025 96290 18766 39178 18959 46812 81849 61657 50608 73604 14993 15413 78363 
23087 23164 24246 8784 11472 34722 50027 45067 60965 16278 98575 36876 64513 95733 24379 51444 79202 75417 8469 91843 10534 63998 10801 57346 62198 88810 7953 35802 3802 23365 30516 43241 62880 54762 68376 74351 89483 34754 35770 50447 51031 50696 3674 15543 46429 28052 66987 25630 19820 91807 17472 30354 55804 44624 
87699 18001 33433 95651 70154 53587 19015 670 13179 98247 55431 81554 88949 44913 16307 24718 11711 83690 75414 15384 99232 21842 43435 82570 63823 63254 74376 81294 9959 46531 42269 97657 80884 92054 93307 67389 45640 28674 68058 75170 43272 39840 56723 32220 84752 89381 56938 12814 73070 48703 28197 88654 70544 87983 
87575 34366 67589 61951 32011 77547 24833 74279 75204 22068 66332 84862 89457 28323 29887 73866 3492 73158 13706 76566 5378 98457 82299 78667 11271 55368 27369 55819 60373 97912 43802 47948 48629 11390 26250 96991 5288 67434 71269 80491 89502 53953 81705 78958 98627 11591 52823 2119 84749 82880 95036 90126 97689 77334 
85144 8959 49054 12512 81129 9426 26775 41282 73725 75403 52671 99974 88745 74311 83760 60013 54801 73261 30317 36505 68570 28944 64448 37744 31062 49196 20624 42449 55673 18312 19783 40816 43622 68836 53327 41102 94613 80101 82384 68338 71855 51406 84663 60599 25716 68422 36963 96869 58034 67280 49725 42955 96223 14172 
97051 43636 63367 34026 86084 19039 68689 22218 59854 12310 91053 13180 69763 85666 9632 52146 70355 81486 3552 55017 58436 45619 39791 95399 42487 97824 79030 92212 57131 75252 6383 54181 35239 69750 88206 37674 5140 56894 59892 64994 85555 67296 94525 55317 69313 20509 23815 39667 18346 43718 94684 76782 89336 50826 
88532 31823 65001 67561 24034 22131 59164 46768 92663 94402 16517 80868 48427 21657 54113 24670 3002 56019 91966 97526 27688 61278 18034 51502 945 52732 95219 11980 29513 906 79157 18044 32728 44157 85604 73113 82640 44767 19881 75302 55520 52749 72522 20298 74405 42986 44968 77406 99005 53285 91284 26692 14562 25669 
94545 31858 78400 6115 60189 24264 7020 39345 42307 39748 99854 44262 29212 98845 5380 49092 74146 77251 1841 63019 97549 92597 6005 58868 86355 21361 12152 93990 48052 43065 19658 58948 74923 14410 65062 51463 55025 72081 7160 97332 28180 7013 57945 57392 5857 79677 22835 96354 56927 41027 59373 70827 33624 81729 
29694 19978 3089 58197 13967 67492 1262 49976 42791 92536 80737 7852 43998 35762 96284 51157 49445 40816 74521 23741 14559 96729 3417 37393 9435 76696 78420 85159 47522 28395 66887 93568 64724 86327 51764 78690 70170 69377 45017 12960 61912 42106 37163 5910 94219 49798 73418 60015 90613 64291 83755 5171 77371 3524 
58916 86805 80219 53687 71963 44092 82081 55201 37659 46804 57879 5775 41845 44400 75151 3213 57359 37063 61670 10873 59324 55888 60671 49093 15902 67635 13383 16009 72806 90754 19532 48073 93910 16102 1759 82225 60193 191 53777 14204 63346 11656 19978 5190 56055 95128 24754 29766 48542 86424 56990 7865 42311 17660 
56958 74565 85295 86692 6925 74452 93797 26456 38876 4059 58909 40634 86283 19101 57176 40059 49656 20521 68066 69633 42062 40473 81113 66815 70238 29654 53238 27227 53871 11901 61239 27180 2817 62885 30223 9741 53688 24020 52548 92563 28078 11456 49548 30712 46908 6723 70770 96564 27243 55188 66196 69304 95660 63660 
52470 65897 9666 22060 9475 63536 33960 87065 7067 36776 49949 37289 62868 19988 77660 15415 12550 5737 26870 62097 52800 73777 85171 23570 70340 12413 95109 52888 98068 90768 16547 66890 56664 26212 88949 82490 6099 39260 69555 13165 76035 35855 66806 55254 55843 44465 70668 68392 66554 97537 46841 19353 87665 32011 
59274 58005 60776 54382 27244 75195 45149 43790 42084 18164 86354 31032 654 8804 70291 86560 21969 62677 22414 5126 17930 94608 49590 4949 79352 16143 2485 26192 51848 90150 74554 27473 64506 35329 81855 91749 26876 43355 51890 68959 61519 54595 16343 78524 63399 2985 81435 1719 82014 20200 6844 16295 14808 72785 
21244 94159 5280 40080 20350 73479 46581 94903 951 27438 46584 82805 35538 73459 42512 87428 58769 20382 58374 91463 98905 38124 94448 80339 39842 92813 16890 63037 9107 31697 52174 46702 25855 73805 86782 62556 47283 49714 73811 48233 77152 20394 47390 12689 10204 89901 16468 68972 10282 74842 76787 25538 12965 87586 
22228 69159 80398 39117 48547 5856 70814 17072 52558 13020 90876 55691 75576 38158 5404 49386 2743 98907 86131 66484 11596 96334 56384 28063 81657 83017 19256 58443 24906 32221 46028 63485 17731 42777 18953 82629 48633 6118 99701 17542 19138 6928 89584 11065 61438 11339 76802 64180 10246 62932 47015 21841 75617 3398 
66255 73625 2766 85511 48420 44023 34083 94447 23859 51813 53576 42811 50793 18560 48929 66845 52453 84418 73773 42036 95482 35210 69726 72283 15741 96323 51566 62755 18163 27182 82504 770 17158 1621 86280 65577 61995 20362 76376 85853 72174 29951 28663 39318 48510 93943 6163 17314 78360 96287 75701 73841 47848 45426 
62475 63588 41749 14040 42694 76263 57573 41549 77032 74731 59521 63311 40307 21515 83672 16682 23719 72197 46632 68733 27867 11493 62676 34029 28806 41035 30315 4506 31228 78162 66284 93702 58101 24384 7742 17146 646 65314 75046 94030 40044 34566 73692 96703 72432 73716 13384 96150 62264 76368 64882 90130 87860 43909 
40510 33018 84944 70824 53875 16171 65337 20158 9872 39789 44541 33965 56934 61539 15631 31979 55568 72026 82896 45611 68728 55327 19326 82112 67828 81590 74831 49062 71719 79042 92970 12229 12059 77913 99404 65934 10435 64741 2443 36659 20881 63336 86975 77815 41226 2605 26145 96793 74631 25393 42403 59710 80719 78081 
58173 64899 59670 33003 13960 31388 12045 6929 59968 24103 1194 59372 6388 27980 40464 25183 64638 61344 88518 51613 55510 29743 70569 98007 42887 45199 23399 1641 4909 20469 79721 63081 85367 39390 96084 99326 87130 24480 22607 47097 64934 40152 6468 71322 68131 63283 96504 49121 24627 1373 17085 80136 47467 87653 
94494 90353 32852 17892 8345 54112 38361 4418 33544 23727 43807 45979 39405 47288 70458 78363 94385 35392 18514 17204 23065 86644 96839 35920 52116 21465 37292 69200 17952 84758 56853 12446 91462 6056 46689 16158 76519 85049 20575 10062 25128 80734 56041 80884 28021 42850 59246 38757 78241 94111 72313 1305 97106 69151 
37224 49222 90615 90867 18421 24918 91976 91625 53715 83437 97680 404 15947 90550 1804 36521 612 26931 17254 73004 24166 45275 15853 99763 383 10446 93873 72695 11750 90979 58197 65326 40200 65163 72544 74972 90081 64520 66597 43795 64308 80628 44198 80254 71178 62354 16775 88141 89284 50380 61144 29802 12006 93348 
29564 12389 3793 23437 1435 31895 14415 59632 13572 70966 24794 86115 45937 14874 50634 28885 75021 14942 9513 35570 11547 97042 97923 28321 85182 3559 95053 46325 33360 7058 56024 62923 35798 59817 2711 37233 91711 33477 96864 21634 4442 38009 7748 66731 69235 58382 95615 44255 89675 21479 96176 1221 18520 10451 
45894 3701 14009 40946 66377 63720 48003 22401 26642 83801 82217 45705 37385 90279 79181 50600 11912 99975 88608 19659 83057 74194 94392 78671 34800 84066 150 30976 1639 35021 41426 47532 38722 71786 88477 5098 35505 52831 27498 78498 52983 26066 24202 90367 32696 19735 57318 44607 36061 62278 80618 19117 36471 91361 
14139 71271 91779 30640 18598 93417 65661 76375 57300 20734 48160 45776 25831 83664 14958 69681 62161 67941 12098 2715 74659 44794 38801 48329 5752 74861 10606 2721 10329 47076 94082 24467 34698 2212 71459 53295 95628 37119 29669 52927 57852 94180 15054 34 77843 30011 69714 56356 14303 98164 59070 5314 42957 97870 
