100 6 4
12 33 100 94 66 45 
33 41 20 32 15 28 
91 59 20 3 15 46 
48 50 98 74 12 10 
67 73 7 70 24 64 
65 36 96 65 81 14 
61 14 54 80 97 21 
59 39 79 30 93 45 
75 40 94 73 65 57 
34 84 29 92 53 53 
55 17 40 3 33 20 
68 45 85 73 24 33 
93 35 71 23 64 15 
67 91 54 12 63 71 
68 96 6 49 88 58 
53 94 26 92 48 11 
63 15 55 100 88 31 
84 32 17 7 55 80 
21 21 70 27 85 84 
97 52 32 54 52 71 
11 4 64 88 47 64 
50 62 78 57 61 17 
87 96 49 3 2 3 
34 23 75 4 49 59 
39 97 63 70 50 14 
40 12 18 56 51 16 
19 1 77 48 57 89 
65 95 85 65 49 86 
67 82 8 93 37 8 
4 76 4 18 97 5 
31 37 68 100 44 19 
16 14 71 44 61 27 
33 77 73 17 41 21 
2 59 54 62 52 43 
69 7 18 25 24 66 
81 6 54 49 58 97 
19 25 62 89 68 23 
67 100 99 91 68 92 
63 70 50 16 83 1 
58 51 7 27 27 30 
45 8 88 98 8 45 
95 78 69 8 66 36 
30 84 88 81 26 55 
72 88 76 21 55 58 
74 65 9 80 91 87 
62 35 94 1 85 53 
45 79 30 13 86 47 
100 68 82 39 100 7 
94 71 94 69 43 49 
27 16 13 87 48 55 
25 61 42 71 61 26 
23 5 56 5 69 93 
51 20 12 33 59 11 
91 52 33 37 72 76 
37 50 43 1 88 90 
55 13 50 48 83 62 
25 5 66 80 9 86 
25 12 6 36 96 64 
47 86 67 31 22 38 
6 58 40 49 58 27 
90 65 39 92 64 21 
53 89 78 71 68 38 
56 44 49 13 80 96 
28 78 82 94 8 55 
84 66 65 23 66 74 
49 55 38 40 98 54 
12 51 42 89 73 61 
79 28 5 79 93 84 
75 20 61 8 66 20 
62 49 85 78 23 2 
52 71 9 41 62 6 
94 74 8 35 14 80 
96 92 60 52 71 52 
35 97 71 47 4 36 
18 17 36 3 95 58 
56 98 81 64 38 42 
70 84 67 77 70 81 
57 17 72 68 68 94 
19 2 90 41 100 45 
29 18 62 16 72 8 
74 27 5 6 91 94 
47 60 29 66 88 99 
46 96 15 69 63 83 
63 81 36 4 74 88 
1 54 5 14 69 76 
21 42 2 77 47 44 
22 46 3 51 11 43 
49 56 38 15 76 1 
97 38 33 85 94 6 
72 94 59 28 7 28 
3 79 21 56 55 68 
52 28 65 54 78 27 
96 26 34 34 41 9 
86 89 99 18 25 92 
24 48 37 34 75 95 
61 77 73 34 85 79 
53 36 58 17 41 36 
43 89 13 76 74 5 
36 59 94 34 28 70 
77 51 18 65 37 92 
