65 44 34
69 68 50 87 52 66 73 88 20 57 4 63 85 11 52 9 16 21 98 30 39 58 12 68 65 28 8 67 44 51 56 13 19 5 99 22 22 71 61 41 27 16 3 11 
78 6 72 93 26 21 22 17 79 85 36 95 65 43 13 8 46 68 20 16 24 70 37 45 93 49 37 19 64 39 82 93 96 5 85 22 25 58 90 55 94 25 49 58 
68 13 66 13 80 37 80 3 7 68 99 99 16 35 69 31 25 2 23 21 6 59 94 83 68 83 89 61 7 38 19 26 2 36 90 82 72 69 36 30 36 87 28 51 
21 49 33 46 50 7 18 8 65 11 90 32 45 78 93 51 67 63 29 69 98 18 2 21 87 89 51 22 27 30 25 48 78 9 45 28 16 14 35 80 24 76 64 68 
5 8 70 24 70 98 44 19 16 97 91 54 85 93 27 12 23 3 11 100 12 7 79 27 20 65 58 43 92 21 62 97 80 31 20 1 81 63 71 48 59 62 1 95 
54 79 58 28 82 68 80 93 26 58 71 45 75 28 39 66 1 100 62 32 83 33 33 15 47 3 62 57 64 14 52 70 92 61 49 73 81 28 17 6 86 39 51 12 
19 41 77 71 93 91 2 75 23 34 89 22 37 2 78 52 15 81 73 6 42 22 31 22 49 99 27 86 90 29 97 8 70 26 30 62 16 31 88 90 65 28 11 53 
29 41 56 43 21 29 100 62 2 82 83 50 33 62 88 74 42 36 81 11 61 62 24 28 92 11 18 8 38 80 12 18 20 68 12 41 48 12 2 49 45 37 50 29 
50 37 2 91 73 34 2 85 95 77 13 39 88 30 46 77 9 58 47 81 25 58 21 72 21 74 72 18 10 21 46 11 58 100 2 82 85 55 66 80 31 30 18 70 
59 15 99 20 24 45 100 48 2 20 71 23 45 94 40 55 15 37 17 24 36 18 5 21 72 22 52 3 52 21 72 62 87 70 81 11 66 32 10 68 3 81 42 48 
26 33 54 40 69 70 63 57 88 19 29 59 93 32 13 44 52 37 5 38 58 38 48 24 21 58 43 24 90 84 71 15 16 76 7 36 45 69 92 84 40 72 95 32 
3 7 27 54 95 83 44 53 20 43 28 93 52 70 16 41 53 38 8 20 13 14 55 9 34 99 93 73 70 87 56 73 45 82 78 92 65 21 44 36 16 71 28 67 
92 43 60 44 32 67 15 96 32 69 5 17 19 49 90 89 35 97 13 31 79 90 22 95 63 17 30 78 39 10 96 30 4 55 25 36 73 39 31 4 60 35 21 78 
35 62 18 69 58 30 52 88 72 25 82 34 42 64 63 80 73 10 62 76 65 86 63 37 77 94 93 36 80 65 65 15 26 83 35 35 64 38 75 35 63 56 20 56 
71 34 87 43 44 48 71 8 86 33 96 62 26 88 97 58 4 13 72 29 47 58 16 11 96 90 97 10 97 17 65 68 50 51 62 93 51 32 52 36 65 100 97 42 
39 45 99 43 9 22 23 56 80 38 66 27 27 62 36 76 30 52 43 32 54 4 76 4 88 28 91 52 27 87 93 17 83 44 59 92 17 82 99 48 19 16 74 98 
77 61 73 59 64 67 90 18 22 65 73 9 44 64 12 22 2 57 39 85 100 97 28 16 30 26 64 1 41 89 98 69 2 22 79 65 40 68 82 61 33 55 22 28 
70 33 50 71 89 88 7 40 84 34 8 14 11 23 66 3 11 63 24 64 36 2 29 27 22 62 39 54 68 60 81 37 45 30 8 85 69 14 25 53 100 84 18 10 
6 83 65 68 97 88 32 84 89 12 62 62 73 100 15 41 12 48 77 8 29 36 92 50 50 68 54 49 3 71 10 8 5 74 28 53 61 59 88 2 22 49 63 94 
48 30 86 11 29 15 18 9 50 62 58 99 81 11 99 84 33 9 91 89 82 18 41 95 28 80 96 1 28 10 95 28 91 32 38 19 46 8 80 48 21 89 46 1 
100 97 84 84 5 75 73 86 44 65 32 24 45 79 24 24 89 70 51 31 54 41 2 99 100 81 98 20 69 44 20 20 92 4 56 96 30 80 33 25 44 65 100 40 
43 24 16 83 45 18 14 98 10 15 49 9 47 46 80 15 41 100 87 32 55 42 79 36 73 12 12 16 28 12 8 22 35 75 5 31 92 70 29 2 84 29 10 30 
74 90 96 15 41 82 98 47 75 77 34 47 40 45 15 67 56 74 88 42 48 44 73 39 13 53 92 96 33 2 77 6 43 73 72 35 6 22 33 33 98 66 31 37 
62 97 55 18 22 94 11 69 38 35 60 50 39 51 98 71 4 26 77 98 98 100 84 56 21 16 40 18 33 70 6 47 19 12 16 40 6 26 61 43 61 20 44 51 
22 93 22 78 19 50 27 68 49 11 23 70 78 14 39 63 36 97 9 54 8 24 93 13 1 53 7 13 24 3 64 98 95 85 27 65 34 53 33 34 15 7 55 93 
21 94 7 56 42 67 61 1 42 53 66 42 58 72 7 33 26 70 82 21 6 8 37 91 13 69 24 27 28 79 71 48 24 29 55 65 95 15 65 36 19 82 30 28 
54 36 13 31 5 46 51 62 54 40 52 18 8 75 96 35 53 67 34 28 95 40 44 42 6 61 29 77 42 58 4 47 93 68 78 49 14 80 10 19 19 61 36 27 
36 31 13 40 49 47 20 96 38 63 89 44 23 17 20 65 75 75 11 67 43 40 68 8 20 77 26 38 38 13 16 25 95 29 16 96 27 35 91 64 50 31 59 72 
47 78 88 21 53 51 40 47 90 7 6 9 35 83 99 24 47 14 100 41 42 16 88 20 2 30 36 3 60 94 27 7 72 14 27 76 16 18 74 6 76 79 66 11 
13 64 34 59 78 34 51 71 1 39 43 54 68 78 57 28 71 83 34 94 48 12 69 64 82 94 69 57 24 86 67 36 50 53 94 79 38 45 1 90 35 43 43 2 
72 51 29 43 33 14 36 33 26 57 96 7 2 16 63 26 1 82 61 2 86 7 32 23 3 33 12 37 27 6 38 99 57 19 93 41 32 80 73 9 88 20 15 90 
35 30 15 88 63 27 41 48 33 73 22 87 57 85 23 35 90 13 85 98 31 77 91 62 57 15 71 44 35 37 33 21 18 99 8 80 26 1 79 10 73 100 97 81 
36 19 15 78 83 100 75 13 28 17 27 84 32 49 80 66 37 64 38 55 15 98 86 40 98 65 49 22 16 97 2 52 68 68 29 50 67 55 63 95 72 41 30 3 
41 61 20 77 77 57 31 91 54 17 82 3 33 82 24 48 79 25 99 46 45 79 47 11 34 61 57 5 1 39 59 41 99 30 18 27 86 100 17 92 68 50 94 100 
32 70 48 62 46 98 59 90 77 5 1 62 66 9 18 66 47 28 59 98 57 28 24 42 27 93 85 95 94 31 94 25 100 93 38 45 43 96 35 19 1 87 32 66 
95 49 31 94 76 41 91 84 68 66 25 95 10 62 41 4 92 86 80 43 79 18 87 21 13 73 91 65 59 74 30 6 74 13 99 1 53 41 84 21 58 60 67 20 
21 7 75 64 44 54 6 22 23 45 94 88 17 36 52 76 61 34 81 34 46 31 34 98 23 17 70 80 29 88 99 49 94 73 65 38 79 70 11 53 14 57 40 31 
44 44 58 5 77 90 38 22 72 24 71 94 40 93 73 68 80 24 69 26 96 33 15 26 54 77 79 20 33 70 2 29 13 11 33 41 100 70 14 71 45 85 16 37 
29 88 4 60 63 24 85 11 8 51 36 14 28 66 33 12 36 34 40 100 44 72 41 95 94 54 17 38 90 32 74 18 71 30 78 34 5 14 44 13 65 31 78 44 
97 10 55 84 95 95 83 90 18 23 84 11 77 100 1 66 83 26 36 53 55 65 38 12 78 33 76 94 16 53 37 12 62 44 47 8 90 29 97 7 52 80 70 80 
31 22 45 13 47 32 17 54 96 7 65 74 39 40 19 54 92 8 17 5 51 63 12 92 44 8 50 47 39 19 26 69 92 22 33 39 54 1 92 1 7 8 26 98 
47 45 3 90 52 72 94 54 86 57 97 29 16 46 75 54 65 52 74 56 26 6 46 31 58 89 31 17 96 57 14 42 53 16 83 4 39 76 9 25 84 5 5 99 
2 32 52 18 83 25 74 60 82 71 90 92 60 73 8 55 29 21 49 81 88 31 36 27 59 96 3 42 52 7 41 53 38 44 71 73 69 96 32 2 18 74 93 77 
46 100 84 74 72 84 6 12 66 93 90 24 40 92 18 91 98 10 95 88 53 17 60 73 12 91 75 30 64 19 58 61 71 93 86 42 76 91 5 94 35 94 17 74 
85 86 16 35 95 11 22 48 27 81 20 91 23 46 72 39 17 81 99 39 74 85 80 1 75 85 94 62 78 63 35 15 48 3 49 43 13 70 42 91 2 13 33 24 
11 4 62 27 85 61 65 10 45 96 10 71 32 4 32 62 66 19 76 65 21 76 7 85 45 100 75 46 13 8 21 23 63 83 1 99 43 17 8 39 64 18 61 48 
73 93 9 90 63 36 54 35 63 13 19 7 12 45 4 76 4 24 98 67 58 50 65 52 18 73 90 82 42 51 29 14 95 89 55 9 24 8 43 86 72 61 44 84 
5 99 11 9 74 61 27 32 10 43 83 28 15 25 61 8 27 89 73 73 29 27 81 52 87 23 89 58 83 84 93 39 34 4 99 7 64 25 90 25 68 25 52 34 
49 64 94 27 52 66 99 80 93 79 83 79 1 23 36 35 58 81 25 91 84 24 50 47 100 91 71 19 15 75 53 15 38 98 41 42 63 39 73 55 69 8 85 21 
82 73 55 40 53 32 82 36 55 83 34 6 74 56 25 88 82 29 55 72 26 95 65 88 86 37 95 54 96 79 75 78 51 81 69 55 64 50 90 18 85 75 76 58 
31 52 97 12 80 3 35 57 98 99 96 35 36 90 40 31 21 66 60 23 47 28 78 62 30 19 32 14 94 7 23 24 58 71 87 89 74 22 45 71 20 40 57 7 
82 96 90 54 62 49 28 60 29 5 21 58 24 52 71 69 58 45 92 15 15 30 55 88 51 99 10 23 91 66 29 24 62 70 29 23 71 56 82 99 61 2 8 36 
54 30 4 11 74 47 78 88 76 84 76 79 83 37 1 25 3 81 100 64 51 28 86 73 83 67 71 95 20 78 82 73 7 85 36 32 83 65 19 59 48 46 89 82 
83 89 58 37 21 57 100 23 84 85 95 19 3 17 13 74 46 95 47 4 31 34 35 14 98 6 24 97 3 12 79 37 52 36 73 72 45 72 95 28 8 41 46 62 
58 11 36 3 57 34 7 87 67 41 52 16 98 27 12 1 38 42 37 41 30 10 65 74 33 11 53 93 51 51 54 8 61 41 63 17 74 69 55 92 61 7 7 59 
85 71 11 23 64 47 15 93 8 79 18 93 89 71 85 40 21 90 99 33 31 61 1 4 81 55 96 42 13 54 52 98 24 62 72 88 8 86 32 68 17 50 60 5 
72 96 96 44 85 47 76 15 7 76 71 40 82 18 81 95 71 84 92 47 45 63 86 4 100 17 23 16 18 82 73 41 29 68 84 14 66 11 80 25 86 2 64 68 
19 96 14 42 79 5 88 23 19 25 78 18 41 1 86 11 34 58 51 63 77 35 28 43 45 7 67 83 9 30 2 79 25 67 20 55 71 59 77 41 83 6 10 76 
6 95 86 40 4 36 54 81 22 81 75 19 39 93 53 47 22 6 26 98 72 97 4 94 56 32 34 38 37 95 13 95 90 50 86 45 38 39 25 11 19 51 29 57 
43 33 56 16 38 33 65 61 29 68 54 36 99 39 26 36 34 90 30 75 40 67 19 77 5 96 39 75 46 68 83 41 52 38 56 90 22 73 50 3 40 56 38 91 
94 63 78 27 53 59 1 44 25 20 20 29 15 10 55 12 77 37 52 81 27 60 70 48 32 71 50 23 26 88 13 72 2 90 98 54 48 51 97 72 70 68 52 36 
78 6 99 6 43 51 86 21 10 7 68 93 30 70 15 7 9 28 78 10 17 28 16 17 78 12 40 99 32 92 86 61 97 84 66 91 34 4 11 95 62 31 87 91 
100 2 98 8 81 27 17 49 54 84 65 83 96 5 81 79 48 18 39 44 2 56 87 87 59 97 34 21 27 72 11 78 25 60 85 5 87 54 54 92 37 70 75 84 
26 7 62 73 77 52 69 78 8 55 16 18 3 49 38 82 21 1 59 45 12 96 2 50 1 55 42 89 76 68 73 2 26 86 74 2 90 42 31 97 48 99 14 51 
47 4 84 19 4 42 16 67 89 17 17 89 23 10 78 98 29 2 99 54 39 25 8 28 18 90 24 66 88 90 68 87 93 51 57 48 44 72 14 33 88 82 73 62 
