57 90 16
18369 62667 98320 54215 81274 19133 13586 34065 63944 97870 83957 96051 31299 60113 55219 30006 36650 40604 59937 36516 25386 41672 33777 86138 96887 51005 93564 38719 27914 37205 73154 46282 99871 71474 496 81145 90606 30433 15209 54549 44654 15518 66951 75952 75630 38521 5958 28631 95477 65894 81499 20862 23918 31627 6999 20804 82632 16914 59522 10545 70471 49028 56826 70341 20501 73673 67837 11106 4105 99398 82007 65111 14915 65309 41062 6896 3830 47019 51879 99306 29265 33377 36519 53182 81355 43518 90337 63986 76783 49858 
90882 47253 15237 47707 33946 35737 37731 1782 63195 58188 1179 61553 23298 32445 26861 64359 39341 47042 11378 91219 62699 56994 40947 99218 10175 22301 59087 16863 2639 35869 83072 93520 99474 98309 57579 49771 34045 95309 51552 97239 69848 69083 58791 93145 17879 2004 73856 57219 49045 1585 64789 28096 58578 22087 27313 68752 60740 86399 85614 79730 38619 68685 73249 54444 83345 47179 4214 17390 58840 72118 30980 28687 57552 89771 38184 75430 8126 12039 49001 57170 13623 30141 85265 72200 52228 28929 57303 29319 31679 59268 
9048 70298 44304 98648 41093 27649 45827 45307 45038 21018 33776 92369 66056 7679 98491 4239 83108 6616 32629 48460 80138 46251 78601 65402 34802 47180 10683 8456 92850 42361 67723 1897 29010 28379 16896 70103 56027 79074 31761 17416 91 81888 9784 66147 89566 24627 86737 72673 31242 19366 37485 11379 81968 16085 93133 16770 79616 3815 25225 72465 62527 9300 90713 91537 37678 7608 77991 10056 86682 9751 43823 3124 91638 69958 69270 81203 94584 72359 70227 25826 91724 7711 37204 73691 40147 46688 90460 19762 50502 32037 
92226 29381 41336 82938 20917 95365 6898 98907 21772 93579 25009 65594 96702 16646 35551 82324 14200 46487 54682 778 88664 46405 8489 42219 36447 48635 88907 43259 84749 55760 75295 93326 85140 32982 92616 6056 44698 99513 21314 66469 93091 46322 32062 6144 79319 83964 88467 93518 46802 59500 94296 35465 22256 19136 77684 58703 84122 66590 1961 68870 22349 93607 78548 23841 26588 71163 46248 87637 70675 67562 54105 80117 30235 2518 86260 9554 86481 91079 3071 49635 50578 13718 85099 72834 32853 62782 47888 33327 45723 49848 
2196 84424 59806 80743 8264 2745 68257 54511 90381 38931 38424 44485 19047 68659 47002 21659 78212 49834 12737 97634 99468 79666 11352 919 68851 60556 63700 16738 93882 25775 82937 12430 10198 42742 9524 18461 45486 77781 89323 35866 33063 27747 96702 68462 96405 43703 90120 90968 9889 19208 88601 25708 15225 16304 26626 84076 93212 6678 17165 3445 32452 102 32226 42649 59195 41750 77461 4681 35882 83135 56898 68944 27233 69952 53757 23637 13654 43876 30956 39894 79435 35909 65602 94660 68564 8579 95087 78127 15256 12251 
81572 47707 28704 13797 6707 87899 71898 519 8931 7779 6 65828 93075 27238 35779 46831 67227 65785 7059 98182 22030 86493 34090 3983 97504 19006 12562 92590 97132 27817 4841 78703 91876 33544 8852 14934 37794 80749 31805 46724 4880 31810 28904 14306 59047 81034 61136 26273 46818 84546 24455 85200 87391 74896 89182 84894 10253 1743 93836 7385 45912 15028 2439 54139 64923 11290 69072 2717 8391 876 65792 29622 49037 94695 43927 8084 75729 21414 34356 38898 22312 75162 24097 9702 66410 29631 10947 76662 31373 4782 
398 93636 36161 2837 47774 1084 30478 33198 20152 55220 50425 85943 84841 99462 96990 45119 7545 72718 66533 58252 11615 5196 49766 52064 14897 16175 81694 42195 9188 29418 46977 9586 23054 99489 28774 87179 16924 75603 20376 53427 30823 70801 39370 32015 86614 52711 77134 10510 25428 60018 85113 53394 65213 34878 21809 96461 67404 3502 38655 92944 49272 1983 2529 72325 1472 47654 75855 34747 23256 96231 88174 54078 83383 43895 2445 69996 96605 79578 96857 38384 55947 81969 91777 21159 16847 29938 33971 602 33439 72625 
93545 99062 74608 12425 71386 92431 60078 47241 27177 99686 59823 31702 53763 59557 75596 56207 29552 88552 52136 42760 26935 8082 24728 35064 45592 41574 65001 79562 42176 14791 68539 52072 13853 59498 64497 1590 68280 40926 65182 11808 40611 25004 43510 94374 912 35457 66932 30463 24009 35420 73222 50943 59853 14302 2358 5445 55875 67358 1358 14402 98501 86248 66474 12353 45745 47322 30294 30376 88247 95476 42184 28858 36831 2045 39583 37743 37501 22866 84557 61509 58285 74131 28804 18138 88432 31161 39934 60658 14871 57643 
75060 13371 43891 57885 42075 5987 21558 72368 36363 9804 84195 78546 55013 21026 96942 10947 75120 34442 33813 59676 12303 8449 33806 41106 26586 38589 88618 82871 99247 3488 40514 90658 33210 84404 64894 91636 6742 86451 80356 43104 12606 64550 38001 67619 1927 34942 78565 77046 69384 28729 53074 98038 37178 3231 39143 63763 41820 27760 62986 57418 47600 3499 48075 97161 4254 12968 88797 10995 99418 69152 70451 28375 50053 8451 95993 68332 59745 90910 61729 45480 19638 14802 43517 56815 18033 99011 36930 76204 43122 99915 
33621 90721 19765 98047 4234 40370 11014 93030 67716 26783 78533 38166 55157 44937 62969 67502 13268 22713 74763 74997 84544 94400 89798 28060 67567 24182 43422 20848 16737 86543 37114 66709 77264 56878 64755 81497 13599 92120 90878 81314 18902 85762 19480 90411 30698 82448 74264 43966 21512 49026 18962 22407 59777 25111 66818 27343 65645 10239 48190 82381 96781 85303 49090 90396 58532 30196 88244 72130 22316 79121 53444 57569 64882 89275 64331 11932 71722 38594 55897 9585 3971 91210 31991 63748 16320 98808 7442 81964 25398 55632 
80697 22178 57286 46138 12574 32170 76333 17169 20651 15000 96290 74094 72569 77523 63368 36899 89454 51441 91845 61702 77377 95815 52911 25719 59562 85583 40878 67004 83898 66275 38987 64594 4805 12624 27083 33730 44793 19768 50898 65444 34767 63539 55889 23687 57414 35609 60586 46867 3401 52430 24921 97130 64596 77831 22848 40510 63413 63726 7513 47311 46352 62851 28256 51156 91826 71691 1237 36619 91458 52135 18414 26224 15673 90654 49911 73086 26262 26848 36305 46015 95629 61225 43144 60224 55407 65991 733 35172 46068 24597 
98834 8772 3799 27089 76279 95625 98779 77516 48595 90236 29650 67008 32812 61674 74013 99074 51112 16627 25921 87416 62641 21549 64992 5784 98124 20398 88126 98857 55569 50546 39805 54402 59317 43604 97843 35595 39228 12973 29462 87822 19561 75463 71181 52372 37137 45193 51445 88248 61819 93717 92015 40811 15265 57006 46594 13388 93755 51072 28596 65676 1617 68401 36429 77285 28356 50623 29231 67583 63596 58693 71756 83156 34155 42936 51879 71291 4480 19675 75890 66299 13391 67904 7109 45007 41261 70055 74746 51368 21126 3342 
17043 39094 88094 69823 16378 16449 20446 45608 383 84041 20652 88490 83548 54807 31425 51778 42449 52256 71452 34691 18554 84842 18946 42015 29848 60207 28421 4593 27926 65898 24286 44968 21343 28731 31142 37720 61531 51587 99679 61913 51979 20331 50402 51878 91489 98178 3655 50289 50434 75106 84979 85339 76299 3925 43705 22498 80483 72125 43443 8408 54374 67728 69727 75716 96459 868 29787 74341 68807 45818 36254 20785 82500 3007 72663 73988 1185 76317 24276 67970 67775 25607 53308 44073 29531 13365 66571 10013 1841 10013 
34772 56215 94092 4498 48282 6902 5365 78069 81243 74171 23886 17496 11308 6385 36854 83970 96724 54390 76638 37351 22359 44412 62957 92019 4837 8839 21735 71407 35203 23575 97771 69974 96141 91862 74471 44423 98764 79836 22491 96358 70358 62728 30205 81665 85464 67058 81986 82187 21448 74976 19537 60158 35739 98846 68528 56927 7684 90262 28333 59239 13837 42455 29212 9977 34317 3683 70751 49432 99870 9593 45789 86579 72320 92345 84596 74135 59402 82933 56321 97201 57908 92210 73711 9999 7407 42238 66925 31442 48852 11610 
90680 79040 54064 19892 5368 4732 23574 76119 70515 39795 85711 32655 26373 74383 24999 10968 48517 753 93901 21190 97953 68160 13399 71663 78158 37157 13901 61435 68598 79104 89396 59278 58143 59811 79169 63510 64543 19094 39628 51409 58888 41691 84064 1612 16073 25414 12580 80941 26166 22832 2130 24119 7343 31880 12133 1853 69036 42385 63287 37634 21488 52682 13263 79630 12492 8783 43140 93386 27876 99119 61147 3115 40809 45210 21078 56881 86975 50009 37822 13141 72840 56303 53611 80183 88183 65743 82035 57218 24480 61673 
11203 45967 30706 40817 41949 59549 49599 85088 52935 93826 84206 14081 13292 41367 75642 34370 98247 78968 84378 52420 8460 73570 8723 62070 70104 13257 44165 68490 86826 84996 30162 14381 30962 60867 55197 72910 36767 4796 74349 89701 14973 74907 20133 28265 16273 12126 62634 30871 7446 63363 99643 15905 36932 24717 94327 7035 37973 54843 91876 24798 39838 22037 39178 87151 99255 94375 76413 36022 15522 50761 42074 30494 42019 78559 58758 74643 7036 37743 21866 14481 1106 21508 46738 54389 46224 41064 77776 548 95906 69651 
41697 52095 8040 80875 39245 7294 91601 15657 59667 23474 82770 1741 53967 41140 96651 29077 15783 3686 66819 54000 34519 84276 75507 81256 38665 38082 38671 32792 54981 34576 2442 96677 3022 10481 93903 42266 34127 85503 57923 93793 8976 57044 11885 79295 98183 8535 8371 30317 28573 91541 84316 79443 92169 76174 77050 47185 30607 15720 79976 85587 66647 82417 98616 69668 9250 92518 11933 43376 78021 86207 53520 3348 43250 65405 82642 57785 90291 7364 88101 18863 15257 88769 14657 7425 64942 91706 54609 95549 7425 50936 
97487 90423 49704 12454 60090 58953 4972 88375 18680 99344 90933 72200 2691 50535 37604 1685 24671 27894 25400 12771 63109 40656 1539 77765 64432 82833 69471 35392 94733 93247 86327 8571 22 36031 21025 76463 11335 25996 81189 30015 25339 72122 2214 44381 39008 39817 62417 63678 84062 87817 92800 47170 44824 10691 41287 25608 93523 27109 60999 4607 20355 63678 13177 36728 99708 34201 13191 27394 76548 94379 57408 18238 82852 59621 62619 21859 15789 25035 1888 16203 29203 94688 63372 74027 5378 21010 99634 98900 48118 76984 
3506 84825 40661 33034 21552 56720 67235 34742 84114 60134 29121 57873 78372 28324 17494 40990 50183 49634 82376 52070 65836 11579 46757 45560 1957 68486 66569 17942 83737 14687 11277 3594 99511 51938 36628 37414 25009 3862 72156 25474 80347 17628 83347 58718 45951 17192 99707 12485 66825 98435 64555 49013 10013 27663 94572 28321 96149 77492 46262 79885 8530 57538 83479 8040 25827 36458 45454 67188 56671 33961 92661 37017 51588 92359 95735 13890 9550 95441 26375 92727 93875 7281 58091 20239 34943 69014 48559 47443 46505 11172 
43680 55035 85062 43510 79426 27240 79967 41231 94427 36637 91543 3440 90005 59482 95798 85739 73372 21700 97532 99746 30778 7758 23378 88868 27997 74672 57881 92907 22115 20737 20431 82146 92123 5492 42007 71549 49083 38325 29131 43510 91313 20674 63301 81317 80155 59098 67056 53526 97149 64587 69623 27926 72344 93000 16793 16692 84024 91025 25951 6138 11762 46381 4635 20236 68224 46641 91784 33658 1317 37267 77167 92629 57940 40467 73945 54446 15917 41000 24324 13065 21938 10298 57343 10634 19650 90487 43677 3673 81512 69627 
26162 9625 32359 30796 29860 16934 93788 37996 50592 95104 91614 44110 87732 65905 929 78028 20350 16845 35380 44673 46261 57317 71323 19955 84302 90972 10442 27979 94644 8305 97605 37157 34281 46316 67952 80492 63249 78091 18487 30192 89546 10100 74302 93629 76004 75230 71656 12706 8426 7035 73730 71038 80704 45052 90993 65005 52375 1434 92983 47018 26090 6940 84174 60370 53255 68477 40861 32855 62919 59348 63047 68816 85799 37348 62444 78155 28929 34100 7212 53706 57486 80941 24743 38189 42345 32087 3194 94719 49872 12528 
58089 75961 19467 58614 36330 72721 43443 77191 21928 6361 52890 84974 75177 55040 38673 53972 49546 83953 88071 56757 37658 45557 54050 78752 97 96394 10839 19642 7464 60710 32170 65552 36671 51636 24166 89352 40709 67608 66542 62636 90320 35783 63961 81848 90823 2633 35820 40368 86585 40242 13477 40594 2150 67526 19345 2247 80271 46535 21888 87734 23597 54057 53286 76619 22045 93803 65970 79105 77762 32512 41740 68081 84646 22052 66281 75468 24684 18452 32188 27620 58693 45664 68213 60843 29541 87557 79441 9811 34092 17680 
97544 57688 88089 67181 34306 10133 60983 16627 89237 55096 65490 47328 39529 50136 69379 5809 25603 10414 24260 57790 38033 99304 19805 6245 60146 49345 10153 55938 75507 60596 73618 89403 34635 61706 56583 85292 88190 33918 1919 93778 89013 67408 57457 44893 17543 26835 50701 59498 53600 91312 33639 91632 90616 69796 14228 67113 19140 24380 23051 10999 84976 96668 401 35962 74725 56983 21254 62914 7252 23172 56691 12617 6931 14147 57509 24474 57333 24562 323 27284 15873 33961 35267 22840 3756 49494 89953 39248 73873 13003 
50246 75200 26022 50646 11162 17098 23980 32415 80011 47584 71938 53053 60200 78868 83551 34060 19693 57235 58621 20015 84518 90846 70328 19784 13685 90435 85629 3637 29682 59501 32991 96279 51053 75364 63276 78566 92461 87256 27332 88823 34839 15621 41875 11390 94488 41777 61801 30533 99011 20422 50547 99880 27619 37226 36015 41303 27661 21643 61292 73694 97496 10634 69973 48548 85998 33248 43465 94810 36855 70796 83633 88045 2768 41859 15786 97255 83636 77587 27787 82646 14360 94686 98878 41978 48263 34892 99632 75923 56535 60923 
65969 54030 87909 35941 18929 73906 85540 62393 85067 38747 49540 68699 43143 52307 10558 58929 65913 94193 52867 10052 93190 67226 21089 92067 9203 69351 43311 25186 61626 99845 86109 27594 70226 90369 79886 89154 64274 65425 67898 65692 20523 17437 34391 63666 86095 61300 38946 68359 55492 91812 78410 65033 59037 15850 73452 84591 85201 16762 9776 46826 32958 12236 74419 3183 2604 70656 92336 83229 52432 76585 48921 72955 94021 83311 52972 96467 44610 91917 64825 16453 83728 59587 97837 42764 75436 87640 27354 60636 4401 53481 
23813 53710 65717 14583 56892 68320 85238 65579 51549 37670 42163 469 10624 52535 131 63595 49001 61092 71863 30178 77544 55590 89764 91732 14705 65199 79372 42058 42187 124 11890 65999 53834 77606 80582 27077 45926 82171 9008 97474 19840 51170 14294 46815 20057 14424 26761 85409 75515 98623 15586 69410 70564 5349 77493 85268 86900 56864 43677 29086 56988 55567 11436 27173 33172 8369 54249 79097 90540 63256 92922 26731 30778 23567 89898 50834 54342 16658 36242 29856 31633 68180 15617 2196 89880 93110 87464 76779 66325 31140 
22216 39664 3058 33652 66836 36230 42020 21085 31678 48911 692 40952 75642 31469 64518 81891 98654 18860 98548 51248 65067 46532 35779 97036 65080 25658 6497 68895 18789 72821 16386 41004 12485 19444 91007 95672 72025 33027 33108 3702 98289 33800 44653 90282 81620 25523 72172 96626 60734 87072 64225 42152 33603 3 39187 15034 25660 62035 83928 44448 34856 16666 85452 63692 36109 92810 59363 8133 42188 92471 28186 40477 42622 89191 30758 40593 14713 2930 37218 91798 90001 1442 33949 39955 1444 89488 71341 27104 51522 55268 
87903 86377 88285 89706 66420 24393 82516 42135 48877 24703 50957 93415 81531 93578 82605 12289 34170 13669 31570 87740 5466 37922 89181 55766 94228 6977 45253 65568 34080 96775 37188 38334 99503 25472 28040 82275 66217 26907 24409 31445 67961 75365 24859 49492 85294 23815 61780 19463 37483 9701 7202 59300 47622 12735 15066 41849 19711 76670 7417 70142 89796 44604 8475 5651 86427 52866 87925 52643 96124 12333 440 64085 4049 25298 13576 89342 65465 91707 25156 2947 1407 48710 78599 49028 61444 10016 90876 97506 86685 14644 
83999 92833 75599 92473 98483 62026 61691 86407 31020 74166 15091 31459 38250 19139 73109 51825 24832 38573 43531 49987 57871 44937 15048 36469 10316 92843 62836 1192 90348 49521 32187 74346 58705 7786 83171 57187 86163 61213 43593 17182 35378 58683 64993 89980 94173 54453 41804 35356 9377 1687 1694 83599 62975 16742 20068 73291 9584 82903 90834 16284 48775 23020 6981 7479 30805 6503 81017 33319 84067 24609 66853 35797 99643 48197 25776 10167 2649 83931 45522 28377 85617 47216 11975 48592 80309 48394 38234 6244 47649 29067 
38879 12775 68438 45860 36606 15595 68714 17622 48913 52781 58583 15765 88577 58225 63961 14352 84744 82961 98282 46617 11337 251 93832 23312 65194 90492 88057 3427 96736 35705 48845 35614 48480 17282 97825 85085 32876 66539 2706 98141 35671 61288 13905 24247 35865 94218 54950 20608 77178 69583 67224 4867 86185 77408 44530 51378 84251 32586 71156 80986 68291 20000 32952 16770 53634 30776 18206 2861 13666 20911 1001 49336 98551 14906 89934 34415 25475 61235 71374 2652 30818 54949 7518 17002 48708 68399 84732 32959 985 55887 
30296 85627 92239 63247 18748 62224 10375 36953 65084 24040 74215 66085 73376 72765 97342 79661 23531 22816 40896 94904 41819 71713 66205 65689 5066 14912 34087 89797 64222 35071 62036 94518 20697 54274 74116 39444 32849 84490 92748 97932 24882 66963 80368 14609 39727 77709 94269 79610 16876 35164 74513 58695 23228 57069 24383 28294 88333 74821 34442 68906 9892 96477 79775 46940 67102 53891 2736 99950 54732 11835 14234 79613 78797 94601 94221 34876 88662 4842 14485 5537 40005 5349 80583 63233 62418 21317 7878 50750 96138 58671 
19655 22381 55148 15782 85672 38601 69672 4759 54903 40755 16594 69136 20368 95390 63736 30940 30265 52397 35781 44749 74286 75786 50098 54868 55370 28867 76185 79599 95968 88674 38269 31974 11054 9768 47755 96725 64721 17426 1484 19623 58181 18077 88758 94900 29818 68845 42191 60083 37594 77972 21183 11879 70109 87632 83098 41830 16498 75634 37780 12465 80659 76048 44439 91712 2168 8545 4789 83240 25971 22624 2862 503 57052 7971 11754 3221 93167 53944 63303 30760 48267 838 58990 34727 88469 58440 76556 4967 50425 14335 
33783 31084 6735 94573 39147 25254 3118 43935 8493 45440 82910 27706 62294 56313 35676 90399 59534 45194 60694 39188 92306 8961 40025 51295 43687 28494 26086 36595 49812 76511 50929 99946 23946 74015 10871 63092 99268 13988 23379 7760 75779 22640 35465 38072 78953 87492 28470 38486 32686 5515 77673 24991 14475 34050 92637 74514 78895 35075 11108 45058 27937 62036 45003 51882 36051 72225 31325 51670 86212 54703 75782 61990 77343 11246 16413 72647 15090 61234 11132 47775 66749 5156 89117 97575 55557 81753 72088 34451 16827 83195 
79508 44763 61583 40863 12996 13985 13087 44321 65654 15651 15375 41435 93992 9069 69033 10405 81715 84122 87990 9198 31896 71090 14354 37364 68665 86262 19116 40752 20713 52295 23947 16572 13409 1881 57434 26405 15865 86873 87077 81518 2523 2451 39305 12866 11520 8337 39622 93234 8810 27612 18784 57057 15053 33137 94420 83717 35750 29887 40821 56462 82181 64767 73034 11942 82999 46819 54698 98863 50043 41774 96732 68917 60576 36036 81783 72095 60724 21404 81681 69533 65367 464 26589 80420 49952 21008 80488 85701 50895 21308 
58515 49427 2426 31548 61368 85424 94718 16065 84286 44761 74190 97370 30029 34766 49757 11811 6860 10481 49567 4892 96365 31285 5355 22954 11704 71658 60313 8544 73711 27559 29851 32225 76986 32277 80124 54705 34052 74841 87122 34690 35953 61311 32059 65982 96076 81815 94144 19288 92295 43710 24179 88660 74995 45886 27965 3050 33895 4629 11593 7605 32188 41444 39829 9173 90072 19952 80229 24123 11145 67350 58812 47097 28661 7222 29430 24736 89037 23574 60375 97683 83635 84554 2694 58629 46791 30658 78031 80685 35287 89623 
88290 67474 47418 44470 92998 53841 64422 89578 94316 75566 56928 69479 39014 85588 76701 68444 26675 65737 8369 3402 63419 92003 87955 82465 50632 51097 13122 45014 31781 64760 34636 36422 48585 98406 80892 57934 52246 61665 47512 62913 37230 20791 32392 92595 6378 9092 61038 49404 91180 85758 52805 54598 77761 57111 37062 44744 24559 66536 89757 56340 47647 40744 9113 96232 39149 6356 70517 7747 68020 18028 70659 21601 38818 3050 14196 61547 28493 91585 27303 19672 77343 96459 90622 55103 69922 27683 16198 94480 10570 5954 
50819 58217 46697 76284 70800 2198 82639 41316 26296 50659 75696 96954 72259 14513 16356 86454 92412 44848 94391 19714 64520 71733 32524 55141 43187 2445 99175 59384 96925 26097 81689 64095 665 28385 40378 71464 46934 23017 29131 73229 90027 4826 70183 78637 35691 2890 81443 44454 47737 75833 64167 28608 63917 13042 83748 7103 15487 99275 66486 12411 25371 48174 76505 42387 92910 33235 30202 39844 72603 59332 29424 62629 80510 99606 41265 32552 18847 22707 77005 66584 14891 57523 11543 78807 70564 11643 85909 86050 10917 68746 
14812 52639 33271 91317 95025 42533 40903 25226 98728 13505 909 28151 76133 81418 44109 33749 13969 62955 72808 90973 45890 87698 48495 57433 82857 19059 69075 85117 21460 79991 53863 36272 48981 3485 43940 44005 46017 84842 69230 44744 98346 70138 72895 74478 67908 17003 24578 81876 79957 97385 89201 25847 1435 37695 99631 84291 73105 68705 69407 94565 65047 39621 47188 14027 43106 91127 58031 5474 75968 43612 66570 74313 30101 39464 65142 98008 72818 89719 96236 69126 3456 85436 11324 21242 39482 10954 5532 28939 79658 91290 
23503 44704 47263 70690 75082 6720 78168 33112 12193 54135 93075 78762 28447 23176 34577 9940 37535 23746 99658 33770 92872 19465 35557 20547 40706 91391 31501 62589 20329 27510 70231 60183 88566 17493 47224 63647 24212 25391 13111 52756 79525 6185 47870 24323 45712 98798 34262 83247 22544 50271 33368 31767 69736 85277 52313 26793 76667 83813 89382 96995 27675 59612 73529 32592 93456 20752 96238 34019 46142 25700 86774 42018 31885 50995 82692 77596 49793 16953 77194 88688 67223 10562 20454 53310 95838 72766 80103 88856 72931 85836 
2202 605 45447 75730 33196 55254 96481 45785 89272 58974 71485 92397 17343 19721 43392 34 13668 9536 33338 90862 98223 560 17775 18676 70222 29964 91441 66676 35171 64371 52511 37372 81327 14309 13101 30874 69562 25933 76659 58833 1258 64495 51229 18600 567 10972 34985 14234 36859 68322 21447 51433 85233 55573 70108 55454 1888 77901 22129 37058 58623 90991 74429 39950 5299 3881 70823 74860 29813 63833 33692 31070 44679 1273 66021 45245 28596 1005 75831 65455 69326 13629 16887 70911 69202 3347 26364 87441 97599 64845 
24499 56221 55835 15279 96170 61134 19160 83345 35993 65324 63529 86037 12746 8208 3661 78766 53452 32256 96123 45634 14062 81800 59263 47301 52710 44816 66999 79074 32256 64597 60270 56754 20817 32456 88385 33339 9941 7544 33035 62286 72867 96563 48322 85612 21122 68334 80730 90926 589 76852 36559 31003 58651 95821 94655 27713 40636 61653 23138 89244 42601 83407 45997 79769 32214 50733 13107 42155 58276 62493 4440 47495 59056 69113 49458 96529 37446 30187 87454 54386 23390 24013 85388 98393 36185 96394 26105 93173 74398 49242 
82416 16998 49000 44764 96767 81213 95497 26225 23367 53772 88718 27806 17618 64125 96918 67076 60653 34363 13614 48107 5101 37004 88471 6840 51748 24655 3234 77852 17827 77631 43445 242 10981 92444 61358 7747 73656 56854 50323 13375 26977 39040 41180 44595 19516 54450 11670 80169 5164 41635 44627 10264 94990 33097 17104 46737 57751 20337 40940 91930 14319 84384 8523 25299 93179 69880 49397 66835 26733 16072 96561 53710 71463 37740 14656 90979 8541 26325 71147 13705 84311 15773 23968 79301 65221 41071 26037 39323 77759 83329 
31252 8430 84064 56127 50080 77243 42358 15829 60429 69091 31900 56989 39152 3362 11080 53807 94340 19621 96483 81838 33325 80793 13962 73644 76445 79182 14715 18834 18505 8825 2162 66108 17254 86225 38586 83686 63467 80944 99514 40247 50034 31413 97235 5537 51126 8315 75695 45466 27935 88529 43655 77611 85673 57617 51254 62118 53150 82320 97303 88006 7497 99464 54114 24750 2040 92699 8435 65507 73642 24300 22105 40027 55712 19340 61915 6838 44006 53961 68655 88292 42489 12309 65902 44514 86277 17155 22983 39427 15827 20285 
27432 23323 19748 97897 64424 38139 6948 89211 3645 80589 13510 42102 36968 85574 61441 15234 92411 5446 69195 77417 93737 28035 6077 75990 72548 92354 9496 11882 31780 25322 32166 75563 64996 68265 73460 29420 6404 80407 18630 26400 77347 48491 68501 14314 34064 46293 45900 42826 51738 15094 20242 61826 59480 26319 54167 48380 35024 63663 60261 66803 5336 8779 42365 70332 77043 32176 99751 99798 12582 34732 26198 89929 99574 11050 20594 33638 57343 66493 92815 25432 97938 13057 3610 73770 55727 57776 22149 90750 21438 98761 
73904 26774 7539 32620 97105 934 64796 13207 731 77377 64290 43280 83657 63863 54330 4251 13852 11672 87095 6667 37103 1385 36075 57064 75154 8153 14840 97302 98902 36277 12414 89157 79402 19953 38128 92858 37238 2923 22416 37968 96652 86705 81248 80308 66920 51929 910 80771 63600 4357 87437 17054 5741 39863 74118 80894 48015 5309 94547 63268 41585 6960 52424 37339 26912 6904 30196 64149 9826 52612 18469 22829 55668 16068 19489 22587 67996 20398 19710 47947 41106 23498 81352 46846 63361 71821 27739 27727 77129 22285 
90995 18714 29245 59770 72404 72508 66673 2599 53009 92851 71562 87829 15679 43582 3896 35167 82520 71891 71917 2229 36189 13022 42079 17540 59868 21791 89361 3958 49517 66489 42595 40511 1554 88191 16633 73957 60698 83305 92908 30058 76155 80821 17886 8186 24402 38133 59704 6922 10023 31620 25502 46211 60994 83932 80103 37213 5722 69463 57522 55239 35951 116 12101 37505 88306 28733 27813 65356 28390 20720 11765 20896 17893 29651 29081 42294 67783 5137 65567 94158 53108 7421 56720 14101 91352 36822 67665 97074 22636 25187 
68664 58587 41654 80764 12443 29960 25849 56607 11667 54238 77327 23431 75133 95219 69433 20566 53864 37216 25702 35783 47725 78809 43203 20796 9262 34554 57618 93278 47979 80253 18464 32994 55191 76470 30110 83985 6429 55958 40592 34447 26547 34270 57877 18031 45840 27310 38596 99703 80877 80649 35485 44953 75810 95039 65748 85071 45945 39717 78348 93923 36322 13164 43269 91512 89633 73378 91849 12413 29335 32440 63211 55881 66709 21087 73911 12548 64748 28859 28602 45624 9507 64087 90576 85316 59125 72676 86738 21421 12392 81438 
15344 48713 10953 58612 56577 585 48341 48425 29349 77675 97216 92559 49907 63924 29997 40169 92823 94745 69027 21424 56720 94886 1862 47296 96553 77339 36323 99643 98759 48714 81080 30454 97427 92032 5417 70355 8968 53757 18779 54668 47783 15994 63578 14041 96269 93574 54210 5443 88318 39588 26866 45038 34473 45080 8685 47378 38770 45007 47020 37528 10072 44451 84334 23850 52834 89750 94204 61801 59859 29334 32820 7641 61679 96397 38034 74299 89970 92243 79741 94640 31830 22959 56029 82655 68038 81065 46384 6807 42423 93403 
60686 52494 54205 45019 92696 7038 51121 3251 85190 27331 32585 18009 51323 10615 30757 89356 84914 37078 81598 64654 48069 29780 3964 4097 28786 88353 1513 75169 11511 43935 84923 72197 12781 39127 33567 21828 46164 1039 25078 47705 28369 57662 82065 79692 84629 12821 69047 69542 49898 66997 50547 97967 96776 54511 18415 25561 59215 19928 729 70726 80214 2003 42922 9346 41129 92840 31173 3644 93879 72603 51348 22247 46616 33412 18290 31244 62584 87337 785 12481 70685 67684 26799 67460 38546 61566 9372 97760 81493 26452 
68485 78058 28454 27758 3756 85934 20598 51280 89577 30828 23882 57276 69426 70498 7039 87716 1741 69622 91404 18878 98454 62088 86561 41605 45899 41458 3170 55270 39217 1014 98073 24054 79071 26526 51811 99178 12459 88760 50458 18387 35939 74339 75662 5365 44836 99052 93080 62929 85025 835 98158 83478 62922 1070 41434 8820 42527 44603 80441 98095 61968 78513 22148 57391 21390 90311 56568 33848 95422 7025 68586 31361 81364 60599 36725 42551 59650 46156 21831 44674 46990 19988 44503 26263 21057 2289 35082 63583 63243 31874 
78030 25211 10386 177 82601 31775 6839 39168 81974 2261 46193 66911 49973 43908 27509 86697 2810 3510 49204 40993 64535 96193 60980 9037 22455 98389 27677 73888 78323 90920 5761 56352 16130 32498 72881 98730 80624 96071 54249 78949 14683 16793 45859 64655 77052 73367 67703 96214 76876 16906 37206 41410 29450 14537 66798 68256 12925 94475 42143 91248 1746 64255 63951 17875 13104 53183 32956 93727 49254 3556 72675 63936 20349 18533 28591 13752 8251 12645 9965 1478 29551 47170 59239 75352 61707 42389 43608 90983 36863 2102 
98582 38608 66357 62533 72834 79460 15715 5789 89539 64968 25696 62213 45256 46044 97098 90198 59796 21700 2842 69760 23178 48744 33282 82416 24096 11340 24804 67703 2322 78018 69804 904 32977 52512 63436 5810 48324 95502 27950 37862 76822 53646 16426 22077 16041 29875 12274 92188 51575 15115 78300 74752 63859 11581 73519 4306 39272 14675 72008 41593 9044 58163 42496 42021 27027 22283 64182 91702 17785 8484 45915 10958 78481 62340 33034 94521 8567 61659 3061 60141 93125 81360 51244 56983 9292 24762 61288 48563 55788 49647 
6507 64832 24162 49003 6852 51188 87637 87385 42889 21773 95868 88803 32730 74348 67494 82115 85221 76060 43773 88281 36200 36898 85992 3795 10232 95283 28557 87872 60197 696 53870 66703 65527 78031 32057 88730 45570 19694 76115 88458 41466 71982 93612 74196 46330 61106 56310 47902 53517 16435 36182 6069 53332 22173 9863 79915 33807 54771 67786 10355 55467 21656 93409 37345 16038 25466 26075 61608 61511 2189 66417 2976 74170 60029 93523 36851 37486 66185 84752 7354 82619 37285 13422 52302 75809 39637 48568 9615 94407 16354 
36321 66225 54361 46082 3570 86750 71547 29644 48357 49409 31832 14774 68736 22353 91154 62259 59204 44991 44795 60307 52344 43765 97592 82118 12418 73400 21754 60985 99367 32512 93690 52039 98737 64402 98120 18658 51152 86018 64653 15860 35426 12836 46985 4162 35188 54490 82772 10743 99480 43918 87402 68176 87682 84993 50293 16451 74744 88398 77435 90462 20909 87477 42501 35997 51878 40620 54654 19381 26638 35658 51593 78415 48493 98577 82576 83681 53067 81699 10775 68898 25616 98176 37073 13297 99520 3717 29747 90616 92114 23534 
81077 13023 11010 23577 65371 79239 80549 36377 14972 23538 72034 66564 1952 20527 65140 880 20559 34558 82578 47685 3456 8194 45861 56880 37842 61732 60597 83941 52347 52710 23826 33424 82084 51187 73352 47455 46777 53900 183 61748 77437 72216 28311 79389 92742 9803 96620 29652 44360 79197 77337 64167 3742 39549 21047 57936 1280 97995 41876 69979 67056 82053 19754 65492 33239 93105 12946 80015 47005 29480 41763 40793 1695 86425 36533 94437 96227 33152 40440 56939 28701 17776 37457 32442 57324 74855 90377 74956 72849 48604 
61286 56257 30656 81039 21748 63894 74143 51045 60261 37499 80524 18375 94644 82218 4799 31176 93006 17378 80680 33446 90668 9380 51221 28124 41821 24897 2979 48550 99852 92179 97153 61137 48435 27809 58527 70182 8054 32669 21226 84666 86520 1749 3040 81163 319 24191 28690 93324 41568 9369 26769 48587 18748 94342 76710 76921 19238 96040 25470 35441 4571 22622 96577 69357 66782 55103 39539 91188 4123 77116 75853 6994 95217 78893 4508 95535 3083 33198 88858 61002 42566 31979 9588 77666 26320 2649 54586 61909 98689 80055 
97349 19611 19028 10277 88967 85810 81731 44857 93349 2205 21973 69201 9199 17189 64445 13706 29075 83879 63255 34284 61232 22173 66262 70819 99838 8933 89820 54423 70841 88508 50829 84541 24470 69856 11169 13436 72017 92899 58293 65365 95104 96617 50918 20654 30157 15362 50711 59231 15593 13966 93514 76824 52490 76128 63995 52327 1412 53814 23101 88605 58673 73929 73145 83142 60136 84314 12929 32153 93564 71221 97517 5019 84189 48434 42024 14345 80148 92735 73575 95740 23052 83441 88915 75541 75920 52909 44219 77331 6722 83671 
