85 91 71
19190 42299 74711 15992 64274 37952 16875 53182 26869 42875 91076 59725 46707 83687 92372 77744 98981 68497 37027 50194 76036 73240 36191 36120 26010 22722 23262 16566 106 70705 94328 19296 13003 85390 51639 93628 23341 84865 63161 66561 44091 54236 26285 7150 54274 35008 84893 53255 19856 21919 3448 95891 95158 55990 48363 37519 78712 87976 54084 95169 58680 64763 30816 88034 50152 98806 81662 89844 83670 44822 56405 27761 15410 99041 34910 86035 34049 36154 39289 70256 58072 59089 66147 69581 15078 30861 7100 93789 18836 77535 5310 
77516 58650 52477 65549 8801 51283 63562 14997 51304 24736 71401 95416 40145 70441 30325 26179 20841 82830 81820 91097 57253 40908 73595 26834 72337 4455 50285 82478 23290 44171 87787 17157 2820 40263 99058 27973 7897 62619 42969 59201 87354 30721 54616 43850 1161 1293 86381 38354 84122 84552 45802 41375 25459 19396 84560 97795 23850 34844 80272 63491 79014 84410 80648 98186 41025 96057 26158 48921 58675 85478 8121 62381 16198 79089 22582 33710 80381 25314 88415 64502 9865 34216 22228 51675 53611 6787 65822 93812 57982 46093 57303 
36996 46855 54302 51533 87879 50358 94042 36799 25384 95871 61272 4116 12068 40360 26698 62129 20740 52011 66896 1593 78228 1111 23821 29902 71074 46959 95723 64885 4941 58168 38539 58288 5022 9192 9820 9252 59549 3861 46050 1285 99731 23673 5400 28150 64032 48449 6630 1123 460 73525 19068 95039 90988 42888 24940 62061 6198 20663 43297 11138 78830 81836 69425 203 91027 95596 9454 66928 99456 71855 68212 15538 95528 89963 60039 75911 38412 66669 77034 55223 56545 96101 50261 47532 55340 75200 25944 61537 12214 69241 89027 
7395 51076 58451 23949 58454 54047 33402 41733 69854 21609 26296 1744 17136 16259 61782 9398 54670 44802 2783 9892 17699 15235 76504 81582 86926 68055 7526 48463 80269 76766 53841 4015 44193 12291 27964 18998 82689 61365 60731 68895 82973 87026 70638 16460 19636 48771 42210 74305 93573 44992 548 11271 60227 77051 9204 47152 45106 16729 11966 41726 9846 65806 45740 70390 94449 73703 89388 93489 51420 66470 62383 50744 53495 33020 83556 89483 81791 25765 63787 91715 87108 80687 19337 47334 74089 28540 10838 35546 61621 39155 77271 
71466 21313 39363 41856 32113 29417 47595 25601 80836 14064 87984 31580 83910 37355 31487 73392 35497 57251 53531 43563 44358 34217 62899 8044 24657 7791 35233 60203 69411 90739 53825 57228 12051 93187 15435 44163 22604 63029 69764 19791 77092 74099 67722 61002 27805 99208 50745 79654 72810 4275 23216 17168 38491 2467 41563 63148 26609 93147 39702 96019 83885 93526 69598 12288 3065 85033 56450 42020 48061 42565 61810 41505 33015 45884 18858 60820 45091 69602 40473 17901 73877 80040 51420 28719 82506 9334 8218 9114 18832 47919 21484 
2716 57797 7434 15003 60861 92466 87805 2880 56878 30369 81041 98382 79736 43276 33591 40555 88367 3193 97379 22619 77069 93770 90390 5787 92628 99723 14005 18093 18554 78275 55929 37621 36071 63362 68976 96931 72179 56780 16162 29056 3500 13555 43790 83235 56830 77380 23789 61548 80572 37519 84166 73992 47641 90907 96131 40268 6981 26487 58360 25534 4761 14288 79507 40832 77649 48482 54114 49827 5261 70276 95235 8760 182 39024 91995 57011 32755 32135 34911 13327 86006 35428 3670 33646 26335 99800 73913 33315 26286 48624 75201 
31047 62912 54707 88230 56912 3188 42343 23091 24800 28970 18325 49911 29151 73700 58257 2514 22806 6744 37424 52484 92749 72851 56154 42746 15537 55953 33010 48852 98591 81633 24052 45989 60896 95110 34218 34160 14649 76560 57250 55800 5530 91926 5710 51032 81977 80319 53545 4782 87062 7320 57266 96162 80171 13419 38907 12059 85723 88268 60910 665 86252 1313 46653 47148 96422 97222 81307 11070 90134 54908 66869 95663 46833 88931 46694 45161 69249 16591 49942 72662 23910 23559 68823 20432 53329 24081 32491 39052 28700 9752 56068 
14951 11065 2721 62098 23838 16294 59756 51260 6427 14663 34480 18441 77847 23410 81487 23007 9010 98077 89301 81671 21986 12859 66845 58770 66188 7277 91260 21591 35976 17363 77658 50927 28427 96730 13024 52265 13024 89132 19876 35802 3794 54355 54243 97993 94117 35729 20999 3126 33805 26651 1149 72142 39510 67993 47263 22049 91622 54874 43639 27597 72237 37648 78523 663 34378 91547 69279 63753 97030 5506 99554 823 59861 53796 98815 53977 89524 36166 73454 39680 62816 74602 28174 18677 58947 75436 40725 50568 30310 715 78164 
2546 38363 73039 19560 89092 80937 5191 69196 77966 10696 68749 78788 86908 38897 93955 57236 44772 46472 30690 84452 25639 21643 12625 44316 96941 4412 1392 63860 34721 2107 58376 53618 56821 31414 89530 62264 12350 94720 31459 6667 21767 16559 85454 25027 55455 95760 82262 227 42231 12951 1030 67870 50946 30006 28537 47886 34417 29928 28098 85490 48386 86473 55459 21558 34238 44988 83821 46587 56059 31631 53253 94178 48190 55058 19204 3644 67170 1465 20222 25752 30768 21251 9973 98065 67608 38509 62302 18377 84789 90399 3866 
49526 76871 59324 71084 27460 20664 71256 90398 76722 19239 43650 70899 67428 15060 90102 87423 98581 7919 23997 24332 55038 61599 34305 53102 29207 89165 15403 47583 73953 5802 67800 39831 99024 27123 10914 26484 64138 98521 16881 40860 17759 76883 28110 1538 8294 18212 88961 6874 42482 29309 47557 97519 90907 81861 50620 20113 87378 66022 84047 77682 88175 51846 17512 87199 95321 44777 30034 59458 43298 63266 317 77408 40148 28427 95298 64793 62990 610 88018 5471 29918 35575 19341 20824 33787 69960 57289 21164 52333 41335 98846 
40508 93181 16357 44058 4853 61134 74091 64310 20783 37356 80979 14542 93856 25757 9839 75000 5098 10448 63018 26920 40365 98592 46260 61189 32378 32571 18477 69894 84903 76163 68739 25410 85695 1447 69467 90547 78932 59909 54857 99714 13617 52187 14256 23824 77943 40446 98823 83040 50894 61840 26311 91258 60431 72570 68798 9161 5140 3626 79054 90042 79789 64144 31804 81835 65590 17622 72382 44522 77531 27238 60587 91147 95776 91194 14970 73718 31640 30144 73109 82533 91984 99419 90142 68766 88340 75292 77926 93479 78917 73331 99872 
75057 53826 48027 56892 35768 65649 29273 80289 43179 72862 57227 50677 68637 48421 81998 58706 80060 12141 48166 62592 20476 47584 69085 89242 52275 44376 83519 62105 39645 73202 78328 31053 27027 26355 87944 62794 92003 33568 59434 51533 22781 16661 18561 7769 65081 16910 66474 61492 29050 14639 40435 49526 78574 9519 55119 47200 53895 38637 9304 93539 11838 87632 24591 55217 30338 28887 18010 22340 78806 93796 90224 1587 10456 8784 25707 91888 42045 8533 53379 71094 39523 93813 36971 34449 3331 8441 81648 73577 63430 7304 83467 
91619 94935 24410 46835 25272 53296 81197 63963 48453 74992 54186 66391 1799 79321 92098 93686 21365 630 63416 8810 40152 57228 62133 74600 76910 70573 72600 66839 50354 79903 50305 41973 74837 74714 88807 16460 44361 86355 96774 92814 61346 67311 59204 79496 62983 67653 89533 699 68282 52948 9508 24786 26527 87992 15737 19789 74917 88336 86627 25270 68238 53283 67242 59426 27997 72401 92237 88709 75107 89010 81522 52805 72672 57078 32300 35654 24730 21833 36352 9364 91132 62212 50501 17659 66555 66237 53799 41471 70925 40425 83093 
55514 10059 66686 14940 38055 55438 23528 43116 30545 28890 40989 83349 1561 98066 15648 53567 39148 53832 6270 64863 44964 68481 15363 78974 51388 97951 32772 92858 68875 89548 92302 24389 99606 75340 55680 54013 30777 95559 97128 77673 24448 38116 61021 42361 52534 93021 12279 8033 46852 18548 89247 8167 3381 20961 87140 54768 18911 36263 63977 4138 25810 56279 28526 25416 31618 557 79428 78746 96115 92907 56419 36915 47374 17439 95627 16259 26811 24257 24291 90015 42804 29889 98181 46184 50849 1673 17303 69760 54287 81280 73897 
80097 37558 18774 21864 85527 35682 17643 64272 31796 10549 37042 85062 74274 54481 97040 90533 97643 21296 31175 87657 80452 61064 2190 42987 11912 20214 60290 98023 74500 41569 71919 70948 95478 7044 92811 97356 42725 26805 61627 90873 37353 98669 75934 27979 69501 89326 18511 67143 26973 49685 71152 23776 27100 89693 66763 39012 9906 43404 37034 757 84972 25305 71705 96801 32348 80867 94156 75073 7672 72134 65945 61376 87154 58230 89354 56654 63907 7864 40149 90880 73901 27652 14655 1000 17344 97769 56363 43601 41172 9749 44357 
42495 35053 32413 55647 67400 13280 49802 58824 20951 21936 24768 82326 25441 99350 71680 98447 63256 95895 54947 54135 69795 82598 85142 87147 16293 99262 59861 59893 56786 69609 20601 15632 4661 53014 71279 88413 66293 21080 47236 87243 59367 88356 85920 84808 87705 73951 99606 50960 69846 54552 21447 55992 37149 22940 59490 69793 38553 19351 29685 95338 88959 50285 10970 9972 3298 82248 14736 85942 19679 78323 89536 95398 66678 75456 96557 70734 65758 96162 38046 51955 50713 59492 24299 4213 98783 83788 74005 53687 19490 20041 49025 
24801 86677 76346 51124 89975 74945 65859 92268 10975 44181 81804 6372 27211 73611 19280 97944 39368 31793 35989 91323 82505 11832 15621 3069 26966 15760 93425 80653 51602 13465 46029 76402 142 22374 27525 6468 13670 9735 15087 24644 53915 96890 47368 97477 70500 66647 95421 26220 98440 47761 33894 97296 59593 65866 16717 86558 81625 10141 83562 49578 39958 29590 25979 56451 51963 69855 79270 81984 95941 94356 6628 66208 7598 70347 63684 78097 36993 59104 20668 51784 23217 54561 65432 82809 20426 98500 85718 18403 24992 69280 67980 
64949 15221 10311 37751 67184 96517 33372 65519 92458 44080 72146 58665 51677 42492 22348 46125 95837 97804 66793 63972 37372 37705 45755 20180 58131 44254 22249 92885 69246 7880 77216 50546 23101 87526 88297 6636 395 38020 72154 92852 82099 60652 67868 33775 19495 6567 79900 31683 20722 63044 95655 58093 748 41409 78272 75230 85663 16873 68114 71260 41104 45330 21805 64204 49207 10101 87191 65953 48121 59345 75156 30219 36348 43023 80346 55842 49590 60245 3877 70311 23288 99531 28404 24035 57291 23027 15617 59305 56251 83730 30564 
97355 45411 52369 77910 10970 78821 65101 76922 43293 40797 68430 73512 77144 11452 53857 49337 77393 30453 53213 47704 70092 69095 92459 10478 42738 31837 26094 2042 4440 9824 48958 1794 71586 1326 96055 98907 96498 61155 92181 39791 18303 60610 29654 95446 72061 99862 61135 49454 30314 30699 13509 405 16146 22319 27234 58883 70507 53328 77276 74946 79503 42585 93091 51088 60262 89146 66347 56760 50300 58527 96550 68603 19136 26203 80400 7548 26064 57886 73353 72729 4937 3213 89485 21082 41883 16718 96316 12390 70045 89943 87335 
49547 32528 80426 16987 92789 85923 99685 65900 36222 58211 62449 21176 93698 5003 17928 1245 47418 92165 90950 20146 97101 94162 9630 34534 36045 42700 47201 48434 12744 37144 52120 78643 86023 48897 11981 78811 34819 11665 61063 87393 86227 23511 24920 79924 28514 59199 81168 75931 51364 88469 12429 48464 82631 38410 99350 35027 81109 46550 83460 10205 83693 51931 88847 86067 17180 17179 81230 68350 45195 42292 72094 31421 65802 97014 11344 10667 56212 8863 2950 7575 97332 15378 72391 96314 53787 88092 31340 51248 34641 31151 61452 
34686 83081 50298 20752 16612 83828 1981 84962 29022 44272 57055 76794 26426 70420 88137 37092 26632 13351 56393 50558 10682 71770 39300 23347 41909 27391 54686 93156 62032 85836 54607 13069 85269 21256 33820 1880 21435 35801 3193 50456 96424 60248 27249 22849 30667 31737 76293 73650 45087 32685 40560 72121 20807 79859 95467 62715 23602 66505 72222 1985 52340 43180 15053 37608 80787 65224 55840 2221 1024 59032 69028 13800 35631 12628 36648 82650 44364 12940 56299 5802 45625 13210 94274 66431 9421 6093 45497 33022 72597 34070 35006 
24936 77249 66410 78896 58035 31633 34735 76607 49009 10118 45634 62808 45749 58261 15807 28398 18976 28747 1048 24777 90723 30610 35403 73505 40030 41495 35353 73051 14091 69422 24408 39026 63022 7169 34273 21056 38801 69007 14014 87809 79125 59647 66968 41225 34259 82775 85974 53234 27873 3373 94362 34947 33982 29764 8451 74011 71258 43803 63413 85348 29576 4172 40726 92597 11340 74998 30004 66493 60357 44017 54301 39481 20015 37621 97057 54273 20395 83030 7506 64619 86402 18219 99565 36736 47983 8015 27098 19240 68169 90511 20940 
14096 11034 78017 6692 22374 53014 53047 88866 13370 97063 59518 69202 33429 13490 66258 87701 33884 65639 11558 14854 68393 29776 14418 21480 77758 38784 48577 13350 23304 39087 50641 37399 66473 28657 60442 88846 81670 13488 94063 11392 26902 69932 96945 60330 83422 79555 48030 33657 45193 75939 64863 29937 5715 79280 51416 99824 18064 99993 29525 41367 55431 96517 95118 21903 25173 55559 27100 23195 69047 37514 34586 95948 23798 31530 72630 23571 11084 37011 73579 72629 12950 38441 18917 35016 17721 70333 51191 52136 86677 80716 93502 
42107 77232 88619 80362 18757 60530 7461 41951 29576 44975 92888 41875 85124 24417 14504 8694 51853 51515 82272 40833 80816 20713 59749 15831 54785 30081 67021 6920 33109 64088 16773 75216 41320 21744 55577 60076 82273 79389 18378 11848 40715 11265 70074 25838 52033 930 34531 20237 68796 33155 61069 49611 70219 37170 81793 25003 83602 48813 31922 16711 29253 65046 91926 70572 86789 63854 46999 69061 43242 81728 97260 83957 92992 67334 9794 61376 68263 60677 81613 53410 93831 59033 3020 64049 96202 1164 5403 79804 49976 37324 96514 
95580 2369 88439 82503 5510 68644 45853 74570 11885 27580 71830 95841 36923 55515 21987 98299 40129 82663 79911 93538 92845 38943 12909 73245 35145 14072 78647 31300 80399 32322 27813 75979 51042 32603 58481 56551 1246 4334 31121 13130 31913 2950 25323 68836 74816 47309 83486 14944 46323 79748 8481 55519 18690 21389 28763 70186 35460 7409 1485 15858 39730 45649 8188 90771 78251 66669 47322 79496 71002 94794 8978 19266 14095 34300 4453 88910 97960 87938 3853 60634 67685 12333 16152 2727 50073 44914 89264 85532 52322 7101 17741 
92051 52749 25929 99173 31000 8949 62846 10495 96302 57639 35824 15567 71733 70123 36372 60642 84434 40661 64494 45067 24698 93178 61218 27424 43250 6131 33039 45133 58452 40139 62874 66854 92888 5154 66027 23887 14102 45224 50733 10403 2863 86557 42321 74595 73031 78692 51589 57465 35705 16082 2531 60402 25612 63749 4177 68861 69879 37215 30346 44683 77354 93219 27888 70241 14724 10266 10479 45177 55490 77563 71931 58352 80471 14251 32946 53502 9295 886 10966 44999 33320 29848 21752 58931 9948 25928 44143 96179 63142 74488 40861 
56847 84058 68748 43439 98781 79014 53917 43957 50855 47832 15887 9206 28302 46490 58503 81803 72136 59389 9120 33486 92708 38968 55237 67990 65267 81164 12132 61445 60657 2972 2305 17504 87029 87405 60942 2162 82770 31211 62470 33624 79042 94709 42829 7343 41198 17683 5498 29685 77071 14617 63170 86130 69936 18406 54119 35203 15921 82603 96647 76577 85574 15304 94080 72602 2708 71374 91115 85477 2584 53585 35452 81625 48293 78280 5319 5842 95962 10816 35526 89385 25433 15047 75514 95368 33452 45985 46922 65724 28587 43569 42300 
14160 58872 36380 3113 77931 24105 94228 79759 26688 47812 15210 8312 12456 93489 29982 34649 5802 40798 86526 11538 66230 1572 3404 77949 51375 49388 24871 17098 77974 84791 59397 8485 60014 12128 11597 37944 36232 5824 17702 79271 69987 32911 3934 98794 42751 33916 33442 64904 74713 36319 76442 40942 37890 96197 35242 5616 45584 76464 22713 39909 77606 98462 48393 37619 26941 76341 91914 79525 98517 25967 58795 84855 75229 62729 83649 34331 96644 33442 99235 87708 86113 92028 28649 24002 88224 80242 45970 50159 56706 68682 6419 
34311 83495 71163 88282 10436 47503 96547 89960 62371 22514 65106 47226 97742 44186 47226 32073 40829 97019 47659 28536 83131 39686 73536 23485 44261 70130 69454 10771 26835 54487 17189 77497 54334 88351 82130 64769 52205 78677 71080 30928 17542 52537 78153 15283 96723 41730 63707 53903 55100 11365 82439 54583 67402 72326 78067 28014 42455 63872 38784 85641 34710 72324 79490 89043 77026 77971 70163 45583 56647 57594 76510 74188 10131 71014 5823 23205 12743 69529 77107 84194 97246 75897 38776 80999 48223 33194 9013 7029 97065 64148 9022 
48127 36472 88511 37169 29849 66481 23684 75431 39480 81277 51940 30019 7759 22953 35841 47315 52047 21722 24422 36241 35319 318 91368 16317 64892 24562 41681 71921 37978 5829 80942 86104 58652 85804 39625 88500 68636 63308 63931 24467 60936 32222 54486 85047 71527 6678 32361 23573 44751 56782 76165 96421 73452 67533 29090 38343 8446 70770 26615 46423 92950 23908 32527 67953 26063 72151 56453 94699 51810 36735 35517 12745 68956 90002 97791 40482 13032 46504 80407 74134 19637 56571 70555 93088 40455 99644 47783 48900 86765 90749 11675 
79715 14657 44201 47667 57071 32703 20471 68121 84512 57205 3638 97256 26161 9991 11399 82994 23022 57902 63400 97156 77538 36323 67710 86978 93129 83705 34760 58381 70469 25508 70055 50183 56516 30607 14202 13587 63309 34672 81707 47820 8229 85344 45075 50741 95335 72825 33734 34708 30726 13486 31863 24616 66160 15924 27945 59288 99628 62704 17668 70097 4563 4074 36631 77431 34680 67184 91017 97988 18208 89075 45807 26436 74419 7234 93528 86105 80058 43613 20812 27136 57098 69027 68103 23257 84950 96047 98897 930 75102 16564 71026 
79664 20638 24008 73446 55317 91192 64462 53305 25751 53537 15463 52186 44307 22696 62065 30411 2754 5677 67574 29889 62775 52952 97991 2383 37902 10389 1279 55183 85490 34195 26208 81505 71184 66567 54951 26500 74110 35764 96156 99860 89300 27971 68397 49958 50666 30461 96720 53419 36138 80646 99659 15264 33597 14001 33998 71498 24389 35277 26680 26230 85823 69239 7735 57006 52158 79037 99857 26267 14800 96013 26127 20452 40335 94523 70409 91000 24984 83481 60771 77473 64126 76781 92736 97722 7134 26733 85572 47874 78361 28603 74104 
64183 14194 98190 37540 66351 77226 37397 92617 8377 49761 35095 45180 90095 45970 15589 81094 87305 15421 58216 64777 79546 34997 73864 77267 42130 596 79190 90003 95309 7793 64106 75843 21986 78647 13383 4688 72224 50779 97304 80601 539 48751 25780 6985 94720 57720 88078 82024 89492 62646 63152 69037 97642 37015 62656 39771 53962 41845 46125 49270 65989 26583 41465 87974 5229 54847 92661 77453 21977 6317 74405 38867 71419 16536 45851 66138 90608 50280 64513 80099 12925 27664 49136 10566 64678 28143 66688 18639 69987 29165 84261 
52328 55747 25725 40301 60975 96923 49314 54779 18899 71982 45535 57765 59752 62071 3615 25889 52678 70246 6753 32776 83171 50768 98263 10088 15445 26405 93128 50435 12744 22292 51047 65071 78038 93123 21723 55364 90045 87388 26495 8943 75721 72029 66707 35472 50451 86673 77712 3128 56919 84464 52256 56441 35231 66870 66528 67027 9627 76007 33814 22370 98298 1212 3792 92687 94335 41866 64403 84379 29254 7249 93322 21326 95629 76380 56798 46080 79405 50861 65559 52675 35325 34166 9115 86907 1036 91994 70286 10662 68001 4099 49383 
82650 5310 53174 91689 15996 95039 56091 375 40644 79691 10048 61970 75319 86427 35119 21398 82183 85979 3309 34857 37655 37474 43971 40914 38509 52317 11199 65522 20317 31649 14904 19318 53310 68077 11006 69306 79468 67096 69680 20111 46786 79727 98432 38457 82505 49902 59854 81040 35881 63162 15896 73535 16988 76219 14448 55496 28535 41998 21018 48851 73646 35921 84520 43308 20350 95526 12613 16169 62621 98644 52631 25759 94722 51063 64215 93578 964 40420 74617 53196 19934 90513 43083 36921 66731 73882 8768 95265 15880 29785 60467 
5877 82058 44986 49184 18759 40511 61796 34927 19484 76791 3909 61594 71512 54971 42160 65090 72287 98931 39706 41834 18864 30218 84916 72136 13300 58798 80904 24916 91029 27040 85382 96905 9097 46720 62441 44207 3582 40588 95485 39417 17379 99394 1010 88890 70716 59521 70331 59354 58452 10037 1188 93667 56606 86103 65803 69906 61252 46706 94821 68632 73745 96555 81889 99194 59626 44329 59752 63207 1268 55237 2624 18646 54630 19985 23888 25345 79506 94218 1051 37957 20606 2238 47975 77212 4692 13777 63469 82296 60482 74641 50927 
50579 71195 32815 49772 30820 93495 9523 10379 94763 81111 13002 13408 35740 49338 53647 77437 28843 64217 78487 83151 84822 97076 31126 78385 1767 44902 41853 84062 21736 16494 34989 88666 4040 84155 54789 51212 77650 80663 61590 88764 61774 90943 2171 13865 40280 72170 7653 69123 36386 86139 68625 21207 99566 99750 99592 1333 61004 57796 1746 99091 90641 53086 87756 94681 37241 42544 62244 31242 23206 23833 20005 84979 31127 38527 15196 71406 10696 22848 56880 47081 25339 41857 84640 24904 57958 583 26236 18961 58378 44334 34403 
49019 97419 22158 60051 51011 81053 22294 82252 4259 62478 2256 5589 93604 57135 20784 81361 67830 59984 54593 31263 85322 96449 32254 10225 54406 32836 52813 89719 7565 97146 24121 56583 10916 62631 32985 61927 43683 71630 44178 64293 34107 62786 69882 44062 19920 7017 25423 4101 67000 96367 51715 68673 92815 83968 78898 47220 16803 48062 36938 24368 45207 61059 97302 56122 40041 46639 18048 83723 18268 78578 48016 68727 41363 34249 12788 77634 57617 54562 81734 40969 50928 33449 9641 60094 17416 88538 7314 50571 52951 60603 91290 
98157 21661 88591 70631 61701 35229 5030 61776 69849 83607 26143 38575 41321 60391 67714 18954 34359 38628 17040 75327 5907 50488 84968 66001 84255 89857 89666 34825 42808 50268 26114 57316 71929 31057 27946 49981 82637 49328 28108 52485 49286 54250 7411 90607 30992 75125 25912 65351 30104 42951 40677 36010 9790 25644 18362 10397 31853 8027 45221 74660 58295 87687 31975 46575 35095 76273 12907 17731 41952 41015 86568 91237 11616 10330 98195 42608 1806 40459 7958 31909 99761 64986 84271 9551 6982 2632 19947 38834 10659 81519 29845 
85305 85557 78171 31879 37003 70795 61137 54734 12746 2151 57653 20335 30119 67982 34881 72726 69788 75339 97035 1696 75100 78372 2318 1002 85353 4950 37300 24186 31960 35170 70382 33616 20727 48553 65494 57729 19347 26630 28814 32093 45133 2818 68779 75251 70800 3659 64328 56939 78998 77714 58634 70449 56085 77304 71450 41438 98605 8749 81975 30564 60270 52357 64179 80996 17261 46024 55077 36607 89005 83890 85051 50489 86708 53829 42091 73859 73840 6418 30797 52837 84131 5782 39637 56568 83085 27438 98005 81689 52538 96331 28604 
12807 65039 9134 93803 82299 71509 65231 18906 60514 65472 20308 27354 68531 74137 69445 42389 47976 75862 89537 17164 76345 95319 73152 49264 94755 589 63620 92796 53126 59950 21399 65932 41341 46885 76086 23639 18393 41316 58896 95258 6788 79204 22612 75318 69692 92056 34059 34019 84269 23595 67534 76965 35265 40685 26228 30020 41273 89847 22815 94398 66149 60565 76681 7489 7449 52767 31127 42194 10434 6375 37451 17221 85578 60062 8891 71621 68469 59301 5639 52738 82895 73172 29702 18160 13856 55930 64531 71480 62128 3697 65877 
28276 64261 58909 35764 88062 11675 83243 30255 38461 89617 84057 72033 75194 60471 80923 46814 28939 40223 68804 81676 39470 41975 27730 73981 72182 11 38511 43661 62138 42207 25889 90414 22819 84797 26177 27232 12824 9419 57486 51284 99035 57895 23316 90580 18365 20591 53745 63655 77165 22548 61683 32986 80874 89412 6966 53055 89422 61828 13067 51559 4034 38955 41972 43205 40104 84501 70436 52927 93919 44274 20562 9306 2168 60229 99885 36884 97171 53630 538 90688 92529 62220 23673 89755 67983 30639 59161 73756 92466 72228 25315 
12852 27534 83638 56056 67637 68138 26491 36915 78409 87116 57476 87714 89283 34057 3950 42518 31227 73931 43056 21914 82812 21627 45587 72566 5962 92577 31726 79717 1394 3953 21383 30597 31487 5021 86652 15475 89510 29495 52390 84270 32962 26217 88335 22245 60273 92285 81114 91500 82567 24169 29765 65378 62148 91703 37943 68109 84279 86021 64177 2025 89973 85560 32621 37811 90580 35625 69638 96441 81471 22027 80711 14432 64595 69045 53028 24868 77681 34142 32719 60248 74662 62483 41977 36809 70538 96272 21269 71168 82292 85446 73192 
88616 71005 22165 42779 77936 57789 12416 74376 55611 50794 71438 70042 15388 56835 39422 56607 50867 73563 89325 27466 48224 68160 69443 1385 55049 65714 22653 26216 48005 8098 15760 52972 95454 37924 95750 73389 12064 8165 64117 67674 75310 51906 54067 7050 8740 93488 63656 59607 67050 69333 87072 31626 53844 72866 33010 8892 38579 55662 35107 2935 80112 50866 55907 91917 5141 68008 81658 17204 92525 45774 1229 67834 14031 55296 74883 22771 65135 54891 98729 48537 24223 2152 80162 94418 75018 13171 3309 29948 85184 54767 32883 
81647 21985 5141 89916 27125 73148 71573 60681 65672 33698 61909 49858 47728 33556 41092 86850 98691 95982 85578 47227 36556 87730 27388 30973 62747 56910 50633 92694 58445 21752 41928 40092 43736 63420 30007 87212 36568 17931 47892 18591 51628 9801 84800 15707 43356 25892 2557 58398 38225 88134 5624 74781 92215 33011 22105 71313 6272 89090 80359 64717 27193 38638 4808 70928 2058 51166 74491 54977 69096 22383 73567 37075 48535 74719 52781 8242 610 71689 66640 38834 76175 72263 29966 68389 21626 68423 56054 27897 73864 36412 92613 
1056 75049 13772 88335 77106 64937 62825 48434 50384 1559 38353 3810 50093 13071 72943 58335 13680 44631 41326 68865 20805 13588 15183 5546 51565 99957 61599 79462 73820 14362 88426 74875 89410 2198 63209 82868 83486 26033 31301 50222 27592 69653 54031 94036 82723 43325 68722 12754 4308 10047 97971 25112 39987 29505 47009 91551 29461 8607 87364 3280 22968 75790 94506 28730 94339 57714 11597 77824 98 59249 44397 44041 28902 14780 54429 27976 58104 23150 57082 62411 49549 55052 3875 89535 908 50883 97437 30368 75842 84801 49999 
15161 76942 44504 43890 87632 18569 71838 65455 35018 47439 9852 95411 76340 40983 49839 20667 99086 72988 77748 77849 22536 49151 98075 28422 50058 48957 25859 96777 41150 27011 63127 56311 20304 23982 16552 7935 42550 4742 89741 93920 52180 15944 89330 44871 56926 55520 65537 56012 28507 59637 50212 67395 8787 48286 95816 75197 13594 38026 88325 54744 81388 51452 27406 1691 75433 60309 9625 34335 65050 99366 28254 33581 31661 33935 78451 88587 5806 43988 60950 50664 3624 11161 18058 28762 75798 30226 20310 89391 84603 8635 60486 
65991 60086 4243 84033 51870 64552 10010 86204 45953 25727 30809 79534 57387 81095 57984 45973 86900 18323 6922 37564 38298 34434 71973 67060 10231 18550 3721 15974 3153 12355 76459 85495 88792 97054 69527 40662 61605 95888 26865 23909 21614 74026 3442 79001 55120 77778 24973 42020 96100 48247 95935 34398 82680 67907 17809 9263 2809 21529 25236 22313 50236 18046 7807 55379 15099 93685 96040 93055 89573 39257 16964 27538 29634 20405 6538 84753 98182 47863 43124 94282 96109 39058 45031 95140 23317 62839 20754 42477 719 45989 64789 
67306 80387 88947 22685 95485 82631 35076 88540 88555 90684 5503 16093 36669 42259 38982 21422 40441 86844 80897 51074 99304 36307 12456 10796 75975 91646 31549 18451 8716 93890 83239 76022 74276 72185 15058 86112 71167 66485 74651 76074 73521 96505 8518 10189 38764 47499 47962 95556 34343 28859 62981 49998 81517 75436 60793 57491 67081 8694 92293 75796 2583 75531 68169 76858 64067 99578 79321 51585 66063 53972 27658 55935 66828 36175 66123 21943 83674 30437 17498 34368 75647 96830 717 57163 88617 61510 31005 55697 86555 23297 47845 
89137 15179 32365 82346 95597 31943 61666 47181 14357 31989 91191 70291 98817 27365 52765 20759 27390 99553 54609 78109 75199 51438 78826 32361 40055 56687 79717 12103 43241 3013 76299 48729 34543 25016 31074 30139 73310 9091 77320 87666 41080 68510 74308 56248 12226 43424 93358 55968 42977 47966 50428 18175 15756 45605 66888 55810 2291 46604 84264 61883 65969 76915 26963 511 1930 74388 30650 75239 83479 24321 62904 40910 9182 53563 13509 37759 96986 6866 93726 39962 54832 44154 74489 86939 6110 41376 59100 24753 4331 43363 2987 
70299 20277 29950 70810 22206 4337 17811 13796 4167 42131 93051 61428 51312 46613 74936 89070 59951 98154 99148 99912 52985 59653 90752 56275 65762 48479 15374 90514 52810 58736 93501 23108 95365 39802 10269 33922 44138 28079 47718 64657 70209 40768 26084 37872 87381 17372 26942 47331 15525 26089 63594 84861 2093 70698 41135 67854 19176 56508 74720 71985 31595 68220 11445 26959 8021 21713 60881 68510 66144 24950 49518 52704 65717 91954 90576 69449 9325 33869 33131 41201 59957 96725 42413 78401 67422 83547 46254 2949 56406 20973 74934 
4352 5544 2730 47663 29916 24442 24895 14778 6937 49844 64295 59641 31912 56248 50216 1361 81924 84084 34491 23124 60392 47567 65536 38792 31340 65434 1397 34289 38191 38722 25574 58895 60617 28303 6557 90533 69096 31451 21662 76033 97646 85956 35673 29557 58556 2240 30917 40479 2675 65408 79955 63066 12974 61842 18209 60666 43628 35957 94954 98170 74678 20527 57064 51647 48829 63620 58531 34276 11422 80192 10308 9067 66147 62332 38624 41054 80923 69540 81533 83597 51299 77839 63014 80625 39680 97574 41290 99659 33531 36243 97829 
24560 73121 54892 92558 38301 34864 51088 72576 46285 31279 82884 55352 13778 61567 10327 54831 42490 79866 52715 42438 47517 30553 21804 28141 86585 19377 69430 86243 69259 22024 423 10171 95144 71667 19080 33444 6530 70168 6019 69166 1446 5254 24517 31575 83173 34843 86406 42014 31061 39120 84451 78577 86025 22606 23069 72609 58335 8850 75203 43945 30873 75626 70467 42368 47292 89547 75811 53821 59714 98181 22986 77511 19787 63855 25438 2959 15049 11843 44972 62461 67314 45774 57389 53338 84732 80457 25946 43066 89306 1149 87010 
36530 76774 57477 78897 40417 47023 71059 10589 23088 69240 49926 16950 89026 13780 42387 8336 45181 54229 53307 7641 37895 15432 81382 91232 163 78190 33530 43228 83848 34678 46590 20377 27803 20418 99274 84571 83792 70332 95159 6879 55923 45084 40180 61300 75216 82567 69635 20396 53147 39293 44388 91041 54725 42121 98625 71239 20311 32154 30819 4158 66831 93760 24534 10985 14177 40159 95555 97968 26843 90713 21198 82765 52148 61377 44065 27363 43943 30051 64110 13442 69344 8498 20834 40420 50618 19458 28010 87280 51611 75180 91437 
34793 68939 32323 45777 83115 72481 57683 97434 15675 64747 18631 98440 16895 80008 58856 44257 40302 5258 8367 53743 74601 33216 74577 31372 185 10386 75734 87465 61997 50913 78901 96789 19852 11223 58918 2966 56 32952 400 15730 97699 35382 30521 14593 15389 5728 75201 55691 10986 99919 25785 1938 49486 16713 49662 49671 27099 25395 37135 5447 76307 32387 2235 96158 59962 77504 15476 60017 26808 32227 92098 24506 67608 38971 55450 82997 44698 47002 55039 72035 46921 97175 73973 96406 13888 39986 62428 57338 65380 15914 62784 
41686 48301 65018 54196 24614 58874 69671 982 85681 18249 93079 26538 85856 48401 81987 85204 93099 45340 56594 81485 8612 53769 71809 5018 67656 11794 83797 24993 77173 99711 87776 35211 64363 69145 89406 88976 44370 75428 89957 46402 93676 99387 72939 79531 47788 71277 81087 40886 16617 37680 22370 25228 91448 10531 46597 75455 22324 46746 16799 99497 46456 20926 51059 27170 6423 40464 16145 67144 32243 6101 13546 25918 5487 2836 21800 53274 90465 19238 10511 7081 56918 49233 48660 64717 59763 11609 56524 98438 58354 73322 14286 
21161 10600 65344 48330 17022 22159 64474 84165 54401 86926 14062 96670 8764 33250 34822 78390 23714 54059 5252 47146 27328 70836 95805 92045 46950 23765 48568 45388 98470 38241 59673 35982 48840 25017 84311 82213 47175 65136 82730 17928 68413 96791 14597 77177 30040 65770 71918 53753 19829 77169 898 47156 48005 13055 55552 94954 53171 4119 40341 51641 42360 16366 87622 7551 41382 88285 89764 4908 69772 72493 22835 38185 85635 37432 31713 15675 3201 3630 85779 39381 80798 3029 2889 45154 32435 58440 56460 85605 78911 13152 53597 
37622 29517 41219 45172 70898 45855 34935 75806 15626 23779 14992 53810 9414 52423 85522 25088 71976 5503 27218 27708 86301 30246 30596 47806 62680 5388 20617 48285 84298 33769 18233 21919 63285 59451 83442 50535 21657 34729 42692 37283 58507 57683 7444 67920 26458 9318 9359 14785 14820 36577 42492 17472 83174 73088 65278 45854 94827 85894 10490 79124 36014 28722 1042 99299 4525 835 66185 42533 35563 8876 79815 94070 82910 3611 78341 9367 12928 87700 24151 27747 40628 82995 45219 23801 72434 10496 86006 67260 12741 12847 46383 
48755 57921 63776 64405 78797 64610 30589 21329 173 55816 1144 94242 38725 4754 72582 64444 34033 76633 4946 61779 33612 87940 6997 73765 60373 33844 76122 27632 46585 88969 74014 11691 63241 54141 76095 42037 35103 23035 63365 35275 95202 80860 45868 50278 1965 34801 14721 35997 27786 19667 97776 61397 23958 4772 35161 84331 38616 11283 11962 1552 16603 2328 13242 79843 72820 5688 21879 7922 45074 1595 43196 40275 82455 5415 90552 84419 40216 21625 20416 84353 57643 18191 45749 81600 39314 97262 65930 94281 24896 94244 95832 
41498 12923 25425 37692 85742 47464 75922 93664 92537 77516 53211 49163 76322 58626 39715 60741 15193 61339 97508 99545 35333 15698 61645 16932 71363 58906 82862 65644 83801 77105 77827 41650 90027 19604 95693 92120 67067 71614 2135 75956 65482 55346 25118 58155 30323 81184 18895 61867 58874 16402 77763 94206 48451 39407 11138 19814 14665 10351 1809 14817 87455 79635 72819 93833 15590 68511 2304 99009 56477 4439 74964 38310 59784 16433 96464 6458 97617 15359 68324 72842 48112 62438 67048 12915 1844 78185 49080 32860 4887 50888 47677 
92341 46874 36847 2525 62464 5357 21180 61472 78185 25618 52787 16494 1753 69219 12958 8210 83187 44668 92885 56029 9131 55322 23076 22045 73518 17612 87476 6377 22498 38363 70405 31190 1589 7251 50066 64052 28960 71245 25523 7144 96863 78309 23638 14967 63879 52947 23177 47066 97614 16061 3094 23096 87735 42521 61493 61252 76484 48968 67628 15333 3683 38033 62874 5271 61635 29291 69322 90594 535 11196 97738 13749 5856 37727 28716 69734 90673 68244 33151 4638 656 36244 27733 88390 95116 89225 49641 87951 54545 17269 3283 
58227 71653 82508 63497 33287 11798 49170 23881 12333 60365 37970 42433 82572 75696 87500 52305 66368 55743 85456 87357 72751 38051 15089 61140 49519 20666 10781 37469 91562 44401 57104 49788 32405 39611 29636 82043 67761 78805 22275 80093 55521 60244 38877 38092 35939 26377 6748 18658 98471 8555 6014 71221 62958 37455 48713 28828 74472 59493 82648 66033 20245 56103 15820 52649 95714 61807 51043 63474 56963 73318 59918 12483 33561 15146 66926 85852 57874 90025 20861 72697 14932 43227 60269 77889 80681 8981 23068 55152 84825 5715 21184 
5069 61818 53355 74069 73883 31513 25112 53708 88475 98429 13625 957 48341 45122 84234 50544 2996 74258 71405 75692 89189 14631 35960 83429 11663 61293 6496 66814 46117 28563 4349 51186 90380 74055 25254 64262 5567 66717 17969 94041 81497 47945 11349 29838 9418 11934 96733 12413 86191 68137 4456 91732 99119 56768 91512 10781 18060 14360 93946 64176 42922 14646 31713 33301 88700 73319 13914 10618 40035 48234 4658 37884 12530 32358 67721 21947 44291 80805 34360 46834 65294 55167 54917 64412 28286 46428 91545 46345 77139 85490 26873 
20060 136 58585 69712 5187 31903 99977 15805 88290 48210 36814 26173 60739 69172 10245 99038 29814 91049 49749 76647 56342 4915 31563 37106 33201 94343 28650 95897 87833 30491 22769 24245 30626 97706 93956 52165 29608 10285 67969 34249 58494 4782 60421 35585 90305 87017 50974 20119 94418 722 13117 50759 5636 61032 87864 55188 71726 32865 51085 59558 63356 90205 83802 10333 87910 94110 62497 33870 4394 30465 68118 79239 51599 44891 31175 58255 48259 82148 94725 42676 82869 7842 9787 4857 68873 14002 60044 40598 46867 27480 16507 
10222 34037 309 36906 21946 10770 99403 55815 15163 46219 40285 10753 14169 1527 41928 72424 49785 24075 67148 92461 23296 74989 18599 28152 60213 32600 4547 17162 79466 48379 50021 6039 82415 50329 42945 20712 77450 58699 92879 8964 4917 33163 19716 19086 51041 61643 7861 17177 2070 75008 25989 41717 66349 44587 86220 42913 77187 7118 76427 56652 55496 26447 79043 54262 93127 38339 74974 70576 97037 67852 79539 1953 17366 99254 37390 84758 77249 45250 1934 95670 36610 27923 37386 19310 72509 39957 62222 49695 47074 38648 22699 
2570 81446 18093 73183 74572 56431 48156 45147 53467 32359 41037 71771 66076 40291 9161 50833 33891 70762 52767 45912 7371 97041 99649 43032 69549 39605 5254 35596 86678 60253 74646 5599 58051 92738 78782 32622 49168 26937 77769 18986 75648 35157 90756 41723 75447 16268 92556 25689 87030 61674 71600 10752 58714 71248 53784 44614 10852 75389 80209 13882 51993 71206 19480 10043 63943 98261 42665 29462 41550 36785 64799 33549 71941 55555 75271 63740 71822 84178 89428 75203 45851 77380 85955 4564 64979 39738 65530 75831 15126 45738 6064 
83470 33296 25543 93513 13590 40156 52529 59404 98057 89313 24202 31605 77605 96108 6875 41344 67930 91053 47124 59484 53255 40855 45438 74171 5833 1527 39700 98015 33004 1789 4078 16474 35084 29621 9986 48674 86128 62514 8077 84184 68178 32278 15788 62134 44738 39014 3478 12667 30066 66953 72150 99673 7807 33940 73843 29991 35466 13542 28006 68470 15330 32083 84943 66766 78055 11280 15439 64182 90145 39867 48365 74674 88496 64152 36807 33233 19518 56636 62251 49583 23588 50753 65607 47746 84692 39449 77737 36509 69342 22094 4978 
1024 54176 6272 67789 48583 17551 99579 12764 24047 39445 77481 98720 44292 57984 35527 93877 77501 92162 56127 27084 32102 23231 9042 96199 7922 48491 90287 44431 17832 12380 65760 18855 82908 72032 2995 31490 5934 2573 60605 29981 58369 38085 45052 19013 96069 80578 12889 73569 89092 85367 17004 21193 8598 26046 33743 16519 90888 24030 77301 25071 36409 59413 43926 35668 47796 63272 83509 70081 82197 44114 61 40565 98550 61465 75929 94618 58394 88817 84539 47485 74184 1542 85029 82781 43939 18772 15651 34826 42801 9304 59897 
95561 68716 20174 31229 16511 99797 31089 86591 81993 75202 3004 38910 73752 80820 14838 84721 39213 20007 69259 86698 94190 87153 88078 93322 47443 6849 25324 98621 66001 34627 58517 77914 19694 95042 25494 52556 94838 56582 55499 76831 48136 74854 32092 21887 55673 46929 22959 94885 83287 8570 97934 93828 12074 86012 87149 59516 9212 12473 58136 91565 63451 33004 69478 83145 44397 11323 35700 39235 67904 91198 32417 16039 66051 64508 54277 38075 27788 93588 32960 11075 2157 47245 4902 30582 49608 8403 90097 58820 37227 64585 66736 
677 13940 52565 173 58337 63887 52225 97571 48142 43422 46339 64181 25825 10846 34809 80251 54985 28396 29562 82411 46904 76807 87313 77485 26414 12067 83934 1585 49293 48518 68320 66321 78809 37236 66494 37145 1122 18718 34715 49264 78491 97405 29796 20667 24602 64604 918 79587 9352 30479 61997 56255 7285 65661 33740 50051 77727 17673 51635 43371 82542 19955 9692 61350 73542 76185 98495 74664 11254 49561 40279 89744 63318 70074 10411 87919 51029 27680 83857 60380 58158 45854 16635 81795 27866 66726 31845 21945 750 83479 65315 
83291 19785 75006 60992 93327 51190 75838 84342 62443 41751 24620 68539 5068 11045 95301 92986 62073 22980 76843 22453 97489 39048 55439 79283 83265 22164 27479 5209 39265 27310 70524 22555 63446 45529 99898 73124 13071 75736 57465 91865 33838 98436 60403 38905 9480 72055 48242 87905 95034 41436 10357 92523 80483 82147 88157 63748 20662 31988 85308 59926 59297 55831 98832 22742 1360 98729 95866 30782 90816 69682 22646 24653 84470 99401 79909 93949 71455 28151 98205 66489 85938 8561 75363 66421 7059 79871 46520 27720 11858 31827 3997 
71154 4010 2828 10248 5369 17909 22465 52502 25076 92146 75147 66081 92967 74547 45989 3268 46002 90491 1472 28842 76429 10033 20556 59201 33443 426 22072 77515 12284 70250 81511 83437 74259 84339 93684 95979 18599 32500 48480 43674 24646 39979 26106 33964 14525 72095 37231 76878 78937 38703 22071 71717 65087 42626 30917 98529 43052 69340 76043 55335 55942 73906 55123 30200 58244 65159 42531 93194 97658 7362 53219 38655 47340 79325 72619 78217 67771 9849 71446 46707 48551 93517 34776 13637 36142 65692 28518 79193 51384 20912 50879 
7325 94817 6002 53876 69412 71160 12758 62605 68817 20120 15824 7472 83811 11500 96442 78379 79270 6290 49825 42328 71193 43341 77103 1181 95834 59147 29698 91379 10530 50610 42257 34206 45426 64610 4433 14838 35769 17191 93794 20938 53662 9617 44761 37472 37468 41202 15851 33089 63843 82027 75417 51387 41719 68871 52568 37552 28017 82265 28930 54898 49226 87539 89103 94652 52148 9888 25841 4269 27078 19634 25206 80739 45603 86318 34562 83070 43871 66764 16159 24065 48790 7927 75452 90508 76797 28019 44412 4814 26635 89693 76063 
75861 77231 81518 86864 45731 91405 12704 49999 18482 32337 91556 15572 94291 77873 50133 77361 38095 33249 9871 62159 98390 17797 37610 5250 94593 65628 49661 15758 92263 39353 91821 68123 32936 73338 54986 78666 81094 84041 28664 99575 16377 20219 31498 10668 14443 81630 4380 52537 31230 30602 14695 29620 48398 52305 34869 59342 34284 84529 91452 42898 40233 99624 27372 73168 89313 98709 51833 70406 82749 96848 86332 15478 17066 17829 42497 47860 15810 63228 396 47040 93829 31443 76659 58578 99 27879 34271 34382 28759 42074 93632 
68991 41697 21003 58511 31009 19712 10343 17766 18812 23543 4097 34289 56960 21925 93137 4820 37735 56364 5215 1126 50192 53009 77784 25121 53107 5662 59392 3841 50772 1465 97472 19762 59514 18474 78272 90522 54537 4967 24640 73349 28509 28736 23989 85468 50661 17126 6639 4747 73489 11854 5872 40033 64862 7 65153 34321 22020 40896 38161 72791 42361 35632 92552 1874 54105 87176 8747 24994 8494 33386 98342 37002 62122 22330 38821 29134 55807 45460 50232 29296 73665 56103 85680 54878 56109 50832 89198 94480 91728 27358 67270 
50440 62989 59821 52313 33446 63348 77411 58439 71841 10797 73132 25194 89270 95461 80367 34755 67620 42178 84986 96915 15842 41088 82594 87071 13548 49777 76269 8027 41504 19978 91648 8295 82967 67820 60607 32764 31168 54370 91202 3008 81518 64333 44554 70787 76145 24920 21893 43764 67097 6878 57030 99290 64317 55975 86360 94216 5752 78980 18594 63607 98958 10241 71902 98276 78060 48860 31039 9227 3229 22240 28587 84746 2924 73140 71884 95420 14411 93776 55536 97859 17005 12565 97148 81321 68540 99859 91888 90643 78839 10481 54249 
94148 20721 26150 92423 98781 91362 23461 8007 94590 62052 52945 95688 81327 42436 83923 76746 73198 94051 32281 71056 11055 61198 84555 8728 46089 766 16967 36731 79604 27448 7331 90103 48168 49833 82525 63300 41194 5985 87659 52135 68036 40603 64174 65714 83039 48097 42459 56236 58499 91092 43644 85905 68641 28198 10984 14729 28963 27951 67811 24918 55398 75141 15020 19917 41325 97544 83217 98870 19880 70875 51005 4267 11477 31530 69980 10867 79626 12439 83455 54476 19882 27098 40381 88522 71647 51364 19602 610 79314 87412 41879 
51063 78904 56899 70980 20229 70794 54196 19098 7026 41422 86454 11292 69250 17984 81272 80117 13961 10062 79923 68437 46295 7020 25169 34816 95018 76532 54417 95627 72198 58180 53858 23260 37083 27108 94239 73663 14253 64786 9113 21278 22559 11918 32570 91809 29901 30193 88277 60214 56606 68199 45002 2900 91570 70170 37715 86587 46701 8483 98566 18898 66662 68775 58510 3744 95882 69100 93759 10134 33886 2871 47764 72796 14788 80333 64604 61041 26877 69232 21254 83482 37430 66255 86381 45351 36424 40447 48290 99476 48929 46855 34726 
15590 15629 93235 35685 27862 62334 29443 37995 12571 48665 85758 85367 63453 82442 66322 40845 9318 35554 62098 9151 89335 44704 11883 34686 97479 52329 82975 96954 17609 46181 48031 33198 78161 57617 85235 6022 36303 14677 60368 65225 79694 62478 66943 43146 44919 33265 342 70589 85170 62439 96091 74504 23494 7974 25541 20972 76654 24867 17925 94263 71047 82308 43812 65559 39924 29046 71580 76226 60075 31948 41451 39768 10777 8393 99265 72047 58009 99606 58987 43178 78396 55078 34034 1889 79403 59574 22860 56056 84441 57136 50318 
71839 39443 94130 37398 95719 23175 25329 71944 99601 57276 29746 39368 84404 38139 38632 56451 12499 38237 15437 55677 32984 70514 89710 34872 66268 65635 57731 22324 50075 31219 88993 38266 87013 83122 92015 82731 22649 17343 54675 22249 90971 84420 61617 75374 38910 16600 31824 51409 71189 63613 23437 4172 50478 13146 39044 16746 78780 13126 39069 45207 60696 28061 83472 47709 27535 91838 30439 66535 9180 1465 88783 150 85885 66751 91876 41146 99703 23699 8906 70891 3663 32342 91414 54141 61839 30457 70886 40619 59935 26306 2177 
36982 70718 2000 84690 98252 93837 15129 81138 3016 16593 69921 19518 18829 53023 11393 76327 52725 51443 85232 39967 55106 33926 31381 9246 95764 78189 96483 52734 54475 22788 54910 91457 93505 73261 76146 8109 67097 7626 5598 86465 40571 91870 5982 75751 44893 33726 52077 13969 1520 53661 53936 72977 3938 1668 98574 99701 79856 95056 68787 34331 34195 40048 25787 44052 13309 18284 68512 80405 42262 74109 83221 82832 65979 89202 58582 27223 39279 27011 41191 57151 97023 11478 30127 960 13145 28701 17012 9353 40108 2150 43683 
90655 42198 85821 34706 55506 20456 3217 52262 62717 93677 35483 45548 59655 41036 20482 86877 80315 63844 44420 53817 60866 55897 83943 78177 85394 28995 95188 94746 85455 97338 54780 76109 39535 40600 27166 11392 77407 30382 63653 40124 40410 15487 2023 65 56523 22504 3293 53189 2699 47712 7005 63564 19961 7299 41740 5354 36294 53280 99 38100 50617 71230 14208 6503 11829 41373 34246 5587 88106 97898 45710 28515 29737 47733 44931 86259 86588 48224 39447 89287 12287 46451 69202 32247 53749 10942 37600 6394 80573 54050 44493 
47541 25279 75052 70395 53459 32776 4640 59046 20881 18889 21107 65748 48625 68839 27030 34883 71779 75253 90681 61065 87540 37131 46618 19786 7232 73911 73738 29977 54483 27787 90822 2023 69418 65873 72417 39228 98649 77056 98273 35881 12297 35732 17980 60921 4570 45010 95804 92700 36614 2836 53764 40505 56319 16734 76643 63550 90644 50380 9878 45127 94518 699 63501 80287 82924 35918 19515 81572 29325 34139 33804 41621 69870 68136 2542 90792 13145 14697 83491 66110 17532 53607 6615 73850 70340 83257 53751 60983 49988 79981 6109 
44505 80679 69610 24792 63602 21879 60658 61525 67555 94796 11681 9176 81018 79816 28069 71809 9312 59117 55299 75421 93000 8905 82035 83202 79244 81643 53304 56579 31630 33284 79039 92487 30315 65000 33630 93916 86878 94287 71793 54433 5434 99825 79960 86451 79640 8028 74611 5303 83496 29910 97075 76495 55166 95462 76048 50762 77104 29352 7340 25086 62635 86378 17572 92949 51378 51201 3217 54607 61839 91361 25391 83624 91185 5350 86427 87176 29729 61037 8830 13224 7298 5904 6071 78816 1365 82118 29577 78469 27821 53268 3554 
6808 39645 37477 16108 7374 5029 35676 61981 66867 27036 87371 50490 34572 9073 53268 38099 38801 14305 46928 68377 37954 52832 90799 16769 54196 89268 62697 49016 17089 15964 68921 40248 71961 6397 56355 79334 11425 92031 57666 94643 35418 61389 61485 86342 70461 14752 24440 9261 45408 71368 93989 83362 40551 84787 16482 94746 74055 79179 60114 7495 95142 29034 47742 67102 35431 4096 46436 63207 12478 20453 57850 64248 81841 19334 50589 52301 34085 75028 77914 79493 46395 71902 79206 86945 73041 95687 98043 47095 74865 58156 70941 
