58 25 19
18621 70817 63995 22744 76151 54320 24213 65613 33843 62912 49084 71612 77915 66705 89268 3257 31120 63272 62753 47553 37759 76274 6860 79584 53274 
59220 26614 82766 11229 93290 93587 29849 64106 73933 52592 56608 44604 93156 38572 78446 72419 87656 50057 66685 70712 55677 69942 18184 18948 32694 
65736 73058 25319 88947 68994 78592 64518 95607 77709 75746 5248 87647 21946 85705 61579 90889 42312 6182 397 97236 979 72815 1243 51036 39500 
71954 6712 25793 90137 42011 74838 72224 15068 156 77522 413 78747 42039 96019 72807 34136 17618 60454 72433 3322 38384 79674 61986 44566 80070 
59221 45544 52884 60463 12931 8735 48768 35994 34527 55257 94356 9364 27480 25776 9519 21354 26188 4617 79744 38559 93776 13880 56176 54229 2664 
59498 92612 82337 21483 53529 62406 80703 15425 31642 57517 28355 56728 6284 80701 7607 61540 75056 16970 5372 831 42841 43077 27019 63809 22820 
65577 57584 53051 21752 28164 55715 97601 37128 54403 19083 7008 16809 16137 22432 64802 73653 67139 21529 96289 47839 29135 74180 22894 62457 95903 
40077 21649 38979 67095 1809 61799 49023 75745 14849 70774 3908 86915 68375 57387 41318 3809 64395 74478 19946 3178 39279 9950 70316 77159 22590 
18154 6294 13122 57400 85102 9024 97476 6750 64355 80922 8558 42505 29944 84302 57353 17069 4562 60620 1795 61948 1937 5604 42694 92766 41901 
45872 32044 68202 16187 25554 90792 50693 31847 3913 24444 16948 29288 21919 40049 9994 19192 64959 52498 49135 49260 26203 66203 70173 86822 67998 
48473 5110 89953 91166 97875 31853 53389 46270 54 85928 71823 7197 36620 20022 27461 77415 53321 73101 15685 93370 83094 34876 58328 35592 84010 
23939 61794 66564 10464 64967 50913 58936 70076 57217 66453 84302 89069 19842 30571 5475 5769 18745 29023 58740 38766 56484 36154 8439 29584 51838 
1808 29029 3065 76487 64620 87074 16777 42765 69989 27240 7731 37254 86175 77806 94470 68980 78459 99891 88821 25381 21717 10941 44126 50739 69680 
99243 23574 22185 7681 53157 90374 25840 98538 93438 2326 63157 96863 19103 5922 66851 62694 30004 4104 65221 24162 98574 34200 2620 98464 23020 
28001 20180 33960 72126 87270 19991 87720 10844 42175 95401 80352 48900 21240 78889 42337 39918 42046 39199 75372 64319 22401 38065 94322 26505 3285 
18483 41430 37484 37455 56245 76855 65455 92776 27166 53932 80045 47156 41651 90888 5682 37051 71240 70933 74643 66480 13269 14560 8525 52467 89931 
89195 74868 44347 99869 17724 47632 34703 59153 1467 72157 15397 94674 37611 24524 21839 7894 4568 85347 49545 95456 7380 2947 83047 78313 93941 
49526 91581 8500 74403 60400 14782 79949 51619 75481 79817 69342 39464 30872 44846 40930 3028 76594 35603 56991 1117 73794 64884 5684 59140 14428 
17491 82871 33727 16889 61183 27667 82767 69116 52519 73521 29515 83652 69821 81133 59132 65990 66826 98595 96861 28023 55877 99888 4616 7831 73230 
22084 81624 38114 44119 57115 68893 77962 39986 2619 94850 17520 30286 93968 86635 99156 83840 16149 82807 53661 13633 41939 19650 96810 56885 16510 
24832 29113 32749 45799 36944 5979 67882 34919 44092 12001 8386 12984 89962 64723 31955 1163 82242 62240 11483 68877 61395 95322 1377 60553 48982 
31362 2491 84983 28171 75728 17844 69355 4840 50593 15153 58135 72923 99387 9406 17014 11387 17791 46349 17700 82513 78303 35214 81106 56894 63048 
66334 34640 58370 67711 95193 23703 15424 14035 8686 59946 6114 26529 29300 10954 93473 60805 85440 66395 60191 94845 99760 87929 12635 62461 21980 
11499 57115 57193 92605 14009 20241 58938 65000 94962 43000 76544 35016 74775 6931 43701 34721 13044 86582 80372 40349 96406 57528 25789 79153 17718 
20633 78912 21998 49620 41372 43977 61118 98487 17522 70074 28847 54114 45364 10198 65427 4715 3094 442 95842 10024 44143 30562 39419 47076 27285 
79768 59833 84813 21908 38985 18882 42540 17897 40880 8511 75620 1208 85981 90458 18729 72406 35656 89194 17769 62206 54620 38836 65299 55062 34677 
75322 15556 81590 14740 78983 8874 10859 38815 10038 32766 77800 28920 91658 12048 86151 168 87667 87358 2500 94477 22439 74906 30132 11632 92674 
92337 82604 47861 73987 37665 82537 65660 53220 64126 80400 48554 89352 7610 87368 99389 40376 81519 44660 32033 93566 30810 48552 97585 34520 51052 
92061 56958 25957 38544 84941 34982 47233 67544 82843 21219 5208 81731 86879 74779 62209 83630 23332 67912 91239 27052 83652 31614 8570 28312 79998 
2136 75473 44902 99720 9992 95953 91780 66949 38261 46675 51890 73242 93907 19433 72436 15126 40993 70519 2004 32123 49079 85633 55455 16990 93223 
98858 16993 41189 7427 45304 21186 25914 20777 66087 25633 47120 78391 33764 14069 16651 80439 82310 6245 90697 18094 95032 5822 75438 81902 24177 
7561 47332 26161 79367 64321 19384 78224 81314 60572 2002 42969 98109 27916 80097 80548 69900 27217 58938 3664 57637 91941 454 56298 14537 91150 
74391 25920 13324 66181 24174 37500 73741 71505 63661 69459 52178 99396 64034 49843 59967 66035 92811 74427 93950 89260 54974 63850 16476 30264 83865 
90464 38556 84318 46761 69444 91819 37503 95363 5142 3683 35888 42642 77423 7393 22654 46881 59570 22049 10914 9412 98367 93301 18574 89145 87250 
7833 44119 67451 40660 90734 51315 31123 29289 51984 94235 98732 60155 31738 10446 65296 35420 46334 24289 29195 53726 63294 76075 29647 1694 3341 
55410 16412 12993 73983 5557 242 98168 49675 84045 38827 40408 51711 86302 86048 20047 80536 84779 80201 12273 95224 61848 47693 57909 86137 76887 
27986 65782 69313 57632 67476 89005 13041 83887 1997 87024 5795 18591 1543 71821 18987 40369 28580 70697 26670 14627 90743 23558 15757 87295 35830 
10981 49143 99874 85241 51631 76760 13227 17412 62425 70858 84887 67781 251 85126 69778 87274 90920 4720 5168 79093 23706 45536 7672 94402 88558 
22299 1497 12115 38055 88791 47944 65387 37933 64170 50628 89563 40929 63854 6975 19705 51063 8213 87486 51313 9690 73615 54938 16962 78334 60105 
96054 2039 21993 3725 96440 10550 42375 14288 22664 80430 3079 86959 45816 41011 51128 12795 46926 8409 93000 53900 28113 44063 78464 31950 11727 
88154 5564 66665 21467 83897 43121 17520 2287 65113 37596 15079 75662 79971 29366 14677 76752 32444 17988 22567 89807 69115 51714 36732 93875 44713 
6983 38340 5127 1798 70289 33206 6303 92205 99870 27769 92453 59342 61640 94740 24455 99236 9818 16468 95558 39183 47497 72309 87979 65484 11227 
77785 50950 62940 30868 44825 24005 54202 83164 45483 55999 69804 78688 62302 62008 94909 6422 54461 54251 68062 65552 95057 83649 75369 11524 95558 
30903 59020 67866 18881 40855 95444 13017 91805 58384 60236 36629 98740 14437 19792 44222 86788 5947 39262 65441 67955 34170 71862 38767 4772 56275 
4318 99828 56275 79686 27704 51832 26940 3075 36049 45821 43930 31493 75189 35734 6228 35425 72362 4967 66213 8505 65540 53000 30803 21153 18440 
98757 55323 90302 53875 60094 62928 58192 59922 19203 54229 87625 87386 81169 90699 23435 43341 50980 54927 34881 86713 61154 70305 75426 82472 36518 
282 64363 5869 31085 85516 24309 46193 40838 30962 68 17283 93889 74611 93556 29443 28840 97532 16829 26360 4583 40263 86052 55562 11541 20932 
58627 89046 7589 34052 71517 60458 34334 52231 66326 81770 37746 6986 27962 94935 37947 28029 12218 48188 2640 22125 93982 47831 19657 10810 90542 
24239 67424 76593 96152 95316 13876 54778 84361 21464 88830 72229 81921 39515 24460 48247 21284 62205 55232 49245 73492 9531 93626 85709 57718 12617 
24185 68051 60447 43841 78861 67340 84431 62636 43932 80583 57952 74159 51712 58664 95623 56893 30893 77543 96407 55352 42141 34042 33908 13725 99639 
23751 23255 9616 25811 97324 22232 49996 65374 99030 93836 60586 66369 94619 23222 26652 75201 97525 810 43264 56188 96432 157 87080 90327 96563 
58783 48819 46957 9043 62543 62947 32793 85797 72562 58604 99472 94793 24951 81198 10174 18786 41783 76542 29756 81356 19545 4956 78880 20354 64572 
35068 33138 64728 38499 39816 77642 97282 88634 24598 22676 51177 87544 55468 53325 76457 30423 69149 71249 55373 50346 97774 90511 92128 74315 20266 
73484 93859 41574 68715 30565 6145 3782 80054 70872 42281 19869 48513 55914 24854 89463 78589 76030 93358 50408 45707 69815 97183 14855 57415 52555 
81552 55189 43065 90031 45855 79683 79866 39714 21256 48581 86630 43752 68714 66683 30975 27346 2903 79487 83259 27756 68949 78199 20138 78659 28607 
82196 48473 25789 13402 5887 94695 94953 61075 54112 84983 23282 33794 64849 79347 71401 13429 65976 31504 82142 49010 62478 9488 51912 41964 9098 
96019 27265 87297 16156 5923 32255 98351 70747 74395 11752 76633 69089 23056 54060 39552 8039 77341 73345 89239 56687 61097 19019 39014 92600 1160 
88023 55077 26999 56286 13393 52449 52304 57009 56097 84812 79283 88351 99514 50029 79097 27618 43013 64537 50673 13424 4089 75063 7116 93785 64301 
