24 88 16
22823 20527 65588 37798 72814 35059 68284 52245 98544 60436 23294 4599 80716 86454 78043 95248 25183 8241 1370 74141 6118 67864 98262 24228 70064 46787 79139 62163 11563 76778 82698 34385 97305 48285 88534 86470 99696 56817 38714 98239 33605 62008 2837 30672 48461 97231 25920 89996 21823 43641 80488 27941 27857 78749 68520 97920 41888 64010 60082 53450 40788 59131 4186 54444 23767 92720 40913 23462 65888 79627 21700 15844 57986 40889 46516 22798 38119 88787 12793 59942 48779 93280 4234 76635 88381 72753 74554 30268 
36763 50987 69 93902 26469 4254 48345 50236 96973 89257 73697 79213 85235 95397 95056 59572 36285 57923 82370 90755 46709 11514 67048 95488 4794 71281 88474 9526 60386 79380 39793 13500 46718 39861 7401 73187 60466 72097 23422 57439 77705 13470 36651 79292 25218 48058 38863 77854 5981 37584 68609 52689 49098 35656 64528 70243 23289 69354 96120 26 48733 35912 13525 95450 92124 37277 84988 52589 25725 8409 26379 3429 21879 79381 99072 63448 27439 54287 41302 49771 8222 9910 18811 57319 61917 83339 43913 1557 
52692 40032 1582 17776 92295 31458 13225 770 85086 98213 69711 10810 22973 12441 30591 61203 91822 46014 24651 35612 300 65952 1734 8522 92213 20544 82192 54129 20234 42457 72038 89277 98840 73619 7052 7487 21429 36629 8256 6514 34841 77966 33676 74165 90407 80618 51720 98580 26631 76370 50543 26931 58673 52276 35452 50885 89171 33995 21365 9405 76451 93402 98681 75291 83373 5733 82777 4801 42361 7384 27666 93553 85350 61341 84069 92108 41958 35788 7039 68589 12157 73933 11871 87181 42560 63674 38065 31730 
97668 59430 41134 74119 69183 39815 65761 52555 61899 64889 73707 20611 72272 1373 30515 73973 79065 14583 82432 21023 50371 89470 5963 78879 79754 17833 66060 22313 97858 4124 54043 95525 79905 11528 85995 49088 51342 51755 17994 29592 32995 91701 50202 5267 9425 80716 95591 88489 11651 78023 25863 62021 83844 31825 40899 63598 66009 6958 2262 63866 27434 56304 75743 23690 67832 61737 89129 35525 29844 7123 65117 62838 15175 31670 84456 24599 28738 96399 13087 40388 90773 55302 2408 74616 87126 59658 54565 69487 
82968 56827 49704 10401 13130 25446 50442 97313 87183 39571 49190 33378 46693 14306 12567 78219 62327 13375 19169 91064 9773 48607 47803 545 3908 66562 91512 91034 26220 46077 76872 25539 2903 26575 52291 32384 52021 2732 46049 55555 42302 95238 88932 5346 25895 17850 83564 88221 31224 2732 95637 40996 51339 59791 57892 55246 26353 49404 62631 68924 95480 39502 94462 14734 66077 46752 63469 34449 65835 9517 90003 8137 4754 95286 13482 47000 13135 13398 35221 60711 32481 47209 1706 171 6999 75950 71769 49703 
25353 34399 18626 37184 90253 29439 51917 72681 76190 31737 7129 58377 57606 13483 66513 62359 25120 96346 25711 54606 26095 77283 15316 58576 24491 33374 58746 47841 9323 30514 97544 34675 81265 32521 71858 87869 61960 40126 60549 54501 88214 84029 12877 45819 13863 79389 24530 38982 92087 50240 93587 18181 27522 25255 93108 68364 58628 68206 16204 67950 15071 30099 2624 96335 62620 90833 84203 24579 47310 61103 79079 35523 45131 8308 81342 75345 4048 22223 14326 96134 72462 24265 30667 99983 49519 23774 84698 8146 
8331 901 76095 23402 31000 95070 36088 93619 2254 20291 34549 49563 97745 29979 1437 42876 38286 99130 18220 42334 21352 48898 54819 10165 89514 85485 26499 55384 25611 11196 63529 33941 12097 55975 73694 59448 67396 9782 69418 69649 46424 3966 35563 44168 50296 53351 3395 4934 52481 37967 47267 90184 86864 18437 349 92729 3922 26847 48112 45884 38043 27992 96176 66491 318 69870 42290 67713 96003 11707 53713 42426 32024 5627 86593 98671 58977 89988 3604 27809 44306 50870 17993 47521 69307 34693 40249 89580 
61539 4712 51815 15933 32703 64342 98775 33020 34211 41064 17084 46565 69122 70796 88990 17497 76422 91935 16168 51750 98274 19771 79559 42579 70641 97551 90099 56299 32243 46699 62230 10133 51410 14044 42418 84112 78385 57544 33483 28948 14960 50566 75512 84081 37713 80854 1578 30486 72788 17745 82235 87413 37515 61793 29991 24507 75695 36441 97157 24289 99491 59386 50774 50900 89781 93191 51363 68166 67086 1197 13465 82045 68114 5328 82478 5826 2533 84055 52663 91672 18151 34897 79084 72017 13042 25426 96524 88736 
61866 93680 29377 77708 69418 80150 28607 59198 89692 96321 43715 56777 97517 73531 38822 65630 78859 37651 87807 97743 21705 40469 89415 56207 75366 68498 28223 4759 93924 41098 9846 72141 51130 39222 49849 20547 19371 94807 96096 9062 91128 39811 82191 4996 13341 37364 70626 8551 75014 58432 6294 96718 15253 12060 69276 90618 80557 97498 11728 90832 38596 21573 79325 89725 60795 45525 26623 96517 40331 22718 5579 47810 62528 4121 52806 92221 41484 39783 17123 16497 98214 39768 29566 13466 51827 98841 20435 48736 
12690 32162 39567 67637 53735 35243 57361 30881 80767 335 27397 37450 23053 49327 85259 1932 53447 38064 10504 94930 77846 43979 11426 92412 83746 57343 22229 51925 56183 59016 660 68873 91177 56578 36509 61263 91821 10222 8495 72587 26908 35892 26388 49960 85218 11647 68244 55017 66062 95099 49946 43908 39077 77724 52671 39175 35066 74899 91099 7601 50266 91758 76473 57795 64687 29333 19057 56507 55906 43904 45446 82814 79795 71833 32773 81364 83479 17368 36380 65893 12467 2678 9800 67895 80401 78822 7069 31818 
70072 98167 39418 20338 6276 32242 78132 70963 61575 13540 27469 17480 57443 89266 16645 53589 61099 65770 34953 60929 83137 87684 26821 11955 90361 52972 79850 87113 48145 86918 18931 18217 1437 74700 54906 7712 6942 33037 78674 84868 62928 22495 18699 20371 28112 35344 73959 89210 1113 25263 66491 601 12947 9663 12556 3307 62635 8757 6772 10779 12026 25702 45347 13462 16753 252 21174 40046 49640 16199 24913 12568 55045 59964 32938 83157 11659 23248 88718 29123 48511 55208 29723 61457 81223 58630 81115 43857 
83738 87886 70987 95764 29939 16334 9225 46692 32937 46750 86737 82577 79301 28002 95144 34345 4317 44433 33853 32327 67680 22571 61449 32542 94130 7523 93998 75352 82505 91465 35560 66242 79350 6547 62005 25641 39232 71230 72332 88520 34331 75420 71096 13631 19773 82591 47976 24089 27023 98180 72767 11055 20750 34215 43596 31232 58090 53946 6583 40594 45410 42143 6835 41111 65041 85192 66751 20624 72773 55434 25495 7103 47206 96591 20734 66978 95533 85061 7419 38908 83240 80185 49962 20342 30752 9909 51573 88841 
63854 74507 29434 25615 33001 52620 66726 14393 37811 49828 35016 10583 5262 76863 34038 68819 73453 54771 35796 85337 56183 59566 24244 39422 56103 90557 59763 86854 466 27687 75694 64319 2194 21479 89934 35194 90450 56659 49587 44613 22838 954 55195 28099 77816 89232 13269 67620 60354 49065 69309 16536 24982 93552 72310 81084 84109 48424 84289 84574 76111 59982 65244 94656 97812 55177 29849 4614 28187 95787 49226 51025 13093 20772 95475 7260 26356 8744 91232 86709 74160 60540 3245 99141 54091 91906 96577 54551 
40329 80865 39124 16439 57199 20720 11094 55010 75896 57295 75975 4083 69433 25200 71459 82525 45972 66933 6137 72327 92028 97368 59035 66187 74259 78631 81680 28349 70536 78256 99252 27217 59120 54727 43655 32670 75446 71101 4032 51342 28395 80006 71776 14179 5206 59586 13056 51177 42870 19192 39855 34898 32911 15241 17436 7169 93872 99115 51869 80759 93722 51120 7975 69194 5847 67982 1863 97644 39082 5894 48985 83828 85900 37112 98006 7457 13049 11061 74985 55919 30252 14839 7168 79514 30079 24603 86682 40302 
40070 38551 21061 50143 6022 45387 19336 11868 13368 37551 9512 68801 43444 74848 52628 45695 28312 66986 53151 41360 78046 44487 13630 24650 59325 20797 4163 89404 45400 90845 29705 1821 45747 67117 51963 51768 28856 71299 63636 58575 8849 89499 27376 68644 80698 96355 30691 25361 63340 193 83073 57738 44680 96702 82387 4004 17499 86549 9759 79250 93745 39464 81070 39491 22932 49384 91259 51787 20682 71246 26714 45882 77096 54089 30878 74145 66795 77920 99506 46487 78112 98930 4224 22791 95631 2962 26795 29481 
5862 52905 25082 99607 92368 6151 55449 31652 55535 63059 99790 92568 34304 26503 54802 27751 96943 2031 1896 80090 79950 17753 26576 58061 16682 47151 97204 28664 50112 40350 74497 55973 93254 99578 71931 1974 22081 43732 33625 93967 6790 49766 86534 41094 76269 57687 85196 89563 76069 87091 69652 56018 21195 96227 30431 54228 59729 27634 99244 9840 67983 73740 82165 61236 89669 70447 63209 11749 14178 13185 5715 20968 62951 8601 78413 55571 82639 63608 45133 58708 67051 14785 14725 88245 27363 45155 58825 87092 
72788 58068 13283 57122 31807 11799 18358 21475 98598 97918 49576 12775 11103 71642 50094 74053 80242 44858 29623 79233 24818 74755 37940 8220 5891 69016 96464 49606 14171 71640 36697 3310 29707 66331 76784 77865 94482 95141 99340 93079 93058 65267 22205 20512 36908 72299 94564 33502 33508 40538 12734 58325 31645 67025 66544 37535 36040 79360 87140 66562 50999 40188 69872 80706 22871 63007 58570 17352 58147 74261 26782 67556 55879 48986 88068 92787 21284 98983 42640 71144 39521 71725 29468 71165 38749 12364 25051 74788 
91723 28543 41350 59073 68730 27573 39778 7952 90579 14700 41655 48725 5312 68436 32632 61191 17422 20699 70329 55057 19682 29320 26200 75554 1044 72020 46718 39792 84383 71768 14579 92457 310 55928 51529 85392 83500 7659 9695 90430 22358 51350 39154 44021 36137 88138 21563 69910 8836 8243 41319 44869 37562 67518 20422 38605 55889 83491 94748 40271 71611 9327 32727 88272 81606 608 90015 81458 8266 99710 71887 46975 67411 27393 90995 3547 15530 28910 73457 40717 37152 14775 1938 91066 98644 22359 46022 70885 
22202 40770 11155 93812 50096 60234 82083 48053 60841 72098 29510 85458 88159 1397 32432 55569 28789 39778 75467 44318 68687 48923 1386 22191 80049 3323 13256 95045 42034 75629 65929 64235 16398 93435 74398 82845 70020 56480 30898 47212 44929 60407 32669 33087 78155 81452 5007 6943 21230 80474 67612 6268 45748 68998 44810 25797 88672 74417 37193 30705 50046 3121 11291 66443 12907 85688 65640 82927 58520 96537 46490 3448 73295 95511 52887 51450 76962 57893 74744 14543 38366 58708 20811 84114 44057 81972 26262 32728 
56389 63454 79785 6434 82926 7427 89228 12184 93115 54867 11462 67986 67755 57952 87785 57402 53462 40671 25203 46775 14916 99946 61318 53281 75005 98480 53746 19061 80451 96359 51789 36839 59812 47925 59624 59089 55351 65204 71273 64817 36422 99086 32802 4177 57037 20587 77930 26850 77609 3132 73625 92524 19429 51294 62157 10786 49773 15902 29846 46575 28613 97986 99766 4776 45910 75741 63865 1261 40944 51489 66077 77366 50574 98879 97894 23963 35817 75823 67164 13425 95306 57140 5949 31086 8433 68105 41871 74557 
358 71717 21132 28970 86054 37249 33746 31964 12989 13962 49576 53933 81802 15652 47650 48727 30882 45543 72689 66698 37717 56205 80123 49374 13344 2423 96811 21777 86879 38682 12685 3588 26750 50168 32558 12803 87416 82655 61118 16757 12968 10693 87041 94769 26345 34690 59847 73578 96584 48888 56628 34300 5092 53102 25 18435 55524 96835 56563 42402 51868 69248 45989 94969 35767 94898 24124 23183 93904 85241 56291 6871 95934 43331 17991 38630 78020 77838 28559 74603 43077 85186 25254 48168 38287 25278 66602 10162 
22112 39517 68915 90332 25116 31256 85300 60882 26153 9423 416 36409 11016 56706 59631 6949 36 93974 61930 78055 88163 90488 69009 31239 92026 94262 79406 30312 35891 62359 40474 74355 18227 25740 64686 43342 56995 49985 20576 99500 75760 20991 35908 86775 77697 11890 10075 94084 5863 88356 88491 94025 95195 73851 41615 87220 68113 37372 33884 4003 99731 90709 94709 34309 16448 59394 77651 73443 25731 98226 89294 17842 35568 41553 20968 29616 53442 31042 23700 59305 35749 28542 69681 30943 2392 27648 34515 86856 
65019 84750 7211 81101 75458 1919 15410 8257 61313 9412 98051 3395 7637 87344 21236 59556 28896 42203 89172 82338 89596 29223 57994 41696 57764 44026 72638 60155 88025 23504 47011 53044 8253 54221 50496 62 56139 65905 24671 33803 75316 22721 37197 99304 10065 74784 58860 55312 33338 64383 54001 22933 93605 28346 64628 51368 88724 53618 27874 76748 93473 74884 46143 18078 45456 96639 18139 17947 62543 42809 68101 54211 81882 21650 69866 8298 96433 45077 63609 29771 9459 33962 69055 3063 62307 50035 70782 51030 
20004 98656 44130 13476 89891 90272 47905 51699 86910 82396 85997 65805 41556 54097 36367 23437 75746 22584 31734 88531 67661 11695 18301 93471 62008 3707 12886 24314 70093 83667 91696 90096 98674 35825 19924 4917 42448 84180 56615 45710 66575 42611 11514 8131 13059 64232 47919 88805 86815 96005 77335 54475 7699 11987 64298 86058 32045 77183 10371 2138 77201 18418 8585 75875 70594 44860 80791 13042 29040 53757 58751 95614 12719 86616 3744 25777 67199 68015 30933 54013 64019 8267 24840 88069 36605 89137 74126 68650 
