57 78 18
83096 31740 74360 34791 52293 93605 1539 81282 77955 21485 93948 14825 26683 89133 96508 80102 33333 39928 22577 39677 15910 42785 37015 6377 49099 6523 61590 4415 91031 70368 18341 74126 18459 92701 25269 87103 86305 43159 68385 80612 64643 62332 95436 7678 51464 91944 87779 1148 48223 26707 57176 64132 85843 94191 86860 34941 17065 48450 55707 8096 35169 74047 82221 69979 83099 23841 57082 85756 67000 25466 66367 47994 87797 78154 55671 55612 86449 59801 
56759 51023 86507 13934 15154 72349 24476 18366 23641 41541 83167 79347 49636 18335 69746 48208 88313 52844 72049 61746 54951 55400 87211 37669 19745 91359 32175 75416 63322 34975 51568 20080 85998 54427 50366 17503 26775 74841 35868 66768 32733 19034 62466 82368 53720 48563 30576 58385 17759 18976 20130 72709 90727 23693 10378 10471 15051 42552 2238 78373 77526 70158 14804 63523 24584 81521 97378 67710 72714 33245 34477 5446 68631 13295 87814 22350 61857 34741 
80734 79615 70068 17216 52324 77146 40908 79053 3968 72310 21604 6206 67034 15481 92715 98190 95356 17298 79710 92733 85007 68775 25977 35836 74221 94607 49130 78386 33309 27338 29478 30394 6953 15897 47609 75628 93042 4868 54680 97009 77178 76283 19566 44211 8115 12280 42400 3470 29577 38462 96202 30936 7236 38531 66771 81456 49489 32252 76193 82797 59589 5670 13191 82893 21566 77151 58520 14607 82019 13199 27968 75548 5833 47533 19758 13948 76165 78510 
33769 22093 16971 29971 53028 24206 84853 36150 22014 34341 68401 98206 33490 44342 20228 63032 27234 58145 40182 2106 72752 38552 15304 17071 14099 37489 80955 50209 67788 57119 45070 1556 79212 62040 47878 48591 2597 32730 84741 24610 67071 69493 39168 560 13834 75747 79943 57420 33891 20124 59525 22994 75028 91180 40064 5478 28668 37371 55686 96455 94489 755 98011 90052 79146 62240 38643 81743 94970 39735 22704 78392 9227 78223 95303 39413 70321 75245 
13184 4212 11720 72708 27205 86747 80239 83621 92225 25259 20991 64262 21713 31831 81369 36075 21883 76866 98315 76877 74960 9636 16611 14016 88027 42189 8590 83329 81601 78911 74925 94784 83122 86644 83843 26678 73391 80434 26650 81967 5692 47640 62580 43756 95823 43948 79831 34057 20814 94497 10933 12125 20484 43895 26140 8510 86083 34730 8190 84036 13640 83114 95171 13113 86109 95366 39790 59499 75799 66440 57817 97842 30431 20397 41597 26253 64344 37779 
60309 1509 32275 87593 13634 52758 47839 56125 77619 50274 90854 2160 34309 4493 85273 45831 17605 71382 41196 73747 47232 33346 40186 5049 31187 86968 41797 72784 13221 22492 26914 89881 40353 59189 93826 53986 28298 41664 26462 22269 91937 17316 24428 42597 21808 26053 88428 55765 97434 45975 29511 61017 95673 86048 82417 43211 73015 24213 32346 2587 63057 59260 8820 3409 34800 2645 73746 63097 44308 207 1717 52597 17522 26145 95193 55682 52197 99972 
27798 65982 62299 73660 26998 57971 59707 25767 1181 49073 66331 33527 51660 29387 92786 60479 32795 27585 63123 6540 7033 23782 23099 8750 76378 40620 34894 87923 12653 87090 87894 40450 69423 50192 14109 12772 24514 90167 38538 25695 39240 21221 75573 90899 50607 84710 67729 99754 12294 47203 22645 19326 87336 45743 44427 80066 2715 79320 67988 15367 82761 72233 55817 68535 38777 86277 81307 63290 76444 19844 5336 15683 41064 97260 22933 8023 81969 7013 
7776 94262 54215 30420 29940 41550 92515 90718 21615 95229 70038 5954 10595 69150 78187 82763 54037 33315 69040 35343 96604 45483 71538 18292 77517 28954 15551 449 36976 97520 7461 61103 8133 78027 7874 54424 35928 388 45142 73895 11968 31531 79848 22563 17032 74386 21677 71068 7700 7068 6410 20656 52550 77948 38947 46418 23253 70849 63218 60228 84720 87030 37682 92853 65056 45555 63628 17336 62295 8769 91230 74262 40299 87429 13176 73683 61815 34853 
44750 69514 41920 67512 6521 10822 61811 45467 57239 85063 32668 36809 61642 17387 23838 99323 26591 88894 44877 90219 22581 7171 98987 13810 81433 55638 1238 10960 29320 79404 45812 90421 65270 4084 57932 71790 14905 19742 33609 88495 4804 82628 25303 66445 14 49141 65767 26605 54386 26996 33175 76966 50518 48513 7127 48302 20502 24716 59262 49821 4120 5073 40242 85741 9156 14525 73882 40412 34267 7490 28907 55422 90117 70561 38219 6483 19701 20337 
49439 90438 47332 82613 83755 97850 47477 90881 62503 67979 31949 21764 34151 36068 26837 90744 38160 52344 5269 12041 92756 55887 35883 38014 11308 42351 8574 49526 48833 44627 69863 14623 35064 33546 13587 18819 47747 61064 26051 10250 29042 57999 32013 63192 10418 75201 70288 48577 43897 75556 76970 53004 31442 12852 91017 59101 55202 99590 24979 20387 60568 11193 35009 95632 44738 48596 30802 8837 26011 73204 19086 55052 31203 67450 34595 41620 42651 4882 
6549 2899 96789 99870 55902 44582 29073 46918 20035 626 62859 45013 21012 39779 56205 72373 35410 17294 37320 82563 26130 63330 55766 45215 34733 3320 29017 69327 61292 88019 90561 67840 90917 3701 84061 46818 64635 13133 10087 84669 13758 89297 29681 34770 29075 2237 23494 80836 19530 60813 63398 45660 24142 35516 7226 75226 38835 36242 60904 126 40612 67816 84317 31528 71517 68377 94697 36151 81509 4783 37171 11619 10432 66851 62740 39506 85439 86233 
20342 4968 63397 91 66979 3890 51958 90557 79115 90793 43150 40018 7270 83762 7834 91587 31641 95702 76315 26338 31852 74176 47472 85374 85794 57903 68576 48533 13761 54014 51117 50454 75333 14513 50544 42312 18402 18854 49220 97516 9646 92369 37533 33267 76130 61718 41205 24123 57419 17520 50460 5622 8047 97931 90995 10192 72186 59570 75076 85946 29935 26192 36399 5268 57056 3294 63931 75457 22147 13150 89324 48144 5518 43208 97763 98000 4926 38967 
22122 62344 72838 88933 84318 80884 86863 75312 7427 75400 51234 82502 61345 81168 25045 14095 86435 98452 33741 50365 73908 72239 79866 79583 36735 85384 22791 34497 99735 27716 73463 38208 6411 46301 27140 7080 43536 30354 98744 50963 5754 49977 49816 83450 47496 74861 97545 33931 73312 47637 647 63572 19875 80513 43154 72961 82248 82296 7457 98334 26363 97272 36541 49126 43572 63680 56205 87107 94033 54948 54421 16138 4924 4237 99588 52420 95449 13484 
2702 85112 77472 19700 65035 13698 16564 24541 86659 15163 6836 10467 13496 33199 7738 50036 82324 51309 30067 38528 54768 40452 9828 25540 56589 31103 29776 72528 99874 41576 2363 2575 26688 79834 38627 8074 93532 55190 32614 96542 70353 39450 7008 200 89000 14746 50236 71323 82406 96654 26202 37173 37105 36029 62713 10046 67132 8840 98925 67005 50416 1288 85932 93455 81121 40910 1528 91004 12451 34142 87545 99155 89943 94553 99355 78942 9298 65942 
66616 91703 62595 92817 45228 16052 45198 24292 26097 28681 33131 41373 12037 99898 42660 97968 93352 40133 55229 11232 31136 67680 61725 18681 66834 51667 13233 66188 46960 38882 48481 13575 46936 11076 22743 92163 27127 84292 16454 69575 12972 65937 10947 25009 65834 69959 39328 75538 10091 94557 3121 41226 62236 64845 76258 45421 32863 5842 27961 96174 44723 76441 9748 8011 87516 48842 173 30994 33134 32979 16920 62457 15267 44219 87465 97452 14177 26793 
72989 40619 21349 92461 81844 99936 57305 58102 61708 90167 80295 89668 86340 25018 66109 12439 33028 69976 77633 49552 970 27118 98882 34241 89574 14148 94811 77039 11600 8987 20183 940 65957 57883 93401 47801 57818 67057 22254 19525 73576 2548 25545 76267 43917 91653 5058 93296 61628 82690 59200 78949 26159 58081 13190 15732 88581 24352 9122 16532 33339 29304 33823 99295 87186 27223 63447 61355 10632 2052 97232 84207 20952 22776 60473 81220 14428 81882 
90868 92407 64571 50067 87708 7081 24499 17249 22813 13079 41600 31934 29610 91290 77590 63433 6937 64775 7007 70383 42482 17638 88787 39713 18196 26090 78840 95021 7309 9619 76902 14528 2025 57825 64594 89732 64905 89093 6980 87717 2171 48580 36003 48133 39869 13592 27917 46805 94718 51275 33540 37199 68913 38678 76911 3460 64767 72102 98480 88427 81720 91734 2955 97 49558 83900 89828 30814 72992 13160 34883 91515 78091 70885 55999 34311 828 83915 
97468 95545 35189 47359 32744 20453 86036 26006 40265 67154 14460 55096 71932 96179 46829 74886 96275 12738 58786 2455 43552 48129 15614 94786 39643 10056 65670 11993 60718 82849 95907 58185 78393 47448 21895 27488 84252 24282 69846 24516 91435 84305 79612 63367 80483 26440 54604 93110 55530 29741 95564 15433 77870 27529 10218 33864 53936 75887 62209 14653 75087 74467 89190 53479 21914 11084 97319 6166 35366 67164 47033 43152 67820 26644 6518 64654 69436 77474 
57763 41317 23566 69678 56749 17787 97206 66966 68003 51141 59204 30211 65794 34290 4677 54983 4120 42943 82418 1438 65460 17783 84953 12492 60935 69124 55488 83804 33778 41275 77629 7892 82591 1195 77570 39339 18981 74775 22656 86983 42268 81859 33545 24413 16148 38222 95747 36619 97516 78164 54409 62975 95947 55713 75466 73233 24837 47305 57036 74966 88579 34665 82857 71169 52211 76778 26859 71191 67905 49514 74526 10172 31372 24422 34584 63871 78995 30330 
16842 76510 24845 71250 39484 20791 26962 31302 94023 68150 78606 67411 43115 83537 18427 42324 54705 70637 19101 97916 58179 87005 47429 49056 97176 95153 73478 48111 75375 52472 94792 92216 28982 19637 63465 84817 56779 6779 32470 67154 74928 11076 34564 18043 94612 69342 60366 65668 39978 95818 63583 14508 82823 27364 63564 79998 22516 37041 44461 97890 5864 39252 6458 51197 75240 86274 36014 32019 93052 68483 15524 84332 95910 66439 2374 6873 35780 79091 
72541 75757 74908 52475 90264 74082 96190 70179 54080 18705 23571 14892 32947 29435 70495 55756 80631 45735 42029 32996 94105 35081 17831 9628 19412 30092 76066 38137 36965 28197 33579 25857 3953 24838 94683 10568 98920 90873 97099 69351 25929 20669 84242 58875 50103 54736 14630 47086 16822 56659 96433 10926 8091 14263 36905 43854 60707 29322 81990 97671 57518 31920 39879 77822 56757 34561 4742 55676 25433 1840 25026 51362 38860 25619 26588 5315 96707 57570 
52400 13528 30580 65184 40806 55022 95799 94062 98875 56505 23384 80864 54175 97253 29135 94053 75075 85891 44965 96168 57919 86750 14359 99296 54463 53218 24915 81050 58532 21621 54971 27283 51500 1902 92467 92305 56923 88265 86367 55797 44769 26102 53012 15295 23354 82146 25699 14780 68037 70663 27299 42307 57412 41657 41602 11874 94875 66516 9276 69758 4488 80598 97041 55988 82500 89507 48292 39422 77771 51010 11571 38891 93463 64582 54185 16817 63080 79883 
47948 47468 50545 75247 89774 24309 16903 31375 52534 28129 14243 78161 97887 18730 75111 94927 74717 57610 785 39361 13383 94907 6722 24953 33797 185 5887 87981 33353 85318 84215 97652 32785 51111 72898 38910 75419 6153 70284 44305 50633 84526 38817 48519 19608 13927 59797 94324 71536 76933 50036 1271 71839 56758 26223 5635 73294 48461 9967 6646 33778 94181 4297 82914 45292 93547 21823 37062 16051 92107 97718 66683 92984 36535 31554 12591 50461 7702 
23267 38349 84635 73302 39619 72825 46411 82193 78460 19704 30654 4778 42701 80783 15311 63350 63697 76954 73248 85519 14015 89298 93977 28085 72332 86961 64619 3885 15903 15079 27939 39169 53427 28925 28823 9397 1749 91585 91590 96560 27641 22243 1338 70341 19377 16648 50042 83073 93601 39641 68592 23967 28938 78920 52051 1270 82232 16669 21506 98135 48100 65796 53655 17878 94720 82477 27275 96469 74062 18864 93028 1702 57458 10717 88394 76834 27364 54788 
59907 37316 94428 44850 61283 39718 40121 29685 57339 22353 62706 95196 20487 10805 60992 74141 45034 55711 72970 72308 68531 63383 7523 61559 81436 64980 72275 86181 58166 15991 40968 18072 69658 51748 79273 47292 91465 19393 76977 65155 41745 39682 60350 78583 66838 21341 69076 11871 93404 42045 531 61934 21779 8053 23492 3214 89385 12119 89394 47550 44461 46714 81973 14118 14813 77597 61410 22629 96989 38386 87783 55086 94419 48132 50020 61256 85825 19095 
89478 79228 77491 90008 41161 99269 14413 81005 18834 20149 9475 24580 67698 53935 87645 66022 84404 2457 43618 45813 25085 56958 550 29219 28395 94968 77350 78415 72575 79526 13861 78405 58753 91352 84764 16266 6972 99176 13622 25806 35676 23096 50385 3373 93382 38029 85746 77785 40485 29363 39950 81921 2673 40499 11139 31067 51819 4840 9481 24393 84366 39694 19149 43118 31045 3913 75735 38016 19440 89356 63821 55116 28803 30557 74840 38536 68585 60586 
32673 25421 6300 72622 7341 8972 29472 34831 40039 81290 39671 65871 22035 24036 5564 41183 83505 52960 45095 75592 90976 80887 81299 71148 36002 10102 1705 10841 64989 86641 71426 14013 12062 77726 2986 19402 3049 32458 70585 59439 30099 10255 41662 68485 50642 63577 26020 50498 16537 87466 26089 23864 68352 7388 95011 4353 33841 13067 15194 98829 99708 2971 12842 11769 97048 15827 47522 97 64636 34458 59535 11087 44712 1196 79571 11705 81125 5590 
62203 97661 93056 4643 21524 61407 12030 32886 82112 45870 62305 97305 61051 62012 16627 90244 90132 13675 22422 54005 13771 87058 88463 89657 98144 49526 7205 94066 77583 88329 99656 39785 2341 9063 44427 40216 86821 72809 89453 68932 35030 51757 82588 96080 30120 99215 2675 36603 12889 25097 6960 43011 28506 11774 49019 43001 61299 72575 53418 38881 77255 53073 95017 79595 78487 55796 36162 65308 28604 25615 50591 63633 77371 33179 76065 23843 32393 78739 
60445 61633 20187 67404 20995 65044 79177 86365 8044 56828 75292 77814 12060 52546 30886 7077 48493 25725 79224 84654 91032 7827 10268 41622 71459 3991 91152 63875 44185 39896 42614 4629 1528 79152 88385 38874 44196 83913 41591 68591 57092 16882 46404 69152 69427 93642 92580 17919 19366 88155 18925 26749 95981 45544 68370 83791 65886 59522 47666 10070 15769 6631 14699 17297 85782 19435 72522 46329 19699 14112 14920 76791 30993 61323 62294 420 54964 71225 
34690 90681 59379 69966 17429 71711 15510 2151 55501 81395 78024 19518 91465 93792 42500 22515 11088 44634 58301 99962 90962 77999 14073 5881 71141 61418 83556 49786 78189 38519 37362 12878 45552 96740 82844 62980 84802 14705 65130 56655 96099 43153 76172 3915 36945 35024 42781 64384 79657 1081 64345 70618 95432 94770 92851 82924 56187 76406 32710 34375 31276 70071 63604 76827 83163 62799 39807 67964 77503 21288 40970 89954 64441 33494 10220 1385 68517 53001 
82120 48173 70433 46465 35142 65864 57586 27992 65140 13772 4397 97849 48146 35673 84271 28101 28851 83785 90900 85009 51749 68402 6297 92718 74707 70737 26211 84927 88473 11079 54279 70592 75603 24711 33408 10745 6927 90993 55088 72066 4764 59485 69914 69261 11509 70536 97362 56711 54321 88261 41720 22421 73014 48016 31490 64073 18752 74053 48999 23576 85131 3277 10519 60734 44339 43927 87830 51265 51271 42917 23330 72387 2401 9595 41647 30261 80131 55360 
86972 34451 59972 28691 73223 49338 76706 4712 13410 11809 78764 62408 35384 80247 82036 45902 40980 26374 6180 45161 93991 57451 88077 17320 29837 6830 26915 87835 37090 23397 43195 40413 74199 19518 85455 47421 68855 78512 52132 82264 6672 47248 61023 42055 27494 59410 4309 84825 2136 26840 29985 96126 84290 18061 29797 30478 24890 56711 18313 78332 96459 77859 35096 70657 13728 20551 18077 82583 15414 86561 81198 22086 33808 58573 80492 61301 17982 1152 
46125 36469 27992 92461 32594 28633 10521 62391 59111 51763 35453 93775 30094 48264 87985 65189 18920 1712 2091 53349 84294 17505 39909 81844 55942 90068 40416 36433 67720 74749 37585 13844 11218 65576 22656 43811 10560 33176 22553 69670 84938 74358 79796 31383 22621 67780 12924 57892 85844 31366 11240 86489 48870 67500 68332 4811 57567 25099 57596 25286 99848 95180 55481 11065 77107 78136 71227 87666 27664 10132 57336 12601 84489 53483 60336 23461 37615 73259 
81352 23458 4624 8944 26298 69846 76443 94630 91008 50362 19728 48603 75647 35927 43782 47480 46991 20888 25615 18218 8554 69630 44701 82241 82231 29189 35723 42566 52649 89689 32176 50352 13146 36799 59295 39444 22996 52090 50425 14004 2451 86504 62606 94449 22431 22740 41928 85773 43627 83895 20342 68532 53524 65042 50772 52106 94230 2847 11023 63230 92535 43198 29934 22033 96349 89228 77828 19344 41317 44604 33347 60119 31107 12305 54568 69889 35044 12847 
55662 95022 96741 76003 63554 66617 41045 14325 35074 51626 33523 46097 14856 26058 5646 44789 64442 18346 50368 58621 37690 8037 3224 87388 84507 50682 16044 39074 20571 51087 51921 76232 46109 65013 68586 26014 31629 25982 40338 66703 77608 90213 29151 8815 32622 51148 69955 97063 69494 20322 55683 23535 44710 75258 27274 29217 25939 43318 84642 62861 10756 52914 55444 73216 17927 24030 99229 65907 50011 55919 48961 43970 46131 94463 52784 78752 45611 22738 
92166 15104 59412 64200 38638 20473 39457 65911 49689 81747 25580 50683 44608 36336 3596 51 9551 21522 40432 25132 3781 90443 81050 69093 34412 27180 63556 3548 22283 9166 26285 14448 24269 2048 78647 62906 22521 34455 45168 88561 16201 70748 39243 77160 23435 59191 77211 49337 97064 33994 74468 844 40788 55517 69937 75200 99048 33492 95099 21330 59009 37735 52129 83277 39783 30775 62534 62303 65229 24053 67215 97782 94800 22810 74941 18234 82000 68503 
67571 79063 2497 58390 96259 43284 13907 66195 34835 29306 16038 29933 50636 75046 67668 19116 74674 23802 49891 37207 2456 31471 77611 69670 45604 72411 8831 36897 6996 90830 5399 90918 86245 7895 49308 82503 67531 79566 65049 18717 8871 97438 48650 75858 88835 32669 94974 63508 56470 61216 17066 58925 9038 94676 44946 54642 83438 53777 91538 90434 60958 13288 97703 47202 37535 47010 29704 5065 42927 94752 23781 51798 8541 88782 44007 97375 37802 38980 
60882 10623 16547 94299 69547 25585 5327 30845 96578 88764 84621 4467 95549 61930 34106 93252 9132 71640 56613 38835 93056 99540 49939 33189 67689 58479 21970 28047 72206 76124 83379 49439 86746 99925 43738 72645 41861 49064 3489 54790 54179 4461 75608 49728 66390 9714 59331 75521 81353 32295 30708 90761 48186 96998 23949 32226 71828 62270 60273 44033 38393 43651 93472 25139 43575 37209 14135 1788 2624 17623 56577 56802 38435 48537 22881 21176 58250 98563 
96697 55954 30858 43756 46714 95395 40753 70662 27621 12580 32932 87893 56613 87676 31543 50084 12814 91469 3644 43300 93256 22619 60922 66185 95772 15708 14721 18653 36884 72970 33567 49932 28923 64424 93687 75637 59819 50791 62650 3791 63370 95581 91683 36334 99609 39577 2769 28774 31045 22764 72074 40653 45382 32995 6837 41154 48703 37909 76158 85586 10878 9724 51869 56152 90500 45555 48140 66670 96345 27142 70460 76066 39074 78494 28752 38682 18070 47872 
67456 49114 70636 39529 89766 32369 72523 12954 89874 37577 50862 82383 39514 78091 92107 91382 34243 98958 53288 98734 65627 65984 25875 52438 58402 64949 30931 87153 3630 49000 51376 71085 14465 38363 26965 20583 70732 99488 33536 76957 53416 84398 59340 9282 62488 67798 17015 13082 66755 70303 28168 48733 36286 54042 1170 94687 35342 48452 98191 55324 13803 49567 42760 44619 87929 69725 65201 75012 85564 98737 51969 38979 99486 27660 64612 61973 95457 81627 
91407 78563 51929 19574 27295 4566 89967 44816 15605 25309 9619 13795 80632 23421 79713 23391 84391 67642 93115 49592 59005 95030 64680 27325 34009 64165 54984 98620 42489 66792 96598 33895 45354 64878 69820 89000 69444 59787 33815 85048 85095 59785 15194 82078 99557 94907 21820 83948 78900 31287 33539 37904 26316 14570 81581 60324 78734 36564 75296 37574 19708 71893 87821 65061 36771 57640 70413 22566 17426 20579 23965 18872 80364 55510 949 79920 50416 22769 
63867 45667 54055 13757 99923 80370 28326 81503 57046 7059 18066 48693 60985 37773 20585 48805 19186 73707 6444 89598 12624 23870 10176 52940 42741 6891 8450 60042 86811 75217 82810 67029 20884 53216 80786 20806 33585 9111 2308 90630 32522 36725 55674 93506 90850 76259 42310 26387 66317 48753 32336 95293 88974 42511 48232 48067 65754 56681 8108 52564 31898 90917 19592 69133 60484 377 6290 94068 25840 8597 1050 58361 61673 56723 68218 68874 49333 26879 
95260 32002 91983 27595 27294 80957 86458 91877 29023 52211 64910 53482 21126 13159 60750 40717 82291 21233 57446 4932 31652 83285 29880 32701 57997 91552 5776 42566 76778 55108 69444 88389 3461 61426 32336 47106 42382 18793 55335 87756 87355 20244 57589 24832 49754 18338 65548 32044 55922 39345 53327 87574 38981 83206 20274 13329 74757 42401 55894 67886 97509 25337 56275 17321 3115 88610 64427 45496 23754 19761 49604 27460 56356 23544 52291 6109 41882 34190 
54504 97803 73535 7830 85376 28867 91035 22002 42196 82143 64402 14441 50029 78262 56130 22655 11935 59244 11264 76361 21091 35017 12473 87046 78828 68828 10590 31118 91288 68823 65307 45791 66625 55193 53620 68353 84060 61006 6706 42607 43148 87459 73399 9528 82073 29528 32182 94007 88771 43445 86719 26214 94813 99191 13259 73640 84370 23848 21109 75657 92670 86416 37799 75647 57960 91418 60351 58371 68775 67056 17329 11922 70866 90728 21450 52938 20255 53631 
46944 25378 13428 33662 51591 8240 49204 64849 98232 33573 5049 19340 25581 97718 22107 79731 89716 96419 71148 50066 54789 56274 33473 72118 68196 20691 79197 5997 73628 15803 59627 20572 41180 73054 70585 9122 97646 19789 90323 95877 69713 95371 31568 11646 9440 53675 91376 99156 50093 78876 65573 21233 35149 15398 9702 19696 36088 5250 25692 26067 21053 85319 62990 78584 74724 33575 87706 72369 69715 78028 84597 55779 89750 16165 67424 99189 86191 75152 
14696 52635 70379 96621 90219 5527 12018 99921 25223 64457 5170 67266 90523 42574 52584 53513 21158 43660 3439 25215 32380 89505 3242 16977 45283 9343 49493 29059 8531 52035 4210 39579 4669 90940 36199 94887 96466 64568 11159 38040 29024 32681 5306 35898 75254 74241 89410 12763 34252 9200 37977 66632 98704 57570 99960 60339 66912 49452 89397 75443 1486 9958 15021 22506 897 67571 33744 13714 32138 44903 51754 61161 93935 73411 13410 69188 64003 19172 
98303 98255 28371 36279 64886 43427 93849 81197 3765 77112 47000 93161 52554 48485 19470 83926 87342 36718 51496 21085 50431 99985 82339 18536 77497 76273 91946 90907 61813 55949 10078 60115 70555 38448 96393 51792 98226 6593 32988 1990 83705 79987 11502 52610 44823 30971 52888 32164 67688 20735 69600 18119 20720 51939 53006 98216 28211 44952 5474 6375 17252 15551 66489 87806 70351 79234 55949 68576 85826 88936 70566 85882 68922 98419 38492 30096 29390 7731 
78611 13429 28465 48210 47899 49184 16500 905 63752 61063 62208 69225 67437 79459 84776 33926 83616 71478 13159 39564 40053 15336 44851 26970 1218 30124 25389 56061 60219 71130 63791 38829 84558 92255 87038 48809 57791 19890 49713 37894 80952 11920 7118 48388 7730 8245 82313 7697 96074 11823 63612 36127 27159 8462 79448 44728 54937 21188 17140 15155 92317 80930 70335 93227 89536 73724 42035 63678 93613 91747 1571 74564 20018 25041 22952 44099 49637 21616 
51795 45711 33439 31758 81837 76949 56571 77636 21676 11507 98824 38815 26661 7492 36096 96995 718 25631 70718 59104 5661 80683 50850 7231 55246 87219 48623 78197 31317 98260 99813 99463 43970 49603 31220 42158 26551 4142 19793 64578 15648 34968 3392 58660 42460 55839 72006 59529 81469 59076 18633 3481 39758 85834 10712 95003 73053 59334 89552 20721 73945 5716 20184 17914 55318 67755 60071 98220 71897 96216 62797 3896 31183 66188 62556 73642 22026 34561 
49523 19846 93636 68155 23327 33393 53988 50390 44748 27040 26075 34299 64113 20 40014 84296 34285 11683 68402 94356 9902 56650 6923 72698 60546 38105 55237 23101 28099 93614 74013 77621 29811 84001 62127 69489 17393 16114 19878 78492 59506 62305 29142 23618 78676 69155 24265 12960 97189 92666 23667 7090 65668 30589 96139 26213 85046 51375 65665 29496 61340 39677 23468 91151 23677 85594 60639 57422 1707 96869 35913 61212 75525 65055 84829 54200 50561 9093 
67159 47750 18111 90826 71191 83778 37766 67330 26342 22811 35056 92006 68658 96396 31682 92125 3898 71711 77718 80888 45484 79425 94108 81396 56988 69632 62802 41817 23831 29715 67261 7342 93816 1723 14519 81358 1852 52284 48687 28193 91447 95 20198 60104 12842 68232 68581 16739 39942 46298 13978 85425 25722 8086 83172 82710 94069 62326 40878 34252 8392 24490 57945 18559 26213 72463 99916 28064 41098 48603 56257 48896 65049 92806 25352 77890 61037 93932 
10980 17330 40229 24957 19106 82303 49394 18630 81364 59815 80955 22241 94066 5698 63082 52010 24256 89294 40824 24171 33710 98273 89125 6318 47169 54173 99123 88872 48414 76512 82803 59393 10193 39383 702 29299 38037 50095 47928 19400 26261 45234 57992 20326 50931 21074 88687 75186 26719 45862 15708 76780 44135 4833 83097 7655 75357 98572 96526 23771 91435 95680 99515 1627 51414 216 47277 89451 66663 95204 8850 92923 40437 83194 29601 7719 4267 18287 
99256 47337 80501 14964 24117 40987 36148 7213 48641 27856 22136 61518 51626 13570 73549 67493 31549 24962 67708 78825 30764 34370 74029 55966 43645 30817 39159 73245 54888 59777 7883 54143 7113 88383 85458 47581 29369 37957 71146 94361 65813 93281 55878 33790 23203 45778 1282 54751 87092 68990 33575 17855 19711 23955 73820 63355 71124 29330 36599 26011 89106 44482 96505 12571 32864 98315 60151 78585 36271 31296 72945 2083 40929 45175 35873 64131 90952 53506 
35233 78043 22495 68807 12250 58558 9114 86069 21912 96589 31751 74863 38951 20856 35696 51807 49778 84911 50121 9929 63495 86392 57576 52792 4826 98504 97966 57050 78986 5269 10556 14218 83312 49402 99377 11913 7959 24842 97981 46223 21430 46083 37437 60380 66939 73132 12186 33068 58042 78659 59348 21537 81402 16924 90680 86227 31779 88645 59629 27117 93913 86536 41334 93576 35937 57062 5488 60248 81903 19821 22822 19684 65903 60258 96415 49193 33389 24953 
82261 7782 3611 41608 45670 85012 74883 36349 87590 6662 24993 63570 33778 35258 50105 91463 28833 2394 64877 50673 62641 63131 70493 1814 82815 52747 62071 79229 1940 11811 4181 552 19592 24143 42159 81614 25506 17042 17962 13096 40055 59307 76665 90184 94564 43122 97998 39748 45515 62874 6772 24507 26005 77264 26320 25171 30011 88390 20751 48302 16552 41284 48853 52495 65426 7363 34108 90932 40756 52070 20379 80810 11376 13395 87345 22291 56516 1695 
78390 2030 64568 85162 42888 6924 78777 69207 48446 25139 73948 69197 73440 90499 10480 38644 42994 92257 46007 77101 83188 86762 45522 3566 83924 73249 33313 87620 11891 89828 89314 90281 8210 70234 75442 51097 77157 54218 36656 41955 95709 10603 11151 69148 1102 37982 7792 60447 30238 70150 37547 29778 73263 99421 33343 57186 72669 83007 61158 84560 72835 50471 91192 97396 20704 66633 48492 14213 37202 85147 56167 32910 12102 83669 18410 13203 21650 42553 
90001 51887 12702 43899 81664 2316 43319 31359 75854 15988 14365 37011 16899 3551 87481 8090 946 8185 91074 65790 38749 44627 50936 94915 77537 79389 78583 12298 92591 16584 54850 98943 68470 83903 42842 66486 2570 86160 97844 78423 18499 12208 15433 51749 32111 2914 59838 33056 27450 67263 98845 66198 11890 66133 77464 5778 45521 72398 18075 54464 88981 89276 53406 73802 89530 96247 40287 92099 98759 54482 70522 17257 66690 85954 69006 15152 5219 45195 
