28 66 1
46496 76783 17426 78895 12602 64976 51542 51974 8206 86720 65918 40084 98857 48364 78308 22178 80860 37910 31726 24381 48139 19623 4123 23131 77709 9262 21420 96249 41 6437 66341 46536 83219 83767 41783 95820 65094 9676 64146 73299 96395 46415 13382 95251 94778 91690 33780 75638 45951 65505 16370 10441 85127 20493 33571 79187 46106 71342 75436 46147 77779 41776 9034 60997 41894 67168 
73169 6988 76843 37314 96638 89589 83728 10020 1192 94858 18061 34971 86847 64011 476 3216 74451 85602 23708 24373 81141 86166 12067 56576 48664 6197 14703 57697 83545 72949 41217 56713 79936 34411 10378 92925 24000 94106 2944 25191 5315 37356 60161 92161 17718 76988 11728 8520 78942 51788 49245 60082 37953 61311 33009 86616 67507 47711 60664 51051 20659 1880 24116 16946 36291 34493 
9871 76642 44950 29166 1832 50264 82874 78344 58776 591 55332 70504 9111 34273 22291 74707 94354 60243 36017 27362 63210 19875 91424 23873 87277 28435 42105 11392 45380 94747 62237 71602 71388 7186 768 73219 57450 83641 51562 16225 583 23245 3080 26045 57517 25370 751 68222 1964 53119 11935 65173 89345 3359 5398 76622 31793 63854 4365 93524 58600 66601 65126 29987 90139 82245 
19557 63940 65885 87470 96516 82819 10715 99596 8864 68231 41317 25966 36453 43281 79085 64739 24805 68429 84449 46554 61402 16241 10407 65767 26117 69006 48719 91242 15344 38857 73486 34900 19148 55722 22370 15664 38540 33084 15259 63755 17666 72927 89721 70470 16207 68805 35209 57364 53585 19657 20269 14987 52250 30676 97105 78366 16033 45823 85959 47729 1032 59444 98980 20179 31517 21349 
52194 70056 70784 83804 50163 4802 56731 39883 75271 89289 25039 10479 63004 78623 46488 83273 9961 15089 30300 7065 9806 62684 52888 95764 10412 70271 71559 9392 6801 3075 47092 58995 89482 34228 59150 39644 39029 15880 79526 14299 5169 20916 41130 84524 15891 3969 67796 25851 19057 14447 32916 28862 77131 2155 40977 3894 88777 12535 29637 95577 31961 76729 70923 21442 10956 30073 
61086 66336 62304 56963 80634 83824 94231 38115 68348 10121 42083 52495 35971 77491 66942 85238 22704 60424 87392 63680 64317 76168 92566 93954 88097 24526 87034 59019 45968 14341 5443 23405 80676 67747 96719 77661 51570 90949 15776 36269 1069 74210 88764 53392 68053 55705 38629 90756 32480 26021 70788 96796 18540 63353 7101 22988 87879 94134 82007 50198 24826 3801 73602 5501 87899 70320 
99514 39469 77621 31641 75737 95041 22202 80852 48432 90254 52908 87061 81010 85387 29433 68149 98535 64324 31501 5635 87312 19379 16121 85670 69576 40946 89470 59529 62799 77369 46201 78664 33189 23821 10304 25277 18861 32505 6129 83645 22759 75388 70705 20120 60775 16489 88268 59309 80812 36120 81295 68123 55499 97415 53792 41426 54713 59614 955 33863 53334 47155 12526 86522 87327 39181 
28150 22539 71685 50630 6183 10795 26018 93239 47266 3144 9727 51885 62452 6891 88005 60098 75013 43503 57513 45157 1280 28577 21122 18586 62439 74455 65740 91316 77328 69418 30496 5477 91957 18532 72459 98139 29327 98476 7730 92944 17971 17456 44829 96774 40698 32833 56871 15711 92687 30735 77219 93966 59311 98340 12552 38101 89146 94643 45768 66473 64061 76263 88301 72369 11147 60759 
70507 40473 75586 78236 49768 93556 12044 94596 90329 52741 27428 63552 84803 36466 94286 78373 46784 69949 93064 59335 24401 82209 70329 70169 65033 50741 62783 53334 23109 73929 30444 9968 30753 22382 4555 80521 32289 16598 75116 38970 85691 18896 2521 86845 55361 96806 65218 2144 66754 74633 77830 91155 56842 64511 77675 38226 15251 40457 91559 38360 14386 38355 48327 61490 60736 52881 
42010 9376 85831 33478 48345 87873 68725 50865 74717 40437 47671 56286 58933 30776 30919 36762 38282 4112 1272 15956 42337 32875 56413 50248 71234 87150 88602 35912 64991 65689 5144 23353 75064 90974 73182 23409 95198 41906 74273 69915 82342 38295 42552 41274 69071 73470 94388 23704 93933 12011 39660 36270 44885 12424 86517 32470 15925 91470 68381 80915 57158 73525 4267 48573 80850 77448 
88333 76048 35705 62606 62314 18047 17252 21217 75672 2674 11039 86411 26378 4971 98422 82389 41240 59658 94812 44108 92128 10736 35577 76860 8002 9086 66736 28621 74011 63938 22420 62343 56337 58125 41300 18650 92523 58552 39866 84546 61225 50904 70957 3954 72227 85730 86342 29818 45387 97505 73926 53866 24592 25854 47078 32594 51292 30165 61214 25302 94102 99985 87644 50438 58109 28944 
85439 50631 87495 41657 51529 65071 8912 22485 69025 81138 24566 71718 10956 86304 69223 1233 40170 93814 43438 3599 42759 94729 33763 20324 20030 44217 20309 24026 11006 78417 52969 96445 45400 56815 54453 96928 38237 63364 35764 23613 60854 60329 11683 88161 46632 80905 5745 3153 91070 49182 6751 33829 43911 56866 54152 80292 1082 74460 4317 12087 69229 73637 24883 14628 46803 79335 
27907 1392 59051 63670 25004 36256 23998 36686 24416 70629 33942 30160 73782 25012 95693 96884 58840 39603 70101 12991 19895 71182 3803 40563 99621 73031 14200 24503 4010 77354 20190 31916 78745 79240 95585 3749 15495 19582 56786 56262 6562 90728 2773 96695 32091 98465 93579 90930 38068 63679 20272 74314 51213 40426 14876 67185 13456 45427 91687 17465 22781 28228 49380 1525 7467 61316 
21625 39313 80897 94763 11926 3811 1842 14698 505 33932 13163 10435 24861 67582 74114 61484 58247 41678 1910 73122 8862 31717 34901 16900 65534 74033 45128 14913 75557 68946 92581 13534 24611 89829 24648 36536 93639 26489 51234 94144 60420 80748 4578 1632 48329 95043 79467 22927 53072 81376 96048 61933 29445 47300 95185 94978 21332 40312 26242 13241 25609 18822 26774 50219 8651 51421 
86755 2289 94261 54340 12784 54680 51439 33714 56311 16119 45108 52129 39045 98180 33505 51444 76464 79301 98744 71648 74278 20075 28311 519 33315 53920 35693 76440 4138 44343 44212 7244 62983 38472 77935 75767 93151 29373 25832 65813 45491 70939 17942 887 69118 67798 52331 45582 47098 51074 33581 21375 71148 61892 38245 20815 15811 73937 97254 36300 34631 41466 59896 97614 96289 37830 
89732 89440 83555 15563 71604 45397 86501 5897 46284 71971 73694 98614 33904 37143 49687 67484 74869 37186 29375 13114 58000 45185 3402 71606 81485 38033 29423 41380 51998 25711 95561 41729 31502 79115 73643 3106 24512 76495 9002 87147 64817 99048 85760 98720 36190 51798 66204 11059 88983 95578 40524 63335 57115 60277 34940 54951 98309 80714 12682 66658 6424 8242 24738 37926 3709 98380 
57383 44572 91227 66384 31718 56043 65431 33829 54763 17973 85626 37318 45383 74608 32895 85906 54294 6361 62534 5585 61311 77195 86298 90344 43852 9074 98586 68590 63351 18646 66969 20733 63217 58195 3468 11286 30590 68899 45114 85352 3223 30739 22669 48605 21698 71915 50862 92344 94628 13395 97928 55938 90589 84226 62634 34441 9651 77571 19382 73001 96216 2702 93733 75784 77249 97200 
87069 7838 82450 48534 93189 2024 79272 32209 50628 17321 4123 17841 9664 98750 47588 7592 71040 38176 8169 33673 88968 17819 11243 8349 7171 23810 11051 903 99593 88299 14454 3013 96136 13256 51546 5676 15279 30817 37884 82259 64489 58358 99 74153 73460 47686 98096 60851 2214 22616 10875 91181 56786 38469 15882 63956 62278 43284 81210 78222 47934 12015 81234 60421 25270 32779 
82448 56901 79947 36683 39159 44435 95040 55609 34939 84851 3295 49386 45701 21860 72001 56575 29392 45138 11395 45273 25445 73672 4908 23006 68245 69193 35021 49478 29613 76642 82256 12060 33542 62202 48742 89052 22989 60134 44661 57927 61336 64307 23665 7037 86166 12017 79963 31909 57155 91358 77182 98951 81381 98441 21957 49626 67634 73329 15455 13598 49970 97711 42010 99864 76264 7103 
5267 99252 67236 66279 73531 28572 30585 97195 51960 33102 9211 48274 65011 66365 55983 58544 65316 37364 73336 3624 3341 40969 76952 18795 54567 26921 32857 12928 43136 9121 20030 48403 8372 3618 14681 98254 48541 61618 95448 500 11071 4659 48773 92433 87375 21108 67328 69042 58471 40664 72665 78163 81632 49616 13309 52550 92889 46166 81829 52376 55286 1859 778 80009 5476 31811 
78263 54016 9780 90062 70867 37202 94720 35991 29635 98447 57098 96962 67488 31920 53977 56505 10082 51961 22472 23391 20862 15360 85908 2691 84088 41193 4549 1217 37553 26376 33027 32167 96743 59158 22229 67609 12712 33300 3599 42346 48098 77049 55659 31938 8968 25988 88442 35402 77948 10913 75144 98809 42625 61051 17851 26712 18595 22399 27928 72499 65126 77307 4666 61868 52816 43246 
45828 65527 92897 65779 24224 40995 42827 96235 72932 68146 22222 77725 3547 169 4989 78690 15329 47613 56092 33180 90676 74686 71930 34956 47185 37056 28614 68202 15275 81429 27799 61103 63308 20695 26881 87531 61689 69707 117 50972 37852 22338 28696 57751 38858 33685 52792 70539 97649 8884 3718 4677 99921 91999 39632 63457 29054 68245 31658 60681 66025 75808 21783 45684 96503 48663 
49567 74543 18369 49683 25515 72572 72021 70562 46674 27230 20598 99466 97768 34599 8349 1485 39275 24621 9836 78906 88078 38889 63502 36087 99569 45878 11895 37703 91562 24749 86365 41128 99291 21085 90810 41157 10009 79182 28071 56682 6412 48668 56147 4179 83266 80847 22016 22540 5468 31851 17797 9897 87091 97650 45983 3012 43528 74229 40714 51441 98977 43431 92568 14620 64515 99729 
55776 90875 78911 83846 47557 1674 48866 3703 22204 48483 902 60571 87375 6369 8773 5171 16265 95864 2821 78599 15227 62700 69180 72292 14140 68156 32074 23059 82775 12941 22787 54903 3815 18049 55100 51371 19722 20317 71426 41926 68800 72327 18848 56174 95047 27621 77696 27663 39836 96868 6261 55062 59567 91792 43705 90058 59948 75779 13116 59074 88719 35903 30328 92533 53951 85428 
60256 90025 22096 31681 31950 90895 20359 50797 63420 15405 78417 41116 43067 34604 54335 65679 89665 30254 57471 49722 20311 33770 25500 33427 9195 30570 69329 39523 39454 39631 41302 99709 29655 63397 31389 77956 70644 51747 45105 34063 83503 39873 91530 26569 74477 45865 8600 64141 76118 66070 30214 96428 16191 55713 46206 25385 2634 15534 64907 42088 71517 22560 41796 1171 85957 89537 
79127 56600 57635 24231 90662 41138 64103 98544 84058 54931 44408 92657 19072 36877 75078 65637 49656 7620 21350 95862 33005 40335 27747 14263 82422 99263 36823 40570 16786 22779 30106 95912 79378 4092 36494 86391 61581 16948 84934 61991 71879 45693 54647 7302 98921 46077 72938 48577 53696 10639 60790 3052 50974 88536 17315 49747 4151 54137 90316 20936 76915 36773 33199 72644 57217 86044 
75386 18797 2991 76672 80787 91221 38716 51786 14874 37637 14214 4164 2565 84261 14802 63354 87313 82127 68241 4627 48226 72391 75115 38541 93326 68381 91666 42876 41024 48882 28919 32761 67678 48262 25784 64817 55834 64500 16602 70708 18488 30815 91223 21052 15075 22376 757 18739 20855 68997 23365 69080 57740 14831 23972 67417 83211 15637 10293 40586 64518 39211 73347 48548 3824 15482 
29716 59658 79981 46317 46717 98468 93483 37939 35871 24909 76666 36627 43648 97520 21976 83364 66599 79715 98195 90571 47131 81405 6207 57423 38343 87077 12986 28041 51976 33161 43522 81691 92818 23503 44359 55886 38322 37841 10176 74193 79101 86842 27171 22748 84361 65498 22464 50960 45212 37010 41530 8695 34766 64088 82469 73108 67516 11806 1148 19491 44967 44670 17533 54136 84524 61891 
