70 21 16
41262 50600 92586 50337 51337 33703 20517 98016 71082 25221 46242 97254 60489 16764 83587 78962 58239 37357 64683 32475 30944 
75962 58167 63750 61951 33566 2141 15012 97487 70962 52472 38748 37913 45058 5436 5602 95112 25952 3617 82546 67525 66211 
96151 44365 82974 79737 39679 57564 17093 4361 6391 64389 96674 64557 28138 74976 14474 30278 89988 28312 17591 42459 83411 
71856 3868 88847 77457 98980 31150 81073 81525 15026 63635 77675 75743 46608 73764 15421 20524 7208 19781 26914 71596 32807 
7822 16085 7782 38647 62715 14121 83310 80305 72932 66720 52160 76799 71918 45968 92130 19420 43393 90006 34445 7027 84033 
10187 53635 57796 41959 90510 65003 78092 33775 52951 10898 57948 69035 18679 12946 31749 49152 96255 28406 22083 62974 96917 
15233 51244 42885 7363 70663 86277 13720 21459 93303 97752 47998 63289 55547 89956 70150 36902 68047 3924 89852 95296 78223 
75238 30327 91168 23339 79478 87422 51744 17912 66748 48660 33144 17991 7896 56858 5005 10524 70578 26463 20179 68329 74460 
99819 40228 80768 69969 77129 65166 90244 83332 60462 68467 74921 90788 75986 98259 86617 63408 50002 4528 46507 15014 37671 
80849 22909 10881 85853 49785 81458 12315 69963 66138 3127 69781 22717 246 39749 99845 65411 46345 99528 25872 31163 74449 
33011 7148 72707 19627 86907 39061 24154 33413 54074 78177 14261 93334 89057 16465 43118 86866 45132 13080 69355 64610 99213 
92072 64855 55313 8268 30265 1657 7796 56137 32819 98596 89147 39967 87654 8774 43225 26714 49279 76638 97139 27455 7250 
90473 32863 40067 49942 36080 85198 79374 5435 49807 78586 13858 14661 50250 22125 44925 51907 46272 17413 1077 44867 22912 
57395 48873 48037 620 75586 13667 93609 72725 41122 17210 79549 90336 57276 45842 26416 58825 25215 48202 8631 20152 62059 
39643 70402 535 920 38660 46807 34684 39736 8025 57595 97131 73249 21983 97750 48835 35650 7710 37911 93123 24919 33811 
83458 82195 79652 26225 41019 21219 74426 66002 57722 52836 5644 44475 69723 6563 83134 32881 41247 39222 57257 15193 52704 
30506 37176 66805 79340 89177 74514 33602 82299 99432 67412 65756 97978 63415 91981 38997 985 82758 21350 75059 51946 26993 
19533 21668 49908 19019 54548 7506 74592 11804 39050 27295 42309 76225 94099 38000 65401 68612 71601 64051 84395 55364 29807 
82373 35131 38139 37721 36115 37248 59070 11173 89193 2414 47058 27212 68673 82428 81759 76178 57019 9915 31580 84313 68575 
24156 94763 6575 5909 79726 94527 69959 64120 49891 99765 62844 1373 54255 16916 53839 91503 75985 81364 97047 94751 28421 
24259 63423 27200 6017 55953 84218 32283 87532 84882 858 11687 79644 7432 17595 75721 18310 3906 56192 84552 3670 19036 
85924 74277 35951 39763 82131 28288 21126 79177 23038 65898 3435 2812 93097 25804 75116 77314 58086 78999 78547 58943 7038 
74542 82726 40984 50262 1036 44889 6453 85587 64911 41840 87863 39187 94143 43977 21317 22430 65102 16845 61819 47351 20280 
80982 40447 46083 56098 34112 4168 51448 12658 79463 58485 3551 62188 15821 53812 79575 60709 76616 81514 41971 34808 69376 
81157 28950 13352 18825 67731 94805 35670 45901 42155 72301 26882 82601 18383 99331 33064 38902 50779 45721 18364 25615 49271 
96904 41435 19434 76478 18496 12401 57991 60466 63560 43718 57975 92509 73421 93151 76591 68225 45172 22491 26731 17472 49373 
25683 52206 48703 58746 91108 15833 20818 25823 57800 86440 22726 15586 22225 99204 34081 34626 73546 10899 98185 17264 85225 
7046 7036 78375 83636 75261 39899 6127 18343 57370 71851 44026 9576 36905 2771 17035 69090 23589 42857 26889 26380 81935 
58826 48605 81138 9259 83230 71035 20157 97766 4650 5381 21163 11686 107 4799 3298 40005 27277 21640 13727 99127 65665 
39654 36031 84788 56688 5120 8376 15896 48360 34755 14182 7186 83359 95319 16444 82940 82706 52952 97058 87355 74684 18220 
99040 74790 39370 18689 31147 66646 40329 44873 82124 5993 878 18155 90780 73917 39626 15507 89812 87986 66614 3994 11523 
66324 15664 44318 65616 14721 97269 62673 2076 71952 97244 17467 63093 36614 36156 10591 3259 76484 71815 1735 98828 72692 
19889 5960 46608 75866 37818 52772 80203 4431 73117 91725 70755 5132 36042 52722 19853 49662 15394 38280 21613 12637 72098 
1058 65602 8253 11648 85213 1088 83463 86947 16268 72506 23187 22227 19114 99052 60044 88237 79255 80827 61353 87331 67933 
66484 23373 20654 2688 73034 36047 40967 10999 65035 13065 28408 46989 37669 56407 32201 55109 56221 19147 71376 28727 42333 
9954 64192 57736 86349 52428 36990 67175 13780 24321 51459 96615 64045 72112 99303 53430 24510 56621 80780 5897 69685 9187 
52885 23706 81946 85085 78814 38166 20583 50189 66892 79267 76494 31083 37002 62842 83510 90344 46369 13641 31016 97827 10256 
95060 69939 25910 64841 10800 82530 61973 16696 68567 71159 69580 92272 69456 71016 71085 7622 7950 37625 90865 87216 30470 
21948 40570 93311 21809 30913 56031 51802 61928 53858 62057 73339 40148 87966 54531 50947 70495 16503 67643 39061 4014 53574 
47684 73469 40942 35120 81090 48891 72744 71955 36107 3213 10254 93028 12876 48414 23940 68906 215 2219 39115 78623 75557 
79262 66588 46439 30209 53435 62942 14203 8847 66955 84128 72883 40423 25069 8002 37865 73960 97098 26171 26418 16662 52776 
19445 29537 1189 59736 14795 17756 61954 53909 96378 53862 49523 79318 300 79731 49104 63241 10285 74302 46547 94412 47184 
3322 19481 55186 41186 9792 52283 83708 36209 68944 36483 72005 14833 54023 31740 29627 71778 10045 99887 84508 63906 49409 
63825 80557 45491 29280 60150 55775 3581 6696 66539 50765 10017 2371 5950 67554 12162 74584 51261 64722 43527 4095 53078 
74711 58118 84817 4337 46247 94861 20576 30754 75118 69984 10930 55674 15475 40209 15823 87601 43790 38871 54139 94554 48887 
72861 16855 32793 85022 91438 405 66095 51316 4500 19172 26027 62617 20340 46715 8863 15200 67290 55969 6669 37274 66898 
62343 69100 7107 94517 56700 50896 33387 27191 61801 82274 51 78655 31418 1425 86444 31822 83871 37759 36321 3043 63785 
15289 23382 10500 40504 54934 77789 96472 61602 31414 63369 40296 16865 86827 34813 73565 37722 68199 17107 15874 66824 33509 
94528 98241 51285 80971 46415 35156 35082 82735 54550 15218 14376 77931 25717 54879 49216 19858 67702 27170 67623 31070 67465 
84488 34249 18629 74404 71970 86828 7862 4196 70003 41370 98723 84596 9007 96046 31010 44162 47479 30096 15063 62696 44471 
9345 4765 15701 58561 40974 83402 85730 8596 30824 69546 9435 65072 88175 83838 53393 75002 91699 57588 61356 49421 72663 
45951 58427 85060 93312 18940 32538 23408 34002 95233 67878 59698 16349 83579 18258 57322 66980 20339 82270 97803 89885 91704 
79226 78059 91894 32619 69412 99944 90206 47119 49364 62868 93070 24142 47927 86381 59433 80464 26140 9786 92049 94018 69484 
8397 93948 4093 82071 77279 24432 64340 91434 30668 72395 70659 25078 64288 3277 94489 64232 93483 57959 29947 56350 51028 
70441 20629 53761 46225 17444 79900 72363 9492 90269 41846 34241 84216 62290 16311 77847 86721 97002 69280 33740 85748 39938 
58817 50036 59567 53305 30619 53049 27616 76917 25750 78643 63709 46378 48755 9934 63822 45007 82296 89665 35275 40493 40257 
35843 2782 72919 13689 5855 69920 82968 39594 55668 39257 14763 22055 98823 68067 69025 68223 95682 45941 93973 90677 9650 
56702 55783 35935 36875 789 18230 42892 36064 75074 83148 88258 94207 56067 1946 16413 42338 1265 72359 14357 56873 87121 
36411 55696 71539 5435 40270 83573 67728 34242 74249 77377 7296 46383 13311 44170 47172 47892 87061 99587 22965 86561 87844 
33523 42627 6141 49936 84964 23757 22294 99321 80629 25766 52083 52676 97304 73870 92946 80876 41597 43539 71476 18973 67186 
17859 48635 27708 81382 12878 31120 80968 52194 17680 85163 85716 60306 7655 52003 61622 31411 90648 77294 28391 16413 29376 
81067 13717 3245 90364 94592 44841 50254 66068 80165 33792 278 45151 61499 81659 58028 92618 62626 10221 10298 64140 95937 
86955 71794 64291 48576 19556 54939 42221 47946 71351 71597 45364 85067 74841 35727 96011 36034 2333 62078 32550 36124 78707 
77701 97622 60365 35728 6591 39342 62301 33240 3481 74589 20195 91626 38879 85122 11181 93817 27343 59126 65168 98939 4490 
66586 90131 56568 62596 42516 75252 41025 75066 27727 19731 69118 41700 80095 21197 48291 35788 83497 81530 55620 58085 1724 
47245 13316 3198 74777 7132 30540 33903 88651 45830 54744 71589 52312 27663 34184 11180 19267 75209 2597 46993 94939 71714 
88693 91386 9262 36983 27173 92759 34864 99145 67195 36588 46389 96862 56137 21166 3994 3028 71420 8996 65209 42515 80584 
17520 70177 31120 45051 5795 6328 47647 52788 17618 35712 41480 25355 44974 94814 68880 54084 29677 68024 21278 82616 30764 
18140 38752 51929 38485 41779 39700 63832 23339 82214 60768 57211 68743 91887 2261 74537 14566 66260 27324 48535 1971 85155 
73890 63296 96320 59121 17379 25997 43496 55009 8612 74259 73148 63716 26188 27984 21846 82239 8167 45185 64453 68934 2395 
