86 37 24
90975 75872 40476 86938 46707 37495 31466 15455 3505 68573 64681 21107 93064 31246 50063 55931 52177 69568 48749 9074 43013 71949 96695 40717 41182 1096 9963 85217 34333 69651 43638 25308 45522 84113 28597 8581 37959 
60062 24035 41463 28634 88716 78922 38050 19961 28984 10332 88489 14903 75432 97562 74267 47380 94256 14983 88561 11704 41298 73777 46036 10948 17415 71343 72822 17879 99940 81402 55838 76353 5436 13652 21339 94151 92573 
75740 30463 37908 86071 18952 52811 61503 32865 27077 8882 43473 58412 97443 55176 99709 87571 1211 10656 21337 88906 83477 39216 5197 81230 11405 81549 86666 25056 19239 97168 33981 94978 27631 71888 81049 62934 24698 
42551 95798 68127 67784 55622 26538 81578 10797 26246 69149 28360 53253 6837 33617 53082 46052 55165 34311 73808 53065 37328 15216 72304 50848 49196 67281 94830 21083 64681 57763 62133 23583 69912 30259 91367 25534 73148 
72944 52682 15745 58444 97393 68997 65281 31009 38430 27684 86173 89093 1492 39238 42772 16707 11541 93619 82254 95173 88448 3336 59854 62562 81820 83436 48826 28430 74802 74359 1577 64098 43392 17321 38893 40785 2670 
20525 71793 41099 48209 74318 46543 66052 29907 89315 99110 41447 82933 81363 52971 87733 1050 12824 50294 99222 96260 99119 27651 87413 89829 29228 67862 49573 46548 6755 90357 49217 27279 78501 6668 91839 52818 53210 
74242 82724 42524 73351 40522 41809 71065 93493 29541 88467 22668 79834 87688 35279 95305 15338 22692 85133 44565 6905 34705 7465 30011 41413 73033 73642 19914 79700 81832 89083 49262 56074 71807 8137 45776 28680 49945 
16841 38524 79485 21659 61192 59319 9346 96470 70975 24683 35513 72459 85600 42418 7164 9416 88780 64928 82448 78773 84841 78500 60605 90276 44113 16678 62082 52249 78805 7113 2194 95645 45637 98030 17303 6828 73700 
43000 19649 44674 84035 55162 17133 69634 13931 40648 79049 2710 5575 77848 81483 6768 56347 58439 97043 16811 91468 75476 69060 70272 82588 87605 65917 44576 85634 99571 51403 59334 58923 71052 4007 42957 42565 37491 
12590 56495 78138 7990 75556 65 85837 73390 6832 58536 31828 3874 75346 23295 95701 60757 93567 78288 48361 75835 22864 50347 91757 90618 9680 50679 78021 30038 93635 36937 83881 22576 93431 62018 30565 85339 78434 
32754 58728 85265 7641 90556 5490 99338 13850 1190 60095 23768 95830 24807 99602 35045 75153 91359 25662 1184 58389 20035 47574 52024 73323 31454 74599 66754 9823 21516 52092 88257 54269 10819 73521 78261 17726 79011 
77598 47928 96552 54044 71695 92381 78851 71297 27425 70355 79007 69439 87891 37395 5825 35464 5770 79147 66917 80369 62252 76739 18236 14343 64995 72504 41514 54868 67116 75591 50230 44713 23518 46781 15109 95213 55514 
10311 82861 82938 97017 78219 68728 84907 31965 74552 20370 37735 53699 87286 34455 15950 80377 52690 46645 61723 41545 4510 16590 8660 80100 83171 69724 3618 29952 1184 15182 85465 11494 98042 84754 8511 76260 53482 
93417 8224 44385 30139 62310 14435 33776 96764 46737 14152 65805 93381 75875 7349 14242 8816 32360 94341 91987 2084 97958 38290 3267 29491 40106 31113 27532 41211 55975 20143 11044 49391 44719 55429 95881 7028 69863 
29657 20144 32951 43808 85948 26331 36034 9649 40572 61202 42008 51265 69540 60443 65574 7829 80062 95065 64286 27526 22596 5496 83500 59091 16540 49242 3809 88320 45123 27188 74534 74779 63683 7485 34938 49631 50167 
87324 75631 90739 48525 33990 58355 34416 94433 23928 58596 90846 35344 22881 18371 57940 28376 1870 33382 61267 51111 37190 49586 96233 80729 40472 87363 44412 47956 22301 10394 98122 9624 86024 5212 74500 20013 63566 
8915 30797 3846 67510 21642 39189 6742 40012 13480 51469 58233 46861 12736 9344 402 78673 21928 81131 35496 9291 41894 83451 31591 52287 81573 57566 54662 3136 32065 91026 66702 57331 21823 70547 41192 59816 26087 
47933 16180 39567 15753 74412 2779 28488 107 3181 23513 22035 663 59008 31325 42556 58811 62915 11194 56735 36832 82207 59870 85248 89584 26571 42578 27758 13469 121 87574 55908 64405 3753 95474 80157 94516 98252 
24997 94623 17784 64861 16657 34798 23868 47981 77353 99030 27247 4898 55764 80430 3456 15634 65677 93040 58556 24606 20797 88377 24726 8370 44284 89130 28474 56109 69286 39342 70712 94282 33964 88496 59142 50620 23293 
99362 14952 16998 98391 58550 38247 70507 38979 58055 86140 4655 51094 61047 45612 71890 49423 70337 96612 10058 59466 41437 66166 45103 80778 53230 55737 14741 58077 31230 81712 97721 30591 13015 14718 45334 87916 69317 
32192 26894 27371 18331 47900 78464 95729 93511 66705 61504 80199 79668 71561 56016 21105 54079 1119 18234 7308 56855 32975 65384 88084 31038 63104 35027 60405 94174 96712 48320 79842 28903 91566 7212 63585 55817 2027 
59313 65680 85083 20816 45878 64751 8729 1894 2207 62807 3012 20440 86466 76218 69766 68201 80653 804 31304 32031 61208 41829 28742 25879 21670 73996 17444 45233 37580 73261 63611 13245 38940 48694 50412 84817 29796 
59140 3062 32002 38298 22425 68793 41115 98642 38559 9315 95647 55714 56971 27677 33273 98799 56419 59151 20469 30414 76595 82053 84346 66207 45664 97590 5146 94357 48001 6314 40504 23493 9376 72505 78142 31800 57649 
19257 46794 96207 44923 42440 51920 1893 86468 85192 692 42886 60695 37512 89652 53641 19564 73997 19847 81579 87938 41344 92287 52290 47657 32790 92134 73384 21646 70276 21536 79295 5884 84681 75501 50806 43472 43773 
52699 29939 45316 69742 89177 6010 23605 78828 59650 43168 69176 79496 41099 73465 20839 33385 25754 84848 66175 34240 74583 87820 20867 12470 83466 43102 13502 58967 93907 56973 19091 62957 86912 64406 49050 76088 70416 
72654 71267 46417 32174 56794 42265 73272 30258 79455 6656 72363 80654 89182 22954 55237 93354 43820 84058 76819 86921 97560 52137 97180 54532 71227 76488 57795 51985 41890 50234 38752 14543 21500 85168 63068 78293 27432 
36339 24902 6887 59347 97265 87540 48528 20218 59128 41881 80390 43186 35052 83662 57097 87188 80841 27980 58415 73681 85775 10399 15570 36008 49150 46464 73860 50669 9532 52152 94453 62222 93406 1339 21568 7022 5230 
86448 43591 80710 44680 23980 40247 79731 7642 97343 66919 4834 25322 41685 78514 27448 68435 10435 63456 33936 56899 37315 84604 66430 5818 79056 45003 99223 96746 66571 22596 18328 69370 66187 99037 14049 90166 55635 
93780 14159 69329 60698 18993 94650 2382 13858 38450 87168 24293 1905 21103 81191 55571 5706 63972 77740 1114 8974 93315 97859 91896 15910 32538 61265 82096 31574 75314 88614 3560 85445 19124 72888 46142 38116 83890 
64875 68326 22339 52042 92618 24243 73144 90160 96165 95201 70483 73904 96314 79456 67218 10525 71352 99480 43062 48968 81575 90988 40633 86540 94547 26077 5664 67435 72218 60131 51324 53444 28456 90014 21837 37425 30608 
11332 43936 26772 22885 14418 17027 35550 93874 597 46074 81577 76 5488 46896 81650 12827 87529 68190 23725 13605 90205 7511 2175 50335 75186 55618 78791 65199 93807 16215 95806 5138 60151 22577 44374 90920 39604 
79924 84793 40200 42349 82721 56627 47836 29617 38276 77014 17145 22817 739 47101 13021 8249 49275 79708 83435 21245 58498 48633 15051 91064 44439 36540 67566 83367 80914 58486 39322 60837 59630 95873 19537 58703 52499 
67373 4671 7127 44386 21815 46295 45124 68915 75668 69725 34542 55375 53159 55786 13872 1791 70836 21287 62581 23727 5205 45948 4640 80042 85269 81828 39671 97494 1365 14725 49992 85089 19395 57118 45826 57561 3413 
7302 42828 95432 77026 77369 50806 30184 33154 81029 48326 20341 18667 10907 44067 23871 73206 65059 3912 74826 63238 59935 72319 64602 74659 22311 66042 94054 95780 11868 51614 15544 35521 10793 10975 12546 88161 78132 
59081 21314 59160 7406 58006 77827 34664 2073 18049 7869 67131 21961 82695 30368 81895 71365 11322 72905 10027 93715 66958 5807 5582 34924 37702 41102 45716 65029 69999 50229 43160 29079 87894 18672 36485 45900 96498 
87500 64324 14546 95369 31454 52858 94415 78173 51104 65779 5846 24009 75806 99561 7318 97964 21494 42241 35665 78948 4309 17045 65298 54537 60205 94377 42430 78876 47213 4681 91725 34712 69004 22622 46432 16809 75480 
40846 11334 26583 22977 17179 50591 15134 33091 57909 13097 70937 16501 65113 66236 37161 82158 31533 91697 42362 42261 50479 37589 5825 71511 45665 56889 40515 68286 3320 73675 43765 60518 85008 86700 99846 18539 37290 
14979 67981 11550 28075 38917 44403 9539 21504 81563 91696 69389 89612 50409 11649 56442 4349 33826 27952 50013 90714 84818 18299 94033 58493 78415 70902 43500 65114 70747 62038 18756 85725 46371 30305 30151 1639 74707 
39690 23143 56270 31385 92531 45881 98146 20531 2322 2494 54356 46625 52507 45069 31443 87157 55454 89935 65571 26355 49786 30685 97102 28176 65792 99178 74546 96096 29329 76184 87155 69018 15678 59776 16754 24560 22008 
14899 45091 40681 33745 15798 87305 2603 77219 35099 6111 32672 25033 71681 75378 91171 18717 88831 19346 84508 88009 93891 96956 17337 86426 84110 86354 2104 60237 19459 26663 82244 50710 88105 22924 806 3903 10228 
3408 97473 45327 9518 46496 86711 97550 21873 77881 32619 10704 13578 17126 15064 23820 30433 32400 10246 30894 35105 12349 91130 54563 55363 73373 21624 43468 96296 22429 63722 22876 25836 61194 84554 51705 7689 71264 
65607 45913 65497 98225 72968 79074 31702 88031 2894 62135 36782 29491 93028 71886 58191 84158 42801 13553 73882 64424 73372 70178 86853 37093 9405 29040 14638 93958 97097 38678 65221 62703 84591 47069 60927 73910 26143 
92628 78293 45388 71114 15074 74878 80494 86960 33068 81003 29760 62972 54884 10535 36344 41413 97387 89788 50817 42779 4426 44774 39875 59455 9995 2577 44045 73415 79855 34307 15909 88834 12599 61296 59948 27672 52525 
56793 30983 1944 37795 77094 64916 92678 87629 17611 34091 1367 7398 84907 44145 28175 29681 371 87630 56027 2947 48026 29441 82801 82332 45350 87987 11282 22997 47934 55306 75522 21078 86288 93817 58872 79734 58732 
51549 83714 92694 1991 1432 92 86898 45577 44618 32930 45947 32247 5308 65246 80273 34748 64398 78956 96449 52384 6590 35798 16669 61895 11319 37746 64534 5135 96617 44267 80219 64518 27980 89264 66508 45764 5707 
69757 91340 50325 19038 53638 82571 24345 35235 79195 75445 99633 74503 88245 68368 81092 24042 85037 42986 51712 22782 23871 73199 35751 68138 69769 16620 12469 59032 83127 58232 64739 69236 65923 15063 4625 35913 13985 
28970 71147 9532 20766 87131 84034 9010 55499 81477 49404 40535 24462 1115 79668 48332 74313 31770 32821 60433 48389 61642 19465 47868 19873 84203 33455 2148 15617 38079 38060 29601 67048 25558 39132 4165 12689 39517 
29527 68187 20993 78930 25073 61806 96396 21092 26490 87061 52862 59310 47493 1250 20951 66957 65469 57176 67511 98923 59323 83127 37002 13734 29080 20401 39291 84563 24566 51979 24080 54092 36517 61424 49373 61589 23230 
45768 82681 49719 32828 35542 25380 96673 53143 46331 79981 34964 19858 47492 33886 95532 46970 70887 9265 76049 7640 48555 76964 32205 16886 1043 2648 53402 78818 68372 31343 2047 14139 14023 51765 63319 65916 77145 
76343 35410 39827 56323 70373 76036 3814 4259 71567 67136 91497 97183 59536 99136 62089 36499 47692 78974 53893 66691 48728 32711 35062 80070 34757 65553 10444 2874 45223 76359 96370 21565 28120 52548 77887 98493 28583 
98053 19103 16501 65188 26951 13683 24723 42439 92123 61222 6482 87449 31466 73173 36176 64176 24586 32597 15285 6490 43040 34510 51712 35750 30879 89628 80221 83426 67515 95065 28360 81919 14167 44860 47106 57470 74894 
71828 16260 67016 49401 22741 54464 80867 12265 6991 61394 36851 55939 93030 59692 15330 27539 11404 67431 58417 17383 47652 58194 84897 42716 86553 66815 73235 47764 30272 30704 39009 18452 46963 6025 67852 86055 76840 
65070 98320 183 42816 51522 72473 35845 11213 87803 63384 38968 55233 21800 56351 2884 96346 57599 61952 82898 40766 35186 47014 71037 82241 86022 89488 29203 8398 57340 31609 1590 38761 29928 1772 81576 81449 74244 
17421 92662 78398 97156 47981 33631 35307 4331 52866 31652 61930 14817 30902 2695 50002 77915 73731 32242 63936 63219 77796 72334 36910 9405 90275 92022 55684 92046 73598 37133 82641 7370 46146 61039 4525 94126 11021 
39831 14809 63886 87835 76738 78703 18736 95784 45056 96650 69514 93650 76937 49084 87797 65622 2345 13553 55896 94367 69237 64293 84316 22721 46934 91685 85218 24324 12561 95695 35344 68743 10503 99229 56577 3592 94283 
75312 99375 39339 88313 68889 49340 65250 34324 37136 30871 36669 50689 3119 47387 36277 67411 31702 75349 14344 39738 60566 55019 52298 72612 90362 21040 83115 5943 77617 3058 225 69280 2433 55915 57593 87673 21606 
22842 38348 58742 70064 75016 25782 73182 38754 78410 40593 70455 53758 71288 10192 30675 26307 78841 3286 33020 99881 2752 38962 93849 5810 55539 63128 24594 27805 20720 12266 49411 59913 50613 24504 46329 41981 66637 
35862 80734 45046 76454 67541 15155 64094 94084 45829 90400 72925 65466 39771 72805 68218 78733 83005 90379 50623 46132 14972 78427 83204 27237 44189 59468 94201 68692 5796 52533 51680 41658 33267 96725 34463 17159 11879 
14908 11242 74059 5307 84166 39525 45078 73322 24094 40162 56326 14472 90784 2458 29443 85562 2013 73031 29751 61480 67231 14794 83628 19764 66474 41637 69382 79550 92451 86540 7781 7359 97781 81839 29017 98299 37715 
74094 71620 61808 30607 27946 76279 37742 46755 22073 23304 48767 95103 53054 26598 78686 84199 10225 14801 50672 68213 534 30222 60664 87073 38002 68022 1205 36192 97038 99503 73907 87484 71123 35714 18090 15420 28345 
55832 62174 50417 95487 10940 61872 64892 37537 40557 49090 64114 55357 99762 32326 55890 46335 92989 59314 688 61010 76870 36879 74400 76373 27137 61883 63847 79203 79972 79266 7547 52155 41439 74315 47641 68730 36186 
12532 22618 93094 77974 86731 48450 94087 35409 20691 40421 44749 96356 57460 22111 73226 10690 96510 65950 37827 58392 29796 17029 54715 9061 40927 23222 50499 31593 70862 35580 67779 99746 58197 60872 94071 44928 25674 
88157 96688 62716 44929 41436 59072 2388 63546 48649 13077 60055 14598 50903 34798 44393 84283 89513 69805 41561 12734 36655 73154 99947 72234 57284 16044 30430 18155 10114 91709 60180 98270 88396 22896 43198 29832 98319 
45585 9729 63319 58662 69784 77916 25916 4581 38660 26551 10445 24816 68111 23178 61470 57616 39477 33703 14899 55520 64132 49406 65634 72193 9585 63903 60588 48832 23453 6771 63502 69037 16500 26820 44050 86283 21087 
86318 7215 76098 29220 17660 913 97330 57189 62382 71298 96665 12436 86196 52185 76568 35601 34170 48760 61538 98072 25699 10369 21524 32470 73871 6913 48969 17042 67314 51603 38129 69983 75169 30578 99202 9180 31491 
12884 66369 10224 84181 79385 22660 70376 47921 15579 22329 82090 80690 83866 96514 6388 10586 34389 38857 808 57653 4177 17850 24967 72131 72330 94949 47300 2907 94151 56479 50749 7034 39199 60973 7566 34936 83632 
94293 82856 99210 16621 81298 79899 16838 94163 2638 43776 44903 57847 44583 2556 62023 78784 43874 50506 67465 55174 97805 70372 65676 70635 37472 89061 26186 98444 96626 61121 98427 90919 60328 13988 23891 41625 93886 
57081 52139 12876 856 97042 70722 61790 99597 49096 40574 43470 99601 8038 14995 13757 94761 80671 84392 48585 69731 26929 47028 66357 88049 61807 73627 48376 75794 13869 6353 86032 70949 58491 98907 88156 55532 69628 
66298 55128 35075 23223 14949 34676 47612 29944 64784 42373 10614 65527 7309 96696 92455 70688 79404 80503 32494 53030 45231 24640 83251 51583 10671 54199 10073 9577 58707 65605 95556 25004 37084 46982 48226 52033 98009 
12189 98328 62793 70913 25293 28319 78221 21988 20774 48909 1392 17628 81402 70773 62858 6041 54023 14440 33063 24574 40865 58991 83280 22821 70898 24635 59904 17880 89212 28288 15888 1400 26615 78680 72313 68259 23351 
50533 90247 60476 15793 7990 78103 13547 78762 57313 35939 32785 88104 69002 73710 28968 27992 73341 51788 98890 97975 28044 16769 3538 72683 49008 4937 99298 44040 93601 83908 67390 60486 74154 27865 76278 82143 22319 
89824 77257 79631 25763 26393 67735 11116 102 13054 39107 73442 81194 54348 71416 9237 87468 91305 81919 36476 12593 97568 80515 6194 81476 47904 66679 71981 92120 59308 70476 14438 65484 47732 94069 7598 74124 78155 
18713 90577 91208 57819 64018 72401 28519 51785 81637 15986 43089 79908 52461 55681 77475 49327 78226 75302 13582 61256 63635 5701 20564 34110 20139 86047 98193 30559 9996 72316 8713 28708 62892 99920 2878 43261 88673 
31396 95045 86661 47382 38133 66568 16194 10165 60395 65521 88391 52048 95454 49646 15682 1155 86561 49791 37645 88959 47983 68203 98954 36650 93267 27661 15893 9538 30539 59153 98210 61934 54197 84871 25667 8681 67790 
41861 35198 28184 23733 23588 80232 19186 89585 12265 20340 76146 62056 74336 65104 26390 42538 64058 79392 52156 91718 95284 61694 22256 70789 76255 542 41337 77477 26208 50018 45267 68068 1567 89802 8152 25154 86385 
27338 14738 98650 64029 90883 77057 38365 72339 19798 97254 36396 99189 49410 28113 10825 27455 66721 81613 20061 83614 22949 97538 9821 89318 59156 94241 90884 65309 18744 32389 68046 46081 47127 66695 10110 54361 60103 
48474 26699 96252 45727 79446 11793 11488 23911 22617 38942 6983 4229 59003 90596 43529 72892 16768 32847 48399 27360 40082 13707 46104 72471 81752 92184 35949 64798 18645 6661 41252 67118 49712 37504 29197 29157 65648 
40684 53067 88264 79626 60049 8844 54980 50644 68724 44223 83764 1570 92621 11123 58004 22679 57226 30474 20783 65762 82774 1932 84406 89434 43184 67876 39145 97039 97072 68302 79038 37755 37720 67301 33732 97769 92496 
88711 64764 61219 49285 48527 79141 58257 76002 37144 80936 49579 83969 18070 15340 66742 20001 16098 56175 79536 83973 11672 92926 97396 79973 71963 35150 34044 39263 68882 31812 48110 73944 12928 9329 39581 77806 88469 
97837 53807 41964 78772 3386 25932 96841 35077 9025 33194 67526 81551 12729 67850 93222 5655 65245 89546 77617 16747 23590 33232 85628 55401 81341 75923 84680 90669 15503 62486 95489 29692 16292 53804 8463 36029 96087 
21656 87458 5111 54849 71335 86662 67577 39185 79883 89583 4429 69429 83552 21175 9370 16783 23154 81122 98123 15429 65802 5144 47283 28287 16984 76974 60930 70788 1789 13311 66874 39796 17120 88337 94644 88454 74998 
78572 27638 71232 84507 48419 57012 68058 85945 66381 84840 25451 47503 99314 57231 13304 20809 4513 57942 37793 97839 18871 24932 99627 48533 8157 39422 65652 96493 50417 54106 71490 45340 98095 59074 29846 46513 16085 
97903 48810 98818 99094 74260 46320 98408 31490 75975 35568 52354 50268 73360 50192 69138 14643 66170 34023 22800 5591 99674 19292 72359 53779 7134 17699 68226 66207 47544 14738 98643 61799 79899 97460 60892 54158 60131 
75651 1999 36105 11219 54353 86372 930 20896 71862 15573 87066 5884 54724 92656 21909 74015 81367 92040 81148 99065 60265 63706 62960 91354 62349 24758 71253 59808 2002 41762 36291 77652 43761 72395 88870 14465 75119 
89800 35360 63332 21724 22425 85567 76447 31433 7475 66813 12799 99514 64313 11863 59778 28018 74822 67484 6718 15932 38736 66526 17933 80497 2816 11936 40609 91562 806 55073 83032 6957 90433 62715 45032 12857 48281 
21478 44289 55756 88290 57087 71621 52602 85301 47751 96972 60123 15234 3689 92406 70321 86566 26690 50817 5733 38625 91426 13647 55782 46498 96678 62738 53282 59393 7769 66139 24025 45598 10427 79780 50240 67514 67753 
