24 85 23
41527 29611 21678 67537 26971 43303 40616 8382 59622 70100 31824 44146 83992 88913 18536 66044 64137 51065 30839 86304 47695 39549 30 79018 88393 13608 15654 72183 96832 5738 83789 54710 51700 5466 22246 78671 48769 62861 87052 24742 49313 35228 68888 33304 40492 3775 99347 4628 54840 46538 7283 18886 2438 7313 97904 7182 37272 13557 79364 50455 19294 63153 5164 87346 68618 43761 66016 33738 6622 69419 58480 55934 4646 43719 89237 45137 47493 4936 66116 18684 67825 89751 37570 70262 13415 
35473 77444 50686 65381 73159 17493 1026 36311 22656 88371 21281 66417 70738 55018 89390 40157 29849 45323 61154 73567 50911 22643 37412 72198 88758 56095 56374 94860 93664 26636 8274 45488 20431 75312 27220 93589 92804 44598 46252 31811 32968 67532 14579 20058 22549 3968 60214 68750 65642 21367 58668 32905 60361 96079 5102 65471 52174 61476 60330 62189 4463 68604 24029 41245 43915 67600 51185 36718 12197 97436 84880 61517 64967 99459 81574 3868 19778 41787 72617 85420 79505 31284 18324 39866 27363 
39777 5336 95888 17604 82017 74428 38418 50620 98456 96014 10886 66056 47199 63955 94604 44634 48835 56120 25953 48293 37693 29820 84422 95831 2436 69841 75336 50071 4516 31553 93785 60645 53240 6024 94600 35256 80452 49370 2228 95259 45383 13113 61314 92581 77068 55918 37215 25902 28389 79519 90546 66082 9338 74967 61912 28125 61160 53599 94547 82027 1503 88332 42671 54742 94355 53623 6350 91158 2992 8577 86417 48374 21689 64082 57307 98756 19999 10873 41009 48388 90391 47906 30821 99728 39225 
92732 44204 384 62683 38750 98762 64185 27081 41433 18927 37788 11407 25276 45297 14398 50204 31713 79123 71892 95795 36429 87000 32145 47301 44360 96884 37691 8618 27704 53770 47842 36788 97973 64577 99470 36723 63338 80006 80155 21122 15284 34294 32528 56911 79591 63277 7114 11303 42400 79006 23449 95180 82357 55594 42481 26716 68829 96523 35333 12885 66645 99526 49672 64617 64102 65493 17691 43792 61850 14198 64913 77134 48491 13793 34044 44433 77069 41158 72088 35820 36515 95536 31000 35223 67481 
73480 78290 36310 86354 29975 65546 52998 29500 15217 33967 9954 97061 51657 53745 58910 82206 35009 52395 30697 48801 86439 91481 42222 43948 63568 78041 96814 75456 9040 32036 42936 98871 10325 95597 85225 40299 61142 54574 69799 92710 88540 79752 6122 56549 49848 65032 38754 84856 33778 85802 50009 20216 93635 92230 64163 57202 70270 60976 49009 79310 9363 91945 78180 19688 3893 79756 59986 81387 34330 46136 90448 39221 42239 96570 12121 92086 77953 67227 93294 11730 69380 43302 31946 63014 51883 
12460 20216 22152 89788 85576 17813 99150 77520 12345 35189 97765 8452 95175 95503 59133 57662 85950 98354 99901 82519 26826 8338 60471 94052 1631 72201 63432 61284 20498 42797 29518 49309 79364 68022 39096 64940 85834 54598 42459 14530 89786 56575 22982 1312 52077 82114 58974 38027 96819 75226 20545 39997 83563 97368 34048 1546 85920 13831 79181 6417 56628 8699 55725 35991 76720 11173 930 78905 65770 59741 93435 71907 32667 32768 73219 84744 31233 48544 39122 44404 23769 76018 84400 7331 73385 
18447 25228 59304 48630 4409 82072 21609 13107 37797 57599 6178 48969 74881 85082 31090 34621 94868 2996 67287 43987 92566 68382 75220 41109 7503 19623 81229 83521 20374 88560 73257 55172 13787 48913 3801 34547 30984 25409 47653 68780 99360 70182 34100 74240 71616 65189 8860 66483 84537 92498 26822 77102 60880 18393 34563 84734 54367 15791 84606 74740 4350 57863 29911 34489 6775 50064 85387 37758 75472 49392 22890 74831 19573 73341 65422 91188 38530 90633 74023 39418 83131 844 16519 60362 35588 
51081 45095 89954 66872 29701 64693 87573 3915 10955 38413 10689 61018 23800 64798 36490 73191 4039 27672 9115 77380 93094 303 32261 83726 90677 71678 83208 7872 4548 43569 43459 71981 5016 33412 55204 34716 14456 42776 38630 25410 97541 65670 86428 37692 46819 39269 27234 50858 83292 36348 44589 76385 53002 76849 76463 43678 64878 59670 67901 85777 19591 11359 57757 24606 61122 12960 59321 91929 72088 14302 17339 69628 96323 20118 23671 43141 59386 50904 93998 42677 3603 38586 35414 56605 31786 
28228 16634 13015 4249 84535 98792 23839 12245 56548 48444 89719 85860 24116 81647 57947 54769 15337 43926 51091 51806 67596 94232 11191 34851 4581 70220 38453 59519 21985 95057 7656 50212 28043 20671 54460 28929 19462 94651 57525 92361 59446 47243 78220 83562 45242 52518 54682 76930 12795 5773 28736 80390 16356 56278 31592 37288 42849 70045 96806 64833 81453 4462 31396 9495 25132 2208 38423 60945 96858 12300 53305 56303 59542 47877 56216 21135 16746 10898 98065 29541 33022 43152 26282 49377 99429 
57874 86664 42278 44270 99822 23462 25722 4283 54858 51569 45766 57065 6343 6710 53922 18642 76366 26576 94536 24242 82792 15670 40988 93689 30086 86880 43062 73237 13161 92438 89018 71034 95453 31295 15303 95274 54756 57377 15908 25965 8945 61673 83029 15287 84734 53302 50281 61100 96230 44816 1693 79021 60485 59032 89061 6923 45911 32122 96511 59072 40911 85528 46457 52715 33174 61760 64341 4282 35488 80248 30246 44432 58273 29627 76070 43006 99280 26350 4105 95509 71165 22150 90881 48002 81181 
79941 71276 27092 28414 67786 86163 85676 53314 32619 38391 86487 10730 2731 7120 46217 99330 37366 7000 73954 83344 83070 16960 82623 25771 37416 94484 13288 59565 85364 61289 57098 65305 32564 84189 10070 16701 86703 95746 70014 35673 34136 72853 46403 53218 79972 8971 68899 33689 32323 42853 33384 15392 76164 16007 57514 13579 10490 70801 89496 95853 32089 46593 77509 81004 47133 87579 97705 33835 83324 84070 85859 33811 73274 48613 3380 69598 57584 72278 19638 89906 15130 53022 21649 91293 85380 
79162 21224 95869 49963 10719 8073 98403 73663 1934 95759 20795 89512 9815 70981 89187 93884 56839 39349 83510 5452 42728 53107 79387 15005 89096 85644 46487 42117 23644 54131 27496 2805 75354 39716 69119 2424 64141 83874 92438 66074 79632 29584 71937 89446 564 77475 99681 73755 16823 83190 95558 59550 52648 91296 74554 41744 76939 37392 212 16934 91523 27708 36090 66876 83775 5209 85652 47915 89082 78089 13988 85065 7673 2276 74510 24588 79750 90542 98342 96572 90084 10251 56121 42731 1546 
47027 826 94836 770 17390 28121 92292 61449 64211 75520 45223 69419 61171 9490 74852 55611 39829 76268 63283 42105 67129 87871 21854 57670 2564 34778 47753 29167 90898 6836 47064 54276 24013 58252 71398 41402 86372 63689 2850 50582 55560 64425 36352 16730 73914 27555 72341 13742 3822 51975 72198 70950 56197 94052 28620 75113 28829 92724 4279 36078 15911 51342 6706 39924 25945 78103 97677 12317 58143 16879 79250 13703 81303 15602 46784 71568 43156 35476 1661 63330 87451 73859 34279 59999 84262 
79250 35111 29442 88326 55741 65519 4236 7083 88576 60511 49379 83030 58188 61695 41173 91418 40945 71227 89072 72898 18010 60639 32405 53486 78651 95734 57288 68861 46365 17286 53122 41966 52397 82563 46643 8137 64434 50879 31571 69361 27741 80950 52391 2280 58996 9915 93697 16292 81141 82768 5541 99150 59758 37946 68987 54761 50031 26274 23621 12747 43560 76743 71065 12308 75657 17707 20444 40090 84937 68367 25803 12678 65668 78193 31309 41015 4459 25006 57307 85599 24125 62847 1100 235 17144 
70087 54995 83527 96360 94967 96273 39919 71709 83689 52226 63718 1396 89022 20159 86332 73740 45961 15361 39407 40505 63022 80421 44963 88027 54079 46913 28503 33278 48013 45089 66773 18099 83 50299 30810 11402 62924 87081 99462 46612 39306 63179 48007 44679 83338 50691 18418 45650 82403 74176 86155 45424 70949 47469 49802 25027 94382 78305 58304 58746 23393 25077 93196 39828 91727 24005 51229 54650 11085 67042 1262 66743 30221 65620 11421 29910 32662 46191 75559 31417 20366 78065 76840 91314 25534 
42994 32693 36267 21298 7348 95012 61042 48776 88207 17221 40503 12211 84801 11504 23296 51843 29117 6390 98415 94737 17810 28324 43750 80352 3882 75166 17070 81947 68358 8383 23832 11351 57427 60098 49000 64775 55109 10041 13550 59667 43614 70404 71877 44766 81908 11524 12960 11024 17913 11374 22112 52075 56049 82214 48778 59931 57379 65847 58229 25736 90582 98412 37086 48008 58509 86085 29134 29969 12478 59036 89635 72443 29439 77863 33560 27698 5739 46520 55074 23651 74245 77185 92077 30294 75750 
40855 90224 33129 6701 64804 75216 13634 63215 12302 61642 38075 14738 7127 84395 43567 66162 74029 16009 95601 51891 65921 39650 57629 12440 94723 97632 86684 88260 6060 16977 64009 63266 23552 97137 86319 4707 88705 99952 84273 1006 77945 38699 32095 85072 23093 75662 51233 97121 8022 63185 65364 73942 2835 39344 2733 13909 53327 5769 2168 59387 39097 66177 22652 62649 79665 25322 83707 68369 25274 84332 85726 3218 23030 34173 4641 46123 26186 55874 59595 34207 35410 24958 24501 38244 80654 
43585 52153 33980 49353 70672 9718 88450 53200 48722 67450 32865 74043 51156 17585 99316 35487 3311 18886 74869 37483 23526 20991 80020 95751 96937 30578 31161 38247 71430 85756 18900 15015 37908 69231 80719 24932 78949 69168 78131 44022 52969 10995 18064 20477 44932 33732 72315 48242 68969 47183 2076 92494 84525 98447 4597 81462 29024 35757 19708 454 21512 54959 15468 75772 24189 96186 703 19489 81706 78833 63510 34674 6180 97926 55150 51111 31657 27465 15704 625 90999 34131 9470 75524 32577 
14066 56985 61600 49822 76692 62053 87686 48002 93872 63457 72190 6410 64159 8031 88115 59343 71540 39140 65522 69465 94290 32984 17473 38106 48687 18097 29104 99169 43919 4627 31745 57984 61611 9697 24158 54654 88101 11843 19007 81973 75299 91197 4734 55809 99227 92848 15151 87118 31987 97025 56583 42628 30008 90407 80733 95047 24856 9837 10567 68774 30815 42312 43109 8778 68360 67266 79783 72812 95460 98790 71136 87110 89986 75869 42918 5564 68716 74421 92681 17055 87797 65615 59682 17804 56022 
56767 29202 97229 82955 39769 66002 13769 98432 9110 22546 83143 92728 2329 55954 88187 1118 27090 75297 7455 2958 34566 29370 88026 25338 38402 21432 13134 4017 97465 47290 76390 54231 76491 73618 37185 32611 55971 67306 31042 81432 6203 14184 74159 24883 70138 78698 42352 13579 70346 49806 16536 4911 95527 4561 46601 33929 25992 59734 54297 23457 7023 47038 94039 83514 37007 47576 32476 92977 31233 63518 74408 37435 94053 48567 62318 80542 43616 4669 94120 13961 70827 27008 35223 66353 47920 
81823 16633 90264 41557 70929 30072 64931 17966 24110 64796 54972 88037 97272 64300 19269 77141 38708 56704 71193 3626 35373 68087 47241 40041 78558 77553 27219 5565 12775 9924 69837 94598 26556 60100 52506 97485 90171 17436 31802 30632 82232 86774 18669 95855 51073 54289 72995 6132 10992 60539 9757 62716 28625 73349 2757 7183 50901 46327 29099 63676 56250 98935 74625 82806 59034 43482 96642 65556 77269 28443 12540 59500 31568 31208 71706 98993 1848 44700 21476 29192 5239 47585 91907 50215 20933 
11015 73749 88186 57342 2848 68213 29943 18134 42837 29100 93520 2670 25741 75427 79938 70536 87966 55790 18455 35525 27495 33799 37373 72195 55275 66564 93785 2859 58470 43999 40143 69485 17748 28328 43178 36947 96540 73120 71432 55728 2220 81303 58397 44312 56730 38335 31199 44695 94124 66006 96572 37970 99804 33944 10164 71430 16859 3948 74288 75328 64299 30783 61164 98398 59110 4341 51696 72002 93813 39479 27729 12384 20782 2478 73047 77511 57164 20598 38557 51287 86603 35128 89256 2758 85423 
15772 74188 2281 36071 64827 93961 16721 95609 55124 15118 54719 75817 83165 43072 85981 22644 70800 98364 43425 73277 87762 37287 46792 8359 92195 98078 94961 27323 3686 97719 29097 35809 88258 31378 88231 53084 25338 4952 65045 96813 36421 19763 88981 19586 62834 74961 58581 49985 89676 18357 39614 77438 55643 86405 85796 64189 835 97109 7863 20872 11179 36960 56680 99436 68337 61262 68871 10026 66213 33915 23190 2634 70029 12171 38571 49214 87131 97151 99199 93159 15507 55164 70596 87501 57920 
56391 51689 58754 69851 59552 95977 81029 12863 69008 80464 81199 30270 65687 7576 96482 99601 30765 15467 69630 42935 54037 35195 46418 67539 50745 39576 99397 5908 26523 86897 80180 99265 54938 38933 69116 30841 51262 50144 43703 20269 46960 41253 50538 12646 65180 63372 28598 95944 95190 14579 55231 49227 49774 18000 33117 518 73927 32514 22778 449 35762 2957 99713 90699 58241 68828 37891 9502 35324 81593 46123 98635 39197 13012 11280 4376 76383 56229 16672 87925 70808 71902 53503 36933 6253 
