77 44 30
95049 92007 73396 90748 85270 54276 21425 47772 42188 45745 64948 10938 24411 8266 35586 15750 81094 34011 80621 94529 40891 6447 33186 18730 58079 15996 72047 49938 65873 30842 69148 60921 39200 42543 68020 24470 96818 5797 72241 55358 51541 37188 66295 92304 
61805 18232 24405 59251 52242 5025 53779 93133 11472 86964 28214 85902 19311 16612 35840 85183 47454 21339 62456 86653 80233 46827 11122 93403 52623 99715 48760 4164 53254 31406 12819 15059 49637 37223 74309 18231 58599 44439 27715 70070 47754 55928 55972 67064 
72540 8163 68599 19993 29501 47406 22997 9733 94232 34119 3135 46855 33833 51894 67370 87086 99651 96540 18496 49288 33762 9156 83870 92360 69946 11584 78782 17699 67511 51105 1115 56402 59267 86065 76394 88767 33470 15743 98499 27701 49861 17986 74555 45 
86231 41924 3482 85882 38463 38330 51521 88576 47485 35390 97288 33783 46973 92421 67833 30835 43525 85299 87237 2791 71363 79982 7909 4832 95724 6407 32533 61936 24392 23439 61980 10623 81715 65462 96504 20177 20143 64376 25105 83979 99765 38744 17761 63089 
31164 85594 93923 91040 70892 97511 93830 42255 77493 18090 63438 89568 24496 95970 51504 65240 19409 13483 75862 1123 95296 88717 37651 15438 69444 79107 99417 69208 34202 33529 48648 81717 35474 58922 72756 6366 56433 82937 64972 33925 1026 28409 23492 41874 
40731 91347 7113 76491 4830 99326 93965 16477 4394 47967 48267 73837 27074 47683 59396 61275 97563 8043 42992 33037 66964 32099 39402 39748 15036 20725 73672 32413 65485 13516 74286 22567 4862 81398 99057 26043 97075 93021 42520 1468 40988 7138 91656 84413 
54820 67403 62039 68734 75445 21382 1770 58761 53481 57523 14860 84868 78247 88532 33632 60084 18399 7918 82650 39612 5667 98059 82007 2742 7431 40878 20561 64770 48015 12217 49182 19186 95971 27573 87919 71416 48954 89689 46528 18786 47211 61387 20005 41810 
66270 53637 1893 1020 61554 894 56984 83572 98952 38990 86313 6383 96219 23226 71152 44233 51794 36686 79770 47764 64258 67688 35531 29563 73728 98410 64701 20939 76149 84705 79100 58770 38341 80992 59790 16246 98237 33125 99818 97189 88466 2482 19923 84684 
25707 7426 45268 93852 60463 25037 57968 41072 9076 93498 70635 82804 8260 35335 3742 84408 36391 99193 43177 74732 80184 19318 90977 94772 68794 7146 8312 57259 9628 28234 58294 51686 52012 3561 61890 12474 44949 19857 53546 54025 13354 40532 36828 21613 
92218 56921 22372 28608 56113 65549 3339 52648 1218 10668 47419 70012 34165 55731 27270 43792 316 85564 11830 52327 5476 73719 64801 50425 93575 34698 4449 23280 75229 57628 61245 83798 14548 83616 12405 70660 65516 32096 39659 66734 59115 87077 53097 93279 
59159 80366 37071 59475 82281 65252 11801 4109 55322 92953 70885 65248 44002 75333 88527 35582 49312 66123 19379 63859 66091 31784 50870 47958 80231 90528 14691 39345 93956 84139 32623 53115 64505 86045 28941 63137 67648 40741 83597 22969 50046 54481 88216 94047 
46165 93095 29629 95476 59217 65359 75686 25307 13494 26555 73265 93724 33434 4307 33068 43742 88446 82043 96856 69302 84439 25796 48790 52087 82888 32387 75055 49285 86867 63271 43332 33032 56365 89312 44859 31933 54670 20545 73592 68164 63451 63208 78239 96885 
67514 27659 40626 72311 9701 53833 57964 94139 95980 23106 46225 78867 71844 37632 28152 75062 902 87835 8093 73618 93498 69304 5550 64519 89848 79141 49034 53298 42348 27273 66534 26214 54931 7159 14876 80983 77343 89192 75121 73322 12297 37698 52189 84140 
91681 96692 59201 8934 878 83646 82551 94375 69301 4452 75245 59148 99945 24279 28797 58644 67903 95331 84857 39185 18841 16085 20167 96184 5276 11639 69505 33924 65688 38045 34415 57368 34736 9967 66301 51965 9964 48851 46339 79264 69655 37936 38411 69599 
62214 83560 28242 46468 78890 29451 85652 97730 45535 5818 93913 67162 33808 79770 17437 99496 17814 51851 56863 68902 78169 39516 20866 88133 4718 67205 83748 74372 21492 38511 43970 83705 22070 88564 46524 959 18014 32175 15040 79900 54344 8953 47061 88151 
5074 80849 3998 22887 49051 77213 91788 27219 16728 12654 31703 37797 96210 15451 12169 17701 70313 72490 17757 92382 77405 64280 9692 95418 12806 24731 75317 83501 50035 38729 88003 55108 35929 92001 94347 84979 69213 86134 12198 2292 15139 60252 40088 11348 
92054 68608 45400 62366 57450 79508 54747 34854 43787 80790 46624 72944 5521 38292 56444 71907 77021 44447 27015 29301 52799 21361 14280 22011 23846 42829 40654 38985 3080 97093 66684 11486 82053 12084 73851 39502 91591 44950 90707 51730 25739 37330 24673 31259 
75622 97469 3166 68994 41915 46532 98294 94713 84244 28925 33075 8089 71753 90080 47073 91185 3524 13757 2670 85576 42192 92872 41429 33782 37821 32136 1863 63560 85817 26536 11170 61438 24004 30687 46783 82270 93570 45077 93334 77813 90353 42760 85902 62106 
32839 49326 69642 36362 79434 88663 38290 21625 81534 96070 71759 35707 44557 73621 15618 30374 16508 26787 8163 56863 73826 54946 39132 67395 16374 48817 61560 6726 91576 47461 85183 24414 13138 71176 77128 92572 59838 31769 30548 57724 27838 2306 9782 72395 
92279 25399 2768 8786 68537 27282 65649 42362 98579 21132 26109 14952 69949 87668 38030 61524 51480 39564 2290 64617 27092 95769 73540 3281 27537 20440 77356 55374 39097 87137 27768 31375 12535 46887 40161 81072 90521 22161 39785 89099 43292 65893 20403 13240 
69912 58432 91116 21391 14347 93405 2360 41438 89173 75899 61071 16709 96338 38426 88434 35435 25563 32554 83161 38097 95792 39673 35520 86312 61833 75305 75411 21477 57549 95813 51068 27461 70596 42183 48851 1294 51939 51210 59084 57463 43461 20154 90523 56150 
58579 95309 7936 84141 27862 91097 38590 23653 47121 74109 9965 25306 49413 1727 46782 23314 97539 14201 50774 84486 56384 99624 85779 24674 67186 44862 98489 26998 65015 89011 83147 39946 84319 91083 24086 28532 98531 79027 52185 45651 53136 78501 70956 18900 
96579 34089 42213 10469 48290 92986 94954 21025 8962 97084 45698 92499 41946 60538 19496 23312 49549 2642 63257 50219 10076 3695 95103 8606 82721 47287 70609 52208 42139 41564 71108 38717 75653 29672 49185 23942 22658 60490 61318 47971 57573 7015 40469 99518 
83905 59964 39182 49805 62605 2438 23 89033 22484 95125 97638 5205 58763 68246 73764 17253 26162 44871 72321 18166 74543 21505 58459 13552 81994 19776 61522 55919 43142 1990 55436 27046 78305 10969 76850 40909 29759 93225 46293 52242 4701 43931 73798 79816 
28528 47562 97068 71041 8784 69389 89206 83326 7245 64016 13229 5591 83791 74750 61509 43285 93091 33296 70330 71395 44265 63532 28656 74023 73108 74948 26264 77808 35230 16414 57623 63758 63975 71043 34798 89110 56783 40356 72436 64027 4371 85664 69617 4514 
76766 31125 47798 69856 80773 34479 57603 25037 98010 86258 99059 87469 77557 41674 65277 12787 74439 39251 92896 54765 26645 44045 43875 83427 84400 16310 47454 5123 18325 33422 9636 11442 80899 73785 97650 61671 8263 55252 3059 22625 41509 18469 10093 19065 
60142 91721 48203 34581 47324 41098 5697 73968 85143 49571 73747 69542 82232 37552 91016 557 70973 651 28350 68223 90787 25999 46245 99050 81250 49303 38026 39110 67771 64470 74527 44265 72543 22729 95197 19866 63827 893 10185 48969 50464 83931 34862 32695 
21482 25878 49603 8807 42880 77953 93381 33667 20303 39626 49068 1553 88928 87093 40662 73051 67914 31540 17315 40456 54269 12511 76673 18095 29755 86858 83415 80218 87140 18276 29265 8622 60505 78867 33780 3385 73171 43512 37051 93474 83137 86118 11378 88417 
89562 68391 77819 57475 99931 95133 14283 54199 23995 90955 88645 53749 77812 88411 50319 64952 6686 79583 89925 67191 58449 40056 86927 47972 83567 23977 41445 83056 26446 69174 71472 32359 37564 49290 6185 37494 60774 20467 8044 1120 11422 13040 54868 5585 
1450 5186 86888 24488 84768 93164 91678 59569 33219 94956 23892 33138 18932 81688 16193 61729 50861 4016 94087 88424 69657 271 42270 46782 37090 50313 47901 64863 79705 2768 70447 81154 24306 73687 5641 25425 66850 13670 1345 16421 8625 25236 65910 43908 
6923 82102 5636 74135 2469 16074 62559 88477 16345 4828 35258 69786 71492 83158 34648 51196 2277 21446 48702 42934 95132 54342 68359 78334 84364 69703 11106 9340 11291 77015 53248 34565 75468 75235 8700 77936 91309 71258 82764 24005 92437 18021 93790 80280 
17530 44789 47828 36158 66234 96529 95444 77718 67222 63802 56051 67937 49856 67156 77277 61146 60522 46876 12063 35989 22110 20762 13924 29770 92019 13039 70126 807 47411 63915 81086 64940 25055 45265 17449 91289 41793 12892 85358 25367 93045 57760 93303 42901 
24915 70579 20398 85436 17454 32460 37776 55916 69573 51699 2037 61591 81089 72163 78749 28499 36077 76187 9790 77484 21451 27238 68772 63244 56482 70481 88610 49526 28240 98264 8778 69506 68843 45528 71293 2648 94339 9068 74915 63912 77118 76952 41854 58206 
49114 36955 86704 1542 13141 96493 79025 34591 40082 64148 14186 96563 34628 19147 62441 62867 17411 87570 32372 2605 49449 3664 21604 60140 12731 96519 40403 89848 89822 82256 64405 38935 35562 51108 40476 48702 47600 35853 99645 4034 100000 30182 16948 50980 
49329 79388 13846 83091 83310 62570 2047 49110 66233 23650 9249 95316 36520 49651 1515 26341 48259 65920 65275 83820 17027 22103 48874 80979 57955 48518 1364 74306 78699 18311 25285 44379 14051 55483 43821 97360 18052 45867 46469 636 85869 72070 95951 22388 
21720 97466 48729 86330 63385 30355 70150 96763 52457 19023 94093 26763 83892 95456 17421 62590 13767 42705 23321 27817 14539 67141 41528 32590 13008 4348 33226 98876 76417 45528 21263 14489 42993 86343 818 22729 16698 87319 35844 85506 6341 29936 12269 90232 
41744 46041 69174 55510 5097 92494 99678 19636 59634 57557 52225 88993 61904 1802 87868 54673 47330 25483 85513 6674 11825 86330 45755 44874 73649 81598 30380 96341 27885 59000 2925 69628 5040 72098 41489 10136 64591 41166 29771 40576 15074 98348 29569 76978 
16501 33788 48002 63830 59270 33514 86856 87447 36195 32610 48672 9843 30559 79051 22536 58443 54402 25460 44423 75793 97557 85911 85929 78499 43429 32051 35426 58502 46750 64994 51831 63251 15134 99832 43432 90755 49697 30287 94553 85892 62896 43225 12086 93454 
38627 34621 68249 93029 60080 12671 68821 73988 98581 71101 52486 58361 19504 87912 16863 66253 69257 68693 29503 84390 84877 72935 91497 50925 3221 86049 36816 82469 29273 48902 92274 84252 83522 60522 93632 43602 73192 78804 17589 88125 49905 86427 46485 69408 
90690 79699 35660 76298 64744 81515 77040 49620 70801 68536 544 74021 54584 53712 72841 209 2613 65115 84460 2486 41988 78091 62439 31532 56894 80028 19656 23150 82806 82492 8909 73495 62191 44569 66144 26934 42435 43183 92905 13235 11718 9800 3607 82654 
79863 92800 99214 82475 57914 83673 1313 16253 78115 63751 47784 51360 60130 83791 74510 42935 66283 83418 32781 44825 44338 98925 88110 3124 58459 97366 16358 86529 23517 36317 69182 3380 29116 68395 85854 3381 68419 3518 19633 46533 67269 67417 97892 27398 
67559 88753 86685 50193 88523 35817 95017 32860 51093 99478 52336 9552 96843 68693 96080 20360 21361 65261 23739 50476 50007 25944 53856 18425 45814 73489 81309 13082 57257 95552 56831 41167 657 59867 91360 89179 95684 2728 38390 63128 2206 90725 72679 15400 
75770 85110 52111 97130 50370 92201 47606 16728 34497 17813 51504 80310 91301 32812 9743 64909 44716 82925 22428 45372 42792 13787 34550 54827 16514 72939 17954 35071 80016 6985 66823 55785 92094 35285 52914 58816 27486 16871 75543 61982 34684 27047 58643 42336 
76210 68385 23597 20925 67661 46024 66296 10452 59810 17197 81630 92675 90136 15936 44098 70151 22920 10920 42287 15013 46204 95200 73828 90041 28423 65723 68374 63106 9121 43368 5441 1682 28104 29037 38959 95765 75060 5254 6216 51221 22451 4198 43896 28938 
20133 4345 15440 43052 31616 57726 74416 94171 69277 64596 84212 97699 46670 68937 60804 72142 12305 82597 73823 40408 11633 12781 36172 3045 34387 58740 54265 73189 62937 14512 2126 83069 35208 33917 42472 66823 7994 33239 60994 93622 97834 45205 91321 60855 
14141 68476 32996 26445 67424 6819 83205 79057 35951 19376 98453 70337 78115 69069 43525 41051 99933 62002 40471 35140 12270 99294 1963 20263 32533 62956 13885 46718 24512 21557 7573 55004 6384 56920 97801 73808 63738 81005 69216 99689 380 67668 86377 94847 
36736 29902 35897 36668 8255 92720 88160 20525 92013 90122 40787 40897 69429 71023 3967 10292 92579 11539 65295 15315 68458 79447 89122 48548 60451 58337 64588 77183 42356 50964 72029 79091 97217 24277 32111 21824 16996 36622 42348 25361 26743 99486 82609 12523 
86861 86575 22814 79439 14465 88108 94753 99275 67555 226 47822 44357 58562 28761 21539 917 96076 9919 96360 93293 34196 44822 31468 67543 81443 73815 9255 24537 89652 91864 37059 76512 78438 59872 72303 92903 64331 83407 92177 48237 83633 56350 92594 42194 
85110 30484 59463 97537 56755 72174 7181 90950 33347 38648 74844 14789 12462 84099 55677 18466 75962 92735 94977 54399 68958 67279 63653 33288 67038 72181 97877 50670 28530 90470 9215 29991 37305 85029 27528 94059 57202 34708 1360 90548 73356 92556 21688 2169 
76654 77364 36986 68967 86450 31963 39717 71759 15593 19722 21399 98982 91902 19275 49651 20432 26096 75218 66774 79752 60246 10653 90163 33800 61713 7874 24347 51420 429 62387 53588 93434 56102 6926 62400 42552 55240 18469 30662 87184 38190 52060 86166 30091 
87686 35816 66874 13781 27385 50000 93533 87631 60652 83695 37782 22364 91568 78480 73783 8349 40866 43723 1782 96968 50648 80534 55871 22239 15354 86532 9422 53543 54944 95587 99985 42629 47755 83211 56410 75139 33210 66294 79121 10213 66340 16902 48929 57907 
95382 39063 66255 36247 99137 84389 49566 49784 64922 21788 72022 80275 8320 97796 50169 79615 93382 50153 38595 41136 49715 95004 16275 99276 77649 11747 25841 43988 28649 74769 1895 24030 30183 84501 76628 29320 68889 26194 79103 50162 64333 67477 46788 89004 
65272 96956 68618 75005 63461 7213 16141 29527 18568 48767 28803 96217 60513 54643 56556 89161 45763 74802 29542 75945 59303 22522 5264 44543 65067 719 11057 29399 84547 57844 18403 66170 71152 87020 41174 50964 10584 73666 80490 29152 22432 25644 41720 99297 
96638 98275 4809 58752 73077 34351 34697 48731 56872 56312 9625 21938 57030 20681 67688 57928 94877 86090 24097 82380 89462 81623 33343 45 55288 30184 45548 94072 72180 87267 93368 68817 1894 98176 27569 74970 48878 78617 40052 22101 34928 49676 60390 8310 
86709 28078 66237 97937 14167 6686 80316 3628 4660 30010 3673 76299 76545 49220 86722 48724 52839 80089 17541 54732 94617 61461 46053 43494 40077 86104 81947 75004 52131 42336 83313 38839 70413 65902 36775 932 88939 33442 4559 9950 79803 24583 86248 56348 
90155 72970 5071 59345 69410 38963 14076 80378 423 76480 23872 40499 62583 22170 15503 14713 64505 15167 69904 34918 97420 23030 35849 2710 56472 56759 12659 36274 97694 15259 8973 4200 4580 14044 63544 73989 53006 93971 54367 53429 70450 94590 93927 33032 
16759 25781 64096 81263 57300 50351 32532 71071 73381 84732 90133 46204 57843 2791 98829 55536 34401 7802 59735 38980 38197 39630 29321 91202 33600 83687 60982 4049 94628 71261 53432 27738 13393 33879 25352 70692 84230 57884 58115 73962 58967 48247 20165 16809 
67389 18993 88696 1790 43146 64782 57121 81342 4411 86441 88896 54362 86479 49877 74762 81106 21137 44545 25195 34530 78424 50547 21573 62653 24782 96039 36614 83748 60637 73130 16909 28026 8474 5604 46167 51620 86738 3287 49313 7500 6080 38208 61862 92558 
4437 36623 90016 25573 81168 15210 76454 75943 65756 14379 54947 90537 10417 7912 90637 87406 81041 23897 15431 5866 45852 77949 73837 32589 81235 23150 40089 3666 77709 18302 96224 82145 71276 86239 24070 68795 1448 16875 44737 83556 31253 99683 90444 58022 
23946 81080 45427 4986 4976 77209 27204 67180 55157 1040 99768 52743 24189 56208 56409 18250 74509 68984 394 45785 55222 40815 14579 73021 57690 59316 56576 88942 75350 47020 63315 99296 44451 25093 20633 65779 2301 47836 32958 73809 65228 32725 42904 89416 
5285 99312 24017 79793 84647 24411 41929 39868 65225 56508 29240 22914 32175 2168 28208 23876 65539 7874 39523 9989 32967 60156 92119 51619 24343 25076 25428 89570 74153 68331 95338 79437 83994 19354 75581 68640 60116 17510 24859 41693 90369 70450 80958 22543 
72617 25517 46418 38155 33391 85941 64496 66357 62448 56614 17975 3142 81690 59754 9064 72194 44436 20753 67982 28429 56458 43562 13420 16574 77423 54630 58266 67791 25080 55575 90333 14048 81092 53103 52203 14482 55395 16698 97190 34194 73311 15164 53687 71352 
91270 62750 59897 35705 83502 27878 80486 39960 87792 93905 72885 65214 64887 47502 33005 6318 3076 39689 20365 84167 9143 72567 98648 64537 5616 95837 15082 95279 27353 68769 82982 18622 31518 42879 70678 31372 87108 51163 87683 74899 61420 60567 56465 26306 
24420 5821 32623 27495 61861 52987 11662 71004 41906 26661 51892 47521 38850 66974 42799 66202 52094 42133 1175 99963 85011 88204 31334 88470 39367 35368 79721 786 12286 36185 43443 36705 58357 76065 64200 20217 45403 92213 7572 87308 18873 59464 51181 57722 
42789 10331 40275 11234 52463 57801 11196 53825 46005 58882 42295 85371 94249 22015 2508 6535 74551 45950 43239 32907 38366 23790 69475 120 16002 93399 3780 51227 52862 54960 8948 12002 81642 49223 23235 50457 7023 34430 4281 69379 9663 62927 54749 3912 
84941 73608 26798 75843 35909 86388 25101 90626 10178 94576 90746 42531 87974 10877 93757 57187 82188 2705 85540 63829 68279 25126 14285 91653 75907 34918 61032 85570 97844 32132 89481 82785 22092 32630 74979 58000 19017 80 64978 29194 11007 72075 88077 98980 
82951 81833 72518 65138 84537 74409 45318 69167 99534 75955 77172 75440 10872 38203 77361 8715 86686 83193 7851 8777 15822 82830 66777 34839 99261 48106 80384 10267 20180 68460 25598 3130 50293 98115 84619 51181 88875 29936 20348 88408 5890 97519 80199 33113 
52073 57560 58180 38758 40752 66030 63887 56574 65211 47015 91412 80823 95120 88147 91089 15299 56607 16686 18428 6899 31152 3046 74431 20026 49333 94778 8433 71575 8648 4984 4687 77072 62543 79218 32182 19646 45248 96068 92571 26810 43082 334 7633 38201 
88481 15073 53499 45087 31759 88278 68337 62910 7675 42767 99288 57007 53897 24072 44933 78896 29055 65972 55968 7949 45189 88149 43947 6788 568 36517 33598 43649 36851 57582 98201 25331 89006 51699 86769 20764 56328 55105 26 64002 14223 99313 37360 68119 
39736 98645 47015 68791 64616 2982 93091 9804 7482 37037 16592 8049 73554 66541 68049 26756 40474 66249 52086 29479 34299 55206 66595 90626 26662 66620 70979 40884 82284 24690 9003 22019 23334 56017 7161 87949 75350 252 97753 99183 37288 30696 7231 27193 
97236 91631 53948 54061 57879 22385 83539 92177 77590 66485 99154 20603 49456 70132 61487 31739 11173 70489 70110 34507 42857 93622 38807 34558 93873 36559 33740 47513 83606 57322 91057 97193 48952 45005 51253 6830 83741 51144 15358 77683 17628 30863 98285 67084 
994 59771 15174 28518 46611 1635 63024 5819 95257 1831 40376 5481 54741 74115 69345 38347 47788 60402 51891 96739 21758 3144 19920 5498 70639 51629 99532 4618 82491 97817 71701 99836 73939 3227 28354 36902 4861 7729 42720 117 9559 99448 5598 80652 
73562 74942 35350 37702 51695 87240 50792 73452 6735 70712 95302 77373 38692 94833 98343 21183 9001 70043 21018 99292 73269 65723 36193 94482 73452 78912 94598 99362 78359 16547 80013 68273 7841 15362 22326 59535 18954 73117 49339 25688 60180 44640 19413 98872 
55824 17755 20054 64825 4149 57423 64116 93770 39498 308 88251 12949 95571 99200 28662 90282 15747 8675 74906 39939 40388 97231 99473 59341 86699 65163 1381 46879 9802 37145 45750 65626 71251 82155 30450 75399 39577 10917 69168 95426 27576 73770 24726 23146 
72970 53388 29779 5068 62062 21036 45006 18801 34618 60830 94494 21317 25993 95874 68195 52146 33018 30296 17771 4268 12450 64572 96018 68378 75488 81538 63804 19415 55307 88529 58913 44628 41916 88691 49695 20329 26079 11052 55482 60696 88234 49975 98364 14226 
45848 82910 82723 95217 13205 494 15836 42006 81417 11853 10384 73257 9742 90539 92671 65049 95419 51583 9676 53687 56626 75723 90367 82704 86774 45848 59751 91359 95822 58115 5584 58021 41024 4659 53237 54229 5152 85424 96234 2920 13629 22969 76176 23370 
29859 85199 4770 25278 36781 30798 78964 9758 6520 69330 92461 9645 31530 52212 1004 27351 10326 22939 85372 67701 27597 54960 21929 49100 56736 34515 52020 70364 73835 44547 10085 3694 29745 14855 28971 82878 62004 24286 92635 84875 9967 1448 10871 41496 
