37 21 2
50 70 21 32 20 30 52 35 5 37 73 92 20 21 22 50 73 86 53 31 79 
29 52 24 91 97 36 30 85 56 89 86 77 9 17 48 91 21 83 95 57 7 
38 28 27 12 78 52 97 82 82 75 10 33 51 1 81 86 82 65 94 71 2 
70 31 19 18 21 39 52 67 47 58 57 74 84 68 3 87 64 84 69 91 46 
53 93 46 34 30 27 98 23 49 52 45 80 70 62 52 60 13 19 6 22 75 
31 57 94 86 44 9 69 64 51 14 16 43 11 49 25 90 99 47 38 50 43 
69 71 4 21 30 68 91 87 41 17 69 98 10 54 93 18 75 56 21 40 71 
63 51 72 87 92 70 86 29 71 28 50 41 84 22 22 3 12 8 44 80 28 
93 89 82 85 58 8 40 78 47 62 93 49 33 31 92 54 68 73 76 48 22 
68 31 43 89 85 6 48 80 85 76 72 25 9 8 82 68 99 12 14 61 56 
15 45 86 6 99 6 30 26 53 51 94 83 45 82 19 50 82 99 34 9 70 
10 69 78 92 36 76 55 1 88 10 15 33 47 73 83 52 2 8 56 5 1 
38 49 35 9 99 68 7 84 76 76 94 96 5 37 31 33 43 31 20 52 98 
4 50 22 86 54 75 46 9 79 46 99 80 32 7 30 99 13 13 26 40 58 
21 45 46 3 77 88 34 48 91 83 4 93 4 89 46 78 86 54 9 32 4 
88 15 10 17 66 22 81 91 62 91 64 58 88 66 86 76 51 85 18 33 88 
10 36 29 7 66 14 13 74 97 16 13 12 26 29 77 99 61 19 12 3 34 
21 91 52 6 18 2 91 87 87 30 49 74 58 55 39 72 67 64 20 35 76 
31 12 56 59 62 69 30 74 71 15 94 13 66 52 30 20 94 17 58 23 65 
31 81 71 22 4 90 85 23 24 13 6 87 20 64 48 40 45 73 11 60 19 
75 77 70 5 96 63 73 53 85 37 36 17 7 57 20 96 93 95 71 5 100 
57 77 15 57 16 12 29 78 71 47 53 99 68 9 47 30 81 99 67 17 86 
35 75 42 7 23 35 1 45 91 52 2 67 66 10 35 77 38 12 99 37 16 
98 4 24 44 86 4 94 52 72 80 86 99 73 44 21 59 44 17 50 95 70 
68 13 79 2 89 17 66 40 53 81 37 56 5 32 41 60 25 44 32 56 82 
30 29 25 2 87 21 18 88 15 40 56 79 18 9 20 34 74 59 38 7 47 
46 11 78 38 22 54 34 53 10 15 34 90 91 87 28 63 57 16 78 96 23 
8 13 31 27 99 57 85 88 63 83 33 25 60 23 46 66 56 51 75 22 84 
16 12 23 43 75 79 10 4 26 84 63 90 67 90 88 23 26 28 85 9 60 
61 20 34 6 85 89 56 59 10 92 26 74 66 21 100 96 30 55 21 66 17 
10 32 58 50 54 84 77 90 92 88 50 11 22 7 48 62 15 6 72 6 84 
97 23 4 48 18 85 54 90 50 70 99 33 80 100 86 63 76 27 6 16 28 
68 37 35 15 98 1 73 21 58 8 69 80 11 16 97 95 69 86 97 91 36 
29 70 36 67 84 63 45 41 78 73 60 66 59 27 16 59 99 36 16 6 5 
95 68 72 43 14 41 80 10 83 67 91 52 54 9 87 17 53 27 46 77 38 
12 35 64 27 45 14 14 12 71 70 6 38 42 100 4 34 31 65 16 98 55 
19 51 15 57 19 68 35 65 96 72 28 83 36 6 27 1 71 39 72 41 96 
