93 91 33
11615 43546 98027 67715 74126 4882 95362 4295 48922 84348 23843 25711 81704 2516 25048 83162 1872 97863 76734 64729 97954 83296 30529 23047 41330 63080 53508 20933 37524 58550 92506 65490 2095 6884 33204 92572 11765 28565 96866 60686 12912 37060 2749 10968 55928 27796 10481 57799 42010 87214 38879 39963 86861 85759 63010 44542 65190 32869 65474 2714 91418 74331 68203 9864 81215 17759 18787 92979 62675 15652 70017 75587 69064 72765 2906 24991 16912 13386 99141 58921 16952 54371 15236 3812 40130 94597 64706 5319 27465 30179 24384 
18882 20862 8939 45097 2076 26697 63883 11406 89371 95886 97774 81309 64949 86890 566 6291 3801 30304 5431 79074 47255 76154 94309 67418 16283 88905 32123 37953 32721 78654 78689 51602 99515 87627 13050 17942 30675 76932 29347 36397 72817 43473 17706 54118 30362 34623 60408 50515 64926 82191 45940 12180 58344 40248 95950 90978 45504 28072 28930 94576 6725 7618 46177 6239 11596 75578 24180 42270 52509 69879 78667 41677 13351 12724 12146 60064 47346 88906 10578 12272 71096 56517 40803 45791 13116 36752 36768 74971 64824 82049 69546 
87900 6019 32074 94139 17614 7651 34670 59884 76511 20900 54902 34540 34250 67625 46685 10666 14970 35590 21243 43593 23037 94112 84396 85179 23579 21147 38298 98550 85970 20347 84447 73870 26365 16521 84360 60330 40523 35381 36565 17034 56281 91466 67925 6882 59090 30961 17547 90412 66551 38790 34004 5939 49253 34751 7470 72831 55898 45767 87732 58219 66113 72179 48440 8829 88699 49151 69159 45573 84532 22075 78958 40812 13541 46882 47693 88982 77843 65240 95745 60745 20381 46101 83035 85985 80851 90504 58815 53100 36271 46547 11319 
18735 18725 76110 43916 23775 25261 29426 69347 26144 51500 64657 66955 81392 11538 30999 70374 5732 12590 66118 66476 32970 28570 65863 35306 9421 56366 94121 62520 8988 57019 90190 44075 92095 66300 87990 15869 7912 33767 1567 50407 85266 66223 33713 66658 94113 64711 53383 99844 77301 35852 82672 26622 64422 48534 61928 73842 21251 72400 52713 30239 29418 42903 90665 37864 25554 78654 70084 49817 12420 71650 223 14037 54225 33935 97046 64689 14997 50428 64532 92297 86280 63555 35271 50701 28440 13550 40894 49691 2301 93606 96281 
48070 36508 86945 85933 78413 81950 56016 28229 10721 44017 44803 24757 14593 95089 38155 79281 10086 88582 60165 18734 74861 23719 54004 41913 52159 83905 82806 18201 86205 76412 30833 34274 29271 17777 36558 7684 16078 92573 52264 26798 52942 13419 67906 67534 8507 22412 46815 18592 10994 6979 37326 2206 47049 7681 44119 15559 91586 43276 50111 94142 19687 80943 44768 65310 98719 81325 89345 31148 90250 41608 74297 43191 55026 58555 10724 63533 80966 57538 82124 91959 80868 35801 10517 44269 43482 70987 59827 35067 14262 9938 45560 
50301 90880 90327 15610 5951 71652 4954 53450 61901 62913 27747 5091 34291 86301 32166 14175 67266 6056 96298 75577 86923 48451 86093 47543 91932 57079 7370 43350 87692 33659 88909 37992 40890 79236 69953 63192 50887 91258 16642 29139 54171 44388 50581 88461 47040 82746 2635 30657 88801 15284 6233 92076 63734 8677 39618 72017 82107 63339 15366 86151 96997 4275 24142 54239 99862 94095 17430 67100 1704 34071 96238 55874 94810 46818 60686 41849 45915 79672 72506 34716 94956 95090 43143 75041 20119 82760 63410 18577 46099 78775 4727 
59447 99401 28869 13685 99262 39315 31115 66361 41018 81537 78950 13244 92699 25767 73929 34547 88034 69953 23404 22749 81260 34846 65891 56300 71316 65002 36061 89892 11100 14836 94619 86899 30588 39839 583 29850 95505 48049 12562 36522 45938 91512 66117 38636 33630 56398 89534 21663 26350 29290 60763 7609 64135 43005 80260 35450 8007 16321 41693 35458 31156 36311 22356 78095 76149 39291 7944 71653 3691 36858 24527 49628 28369 6995 88263 78350 63392 77797 13 89741 7086 77127 13701 87572 20132 93961 39373 44490 10281 81065 79947 
57788 33728 18655 35882 26228 74297 60178 14233 77987 97035 55111 43967 41755 62105 32229 20104 41849 26377 36468 31589 49814 29947 61642 53737 50078 55602 9461 94567 82234 90526 90865 40021 40605 25871 92254 66832 16519 52431 97416 94506 65817 52526 38472 23923 30983 87052 60379 72831 29781 13198 20771 95946 43144 82412 66035 93221 38013 75495 4139 36598 82372 11356 76618 22976 37226 85224 6160 53745 37654 19927 64602 19823 72453 19425 43745 3435 22828 20475 92617 68960 33673 13387 64906 76816 95799 30940 86389 50163 6434 90527 86761 
88806 1882 79730 28133 55460 64953 50644 25556 18959 70571 90157 55133 59375 25933 15229 79161 48760 35704 71777 17720 69376 85163 98977 62543 97313 29916 48931 63828 52701 55810 66940 57858 74043 63021 2343 29502 27974 52986 55057 63284 23556 61565 18416 82930 87497 33644 62090 52609 85699 50218 70328 71426 51733 69304 33969 65397 15571 99251 29224 68271 55060 12515 42481 29103 75536 44823 74956 19861 97808 46365 83144 37716 7929 17911 20645 11778 67906 99087 64386 53605 65656 51065 25030 17388 36720 75350 82785 52290 74601 28360 36912 
29660 40875 79392 75114 32762 24214 50070 52622 22022 96434 52117 59737 20714 70027 96733 48843 54284 12171 29580 24240 77827 80644 65622 95214 33715 40971 94350 86004 15571 22710 39268 61583 79936 18659 36696 12697 42873 86765 65318 81246 99550 17434 57334 20264 3812 54066 69106 74447 82589 15038 98687 60415 95681 64308 71980 29396 21630 66330 31751 37201 5391 71018 15135 85326 6029 51830 98022 48901 54947 79691 46498 54496 13476 3831 91111 33639 74248 76569 8085 56836 91606 6771 33602 3638 87430 5582 49385 9060 88263 81136 62612 
10005 68505 94098 11682 74533 45927 26055 39785 17225 5745 86282 88073 19220 6464 95535 52858 80712 72103 77294 37547 80060 417 87501 50 87846 9434 49434 13257 14048 46921 92220 24052 31778 86317 35733 22662 48596 61787 62447 82172 83883 65080 70244 19454 71544 65779 88663 52255 54233 65956 6153 50645 66372 93653 50694 70570 19438 16479 83826 33485 79752 92398 57536 11529 95066 9620 50542 43661 87758 12988 25833 71640 78068 12428 91093 49611 78206 79755 18217 48791 45711 24369 15787 28434 34374 66480 99003 53811 99310 99181 87296 
95413 91578 61183 23293 86643 87155 73835 46656 74912 86822 72488 46552 81241 1267 53996 47203 95825 50103 65419 44615 12165 6140 60401 40598 56865 43232 39601 27027 58893 38781 30674 54306 30358 91857 77598 33352 79011 67784 80007 70274 54606 68846 33177 52198 70113 87173 99401 65937 37275 81171 26903 49439 87310 3655 90036 44174 63238 45988 87553 22130 84768 18226 92787 31477 26434 86737 81181 21796 54520 61187 92070 25477 46385 25246 77675 16497 28770 77075 98785 66044 58245 42039 31834 61907 45693 38222 22432 8930 84209 9984 47411 
85329 44562 40198 33157 70995 43286 14337 92791 97805 91876 84860 23282 38260 26457 956 54756 55227 94382 69892 37622 68978 11930 69456 47236 73974 24029 69668 82903 24589 96003 46665 9917 40564 3214 59426 11559 46499 73762 4349 44304 81989 5560 83937 20248 48368 1244 91355 3594 95625 61246 41216 80954 73175 27023 28190 63500 51051 14209 46402 75639 10211 9419 1908 50775 12632 77685 78685 59131 67798 99385 19786 49787 21296 3722 70034 69663 4965 61389 73257 16941 22634 30824 97894 12161 74198 42435 75660 41600 56643 38414 33590 
83206 64184 35497 50332 76815 29533 29016 52297 97331 28400 72082 47117 49695 75803 33502 19357 97119 94890 8965 14059 33876 56140 28305 62388 30337 87091 54399 71936 60086 9164 5526 43291 73347 57374 93622 66514 86907 22637 18810 589 67388 90892 47705 17082 83046 97558 52790 80165 92448 61755 10575 42675 17894 55231 21414 64583 42322 75812 52870 2407 1328 74747 45697 91026 32121 55670 57539 35379 78306 76349 52319 45693 83592 23 79126 82989 13932 31915 79505 6379 93669 6432 65405 27915 61662 86818 8849 3983 78982 61718 6389 
80309 36465 68437 71334 84937 24106 45225 36667 18763 37925 88985 64455 21516 5359 59932 20856 19290 91847 16713 42021 1867 23144 7425 29781 84805 10595 38629 5140 5928 16699 11528 86236 69515 96317 73921 54451 20422 19145 91117 39185 57069 96453 19991 94936 1811 79923 32144 21100 88121 48856 79472 89987 71999 3249 19768 73155 13843 74748 78294 19770 7798 6174 22357 77312 2490 12629 48114 39263 48126 55582 94799 21546 52034 14790 32834 70196 11064 64977 7648 99184 30184 87119 5522 2182 90367 41641 91688 20561 32741 69982 56682 
40538 76155 95390 34202 94996 8019 82315 34258 72496 37897 29057 94041 6282 60198 43226 76478 87613 8202 84125 3148 54737 87595 8669 73270 77962 50310 64958 14874 83050 34939 71556 23587 27445 66945 74140 38792 91315 56455 73049 80162 10703 2105 90555 33336 78654 33780 9813 66266 58334 10289 69413 13070 97884 78082 86340 92197 28391 51297 7070 11440 2587 94977 51378 46383 61922 25518 85174 69588 98324 58222 66102 9026 76679 56656 58713 55332 90435 68526 37950 48768 95166 7362 61838 93049 1795 48177 1597 30185 99473 8667 57976 
18411 3643 25706 64793 81916 67575 49966 67856 65898 24539 33957 91275 17569 90612 49987 89253 97398 34864 27202 46166 46382 50915 8003 55782 52710 72531 57379 99246 88355 66045 73574 6765 86039 99279 71557 67955 83205 37874 52162 49102 62412 86118 56728 79981 93081 23066 69233 90478 74282 96434 36643 20663 63700 60997 76444 16409 33527 33822 15655 38233 16218 89228 44997 2257 4858 16553 70211 88062 54426 22372 37163 33190 24841 10242 13170 17921 49659 98754 24750 23940 95187 77745 44602 75238 38741 21046 91647 88620 71219 7301 26852 
87437 12880 71849 89693 17737 4753 76255 5798 75531 14978 59312 8720 56170 85905 21889 90442 35563 20642 15191 59503 32180 92935 4104 7417 48028 41501 15415 36647 29072 22715 79850 16508 51946 68050 22552 69682 89155 15158 75479 64685 46487 51142 73404 2656 37046 11644 93097 72609 32285 24639 32111 80816 17574 52566 4584 65601 10419 19999 18599 39490 59065 14800 72349 11011 82850 11252 80692 88356 26409 72523 53040 89247 23664 26443 91902 77062 38086 1350 49670 86722 25988 98132 83889 43561 50697 88472 25513 77467 24822 60463 33308 
83887 75263 5656 94897 74464 33259 91940 62819 76019 64462 15858 65265 4478 58652 57166 81539 13089 58515 47560 16162 84503 45691 50 44415 12739 4873 86280 90206 29695 46742 23513 13581 22004 45521 24829 12819 95131 16768 75637 71150 97582 7846 36414 18411 82849 9932 99949 12289 68446 63860 28450 69300 9550 44851 30067 22288 66076 16346 28845 95770 63087 68710 25702 1443 14230 66882 14261 9360 83649 6250 96861 97582 30447 33275 15992 13296 43206 15940 41936 28003 79799 70386 97303 5700 31588 43721 44340 97663 60066 73184 9784 
23152 41893 51837 24594 72474 18718 55207 98186 18719 61456 95046 16300 91902 44672 32292 21549 87877 64583 63485 32232 44382 50222 29534 66433 98161 89606 10772 12176 49671 308 21959 89174 58552 90148 13768 47378 8865 85326 45563 27583 46781 56960 43883 55034 17984 76174 92935 5860 57108 56419 38091 1489 22992 83976 84274 21152 73581 11397 49679 39603 11704 87990 28777 70256 78137 58896 17633 3353 44221 79547 30936 7353 52858 91170 62386 70841 83695 71672 93053 40802 28090 47495 58643 67433 47823 42916 4937 37755 54312 54615 77358 
82368 42604 6134 68975 20740 65029 86607 24093 25601 82505 71380 32953 51714 62549 11690 22555 62595 83362 31959 3396 27803 79453 78390 11588 27275 37657 16524 65030 91969 71138 58739 90688 13742 64872 59662 50833 46252 62620 74925 88204 45124 46304 21156 13189 25204 49197 35743 87798 48910 84053 7546 93065 63506 2287 4652 7132 39944 21175 88513 48264 92312 63603 38951 22405 28474 98612 73238 91077 61231 64514 79280 22706 10818 16787 52246 52373 82336 4341 56523 47597 88393 80420 40661 68250 82706 61664 91734 22649 82838 80246 70912 
91502 43849 26214 30258 88674 24825 3495 96103 2407 68009 91734 41464 95178 24873 93710 63902 23560 98050 20424 71156 2794 17195 28169 71044 99901 89832 62777 38901 89022 59374 9813 96875 19574 36026 27132 24600 77203 46979 37054 95961 14987 28787 37425 26516 70011 47486 90417 9922 61887 27193 81078 64680 44387 25598 35723 60639 31781 14851 99540 20802 74225 25704 34028 10150 61729 61160 34749 55283 8138 71802 51244 39476 16941 5020 82343 3303 68857 89111 13225 30743 32655 10654 11774 93394 52603 63849 54032 84383 78699 53571 21537 
69275 95626 55564 79425 57355 33075 30525 28989 57564 18679 96584 13391 51971 1603 95733 55273 70459 1196 84849 17553 33850 11854 29327 27243 64456 93175 81275 65191 88225 51197 86727 57500 46823 58642 53276 20529 8069 83800 65869 81984 18830 62453 95375 70800 64055 7459 42425 50866 8654 43625 84770 42504 55479 14096 86098 36286 7270 83724 1476 11847 34921 4554 69346 98095 79548 22621 34975 87616 22772 843 85951 57954 79647 81325 28753 60054 5136 87529 10919 13789 47506 95688 72644 2984 26136 58742 55621 49757 58817 57097 61603 
93737 78002 30948 8183 57549 69920 59509 61516 9044 76704 47467 66997 56350 45143 12101 16403 50278 15982 27321 64067 63487 39361 53062 66470 65496 28155 22090 15252 86972 95538 76855 97060 73540 24154 21595 31088 10426 81103 8956 19469 57806 56422 86465 14156 1564 14917 30558 68194 30898 74231 32260 94384 29943 1673 77205 95438 46180 15647 27041 33151 11184 20247 46562 1075 60753 68156 48515 71178 49259 57470 90646 23416 30243 93462 37571 48158 24730 84481 16351 55628 75063 64962 66363 5005 82987 43568 442 29166 75566 43834 62316 
86749 80433 8877 4176 41185 93385 52690 12362 42643 26511 19359 66058 73105 12820 19981 21262 53901 4461 37613 9528 79523 18926 75891 879 1912 35810 17672 31077 11375 61505 9744 14475 41937 34973 35002 83121 28357 87691 11834 70999 30553 31192 53408 3657 60363 89740 24919 14264 10552 78883 40143 90074 14160 32385 7304 16072 68194 24975 63500 95920 2832 73244 26747 44768 8216 61748 44241 36572 65791 72426 23922 12695 3618 77329 16352 63980 83421 57622 94595 93972 52856 34738 398 67015 67122 7701 99438 51668 32676 62938 47587 
35507 52533 90685 96626 60748 68785 57218 13671 34575 29644 37592 63621 33261 31272 79972 13592 14692 53945 24539 8664 6800 59276 9061 90167 42749 16761 5956 94416 65788 68893 58355 1294 37777 49039 14272 98524 17823 71489 28546 68749 1132 66137 32370 50744 13761 28693 64336 28452 82638 5226 53467 5789 64501 78879 12307 7249 11992 18263 18017 77779 3507 76371 95425 41284 41761 26048 56159 75936 97536 84705 44684 98668 67193 93405 65763 80953 38450 46450 25757 37439 51675 95575 59579 16175 74454 71886 39776 86445 6500 57792 80575 
26358 50514 92351 83993 92274 18398 40152 68209 32286 41208 29245 47305 8400 39001 13067 5705 77450 59517 31461 31240 11191 43387 90819 27366 17840 62704 83493 20636 85555 57636 17563 11912 8149 9913 95905 16774 44663 52408 84983 76948 93615 30579 24252 18366 85931 37318 24070 63381 13186 71882 10972 24377 15269 1790 68094 49460 80845 51586 70096 66399 9221 4010 94663 33721 30274 6919 50494 74936 59326 51828 68235 69292 98758 8838 87657 84689 62508 28079 64421 75693 16312 75392 69 47932 77182 68162 97392 74378 36099 83839 40777 
61671 87848 51791 95391 34473 58709 62237 25761 18034 14064 93995 3677 12822 19185 91333 97510 81692 35763 78282 73736 52075 53673 90157 16358 47206 74670 13749 21584 10769 13939 62360 88791 18138 30502 534 52611 89210 62770 78371 23595 93185 88717 27271 6006 7901 34955 19867 5944 70718 98148 96032 39144 68173 86188 55501 15378 60857 85602 36961 87977 99540 15672 93120 34030 46173 93653 86640 51734 56422 65010 75328 49606 70078 18950 71964 77979 53905 8182 274 40974 22682 96305 96469 90854 82492 51969 22583 59701 53922 59544 64029 
69814 91567 57148 3843 54092 50800 90482 5825 23573 71843 97505 89531 41920 32806 77846 36250 86710 2379 36524 44035 25060 32828 40503 32265 31672 8824 54848 91372 62745 30743 71752 32558 38661 28900 36400 92752 96051 43233 14929 35976 31427 12433 41858 73347 61590 19703 25948 48300 22081 62471 8686 63493 11651 49189 95757 43322 58012 66956 51045 37108 14050 22796 69666 52711 51695 22417 45462 64098 65650 76742 73 97076 5526 41930 86774 67116 77984 12722 31767 16416 91544 40452 79908 3194 5992 92017 62867 64003 75324 13911 17463 
89374 36707 87128 42084 4753 9544 3897 68850 91545 80639 85274 88621 86164 43555 91746 53279 21538 20819 1397 54306 12363 41849 50565 31908 47840 42581 94775 28195 34257 8685 45657 23630 61743 49136 82065 66496 58679 2313 51697 66576 99303 53323 71548 1819 96877 63293 71449 34767 84112 72846 89072 12826 14694 55988 44733 78885 98569 55859 7079 49177 64544 69087 72806 42638 18222 71222 25485 93253 89886 93534 59828 89189 46856 31375 91007 60084 94667 62455 94850 95130 35300 273 7955 66345 56261 69040 45230 71181 24898 68660 20357 
5793 37747 9514 48431 55968 97087 90267 49220 86972 83800 9047 76160 30655 40421 67166 90739 51440 45973 1940 62921 97624 2213 87228 63969 74825 56267 25550 46005 97516 94209 82713 3309 31955 92226 68091 4275 89312 58357 53494 92635 58509 78893 68795 89163 35665 52312 96253 3456 98284 98193 66377 12260 16757 53604 76228 91581 26222 1777 53937 23737 12337 53001 43397 44292 61578 27839 48566 67241 2548 18411 59875 61056 13655 28669 66570 49320 80981 62823 52775 95616 77367 19151 7875 94123 72754 454 2055 15327 18582 72343 39064 
30919 25343 98812 91562 86920 26651 56479 70512 29198 74889 30386 90253 88544 59055 56822 37863 56387 35996 6989 68354 13362 26140 92581 23836 15245 9386 42242 46924 27968 14584 85987 75238 56278 1150 66799 59549 27800 23277 30060 73349 14517 60446 79953 3060 35852 53127 57274 8590 89122 80615 76943 18836 23106 85875 42671 54702 95261 84913 1625 39580 15848 3963 14817 72126 5113 97967 31674 49264 37595 78086 22613 52111 38531 18917 71523 90734 72043 45148 99323 77517 25762 76265 96352 48867 62140 55374 19921 73752 56638 21545 13331 
88838 25508 44499 60963 46972 42465 8988 96235 80059 3425 35199 32169 41955 54116 3691 32688 42510 65191 32010 20026 90952 24627 32729 56171 3118 4455 76091 76869 61092 97635 6551 49929 39494 51049 27243 86465 93513 52583 99052 73571 56007 34250 22091 14314 88365 42134 63353 47227 7324 11715 67252 14627 36341 16333 70797 55810 20787 63239 49030 81878 77226 55580 48159 16719 22980 91753 19536 16492 44335 18587 6414 16694 69188 44856 31007 57553 86989 94359 4779 10664 6073 88382 41643 58765 4714 28791 14574 25500 92030 79955 23730 
85607 35534 88240 2325 58513 79992 38212 91356 40679 73150 14121 73724 42338 58977 4730 99890 62317 15440 21020 89333 21513 25753 30975 96629 30467 59765 11203 72318 68146 7509 12399 53752 43043 638 72429 17907 96982 10640 25615 54012 83790 39735 27735 26127 15063 48816 42368 93732 64255 79739 99416 2119 21843 30390 98748 68661 6506 26302 40979 74652 33810 53377 44755 93204 70367 17183 27463 83700 44175 53077 37711 27964 9163 81797 70442 40578 30612 29161 34309 11218 25251 50076 13337 47093 80465 28436 15754 3322 71089 73084 94325 
4898 42812 39080 14454 29530 56262 41916 13229 436 94992 67291 44751 20506 65439 31544 61083 12402 77056 11743 23620 18658 61818 53308 82103 58634 81743 14208 61956 52831 87291 56280 74080 46454 11711 88533 75984 67973 46800 5564 84760 41791 89207 45863 78649 54645 93758 39731 83399 70814 67826 7018 89471 29643 76677 87925 4629 74771 2132 66584 27601 5774 39215 18032 52228 50926 22917 44563 35250 69716 66478 36361 27859 55684 82223 6507 26681 75981 62589 26431 63146 30414 33448 68968 76409 26476 56893 81037 1246 59024 63972 45198 
81150 19538 63229 33377 86815 2497 94291 22064 72213 60768 58425 71 32804 56999 22929 75836 49331 85517 2266 12476 15931 52065 81444 92339 78540 54688 89727 79785 13711 53698 24982 94860 73235 88210 44588 76402 90707 38878 98465 79271 15998 73241 95693 48801 46592 18621 24636 95922 4137 43253 8398 36419 95317 6193 45109 73856 60880 34835 53640 90942 4884 78621 2154 94471 83182 46741 70872 90240 1971 85688 69510 17968 58929 65202 83120 21872 83822 24107 17793 4311 67359 42542 40729 62675 65086 85838 36530 25965 20672 6521 16907 
25556 85141 35412 20026 68322 98504 7249 74914 474 92936 44423 34793 68216 9625 34264 90087 9798 58370 24232 14108 42080 83125 54837 4754 48211 40674 57635 74175 77697 64155 7433 19604 65647 42844 55981 50321 41348 63229 25234 58173 72517 69656 9318 40732 95632 43581 47171 5430 18303 71402 35889 60382 54526 90725 65136 2736 47750 39122 93263 41799 3277 695 77754 68923 59891 33735 19243 17590 13315 60828 92114 85831 30484 1431 26563 42467 45012 90085 64248 79666 61486 137 40047 32363 7213 5182 51451 54963 44304 44713 13113 
63932 61759 90866 49206 38001 40952 84801 55590 54267 45628 47704 40097 92463 65486 83011 34930 10497 73095 99177 90162 50932 15665 46561 99647 22878 68094 51097 94192 12397 12161 7304 92680 73919 14521 41886 11920 55473 43038 83861 9739 88665 47916 66187 97480 13402 65550 48761 40250 54996 47937 46764 5928 63602 93324 5574 2831 61417 73022 97022 90166 85182 20677 99197 75452 35197 41082 3723 90669 471 87584 16759 5488 51851 82946 2967 65252 64847 51727 5502 19842 16015 68617 25769 95968 61940 47694 98798 39708 37067 12171 29873 
22248 32847 29070 14052 68044 86503 17774 75064 3326 21709 91823 8813 73560 91120 11779 38811 55966 79857 60664 75807 12223 29280 17928 8191 7571 81973 23340 47279 19040 35511 93503 57639 84709 22572 71690 52752 25427 89464 27816 28752 11172 35990 37564 84731 27109 65694 39894 83074 61902 557 75232 74124 46189 9511 98666 53759 91484 22006 1037 26875 73868 94540 84513 58576 33463 72555 27680 75241 62018 55495 3992 89541 91484 57907 90624 34944 39952 30517 34369 1853 47425 9600 75977 93613 19111 90994 63724 26946 12999 64760 53820 
3218 75651 54684 78146 25466 27238 5825 706 89255 77671 21050 95148 69154 78956 85771 20449 35260 32639 54817 37112 80063 80768 29440 90028 99878 20434 53751 43175 49784 34862 96994 69354 26865 51678 47499 52330 78915 53323 53035 84522 30993 90436 96021 16498 69392 81791 36946 21003 30781 8114 58114 10843 88881 3906 17222 88759 40691 70972 31933 6826 22186 45279 76179 49050 13308 23677 1379 8574 93351 70765 93095 40695 61201 89115 57192 46944 87257 10489 67946 18037 18602 42411 45232 7483 46316 62453 12593 3358 49777 60877 10184 
71962 6155 86362 37363 35814 26391 38741 44388 19741 25857 37482 60436 87057 42949 33979 50352 30205 44468 34649 64594 79421 77060 9825 86903 39727 88629 99495 43085 54757 60372 53268 43070 82878 55981 80432 18692 98723 35524 63079 18464 61381 16912 95251 64789 76212 45581 15141 22769 90048 49789 87362 85821 43200 13538 72723 82927 18518 88570 42363 73275 48941 11982 16344 48170 67962 96776 83213 66685 32299 62643 1500 10031 79555 13102 74820 55766 58682 6312 78534 65082 56100 82247 50902 99300 95784 23624 98578 14302 28545 40940 3928 
77485 52921 20271 42007 37234 33398 25219 3918 82049 87862 21769 92079 83768 34870 66898 55885 93552 89561 50771 74985 45661 33017 25886 61312 45153 65861 59889 75806 94406 17180 79733 88242 70100 16355 46600 7333 49753 88171 27603 31801 76032 49371 40231 76151 593 23481 32035 10496 13041 82805 85480 75053 32174 27717 36364 77326 93577 12604 53131 4334 29783 49215 8928 16234 65569 55527 39919 15321 43697 67521 63473 36080 33243 20056 12230 33835 43536 60617 44330 56576 59773 46161 31629 91946 73877 84344 69271 83806 96948 38753 4491 
43082 87967 13418 75668 53536 85297 15586 85208 28993 99458 65033 65073 32700 85088 93654 82887 28623 70622 43568 1550 30395 6081 33178 22340 79957 33874 7963 80114 30821 46715 957 90254 51034 14374 65921 4569 99670 97858 6128 45015 97315 71160 26439 46367 56247 36444 45605 1221 7066 5524 2771 37460 11604 52300 76151 7913 86173 84113 4378 33345 47180 5334 39951 98213 19708 22223 19133 35729 20081 25260 80743 33747 12772 23533 80113 69018 59977 42069 86591 67042 47593 89361 20853 75548 58012 97003 83460 44185 97468 87838 93881 
44647 9523 33831 59211 45582 56054 94695 81311 92486 19954 78405 26232 49077 1938 22697 34447 78266 81117 21037 45307 28709 26749 82511 20609 84760 79513 4068 45296 93332 8257 55529 54330 34132 5711 13540 79713 78116 8234 61023 70601 44540 55780 13185 93616 74069 35881 28062 52334 33349 65450 13992 62058 92198 96502 99018 76958 92366 19437 38605 2050 44046 94133 56379 78177 99844 69919 57889 77959 94504 35264 64912 55395 91043 78096 65363 81463 30328 93424 33796 63676 58874 64139 42085 51071 76992 41102 44380 69357 60539 99337 71406 
4584 9821 44137 82760 9664 30407 57000 3975 24910 92263 68886 96657 83305 63333 62019 81119 93660 55442 14914 73687 30667 95404 15772 98090 72395 73225 58821 58104 33763 58157 45861 54698 67978 89997 53809 93993 20403 10809 14319 61665 3071 99556 58321 2728 62888 20339 83846 72899 92132 15112 46586 22799 10515 78709 37240 82910 51933 96060 41013 2048 70569 86873 56745 54898 93222 26906 48890 13624 37714 79561 75288 57136 79116 33608 76215 42004 70298 76413 31254 62430 91524 94191 1580 18390 72899 38819 17651 24832 51230 58663 43231 
21798 61888 16327 93047 71461 43232 58289 85084 97297 37849 60372 54433 16964 10331 46999 75319 80629 23411 6573 59410 31286 763 60989 49676 90014 99807 67326 31197 67388 42341 74427 5538 20580 90753 98584 92040 50337 56872 93475 47633 94720 53846 18417 28036 80529 65416 3354 77509 88826 26278 36918 36464 43393 97906 86139 33406 14064 69816 80954 97803 12156 55380 3340 49087 62484 1924 57478 12820 58795 50953 60453 69867 21150 95221 97902 1678 60636 17607 95538 65814 60237 32455 18629 3629 46712 4767 53386 77127 90934 34339 74930 
19442 6070 78269 68528 68553 80192 26006 97725 55339 76958 74529 41557 98107 69749 55810 16137 46737 73416 11674 28902 33652 60481 47530 53632 7192 52296 23369 671 43229 74059 75600 62670 80128 53868 47550 65033 50412 89907 62757 22102 83216 37285 80010 97674 7033 35819 13810 53769 9234 41836 82670 59238 2316 30199 29221 25859 98846 52590 42881 58427 43000 18480 37448 23128 88700 1349 88160 55463 91255 50916 93916 74470 88200 73925 72144 11584 9743 2305 81705 35328 60492 80726 94565 79159 10925 40138 5018 26122 9079 64250 900 
52078 82730 38348 75205 87781 39696 79716 43243 30951 46983 37158 21772 51534 11082 10267 63118 20824 12572 44822 56151 73063 41899 67068 52222 69175 23557 73591 95297 32635 37840 96196 1064 36921 50895 92621 24701 90591 72336 67943 37893 19319 21452 59664 87204 32533 69931 50321 69708 98854 11494 42211 88268 53393 25630 56841 22567 49186 46783 34215 98172 975 30411 99235 37895 81305 8207 78948 88247 80543 63242 26139 16213 84694 2155 3416 33578 88437 70089 19638 3642 97934 61848 91909 67678 3829 65102 90245 53014 11884 40811 67537 
29210 87573 66771 67105 85230 91330 62404 73476 71872 25645 15967 4436 26690 34473 24203 60268 39261 10643 96257 42902 8577 74456 51162 76254 78284 16263 82850 31297 44499 40013 15185 73708 27585 81955 57164 12814 89636 19567 2642 61507 61564 34960 82294 88253 69432 22849 64872 8692 33491 77480 51593 58419 51935 19106 51025 30218 35369 50226 61514 96219 90238 93050 86278 17823 91357 43442 46988 80992 79360 49629 42499 57275 84588 41144 45528 70371 80344 26751 79062 13835 4231 47006 88605 56165 82464 39629 86383 34184 89855 64248 30402 
80092 57298 16679 14266 48654 76472 61254 29645 55832 27234 88495 13106 28174 45991 74985 98544 26334 18088 93958 56520 38670 57315 45125 94834 39778 84753 97568 73961 90959 78168 4362 71051 51817 37393 85316 16822 13864 62921 62818 86047 90155 67665 15505 18328 13655 6841 33223 56340 41280 43532 12860 79949 847 74336 91135 56976 75440 5054 30937 66399 83221 51650 53801 51389 5394 39116 68210 35610 18389 47380 21656 8543 15044 53512 43222 45050 76705 92796 1389 17984 36328 30600 14285 53526 4935 5419 10501 80375 10472 41437 63125 
10045 9439 16925 61433 14832 72392 29643 50441 90780 77022 88449 15674 8417 58312 75247 53466 35016 68043 54854 69352 20722 1806 83636 74247 23092 5406 1099 3466 15877 58888 66590 25921 68326 99866 3706 83157 72258 49700 49950 63037 26721 38398 95063 51489 96709 70309 4954 48077 54703 76159 33780 75424 77964 33767 66022 17408 39172 67121 20873 55048 26008 3815 97321 10685 3680 1026 93841 92289 50725 60142 55326 93797 98539 50388 45285 11600 37048 66590 76028 91751 59100 9807 67174 53416 43573 49548 70823 82744 16668 91695 54143 
59027 11861 51463 69711 31893 68840 79903 24181 35916 40045 95858 29712 54935 62597 91348 66534 99645 57937 58913 91395 17037 68719 74920 70452 12291 24467 41274 11386 57486 49320 65529 16512 77533 33343 2574 25777 2183 98829 66309 38098 55225 62167 84162 10159 24763 75509 93045 24407 49798 51957 32153 83186 20676 7073 69989 49318 31539 27614 60704 89025 93285 42584 21888 70817 75926 40814 12945 94460 39642 79254 48910 94866 41420 49423 21376 82534 41283 14420 23293 91080 82729 55445 90617 3404 62517 60605 69073 10408 88218 46128 15784 
81503 88711 54023 68671 80989 94836 81616 91800 50829 60869 57061 62046 18640 6483 83422 1173 47766 14193 24465 55197 96921 79910 45814 324 58778 22770 85749 69185 10988 31876 1320 8842 20587 55343 93864 17927 66530 75479 9726 17359 52699 66787 79404 71338 89621 79177 72511 37386 93370 13327 92583 90290 93236 54748 6966 68366 77517 92714 53902 4856 40941 55222 30049 77879 10564 23913 95805 77093 15743 21883 10803 68442 5021 6559 39779 94641 85735 28641 32027 95456 41968 40961 85746 51555 12060 9063 36272 89576 18128 90174 10784 
59068 45395 40832 36947 72310 64744 49103 65754 80487 70985 76557 48928 92357 83115 5058 86998 85201 50051 35376 80657 8370 92688 82754 76276 4747 91816 12548 10674 9943 2721 21457 85362 64467 62289 22308 36776 43384 87763 2529 23870 75099 79085 89149 67456 78551 10559 54453 63752 60609 6180 60760 85330 98867 43513 61605 3613 51680 74152 14286 77974 76872 52095 63335 41338 14383 1995 94465 57766 89757 96994 97988 64855 92430 3488 48662 70981 14046 3114 51084 91006 9293 28195 76335 24511 71707 37940 28123 39738 12091 58761 17711 
5315 10855 81045 63004 41589 83039 57469 15706 89147 70814 13693 70354 63243 33533 19015 50575 47578 38481 1658 54936 64125 29852 31270 88636 17910 69209 33110 73999 97652 91870 91709 19318 19076 89106 98673 60664 88496 72493 92722 77643 43306 22766 64348 6549 56298 83362 73475 20228 38194 75133 75163 2319 21336 6432 7306 55598 91993 40415 29596 5996 48637 21305 25313 84064 26762 23985 61080 15257 12830 53801 9251 56135 76566 73598 79035 49216 73312 52510 69443 11505 43994 60957 30175 81681 67388 37480 37278 75732 94247 66874 81727 
42883 4530 7039 26946 31291 47376 4377 62899 60205 58177 72150 32691 51095 45747 11726 310 19058 80587 86104 46915 40932 47060 77089 22612 30799 14569 59890 6531 8815 43115 88257 68049 63996 11648 11346 11638 75375 15723 74536 35579 73899 63037 84621 41345 8784 12698 41654 44193 93284 44109 91107 34215 7520 68196 56827 38319 99116 33068 44849 7930 92534 33105 75978 56529 61104 87323 84518 36478 19397 75405 88408 93296 38442 73029 34640 63577 85726 92646 7769 79010 53106 15228 29576 60626 99775 2754 98944 98890 35821 60144 23171 
28354 9600 15500 1234 70704 19174 2103 7181 38571 77508 95589 48218 15949 84969 99209 79525 70694 8206 3645 66055 61312 35224 95631 21937 34998 14736 37232 50239 66909 97375 89761 11614 6974 5260 12848 94029 40786 14950 1210 79356 8809 13150 27573 24757 98118 43133 20633 85163 51339 40630 51218 29002 75853 63200 67290 27203 77935 4521 77441 44843 18247 83554 72809 25220 88813 85656 19249 29598 16957 36810 25305 25766 66311 69229 66874 64428 12362 87507 49590 80052 28136 17159 9053 20340 96710 76342 47542 90997 80862 41335 52191 
99108 24888 24999 40679 30052 27006 76279 76002 43963 13088 1306 86080 79398 70535 69305 60177 99248 56811 26119 79299 1298 59629 88351 21638 56339 64692 85531 47335 61905 26865 99525 61012 68104 24524 18042 14508 51529 94321 90509 11843 23760 91814 14274 19510 78700 83579 96038 77947 56741 22156 57245 58039 98137 45595 96028 54475 26638 97910 1809 88542 41127 17685 65905 9230 42208 83947 23737 10089 94619 14245 21931 34730 22411 52557 54239 1110 36135 50277 95409 92875 88784 52653 67265 86920 14600 63292 57746 57589 61202 75906 46131 
2328 93591 12035 27909 52150 12333 67998 78590 23303 98594 16873 58033 21004 69429 28623 38466 5563 95251 33874 98437 84035 2878 65702 87306 17477 45345 45052 75066 22898 37309 37548 41577 30899 65934 85838 99401 78267 53835 77990 17921 52428 94862 75953 89784 64290 4576 44601 69852 99826 78474 84641 212 81351 66694 3870 15180 28390 48921 6597 51288 2581 44144 9216 33480 10077 95053 32880 4695 48887 27221 22616 17667 22083 98568 23802 86372 19495 68402 72576 35673 63227 73568 35884 60929 40261 39753 76108 68650 5025 82704 36289 
7606 43199 45505 57437 53276 40557 6668 74322 5796 33888 96937 39814 55970 11857 63615 58694 47703 48368 31269 83375 27946 21188 35611 88874 61448 91715 81334 30097 13092 64037 82738 37049 23588 28242 94485 93215 68798 1152 67536 90945 51391 80825 30758 23713 9033 10724 82406 56735 75443 30026 56462 3388 51213 92072 92262 29012 138 73595 75460 13229 53983 58197 50277 77570 86438 44761 70784 71588 62264 54672 62532 30007 35496 93290 53719 60880 20365 36124 17614 95808 82501 90427 99195 50065 82498 7808 79076 98988 97754 54535 12216 
51737 12732 62493 45658 99169 23605 32794 87108 2221 3817 49640 32227 39312 59281 85945 191 79645 38420 34156 75452 20920 24583 90999 70984 23432 98806 66411 22419 96560 20945 50987 64648 33676 13479 26657 49197 53435 59450 36304 55655 63266 2295 4233 18929 61575 90177 35471 41220 44948 85979 33023 82219 26913 24021 69554 50344 22827 35964 89115 35738 56909 40101 16737 6936 69931 43393 72484 23365 19195 25140 95372 98812 27434 99604 17741 5361 6133 69563 62932 67432 55541 95954 49651 82453 19975 19204 49149 59153 71520 38263 94890 
44780 94715 11626 68067 64645 71370 40551 4361 90564 82042 99732 89376 25827 15688 23468 31187 38172 93030 94118 5603 64923 90072 55253 63727 26398 90809 12875 85550 78680 67489 80439 23459 78555 8416 91525 43199 79785 32075 47560 86701 30468 63643 76076 56295 95682 99543 3833 33853 8924 14303 55808 73846 20726 27412 53925 47123 18220 83151 32672 96899 66992 29462 20357 45546 54229 28234 88745 50365 76660 52656 37065 7128 32650 13140 79774 28332 29034 83606 62184 37958 97908 17991 28155 34985 45403 82079 82107 79974 81582 31130 93225 
48573 60591 29933 94118 31171 58166 99214 81536 34826 51869 18600 58305 84519 48092 38078 29202 77125 38035 91385 31434 52295 25728 59589 87279 87482 58019 69386 83807 55952 515 77031 4524 77458 23316 98642 8628 81481 97855 6515 32658 66076 25115 90962 66946 73206 29039 96147 66682 67074 3883 98116 19368 45962 74056 22998 33443 48426 92383 17250 4378 9250 10632 8901 3059 33947 23894 28038 31780 21749 34553 64437 4176 59667 55399 71121 49224 789 67267 15905 84214 71149 14020 19933 17111 4427 42931 66905 52853 51665 506 57230 
77266 11138 66130 80324 61436 6376 8362 93215 28124 59266 74004 32299 35284 45754 19771 84507 46542 87037 411 47108 74537 30783 67040 7999 35209 26322 74904 4413 77987 91761 61642 55252 2898 44124 51928 80686 50499 76641 90252 94974 35906 64255 43624 71189 10008 63394 72047 72902 66782 72457 20009 41318 19591 3400 65669 71152 46074 40572 75564 24060 32332 53558 95663 51582 97681 47590 48619 64531 40582 38870 59504 76487 3125 19479 64027 13132 82872 36073 2385 66005 24882 22393 7322 60824 42145 72990 31975 88218 29913 7539 28629 
78597 77448 24291 46530 75128 88233 95148 56010 28814 34017 31865 21653 53493 51343 2031 66625 50566 38104 69009 16570 79337 7754 40243 40160 49898 13233 72135 54467 59497 96025 83095 54445 73472 23737 974 64951 28321 96121 20960 73487 46490 52824 11491 99982 20518 13521 82958 71083 51624 51967 87652 30960 76072 27894 87472 42321 57478 59606 96787 33327 71982 96233 87771 45453 36321 88745 26755 64642 1217 47714 54480 47706 16889 65970 47688 53758 79490 30645 24840 47466 98963 28843 94777 91386 73088 82248 33706 46918 58205 46844 80244 
30186 59428 84366 91990 12101 89462 18744 93094 90679 66457 47573 54736 99697 13542 18775 53454 9383 65772 94645 73200 81086 39839 84329 72472 29279 66576 22529 76196 41133 85725 72791 71318 45152 73508 63308 73604 62970 82051 66697 53648 64860 14269 24735 80908 44162 43510 50714 69897 9281 61710 43096 90366 17901 27424 79189 47179 10352 1718 39726 51484 3794 12516 39153 65297 2375 18812 38901 65344 17215 5597 35343 98426 19866 60078 95685 80379 19939 46398 50275 29219 24460 93371 35936 42360 37146 31477 5890 63849 49546 45615 31684 
53339 74482 70837 34987 76856 6000 73887 42200 39566 79484 77542 37991 15701 53971 33676 96079 73909 96425 62706 19479 37236 72428 71767 79595 9573 3243 1836 89774 69140 47450 21457 22478 21931 8645 57464 98787 30997 47703 57338 70562 27186 51231 8553 59238 5202 58580 71668 79110 71356 34373 14941 8592 6800 86707 4538 32725 89949 6374 38850 59088 70175 60306 97917 92106 68951 71732 7244 99947 19434 80933 86860 62971 32163 95412 22208 37364 70343 10228 32826 58051 60952 47766 82994 84104 50824 87531 33180 57124 10256 72029 16211 
96783 32334 30479 5240 17636 2210 28835 33934 37996 9767 20794 966 41929 32557 39526 95645 19252 66105 44822 77302 27056 8939 60295 11159 59762 64177 44338 16885 90785 16366 49447 87567 65052 96277 92806 99039 14838 21640 32973 52833 47758 70118 70151 6038 19026 26028 1682 38277 92132 62855 31930 35539 88145 8576 46698 64258 72753 7387 81142 79889 40105 46940 83807 5156 59568 92964 4194 74406 14603 53518 43590 78712 23635 30092 84749 59013 56119 2783 97289 64602 65637 45571 141 70134 54146 63190 34391 43250 86928 31885 23138 
27032 78824 6944 48539 38392 99907 52733 29149 30861 22602 72738 9572 62589 19182 10673 21601 75300 13455 35241 56254 95443 80811 72746 65576 34957 35935 99967 78206 22862 31851 17696 49894 27026 24639 98432 81769 40898 67516 10917 88110 90118 7 14034 69058 35540 24706 90658 10839 38160 25898 83444 49954 6709 56189 15530 58017 92123 31848 36222 31337 80050 53917 97582 7075 94908 12365 88844 52157 79881 16112 40266 86350 32470 54299 55407 68009 79004 62416 95200 33515 88313 78643 99821 11373 51184 31702 69389 43306 63549 21963 90994 
43598 92231 88575 67024 87138 940 72219 39294 97172 88331 95912 99873 37152 50210 71631 21513 45566 34046 33064 95432 38710 11706 11604 50083 79241 43305 35823 38899 6853 57785 29892 66802 50016 34819 33826 53505 52110 6044 9151 65633 10726 5062 65505 64230 71623 53487 2094 33540 87532 35157 45324 42593 63214 56927 92675 42455 232 44850 81353 23436 2634 27596 90238 52649 62414 40415 6154 14523 62810 31656 80155 89888 36717 62011 70469 8339 15497 72562 58231 19380 7718 3554 61973 70931 60480 70999 29737 77063 15848 11089 499 
34834 38685 7088 87482 1098 63854 9987 31973 26663 41642 12127 32902 94710 74138 3370 19401 5986 75931 77631 25366 100000 97536 3690 70931 58015 74688 667 51430 6888 28108 51928 41721 66792 75367 45554 84241 39220 71893 16213 65882 29886 44692 15136 24596 35181 18505 43996 41166 10788 37978 82883 10787 35513 86572 98069 9879 77612 15088 61308 84499 43195 29587 42571 26338 21305 88124 26930 60524 76368 59495 42758 6254 4186 57893 47201 55718 92749 91196 13235 3536 45525 96118 14323 81037 99041 28743 7267 76652 43830 84927 77502 
3376 30865 20072 29713 52170 24548 72995 12693 915 32489 55450 23520 53026 29694 70720 8743 22443 78267 21977 25978 23791 34446 56652 21179 33487 1747 44798 26490 45576 29724 3992 65304 60588 40415 95016 29109 64962 68010 41802 82229 16850 13603 22100 69875 43297 9172 78617 82091 87438 16946 24420 27581 51391 97424 65111 84877 99170 9908 11367 61097 55983 31710 26400 32923 72124 21416 62031 53438 5777 3832 52018 38979 33787 74117 8853 93435 83288 3822 75525 87078 20767 16296 14658 72157 13719 79768 73386 12888 6028 1104 73985 
62010 32813 384 94932 21288 38151 56963 74725 60280 77146 43094 99258 10932 33563 24462 4366 33202 28283 96242 20279 49049 12538 51288 37558 42608 47408 10943 55496 53435 28398 45832 31796 61210 62567 26728 98849 17070 42 73574 93701 77187 33019 9310 88119 66581 33771 8836 99783 78406 21430 36413 27454 33967 87701 65011 76574 35108 92305 48421 4894 20702 10604 36689 98263 89523 79768 97112 6592 79809 87037 16644 56996 36407 25953 61466 2988 76075 86653 19122 54480 8082 55534 81934 58400 59586 63296 51326 11045 71953 16098 15938 
92654 26702 68979 7269 32576 48746 20732 39167 44907 7768 55810 1902 44174 98114 79719 63513 74188 82723 82634 28668 90805 54520 26953 65556 30457 6600 33233 41502 78552 49331 73791 87558 92384 42769 11178 24959 7867 31909 80477 52773 56028 52638 71026 201 50751 67096 80066 24938 49818 79051 69957 40622 33570 13261 22530 64027 19861 55762 21880 14764 21444 95670 2321 13827 54791 13498 55137 62657 45406 35613 31781 1433 88250 2806 17986 39000 69901 14403 80290 19718 93453 66598 76692 43375 79859 15573 7401 16071 71334 45632 30834 
92778 41301 33155 22956 12443 63004 78093 75099 8410 13705 23231 26194 18307 26036 60531 73658 12288 74933 70299 48358 68386 36897 41401 28112 33107 56973 51864 49177 44658 97495 80010 53787 55147 29516 76743 67590 92520 71187 42688 17281 1243 82271 59826 19549 24658 20357 9559 36946 11641 79857 1655 96378 33105 43055 24489 66211 27 76352 31739 61036 90198 11749 14823 45345 57616 91565 12934 50135 62751 71973 83767 80345 54243 43593 99894 78901 80301 9452 15846 91941 5660 33852 4671 38765 76906 29159 4975 93284 21863 36714 54319 
12060 64814 69141 57404 22429 77057 70337 88916 56159 42310 72682 36504 12904 16274 52749 91804 12926 62200 24001 4867 84211 57852 25889 22975 34757 55047 27950 44392 93261 81015 98711 5321 45828 84203 79076 84608 61260 65765 73523 33770 8074 46205 70273 37329 78830 39373 29133 91756 17924 69485 12974 2135 27337 38862 25109 78445 93908 53058 22837 3521 50424 37899 8841 96251 22101 87916 80859 99712 53680 54381 33482 78105 16937 20106 31786 95767 59479 60918 87522 77402 30402 495 79536 74090 39356 4645 52535 49615 74054 91723 53135 
24478 29621 78327 37080 68073 82595 34290 67785 52626 5023 17618 47083 21959 37723 78868 34077 13553 56137 21598 90955 2890 38444 86842 93332 94151 7838 62218 60118 98244 53940 29604 39073 99912 24283 92504 67984 23229 26794 52120 75854 48168 69737 39288 86478 23812 18155 20555 37364 90643 58504 44670 9885 13300 47864 3216 7450 55701 65433 83919 70296 35724 29875 9368 35635 54157 18224 19970 77385 45017 72090 69590 9536 58178 8878 96013 81989 43384 16567 35705 50379 75071 96726 60263 88370 44589 63478 12171 16642 45262 12442 86937 
80985 42316 12657 16619 96472 30880 52940 90208 92248 41381 59797 18135 99559 85026 14147 97899 28410 47066 49955 78788 38488 46681 39050 26857 7621 18879 55379 24262 64140 67820 27551 45124 26487 40207 78094 22958 87438 31033 29517 96037 88766 89314 14171 4676 90691 44669 18926 19100 91734 68881 14239 30221 31913 53288 73429 39533 88518 28808 63795 52657 12979 91345 14132 39466 47903 92225 78775 51692 39610 24644 64080 28375 30309 78250 49402 20999 22918 68327 40099 31004 37207 70689 61224 85471 40329 34653 25004 28846 79812 5150 97855 
9142 12846 11986 64959 77100 20563 60086 28791 60172 84729 92870 4898 15037 87471 54299 36035 26740 22625 92485 57743 76184 63174 35319 61654 3502 69971 3009 48699 66134 8158 46553 91627 37355 58539 56586 14454 79101 33023 59596 55624 17751 68817 60521 32787 56287 31171 85173 83027 70147 94010 57121 46330 57183 92439 24336 77036 78761 27344 25734 61246 51854 88639 52873 5560 47177 25810 20014 42629 58832 95961 98252 76582 64778 75124 25720 21064 22646 27244 20442 92792 21253 93915 39122 94787 86353 79809 88174 65114 23504 13908 26359 
75357 2546 95583 80917 66074 21392 17282 8702 80223 13242 23305 73156 78019 14780 15227 15435 37425 58823 52228 30216 80075 46142 85689 91214 32495 65497 79387 13960 89001 9646 56670 80709 28543 52253 77977 10968 89996 11610 19669 86571 24852 59325 76078 19222 90456 91305 51008 27880 50127 3236 74448 46553 65729 60136 37766 14575 41985 33505 44886 47337 43150 1556 28045 88045 70160 22374 99012 60155 33983 35033 63077 75186 94357 39155 10760 1165 46811 61767 29044 13289 81354 3491 76193 47083 79979 30311 78009 38315 63815 22895 85651 
23316 24450 30047 11360 10961 52420 10372 87467 2755 45404 50544 77940 56112 6050 5051 57276 52860 66818 2672 82500 64523 22514 58692 27957 2492 89002 5966 57158 52816 28860 42808 92484 69661 89207 3843 96973 57978 30566 84439 60732 92321 51334 55024 48433 57383 60074 22060 26594 43243 41083 9093 7766 63597 84137 35722 82440 73138 58039 39598 42306 86898 82405 34789 72910 87963 54983 69882 45941 85549 54321 6672 77869 5654 78047 42653 79389 38121 81065 5982 97715 22147 31427 5480 85743 15563 57554 68183 88700 15592 7780 47357 
2490 6536 82145 91751 10851 53480 61633 56791 39028 32305 79814 33248 54310 57861 75901 33698 12333 73317 39680 26399 95463 71106 31879 81206 3020 89432 65740 91719 21375 89871 39076 40216 12758 37572 31967 23608 91051 9951 96750 46430 42255 76564 79678 12916 50776 71930 46614 79460 45246 2645 5858 40708 90102 37736 38265 93121 43519 4004 1191 64894 10226 56618 5109 22984 94190 53427 62943 1592 63377 59693 48022 21983 52608 27699 34899 3383 15980 97864 82842 61225 508 88699 1932 6961 42787 56549 81 86305 60552 1271 67550 
87130 74241 89011 26465 68430 42437 89407 86373 22166 65451 34394 44148 18058 78444 95398 21440 10775 93261 20633 71999 10120 9332 90283 17080 52118 46831 17160 54774 23734 34783 38676 10863 9023 44038 37327 93804 2826 43086 80176 24991 8536 30922 85491 26594 25717 97240 64385 36492 90501 85018 24842 620 10701 15124 17700 79170 61954 51211 50295 85688 85993 5322 96550 11367 49359 50229 5170 52185 93314 1698 93527 1849 48971 95369 44794 74687 92609 25531 27530 83109 26900 52372 80 37600 67495 17779 33121 45801 85342 83415 31488 
71334 88737 28037 99053 54447 94617 20574 6631 87930 22271 16510 6131 87593 11878 67276 78632 4486 92806 6161 3946 36057 74884 4026 73656 58731 21804 23128 4531 23497 6543 36018 94831 11631 80406 10235 66077 75023 30808 72708 79304 69431 5569 85434 57023 17446 52710 35654 21932 61867 58167 25877 97924 33050 29902 87931 91780 68058 11059 12662 91554 33953 48679 2736 45583 45437 12970 11659 20459 60130 718 99762 29560 6286 1548 86582 23732 54257 22236 62015 32475 80402 4243 46750 29803 50497 34681 37935 34906 62091 50596 42811 
12395 99275 61899 74329 44711 74868 85987 81521 51349 3057 97634 80908 25694 99181 67490 65777 53437 6077 44143 2264 86478 48386 49013 32632 98882 45 70566 50139 78487 21162 92949 90881 36788 54847 65209 97850 46067 67548 79370 97415 86956 77003 78323 12649 76184 62164 94778 45972 68240 38920 48235 71069 87305 13600 3700 2538 13644 90618 52676 8483 11779 45625 99363 64918 16823 80924 62767 79241 64823 42136 76656 51778 35490 71330 64426 28025 33493 59203 73997 18084 14475 38583 5504 1779 68534 9203 20669 82178 16172 73344 7012 
44302 35320 6374 9219 68495 3649 71985 47735 68471 30472 24390 20248 82314 12071 1026 10338 61915 76580 686 79998 91054 55621 85501 9185 24154 11056 29853 22683 43579 3196 29694 87881 54868 52420 97099 23362 56068 85436 71096 24539 32259 11838 61138 14572 23908 62163 41262 85823 55095 41947 82172 46148 13919 84025 55332 54425 95080 85184 77107 55010 4732 23153 42890 59599 91924 56341 82960 47991 41776 70407 88881 74034 82244 50019 4958 22504 28533 46219 24678 83627 4517 6849 29775 18436 90873 1458 72860 2304 2994 66318 57314 
7725 5822 16555 83675 97745 72895 82986 45736 14670 53392 50968 5056 51988 17338 10013 74491 45871 72583 99168 29497 77099 22368 75623 11886 13241 93433 84745 31896 96426 67415 5561 4150 73236 22116 87824 70981 95010 70809 33068 26032 40552 84035 31087 92539 17725 57451 83381 63595 30033 82548 9443 23483 4916 1418 35369 34508 94850 20113 82755 91275 3879 88316 11776 77115 26783 99599 48095 21792 86759 97514 64175 43662 97900 11613 36201 15624 69063 19581 79218 15447 18481 5013 38930 23396 6430 74298 74255 1279 10762 57009 92553 
14641 45324 4328 8107 88458 20278 56201 26602 23388 70066 90776 67049 67965 2389 19601 99941 87803 55534 79158 3250 74014 522 58531 13761 6951 49180 4367 24581 59941 61375 33485 90933 23051 37812 99039 11508 74441 71591 38109 14180 41656 28885 97581 25973 47625 17181 25913 35427 89066 21422 55028 79431 21944 13558 9543 45246 62737 13909 69827 39030 75284 3311 29962 14686 57475 45353 26193 31915 16943 64302 62447 58599 9538 60027 84571 73514 93559 26835 25292 82625 48256 80320 78407 70199 10229 87950 15445 89318 1858 85271 44699 
93493 4933 91012 8178 62407 36364 50723 94322 53307 15024 73120 28257 40913 33146 29179 30778 26704 56013 56069 25680 4268 36388 4087 90819 62969 92036 6263 52286 10245 7885 13336 3738 12817 4347 28267 75224 40711 78989 85897 94017 10364 59016 22273 67628 8513 51451 98405 35216 7463 54474 60896 28082 7213 81334 18900 70181 73369 41514 38818 83613 49398 52153 3702 78567 56500 48321 53790 97210 27309 56038 7578 54025 31405 46202 21652 39917 97652 20057 91484 21466 90882 52379 65899 98094 33712 84799 68275 23432 26312 23444 23397 
92062 75597 43450 70628 48448 91770 40769 62009 35431 13158 69586 89455 44562 32139 11106 830 29790 47514 92313 67607 38395 61044 49857 36489 11107 34655 21115 50891 77319 44558 74287 85732 36506 34088 56359 1305 25858 13479 63313 61288 26636 49250 67094 87549 81388 78199 4730 27529 42065 13394 11487 80459 74437 61344 33299 1896 12350 54413 52786 6020 15323 43424 91751 51828 77511 64461 69485 19720 77939 32797 97359 20926 98399 64452 24826 96138 59003 29555 40019 1067 59301 51505 97877 33737 29200 31176 51984 41550 85588 21121 63921 
910 64544 55672 69090 58407 20132 38574 94478 14423 87722 91837 35348 2472 72640 76526 98610 31642 22432 38628 49060 81732 6484 46937 31821 52036 94464 83804 9937 80051 4925 73857 97313 85820 29528 82754 44226 66012 37679 38704 80434 41752 46892 32133 44224 19531 8658 59185 67525 31090 14164 16584 12821 20647 79872 44641 72682 74335 44797 82618 70738 49721 72827 84402 51892 2354 67155 12470 68365 21185 67525 65150 62936 14416 97283 7159 50298 5940 66343 17822 53381 80506 50758 82554 17505 30629 43546 6538 21316 88342 5508 92053 
54414 78334 92806 6306 97039 59960 18775 81756 81144 2651 46905 60431 17066 44187 83942 67363 66479 50284 1537 36211 47142 52294 18764 80998 99274 78662 87535 36941 67003 9394 45345 37769 87727 38150 44074 84766 14461 79200 66521 11956 81850 29777 72387 15267 73964 56328 98981 56794 22963 517 9356 86456 69162 44472 67453 84788 23133 71340 21728 90135 97085 83425 27903 84812 21574 88328 85929 36035 83879 68801 64342 82080 98577 36728 97346 88892 9407 12679 62037 32370 29547 71393 35177 98709 15864 18982 83496 38996 6673 21575 45482 
3757 4999 89737 88568 42925 94416 90848 95311 78295 59648 59652 60374 58225 12732 74072 63468 22138 3102 25505 70859 32648 96897 6036 31356 29112 41369 31203 84459 48041 69130 29940 51797 90480 36028 56717 33404 30444 47564 28714 8738 7212 88366 85463 81788 1097 75886 45255 39586 78987 87111 10445 11635 359 32832 59342 29470 74200 90545 13928 22240 76026 60220 90388 66505 96247 47104 99909 26690 94668 44974 51779 18231 49691 37242 16370 67139 29479 77976 6725 8466 65087 33521 36452 65445 66352 95793 11267 56903 2689 25194 95494 
