9 30 2
38468 92868 22131 37453 46863 80270 59679 98897 64346 9232 49627 88154 80855 47893 18484 21737 67697 6114 27962 41540 8978 81541 79378 37488 57107 81936 34148 88437 43344 74578 
88999 98164 83797 11129 51968 30660 7750 11646 45908 72095 37229 95534 76600 18083 59778 95084 56171 43827 17549 84133 85366 26527 65673 81095 80366 39131 63031 14513 43919 22726 
5442 32917 37241 5591 60397 89208 36250 68146 853 82157 56592 54434 94043 33192 88868 70172 44627 45039 13998 62175 45523 15716 5053 27547 96810 85418 66677 76192 16283 10595 
15270 21724 59864 52510 27314 20260 41718 79915 4758 58922 78424 61349 29707 88818 94540 18575 75341 39166 63613 5691 17693 9135 21406 22745 36681 34567 8163 19709 27111 40797 
46655 42380 78872 6518 11241 22538 43130 52958 18804 47887 28232 13579 9235 57938 2396 20127 76512 94089 75644 56476 99779 93336 65610 37536 16081 18642 88454 40595 38350 15564 
97743 1357 74295 76614 24226 85536 99151 67355 54845 17955 15241 83076 47885 40828 41014 66633 60954 33877 60721 52949 90353 76851 46285 72314 14386 78717 90956 19191 35663 45657 
51107 33405 63365 25401 26370 87591 10936 25521 54945 65781 59827 86538 65208 7711 43717 22573 74343 21022 56450 51415 73970 63154 28265 36606 35467 59002 15322 42774 94545 67336 
4783 45651 740 68147 71051 27110 55737 98339 68982 27034 64119 45160 29923 45678 69222 73639 68251 59917 11012 24700 11331 84981 4205 55948 37939 39671 31301 53260 98797 25845 
36948 19931 71495 37687 88077 58898 81148 60166 57236 66481 3551 21354 11640 33473 67031 97214 23463 51633 57130 50826 92684 84812 35806 96888 57111 73744 52911 88412 43356 51707 
