57 41 1
9 42 84 70 41 16 81 5 78 33 31 14 95 63 12 23 20 77 23 86 36 96 80 10 92 27 32 59 83 25 38 44 66 73 65 6 89 46 63 18 78 
45 31 24 7 94 99 78 70 21 63 58 16 42 19 60 68 3 18 3 27 8 46 92 80 62 49 20 7 63 89 36 7 72 12 65 65 62 43 87 82 5 
44 50 99 14 61 18 16 30 20 42 37 17 85 69 79 86 40 85 48 29 73 55 100 36 71 64 97 13 50 30 70 45 79 68 59 39 85 74 21 5 68 
57 73 52 77 51 37 17 88 85 45 12 91 44 47 61 59 43 74 9 72 95 53 3 62 11 93 98 37 13 54 4 22 27 55 98 77 44 14 16 80 10 
27 70 53 25 30 12 67 55 72 91 49 76 93 62 39 37 60 75 50 65 78 23 91 84 20 20 79 86 87 58 95 14 27 48 38 9 11 57 15 34 47 
16 9 91 29 47 27 40 73 28 5 2 50 95 86 70 66 16 55 53 74 49 18 52 48 55 12 10 63 27 43 9 94 4 51 22 50 78 62 75 5 66 
76 55 12 13 76 78 29 82 82 54 82 99 5 82 53 17 91 68 95 86 28 88 89 79 9 90 8 70 64 12 87 92 18 51 4 45 28 84 26 61 37 
8 59 42 41 63 58 31 30 4 68 58 91 8 36 99 50 95 21 65 6 59 56 76 9 60 72 88 43 98 48 80 57 6 73 97 69 82 79 50 85 99 
7 75 6 94 25 55 88 45 20 46 56 75 73 64 86 44 52 81 93 51 12 1 57 84 49 77 17 80 26 1 78 33 27 83 78 51 90 66 48 9 63 
3 35 35 18 73 30 21 53 23 72 16 23 28 51 24 4 67 3 29 19 80 13 45 14 91 47 3 8 46 63 22 100 98 56 18 22 85 38 26 59 9 
41 34 88 91 57 91 9 59 72 27 38 36 23 51 26 21 6 85 67 68 6 18 17 13 35 38 50 25 63 8 85 55 41 73 45 97 15 53 7 38 31 
44 74 5 47 51 26 52 88 44 71 93 61 88 58 96 77 7 72 92 14 56 46 7 80 91 55 95 95 62 32 78 57 57 82 55 8 7 58 95 50 29 
39 11 68 96 58 44 2 29 35 68 36 33 74 16 75 80 62 69 41 93 98 50 50 80 4 9 38 62 3 88 42 41 50 9 89 59 4 90 39 91 57 
74 23 82 41 97 62 2 17 54 47 15 3 48 46 59 56 83 72 10 22 13 2 71 73 90 81 76 80 19 18 88 45 40 70 37 36 31 39 5 84 37 
19 39 84 64 97 39 98 20 100 20 32 1 42 4 91 23 31 22 93 49 9 37 40 30 74 28 12 64 32 48 100 2 86 83 65 34 73 14 53 24 33 
36 24 27 91 66 49 21 87 93 21 48 82 61 29 7 88 41 70 71 88 21 72 73 55 88 58 27 1 10 50 34 45 25 60 35 91 60 7 29 52 80 
28 33 92 57 39 31 97 60 1 84 80 72 8 34 59 65 12 11 26 13 96 22 90 7 8 32 66 66 12 70 45 92 54 36 48 45 66 96 4 18 31 
36 89 90 21 99 6 85 10 31 49 5 4 90 12 11 21 29 76 33 98 73 76 4 8 23 48 26 70 3 43 52 90 84 41 63 82 46 99 43 28 47 
48 31 37 11 93 9 39 20 93 89 92 68 92 100 42 91 77 11 45 71 14 35 54 54 49 36 51 47 30 30 93 77 12 81 39 4 42 30 24 34 18 
67 54 61 18 95 51 94 58 47 65 71 81 18 25 29 5 27 75 87 57 20 15 68 52 54 24 45 83 47 79 52 65 84 12 83 78 14 76 35 60 92 
6 93 62 82 73 18 60 100 4 16 71 19 84 22 72 7 19 6 5 97 57 69 80 68 51 9 33 79 96 44 22 53 36 83 34 9 1 93 8 56 61 
30 74 44 51 97 2 21 2 58 17 58 26 48 77 29 9 61 59 4 5 80 56 40 15 41 100 15 85 59 70 45 88 96 40 91 92 93 11 46 50 80 
3 28 79 32 8 87 92 18 42 48 97 97 88 11 89 39 77 74 98 99 70 37 94 62 27 37 6 90 82 8 69 37 35 99 68 94 86 11 11 79 59 
59 76 98 70 16 88 98 41 85 96 11 74 41 24 52 30 29 41 11 36 61 47 22 60 66 67 97 29 77 75 39 36 2 88 57 18 75 54 58 12 2 
20 85 94 43 36 23 24 29 86 11 89 84 33 100 2 99 48 30 28 75 20 15 76 7 71 45 81 76 55 92 29 74 28 23 69 64 97 44 92 82 54 
32 18 38 84 19 89 83 48 68 57 19 82 85 25 4 81 57 79 35 49 60 61 76 34 81 91 30 24 34 64 29 18 81 19 1 99 7 35 98 26 92 
16 7 28 92 10 8 48 40 43 48 99 55 24 84 35 66 14 58 100 29 38 17 9 56 69 59 14 3 8 39 46 75 97 25 66 58 33 13 50 27 61 
100 81 36 84 15 1 97 24 52 25 61 68 85 69 88 95 82 43 2 21 40 76 69 65 93 27 49 57 76 75 69 75 7 4 58 73 57 6 96 8 82 
8 28 18 76 67 12 10 61 65 82 1 92 50 65 84 76 65 93 3 39 61 30 45 17 87 69 73 45 64 32 26 23 11 44 51 30 7 60 90 72 41 
42 15 90 58 99 18 22 91 20 60 3 49 56 19 88 24 43 32 39 27 9 62 37 4 64 18 11 23 8 34 63 49 48 4 59 98 21 80 40 93 92 
43 93 47 13 32 23 56 15 61 82 24 74 70 27 37 88 89 11 47 22 73 47 70 29 5 19 1 85 59 93 76 53 38 22 65 69 96 20 84 9 53 
59 82 23 85 71 10 74 81 56 47 6 2 68 86 7 87 86 43 97 79 18 49 68 91 65 36 87 37 71 47 89 81 28 11 18 50 20 43 83 27 89 
40 81 57 25 39 95 10 81 43 40 50 43 7 40 7 95 78 43 17 76 32 98 4 94 67 5 66 9 39 92 97 78 24 5 54 62 51 16 94 93 55 
43 35 14 35 94 60 64 88 28 40 71 25 95 65 91 51 30 51 90 73 48 19 97 4 25 10 7 40 56 99 46 50 86 59 36 31 70 100 18 98 91 
41 74 37 5 65 87 86 67 28 58 66 99 6 70 23 68 28 62 23 78 59 72 15 18 8 45 87 59 15 36 1 55 10 37 11 26 75 48 92 55 57 
58 53 15 79 27 82 6 40 56 83 98 79 98 67 38 94 6 96 8 41 48 14 50 84 76 75 11 23 67 65 80 76 69 94 54 95 27 59 34 82 93 
31 60 90 50 50 36 55 45 43 95 45 9 45 28 36 71 90 59 89 54 90 64 74 35 69 68 61 79 53 94 72 36 5 13 85 54 48 39 51 43 85 
95 3 81 74 38 52 64 96 92 69 37 56 43 71 24 62 83 55 15 76 26 2 81 90 86 34 38 76 36 32 60 30 34 41 4 71 44 19 19 35 87 
55 42 81 78 18 95 60 72 9 36 49 62 68 38 47 53 27 74 89 58 33 18 91 25 73 14 20 91 32 7 30 38 48 62 15 65 56 75 88 16 62 
36 77 29 26 75 81 52 48 69 10 33 39 52 9 63 65 29 54 48 35 35 86 82 96 52 99 52 26 38 67 39 26 96 67 51 70 100 54 18 68 63 
2 58 67 10 21 83 38 26 31 24 60 68 58 7 19 8 58 97 45 77 35 70 72 54 72 41 53 26 10 72 40 11 30 6 21 50 41 10 27 71 34 
86 90 91 92 60 98 2 56 94 78 43 16 1 96 87 41 100 64 3 71 4 13 100 61 85 1 1 47 79 23 80 64 12 22 8 24 71 61 31 64 90 
73 79 90 20 18 82 19 81 84 42 36 49 93 97 85 94 97 31 24 72 62 88 35 83 47 58 53 59 89 69 48 61 99 89 33 16 70 3 49 6 44 
84 6 89 32 90 34 81 21 57 52 34 44 86 17 42 44 21 100 32 89 99 44 40 87 28 55 9 31 55 66 26 91 71 14 22 60 47 2 32 4 5 
66 99 91 34 93 86 54 44 69 95 43 12 34 81 40 40 41 22 47 6 47 37 28 13 10 88 11 12 71 14 68 88 65 58 21 57 95 27 52 63 73 
46 75 58 27 66 49 19 39 95 25 37 83 4 49 93 91 60 56 14 25 23 1 89 81 74 97 75 52 49 90 24 94 16 81 72 81 81 91 71 76 67 
7 58 70 56 50 13 67 57 78 91 80 30 32 60 55 80 86 6 28 75 29 74 42 61 97 22 42 39 44 69 57 51 78 79 6 80 91 24 36 20 66 
15 49 97 26 4 77 12 9 56 38 90 29 80 2 78 53 95 16 97 63 73 99 41 51 56 20 93 79 55 12 44 22 12 41 47 15 69 10 76 24 48 
17 5 79 70 82 83 65 49 31 27 21 29 19 23 84 90 15 14 97 78 58 18 90 50 64 56 18 74 83 93 73 51 49 3 21 82 85 85 31 68 63 
3 48 34 26 32 23 92 45 71 22 54 40 63 3 4 70 72 29 53 65 53 3 65 55 75 47 91 59 29 10 74 31 58 7 8 89 81 52 85 4 73 
39 43 87 41 46 56 13 26 8 29 78 63 93 84 89 39 27 48 19 36 73 50 93 79 9 81 11 60 18 14 84 56 57 70 48 54 78 12 32 85 40 
61 99 85 45 88 75 71 87 94 6 59 95 99 89 3 31 51 15 48 65 50 55 73 20 55 78 97 66 9 33 58 70 84 94 66 23 68 36 61 13 93 
71 7 43 11 10 74 61 76 73 77 25 80 1 96 34 79 44 51 87 29 60 56 12 53 73 86 73 8 46 85 1 68 92 95 78 53 68 38 28 93 67 
52 72 67 48 57 45 43 7 32 71 67 39 34 71 12 19 43 71 16 28 23 83 19 18 60 23 37 50 50 29 16 53 52 34 52 60 79 95 19 62 65 
37 52 99 7 15 69 50 86 85 29 60 67 99 29 79 21 66 28 70 46 95 22 50 28 74 9 58 20 27 19 84 15 71 34 22 37 3 23 74 87 51 
34 5 49 14 83 21 79 62 90 77 56 63 26 36 88 86 93 7 65 64 43 79 86 76 52 22 78 74 96 16 76 81 21 76 94 3 96 25 17 37 53 
24 52 30 59 91 15 4 98 31 67 92 10 52 19 13 25 97 87 72 64 62 52 84 90 98 87 85 22 3 22 74 26 73 55 37 63 69 40 12 52 58 
