57 14 3
18634 73886 1170 89368 40845 52173 92617 90869 80235 24229 24032 80480 49442 9324 
8748 99029 83513 28023 2139 8434 21099 66061 76871 86512 82590 17836 74958 86311 
27344 80671 29095 45978 70909 46616 51697 28105 98788 60665 18973 95375 84893 59356 
92206 50687 68679 953 49715 68544 28976 51854 76977 50074 34266 70200 36585 33207 
4387 27894 19517 48082 24917 48611 10411 95825 95227 62108 40281 10366 22772 75605 
5740 24017 34960 14297 74703 19990 15250 40769 88533 44225 92622 81862 10650 43239 
68413 47234 76446 89151 75128 95962 37232 16396 60925 47643 12220 72503 26102 68852 
99220 65225 44456 21312 5593 95767 35608 80295 15756 50857 37416 20641 11433 46389 
2502 22082 89628 87266 85668 82425 76416 77147 78386 29999 93542 55662 77641 22113 
44516 20094 90964 60088 1671 51771 81399 7263 47537 17006 3910 79644 84215 41325 
284 11999 87713 19137 34081 77340 6402 36100 59764 99169 13246 54502 29168 23139 
26515 23160 45251 87383 59606 52566 47470 61276 20688 45220 68538 84576 78577 72447 
64219 62791 13771 80855 91142 17836 16343 25222 95175 39097 77673 71291 38265 90918 
42144 67432 30408 85010 6944 75658 72392 66549 44575 36213 27824 65262 81432 96361 
49837 60009 85160 30407 39151 15282 11261 30292 33117 27604 71865 44644 66700 49537 
32286 21316 56806 74429 5100 87213 75790 12043 79222 48182 94943 40148 746 22766 
5409 82178 35478 71597 58538 20637 2004 97688 35919 29616 44332 85387 57219 32548 
30030 40270 98437 62315 77938 55242 53095 83037 58807 28885 95079 54380 93418 90021 
94528 94163 29138 16288 92692 64615 87885 51229 1604 6240 65269 53874 35855 9600 
39260 9426 58499 69290 66047 56935 47956 43984 12177 17403 27020 87335 46287 22098 
58066 56056 28470 52593 50218 57607 85233 42910 38574 89469 10490 40177 95708 75758 
94050 31562 1709 49661 40987 60208 35302 7034 17142 99610 51017 45670 17012 94389 
33004 79650 16486 91070 35705 61308 60014 2274 35266 61598 45183 73839 51066 55673 
30367 46773 47782 40768 78335 49491 90429 35673 9698 42082 59058 26839 41691 26427 
72509 58702 20815 21864 54703 53652 29285 90407 14959 89299 92681 66577 67248 54215 
56767 18314 26239 87134 65086 74021 44253 59772 23511 51033 11797 33208 93115 87206 
76398 51157 13632 48906 9859 34446 70770 80913 4450 16406 71320 19408 5704 80352 
2336 89304 34566 59103 7617 77157 62588 89054 51177 6840 65178 91039 57873 76974 
40598 67339 64179 16995 18495 94163 82253 44705 28608 69374 25618 33057 85779 13289 
68817 7835 93640 71152 97138 44557 46606 4754 21713 9193 93807 89241 16033 58984 
80279 90257 52309 37228 73947 32840 54223 8793 27002 52827 53498 71961 22200 95467 
21370 7978 25107 6538 15812 18746 77689 29301 79654 24295 34054 1367 49839 44213 
6959 65871 19548 87238 72479 88209 24465 46425 21048 95039 55218 64401 47865 25067 
36361 70064 36885 57730 94394 61991 64267 26557 97088 58308 55858 76741 98954 6263 
94459 48792 66827 1418 31015 2727 5007 3493 90935 45823 66270 28334 57214 21487 
92734 5078 62905 29094 91494 99789 3176 2239 78131 83794 28795 75218 42101 1004 
68310 57406 7267 62769 22550 90445 80538 53564 93171 85544 73408 457 47718 39677 
28790 4931 77515 21523 26361 40419 66969 34206 40207 70144 36444 34689 70289 65238 
9906 28742 82594 78216 86147 6212 57336 25048 96656 37873 78611 89827 39768 68371 
6635 87485 8047 35425 8768 1914 73299 35128 42332 40267 69333 98891 26762 22128 
33579 97051 87365 59837 25792 86310 38052 28290 92521 95387 53338 89177 33259 48300 
95355 89378 16670 1989 76862 41069 53765 1981 59334 27064 53460 1665 83682 39144 
16907 10444 61271 66838 23846 64988 26674 65989 51297 64725 94278 43818 76463 63967 
32994 26073 12267 44700 15450 45288 63040 8663 2708 16805 10644 62041 43868 80455 
80058 43901 19599 13316 70696 97221 80153 94541 62208 6826 76881 13505 87902 87511 
73674 64364 51477 23019 6788 80095 67718 22237 41735 30757 30900 60794 63913 57895 
22835 24132 38349 19244 68033 74299 32559 38728 71520 29064 49621 33727 35889 26501 
63583 40143 14011 53608 20858 81840 76626 27646 61934 60695 49882 20020 7804 97133 
80814 71716 71379 20000 12200 9728 39243 80232 378 88153 35311 71897 17216 84931 
21976 69457 27784 1910 25951 58146 55518 46808 39985 48495 74453 18271 9190 40687 
54642 33345 54171 35455 21412 25550 55454 33611 51629 11048 30194 52006 15553 65505 
23903 49120 66787 45878 34928 10922 64139 60878 69068 19656 24038 25404 68151 98490 
60026 93692 55528 14668 27036 9699 50122 64799 51600 21928 98410 3228 49327 44955 
55233 64879 10459 95487 13999 93598 57716 65278 4519 21855 26156 89938 41510 50193 
31694 26012 65034 8071 19703 36914 22738 63090 46612 89212 27889 14563 27491 42650 
17790 76817 87604 89374 41696 14415 84861 72046 24364 58928 37323 45234 80782 79830 
51524 38644 46374 83217 64655 11408 7639 710 48321 30377 80151 11284 35940 24391 
