47 86 26
85028 67190 58510 48147 79825 22074 32946 8874 9930 34734 49495 66569 50028 18198 50976 14245 54508 23515 85287 17988 34943 24106 86703 78782 87247 30095 59878 66934 99293 64815 59927 672 48356 18437 48818 44532 56862 81763 53406 66792 32849 19252 33360 99228 37449 688 29824 91956 40554 15110 9944 75496 55568 96646 54277 59166 43092 30506 26100 58736 95320 86026 59408 43675 20814 24577 88206 77676 22692 57963 60819 71892 77215 10530 71119 14663 27569 942 22971 68122 32403 49266 43617 4322 62263 14245 
63488 5354 44750 5939 80441 40069 91964 56200 95 29130 80777 4653 23157 3468 62615 327 75359 39829 10856 62829 70844 38425 80122 93814 22898 28876 43079 66515 33198 5341 80759 96685 27046 41861 2623 7486 81929 10938 63686 98376 56419 60814 3028 79575 64281 81994 79901 55991 21823 7109 18819 9018 45533 98940 2831 84782 44167 62261 51296 77364 67601 48407 90400 94646 6619 9374 18483 4899 36664 98520 3274 93082 59333 22653 72657 39965 4647 68909 95955 42821 76017 14773 51838 37901 30064 71020 
22683 90583 33280 90330 67946 880 55088 74698 11877 61706 84071 46711 66605 20734 61583 86230 13816 20915 8883 2824 60880 13529 71732 73186 72701 64101 87959 24538 2001 34374 95557 41035 24956 45188 31365 9254 46067 2804 83951 74295 64510 84373 37357 47466 5107 98939 33695 35274 19854 42577 54449 97085 72457 42532 70270 45157 6632 74580 86046 24985 25306 81602 66019 66613 43141 13735 92218 5559 16539 92520 79853 97400 76893 17210 44865 98351 32500 94911 33624 68705 53840 88072 65789 26296 30603 52411 
87805 53587 43342 73850 78571 84999 71804 44589 51612 14944 74676 60181 20503 91214 52701 16707 4965 29593 50268 49829 27943 82768 61091 77918 51472 14930 82341 33613 57578 12943 86023 45382 82881 45716 19231 61451 30715 7386 22392 98678 22330 13419 58858 42832 4632 27910 75890 9596 57502 26158 75776 1796 8925 53218 79713 60396 68148 78405 94008 42077 7700 96382 87458 90580 58450 23040 68383 5516 30426 90774 4193 52755 4192 79402 11938 25175 23664 87827 51122 97517 30336 43249 99313 39260 96466 95377 
16008 80965 73782 26367 23041 81481 22749 10498 88412 97550 49890 56794 3065 80315 47567 23609 49421 68110 3010 77710 9636 43025 81888 60757 40542 12224 4005 39854 51483 16823 51582 67490 97787 41715 10209 20828 23195 32957 47677 11607 46858 97566 68400 49922 77880 32319 73530 43652 16780 92891 21361 26416 35916 3249 3524 76457 31824 23881 32662 99658 40703 84243 67148 38489 25958 93708 75668 65504 26664 23345 93462 73521 37262 78214 39794 15142 26884 13323 75145 60015 6213 96506 86430 58480 16106 6306 
34936 64281 30186 67597 63938 70888 68192 47437 25728 10501 41144 17748 92356 84159 41092 2170 57679 78353 96735 13824 9846 23618 27146 84991 83632 49711 97848 86414 8190 30305 92719 59478 94585 22904 43426 58522 10143 11617 22311 52222 38469 63454 69969 47177 47613 11060 49346 21643 5765 46080 35467 31962 86049 62612 33304 86032 28674 31151 72445 36864 77807 81515 12693 88743 4418 56118 63617 30912 84087 85927 83134 22555 49380 69454 86083 96992 96866 35428 18635 2630 97859 70453 34591 83907 49416 67895 
69939 78090 15397 58735 31305 9556 40250 43997 98298 61019 114 61914 8283 84200 47840 7768 23107 97220 77221 9189 10563 74086 60969 45549 93067 58827 16001 44010 59086 81769 28256 45376 59858 43652 4110 7514 53207 60711 51510 67857 21730 67975 29770 46364 68527 93962 54131 91633 7533 31351 17173 18095 21789 78141 79996 14855 53320 12348 58864 12405 94116 87119 57780 70325 47123 78241 77838 16681 55304 45699 84537 93385 30026 30659 39748 98552 24620 93878 6536 32152 41580 40060 66598 63368 18201 46593 
78223 87872 58941 37086 276 53056 40557 74407 39733 87679 68999 17570 4359 24302 79621 5248 17686 9646 35906 57433 24549 60525 67662 47436 92676 9242 87495 59273 72609 22047 22218 50831 9918 81158 4269 26545 50565 44825 17303 90297 48855 86302 24219 69565 26955 3839 74812 60993 29836 10717 34777 54384 71241 2439 18171 80268 28032 5665 55893 640 27712 78110 67823 53981 75619 72091 80526 42535 33267 97828 32832 98473 481 73402 68037 27436 77240 42849 88428 23427 53565 23204 94162 41158 41994 12332 
37777 70025 17996 93669 87017 62059 88130 54839 16040 80100 43281 12917 22635 92899 10744 71818 91371 27577 45219 59407 55012 38810 2255 59791 62236 72172 99346 72749 29681 57692 85080 67457 27716 19427 77478 14732 81486 81959 85922 13877 62059 29202 26793 1045 22100 53888 72862 29822 97816 34432 89229 52827 73241 7835 28969 51828 96358 44667 40928 26038 2358 26007 9847 46425 45433 87324 61157 43270 69282 63430 57146 47692 92632 290 48736 31083 70530 21597 77257 68345 72380 82837 37524 45620 90671 82844 
13799 3381 27510 71078 29418 29867 97084 39264 76292 58869 42939 53800 2138 28573 17229 75636 76264 26212 75925 25000 73647 62806 62948 50903 47503 35328 50091 85026 97299 57113 67869 27450 60493 11731 98527 6263 41597 95611 61878 34240 54479 4817 88039 72968 33389 21620 48603 26004 47831 40880 51003 37829 3685 30303 5083 51187 65630 55173 52564 79280 12286 36785 6729 72778 48515 5256 79040 6463 17218 40918 40703 88048 62086 28741 77367 95474 50360 25970 21477 14543 66849 88832 52371 86885 19134 73806 
54424 1115 28978 23339 80394 57615 60123 87123 30393 24989 8730 25784 31452 42299 83053 88506 46698 45138 17246 24064 56963 83958 50033 94792 14852 33233 83623 83574 36470 19108 57379 90893 20222 2709 30583 16967 60323 90706 20441 90715 32046 45522 32851 79849 87820 15903 68354 50869 61041 1952 74933 34355 85909 41317 29146 17112 90902 12768 685 27371 48227 74416 34615 84800 77124 65197 1767 37446 72254 22207 44513 4300 67729 93715 84148 71900 9617 52502 22769 87009 70805 97701 21364 56713 55369 50509 
90176 46270 79629 90860 73640 44207 81627 24606 29007 58750 89803 30773 12548 62056 69331 57060 82707 37059 50774 83207 25311 76742 52060 48079 63751 22864 62131 1466 95928 17499 68326 86103 80121 47954 93314 70112 92161 74941 94718 37519 33690 84520 68291 62589 62927 53973 36000 45634 7384 86773 28840 32694 79867 80899 80772 59969 20114 59254 61434 16041 76752 29759 2143 73224 94065 95456 43336 2577 70396 38053 40095 20438 38924 24737 83026 1850 95061 19026 63835 2444 22150 9026 35137 18368 6276 32260 
78336 26389 91513 56121 42429 84617 2232 44571 57840 96296 56379 17527 15224 43126 55579 71670 63563 94502 96406 62941 12704 91466 98318 76538 10262 36819 1916 45398 55187 8191 94010 33522 34580 85522 5995 77008 86490 8226 37931 44330 20873 94309 61856 36096 37434 33787 7765 17349 44640 20522 96641 73695 28339 94958 66585 54952 31776 68500 350 3314 76690 94359 53188 11269 96232 59182 4629 82722 83759 42559 43403 4631 53219 21610 57078 90652 55396 81194 24352 16388 18067 37344 90082 62757 32301 56666 
17709 80429 25165 34410 94 18207 28768 53281 29475 41351 12462 50455 40424 96220 93013 83826 17202 46231 5436 74279 53235 77183 55472 93938 9922 73538 31282 4 36295 79934 73021 70355 76714 14538 4764 76808 32744 49883 30088 78570 91233 58902 29025 31657 71473 22037 15482 5027 84620 37269 79305 54206 30804 51129 48143 40725 41018 95776 57080 93664 75710 30101 64018 52423 44638 68781 45582 77381 18663 92022 72302 9896 50923 1326 57904 38747 39715 89737 43773 24334 43358 39430 94891 74161 90558 43033 
31237 31575 38809 88317 41591 30870 34769 5608 99644 79406 74389 45226 73138 9403 37247 45439 35650 4521 63117 93553 59619 2831 83290 19744 43516 42999 59173 38406 17159 66082 81438 48395 14008 36598 53063 55598 83819 87831 61206 83463 83588 51946 45040 73077 61348 98638 34868 96998 19510 97984 6902 79128 814 6543 98871 44329 49541 74395 82734 83051 40476 80523 31446 54484 33473 860 10081 17291 88691 87638 17105 88630 39583 62144 61707 17283 77133 96574 30632 96642 10909 37533 92122 11722 44076 90992 
72402 9968 81739 71487 93019 22214 52009 40816 76697 85481 41675 3130 19124 46717 90767 36228 35347 46702 14724 13405 63984 91856 26330 94615 88498 37238 32147 80619 65311 92574 87962 54064 18894 69700 25550 11912 91914 93910 52727 84962 95743 94401 4443 14866 57470 11562 51093 9168 58263 65816 22572 38598 74024 65253 33212 62521 18842 81710 43139 84152 90636 47452 54567 9529 17152 80116 21440 25417 90377 90518 26730 86119 1270 31173 17336 58739 42734 68429 67906 17348 50596 6829 55945 24619 88433 5508 
3491 7274 87217 62981 7777 94204 10433 62343 3732 27584 58810 41523 69352 49187 48392 96081 35305 49662 43605 52641 24752 2690 37421 9010 20037 4368 15838 92333 45339 20623 97840 48829 27896 1409 28162 35673 11964 38594 98015 15696 82529 56825 73570 51880 6011 21962 64312 57667 87975 7917 26659 12726 26958 64079 21735 63347 84799 53925 55679 30137 74547 69871 95317 18794 87631 23478 54466 99594 78423 52481 31641 60951 25657 5211 29182 48019 43524 93494 5685 31498 17762 32344 60575 44719 12774 98662 
8065 97572 52586 80096 44060 43484 49966 55729 62277 53948 95558 33095 53541 73981 85575 85182 34931 27583 6744 80465 75601 66619 90310 97637 14468 8071 46332 75042 69141 59106 73703 77206 73029 42640 73653 33441 86123 23618 5521 64752 93917 1078 97846 47457 75058 99772 48990 26341 43706 72085 23157 19306 38703 13466 33294 53170 21536 79626 44564 7028 55083 18266 84233 44463 60906 57885 94255 63380 97854 99775 44483 91770 853 58680 55579 92262 58451 20920 18602 2156 93005 41758 37813 48059 71575 87459 
1229 93110 67084 62144 138 38518 80409 722 82980 57666 74959 77235 37398 89164 93361 98232 97286 94213 56912 69216 2827 15362 90135 21428 33870 99491 79538 88034 47550 51112 75492 65130 60574 58927 27273 77063 97444 24033 94136 96776 98051 85446 90362 35448 74610 83722 50031 88247 94287 6942 57462 97113 38656 63948 34892 88877 63439 30781 76910 10988 98245 68754 76117 58818 27680 19741 52232 25124 43773 46367 38251 58175 31813 28612 93622 22774 28685 43653 11020 22971 66946 84833 20083 5601 48780 71327 
94477 12218 2107 87739 39557 351 56492 32025 75520 84171 51765 27751 25646 11890 90470 63896 70064 38634 8859 80038 61407 37544 40042 88778 60514 6987 73610 96949 28940 38741 84627 23416 50959 86733 11154 90515 3436 83997 22540 78955 84520 90656 23058 10165 2545 29879 90413 88961 68512 99271 68998 46270 53166 9039 51399 30032 32377 41360 26980 61316 80100 11606 1084 47410 14690 28589 37925 18125 12586 76816 13432 97105 83823 36489 23621 86368 66367 14033 91680 51230 29656 60677 13851 82821 86067 65249 
29204 18443 6608 56183 96111 86707 84140 97194 50469 15182 25782 4745 49658 54719 81560 63089 51823 81734 15929 91796 84453 98647 22180 76132 49876 51835 36808 63726 51008 39226 45326 80211 74021 51933 52746 70131 54992 53237 83676 21812 84770 25809 26556 34428 80528 8115 97516 48702 89848 13445 40497 90653 28443 62677 66784 78319 30863 19944 58396 98222 59169 20074 94785 49541 88358 63882 19671 59701 33470 19698 81512 18240 45507 8067 52667 42386 32533 66534 91087 38733 96330 47936 29385 24773 26964 96168 
19443 74178 16111 77838 72400 91632 97911 83536 41172 2621 47417 77195 62321 80886 96892 43833 99125 42398 51899 68143 84783 84432 51029 92222 23164 47358 40157 52548 72130 83472 48715 7924 57649 81178 85762 30048 72809 24 29935 13980 18996 77351 91174 81317 74589 88066 25149 90065 46815 77047 58208 47950 61478 25588 56523 993 72945 96679 53540 61427 80150 18607 69350 54150 99784 71463 84198 88944 87839 30484 2923 6834 7835 10449 88150 98775 14866 13298 88839 78032 6697 63398 25981 84526 88985 82503 
85519 61930 95533 55410 39708 92034 74016 9057 46184 90151 96872 46733 79094 84710 77216 98369 7895 1402 8817 96045 176 40034 25694 89015 18065 48742 52412 60398 33268 57749 42900 18786 36030 54785 74195 75737 63170 64563 1145 9353 54713 98016 56085 50159 99077 49653 48527 6972 51054 73695 19368 51230 13728 61413 56596 48144 10155 9007 8541 43422 83107 67793 78559 19136 22577 69105 94872 85746 33667 12369 11451 4732 10384 83887 54890 25813 33539 19768 49136 84593 9814 68503 52174 23541 46267 8769 
71684 72773 34127 96577 32546 17234 64369 11104 52721 86945 96561 63945 89042 46579 76313 492 51310 3048 84379 22551 28860 17917 58670 94347 18861 68483 79201 71034 8375 25468 96154 96411 98240 30281 92987 30786 63866 57355 58241 16586 44299 71153 80530 33340 17732 56842 33832 85393 59890 34562 7944 5101 52478 82965 99448 87691 51448 78648 58724 59822 20467 54878 56232 35059 1510 49218 65844 65375 6572 40436 98312 67222 11589 78842 16914 45672 52035 67097 31064 28276 1658 39007 33377 54135 21972 49176 
41825 89771 44175 16901 49592 64642 88130 22176 99700 5991 71393 81895 71365 94317 38682 86028 61538 66622 64869 94803 12293 16904 61899 43357 45179 63556 98715 94907 34043 37038 60434 92219 26808 20961 9119 92752 85602 13600 14927 1653 19590 2671 99899 7306 13339 38580 93334 91229 5202 74554 86031 33846 91457 47930 77202 52988 11485 75917 64246 61879 12954 41032 54098 56114 61992 79568 48865 63945 93168 63791 65597 29109 82813 81847 52767 96152 36778 46100 87380 58331 20653 73410 92177 28462 37691 69378 
97801 49176 61646 62046 27406 74600 3077 81503 30713 81420 61071 95929 45364 70590 59719 10960 16050 58883 9158 68816 55034 45936 14915 58765 20618 51920 32175 12794 96733 86217 98524 94533 51744 60169 72930 79150 34768 92359 60652 81832 73778 38074 77760 19142 25015 53830 46453 41065 12713 55611 26232 84098 17898 57499 42863 38515 9418 91389 51309 6150 77605 49832 17034 45701 26352 89963 24850 61120 82321 1853 59303 56099 56279 37063 75240 81293 7244 21692 38709 36308 93654 81293 20406 11551 38791 79620 
66418 64560 87360 34078 70709 81316 83909 4094 27016 26612 94056 51865 87731 92729 53718 63386 65179 9996 448 40418 7640 24043 78461 62701 60351 88467 43993 97108 17 82783 76727 66434 47342 64086 511 34402 61753 771 38495 88769 27383 48902 40633 31465 57982 10702 94850 23160 37049 11649 79929 61041 35692 58390 23741 12394 46856 67733 9501 63224 66867 2579 46010 30560 66664 62872 64961 44768 79995 19807 33536 23729 85060 90521 71545 43042 1222 66395 66201 54623 94395 62482 15663 46438 20871 55755 
58831 84078 39839 84683 63653 6705 87261 26014 37264 70276 88886 18576 15044 85232 54734 48579 8960 39793 55451 96856 99186 56673 79602 81739 27647 73997 44220 43309 36786 81442 15415 11969 65519 55253 96651 45523 61957 264 71537 15572 70539 76774 34147 1934 78357 88880 66865 3668 45024 22315 523 44210 95339 80125 42300 22985 54121 86519 82645 7258 67960 98059 19226 49830 53311 32229 11704 31619 32492 99592 47190 19382 76365 97688 37668 54721 2919 4532 58388 47943 43198 58911 8504 38537 55387 67155 
77873 25859 53673 76870 33116 37984 74928 68694 4165 44591 922 15868 92561 49765 15460 56103 85498 8176 53790 23165 79249 56709 27696 53988 21003 70894 12898 45858 25782 84636 13012 3654 10494 83036 80523 43610 21019 71803 28655 25183 32745 29576 57402 25305 95692 89213 81407 81189 97389 51549 4354 76637 24609 32049 30624 45611 19294 59874 91468 45075 60861 4479 65081 71355 87514 61955 31316 24884 33757 59970 66418 82853 5897 40171 8158 1588 29384 5916 82776 43124 73816 87129 19760 98424 35530 66735 
44034 54823 42960 51853 16250 3821 72683 97682 91527 76548 59636 22842 1431 93393 99163 84200 92597 5059 24371 754 6646 53754 23022 89421 96877 96837 76550 32988 95261 28431 16074 55646 83253 75386 7499 15854 79206 96533 13535 87084 73081 89523 9925 90863 99267 9087 75063 91863 14145 99433 8969 37142 69538 31990 26562 66414 45178 19463 15753 56790 47893 31826 28788 47498 7211 52638 63351 2768 49170 93238 89851 22250 82760 16127 13113 98378 25213 4527 90240 55709 3959 99208 92850 73496 47549 35764 
56261 9079 55226 88365 65868 19471 20190 11007 66968 43753 63644 46670 46520 12814 56259 52723 51415 55370 68849 80879 53747 10414 85405 43987 66122 89363 59546 75324 79210 7095 27439 51822 16173 99016 40186 98392 18486 76728 9399 1805 20480 73042 64827 83351 2207 21085 36073 53622 92807 4922 34500 46553 15335 36257 6891 97808 41971 82789 89483 21181 89883 16921 89354 22407 15937 29540 20798 50774 22619 46548 52579 43098 35942 17405 26448 38148 54841 78873 8121 47647 146 58973 10552 15480 95229 33794 
29639 37199 16582 19122 74731 22816 52394 64085 45222 68330 9976 82372 19104 32594 28919 88034 92043 81212 5438 18490 19360 76630 13714 43832 24277 13859 19156 51180 45690 14384 84973 75329 67935 17907 10802 42665 40722 63195 23101 2296 47877 49428 1019 83332 82021 46289 71365 74063 27501 93154 8905 46860 86135 38970 7043 26763 52829 26199 77942 98518 56934 79267 90198 24868 97173 17351 83885 54246 96898 6985 72893 44774 72765 73911 44457 54785 20200 32173 45200 47700 41678 70456 10911 27812 9425 17953 
70927 78605 60503 48868 77123 17437 44486 83672 42304 58010 1023 42540 12256 14272 65877 85148 75397 38641 75411 19853 9777 95610 68377 71328 59661 10054 41783 70571 54217 67560 4875 25143 46164 65378 90363 39638 99166 34848 23310 57821 92858 40684 361 21465 54955 66237 22964 30351 21229 98374 66555 31005 93983 34931 2333 53643 61336 60467 40565 31904 28026 45440 73399 74190 27169 63761 13827 26334 14960 53488 84154 7817 94171 866 29281 65477 83454 52245 12179 4682 66970 78733 52039 77305 30015 54371 
47299 7702 31189 87864 39606 59215 49655 29356 33404 93175 93116 63582 19508 8075 17070 20013 32244 11240 20879 77876 93069 4332 46472 5247 25366 13442 83980 77404 7098 30346 48126 54396 38048 79314 58611 94005 38528 8265 23360 88283 1439 32827 68217 37298 57253 85286 57311 89496 12877 94541 83724 5945 15224 30195 11192 40589 59988 11523 34344 67085 58220 82469 21481 96267 78135 96443 6623 33014 4708 29982 21297 22498 62808 89513 76148 36413 91150 49810 25908 4026 44350 25983 26323 75925 56178 53866 
32866 32517 65388 67209 99602 23607 66030 37434 36226 44164 33876 42848 77177 54935 89182 14825 93785 68341 20689 69932 4753 11838 19741 47013 32216 80442 72995 58538 56366 45524 28755 89231 78041 10494 56440 77642 50452 22469 31427 86677 82984 81654 45877 76512 36589 51410 91337 30373 19750 12025 16656 40855 40215 36396 87867 88782 16837 77213 63671 89554 39089 92425 78785 17129 2918 51576 11122 53369 90396 42548 56398 73379 24201 18626 49890 77141 70035 57578 23865 6136 85955 40520 46990 42521 93267 51208 
31302 10103 44773 94972 99657 83861 3748 94793 989 6665 46368 28462 76385 36763 87361 49134 10141 11561 67759 76382 5054 54145 33960 28918 60281 36266 85790 7270 78786 79056 74830 10087 89159 19602 21410 5167 19814 25157 99959 20802 48173 46326 49263 24557 99440 36623 90043 25932 64535 57801 2313 85940 11946 52624 14858 88578 88889 647 12199 84026 79702 87028 94112 85212 22981 15521 6730 42794 57029 23040 79947 5201 85717 45561 29758 85156 98535 19800 11087 79422 93952 29752 65361 22249 98727 96570 
10826 3968 13568 39377 87993 9622 42756 98457 94833 65737 13977 17915 24882 71006 40954 4829 92558 26671 66741 22315 28178 65276 58466 39265 44697 68770 85368 10057 91018 84094 22979 18196 88061 36546 57572 92406 46167 327 90862 57352 82415 21190 75266 7297 8547 32571 28477 1105 75593 95217 23419 3771 76844 98237 59387 21540 67006 44754 47949 74375 45199 70927 92570 49612 23824 66493 42017 69991 83172 49230 27342 65586 70419 18959 89234 78966 51529 17710 80070 43474 29279 19840 47244 6122 18076 6630 
44014 1433 67735 8314 92160 29285 95592 84729 78896 19415 67574 37264 5757 50745 86493 49450 16330 56912 68408 5564 35877 36289 39625 32298 79762 85255 52137 43357 7729 86565 49986 51742 4349 34072 76407 96508 63356 71998 81237 42252 7764 65162 95867 13521 15906 82360 62970 32235 39271 47730 54150 91499 84018 10127 23796 80131 95381 92284 23487 3109 78848 89824 71202 83197 23895 63960 79704 87250 35957 77292 45853 60073 42453 41720 73593 58358 40431 36562 6945 96053 84291 77446 87551 84660 3924 27698 
64790 99305 19981 4628 18765 15181 94451 6319 98377 34697 70278 94432 21947 22587 71724 84151 82659 30528 42222 56251 5238 82652 9164 12182 78704 9807 5979 82606 94466 9903 10303 75608 25559 46636 80235 60675 61816 91038 66993 60192 25734 53623 70975 64032 76209 42698 48183 58867 89578 6756 31469 94815 89408 40632 23348 84463 50438 45678 67069 61256 55580 93723 36863 97490 40358 33449 58165 2173 40838 41509 78716 66572 95131 66043 46955 87691 25092 11489 62909 14669 18245 94377 9483 24004 51361 49182 
24818 18150 94860 8238 79405 66791 1961 32619 64281 58670 82420 38797 77195 39609 96657 72262 22532 8140 38304 69487 95830 63396 97327 58739 78064 15571 69467 3899 55926 37179 53080 80744 55329 64291 88981 51085 31082 7293 56 11714 65963 98827 50510 59509 38435 47166 31770 60967 55305 70074 46805 67487 49821 44131 42577 44236 76054 28395 64486 31979 65574 33918 29074 37254 98208 34407 88338 29289 41699 4745 41002 24013 3571 7863 83521 58358 71381 31643 19324 43037 18068 82480 10523 67888 26610 69451 
28475 2663 97846 92961 50994 79771 26878 80067 17024 41437 14473 21713 70726 72524 26458 28079 12888 46380 52294 12761 4737 23674 44403 40412 66710 62470 22891 93585 46709 65853 79387 91535 68515 77232 84495 35860 73354 27724 15927 90377 69161 46751 28442 56238 35626 54899 668 48514 17630 52961 61274 22367 76634 22028 79130 59696 849 2021 69632 47557 67873 49018 55443 52739 42602 56290 88599 15955 84013 20877 6332 69525 83979 34773 25762 19605 6023 26430 84470 23652 79390 45743 62370 72376 67770 41500 
48423 84970 59872 18054 32526 27744 67071 4320 96834 9672 60609 1784 25627 60974 22660 48310 30498 22991 99434 72612 58947 5456 15393 43416 45459 11134 5510 24181 83509 89631 65680 31931 74600 25551 49984 23477 69646 33407 27796 66479 43078 88405 68263 85056 65730 7274 33365 96227 46616 49150 85190 5562 70957 582 48977 16416 11716 54486 40596 11576 44116 22627 43507 18715 48177 9842 58543 17822 43248 86339 652 2678 91095 85266 87733 56824 8892 37450 69402 55507 86599 54592 61069 73908 71525 26397 
90323 83240 97235 47270 11168 57702 86248 71026 92769 34424 97219 51311 68597 56819 37649 85600 59496 45095 87218 63580 18270 96109 17381 87672 67967 20332 58615 45387 94239 30139 71784 84561 29731 69018 48182 57250 26719 34429 28275 19487 85204 25493 87150 70152 82311 24798 55751 41806 86245 42968 21738 4514 55428 39118 92185 23395 59449 67151 68781 53687 13642 40564 54599 59724 25933 19132 16973 69004 53560 45247 4842 55115 70739 91991 25266 69402 33141 81017 27559 19385 40336 49296 40250 95764 4766 48787 
19158 64214 15937 4290 34253 29578 61206 5203 5653 87138 24335 22625 72493 94246 84223 77335 49361 54962 85677 90978 40715 35169 88346 68273 70905 28682 17569 11155 40797 38686 59941 76306 19251 75877 80595 53503 21807 41800 75058 27459 45290 99392 66436 17782 9989 50658 11468 75701 21971 97145 66679 62685 48665 55024 30958 19570 57 64878 30724 40853 3563 90664 17158 22813 82892 97753 92668 21050 55904 84077 48509 1193 99820 31296 18975 9808 81953 46794 1861 3924 60290 68539 66608 8955 39914 13917 
28524 39971 95146 75599 97175 98708 82614 14333 37873 65505 28437 46892 86555 84340 30968 51415 85533 47139 82710 20859 56946 81014 84004 75158 84937 44294 43696 67897 53248 99962 98165 98123 56284 93311 73721 53458 8370 72686 84142 62594 38190 28930 25837 41096 13270 56804 8862 15154 20294 7923 52364 93592 88937 36367 68749 90225 80660 28797 58121 50259 28758 56286 64733 1393 65948 54805 54850 74317 27490 55344 36911 65680 84273 62747 23127 13894 35903 31989 29047 56196 39911 97762 49787 45199 34129 34888 
35424 31140 63684 93544 97751 92441 66181 62483 93833 48480 17288 65034 22797 44777 20377 76059 26808 21002 55157 49935 34895 7411 98275 80294 79959 54537 78055 46097 99736 28535 80984 35159 59675 44667 45054 73777 53459 27587 36259 63643 76066 69898 28677 15214 31027 65405 7624 57834 2758 62781 24120 37653 70191 38746 17946 66501 93283 96000 12598 9370 24535 93581 60880 561 38248 22285 74337 8058 49871 10595 71701 42289 96845 16729 73854 27871 98485 81478 2056 1243 60610 26176 38895 47152 81273 56840 
13653 74555 69191 26250 276 10077 36182 61155 10637 90781 83440 84973 98839 49662 11920 70539 8302 25116 3619 82156 52986 2103 79985 55041 3345 56946 97568 58591 4097 78841 31782 34101 69747 973 76702 70023 27401 29236 47529 38038 20016 47320 39362 18854 96982 67633 5744 5283 92748 9362 87438 62085 27817 83774 33478 31161 40719 31045 6104 61168 26237 37885 11620 95984 55209 88322 82358 82610 17557 46238 20647 37572 93558 76360 72778 90539 43993 94873 12173 53092 4235 15963 15177 32051 99736 48654 
