26 91 14
63253 6167 40062 33030 27867 82431 69819 91326 87255 30703 57062 61420 18981 45273 44559 19315 55966 91672 16672 37744 12287 27769 26520 77434 80917 97974 239 44312 899 46581 35765 80503 52748 75827 13532 96966 58257 99703 88291 61863 30405 61704 39634 49385 23329 84193 68699 79294 75864 1722 33389 4502 45842 59909 81935 43110 57882 98525 87422 75132 45106 23186 55634 14205 15364 85517 11170 89973 85219 15813 51835 31975 77516 91469 81359 17196 92013 66410 12841 67876 84483 46230 72377 30325 22490 70664 73434 96723 69188 60855 71854 
30645 393 27487 44849 15756 29355 72371 22080 14574 4535 73915 46548 98402 81735 44259 15598 73747 27020 28438 41622 11502 74667 30350 41826 13508 17365 31612 10230 2905 92466 82083 33549 9210 25921 94750 24966 71628 67120 63397 86201 71654 37311 49100 86407 19045 9710 2004 92791 36729 30442 50764 48231 21460 97466 6408 34968 31182 38019 61549 34086 46837 59984 67635 72398 85904 62384 97363 73883 45855 77112 60083 33860 14422 25535 20266 49819 51596 22270 42609 88325 69063 9725 52907 90522 23542 75666 41841 54723 13685 3390 88809 
76873 63373 72795 49270 65628 35178 62985 39511 97384 40096 15945 47595 70869 57831 67860 20687 9427 6481 79648 14103 91895 89372 67009 82417 29265 42674 40609 83987 72710 60350 72795 65934 40074 61941 15204 22054 97118 94540 77916 10853 50987 93860 58447 21855 68043 42659 42542 77469 49139 22189 7923 41034 27912 74931 39802 57176 33956 96762 57514 23018 73464 46661 88951 13537 8601 20506 35590 22071 15045 13505 32923 82383 23717 7722 4238 91759 50380 63131 85579 15870 1671 93501 73255 29582 84783 29408 3109 18738 26170 60622 58107 
99633 23634 47058 29521 32235 67563 65111 54305 98960 94967 3579 81342 18683 11300 85579 26793 78031 65061 12371 93901 66731 22223 67155 12664 23357 12915 15772 58447 39084 92746 16553 55068 16379 63610 84588 64965 47525 49698 35621 46484 61017 39200 44177 79699 66851 46108 22844 44882 11168 51566 38782 77899 73789 22288 90562 97145 35202 22686 55591 90637 31783 88496 62056 64513 52105 46644 29478 99629 12693 65098 62464 73709 20649 6641 69760 87500 69100 92603 32381 80267 44168 87514 58165 34308 26153 65079 47805 77707 4116 19747 68343 
35898 8242 30399 410 60347 93394 46239 76327 6086 11337 55143 96147 31985 78135 65906 19484 47234 74860 68216 43852 19027 55729 18369 69687 98234 83447 17491 75940 87562 37237 60634 39811 45479 7384 56572 22177 777 2811 14855 23215 30499 69997 35713 78835 64483 17970 14671 11716 92829 82886 55568 28207 54967 73936 97893 53200 73734 15383 45491 77647 68972 6124 17457 14450 29860 74028 36626 46988 93190 51480 86554 23688 37829 22266 2523 2311 56587 17193 30379 49415 78 85946 93974 71396 76233 91866 40947 49966 23601 86437 27612 
92572 8913 61420 23373 38772 51799 76350 2111 44989 44181 88665 68676 82009 27282 71198 672 83869 4742 31050 33283 21172 33347 43608 92567 9579 51826 33514 75896 75426 36302 19859 84349 45214 81278 24073 337 49428 422 2448 94416 44602 91112 79444 26611 18393 50641 43634 18613 71735 74683 68248 92906 8029 11855 1824 17607 63680 51689 93502 55457 87991 29712 39805 49556 10989 63877 49893 60416 80650 68692 71184 25252 76155 50627 68214 94547 17619 11847 29512 89353 86529 97759 98610 10909 9613 434 28515 73293 52122 38368 45101 
56464 68079 84906 6020 95419 65134 72264 72186 62136 40955 43369 87387 17109 93995 55600 28007 11614 83798 57518 17318 70326 55276 15928 81234 81241 16361 26100 70885 84834 80819 15985 57650 65249 17242 63669 60667 98728 52284 32852 60863 93238 92573 48249 10346 86567 20200 54704 14532 3997 28574 31850 90674 83849 64129 88259 81441 96841 14358 52325 81674 11528 68310 55675 76776 85551 19343 37442 84278 71626 86645 61492 81215 79217 9740 7912 82136 29939 62616 96667 50287 91189 44868 40960 91389 8996 45570 72830 22188 76279 25154 3862 
87806 9815 59536 64581 11718 95231 18374 95995 83208 21371 57487 64423 16939 83578 88686 99074 29869 51301 12093 96507 58841 73312 37467 50230 98660 83036 39411 20847 59315 80916 41060 63472 90731 16948 28053 2448 28530 62778 14794 11737 84148 88632 92511 17439 72210 81197 16512 18430 48849 44956 14936 7690 18268 68754 74271 16927 51790 13681 54125 27456 94596 95185 7279 85326 12132 51683 87773 40661 14461 18919 68749 14960 7550 61260 32398 79759 42456 65262 14540 91304 10217 29476 15345 44836 98229 89615 61762 66370 3295 15887 10177 
97891 27423 17456 99568 39554 69138 3693 96566 99950 22611 65314 31262 30160 26573 63659 26271 85380 45272 40810 93036 55489 70285 8380 16676 84866 97995 78438 51235 17641 10676 77764 15531 38098 95219 31451 94003 80708 35143 90568 80658 57753 55881 11919 87912 98806 91929 14182 537 53553 54992 93572 9041 41628 18304 25716 42845 16298 20505 94080 33938 47532 88195 65821 1981 99765 97271 95983 80472 32413 2902 77481 6517 75135 5751 94428 73940 14032 24962 90828 67584 96305 84400 92976 37932 2703 35043 80777 35352 71900 91208 85641 
19431 95754 67813 21412 95518 81435 33746 75989 13847 36648 69822 36715 11782 75572 31143 2073 5955 56104 92900 73538 68760 93651 66513 6691 12705 1556 3819 48056 89807 11378 50049 9237 7131 17861 47000 2648 99296 80746 94989 29494 33745 64810 66209 61878 56733 13703 80302 62688 86158 73201 52577 54917 83204 19090 77959 95908 36997 98130 60316 26803 9507 10364 52391 32990 44576 99391 35637 43871 96488 46977 89717 46584 28138 72277 8461 84871 85979 88762 63910 88488 78314 16486 43404 77869 51927 37714 73777 88923 35843 34092 32077 
45350 60807 84468 78339 5382 210 30327 65605 13049 77304 55321 59632 5441 27597 84444 6663 13575 89557 86924 18414 84222 3410 61817 62091 55336 99530 35867 60611 51725 86310 92687 13426 63468 93506 8116 68849 10067 38442 34453 23115 32097 89773 99098 53890 33721 83541 60552 63647 73097 47476 82060 57319 67237 43876 35761 38924 59758 87979 99534 27834 74288 8573 41259 37755 18430 49374 22955 28497 4167 73760 67963 36264 63532 67061 6505 13605 66953 83408 77251 56402 47235 59311 13720 14471 19538 65832 53395 95647 53810 69280 23480 
44449 94204 64738 98555 12634 30463 21509 57482 34630 95268 41796 87245 75152 8856 93749 88756 92161 93508 66006 48562 40743 41668 78633 71565 61206 44464 24959 56852 98273 10591 96684 42721 4794 61421 41275 33779 8236 79135 7612 42865 74403 49408 46461 65906 74615 56561 54661 66775 50068 37018 15336 90810 95038 93968 62375 56243 38431 3685 29446 53055 30627 42481 95775 35421 3902 53401 85551 28489 32536 93163 71353 23290 58922 34165 89195 33536 90725 60207 16663 40792 13576 31998 31602 8613 42318 10328 81207 97100 14012 27005 50155 
44639 69485 62281 96411 89738 32034 98313 18226 64569 7827 5930 4210 66748 40094 93404 16636 30818 69962 33298 71610 99889 81647 19563 8502 23964 29890 6060 21064 60253 49416 87570 21243 18901 66202 34005 24990 98235 32318 43216 79155 56496 49145 83364 23244 5591 93119 56231 36408 79432 89528 24369 79321 71174 43931 4174 11490 90172 10233 48905 66777 59649 52826 88019 94901 19027 38376 19890 33614 70693 79457 12768 43540 44954 12484 83135 50544 5602 39365 86951 1386 45244 27672 80706 16418 71602 84879 44259 78126 11463 93163 44902 
71111 45988 49272 82363 81366 87647 2253 14979 74691 81709 44099 18231 26662 56582 17717 93557 78535 57082 80508 79920 2325 8179 76977 35094 96132 61855 79352 90609 89670 88866 51862 60780 51205 1134 59495 48923 5132 61747 80253 96175 59807 24351 14405 2821 97284 48473 96377 92171 5554 93236 88442 24231 17766 65419 59324 30250 43625 55028 20858 33294 60245 72720 10426 27802 90205 69920 76724 95336 48018 56976 91510 7824 97679 22266 26996 94962 70739 39725 3484 76292 32960 91926 522 67078 73696 76198 97327 17320 47577 34536 66966 
7821 7255 77391 35622 97459 63662 12345 9147 11679 85673 656 35854 83351 39274 62850 94664 10012 18926 14500 2655 51885 6425 19529 35314 96472 95726 32640 30143 59654 67176 97108 67474 90782 90850 3096 4593 54511 31792 13739 66189 33816 30746 18395 33518 70019 97596 44534 96382 16521 59033 99037 84757 81809 34917 20071 78280 30642 69062 8422 90295 36237 5530 74120 43371 96379 93567 47963 67242 25359 78053 33430 75526 8798 51824 9044 78817 65771 53577 75198 82291 12609 90586 67048 10769 25502 87118 89048 72495 56179 13821 79141 
8768 35702 53261 52138 48433 46827 16452 15674 88537 94504 65455 64063 19653 33631 89458 14821 99401 43034 90019 81692 71994 96956 48739 99114 22458 52208 88161 11304 8386 1981 90445 33505 54035 60057 1994 2467 23235 18445 18140 11772 29300 83594 92186 65305 17224 81643 80125 16625 41028 86495 98316 29373 83451 63406 28486 22260 15613 32998 33563 40350 51330 40359 73855 5364 415 75848 7830 23650 10645 42321 51773 56296 25915 43958 21600 43138 41952 18077 76114 99331 4571 74429 45055 4373 54186 73540 26632 69798 22889 76547 10148 
74218 16905 84002 95934 17320 76201 20115 57321 3197 62436 9093 75845 88350 69402 13796 47839 27705 31872 23953 27035 36443 14733 88441 40815 68919 78332 83799 38716 1220 60345 65215 91789 93601 65568 87722 27272 58121 7837 84592 61317 70272 10036 53513 74973 95789 67309 22811 23493 99180 63115 66879 51974 77848 55319 9141 63118 33650 9291 18185 51221 85987 83400 43010 79587 65319 47083 23211 23439 71271 24154 1108 57894 34190 54620 32866 29978 38280 72029 69823 53812 35143 36701 22137 29342 92020 31277 92459 42021 56919 26996 93242 
42905 10395 52603 38844 92065 99685 62054 15504 70956 86207 32963 28849 36748 3934 61715 83078 42214 50095 52900 12377 85237 5952 34513 14579 97971 65790 23389 56344 39060 50384 49585 81965 77130 2187 20808 69195 18223 99213 1050 89178 1771 50364 34379 54871 54297 96093 37948 12862 46187 7199 25238 47775 13150 59751 78705 27473 41892 2094 168 80951 68829 49752 62915 62311 68290 74 47857 86512 15638 65258 92042 17409 15621 26420 72279 69917 38864 26578 99131 1402 50128 24368 49176 79629 470 44233 23453 42361 62678 23620 23312 
31506 89723 2578 10168 74364 19004 58024 60876 34641 23281 69269 68401 38901 95688 40679 25170 34551 83608 24300 52304 50087 65019 1479 29716 65489 62063 69520 24201 24740 93140 63864 56246 99214 82794 66413 73578 1797 40789 50805 52789 64069 20073 21190 19322 15760 78220 60843 66662 61828 1494 18965 28266 66512 36795 74333 48352 98858 43853 72553 23597 53344 36416 96194 52557 35561 78959 26134 37357 36099 76938 90146 167 13362 27687 35840 45473 5906 96682 12134 84085 98175 47450 12351 81039 597 86683 29390 15806 30535 18294 55754 
83878 71062 51948 52787 6622 47258 78920 60331 83356 72210 66828 99874 1923 94514 35714 47396 419 48747 75881 856 46922 39683 13206 44312 40279 16240 90053 56084 46775 8347 28189 47004 95760 80136 99790 18733 43745 95062 79063 43452 83623 45890 43326 1897 56755 95391 49292 73526 44137 25173 74381 7410 81207 87586 51721 21485 3825 58126 93920 66951 66472 22108 30307 78583 18596 46448 97315 78692 57861 92730 22144 41483 54971 81821 43380 11726 77211 9023 1603 37699 50547 75983 45109 31753 63568 13181 69589 83744 71306 79860 50695 
54129 1968 97353 49063 36915 43800 62730 31958 1661 55459 54101 59495 26781 52273 19226 54858 45835 28249 56460 83534 95147 32442 44994 26900 12361 74526 96488 96105 45832 92700 63151 16312 94667 76855 65375 47933 20654 28104 79890 38666 99914 50343 98161 43046 2615 33738 97904 48450 61986 70715 48335 57133 19509 93328 384 31869 67853 13223 44325 30036 5922 23827 46348 16940 681 11722 64872 21335 56177 61114 76352 72442 11456 74512 15487 30422 8250 29742 78871 86587 457 27205 60071 19965 36884 76806 68185 4737 90029 12510 34772 
12302 52688 97471 29242 53369 9192 10465 91055 81720 71578 67406 54161 99385 58270 69648 29807 82871 99389 25029 69457 16197 68586 45880 36161 5469 22685 20698 26557 29065 33207 77681 41367 2246 75151 70608 55614 695 81072 63020 82414 69002 30426 36575 84738 88695 22574 30896 87917 38314 55925 57373 54511 24510 19604 7023 46330 42289 27720 72887 71353 77278 50567 12719 79524 25717 99678 51489 26411 97102 14509 25177 82455 44934 61751 67192 49980 676 98088 54248 38989 54012 27972 9851 94873 47576 16874 41202 6216 60945 30440 93920 
54575 81006 22991 50450 6723 22668 1938 49485 36121 32798 74661 18575 94083 52763 85767 60414 53438 206 14661 8779 70569 42633 18629 65441 90208 51854 22994 96423 29151 53434 6694 77 34439 29684 50526 57513 68704 68815 23350 4824 1613 98010 23399 95695 50773 25517 56109 20562 25722 70769 45692 96290 13401 80673 78082 19960 32526 1075 32734 78028 54508 39428 78104 5299 69111 28629 79163 37814 97444 2512 42638 15408 522 82388 11102 67646 7904 67210 4559 33625 37979 50251 46266 67731 30923 24347 87691 79800 25421 20424 57828 
96281 59851 52283 17931 45314 97264 97093 99479 11059 99605 58468 26466 126 40855 37567 84123 48758 4777 88681 98734 59107 38931 44999 26837 86205 85697 30879 66005 11118 51303 40184 23750 27505 92466 41680 72818 89729 38772 88649 17139 38376 47116 43604 54853 87971 81171 38975 53080 2299 44008 51814 77757 82938 13164 20945 85495 98861 51824 51499 26330 19478 91682 66431 46982 499 8110 36152 6580 63233 24800 23718 1609 71915 67322 72813 76237 64844 28140 29317 83494 72147 97482 61250 71436 26997 82194 56930 42209 34017 24780 68538 
53494 16461 34968 16828 33312 59429 69331 39891 22662 10482 63608 40622 82396 47281 29786 74985 28476 57925 4301 11969 46423 18134 73218 34211 45130 71764 91140 87339 22132 15920 72228 91978 48732 23548 25157 82043 82976 94487 38285 21989 4968 18245 62610 3715 81877 92396 78699 10353 66672 99351 22321 13095 33836 11891 47305 78966 6 54796 82656 22137 87067 71235 30466 35799 94782 55622 34193 94110 50108 88830 16098 71427 7074 95060 75142 5302 87455 70192 15654 70478 69543 54327 83572 19730 82569 47228 98695 98926 2024 97702 37414 
89090 68937 67880 41240 80070 39853 91785 74179 6313 80614 6629 77739 4039 1688 69232 9340 5494 39424 41346 75971 25318 12024 75895 45047 94592 23122 60094 93517 25145 57795 30930 30587 43083 15161 71826 39505 55014 63610 30035 61326 60575 36663 39064 80965 54702 8296 90305 76547 64071 48002 52518 89388 60025 44764 50786 54616 67885 10879 64484 9382 85026 11765 39968 44460 26926 28145 83964 98291 8107 13999 59616 68681 67013 15031 65998 21715 39678 72654 98261 3748 20655 67130 9487 80679 11893 60273 51646 96130 71151 32481 5511 
