78 70 21
9299 88442 14714 60449 75772 41610 2373 36423 76583 37548 2897 37982 63982 24814 42425 94489 7249 85743 83891 44243 54438 47377 519 85928 22285 30216 91088 10708 16745 12709 25631 26043 17503 56696 86491 9626 14657 88864 46049 91240 42763 48945 29221 6744 73758 87997 17584 97358 73740 1474 41601 28177 48851 42119 30457 87487 88686 37896 98195 5431 50604 40177 47825 84458 96872 34316 94084 11528 39531 40132 
2767 82293 5428 31988 5389 95537 19984 22972 92894 10075 24446 34494 54604 89648 92965 1412 93486 81650 39307 91680 3432 6262 31856 51257 90720 28727 1924 1155 40255 57806 41286 59373 56450 63065 7712 61838 58601 44048 1162 51494 54122 41959 85988 25077 47958 78952 26488 41443 76953 82146 49475 80385 88408 81330 47993 95479 26409 66268 96633 83015 24073 54270 58739 96874 17334 66451 75064 75934 10498 76225 
27427 80971 34535 29766 22400 98844 25069 48887 40286 2022 31033 89760 98758 35792 87442 46750 31270 30202 13017 44254 29568 53441 98523 88306 50314 32208 71108 41729 8141 81605 34305 51919 78928 68839 98037 1327 67682 23105 66565 24320 41478 13949 14079 40235 49740 17872 3336 97361 48073 16352 41614 77640 86144 40136 82298 52810 88695 53405 94538 96835 51362 28843 65106 46641 14033 63142 47967 81715 2598 30883 
6034 60428 44832 36464 662 94571 70688 20350 91932 18760 36701 49897 12752 39197 6385 11401 92006 95079 64805 86543 8266 16166 15385 73371 62806 29418 52864 27124 27484 71813 58007 49869 32240 19190 2684 49254 13760 73371 69603 22043 8483 22655 71940 21234 61851 94676 48986 70208 89754 13790 56751 98019 46308 88487 87741 9113 34256 56956 52589 61739 28769 26947 27959 77360 46136 30643 42965 76247 4013 28919 
98290 12495 51574 86581 50080 29776 97608 99065 99984 87361 29207 73086 1732 75514 61572 5824 978 95828 62780 53566 73918 7900 96864 1877 1611 42999 48871 44576 19246 52883 73494 33887 81730 41419 36819 48161 71195 34426 63578 87530 38138 92784 60615 56221 84649 22186 62045 85626 34365 41176 55544 8283 49075 52407 26511 67037 11758 75381 11612 47355 44615 1458 81241 42696 42876 34411 7209 30422 85188 70786 
17951 23325 79921 94917 79546 64569 17103 57942 50194 51467 99117 5737 76101 64543 74496 18963 31579 86253 94343 59543 33607 55310 61000 31199 98005 20227 81961 5213 67001 67148 92350 1303 6824 72270 96220 2721 36838 13322 60662 3384 81140 76130 9120 73593 40672 99967 92555 72251 86219 3250 31793 36177 58559 9144 83727 72915 45722 82039 94480 12722 49186 3181 14025 72362 75451 10244 91434 28640 39917 52096 
32023 37408 44577 57495 11000 85249 57461 19907 73851 60032 23156 21995 12560 98066 47490 12639 87332 93211 94677 81811 5933 60215 84992 36309 32576 76794 62904 24009 5433 2820 92456 37456 56579 37033 11302 83931 38633 68762 3837 12483 45145 43344 34477 57705 57761 81966 70343 45092 91528 65019 43255 13812 25233 28246 50120 74160 21391 13023 14521 26823 32194 23328 80630 5125 76712 91931 89055 15344 77045 9243 
27826 22189 52586 78654 79893 10346 76971 66587 71789 84851 31606 15043 98662 73190 59640 48782 63702 81030 78156 94574 24205 26702 17901 4834 31826 94613 13117 20880 9956 6513 30122 54134 28701 99059 49139 24946 25756 42462 91532 97544 27312 39489 12587 25973 29031 72226 91106 92732 53256 85614 87305 77460 28667 21557 98645 60492 16169 28113 97723 42477 34625 44196 96610 79678 59606 62100 20975 85361 4561 12506 
82904 48224 68347 11842 90549 97377 420 81654 6460 53675 83619 10116 47486 12285 31672 62482 89128 47841 6947 3202 90317 41571 47397 3278 37600 7002 81729 58574 8714 86290 87432 91618 50865 55778 19811 41413 69506 20230 39419 75965 90256 23037 2432 54093 51674 34103 16575 40801 98295 39873 44003 4963 81443 7751 24592 35395 31105 6321 93968 39818 8962 81399 47787 59826 53528 67598 1239 23033 87827 40657 
15349 94435 80045 17780 48527 31718 68235 81453 88871 66529 21325 49225 87844 19120 56975 12435 54514 88079 18755 64833 27897 27716 62584 75683 87542 32463 59632 5132 71848 63811 62140 87196 58245 42184 21328 23123 73902 5914 4576 79124 88794 42252 28348 76637 61371 85322 89072 32236 89753 24178 97069 34001 68246 76004 9683 72139 8466 85667 77270 80313 49477 39409 83861 7721 97944 21540 30843 71845 27453 51770 
67320 16246 94022 95667 9235 71744 97341 14658 3980 87093 38835 17400 21093 23432 9755 47127 95570 18220 32793 89191 98533 82269 28599 98745 6341 26543 20284 53536 14739 47736 5305 82059 80333 15678 94077 5919 3774 91417 20576 24105 78509 75763 41504 99601 99194 67610 63080 11116 85829 95872 306 713 78141 45257 99457 833 88151 36092 54368 19241 179 76025 17651 80512 8054 11728 86430 11827 3144 23358 
35931 98005 99120 93786 13957 14665 61395 77036 25780 63576 72908 26086 64288 67400 71342 80097 68232 75844 16188 22600 95084 16367 14976 12735 13230 23029 24462 16011 34856 43957 39368 87138 41961 54839 97276 55918 69504 58670 32953 95283 38597 22212 37720 2885 89611 25413 99333 57843 1256 15520 96794 12692 48238 11769 25426 77819 34797 66239 93830 86004 10195 49549 89494 68508 20740 86769 24425 90243 61790 73729 
1877 387 95941 39597 19623 85551 81361 18955 59745 82617 50826 56538 11660 15416 68306 37085 93234 19455 19675 3415 5458 46221 69316 94951 31080 90055 98071 55504 96649 59861 45585 98525 76599 41525 54473 96221 43427 35834 31527 3172 34802 98704 76061 46461 30471 44367 99897 23705 80173 35923 43471 85630 82143 29138 96933 13223 19192 95003 85078 32192 71215 47014 30717 47813 88538 1541 60385 48317 37374 8263 
67840 88527 6967 43900 34987 37437 88266 51235 77493 68438 3509 37316 70420 85652 66453 83704 15226 1997 95058 16655 34188 66273 63669 81256 30437 68558 82797 7174 33226 20170 15436 1065 25049 22402 44965 76387 76191 49582 27622 53683 34372 31130 7350 21143 33133 73803 4846 64710 92151 99903 97717 42690 82527 77737 23946 29316 62646 6742 36489 95872 43263 51924 96936 68311 90678 58252 61050 83220 24186 88671 
53254 58557 36152 60604 79699 85637 50758 84544 66698 42908 798 64414 85597 99677 58502 25894 45344 21148 32635 81832 17019 92250 50107 30306 60560 57136 4910 21609 40355 29095 26631 93609 87651 79135 70564 83701 81123 21321 84596 64172 80580 85393 44938 82528 1421 3439 8422 46764 24586 57408 44947 57956 49657 11406 4614 26569 84893 9523 64529 25248 38617 7512 35208 42619 2998 22123 26319 84120 43443 10914 
64643 40374 12658 9580 39253 14079 13019 47674 77194 53956 21434 38493 11912 87442 49898 16525 14010 34790 42399 94891 76389 81015 2402 27948 39985 21751 50070 66303 5870 9864 93568 70512 66589 6225 96444 5842 36655 9462 69867 30201 63417 91300 68693 91680 78742 34942 24556 9103 86083 66954 3993 62472 64320 22746 6771 20656 44496 56841 86958 66717 83056 80525 53581 49645 3102 50024 55486 39756 75837 41704 
69956 39253 49356 38648 47285 28097 89941 71840 53551 76024 55146 73896 38495 35817 96641 61617 56473 57489 34809 59782 24205 17865 40307 77785 83861 43408 44160 55698 99515 19996 97401 85823 75601 46756 40822 22885 91204 30763 11076 44755 6786 82573 18650 61632 18390 31642 23248 74862 89130 58057 34643 29687 92273 91301 23823 76133 51060 67983 31830 66927 4330 29230 52749 79930 75986 93570 19166 83541 24332 30242 
28295 47469 12814 63296 9100 47555 11290 48700 38768 419 6756 73411 46457 99028 81063 70280 91512 48475 54614 23341 15401 58943 52570 68149 55225 44907 78070 74390 44800 18754 20983 89446 82574 50149 52742 91674 97703 80383 40373 36471 97153 63480 26233 43610 78859 23647 30241 70370 72121 84854 93710 87521 60148 62631 72021 15372 23890 66443 6114 68689 1548 27096 58134 84121 77244 27227 75794 91299 7609 32518 
27769 4762 12349 70353 64723 7559 93999 94963 77928 82472 79816 87989 86344 39963 66972 58365 71687 7213 41159 77800 92253 42706 21247 66738 26826 98491 93965 18972 6141 17925 67841 33909 39038 80190 20613 3760 4100 14611 98722 98380 97082 94889 86368 83426 51204 69691 58142 22890 93255 15652 17041 85507 58357 38287 52245 1534 53129 62561 20505 59269 80485 88346 9529 19523 84887 30141 39634 5338 61104 38356 
3717 74537 33244 6437 74314 84447 76127 48807 23688 69382 64458 57080 71240 39166 95367 23484 40700 64847 86044 61204 24116 82881 65901 49996 18755 67139 96489 58388 72477 57592 13095 76193 48480 46339 82629 22794 47137 75108 87952 87177 60841 52410 44256 32080 91575 55974 71916 48626 20821 74311 26182 61288 73543 92082 11283 92297 75573 7771 67037 64401 81714 80131 56945 30194 42821 55926 69339 6310 31033 57290 
93486 8225 26051 37741 56656 17626 10067 28571 82603 30887 19234 8784 92174 92776 17218 19808 85073 92790 43931 68461 73542 25644 48591 30486 72189 91412 86411 57879 14073 33795 15169 7558 42019 41219 61650 98675 75196 71716 43597 57799 2602 62830 66582 11127 71958 83799 47287 57030 92940 91217 41842 66481 16860 90432 13319 5401 98195 16081 63279 12267 49876 78447 36176 8246 36018 97826 23272 27565 85893 66869 
1715 4847 46050 68297 15973 18007 68447 63259 91388 77739 70827 33229 60571 87687 40013 73889 9439 54559 89970 72717 83178 56197 67516 19353 64442 19885 33530 4066 47449 19423 87286 49164 40621 49687 33812 72945 67694 18610 52556 75433 12700 23382 25014 73271 27420 65026 63511 36858 35936 69832 25927 19113 42380 93442 54818 23174 29678 88347 27239 93478 24121 14524 58993 64741 64210 9156 37686 48255 27766 90241 
23688 56817 29974 48701 30087 57394 30078 9950 94251 82365 96133 36529 1478 38513 46322 72647 61686 75999 77345 88924 69477 1466 19799 28469 82558 360 37625 36595 48615 81742 43187 88654 38558 73161 53706 84997 30554 135 11298 41156 82499 7430 77685 328 62294 24006 72974 23979 16357 50319 29254 2185 68136 65404 30653 50693 65764 84629 3640 30730 82722 46826 35735 37632 36338 89440 38980 83243 5926 50277 
40751 88424 74058 34787 5104 36352 75144 94429 76682 91500 44747 5936 93684 29234 87691 40689 96279 69806 41669 99918 535 24391 63095 36269 62022 15785 42060 1001 99027 64337 67629 39777 52761 41686 90915 74216 94389 66059 68644 71071 57558 29743 93358 67594 58976 81048 8282 55254 67206 49950 71523 67740 90692 50970 20361 52713 66754 78772 70065 65780 43109 37693 21909 12221 95731 12823 86436 90119 78881 71431 
77541 52791 1173 87250 20384 60149 84650 45017 31754 51855 11318 3277 19594 2010 54246 56306 71074 20999 51430 41139 3130 94538 95183 41390 6758 7265 54213 9545 13736 49445 80975 7628 18587 82148 94878 55322 58648 79527 338 90401 31381 28008 10029 67326 30017 80626 23632 17442 17976 75061 74932 21106 85950 86467 78847 9059 93731 33059 18603 23818 98856 15929 31446 33794 98076 26323 89116 73075 22201 5805 
79828 53581 33812 89856 20906 80180 86834 60889 13974 4809 52301 88905 42266 38250 75371 21113 47308 85454 70523 82262 25623 85730 98191 57068 19524 12618 99742 8639 85693 21942 14443 81872 91874 64607 88079 29132 61138 74912 6372 75111 96073 58673 64016 38338 13274 55738 75802 76934 57543 46325 59195 83166 48406 73737 40233 67929 86355 56327 76567 88399 94620 7362 86622 2846 88320 74700 31977 49457 49612 38348 
40920 45684 13372 21287 373 26646 77024 76175 3579 34567 38851 79125 17732 87256 52862 74316 55185 55568 46994 48103 60318 41614 71816 46939 44459 76487 21638 92787 42296 87601 31134 83215 49636 44506 20853 50009 87503 97876 42535 7433 48794 81385 86557 82877 84992 55770 57193 56528 11337 4186 20983 88006 62151 9150 34944 22961 85637 56582 15747 27932 60534 46881 27498 10170 7738 48350 76530 11592 62577 19064 
19024 11371 16800 21932 94247 1791 77702 67791 58319 5390 88329 95653 93396 50479 4802 44691 73440 90438 1272 5538 34721 78158 68770 78570 88327 76507 43271 64856 88098 5848 83919 23473 33570 718 45405 44168 18860 23106 11959 93530 44847 16639 89182 38242 67117 93984 82933 56908 773 556 62446 51846 78713 31215 30415 83391 24074 90038 48246 28523 12237 48516 51996 45806 65585 97400 89973 797 36857 18283 
94326 81703 34921 99860 36297 18390 93843 35581 91649 10967 52488 70446 62812 47553 1661 9579 30943 42086 15968 95541 70608 28204 60408 38955 74009 25993 52706 80333 43141 5914 14968 37466 3969 66240 37325 40265 84629 47519 92197 76278 74838 44684 63075 54001 92236 81087 79931 23179 23172 95898 35071 10132 40453 95478 65438 30813 21470 18144 11146 64610 24057 42465 18428 28025 8704 72104 84641 9685 35975 76837 
2314 10812 21521 65388 81164 30108 46475 61095 53286 85998 73344 4708 96129 13797 186 61567 44609 38007 96062 72106 18969 36470 14570 37396 80847 39626 25851 81839 65662 61825 58676 67975 88988 96548 49714 70152 43007 96188 47598 12645 82186 20941 17352 94666 51089 17537 72584 95698 55544 68645 67803 74512 21467 98725 28259 2313 54702 54109 503 20363 32286 75530 88337 21273 72077 38050 7776 31436 50590 55373 
44080 49127 92666 61431 43792 43754 78968 16376 39451 50863 1372 23606 25374 39190 38682 69984 57854 93383 24092 58357 30097 56377 33886 34785 77650 22315 72834 1777 53750 39775 57150 97829 88901 49815 75611 49045 9920 70930 81772 65723 21792 83143 89328 63517 38685 44361 33500 96538 54095 73944 54894 84191 30320 5132 18975 24321 27446 8160 26098 97547 64287 99599 11727 53187 65765 87337 2231 75684 74619 84002 
41406 12762 83497 30733 76279 38533 91445 26130 35070 45539 73 6316 46081 46745 11447 81407 71065 55244 89567 13514 52790 70205 13112 80868 23391 78876 84556 41974 70912 59174 42327 12317 71936 42175 59402 64566 80707 50846 7047 32129 12737 7120 38444 58817 70216 49890 40224 57632 21485 46142 71146 90626 16346 609 71493 56088 95837 56048 14413 66748 31574 73092 79064 3509 15266 38465 84426 12325 5663 91472 
44453 18399 14943 99248 93567 85158 65489 33790 42790 86973 96283 30287 77598 28980 30895 49090 85068 26731 21489 15832 93478 53062 88923 88894 72922 20541 27358 57347 49217 33020 65171 93669 67770 96465 9268 61337 81623 74756 11478 40764 61728 7761 71050 55677 36740 18296 21118 38159 45027 42606 70343 54856 95668 59265 60101 84941 96157 87459 58640 45373 36830 23810 55393 20952 36626 64660 82288 18248 39415 93765 
75363 17494 17877 62764 73170 70969 81060 94287 25479 42438 53245 95821 13645 65264 71438 73746 50204 83946 77556 8843 29319 14385 49004 1063 35336 85630 82075 33975 20229 37841 44092 11944 55335 61968 74707 44856 32936 55766 55495 74767 14555 8739 70587 28200 74002 58376 1945 40557 42322 79500 65752 87992 10236 14755 5406 61924 16736 87480 95898 53317 25321 56341 65260 97007 18309 56318 58214 67596 28436 13708 
42362 42990 38798 29301 71189 29151 4028 73133 69708 62701 68984 35459 67044 95572 66565 72450 57495 99653 76281 69744 52969 1601 26085 34580 14959 60745 90897 73173 28340 19332 3232 87054 78674 42030 32706 49862 87532 53085 39347 73591 15786 24682 9049 99181 20253 91966 71630 77747 91618 47911 47491 60938 65863 89927 11869 80822 50671 19117 70346 95362 38449 73577 98767 17122 31958 47824 83335 35842 909 22681 
9432 33046 47363 34833 32226 67615 26798 3856 61714 34767 68118 25556 95704 50332 15482 7572 31153 82504 26688 17850 77865 81488 7779 92984 14961 56088 40807 14648 91929 41715 37328 17713 74760 1042 52545 23338 85009 79342 43545 63074 14108 11662 88629 26163 61993 20462 50086 9498 2965 93125 43699 97181 90965 51477 90164 5925 23917 30971 20572 15845 72685 74252 33557 63797 91645 86101 87134 93005 81794 30678 
56078 12253 58691 44706 38415 37035 65167 4852 62884 84483 97977 6583 81664 88941 74411 71827 11217 98327 2797 48141 14172 91834 38744 64080 55630 46740 66533 59115 39745 48326 6144 95822 76931 64834 40528 31697 1868 22046 36549 64752 6529 50877 87686 88192 56169 62096 76370 83737 60423 79167 48229 90946 87352 86972 55025 42981 33712 37909 18447 89808 2587 24590 85629 79517 89423 42508 11213 7642 64554 64113 
88745 87434 31341 76430 91977 87509 38526 68346 71246 15300 47512 19474 6245 34863 22798 77621 94195 72861 15530 12641 62668 18116 37230 64648 13984 43004 7156 25196 50646 88061 5661 55742 75494 37001 32172 67470 40862 87049 35815 12107 2348 99679 47932 8592 50893 87081 2564 61440 59941 18093 90432 38960 36208 27662 3608 50191 87017 27115 91739 54014 15175 13751 9756 7020 50751 41927 90841 91612 45327 43007 
20070 47674 59037 84354 72617 9930 71434 75180 87721 47727 9625 78152 86686 62184 22165 90293 28727 9182 33759 20465 63195 48933 50567 89302 72304 17669 47580 63144 25633 92906 22503 45702 56931 81539 46407 45899 7820 17841 21079 95540 65567 47055 73692 52252 9238 95856 58897 37964 21389 92655 74780 84584 57940 25346 73885 46595 43015 21465 26091 68647 30722 48593 30700 87653 30131 77107 33551 54303 94947 70981 
49842 76865 18035 39885 45468 27273 35741 20716 65236 57129 29723 40016 58064 87662 81713 48301 50608 41079 86117 76698 9725 16838 25290 56777 20842 71773 33883 54393 26075 45181 41725 92268 38397 59760 32153 83864 3384 67893 4580 68619 41373 50654 24986 15789 54667 23051 64089 5274 64129 66557 81972 73854 83394 23613 46982 20588 95385 97216 74980 37811 58748 33056 30079 97144 92815 62231 97359 12550 46475 18290 
81169 87847 68943 22506 3635 23609 45556 84075 28883 26037 50631 10854 16242 50377 50818 63223 70964 46203 60438 62295 84013 19185 95350 30443 16328 4517 92673 30038 17066 39147 48328 14586 43346 17270 53444 63332 40879 15351 63759 86113 41387 14389 13318 57628 81117 64135 20850 52080 10337 97639 30726 10702 33175 42428 41144 65854 46944 50169 95892 80361 5667 44219 94947 49012 61488 48390 28696 18718 80092 92454 
4830 21479 6842 18147 95458 4311 98634 32660 72742 25322 30298 3468 36023 63473 45895 93519 29326 9190 60039 41569 89550 65705 85787 848 31069 63627 65589 59764 82344 45681 52217 3526 83511 75410 38024 78968 79720 36657 11627 68814 61979 41925 72281 14353 21749 34527 24223 67426 43716 84261 8995 49617 66318 11133 50465 97386 74759 32405 73501 73455 78085 25717 93332 61595 17478 31355 40563 13550 84364 68541 
82363 46342 10465 70995 77046 48565 5521 17621 15991 65588 18233 41337 31556 84550 52469 98372 98287 27228 30777 71787 17034 25213 13855 10365 86808 47685 41719 43722 61234 26082 12262 59948 88775 39079 47294 82173 3995 69166 99793 19985 34753 18025 77673 82660 18927 30142 81032 17213 73721 11808 5352 90754 37020 19206 1118 40179 66890 42836 252 44475 85270 28866 20774 90396 67944 68067 72568 88290 37232 88712 
8275 88336 23089 2299 70996 42015 32440 52027 59227 6160 80186 64578 96913 17205 136 98030 73736 67025 57218 73987 27852 42487 2852 48625 32882 87147 16692 21802 75437 70275 10513 63 58611 33601 2361 29606 75615 51153 97984 51194 57312 78169 32123 70577 11725 32258 68606 85460 15635 25823 75799 59838 84661 95002 24814 17543 82149 41505 39344 73937 28132 66208 90351 86742 99809 9063 32699 91775 60215 47034 
59320 17527 25202 91443 4455 53278 40052 73060 55090 72038 15235 30888 48227 99895 25889 73041 33789 24389 30897 89484 14677 59028 55692 5027 62121 71852 14090 11171 79978 90656 58204 39298 24534 83405 47092 28988 36683 3495 18400 8124 91885 33634 39011 40111 49880 81251 29503 21 21992 60400 5856 53020 35779 61547 74399 97900 49750 4840 9070 46080 95495 67274 1729 20029 67030 48820 65368 20064 68666 83767 
28187 76902 33752 83549 33365 99984 81152 62867 4 3143 39618 5859 56162 75397 83758 30560 89648 49859 51751 15069 95938 47246 98694 97666 83626 65724 62837 48993 2139 47855 32760 46678 24756 66511 30226 58120 66494 27729 20987 82849 30871 76956 88708 3385 52352 88817 50296 41999 38675 2047 57068 50965 65644 55761 48630 49269 37836 27819 98261 56327 75673 31020 3004 428 13883 49581 58548 96728 77310 95886 
95929 24532 72841 988 27916 41545 89804 94564 99895 28478 12962 73314 95794 78605 45427 44424 44225 83262 72242 42485 39588 64266 89857 58943 64693 20091 8524 39592 33170 2185 51829 29098 26716 41022 30085 70984 82566 19888 65547 98812 64718 94860 72126 60511 89816 17552 21286 34040 17165 9879 76524 73105 74144 82732 32047 55189 2822 56922 94780 35992 59106 62961 65089 85822 3982 95174 56805 2899 31413 38703 
1710 12482 49914 90187 72993 39729 7738 10630 73768 24903 20509 66643 14359 11004 49375 46405 66192 68548 19679 77324 4539 78784 40284 85980 80957 60617 97505 37761 79867 28917 92815 97928 41399 42728 88115 30743 82456 12204 41372 72575 53458 78232 39218 67816 89236 4944 30573 71779 73491 50251 49102 94382 29034 5737 80361 9991 82705 77865 64103 62571 23133 56918 76851 80883 15997 64965 27977 14805 77168 85701 
87379 30626 63932 42948 14793 69519 47891 45365 41298 37734 95615 6751 32115 24649 28840 28827 50991 11544 6691 15093 90467 46175 88362 67317 43410 4359 48633 71386 19163 42152 57086 22893 89129 21018 82193 3922 6888 46435 49286 64537 84168 61253 71288 32634 85901 16479 61460 53243 44374 84502 68335 51192 30677 73049 34860 74086 77407 83492 61823 12921 25644 18909 52165 31124 56278 34357 35045 63165 80792 683 
27702 81311 61935 15341 13945 64187 48171 75404 17429 92544 76258 2115 43736 23286 91515 78595 13723 85273 78439 75545 98193 20434 94453 66710 51557 67082 17418 2954 30247 98209 3636 74300 95872 81922 5992 26168 46108 54162 1571 79888 46705 94180 98354 6792 17465 89869 1739 31187 75141 80177 6732 89686 610 17536 56395 68518 84618 90164 71471 31216 4725 91458 21867 596 73379 27858 26763 35838 98371 44685 
32077 61427 38865 30431 68219 56329 36651 86309 87516 11791 66485 10599 17828 83446 28134 90574 51963 12751 80738 39786 60318 85462 31243 82184 2409 4622 26393 29171 56811 24763 90207 88888 86190 29071 19318 70760 1752 72320 57068 5619 84110 39904 16217 18290 23349 44350 8863 91663 73453 5952 47800 33770 91413 79043 15954 93821 16 58698 39343 56826 83461 29550 62065 86002 58620 81382 73113 76723 70053 46532 
82341 70515 86435 98557 88804 26135 42907 97666 34149 32711 19970 81949 66480 11382 60991 98785 21555 77358 57483 60897 50535 57295 90446 12600 43296 65418 10333 32760 42140 80386 79291 40833 50900 82077 39389 39703 8211 98647 53720 58711 31357 73689 40659 97837 1423 18001 12973 22977 95358 70455 83873 62245 27749 90671 74844 87396 56088 85176 20155 14579 81913 99445 55411 32812 97873 11152 88866 22435 9798 42586 
81146 41155 32626 21804 55343 34048 56157 68315 57024 67866 55122 57249 30110 82870 47919 4953 70266 20358 6481 6772 51288 88393 22569 6699 21205 20441 17850 10070 42876 43999 69007 24021 1505 1633 62176 56847 52032 34684 41514 25408 2550 96635 82656 32659 79504 46926 53964 66121 83635 76796 72893 34922 65188 11813 57972 2744 32253 92173 29166 91480 36172 98172 31852 37676 16156 10380 10875 84540 45063 52388 
9947 47612 49022 8954 96623 44877 55879 66938 10998 55865 43733 242 90786 8920 12054 65110 28016 60658 57282 57181 68490 9805 71704 341 63833 4212 27072 74707 88751 72135 27094 98697 36098 92467 24002 32720 37343 79880 16009 64692 52096 59741 64933 42881 85013 93338 24342 13028 70348 81624 70208 55189 7780 58263 71881 71612 62474 98953 62670 67576 71087 89763 82624 23536 98581 6625 72608 35924 2856 88616 
615 54951 48357 81900 14184 33369 91589 38525 46396 61936 36500 32955 17124 44280 91217 89005 15891 70043 4309 94913 37618 75395 84675 20242 15282 99608 43218 87889 35531 46074 76505 52497 1024 24861 34396 15207 58229 25985 53732 20976 4272 90231 53930 37748 50862 61498 26752 83105 47892 31060 78017 1862 22806 62691 38455 38087 78650 81672 25976 14180 27745 18832 83029 28769 43692 17424 60327 18272 59760 14058 
39247 80384 20641 9528 18131 71502 87377 61234 54606 51621 8645 32622 53482 47802 11665 91936 85888 90314 73607 28215 20846 1352 63398 3874 46472 7089 37649 6798 41712 13761 37208 97310 94144 74200 23189 28626 62053 10566 89859 16659 62186 14855 65632 15667 62656 93648 7602 64895 314 97560 9462 37511 15263 72859 57736 61734 96300 95384 84884 38011 25496 38443 35321 35991 12642 58509 64616 91046 85426 70826 
24056 47611 85680 89688 79629 64687 99687 3582 29582 16352 1142 39043 53862 16404 11901 11597 94490 24552 23333 95725 62563 48828 34167 97883 1171 63160 72743 65786 54205 58169 52964 78261 22131 54995 84300 1760 19682 83986 21693 49263 338 39186 4657 54199 71942 32909 82148 66431 57461 5480 62155 20023 54307 12673 34257 55477 75832 6999 37615 30036 81519 6930 8296 3650 61924 8947 21761 81605 92933 43453 
47219 9622 82639 68227 80172 70932 1136 62319 37362 58596 67798 15868 94970 38457 28540 29226 10285 20723 52576 64251 50758 34095 71180 75406 54096 33104 84352 75856 31060 93636 19308 94631 19609 18298 62857 99781 89229 63992 78451 42942 38939 62601 75161 33908 17409 3700 79485 27693 24422 48413 91944 91532 98859 79475 83289 52954 28930 67640 28809 59990 77628 64468 70972 97236 99118 50180 13368 4698 14172 8171 
47640 69462 70771 39152 19722 88179 59204 15558 32223 99977 63970 24166 91508 62828 3641 74796 15781 32570 58788 60941 8911 52767 25409 96234 50002 24526 46414 79722 45575 76937 87892 93214 46398 58662 48718 82471 63192 7921 98029 95414 7897 61998 19580 15757 41178 39572 90552 73310 88493 65691 34251 13756 18457 76011 9989 84811 16888 56402 64532 62462 49690 52423 72028 96088 27436 20745 94910 90627 28665 92938 
86040 36561 71288 21971 52317 28817 77894 59221 2126 82739 41263 36376 96494 59720 28738 22834 44530 45625 95588 25413 8087 45277 77835 80114 57716 21622 17210 52626 12248 45874 45563 14639 98786 33202 36610 67455 62018 30855 26675 64144 13593 67937 16871 26438 44008 45609 49272 4889 91233 44859 30301 15671 6487 24487 12136 64203 46108 29345 16828 74707 91570 62390 89346 90356 11944 42307 74162 73961 89513 836 
54456 3106 85124 71327 45895 45484 33287 95166 50372 40871 56376 97025 56542 62863 21511 85029 27065 83971 14374 43892 58677 5943 22633 64374 12650 50928 23032 86811 24889 12545 3998 79344 32002 5474 67022 77896 50957 308 89414 17680 41179 45789 31056 14072 25003 52567 99100 68419 52889 13473 12310 27917 35768 51295 8643 64769 2222 31674 51580 43462 60570 71929 39158 92571 77402 6179 86819 44710 6487 76232 
78742 64017 38372 9797 78088 79727 78715 77187 48145 31603 7012 76807 75872 59131 44453 84514 23899 63026 16187 75478 6488 76757 63759 45645 85679 41160 51823 88849 2222 74661 65080 97315 38677 19804 7111 33116 99530 2178 10303 64026 33780 33666 40832 26003 92796 85284 10516 16694 48310 43055 8524 71149 19811 72282 16793 21841 29793 84967 10690 32014 75980 92121 29328 14656 11924 52791 64124 27805 54968 90778 
8183 5099 24443 49014 31102 17238 50650 41617 50283 15311 84671 58806 2811 20833 47439 19603 59026 77232 20921 69715 25597 96900 78187 71277 27908 6463 40419 92031 34267 95386 82808 42449 16836 23602 7815 64289 57191 74816 5906 7473 6478 6928 82631 9288 44113 30069 45242 19490 23652 66162 5556 65601 79414 83742 36877 7321 90204 93647 15703 40823 89032 14862 99623 22219 38463 23789 86508 12005 98604 8765 
19477 5081 32044 2107 14368 92508 48528 59609 11997 88531 42123 17552 54131 21536 1294 91007 45208 7849 84653 77262 48671 90036 92123 48294 28607 46937 72082 15114 58941 87038 23878 78417 92118 72273 96876 22838 64781 61755 98798 76777 50285 57272 10681 4416 95159 11974 11774 40366 36174 12779 17627 84845 19166 26101 49490 47772 73037 37923 79237 31977 24960 3114 26746 33430 75387 39973 72619 56519 1727 71416 
33295 68363 28688 60327 72778 40198 72300 904 80564 24826 13682 14542 9670 49199 40643 59159 96971 30031 13433 76207 62008 38393 95673 5105 71822 87411 45077 44440 43929 63155 32207 93575 31517 77246 53902 20647 17444 42553 21550 14359 67378 51583 28900 93399 781 85894 68909 97751 15925 82342 90310 77932 20734 85982 99388 8907 89744 60816 69698 50024 23970 1904 43598 71838 95502 13851 8836 12945 72756 46737 
27303 40133 98319 56202 49884 99100 42096 18792 13202 74372 1133 19863 68655 38218 22196 68042 63476 11939 28857 33173 61962 69178 51429 21912 57367 46930 52114 66203 76226 24869 12939 3528 81354 27610 76081 31237 43061 34528 66380 56262 25251 83865 92477 93905 38434 14672 61946 1910 42963 7154 51434 21276 92683 19214 59539 50050 66143 11653 32604 58720 36521 61894 78599 34226 89503 71032 65462 32563 21911 48194 
5177 47162 32058 14005 41066 70491 28676 3012 88752 87990 26517 40186 9266 19200 59399 68804 85601 41894 80456 18204 16965 33329 96449 95564 67554 85952 66595 49368 34866 88505 13913 56394 35666 45970 70398 76732 32812 99074 96095 21564 87063 38963 78101 12680 58162 53851 81484 43762 12096 78291 78317 29061 27971 74766 24624 11877 77069 7570 77596 11934 96074 91508 68328 48092 53829 38725 41175 86640 54150 37269 
24555 57565 76231 2655 70244 50745 72858 51727 10858 84953 46370 5527 30365 74340 80292 54988 86216 57360 62557 63811 85645 74983 71670 70324 23074 25498 9049 80600 12138 79550 34220 53044 37114 26802 72051 7358 77546 44908 75436 4756 46212 21805 10282 76577 12497 6925 47916 98712 80636 10473 78875 66280 1807 50544 36604 41232 76042 62004 21831 4531 41553 56050 57574 78667 99203 29624 86024 76749 74531 77811 
97856 37095 99616 8137 13671 12112 15061 61586 27175 95696 88410 6049 78327 6568 72945 31282 47799 48986 93285 85981 69868 34838 58382 27441 29856 57585 57065 15879 50685 47947 93689 48540 1393 9656 56676 15063 38119 88088 76649 65294 135 81410 87694 78461 87978 60638 9743 52128 25975 3027 38109 95842 54216 12842 39635 84071 70426 13051 16301 21110 77349 26342 86001 78742 52349 59028 93804 90468 47115 86804 
72113 47249 84566 76158 42062 72543 36796 51804 24670 79122 71182 79130 91316 41750 8324 47302 42172 78749 60352 74825 16211 37700 1166 18563 16441 69866 77591 26597 76685 24705 29752 48797 88306 14317 24955 30367 3211 78102 98522 44233 73575 69703 23362 81242 27804 31685 28543 69976 26786 88894 44800 59348 42946 62317 77910 75738 48534 55500 18686 25219 96557 48438 74015 84862 62754 15321 15228 65965 93422 13749 
10197 66997 99803 49910 48238 43959 97947 93133 13934 41084 82026 75085 431 41323 53753 94692 33413 2286 50192 52098 27504 46748 535 17871 31609 79641 33191 63188 61957 42965 93288 88505 26313 93090 54766 74550 37048 52712 84034 67333 93795 82412 58769 10577 23734 28873 5269 57146 47511 71812 25596 91366 34911 26130 9236 82871 22122 58779 46058 430 1743 39345 88934 28055 48786 43700 18956 2186 12763 2990 
85870 22910 85401 44639 33486 9134 89863 55106 82632 37373 43269 8227 28739 78179 50708 37974 61049 89182 96752 23458 89611 14846 79154 78545 42900 44292 38596 61856 46477 51358 81197 32346 74267 66597 93336 24105 92082 83199 79210 91065 20571 38831 99291 49309 17009 66351 3635 94410 55532 16738 34219 61494 31584 13373 40038 90835 57664 94985 69042 20492 46343 50238 69189 36961 16834 62525 61065 25268 62075 56627 
16332 82645 95457 31975 48306 28817 14677 51940 23226 86560 68677 57445 48053 16612 87169 4443 7447 61184 99427 92840 98027 45769 43078 67215 99082 76263 29739 60146 1530 91813 33124 34214 90810 44932 82540 39115 73749 97216 7406 13326 83775 92434 87122 31827 9046 90642 36269 32844 51825 52048 25683 49851 14168 85112 33418 13249 61375 79508 89747 79256 71321 39222 29821 78482 84154 12360 17596 74254 9575 41353 
87579 9701 33786 91053 41528 59183 81694 94148 92026 49871 62547 34061 16073 76715 35524 49490 89963 13250 28998 96061 92506 16670 35283 38678 95151 19436 51038 29098 93689 60612 70450 97619 86665 4235 5023 28192 63418 86717 38691 71795 52939 17590 22207 69011 94304 57731 34853 618 70980 80202 96679 79837 96871 31961 18515 8373 67748 69552 53822 77788 46515 24271 91758 33179 44857 96781 77722 24626 99849 32765 
12773 52787 50354 34979 38149 61009 9061 89353 61626 96393 69554 74656 76229 82776 22968 11095 91148 90715 80646 44969 84854 43513 85591 76612 93043 30448 89744 87117 71425 89592 36233 84197 58730 2938 35528 13230 63946 60940 2583 25571 57332 88488 16579 33561 71264 39546 61007 78763 30261 41653 23732 31466 1517 25674 24429 10911 72473 14172 98027 43898 20115 50611 44446 95196 53548 96325 8426 17493 57265 27360 
59416 14596 15847 75994 64508 3462 15539 25515 82225 62151 83519 22308 93617 1387 47981 34397 12297 20454 48569 26676 80703 85035 77286 25148 96583 30834 37825 21360 48326 95089 48719 7741 9684 80917 86 90544 731 15625 16058 82955 77775 15928 21614 87743 17314 69594 22140 29610 6399 87060 72637 3453 88446 49923 44953 85028 97108 82777 6387 45433 77865 71457 69526 3900 68726 69611 94443 69456 1587 26852 
68762 95714 42779 90375 83456 60092 76320 21947 6054 82719 25358 78690 86171 30156 44964 47475 15183 42071 30251 37922 3856 8115 25730 89733 12015 10807 75695 22809 96614 77282 49661 65375 72995 92439 72101 72802 68883 48421 11101 74936 47491 52810 69977 50013 82965 31293 97488 14500 89715 27738 68773 93570 52205 10854 99654 80571 21661 75349 3379 34626 52630 53039 16353 41976 61830 88453 31129 30712 53225 42229 
21999 715 11391 8327 67080 94355 39619 80919 8854 29334 25008 93978 39255 77212 4832 38909 74134 42844 30609 77513 77469 83238 46903 93821 41565 25084 98626 72693 72147 51850 31274 94145 68917 42664 2472 52348 37018 42090 33266 62224 87775 58273 56201 27030 35485 77384 82290 25970 20227 12898 19834 97696 12487 83089 91516 54051 8172 90141 43095 80319 58343 74368 74463 43611 33383 93286 95958 70401 35376 29223 
