16 51 5
70909 49112 72368 32145 24683 51011 80285 8401 33919 10865 63854 22463 36301 56162 11164 26034 88527 32145 4800 71663 47372 42246 11509 17415 18334 687 68429 52235 53254 59579 9583 24163 8690 81950 72659 49725 49312 52943 58125 83231 63807 21978 5693 107 94491 33209 42492 83018 65353 63643 71032 
12724 5889 82541 30139 40574 99579 98567 9160 52832 74497 18743 93346 83186 17044 82356 49262 66356 35298 7386 65938 15456 29363 87982 31915 40206 21190 74406 23223 86543 38049 94254 15618 60289 93146 62108 17214 92724 77026 26373 61908 51522 61467 55253 51060 94863 37609 321 77570 89258 7707 43507 
4714 53421 31488 52980 93626 52678 43737 16848 55572 98137 27454 71189 58425 20599 33297 91990 29675 26674 18363 91582 78196 96181 46834 29255 7395 794 29575 84964 90052 53633 28470 11117 7054 59958 64096 17031 28987 24184 50231 84558 22321 77684 72098 97097 14634 21746 89087 44308 48420 23801 35889 
26615 36333 99075 72221 43728 99868 18147 28691 89919 71780 73513 1035 95185 49822 81482 28567 78808 5666 78797 63365 27986 56480 51814 41434 71114 73560 30520 31773 21979 54320 67662 64945 7005 66736 37165 50732 82955 55311 95774 72874 43442 69286 90260 54978 19107 71742 83545 97914 77407 62341 77630 
21744 35173 29444 63177 22638 19355 10049 54410 41333 64368 38423 6277 87724 21510 59793 38455 4465 15103 34229 77338 74897 3514 67597 29874 38973 55690 29770 53238 33096 92111 30868 71191 43635 76663 50720 66272 96017 60768 37033 53701 41487 75456 59977 29211 96965 36121 67665 1429 67575 1893 95118 
42471 21759 79067 88697 60731 34756 18466 13968 84204 26928 61187 55394 70562 54201 6113 53185 66569 66880 90218 20269 8367 65673 96597 53929 78989 32717 21593 80418 292 39838 75535 42762 61596 54601 47810 38678 5709 82628 52645 89912 9555 30184 61657 96469 84384 84122 66005 50953 67353 56222 71221 
92071 38246 67818 45999 17235 16886 67592 14004 17177 7429 5890 59939 85376 76843 24100 24053 82551 6727 93049 72462 16282 23232 50470 29102 23968 34591 95106 74920 1944 67680 62492 94014 22277 46661 56365 55863 63547 23956 69866 80723 47736 92108 57013 33111 68950 81113 73515 51500 4191 66563 40313 
36824 89795 90782 65925 13762 41725 77383 5033 60020 61414 67524 70385 83690 30537 26749 55905 94083 50704 42122 91157 14791 34229 48170 47901 3178 45634 21415 54677 49824 4330 11341 86648 10476 18475 68924 40589 60199 46306 45621 20218 24071 29496 6954 24113 60032 33703 80017 70466 758 22138 61623 
15549 56367 26144 63449 59544 71777 1216 30573 37952 21897 41913 24599 32372 76739 9875 72960 36937 72532 34932 73506 96603 80779 80460 20715 57163 14162 17083 27628 14919 39220 5602 46819 11938 31745 26620 87834 19873 27835 18406 57825 66083 76670 98775 98454 53409 8649 87765 6697 81181 39048 80203 
94135 19826 77014 31201 93340 7527 48283 20968 38797 3854 42921 85616 32144 74666 12235 19977 10890 56421 54734 85066 22503 31403 83841 37308 1163 8841 41424 7860 6373 80471 4414 507 16648 97779 48059 9988 5305 12693 47307 44101 16547 90227 29716 65042 81244 58302 85018 8486 14722 39751 93551 
53576 87505 77391 90883 5020 2584 32306 29231 8956 29128 33644 25815 45776 31422 73873 72115 53078 86566 35773 97178 19464 42351 43246 857 23595 17899 85874 48432 32621 41976 41982 2548 45832 35725 93431 50851 38308 42088 80081 63615 71216 30076 89429 33343 61497 79654 5457 30926 82571 41229 28104 
18386 83579 87701 19242 23525 21951 21467 88308 54571 63442 30290 73471 9273 82366 66901 60124 37025 25340 56556 639 96555 86632 6420 46249 64480 86073 68057 95406 68643 9285 39861 3380 9216 43913 22621 49092 65863 44087 37400 36786 23880 84041 10256 33152 82758 77156 9627 19782 18847 66183 20420 
15402 69166 26839 78002 33645 29263 46059 29050 14257 71695 85262 17636 80910 29174 56608 46354 95037 17046 105 31822 40925 497 42077 90429 83254 35584 16407 19387 54430 98941 39806 86183 68106 82997 64185 1751 12259 26595 47152 42868 98289 32414 60503 95551 61587 33463 41904 72975 50508 58360 4796 
7785 75208 63224 98213 58461 15159 14619 77847 85941 13560 34004 88475 98017 33352 69011 16119 61963 95605 63271 4830 93894 12036 81684 89444 89974 15146 47699 62949 82006 22410 84096 89790 97617 63672 4354 72429 78830 18972 66627 81122 48883 16982 69597 63252 50334 38607 79370 12296 50564 58992 33477 
44457 71027 15160 50252 61001 30306 14302 40301 12311 53063 24396 18452 67031 88067 22805 39459 83249 58128 22437 64370 7011 39418 50318 86614 6103 5277 65983 18398 55840 24975 51874 16648 12353 83386 83251 73353 13691 13904 13653 42353 66966 54401 77156 33996 58819 99960 89806 42067 58087 12242 22789 
81449 68011 89458 68062 74114 94734 50397 8863 66925 75371 77089 83572 87723 60474 83174 77428 90516 97077 7432 49220 80394 78184 26375 30741 37003 26334 20546 95421 772 49139 18209 98573 33502 7667 82986 7615 18752 33382 16477 85677 25104 9917 85600 29179 70390 68774 22958 60905 82202 30389 10124 
