54 39 29
78907 67558 53986 75363 57232 99115 8631 75154 37005 63852 43594 38779 48179 36268 51379 34299 62233 44440 24266 75359 40290 84930 19744 42265 14296 7741 82419 38849 694 3709 9096 79601 71267 79433 54963 44850 78547 63594 20003 
31904 27445 79949 87034 91975 16216 38412 26274 94800 99203 66891 70159 39492 51820 6254 81757 82467 13994 80527 21315 14688 84235 46763 94288 71853 26195 65602 16702 21094 29195 53057 69349 72992 33005 56382 64966 65572 11145 7591 
76724 10347 74481 46882 49838 42652 69487 47946 41471 83480 28472 62785 98167 29059 9547 8806 911 52094 74408 33965 73187 3602 3373 42535 92945 36377 98916 57911 18300 10060 81853 95023 36758 72686 58256 86595 15337 27742 50893 
56807 27574 95716 35944 25740 24774 45490 50898 42037 13935 25305 92353 87121 45258 95725 46007 38203 48453 44922 12465 83104 71333 10669 78127 8090 83354 52734 11037 98691 80476 61929 71849 24401 57644 7792 50140 98770 69634 17389 
57158 83568 42693 49510 87041 4303 61586 33047 58857 26390 94321 87673 9493 65653 98341 87619 90095 81695 56705 1131 96737 53532 63059 84937 77932 37054 9081 44423 52175 78714 61812 9332 78633 20856 75193 82025 41510 53130 15072 
366 79519 25744 4390 89012 91396 2731 92982 81490 777 66038 98972 97513 19569 62030 82449 97500 15436 91529 41923 67610 86594 20086 93294 81579 40941 84838 63603 98803 37968 95026 99168 17486 20769 19910 22849 28517 22640 32183 
26358 23416 98220 25330 37280 34141 87359 36080 31640 19146 27609 89914 3108 30554 9999 96401 12132 67292 81238 92087 66094 19205 3464 81613 53043 24233 1522 92243 52749 40513 40777 95458 63928 55349 20787 17559 89489 24498 53639 
21128 43643 97599 27394 46750 28152 37392 59502 56636 21035 40740 48722 3480 76296 52185 85093 45690 92769 2966 37933 61869 43479 95061 57327 23758 50409 78113 41317 39897 2610 94955 77377 62605 92553 4770 9354 37056 58513 68856 
93691 79548 25947 58764 83027 2242 27301 84471 64284 36421 87437 18568 98290 47267 13628 71968 71024 64037 50080 28692 20285 69042 39998 97661 31646 48902 2430 57351 85958 60943 42558 96000 56842 84856 54764 56220 3450 98416 40691 
67733 34836 44479 86300 33125 91745 99927 5092 62768 80315 71524 7812 600 56917 47809 14612 88562 96711 17042 62264 82668 94336 21174 95019 51177 6029 66134 7396 9478 64549 64438 77210 99385 8916 63509 48861 660 79788 70305 
79780 76454 41828 87591 93405 98744 51751 8017 3657 48461 41410 82272 47480 35745 3445 42499 3273 25826 8632 27020 35303 89533 91458 12513 88917 16725 92373 54129 33737 88512 24433 13516 81318 82612 17458 74722 97707 69208 82738 
17715 34021 24147 16339 81500 76243 19783 40350 95867 45608 65334 22887 97263 54866 30696 26127 60134 47420 34851 30614 81156 23363 55047 11023 4680 54010 44832 95753 68069 30392 78491 85783 64412 18989 2121 62263 11584 38256 18965 
7450 215 84298 46688 97477 55515 93735 39955 32000 41155 74806 62613 38662 14520 34011 66037 35551 88021 10868 31303 56089 41259 26145 58223 22022 61486 76696 637 73069 31303 19601 96870 31517 20250 59910 45346 92116 53644 85300 
24115 11150 60105 86727 49812 74624 20738 32200 10174 25110 43067 57829 97550 678 83973 72124 22699 45458 48819 39687 34878 96473 59287 48100 27990 95888 8009 89687 88003 61652 74986 12117 72802 51443 15196 38965 42418 35933 71164 
68944 77394 30582 26772 74943 31259 27096 63418 70310 72554 28589 9996 23783 25061 85635 71882 69402 81522 96242 59088 69525 57894 50426 81641 47047 1868 96836 2363 60637 49120 89878 29580 26513 20459 72703 17807 68070 99799 81225 
38379 88704 26165 64726 12486 51225 50360 720 20627 31882 96961 96066 1406 54854 46491 99398 18252 64710 12586 36966 25347 78057 26843 71278 4570 47302 43981 38728 31723 43779 36304 70101 32482 62468 51178 61319 30045 1538 62038 
50671 49771 58999 63088 67528 30204 9579 66925 64808 90640 95862 1773 32338 73919 28616 19968 94840 92269 63948 33567 23991 24078 86223 10443 72911 65042 77972 34229 95086 79509 96267 62108 29279 71617 25196 13158 1820 51126 80083 
82979 58117 75944 84752 90455 49862 29719 10422 61053 38339 90721 94620 78681 31150 97194 89123 4060 78587 83446 38288 90025 62955 50906 52132 8585 38874 93679 21743 40694 61156 18177 40024 19273 10472 24775 26079 76686 54493 52852 
37738 9183 59924 48709 87863 91073 45902 93337 95132 40841 76783 49771 30865 39737 17029 82996 64673 55902 93027 2767 12947 70534 20943 52971 89806 31415 94097 32236 24452 64942 1439 62189 74124 61362 10898 61987 68786 73151 55323 
80269 13991 32105 46392 44855 88193 63420 44203 69218 35673 37229 71984 48620 7762 92927 17942 13920 40693 12038 62507 65144 76979 80298 27332 51103 58011 54581 29441 26797 27732 84763 7065 58074 33220 69808 2929 21412 33227 47131 
90629 68900 711 62613 33871 24824 71891 51812 55095 28935 80201 17602 10430 73532 97899 54113 24634 55909 8694 54074 99057 52777 55188 22474 10850 88407 92281 30130 26171 25508 93612 33151 10759 10674 12115 60981 35498 357 29144 
90592 29291 9344 24545 39720 82875 38795 93833 23860 11056 18878 94285 26464 71654 65825 48937 98855 70583 57570 28985 96753 99429 38948 46256 10187 49622 58370 87519 85119 58727 16662 92062 4369 42357 32959 44089 41584 88105 54273 
65443 99160 73150 76080 41976 61155 41904 90912 60009 28838 48481 5345 25591 47909 44293 88198 74447 10266 46567 61965 95384 21645 94978 3797 26014 37335 36755 86454 78918 24860 57078 60712 40371 46579 53143 82346 7733 11398 89610 
84093 40236 38090 5790 82178 2351 66434 70375 76797 76699 33293 55114 88434 54938 50091 92230 97303 3777 28985 108 82694 70196 57185 43406 26918 20115 12900 9264 44199 24298 98873 28291 64533 53314 50432 46710 72016 16865 17084 
65165 93563 50376 20278 81996 21665 86720 74226 35319 90497 19562 35426 89542 6109 8962 49299 33026 29076 62199 58641 73274 86496 73865 17917 51028 27179 68348 14089 15546 1565 31172 80710 95127 97899 17339 93475 35916 4059 84052 
71234 10907 19965 23012 448 26073 48325 49747 75450 93753 11945 34091 67026 98440 7955 1294 65819 51485 85994 79907 67031 87558 27430 64092 99036 41680 81431 92510 93947 85489 92913 65181 96395 12877 4544 96842 38949 52868 62940 
30751 46620 74884 64841 29998 89675 89147 47643 71845 56984 33636 51751 40366 37545 95532 4457 36581 37212 85887 45442 31158 87727 38355 12690 84121 51231 33585 97315 6532 86453 76606 37282 49424 67842 18474 95773 57516 23972 43416 
29361 80955 93403 97463 37672 30948 92995 42129 83880 46558 44367 29321 77715 32094 67675 6757 32566 35258 40341 46232 58141 43145 22838 95422 8921 90679 30247 4693 64546 54218 48108 93906 51525 41511 7721 89196 88810 715 47676 
72689 47272 92043 18361 41338 40488 2388 64446 73053 37645 4787 35637 95785 64283 58474 7558 73203 65504 37804 77896 30049 8373 42355 40307 76249 217 48027 81797 89026 65093 29472 78066 12364 37866 96427 70053 94705 98814 34499 
84110 52810 55637 19746 48594 19919 94571 72503 9474 60074 26658 3721 6474 35030 46075 46780 11279 62644 11158 9427 51669 92602 55250 46087 21317 93116 42513 91370 4172 57678 42220 88281 10487 97856 8026 75432 34126 2596 47934 
43599 79021 74591 63671 85495 25972 9746 48626 53602 88741 76136 63028 56761 68737 18278 2847 90054 27745 45359 97775 31916 3036 39994 20197 29874 37849 44574 5305 88326 63522 53238 31925 58894 44180 95595 44388 70152 21692 9366 
23753 26784 1853 86781 83545 86941 21410 86391 76994 49154 48102 91120 81069 67489 31113 17617 97363 85313 62191 2667 73639 42064 72257 21915 957 32788 33861 61697 2939 71905 87414 43044 98688 89266 46176 82232 76206 67585 68623 
69552 16738 16724 60671 14158 84212 8136 31775 97926 93448 10317 593 67086 52380 89201 5352 69688 21988 39213 31384 41279 11117 35149 84322 9804 24414 30497 92036 16972 14433 77010 2875 31170 10085 79897 45327 10648 88032 93453 
8574 81480 3769 25518 64917 72500 31070 86621 42188 53057 25833 89923 10687 36949 25072 95008 46752 65837 41856 55139 82808 72640 32148 2034 3809 42232 81931 65488 69232 69962 58940 77805 67793 79061 19674 49062 51560 50743 35682 
10099 20151 61514 22 30838 14814 41445 42197 61565 7281 405 33056 6441 73044 81555 8474 93205 23787 6756 75044 9370 76718 33983 87174 60862 29395 23199 9923 80955 73941 61956 7405 94091 23469 23778 41280 54634 65222 83477 
32551 88855 83881 65606 11647 73276 47160 36472 66480 87298 43228 41523 96667 19945 91858 192 80806 21252 23390 7081 18558 13682 69036 42315 7773 8857 66092 65404 63490 47666 48880 96040 36520 49112 61645 48166 22388 8805 84637 
5219 12454 44216 63094 9121 64160 54951 25664 61318 92554 49054 68398 27464 79087 37433 69778 3211 46289 52221 68615 26131 99886 17494 22170 52757 82958 83815 17274 5345 8971 18263 26915 37776 62478 90008 63248 42990 61310 88912 
4307 70216 54317 89056 14031 33403 42840 83808 36614 89129 52380 5228 31611 52266 39073 53780 21374 22030 53946 38648 43726 62916 56910 70641 17044 35739 77000 80291 78728 54662 69202 83034 24877 23518 72089 38907 73273 14929 39066 
9886 20409 91445 31465 52019 60062 70537 22150 81436 8919 76096 36435 52644 55363 9696 39636 72406 45434 16636 52697 24162 71297 38250 23547 12525 61768 95636 67783 51392 26916 6848 77629 63676 14644 9093 32046 91058 95981 54195 
88845 21251 30290 25279 73895 2005 51326 29882 74410 96759 46517 43458 20920 34165 81708 44467 63041 59827 56454 30823 11218 99721 54022 88846 63396 68666 14290 95441 76075 26622 65987 64919 47873 96277 6549 21767 14633 57874 51648 
89042 54632 14517 32500 91904 65033 14207 52722 28074 74033 9175 75248 1602 8895 29270 90447 88642 14287 21088 434 90361 47709 66420 71631 95581 79048 78179 33699 93680 52404 1699 99074 7035 32567 31573 15290 97599 62131 68011 
42024 52515 77185 33624 54116 2431 79245 60914 7424 93531 82001 7857 243 29709 74277 71873 41642 69676 66403 75340 63356 18806 77038 78781 42192 25956 10353 57482 39907 88835 25492 98282 41349 19029 31905 11816 37811 11149 72729 
45235 21031 54729 53091 21273 789 43719 9497 42430 29747 92251 34122 9454 11056 27511 88234 69600 53467 14938 27081 93373 3772 68924 91654 61472 87952 23559 73287 25763 51059 46015 87349 72090 17095 40439 93362 34235 510 19211 
76665 30256 11461 10786 39709 38869 38296 27942 8468 91762 42879 51900 1486 46650 20823 93140 24473 25127 33050 97759 67241 460 60125 54589 72549 77219 11379 82263 27805 11888 1473 4469 42143 29285 31606 98203 68153 69902 26144 
76620 78015 85374 28519 95853 48375 65694 5344 72847 90820 38393 86957 58060 38852 47081 29000 27753 40651 40378 10015 68456 52266 27839 89276 10760 57123 20882 25315 25276 90783 67810 18247 85149 53184 46766 81001 1558 28811 2696 
90757 35982 57440 77713 94041 96292 24794 39392 40396 81796 79769 50410 50251 48386 78248 39527 75498 51722 60408 812 76997 67542 68621 95244 69042 38156 58361 66395 56066 3523 69090 46822 39504 26530 24534 49896 39173 65679 89287 
79568 63827 85407 46329 14077 33793 40928 69955 25642 92649 46714 42805 85998 30607 11425 97593 16001 65933 55953 82395 21998 59475 67836 68819 98978 94365 9704 65225 49889 91735 54511 45808 55561 39917 8488 69637 90061 49415 55944 
15702 58416 19009 58506 44413 49616 86283 42005 65616 52215 14309 64362 74212 90135 32197 59382 5464 26562 69085 70688 92802 60819 25198 38610 16379 81466 47097 2368 71527 12864 58311 87228 87631 93671 62086 48395 43286 48368 90399 
8901 16934 21059 73262 7497 11193 21811 66878 16656 64724 35962 3695 57525 13133 28892 12486 45863 10357 75935 48230 98235 5150 22892 85463 92780 16563 63900 41174 76200 12267 47924 1453 45552 68982 91066 53048 96526 12876 19925 
29533 77599 72238 33227 35124 85370 78470 63961 31233 5178 39895 95814 3413 61396 18706 88875 54175 51620 52774 95348 27819 81392 59623 29271 26943 28604 20337 96342 25129 33212 16266 71013 27163 88503 4239 62286 90225 82708 42598 
37809 87886 98845 33622 91298 60240 68679 96524 14415 20298 65649 26114 48117 63392 85737 93739 6686 30692 30427 3027 55821 63639 35644 43185 90801 24146 47424 69438 30722 46483 12035 68530 50720 10879 2152 58369 71119 70830 54892 
1885 7480 36892 27998 71948 283 30086 65686 23320 60778 96113 42698 32950 76103 78341 76134 83255 18839 39909 52692 49560 86392 81078 18090 37111 8309 36593 95480 95779 23774 66723 14015 31253 3615 42012 19552 20249 72098 85238 
59921 49227 97702 2618 82176 90156 80959 58309 73410 99797 98218 42453 65708 961 23530 149 38071 48190 36741 49902 60320 60515 16625 74334 8119 36591 16346 27671 73191 4795 29260 49463 70373 43313 52081 52548 33468 49391 27208 
6877 49187 25425 49329 31246 42737 89210 31395 80808 53752 68135 47061 14071 45001 80037 88405 69472 16627 21102 13494 6170 42248 42753 55632 12620 86065 24064 65167 19532 73454 92374 42760 38992 34151 8440 70238 76887 97649 1632 
