64 9 2
12950 52667 99446 12914 38417 27521 62297 60137 252 
23900 37029 10975 80210 56083 73487 16616 68873 32442 
90787 40298 64837 97291 5480 37605 97202 58780 18141 
10623 20544 1849 50008 49845 70867 65806 79110 9284 
9678 41407 69420 26282 81658 22800 37256 78220 95234 
27094 94835 64106 75888 1974 20755 57076 99264 26234 
94680 96466 85014 29172 23440 21909 47372 89799 71753 
18239 55604 67215 43874 65282 8621 29645 91563 90278 
52444 45170 68497 47677 88616 79684 28134 64503 98009 
48889 21578 97272 75122 32609 10089 60135 61781 33528 
98395 9152 23327 86500 43742 95282 53714 87615 76915 
62334 17259 68477 68963 86054 29999 53812 33730 34966 
49847 78216 99468 47855 27104 37397 45126 2225 70005 
71567 78712 31785 5094 77106 57289 44772 63605 1030 
40054 17318 4997 16968 96003 38607 1797 64966 24661 
48147 35129 74742 83112 84975 52957 98931 32829 80060 
36327 94306 98637 6331 65872 77348 54468 87318 54453 
11756 32089 34410 12785 88494 68079 17781 21814 64082 
56388 39962 45399 97400 4460 80527 72141 3923 81853 
41450 2853 14681 21509 39179 25338 20145 61861 91210 
13844 16328 94879 68297 28083 43319 19058 57220 31813 
87136 91352 69978 51217 64091 26291 12967 61490 30750 
9845 49983 34672 91697 91432 53876 22729 29292 93054 
64419 49437 71266 71980 63280 87594 66858 47928 32028 
10176 83337 89247 58340 70473 96951 28317 38041 61041 
54607 67360 22531 1708 77204 88865 36379 85253 80296 
90254 7981 9587 99659 72399 75375 70925 44378 55007 
74870 27587 19286 6897 37763 2623 12496 96102 89447 
9446 40771 43839 70486 11729 11198 9368 13437 4754 
98232 49815 90006 94879 56421 14338 20818 56079 3089 
12544 43355 63818 67550 18224 91405 3188 41473 45519 
22162 70320 41620 27960 79765 98742 71798 66602 10471 
99348 75970 23907 20453 90553 90073 10458 1784 46493 
41147 22601 18924 44235 51496 62278 8053 19046 96854 
15809 38585 54678 61327 60746 24997 19298 88705 4761 
18040 76854 87714 28510 92553 80035 68768 13005 86940 
58840 39814 88723 5333 80961 27675 24256 41547 79170 
2885 65951 14567 16090 81759 53151 70767 59437 30248 
12115 78735 35304 33227 96774 28510 20941 41635 21062 
975 10402 50419 87914 85593 6584 76636 90925 3896 
20662 31532 45443 16184 50769 27745 30750 83210 25856 
253 53977 85292 46852 82443 64026 98508 15670 77151 
27017 36610 35137 64430 37584 61890 31200 41850 47483 
37784 34837 38407 41679 55499 86291 3473 88034 53411 
31218 18783 36620 57073 35387 6948 42364 82239 89391 
22742 80746 5060 16244 24114 41669 51381 88543 95604 
13270 19743 37453 77104 73878 88642 31863 15556 44140 
18153 19029 32173 71563 50246 67307 8182 23670 19046 
31482 82385 17636 20872 5126 14733 25931 21370 38846 
83951 89102 43740 79554 18723 79834 33359 95827 53711 
22000 27689 69267 82491 62193 4647 31015 33755 71244 
14673 58288 94913 33718 89769 77297 51353 26992 98775 
66085 52922 20144 21282 53224 25597 65022 49130 44319 
44855 82488 40145 98566 20839 84185 84184 19681 46377 
88830 67047 80131 60073 81719 54771 54985 31789 60891 
48633 99493 87883 47407 81930 57156 83902 3211 10380 
25850 84584 59509 70169 29439 58348 26665 44356 95538 
10850 44891 31570 57226 33720 98616 53709 93792 96686 
8479 65128 28474 85721 30112 44319 89955 93871 26248 
63463 94124 29458 73842 19974 14042 49702 90142 59832 
24401 16806 20539 36290 44007 65429 67859 1233 99148 
82826 54941 9291 95863 79771 90770 40689 81843 37233 
85007 71798 31103 11254 35260 25227 40711 25453 45200 
71104 91506 51693 47287 32258 84850 67825 68547 28857 
