37 46 37
28191 45877 29596 20787 34424 4566 1362 49313 10888 42955 671 94372 38571 35897 88296 1161 91193 86405 6341 57188 89248 67712 47403 27747 54977 15958 19902 24065 35646 74799 21132 63837 20676 67079 975 71451 87996 2337 20763 15235 45291 37786 9606 213 73682 14253 
17726 81226 658 24066 38413 6257 8129 2167 50355 63105 34477 70256 87169 70122 45055 24652 33958 82082 8082 34933 53532 12430 53621 90646 27664 15263 28431 53622 15476 2113 67874 33201 99690 68531 73618 38103 91140 81746 56621 41494 61202 91097 28102 64722 61219 73156 
5726 11528 71589 30159 62812 41472 42588 32784 32117 70252 48047 60548 23873 79874 79012 91746 13074 78701 76629 3043 33155 84120 1140 6128 25613 62341 97224 53714 43414 74794 43221 49139 2674 14809 79298 81837 56280 21885 14621 4749 8488 79019 81648 48712 58892 60659 
56810 88317 55711 33438 91359 5218 17557 92498 11345 59521 54838 24920 13235 14603 99714 72807 63742 18739 3968 59391 575 60247 97627 31547 81347 22467 10565 62994 71178 85808 23652 27987 74124 95715 77776 65482 17284 95332 74331 44980 71205 29168 69899 84439 60123 85964 
73597 40216 4702 77564 99606 21629 37811 13584 53175 35509 36050 80092 98503 7228 82251 38506 35214 56375 34220 29342 38208 67855 41025 12539 12834 12229 58058 82733 13019 18180 68696 86616 74747 89750 64179 74352 11378 18341 87936 80904 53850 23985 77347 52352 47564 59598 
90857 99130 32324 41429 28471 86883 9283 69495 15773 22117 81724 90183 21201 11094 24714 6248 97709 99461 12349 61888 73812 23726 80228 78099 20982 50429 18436 14680 2780 65999 90629 9989 81480 39304 51417 9950 42539 60699 95797 58311 99167 93872 48493 36719 4965 89559 
42967 19026 89019 55315 80913 79182 95393 77492 57281 32726 27921 92068 47405 47052 74418 54386 57040 55898 93689 8456 82199 36227 85507 77995 10890 1025 88218 59382 37744 93183 65292 80710 12208 54310 52376 9472 33492 47768 86963 7124 80493 31235 99191 44250 78287 89960 
98635 51678 45857 8675 60134 28056 61254 61992 22402 72143 63016 10620 47876 759 20154 13168 97820 48713 67477 50196 58184 17320 97963 61498 24443 94808 9085 39985 55409 87371 46297 70395 39048 92153 95421 15533 36560 56674 77524 58962 28816 40540 85933 76692 57650 6086 
6211 55470 54798 73687 5665 29333 7359 19979 90830 31801 31138 99914 88138 86546 3636 34434 73292 59036 42938 68713 74568 79498 25386 68444 54811 70554 8983 57095 63597 82984 63180 69807 38453 34329 59845 44117 63661 67203 64096 54490 15356 95233 70756 19845 98131 74391 
54278 71422 49778 13567 56486 40698 9416 98224 9141 80578 68777 34475 37672 48725 17458 851 18531 55911 51531 78375 27 15191 61930 80474 86033 77285 75707 73140 97129 90189 63882 67758 77962 13660 81324 34448 54357 7092 32671 63497 87669 17799 14323 25341 66523 31780 
42543 1405 4042 94074 79779 4069 9264 41708 894 11648 35344 92952 84787 32472 83140 48669 229 61102 78680 97905 95549 33036 4996 44571 12884 9016 62369 27206 34356 45243 75337 76899 46647 79379 70972 42777 99799 96587 837 692 24587 36180 93644 25725 85004 93135 
90745 85232 54236 69424 99488 66136 18811 20835 27058 31694 29851 5778 75251 64206 51020 50588 57456 97666 46318 28427 56795 46116 41366 57631 63159 82304 10162 56802 8028 95165 49937 98773 96749 20524 68196 96236 3012 87007 33423 30069 35052 63273 35847 10303 43830 86866 
77242 1286 884 23559 46064 57678 86026 87429 31660 49184 69732 41821 22338 94112 36986 88626 92884 33734 9149 61079 46321 28512 64437 79743 58581 99489 43015 10779 26143 86845 13996 19736 88130 14879 59646 50545 88908 45671 37974 20567 11206 24057 78740 33543 18168 15725 
38520 27403 65810 47669 88482 12130 92532 69270 91873 51112 85110 34887 61890 11252 38083 75886 47339 42564 7116 6984 93109 12376 52654 47434 49294 80212 71490 28033 13754 6010 60109 52274 33412 25918 16294 38245 38048 25177 23867 29920 76289 8976 81158 54530 36580 19241 
46767 83918 78156 70235 90902 71264 82610 59907 18697 31903 40118 6539 76288 70224 28900 36396 38849 78663 62314 71494 33260 361 96670 57126 46632 89310 82453 27789 43840 35384 63381 6958 19302 57889 77192 26555 29152 76153 86461 64201 24408 42931 87091 695 13154 32342 
37090 68354 27356 15755 39847 60615 32467 36516 34092 79098 42178 16545 23239 86017 51928 2971 9326 87581 60859 86518 14135 6363 79022 16948 86915 3429 59878 74005 20475 89383 22698 73917 57736 50053 89671 97582 10668 22138 50449 61111 17587 92626 94007 40825 94994 45935 
43796 4320 49867 21006 7189 64002 27368 2562 97301 30634 5991 73530 20990 42817 62912 43687 16733 20647 10092 22756 34580 37111 44893 1380 98221 78831 10358 92228 19656 21703 54514 79803 42374 4380 17160 49562 84733 60880 68476 82033 91513 90818 55562 12503 33634 34825 
72541 50367 71823 82632 73122 6402 19742 34366 24134 17963 29548 50843 26542 49203 72545 81055 45357 14919 85434 62517 80832 86519 23396 49307 68551 31260 40124 40465 60114 90110 75289 32655 40476 47112 15286 29949 69865 51380 80666 10350 85694 10213 61192 12235 75768 50089 
93289 37476 65007 95074 99992 62190 81592 39739 27849 66495 87351 84324 6959 47464 74433 98599 80118 31260 45710 11756 77560 31927 63135 58225 42276 65180 84790 19820 77414 76909 69908 87054 14384 51266 82127 30728 29807 80071 86818 57655 46565 74168 41979 69875 21632 16411 
68473 18101 64023 30535 29856 41582 78813 9342 99807 21088 74521 948 57259 51934 77856 27166 55339 8591 78431 37466 39318 8238 33888 26136 82244 96804 16655 40574 83030 38286 56985 67854 56387 37359 98388 2594 78940 93552 11936 95098 14640 86456 96045 71898 54742 90252 
15416 10080 15195 10198 63897 54512 34787 14136 96999 17031 10939 13654 57604 93968 68291 30940 78174 41029 68298 76561 43623 63590 70113 71910 58687 1104 58365 71084 89353 29458 77687 21120 55890 92881 31318 19786 63745 82456 50274 77095 99486 61212 7100 73442 71532 75391 
20733 49705 16419 5383 42617 76393 68972 29081 48302 44010 46536 23019 15093 52241 52476 92780 73360 8365 2012 21029 44503 82108 3485 94776 59203 19322 72339 66302 9115 60222 58044 29848 9926 74463 51582 68895 67207 20553 97975 15509 80914 60863 54879 96007 13103 7354 
5138 86462 32071 23501 23843 92925 5609 27327 4052 64811 63000 76390 31112 72115 36612 89156 18314 62889 79970 69895 31783 63528 6799 46110 79036 87712 6972 33914 70 20074 57620 5207 22887 6042 45060 46729 98966 50668 74055 3017 15478 37055 95758 62941 25521 32369 
68448 43834 11610 64769 13728 43392 28297 36878 89501 23684 24589 96472 57598 24659 32897 31569 46217 55784 53962 91276 2512 52927 41943 76567 72295 73772 29973 84404 53065 55493 33125 21512 99326 44734 86281 29405 4477 14577 66282 93978 38260 7222 6801 12209 31880 56050 
60129 94449 11833 14090 2076 14344 83368 60371 7262 55662 34142 53586 56418 87206 25430 89542 25070 41107 34275 11350 70511 38751 25926 53144 49080 80537 60366 72233 92746 8597 28282 69226 19397 56466 83316 21473 70809 66683 81843 94423 38697 32336 64360 95114 35894 89790 
84655 60963 30896 35281 72312 1407 74031 14589 70902 39463 95125 31267 11695 4222 56216 56328 73448 75612 12793 73115 13436 83601 39797 95278 94375 78493 43966 58735 89958 79859 48524 74612 40821 95771 9892 13132 13529 275 44072 84431 39737 39196 32049 67783 59770 4616 
24110 49569 80228 36902 22683 10015 36854 78831 21645 31229 73676 65610 6315 63633 45468 71190 38245 2640 66960 64488 15771 80489 64762 59842 81271 20850 15389 13319 88632 91510 34287 12741 57430 14514 65994 80112 40880 2848 75295 62524 50428 48970 28133 56742 12602 89952 
44283 67198 92591 27594 48038 24713 24434 29151 906 5704 50001 32647 35375 54984 24156 69661 67725 81586 526 50070 78049 41405 52917 53343 3929 3344 18664 48413 76437 47618 54717 37071 14815 47307 64665 79204 88372 89098 8355 89277 11154 74707 21923 46528 29690 62431 
16188 13766 60368 33065 63836 38416 74469 33104 8111 94749 52800 43126 59514 29236 90743 14230 82659 21910 77888 47323 1113 66259 52772 25819 71888 63925 525 93810 26804 30215 72592 42991 60332 32959 92407 24167 87727 66876 57271 12189 77976 10070 55314 37489 55657 46057 
51718 54667 67966 29606 18341 85430 12216 71113 11249 84103 51389 11773 94265 78193 58339 66856 37535 18671 16167 29942 59189 3893 96817 32811 16081 74792 59232 71394 28633 14889 33802 80350 69555 18119 26307 4248 3549 54875 75360 14797 38977 26748 42921 33241 4940 17612 
16449 42475 36282 32615 72416 11822 52859 85584 44633 68939 76727 3864 56684 5359 35104 6838 2061 21011 24956 44719 25258 44856 99593 617 76004 54922 43716 18925 88162 65008 36536 20962 23834 89169 69928 12601 990 22786 14536 61974 8076 91262 65838 81112 12973 941 
87949 15033 38303 29256 59751 63560 74112 75696 80528 50115 30617 40596 85391 35130 5603 21926 56092 45788 27446 42371 58388 44788 65157 72923 6761 73232 80536 88950 70695 93508 6243 58643 24892 44545 4251 995 24457 78362 76690 4984 28476 7306 45579 30219 58787 67533 
68496 31230 13320 95942 73601 88059 57081 38757 77333 63841 28340 74221 69143 15387 67728 75385 90381 92620 19929 94631 9966 60737 72992 86655 65721 17820 10312 27651 48038 69098 11536 16533 16680 41207 28826 90280 29266 85906 45388 22950 66099 90079 97170 35241 5465 81250 
10625 95846 73869 46905 90476 83834 7642 79820 86840 89714 97639 13503 17364 62028 82600 45251 78560 99279 86458 23738 5910 32075 9643 51297 55024 75741 57728 68546 10981 63192 49795 21605 75389 40015 84862 65865 40200 92503 45684 27039 82216 59674 40541 15931 21701 39492 
61182 16612 55123 47639 40349 77384 79713 66344 28681 51088 42084 86408 19633 53065 65951 69427 91021 41340 25793 75882 23556 65992 84736 85591 9382 83303 45264 49922 99234 83316 5766 76767 16279 77240 40757 56628 54623 20469 22971 99655 87908 81406 2414 7541 50822 68365 
93319 58195 26056 19112 50428 49611 1455 35164 35201 10837 18466 96816 77110 34051 80131 82875 27169 96409 60114 67925 69388 31089 4745 8710 30743 92653 90116 33157 16545 40937 17873 26215 99131 43928 45326 49559 93538 63133 1074 45090 73969 35891 41905 51078 86294 22035 
33953 13462 34795 10418 81387 4183 57858 86131 12892 4953 78783 3007 38109 11679 60296 72333 37894 75778 16260 83219 41688 26149 46351 42761 71238 36671 95004 13142 87749 81297 51528 38053 94758 86322 64822 76144 90504 22680 78627 19748 27632 57409 39106 82092 85440 99401 
