61 51 32
78219 52017 71460 84909 94382 86746 88479 14127 76131 79701 31840 35376 9371 23255 30536 19118 76647 76151 21761 67257 75510 36587 97861 46039 23043 46503 47086 83041 68216 57088 81749 46434 25456 69560 31342 36189 56305 36172 50316 32435 15873 98507 84163 41595 21761 14698 60712 14759 90848 98824 98368 
82709 35411 96228 28747 74805 42730 92184 74197 10945 65623 55945 57378 91078 41856 5071 43619 98161 41243 93934 46947 73467 8792 47461 15061 30552 62158 92124 61662 69357 7299 60029 52065 59061 56256 97163 33865 15338 5698 8061 26282 71320 80357 12 78750 22213 21434 22368 36725 62676 32653 23 
36142 41444 47484 67554 88347 25993 76029 50008 95350 83328 10037 63766 58740 82644 77281 92605 97981 82978 17017 40615 70650 13726 56978 65751 52290 78411 4470 5366 41087 37122 5388 93580 94917 52871 61134 83263 78864 53514 49622 90565 53193 76010 54330 11933 58654 31610 20889 56634 30940 54257 13600 
1589 84334 70577 67339 36623 48988 71808 41988 90074 25281 63728 5 20197 16598 77490 19811 11813 31004 85784 18729 548 61794 73059 12480 20447 21020 49720 93432 68311 3977 7032 69899 88310 93960 53589 41285 42947 41748 99624 49372 67028 63351 49377 3576 79949 26866 39738 8113 74221 25522 26842 
74769 87315 16252 3600 24113 53623 53320 17544 21934 73648 40927 8184 78309 34887 61773 19593 94185 3520 19217 43557 86900 82567 9285 90475 78867 52502 46565 3332 26723 72086 30173 17843 75752 62776 21442 99864 32750 74761 33759 54683 64760 91038 79219 43069 42276 40991 62661 36460 60862 98229 96368 
47761 80796 5652 54588 76014 58154 17504 79345 1228 89589 25869 19070 81692 4996 56863 81555 37746 47976 31665 8780 12735 22702 87998 55803 64977 28988 34816 17789 6202 33044 14156 70314 30191 36160 41253 22557 94313 58756 18253 11892 48344 44122 47313 30035 65469 20527 27941 3214 68502 59606 28346 
97589 98659 16343 53391 79988 61683 4558 97776 67884 53954 11931 54549 84144 48090 95802 23052 58754 54557 41305 86997 19253 1778 34309 65639 67246 54836 93580 86812 39689 69537 15157 37277 84547 31499 7020 64534 93181 11577 62309 77416 65530 90592 31965 66026 55033 44118 89077 30139 98674 46733 17135 
17926 48510 67796 83565 15756 38983 93496 2567 78671 79384 17723 32300 63930 49221 39319 44816 58754 67247 23476 52521 49129 14067 837 15154 85452 44954 20582 15590 59980 67315 32724 77905 15824 519 77821 47931 55853 87668 50497 34524 83403 68219 83175 47333 33792 22493 8500 8897 89739 31975 77769 
55219 46042 94958 70372 31493 39911 7306 47082 99890 90972 96157 94147 23147 13028 88319 71078 68880 75987 21574 19755 59389 6145 2929 23073 56288 25421 31572 81536 31512 63547 59304 86730 25940 54261 73454 73784 10524 97111 37217 10413 88082 33373 20911 27580 62752 25582 98657 31632 1568 36583 51386 
77308 42727 54315 16733 15366 96087 64656 96901 43950 44554 56204 47032 86845 10465 36837 60628 37340 33947 14196 64104 38380 63921 85015 65959 26672 10596 64616 58303 28515 17550 26041 22174 60276 96707 55258 75641 9145 19914 72541 53095 80819 45096 16478 67664 71912 53314 44643 9251 87260 58839 73355 
41991 39111 74721 7949 65782 85316 88916 40437 30182 6465 66477 68707 83092 79535 23965 75084 88679 60230 63976 41773 57400 9072 74602 25063 80983 27915 86058 6586 31526 61248 79940 73516 358 54660 97817 82491 56327 86732 22927 86508 9549 5755 55214 92640 85289 95530 84076 90320 72111 48051 32092 
29511 57122 23046 54573 54457 50960 56982 61042 82486 18229 57333 72353 18586 11992 70169 17429 68318 56901 56707 71177 82801 62462 42742 75440 64102 54624 75867 54421 26734 23918 2865 56244 97391 25910 27169 68199 93221 84150 45592 75706 18731 2924 48059 53668 14915 34579 71096 99584 91479 27803 87112 
74279 6616 29854 66071 70717 84477 41937 41490 27562 82206 44354 158 95949 86615 27326 64147 79835 27827 9739 71893 62909 12662 36303 16577 43929 70881 4024 59864 78712 48178 46976 52990 54793 76829 35412 41862 77657 93701 83351 5218 92258 44056 5375 88206 47022 49052 52353 26856 93231 78443 98748 
56139 7456 51402 89067 51384 22283 93091 11248 994 41268 74575 70335 12413 67755 22099 54274 45411 15799 53976 66980 24408 14383 88707 12614 61404 54110 81318 88259 47340 59760 3359 19831 67215 54760 8897 34951 93394 18339 62550 94387 75959 53476 81074 88371 21230 3172 58996 66640 35322 29323 49971 
59729 43705 38677 88694 5108 9139 70011 9718 56478 46122 13076 92660 13337 84188 17909 64639 77581 36247 43540 88320 28557 97015 85745 33279 18244 88916 8626 1235 40589 37948 51205 317 81652 6234 89011 3111 31724 75373 12829 4553 21495 42256 97213 51183 42795 15121 15821 36728 67719 75712 25047 
12628 89078 10791 45906 7321 16058 54532 24907 56646 8831 92463 73314 90483 15048 78676 9945 46771 54049 22773 51324 75543 81381 48536 26725 24175 80008 58897 60902 64078 50960 2300 93057 40037 29442 38963 63709 45499 9846 88615 18496 18676 97429 8162 25510 12477 86837 35455 59247 57237 74579 10570 
49131 72311 75457 92207 12838 71816 67455 90091 52246 18414 92391 45302 74802 38184 616 38510 35 10461 43476 18530 45489 57257 43043 70998 69733 46232 22804 45331 3468 13735 55901 52599 86045 47709 61157 98882 35877 28612 88973 88122 47025 97715 49775 38179 35898 50391 93040 52284 77203 36516 87166 
39043 93772 30208 10041 79856 76439 49196 25186 96259 62930 97438 65209 65327 61499 26365 64208 97375 54976 69532 1848 18353 83598 67974 56531 35848 18364 49570 88131 11919 2437 75296 50961 12560 21856 77353 92415 98294 42901 17601 10904 5830 31390 76112 87508 92888 2477 68068 6614 57452 37599 8461 
92156 37549 76435 48686 73396 11150 98256 77878 23068 17044 69526 90381 29604 91381 84085 22018 6026 26985 55970 16930 32815 3712 93041 36674 96599 11869 4741 3213 69321 42340 28025 77828 96240 4459 26514 69635 31961 41121 47512 71380 58164 17037 61760 4119 24769 45845 42489 30795 72829 14810 47724 
21995 18521 57116 58669 15120 68985 63409 34684 54657 22100 79060 32484 18339 83519 75349 4325 31831 16469 68189 3210 90985 1577 64970 95103 26346 27166 37591 73492 16346 52401 21215 54693 70921 94682 13361 2392 80018 93121 53427 34674 31573 32487 83510 66263 32357 58858 70588 64187 91679 55128 67396 
82663 56704 48717 94117 99401 92234 31708 72892 8580 460 10458 63272 87732 21492 92984 90124 1509 2456 59902 36183 34028 92388 36044 16643 41096 11253 3582 5282 2931 58709 89030 1945 31764 54098 12414 47517 62684 44121 20408 87615 60932 47218 50886 48663 68709 60221 55138 70217 79028 15040 22751 
29408 23779 58794 46050 81227 86399 49631 2860 89329 24691 8241 7626 72806 62339 20039 20322 41374 80511 57082 28988 41442 20651 96225 6456 89359 72797 61594 75927 51824 92985 98678 81231 33115 73823 27280 14341 60221 93262 17201 65902 34304 41793 73527 23462 4131 9917 60135 61856 90427 17216 90843 
48220 54218 87067 71027 43576 59863 32620 35855 28039 41956 50884 9269 91423 24706 52901 22115 1279 62514 55667 83532 96818 97460 73410 20279 17942 83326 80413 79798 90104 13981 70640 54675 68198 74059 25701 28126 50273 74673 63980 78311 32980 14863 3932 24402 55920 56832 46517 73550 19345 2183 57081 
16162 15994 30490 52792 33936 30167 49557 13733 20270 79889 724 74944 48086 91134 16997 92563 57759 91669 72894 52421 24648 4108 56352 65402 60028 13183 11918 49929 32528 30452 7010 65041 46446 53851 34185 96733 84018 93 10465 4287 79981 27540 95583 44418 35026 12579 36981 92784 20599 9874 45204 
61598 30334 1556 26999 6713 31090 38916 56641 79969 85720 63650 61362 48517 17501 95546 45249 1518 95638 72065 22156 91970 99604 34090 36387 34629 46668 73367 43764 83618 99593 5320 45216 46278 23227 72214 52990 54316 27482 9630 50637 13201 89632 11998 61717 23484 23895 23317 41353 35884 95381 63508 
27853 94984 97598 64239 45965 60617 53958 6080 44235 69902 11399 5802 16179 34625 78015 69168 5293 5496 95149 55929 35048 84780 84278 13116 8263 8172 36432 49615 44055 48164 29475 71907 43148 43424 52497 5464 20392 6454 27895 80978 76355 39294 86779 8885 90270 64794 78052 95562 86641 73201 67842 
38041 74332 52119 51156 82595 60290 3940 48561 20696 52103 94387 92602 11602 37810 45099 33417 74554 67904 61312 55531 60611 16957 42310 69495 7226 7103 63899 19140 10095 53451 86981 48135 27782 55452 15643 26728 15741 35934 91641 36437 88036 86027 45390 15990 40189 6840 49406 14742 91096 27069 70272 
51706 44025 12581 37552 51251 36035 1450 86742 46130 54900 73722 10616 99034 45525 42610 25761 61266 78543 17401 14054 82931 3428 75795 98920 59968 98987 64677 74709 90082 91746 44980 58139 52122 73913 95690 19724 9947 13492 6465 72428 84743 96539 99396 83776 42063 42005 9537 3328 36900 43289 33733 
19830 46716 25880 35101 23035 24866 16129 97743 31299 24226 59075 89437 76348 49339 1478 96071 59285 14969 2536 48065 99712 99074 63812 83487 41136 22168 9375 60816 59067 52664 10900 95248 15731 53131 46700 38766 94348 62829 52860 41998 3406 28286 31434 79753 77624 49264 92176 53261 80584 11063 17677 
80295 26488 81488 80134 83975 3655 5860 61142 79074 58523 88394 90673 90606 41524 37373 45723 52224 16553 98582 94221 19958 26868 42007 16063 20843 91270 24590 74103 71853 52004 91779 68500 78491 73266 64985 78817 93273 70844 39959 88698 45719 44704 79370 36324 86227 33094 98398 38450 65998 96979 49023 
85956 40198 91029 18370 61041 82298 59311 51495 70502 11314 43274 55353 6156 32891 20337 84972 26163 7533 24930 14860 53251 69633 10582 5926 72212 60027 4323 27013 26025 17653 76035 28332 74203 83415 46701 35243 82064 22363 3089 52566 33676 46362 7918 39831 79253 28255 24802 21767 35787 66084 52979 
5389 52068 63560 11314 40631 39938 31988 83996 65962 49640 76382 94293 23842 59797 57345 75436 41860 79707 78525 94425 29734 41238 18695 69564 20490 63301 10718 58609 15439 93153 11587 20827 45220 91498 48492 2203 31435 80479 86198 97397 46470 62579 91689 86664 22375 65386 78451 64235 45092 73327 75011 
74826 14565 10057 60741 51406 73357 71458 10014 88795 64610 21600 25973 26182 13097 90816 28384 44532 87646 30933 58280 34116 93511 49968 37131 32238 31705 31933 12824 76797 5260 87834 67974 36176 14243 45066 3933 87599 16524 13947 92746 97485 51898 35070 40018 81347 25886 84753 42230 13531 15685 16861 
63998 9196 83180 1128 57785 14885 33061 70608 91681 54672 58441 76006 90847 72683 21071 94779 76634 53946 25077 69379 67783 93327 4448 24152 91025 46685 8905 49606 60216 40941 66466 40565 66488 49645 41693 24272 64529 91105 94879 72561 62128 69672 64918 52974 58706 85989 64104 35339 56286 5533 21069 
40420 15211 41869 64572 6235 88553 89828 72192 65120 30768 38657 5685 97256 4653 63729 21527 69182 54833 32758 58094 16960 2429 23012 86285 61134 25352 66740 12825 97989 88624 33893 38409 3834 92113 19332 26420 80666 9159 98611 62137 56278 53619 67821 53533 74624 31549 91412 60157 2733 24169 18250 
36044 26597 57613 38680 4082 99316 21772 16906 97305 10395 50799 52065 14229 42911 71396 57000 39928 96906 71963 2065 53183 25581 86237 6716 204 34138 14479 60360 53222 38647 94962 5618 81595 68926 44297 2028 68242 66068 18934 65546 92815 86084 33962 7043 45346 5357 64042 1626 18614 36004 20042 
71796 77937 6278 94863 94492 56767 9341 71204 9989 64339 82517 15606 62285 51442 76254 64313 19683 58674 99598 1580 51488 2033 35541 58530 47378 57249 38923 49003 92214 91279 85396 64010 85567 91674 75224 96410 64792 84565 67613 74780 65255 66481 6737 43892 17923 82991 24556 53957 41664 40505 55537 
93151 42537 7429 68032 89914 81030 6954 55269 73243 14584 40664 53604 150 48689 28828 12912 13481 29744 96876 4612 94998 63357 11349 55241 81279 94339 96148 51587 36002 36652 23475 29152 79188 30904 97183 85454 28285 20488 57074 1527 35072 97737 55131 51573 62778 310 64484 92610 30053 61360 97221 
41402 41068 8569 96643 38698 2907 92790 90284 55260 45794 13759 763 41333 61014 97945 26786 89298 34785 83859 7176 86208 97948 78658 54132 60725 78967 34968 53334 9019 96327 66906 50421 53746 75475 63415 92443 94733 72556 82726 49993 34701 12836 50755 76034 90201 65052 2819 79498 99836 3030 3026 
2395 977 98035 56526 78053 93354 91493 47738 18724 4171 14643 85496 57916 6469 48910 66710 1202 37818 49436 51194 72518 78623 1948 48551 68824 83351 67722 64673 83186 70751 84050 1932 71727 82085 58458 66131 75438 66302 13868 94161 70473 44862 96009 44740 51331 44918 11450 68884 99087 77237 20077 
71605 55859 38376 36507 24682 21727 4228 5707 21264 74978 89756 23196 63056 88192 98005 45538 63629 64306 75757 74142 51130 20619 70150 95870 88301 31419 23671 57184 46858 907 93612 18462 73117 31987 71320 14151 70065 75548 19857 91329 66877 9612 30876 46285 14156 28880 91822 77784 9537 67579 68277 
60667 4549 54778 72888 92849 2549 96558 66384 49406 97464 59995 84219 86932 8333 55538 1082 78398 47437 20938 86078 30666 46902 16953 76950 61057 62184 85123 55192 71720 69053 39821 48738 73601 10950 21625 82801 13498 18182 65536 79255 31997 25530 63473 18929 33863 35363 20010 12260 99151 57300 98337 
29816 20553 31641 23117 97961 10176 8240 69504 81895 93644 25676 30633 67245 36626 68609 66397 66475 86791 31933 45730 35139 57462 25554 54067 7676 77268 90429 36287 76419 64080 50975 6234 984 82615 45703 15296 92790 53942 84799 91037 47585 10475 38021 31181 63452 6629 13930 46278 9771 45862 8359 
44910 19675 33913 15328 43703 27532 22108 79989 3950 2539 30964 26536 3522 29930 72238 35169 39072 26179 19968 46460 90115 46794 84480 37648 10245 7460 67929 56522 33583 13790 81233 78492 49816 15145 10171 93518 42676 48631 89859 62978 51169 37174 89513 71043 83455 61750 6211 22526 4280 42530 85337 
10746 89323 86168 48393 15919 9980 16321 88793 43562 46462 70025 38405 12630 1521 48575 22499 60548 13557 12357 23525 64726 65882 13037 52120 49337 91138 74682 88214 95417 17212 73551 6163 22886 76070 70907 55157 86049 3580 43949 29610 66393 30325 68014 79022 31845 32941 1521 8744 46497 30229 32269 
27574 96111 61657 96045 61799 69147 70727 50012 64563 4290 39914 87077 43527 15984 74336 98683 18384 77915 58983 47994 60659 5659 32359 39681 37503 81651 57553 62599 28148 4133 94867 72073 16595 72875 68118 78393 42021 55196 44757 22936 75837 84670 26364 19363 17005 699 34398 35389 94965 9732 99734 
55624 15391 48444 11656 69245 30095 85560 31843 74594 6044 43061 46666 22639 15936 31135 1031 74308 86330 62139 13595 78518 46809 39959 14233 80165 57009 48630 31905 51974 58361 31638 23949 90103 80082 51956 59348 26528 37515 91190 1121 43558 34251 47786 82548 66538 95273 99931 57197 81602 62069 70792 
76472 25229 27102 90704 5394 462 39333 37298 68787 14045 85288 92735 4148 81721 44690 63495 8248 98556 71036 9368 58466 5286 57153 41013 88175 52425 40943 45372 50379 3012 32515 26850 44592 75968 17553 49985 76429 73237 3635 45216 3633 88922 54302 24132 70642 15344 3978 78889 30251 75014 4608 
88716 96651 61760 46081 84826 30537 87023 46549 97267 6386 95415 40468 50978 71382 74372 17314 64162 63960 37300 9377 67592 42573 63679 91724 29566 95374 95701 8454 25624 87066 29413 14340 83717 7525 60420 84894 38061 63794 47794 51679 86532 43208 8498 37509 30941 82869 71174 95102 63180 8474 4479 
30771 51046 84509 38846 80612 96234 50899 5417 21857 54316 34830 52548 54384 58706 29319 39277 96766 93113 3422 64796 79644 62981 73293 33504 93921 72513 21029 89023 35692 29502 9853 82814 96900 10713 38012 93863 6946 88910 15631 45154 43225 66812 97702 97609 25517 27020 53237 38634 36484 56659 19781 
16127 35991 9425 65982 29912 81937 87011 35286 33980 32864 61490 16794 46115 72202 54805 56329 95499 60066 71960 40652 19642 55123 54705 17250 96992 98077 86839 35625 34560 59849 55406 67039 95839 81182 33020 25750 63119 36382 77387 13450 69246 38876 30243 15360 11077 1399 71689 22927 77816 60000 79931 
97458 31474 34635 14707 28465 32711 1545 64090 83623 61393 35847 50661 73584 17028 32 99333 96498 36414 76720 9948 22011 15595 56542 53722 43024 74293 25410 65950 52108 1761 45880 49565 33235 96867 64272 61699 45929 82168 42140 45903 59913 94338 96563 33496 27718 12947 49180 40567 49360 42251 50514 
87722 57846 23408 41443 17221 97700 83205 83170 49807 84965 45402 99372 34551 58620 79995 96250 20900 78514 54741 66803 38426 65431 63365 88273 93148 76311 37453 33714 42022 79703 580 29743 53900 23987 71186 71120 38038 70742 70642 87844 55706 32395 3567 90257 7366 83561 2858 28265 62075 73950 95067 
16852 39380 74784 5125 48879 67446 58929 98945 9468 54983 15876 55562 8883 39862 43099 96354 77899 13840 83347 82094 85898 15741 85661 92506 39458 69221 11715 67723 47647 85664 62789 80851 41396 37572 2327 90274 5018 61255 5570 30837 32589 21445 86398 41471 77658 45849 54177 55556 76040 37523 54002 
61937 69616 39662 54442 9073 25234 66156 93147 89233 68172 55936 70083 9567 9859 72409 16192 14876 50015 21762 62064 82603 59558 64814 40426 37216 10662 94602 9123 86701 48476 63124 64990 34443 19137 35783 59868 44371 18291 53014 33603 86462 25301 3685 12380 35160 92445 44923 66387 42459 83036 28451 
25061 42594 93264 65486 79809 20277 76439 88931 23329 24915 68407 88318 75709 87543 24101 35576 31913 42391 4942 81867 45204 30242 1903 57583 65401 94347 18857 31788 36805 1893 76590 78218 44486 69853 43703 40646 6481 20142 29576 29809 61408 97982 18127 37116 1877 58579 72692 33789 17321 77633 32008 
78876 24226 33910 36458 89627 44609 71666 37766 97765 73558 14355 75982 34395 559 36037 75040 7039 56178 20968 36847 33937 35301 71325 71052 37177 46255 60095 70966 79927 54079 2973 58802 78305 53234 11611 67931 97842 83277 22048 95607 56834 36402 87940 91229 53312 23976 82620 76702 96505 3587 29900 
30441 38888 1225 1493 76064 63831 77939 63381 43758 32018 82705 2559 10322 35939 30522 78252 50132 13798 16651 45738 70631 69404 50030 78211 22715 74005 60831 99416 70510 80769 29315 950 19656 46891 18794 12072 27074 96733 75452 70831 28750 74509 89741 39071 26799 20262 33674 76930 50411 50324 39020 
21042 36079 89049 15604 58793 63053 92786 74560 49914 73555 20226 50864 9562 83469 69657 21633 10542 82741 13437 97724 11490 4297 87464 66912 31095 24078 585 8024 74488 67260 63395 11881 3338 52443 43837 78482 31848 36622 69393 81761 26528 89619 48976 52442 73087 34985 74074 99980 17725 3862 97703 
29215 8158 1518 96126 39252 25595 13063 63628 16435 96674 43374 28315 16364 95817 88503 11197 44016 41477 80590 42128 68004 86560 91104 20445 75998 26088 10871 75977 43812 31084 73679 89378 55594 75196 1856 11197 17143 31270 74824 33577 27943 18198 78243 60658 30366 66746 71855 90733 8222 52444 32860 
92577 39003 23963 29374 15000 66402 56596 7328 10214 4031 81006 15943 59624 72553 17798 70821 89695 49067 61996 39623 93362 96545 34218 54019 26910 963 25873 33994 25536 94668 66854 34464 50022 7168 80189 81373 73570 36784 88700 135 40815 86057 32429 16790 58610 50227 87610 64656 15645 65958 20631 
