83 20 18
96008 89842 55252 80320 11334 18720 78485 28155 71697 5529 38890 86016 5999 90781 24258 70417 89478 78686 52335 71189 
54051 5795 79939 63457 89209 8207 99947 62198 32542 96118 38148 28549 85959 93399 8869 97292 28471 87353 25446 167 
92881 80687 2535 15232 87819 43144 2000 77297 21829 54335 48485 92232 76481 28423 55688 65690 52982 71986 44239 85523 
68103 82386 14071 54061 92137 39291 67704 20607 42996 9501 37125 52228 90188 39659 67459 94358 82802 69459 71654 20983 
23793 36490 13214 16625 81265 85253 82314 34246 57238 26553 36120 25340 25290 66542 95752 17426 5833 79807 54384 48828 
89307 91509 17407 95846 31167 84866 90204 30321 54324 78209 67655 94468 14699 80868 11092 12315 66120 9758 62912 23357 
52662 99031 65048 94303 65572 77151 11729 71404 56957 66112 36583 46263 73972 53990 58461 5139 55207 48664 51811 25882 
26872 19465 36701 57922 332 47792 70236 82803 73901 33147 22511 42914 48529 87558 37217 14101 64708 65297 1856 38016 
47760 54791 630 21732 25132 59090 26870 80338 7753 95032 6219 50977 14496 42919 8898 31179 7062 95486 13981 97315 
44984 52843 40228 93513 56752 77444 7613 37811 59092 25820 75826 6852 80610 76455 28583 5741 35545 71804 86078 59649 
66835 8648 10625 97682 51566 35875 28860 74980 47712 59192 72294 92695 12034 28873 86207 68785 22669 10171 6595 81760 
35991 82420 88611 16600 75226 33545 38693 10770 5348 24770 70419 88534 49770 97395 86215 17687 49621 31426 92666 97332 
90617 81311 6379 2650 10184 92585 87786 32852 19108 94380 14611 55098 93151 19574 88049 68377 53118 26741 95498 74818 
67863 82268 79703 17632 96015 82270 35318 45635 13695 44336 59319 20664 25646 65697 39665 52181 58281 27451 1384 93740 
38182 32347 48837 47685 51920 36886 16061 21389 63626 27910 12558 47840 10178 8613 65471 6192 90882 17141 68178 20928 
61476 27496 57943 3473 93192 97608 55654 67825 25058 73389 61564 79591 5735 10401 27275 74006 63638 59687 11747 43615 
87597 24304 91455 14126 49268 73277 36669 56501 90417 4846 93781 51892 32342 51723 71717 41885 49330 43722 9709 90739 
17110 87625 86682 39197 14377 13956 13202 78014 73643 24948 37980 77591 65604 45786 91716 31223 19063 28384 87724 9479 
49581 81504 77723 81922 33226 49439 40159 98908 93160 49867 5998 26621 37491 92679 65817 51867 6635 95371 46232 80277 
36670 564 57867 2273 46349 65934 33496 65411 94317 37571 91242 60249 19074 85316 42171 52299 34754 98681 67558 44265 
48547 73556 87237 2390 66234 53054 70608 72868 64776 33192 69496 1445 33755 43714 20070 80103 9647 69917 61866 20315 
7487 69459 80564 26560 54774 39086 95210 5879 37766 62768 66495 2664 52675 53731 21405 18908 23136 8365 8128 87911 
41556 77623 89356 91662 37689 9425 88116 63687 95693 49981 84002 3179 19439 80917 46090 90564 36354 41299 96442 74119 
20418 62936 93134 89444 16667 14539 8352 56154 22903 32831 44065 80810 26805 49772 72471 64493 75548 60586 28180 71240 
26919 28533 74418 46357 9449 20507 36921 45802 78157 49714 36272 98575 12650 45757 4370 45668 60295 12721 1821 99549 
45551 45885 80358 72356 95656 69180 53200 71203 29766 81379 58794 56684 9911 33211 19392 35711 70069 72664 97864 48226 
22378 34135 63152 51379 79892 67521 97046 56538 96594 98866 72439 42144 61103 69148 30851 73110 38328 84051 60665 84445 
81781 19458 41128 8044 52669 76871 43754 39089 65887 57970 87314 4616 8456 50465 55994 4699 34338 53039 61237 30931 
68256 50027 89426 29358 19174 36629 2468 57501 37031 63132 41945 18811 82589 99424 43206 51609 92647 3312 90698 58533 
61281 94363 63148 69736 61180 19141 74435 95517 88531 52023 42799 56786 2049 32224 86144 21222 85204 4963 78723 22234 
68094 37019 57397 67034 36443 602 34995 29089 20265 25692 3973 81545 36406 67120 51281 97585 2612 25715 93101 91142 
94089 52251 47927 96137 84475 50422 17358 86030 55384 12432 8264 39829 49451 82012 6863 2245 82613 41857 47685 2878 
83900 51657 774 20305 18776 52054 34242 21387 94120 43694 12528 88208 95945 76806 696 96771 27228 18054 82800 98963 
30485 91063 38792 96287 73074 62006 98531 72039 20214 46215 91268 20465 97871 92041 57121 32998 60447 91362 70736 70918 
35056 83263 75478 31000 76421 76173 27770 20000 94226 10569 18962 41063 17984 74105 53701 7409 36110 52232 79447 72675 
14798 87066 93139 29021 95459 50260 78370 55905 41621 49106 43174 93028 48720 18651 24027 25140 94824 68148 45139 5401 
95069 80453 62815 29404 70909 32868 36812 23371 1451 32611 96045 16248 19676 89184 61620 31486 55795 39990 87390 97415 
89095 46916 90443 37814 65566 30821 79306 76741 15321 40796 98494 26741 37600 77660 56144 8509 10527 9307 31879 11977 
41917 27923 44577 77945 33458 6196 9430 89252 46185 13172 3019 51631 60087 9813 5797 42004 40633 85102 18745 72305 
25897 33590 99045 63497 11249 71540 72005 21776 80847 20235 50104 22763 48157 94680 17059 81615 876 26489 87218 63412 
56012 90236 31395 16098 48 37191 58101 57033 22292 93197 45689 64540 26786 44734 28036 54387 32625 16392 92514 13471 
36626 42617 52586 84783 53649 85996 82749 70876 12484 86318 34287 84847 76554 82033 944 92953 19223 75397 49985 41514 
68593 95674 22406 11731 56759 50441 66117 5735 66833 74982 19206 19810 17598 88143 20944 71246 74138 3692 42121 2974 
6362 92760 87820 82915 74792 5116 92219 10367 80512 42204 68232 65456 54229 90637 93538 27339 41078 76006 33073 24262 
50987 68630 44071 84937 73124 65015 56182 47262 85058 14655 66587 91419 23766 70758 90685 98557 92225 82904 8923 72736 
41459 77155 54544 95687 84143 64433 39377 25220 40439 72449 65833 91425 41079 9904 76361 14202 91270 48895 77815 76327 
63549 60753 84098 87314 47863 91134 2222 40087 74037 27497 29175 31847 21003 83718 43885 5145 48150 83261 46717 4940 
55710 12549 96365 13140 38804 89077 43693 30073 37971 37860 22752 17871 14964 6849 21536 62826 97982 40110 2913 88371 
67606 32087 20217 4960 32156 64102 26456 80305 63714 73172 85245 35775 85721 97961 65266 40876 87037 8959 70949 41360 
63170 93700 75582 78133 16900 97118 40959 14881 37227 43871 19603 21184 92309 39820 26143 24464 20273 52598 21120 83986 
42122 22716 19761 44194 20676 85026 85069 24065 10336 72369 81776 89857 66068 57357 67990 82967 54474 25300 14200 8052 
69170 33802 29235 77830 89973 71729 2293 10245 40679 23412 10583 99152 62480 46695 43345 83155 48072 28413 23571 74760 
782 5346 64616 83201 62703 32605 82520 33528 74256 96719 41580 59777 46872 87166 37606 36845 75247 39898 63441 32277 
79662 74023 31428 42141 37069 74772 41647 85141 19536 81570 76252 36669 86915 40867 36222 49617 89824 18741 99497 64079 
31811 41076 23856 78682 44593 77813 15526 36191 34063 78967 68467 13724 69341 99894 72216 6410 91017 30214 7902 26905 
11783 84153 79925 15050 41371 16146 81018 47546 51238 80514 11625 83048 21589 51832 61730 82534 29644 93607 18724 63706 
72573 87191 93781 58266 3436 82348 64675 10805 12562 88928 54061 40696 73080 33985 55745 30802 66483 36763 78348 34072 
17276 89972 33472 55217 58155 11553 54102 4150 5159 72825 67856 94084 76367 77988 52349 96155 60336 17023 23311 89249 
22302 77371 46296 95381 11355 18393 26182 94189 55155 20881 28261 88782 27204 78084 60350 85358 89636 14451 89508 94794 
3628 73715 88877 96346 68054 57577 92500 44741 74599 15810 33989 13252 93180 96637 8632 20887 15029 51166 31427 86535 
72046 76039 75316 15602 54122 52018 959 43757 66468 6818 54903 86447 96884 43779 82793 64938 1356 91644 9678 92306 
23806 60019 5558 16985 73007 30541 54223 88035 98058 2002 90921 86456 94392 66236 2057 48514 34605 19367 8622 17425 
42537 63524 3871 39420 23655 86663 20709 25010 94659 46739 33667 18464 6757 55576 51800 96115 2469 22375 84149 526 
24376 91421 86981 18767 57656 5389 83632 8613 24756 92254 26037 67292 72129 29907 23063 95783 32922 43772 37144 27580 
90510 87163 46043 13618 42738 14194 9732 45206 36568 10232 45732 60943 1652 49064 96062 75659 70805 96045 84271 95560 
88298 10307 79203 76779 56566 2265 72561 89487 46036 26057 33418 52897 13219 95812 66514 55956 10005 92597 17514 46573 
19180 79597 23867 20831 28660 36280 12842 99464 32325 13464 11375 36974 23771 90577 13752 96688 9194 2665 86174 71581 
28721 35943 24478 41939 31754 7343 14246 41758 16292 31759 4682 35471 11355 44901 72654 56367 81180 85495 55830 29856 
98958 83557 66830 39080 90485 96933 35767 99678 15949 38292 71259 44669 74234 12088 2959 22339 35782 17205 64097 52073 
48963 85130 3896 76670 30030 76549 33036 11210 62043 5217 57417 77352 88773 24246 32784 79258 37531 84902 95287 53479 
23194 82897 14500 13779 94984 17458 36118 47118 34662 16566 99190 99977 1695 3085 76646 48077 95985 26033 75638 58027 
31249 33054 51731 20022 73652 84514 15631 11182 85767 27269 81012 8960 10166 95511 39091 21501 29321 91560 68618 80334 
8125 84160 96662 26171 3596 73307 74247 99581 99339 49884 73959 46940 82938 42041 83313 56589 42906 15295 84122 28673 
42563 65133 53984 52728 76996 93074 90581 6316 84633 75550 3001 9109 59709 99663 35280 79657 72969 9526 95589 88660 
59410 69547 51951 58699 27940 35263 31639 70845 50557 15760 99517 9471 97244 69853 62199 74239 62926 69131 96906 63911 
44680 99907 73019 20741 99569 8298 397 88889 34176 95985 93900 9937 81883 45850 68635 9822 97464 273 97019 48020 
32384 12887 57491 29627 82739 36041 20218 45665 5171 17123 9575 66202 33381 98945 86942 32949 7243 87338 38190 41418 
99674 32089 67706 97909 94291 36340 7730 91754 52964 21100 39774 85347 33987 13616 31325 16725 66008 51542 78741 87530 
85017 4667 53731 18397 3612 57025 67698 27206 44362 5887 84975 60388 54327 52680 58296 48617 89019 82377 40371 58334 
3477 96496 43680 37463 10111 91356 70539 92470 42898 49280 79999 44266 53946 50081 62662 73909 7105 46711 1114 67819 
52597 86088 28206 23276 38767 2853 71892 44137 85229 12262 2470 88705 25109 62501 42519 51571 53857 13058 44040 13106 
78689 24038 57371 48986 74119 36384 22895 97575 83095 40360 65393 52043 26448 93598 75318 81566 96450 63562 42055 98031 
92175 44524 86735 17284 7025 45606 68854 77233 75015 12894 90338 53703 53283 64060 2688 43753 443 41934 41328 99889 
