87 9 5
81754 11245 94069 77271 76545 5264 26545 56988 41900 
67365 47874 55621 78149 87438 791 86420 12854 56336 
7645 9641 42067 83736 48572 72545 64365 13070 82374 
88768 16008 87882 7845 14113 99126 1913 91384 92022 
7176 34280 49009 65427 1644 96882 37400 79793 671 
38190 82564 13524 10878 90208 23165 52944 73943 88088 
41840 38308 17510 24213 43427 49869 12094 67623 63982 
27571 69535 71717 19592 93062 5996 84952 74840 23991 
98185 12239 20135 98855 66781 2698 28731 77658 92905 
68247 30601 83200 72686 88793 37859 90195 13005 97637 
56416 41451 65259 20397 69021 51145 8465 4965 60558 
14460 89916 35397 38450 4453 47636 74937 3307 14416 
77634 48389 92073 86891 16635 39025 70090 89321 27817 
7948 95867 57174 21936 68634 98624 87194 5382 83996 
54690 13846 5312 15247 44657 95228 50643 83107 16032 
98278 58043 19338 29045 52028 84079 37469 38918 713 
76494 9007 6385 20662 33306 18604 77835 55241 87237 
92810 58786 8971 93158 13475 22816 98469 28721 67473 
10048 79364 66931 26079 93993 41325 61769 39390 93352 
45847 76858 48622 62911 69703 73980 69296 90365 7286 
4251 84551 78878 7839 77361 54016 16809 86870 67490 
39625 85338 12563 23449 11738 8278 90379 37816 18622 
48055 15936 58011 41406 61782 51221 6379 24693 20923 
80359 10340 11287 3996 14590 95838 82873 22428 89550 
36888 39237 76419 20730 95213 78108 33292 18661 89845 
57921 25391 44013 76542 73445 59948 50905 31202 21730 
2125 37581 62774 23047 17939 73113 34334 21934 4054 
46523 21158 26481 52424 74398 82069 45194 11479 93633 
23301 44770 12293 29498 19042 54035 89862 95583 27479 
49809 46487 75033 87890 48611 12613 67015 88010 46903 
40127 22343 85188 44180 85217 22697 87013 37640 97094 
69081 82833 8572 79066 22485 69693 91358 51982 88734 
61745 58195 669 5575 8004 63507 80607 12245 28470 
9571 79260 16479 72825 35738 55173 58012 96270 40389 
80709 83282 94380 77802 68714 77212 2726 47779 16048 
72418 55489 84382 77504 17233 42576 94524 22807 66931 
58030 19766 79176 86499 29336 74787 19329 2161 10524 
74501 76524 23145 31241 57232 6426 25620 51386 91492 
19183 70463 55622 35231 59232 11110 19612 36735 44694 
62187 31258 83853 29118 5640 3618 24645 8490 32953 
99431 27819 51465 26306 18671 27989 49451 66264 1572 
72228 91883 69309 80071 27418 39771 35693 62648 99003 
46802 98611 52089 7848 60797 99699 91700 6266 5338 
95317 30910 30179 44621 46692 57997 12438 89350 93020 
56778 38800 59283 58349 27379 67517 27658 7450 94934 
67428 43142 57581 82782 6295 72543 34871 14142 33340 
34569 22193 55957 56258 33861 3219 86436 94834 66262 
60785 7271 55611 53804 64048 94410 29438 38748 21789 
96954 82757 29238 8240 50185 88731 65820 49318 95025 
54715 84188 25519 4406 35108 47711 60362 91365 97924 
79932 94153 92757 46194 54937 27 1804 25092 80426 
96214 70881 35525 34354 84186 18282 79943 92425 84818 
68673 74597 34135 80049 29311 34675 5567 33716 69782 
69630 94077 77499 67553 74009 71651 76661 20202 42939 
93039 38357 84382 73464 34570 55262 25340 85275 39447 
43621 65217 31872 28438 50241 6468 62573 30290 35778 
97247 52208 85845 83380 38189 79921 60878 22093 70281 
48880 98753 6834 91818 91791 45191 76199 81606 96112 
47812 6946 81387 87259 50566 62955 35482 95356 13196 
58301 74280 59837 94078 87878 12044 79922 71257 66585 
76194 48487 88677 62827 97366 3782 69660 5536 11924 
31202 98086 93530 27314 45898 16827 25052 49508 83744 
88006 84989 79099 1201 43289 53378 61037 53718 41255 
89433 49991 28864 72369 42536 77350 77397 5362 74715 
81178 91374 96602 93102 38927 94688 2983 82592 40585 
19809 7643 90092 19904 95649 91432 99003 13201 51072 
68732 90590 4789 26339 96374 71131 55202 68742 30018 
32551 46138 51732 23617 43668 59457 20219 53121 98383 
14906 72455 80975 71842 8615 88617 78285 28518 617 
69716 43872 13818 20787 12604 4407 41927 38942 780 
29409 94143 85873 59426 43045 48362 27509 66661 92029 
86965 3231 61501 85348 34488 33955 82674 6329 42569 
87642 84613 71087 88259 70680 14958 2076 7818 43913 
22834 66096 82854 39965 95504 93348 42189 71282 36392 
90550 98790 19405 98931 2107 22635 60431 87454 73475 
94386 86479 79803 53306 74120 80768 24392 62378 67799 
55702 80805 75617 99614 19990 41712 98820 59954 53568 
92167 2142 41201 28559 9044 56342 64315 7974 58448 
86949 68404 62253 60423 79141 48731 56578 32447 22851 
53697 73190 85228 37847 45243 82385 13463 61209 2374 
71527 60028 78680 41446 52194 97173 82646 97104 6216 
38987 61418 14189 13787 64719 98945 76039 41493 94437 
24770 98070 43235 47620 68118 32777 49199 5965 78019 
31583 35779 39227 33957 23657 15606 28988 65102 67800 
26160 64099 64903 32376 19438 42673 62916 33224 7391 
78212 25614 48883 89001 50383 63305 48587 14354 31422 
81363 79905 53738 75734 11487 89517 31312 61795 13173 
