67 41 7
42 13 59 22 41 36 44 75 44 18 5 97 63 93 49 99 60 68 53 10 34 28 80 70 5 42 77 34 8 17 15 1 81 25 22 22 61 66 48 56 35 
52 52 98 44 1 48 55 20 1 64 5 80 96 26 84 89 2 70 96 71 36 48 51 61 21 24 21 86 23 28 73 74 79 22 70 31 69 24 2 21 40 
6 100 35 83 36 23 85 57 70 7 92 17 9 52 37 85 24 75 7 51 99 81 82 20 50 64 40 25 66 61 64 23 12 50 6 99 72 42 55 93 100 
47 61 8 50 50 92 26 76 99 28 74 31 61 93 32 25 32 56 90 44 72 64 8 21 21 6 45 62 13 89 61 11 50 69 60 99 12 37 74 10 65 
99 92 25 91 23 1 74 31 90 70 2 6 77 74 26 82 70 40 94 59 100 4 60 20 16 58 84 4 83 45 68 81 37 45 23 11 45 48 41 87 17 
94 44 93 20 69 27 89 8 72 99 60 28 58 31 95 15 14 98 49 59 18 81 47 14 55 57 10 3 98 96 71 43 91 16 62 12 42 3 19 65 1 
30 92 59 13 86 25 26 84 26 36 53 6 82 66 13 39 75 15 88 23 37 30 13 52 44 24 45 46 95 10 98 76 53 56 88 91 33 14 74 58 1 
78 15 83 43 27 21 17 93 60 91 30 41 4 33 84 79 30 81 73 91 79 49 43 86 88 33 70 53 58 27 54 35 42 36 29 68 8 46 61 67 36 
42 7 91 74 43 70 3 23 94 93 53 94 88 91 82 20 60 34 30 39 87 64 32 22 93 99 81 90 11 47 77 52 6 20 78 48 89 32 70 34 77 
75 28 64 65 9 35 76 94 64 14 81 80 97 54 24 48 35 65 58 33 41 62 38 60 91 85 100 22 7 34 50 81 61 13 97 21 48 72 14 63 38 
46 42 34 52 65 81 38 29 91 70 22 4 60 81 94 44 33 67 50 66 17 82 78 81 78 98 28 50 63 91 39 9 84 72 60 49 5 49 29 47 18 
50 50 77 83 95 73 15 13 74 32 81 8 9 62 85 58 89 86 72 31 24 32 15 48 43 15 4 91 43 50 9 93 51 37 27 97 61 41 9 87 24 
90 94 84 51 78 41 91 16 64 74 39 96 88 38 38 2 41 29 96 90 89 88 92 25 14 88 38 6 97 24 29 38 69 12 88 98 4 30 13 68 3 
4 63 42 41 100 43 82 28 39 23 68 78 15 93 44 2 82 49 50 57 30 87 77 93 26 74 97 8 87 16 10 90 78 52 30 29 46 63 9 36 86 
76 66 100 20 9 53 1 9 3 9 38 41 85 83 67 59 79 26 97 94 35 38 23 38 19 51 36 82 11 71 67 87 88 66 58 48 18 11 57 72 19 
46 13 56 28 31 14 58 56 62 3 42 99 25 32 69 28 67 50 38 89 68 76 77 85 34 24 55 44 32 26 14 30 90 69 57 72 82 67 79 95 69 
21 45 94 4 14 21 70 15 10 10 83 86 38 19 71 14 73 14 45 99 79 74 40 48 83 12 81 49 90 76 17 62 72 62 65 85 34 86 52 44 96 
86 81 33 4 51 46 77 16 91 27 94 16 66 93 50 29 74 98 71 1 67 32 72 28 97 9 62 82 60 57 29 97 37 62 100 39 7 76 6 49 54 
51 17 72 44 66 100 17 16 70 17 82 54 40 9 2 48 22 35 59 78 64 55 66 25 55 4 83 82 61 84 88 12 100 59 7 65 10 23 80 32 91 
61 85 82 22 86 30 95 20 40 25 83 95 90 59 1 46 42 34 58 25 21 69 76 79 75 40 41 49 72 72 91 84 56 73 57 93 54 52 12 93 76 
47 87 17 57 87 14 50 73 72 74 93 92 1 24 67 41 64 67 12 35 58 47 42 82 4 34 35 7 97 27 82 95 66 50 52 4 64 1 76 87 27 
69 78 27 44 96 19 7 63 82 93 72 29 34 53 84 19 87 90 15 65 23 62 30 72 65 34 87 65 9 25 43 29 3 22 72 98 92 30 12 74 22 
83 54 55 35 37 25 73 26 40 38 48 53 67 71 17 52 10 33 13 34 76 41 88 49 65 86 40 94 97 13 16 32 18 22 66 54 47 91 31 38 28 
30 90 46 1 6 98 62 90 10 47 65 2 35 65 66 20 5 60 68 69 75 51 87 48 17 92 94 59 23 31 86 52 72 83 4 29 32 17 19 93 64 
35 95 98 100 12 69 4 71 88 24 97 39 10 45 7 2 90 65 24 73 2 27 44 84 83 25 68 99 43 60 62 77 6 59 76 18 27 31 40 15 55 
89 53 16 85 59 17 74 23 92 46 24 19 42 59 1 66 26 99 60 86 13 36 43 71 64 60 50 46 52 64 100 40 68 68 24 26 84 49 100 76 47 
75 46 88 85 98 5 11 48 64 48 60 51 90 83 66 2 32 12 5 95 63 44 14 30 19 91 14 67 90 41 65 16 38 4 100 87 8 62 86 23 61 
46 74 51 28 39 4 11 50 8 57 65 3 70 94 73 60 59 91 1 51 56 16 40 59 67 26 19 81 12 41 41 9 66 91 88 5 46 98 6 5 54 
22 59 23 16 31 34 26 74 34 77 29 1 68 39 19 46 57 99 57 98 40 17 15 30 4 19 28 53 77 84 6 98 43 80 65 25 13 43 98 98 19 
26 98 38 65 16 83 73 15 91 22 54 7 37 35 62 55 14 14 83 98 71 33 92 50 49 16 14 91 14 63 61 91 12 99 7 80 81 80 46 72 1 
99 30 37 85 92 44 51 5 78 48 76 10 91 77 11 6 43 1 71 5 62 62 17 12 20 96 92 51 41 15 52 91 45 40 27 36 35 29 40 13 28 
67 74 18 44 84 24 38 85 46 42 98 59 10 9 79 57 52 29 49 67 32 91 63 72 18 98 6 46 89 70 74 56 44 43 51 27 18 88 63 64 81 
12 22 91 20 100 99 72 81 48 90 12 38 52 35 7 1 41 5 89 62 30 96 5 72 98 84 90 85 98 53 18 10 26 8 29 26 58 52 58 5 41 
69 43 44 56 1 44 96 5 33 9 34 80 14 6 78 97 47 14 94 99 31 55 24 90 84 1 48 87 58 52 80 79 46 23 34 47 19 81 3 3 89 
37 82 54 94 59 2 40 25 48 90 55 2 65 97 37 66 44 24 75 47 55 5 45 29 90 43 47 70 45 49 11 33 83 64 26 93 18 17 17 65 6 
24 66 71 20 3 88 15 78 14 13 32 19 9 60 8 51 59 30 48 59 92 80 41 7 58 34 24 74 50 88 80 73 6 2 92 60 89 58 37 2 71 
20 20 79 31 80 82 89 61 29 100 52 60 40 58 17 73 82 91 23 21 22 47 26 23 39 85 11 48 73 12 70 44 84 49 75 15 82 15 75 10 14 
26 21 54 35 38 78 16 80 100 89 1 47 14 23 37 51 85 36 75 48 6 19 31 54 45 97 87 59 23 48 25 48 68 30 35 5 7 2 36 59 90 
36 57 56 58 93 58 42 28 32 90 85 50 72 38 46 21 76 57 43 23 81 43 91 62 77 47 68 78 83 26 20 70 34 27 80 26 84 73 6 15 14 
90 17 86 80 62 58 55 18 100 30 50 94 20 11 70 18 31 100 100 8 71 22 42 97 1 19 80 73 76 46 87 66 14 24 97 28 81 3 45 32 32 
47 26 3 9 47 21 39 98 72 99 68 93 40 64 93 58 95 18 86 41 4 3 54 79 99 81 59 53 78 42 37 76 67 39 84 66 59 75 63 83 73 
31 27 12 46 20 21 41 89 6 81 92 8 86 70 58 67 80 11 96 73 47 71 92 37 54 57 48 28 19 30 52 1 56 63 47 27 36 39 67 93 19 
58 1 4 79 10 22 10 72 69 83 70 39 26 7 45 82 54 24 52 35 76 5 42 38 3 21 25 41 87 18 11 97 70 66 27 79 88 89 3 56 23 
72 47 48 30 91 29 35 14 32 21 89 36 63 79 90 35 3 30 73 72 40 69 41 6 48 72 45 36 26 52 10 97 98 57 27 40 37 13 54 20 34 
94 8 96 24 97 82 27 27 54 50 18 75 43 75 74 66 19 61 91 71 70 87 20 26 65 60 14 78 65 33 11 58 40 58 82 37 39 60 15 44 9 
32 70 3 59 43 68 77 3 58 99 72 97 71 49 61 30 62 90 94 95 52 3 86 61 84 22 51 95 88 95 56 72 64 58 30 7 26 58 61 35 57 
33 31 27 81 44 8 95 85 53 89 37 55 74 97 91 48 48 85 35 94 40 6 9 50 87 67 27 45 28 61 1 12 92 79 92 87 38 38 71 90 26 
59 96 52 8 86 51 55 23 37 100 14 95 8 63 81 27 89 25 54 2 77 65 45 7 8 31 96 46 53 85 23 12 33 26 19 18 28 25 40 65 24 
54 11 83 68 91 9 57 68 14 10 96 78 54 55 38 84 50 35 88 87 9 99 19 87 69 88 14 93 28 30 68 33 40 3 100 83 11 8 2 77 17 
97 6 22 51 43 5 53 29 93 91 38 43 9 24 12 96 89 56 75 19 24 59 58 26 11 92 88 18 93 64 87 90 70 8 92 64 65 96 93 9 86 
82 3 46 57 14 42 45 70 68 15 45 27 73 70 89 16 9 58 9 25 44 50 94 4 93 9 20 89 53 80 74 34 82 72 42 48 13 87 17 32 1 
13 10 25 34 98 41 42 56 1 66 51 50 11 6 42 20 25 82 72 56 56 58 38 79 99 85 91 37 53 74 90 65 84 14 98 33 6 91 88 6 57 
91 7 67 96 49 38 73 30 10 28 37 19 17 15 17 1 57 6 5 83 95 69 66 8 18 50 66 9 90 23 17 80 30 35 75 78 73 99 59 34 27 
48 52 43 62 20 96 71 25 52 53 19 73 70 79 90 19 96 50 8 18 66 39 47 53 14 76 25 64 87 58 42 34 61 37 47 80 32 69 57 83 21 
27 55 42 57 97 13 52 46 20 22 64 59 20 16 24 96 92 39 82 1 81 67 61 17 13 92 100 82 100 82 54 27 89 48 35 37 60 39 34 79 60 
49 89 79 64 64 26 7 55 59 7 35 25 67 51 90 11 50 23 10 83 28 88 23 75 23 59 34 13 93 65 72 41 5 2 57 21 80 63 75 38 22 
9 15 40 11 56 50 12 78 60 46 57 99 69 32 21 79 65 85 71 81 56 64 86 10 72 6 41 86 80 78 7 40 44 47 50 99 48 61 28 59 6 
85 58 26 68 30 5 84 15 27 65 22 90 50 31 61 7 23 47 86 53 5 77 96 3 26 47 51 38 26 9 95 62 66 21 29 96 25 65 62 51 29 
83 93 30 66 5 88 88 3 73 40 8 49 88 10 26 86 12 63 11 21 57 73 38 29 53 85 5 69 46 8 97 29 100 78 46 4 65 33 59 89 25 
66 89 12 27 14 97 39 28 59 11 37 83 48 65 88 85 70 56 30 77 5 10 28 82 55 83 99 40 41 39 64 58 28 27 85 93 75 75 73 33 37 
9 16 36 25 3 20 46 10 2 74 14 11 1 48 18 36 46 9 76 36 72 86 63 50 22 8 24 96 80 56 32 40 23 19 64 25 39 10 35 40 83 
100 2 36 47 71 71 44 79 98 80 50 83 94 99 4 1 74 51 32 30 34 71 4 53 35 81 91 96 67 82 78 66 83 65 13 54 35 8 32 85 39 
34 67 33 84 23 85 10 73 69 39 59 39 94 11 25 74 53 20 40 86 50 6 20 14 70 25 1 29 57 85 68 42 51 52 77 25 88 86 50 56 76 
8 95 70 70 71 43 74 91 83 59 92 40 78 5 9 3 5 37 11 89 56 4 92 7 80 16 95 18 65 2 45 24 96 14 93 19 9 66 9 91 76 
52 82 54 56 42 8 13 78 18 53 86 73 44 92 4 12 38 21 28 40 66 4 87 31 96 5 39 14 65 81 89 16 62 94 24 3 1 36 33 70 40 
18 94 36 61 98 47 51 70 26 42 35 29 28 18 77 85 56 90 1 37 30 69 50 24 92 5 76 79 89 98 18 58 91 53 70 40 51 20 10 29 61 
96 57 41 13 33 25 69 74 77 57 56 45 58 79 36 14 6 66 2 55 84 59 98 88 29 37 39 48 98 67 61 94 75 1 58 60 77 78 85 53 86 
