94 36 3
29797 32701 23070 4679 69458 34287 10303 56169 2171 43207 70278 39175 77829 8504 11693 40147 5373 59735 37909 78663 33152 6952 28107 59734 26536 28874 47500 66483 78819 82588 90697 8615 15288 30118 29645 84745 
64405 39948 57266 82927 99506 43895 38453 93686 68750 50146 33833 74123 9880 88093 69137 59383 95045 13595 19117 37932 58820 66616 20766 37638 65555 11462 62604 80843 57931 92249 81939 38687 48548 55556 21613 48053 
99451 60066 41739 68200 26563 91923 58674 36442 80015 27810 12177 91411 57757 31293 45694 16576 14260 66459 70566 79815 94272 33169 77009 52203 41769 58947 90889 90316 30855 28854 38369 30305 88919 96459 98504 31833 
88381 73530 84626 84747 1339 96802 76158 59095 44446 21851 92023 75058 4662 62588 71224 98933 12108 48232 51135 53877 23530 42024 44192 54384 87229 98912 1040 76147 95370 15896 24331 102 89425 8956 84849 90763 
22110 77358 66210 66555 99208 58232 41612 3869 37171 12835 2802 49278 77418 70288 3154 17300 28663 63698 71683 15891 78961 72723 8389 90683 4970 32719 90784 94394 58027 91984 1508 80136 69341 67717 46690 84901 
42300 4654 5121 95822 33840 24274 45100 27610 94562 64605 44909 23224 44654 16591 55467 23615 5665 63855 30649 10634 12926 37784 21379 70952 29768 22887 51087 99108 6955 14128 360 49255 18781 5481 61428 68973 
29754 6527 96582 24315 87484 41490 63891 32137 74432 19357 72103 96449 99563 19103 23434 28840 56887 44813 99791 3006 67699 67229 2113 74653 81357 18825 40259 16489 24305 1687 85461 54058 24565 98394 94725 28400 
39883 58615 60537 30667 94323 48991 27115 10237 68094 66900 39077 41332 11712 55219 44337 95762 22448 62801 86767 20156 81625 27025 36644 5929 45063 38457 76339 85980 36850 71063 14379 93085 29677 91267 23751 40351 
40258 67217 66939 24703 34116 6015 82386 62180 77586 26722 74293 16385 5874 61059 36540 87499 4436 73183 9779 65850 27991 86117 51829 64841 57179 66208 57925 3207 57474 98027 59909 14083 81595 26848 55137 32062 
49214 37522 10593 26799 80595 84886 43183 2821 45944 96074 90319 66731 69257 16449 32581 97247 2566 84409 78439 76096 66968 52715 79303 24442 67093 39211 54876 65039 82410 26365 97101 31624 80238 7693 74774 60833 
8930 34309 63653 71226 30382 70323 37956 15990 86771 70536 29589 5688 71297 24379 81784 38264 77094 61086 79057 44186 16648 33933 9225 99058 76649 22677 47033 56886 46721 38158 34070 55651 72466 14074 26876 19200 
748 81183 51541 87519 51719 81129 93206 39367 21860 91341 77630 98953 52426 56687 59490 85426 6971 85066 835 83619 24094 64219 56856 70815 2376 90926 42817 91194 21351 86044 10393 22099 67226 61933 9617 35296 
59414 19174 74662 81273 10515 68644 96577 79292 41682 72418 81069 48652 57484 81903 48622 81577 46121 21829 68743 64849 12754 27911 56042 34105 13954 82786 56203 97532 61070 82171 49179 20483 17696 40193 18107 44562 
8836 31035 40206 50517 3453 21274 15520 60936 19529 80493 58864 82001 2321 43959 46849 31427 71869 2890 81883 2175 2027 38085 99706 63097 36607 65236 83579 54302 5428 18038 15216 14263 49072 55421 81131 52524 
76694 13002 29811 12574 93494 5027 94575 12167 65337 57775 43593 37205 77017 25475 55731 79043 79911 55436 42139 16517 37024 42070 87170 42451 60107 2385 73066 25530 74157 70548 94406 67203 83550 40568 79776 77043 
45594 90702 89209 10930 48477 49153 64487 41845 74627 20217 20887 54537 92005 79378 87405 29028 21447 74575 87830 97905 93311 60895 23434 67468 31443 34191 34670 14992 74759 14445 8386 36704 21499 13947 63986 86327 
63099 28472 28171 54078 65040 49057 8614 73396 44786 96019 2423 66232 86945 90253 64136 80255 67499 3922 64074 98941 54464 98743 30284 45574 29540 38670 82278 51038 68968 46263 37364 32066 91086 81886 86143 72477 
47294 11109 45873 92080 23479 64647 58311 10423 54899 38799 7029 38750 59072 71103 37690 29887 86197 67974 75461 15736 22995 57738 83125 91962 20352 36840 40379 27789 18725 42874 16617 82371 70334 62489 74450 93812 
43488 49112 4234 14738 4262 27614 53487 63333 98716 91177 93220 84913 75502 85032 17000 14848 59121 125 23161 79472 53316 79891 23612 72041 22764 40228 54411 93097 19069 45212 3260 62556 94323 7493 77293 98585 
35107 30780 78269 50174 38308 87840 35086 30161 72871 52086 45008 31991 68562 84520 27814 21877 64410 67777 10269 3526 24357 81031 96622 59777 42594 99882 22332 36917 23726 15976 51853 75184 63107 46473 25358 17766 
34313 76795 47926 23535 45232 9285 71878 30145 93804 16043 52022 58214 172 78642 61739 24528 76025 74712 84304 18618 90945 22987 55534 31023 38962 23738 6206 18421 70211 47915 36186 20875 41062 84112 60761 86293 
93396 48990 16438 3552 65033 84811 61765 65204 79804 39855 6083 55828 14566 90386 74446 21863 29724 46331 52885 85037 70069 75442 3457 56631 23357 39643 77505 64418 40106 54617 67062 33501 3607 99851 37052 68639 
1013 15168 50194 80817 55022 56276 52996 85940 63013 27441 7802 9088 73772 60686 94124 60192 36127 97581 33174 75835 53575 10678 56604 93680 65294 23666 43532 85252 39868 96936 53890 40881 12103 20435 38049 83477 
93062 91044 69416 56074 34837 93569 65161 24960 70606 59285 85151 6732 73217 18324 98919 26791 45353 55522 36822 26998 95539 80353 12250 35407 77288 82491 76287 5743 2926 30687 89219 95987 21730 74986 68413 72918 
84906 49925 97877 55511 25561 99379 78594 98777 34054 77512 41919 95758 33034 78740 22756 28572 59093 51357 63978 52732 50199 56616 58474 53124 3654 64044 65463 41736 55381 50227 14653 40286 151 12530 95796 25712 
11908 74390 40840 62314 51901 82759 58071 1286 61498 97178 29858 36942 48534 10187 6026 98733 83155 64499 68208 86808 44895 50022 44895 16627 248 59548 56913 16751 72077 69060 42462 336 43449 99653 62649 11702 
82411 37072 12987 60261 34249 59196 13554 82783 85735 19579 97867 85241 430 82426 88400 61676 48800 33295 78302 65399 92842 35214 82149 81270 4274 40962 97957 64074 40615 76958 75775 39377 14029 5114 15989 48277 
80661 29543 47411 82747 65473 61629 67987 65902 60407 56387 27577 9206 6033 22231 90956 98874 57444 73105 96495 78069 30418 10803 42143 87384 87760 34269 26761 18140 55734 59101 66417 36395 88643 30179 19141 54116 
91808 3480 36369 68566 76218 80298 94123 82250 2528 85078 97475 76323 74534 10321 54392 4952 21123 12886 92335 25235 47154 35447 43374 19240 94548 26142 55634 99542 56321 91126 70009 64480 10957 22730 33045 87174 
3027 27167 85775 21906 12244 83249 14580 3130 9921 68971 8081 31044 98208 16767 56278 61714 68566 16003 80953 63113 42145 36586 79006 98465 44063 49015 79296 55020 88096 28692 58545 7474 55858 44320 29379 84453 
43920 43958 87582 53841 29281 12014 1236 27488 45133 73865 89201 13698 89867 70153 93162 32011 23090 72167 46827 83505 37533 26122 38524 25628 71165 13420 33101 27022 57739 78831 27827 18011 39141 31760 88203 84773 
60126 89438 12260 5258 63302 17813 35307 69520 4317 28468 17883 43759 16986 64709 27263 70871 7183 82138 12850 78347 95557 45951 21721 69648 41133 65899 87658 80273 14010 75860 81397 74135 81649 93657 79392 44950 
27821 14698 30821 48489 59517 48703 92247 76503 29764 35861 47373 53298 17998 60222 31644 29907 22524 69716 99554 80009 35614 3563 76633 49624 79422 58030 40110 61070 68038 19502 22371 95858 50551 69543 60698 26420 
18246 69297 19274 64361 5157 66646 17658 39507 43219 65653 85765 82095 35369 85318 62103 87334 5232 55087 36957 84653 13116 77067 62074 97505 12920 796 93362 79822 70338 70412 6241 4935 39708 25514 69295 61216 
8511 86952 722 68082 52605 86486 66528 4325 88155 44982 91658 93386 68 44967 94390 29536 22033 56463 27040 51304 73610 36754 47477 43948 7165 70070 65234 63224 11935 50881 24439 20446 54184 25161 4879 6788 
27998 71406 27464 16153 16387 19122 25890 32806 64088 20280 62341 2472 93094 89381 70127 66704 42486 17603 27003 49650 87672 8588 12873 15959 59468 37311 52756 13652 78823 57634 36791 6821 45391 64255 39325 78129 
99728 65214 10934 80167 1845 89627 82638 94939 95359 69116 77994 37844 86718 21348 3845 90742 29935 16717 6700 5755 70379 59455 19406 65554 33440 56196 72374 78830 36802 28050 73310 52881 9615 595 33047 11460 
90221 32036 22750 85579 1151 743 39774 4221 38442 43618 94962 68376 76686 18013 74130 63417 93819 9887 28970 27258 82435 17695 22439 19236 45744 12100 72117 55358 12694 5163 66817 2915 53551 5918 4845 54701 
6660 60971 58921 45101 4588 70234 29829 97626 4598 20310 61042 98416 30197 90011 42025 12631 7705 80815 48218 69800 92914 36686 25157 21960 41849 8326 24874 11751 14243 46070 66451 37255 7040 41724 98707 27980 
28309 28535 25605 32907 48845 86646 47674 95393 93008 6051 8023 17064 3217 72592 86863 12483 9278 28371 34442 67478 36696 59315 79228 67291 21736 45678 20897 28776 3753 19603 56755 32062 64490 82359 64968 13334 
85356 28993 25078 78363 35043 49452 95426 38260 22043 82288 67094 31320 10658 1535 98797 63706 77201 78024 47348 98936 40054 68244 27711 43806 4198 817 92219 68687 83175 57186 98372 84882 2531 23449 63244 37573 
72900 75021 92184 94943 57308 59277 42614 84318 77163 41411 64375 54363 35786 28074 53299 75839 12669 81009 35997 16866 81826 28215 1905 81352 1753 276 66234 4283 40077 45829 58207 29328 20850 66743 40622 94509 
42371 83236 95178 19534 24646 59552 73896 76783 3977 27194 52622 16645 24555 4970 49863 22732 49536 68119 4083 51288 84746 86668 71922 24822 32497 46481 54150 53346 13223 94771 47854 71945 94358 43032 91478 19003 
18935 81726 95786 39264 25271 64759 72260 49825 86080 22122 88908 35615 6592 9343 3255 91338 96010 75176 32511 44858 38008 86660 98203 51230 97783 62409 39527 92140 21792 31004 27495 57078 12729 39632 96341 54352 
20742 68601 4176 6821 7074 93084 58787 13666 2426 62041 21355 14787 53569 53865 59645 91576 40525 57847 59158 54659 36607 98684 63150 58398 46039 90644 15476 75120 46627 28168 29471 67368 96768 49998 90540 3842 
59433 49327 33859 61858 11367 55213 76645 81287 9077 52641 89215 65953 26839 48372 36963 63446 63407 113 38195 25797 90756 70022 916 37383 98190 46738 21102 94957 96736 11642 15150 56168 60968 65360 34378 88686 
20572 27374 69973 46001 80014 59187 11953 6852 23910 48916 86649 3668 49028 24844 29464 56135 11217 46732 9869 9406 93469 30971 20715 6556 58964 52216 79076 19931 17576 13453 24968 54499 57178 11292 499 37191 
70478 28804 60394 10739 77719 47043 14406 43098 88238 60222 15584 15806 6953 25453 25212 421 72775 62278 23329 48090 30845 2404 84372 64772 15856 9339 19271 73033 20631 19769 26575 7460 64924 86968 34551 58994 
50362 48956 2091 54951 9177 34027 70757 32481 75831 12320 49254 48605 90949 72582 96694 21793 74985 97417 86565 7192 6755 22187 96576 27385 58307 23150 51197 23231 26469 85747 82224 93183 51054 667 64485 76583 
34693 51593 9063 10523 63912 58316 75479 71212 30897 88524 9357 22233 85940 12273 29424 92694 34459 42351 36431 92765 65500 3979 32347 8321 89725 14571 17855 57130 31589 82339 33712 66281 33932 59127 93155 14195 
17442 68633 85407 64691 57156 11115 3275 59447 23387 49051 68492 57845 91401 4922 66961 73253 25252 99308 81573 31328 30230 15779 88458 61818 98117 38521 44450 48400 97647 37604 78947 31441 22588 80705 12483 96095 
91819 15757 55541 15205 64807 24032 73049 56208 45306 56361 45812 70557 55668 43736 1885 2249 59514 6694 80418 73982 45214 24867 22382 42861 78822 17680 90653 1409 98384 3135 97503 90202 35243 69395 21758 50 
93427 94806 72609 38732 67518 18420 9288 23186 62155 27524 41786 21668 34217 22204 12001 79431 63422 50734 38643 58596 68413 45647 76356 66796 48781 90211 73349 375 59605 95106 424 53031 6263 89384 8114 73781 
7803 33754 13318 86309 61277 55103 24328 11846 93658 36329 7628 73432 87062 62622 32027 55475 8268 8382 38622 73400 98592 28323 73774 74549 23428 90550 27579 29691 79933 52045 19823 4088 85798 33140 6748 63426 
4594 31076 91623 98252 83756 99250 71683 70817 61871 20061 42643 86490 28442 97617 59889 43386 25939 50015 17934 65718 40564 61864 95408 36848 13908 15230 40935 16057 64721 47683 79483 69315 95110 71105 67566 78865 
86707 55600 66033 64929 75660 25028 51419 20453 22644 27659 80190 64934 94025 98123 30651 34588 76339 42411 87788 90246 73992 45074 22655 38713 92756 2137 8027 4217 89593 91944 83081 92651 63895 65466 57580 39554 
90493 8998 76358 29488 53008 56548 94421 47033 71022 25071 97972 47360 83833 85759 37606 57825 30833 76612 96537 39940 95100 20915 60509 84692 29210 43589 77343 93104 25406 51274 49009 15898 60271 41718 61737 29630 
98265 56157 76662 69287 97580 74634 16646 97764 76744 70603 55588 23928 47214 68476 63868 42313 5742 24376 43357 51303 84316 37051 44406 9722 88324 9766 41971 64946 51484 20060 10927 66100 76216 87589 35386 90147 
78574 68384 87911 71669 55338 59850 95597 18904 28326 59464 77568 50419 191 20924 1722 858 74326 62479 26931 79001 72245 85254 43946 40080 5313 71225 6179 97880 58813 57917 4379 53738 42652 92289 25406 14341 
68490 21002 33244 96815 96817 10812 47234 13359 31735 65307 14217 22413 27785 41147 1413 29 26400 61711 56460 48064 32935 78991 45944 91747 53259 50322 61836 95910 58962 87241 26602 27451 24595 59846 40618 21411 
70657 4203 51122 18743 69509 65338 41155 97293 22836 42568 13674 49236 4278 70133 13651 53564 65475 59594 61662 18733 9915 23497 30994 85228 27089 57596 12679 51683 17441 69648 89446 4449 73850 40567 23191 43358 
5904 80698 57002 28739 39617 70675 94326 60246 57160 7977 13809 22634 83922 75470 41367 10189 98966 88712 95416 26054 62659 24446 94089 80099 94093 83534 899 84294 40452 24090 44003 46355 21139 1005 91445 60755 
71679 2123 21000 45190 26451 51160 67824 10372 26629 25542 36912 41946 30605 32328 67999 93264 73125 78439 73362 83570 61972 90613 67863 2423 31054 11866 65129 52192 12870 72926 29298 900 91400 66649 46090 17850 
17808 30265 44573 44436 72158 81485 86381 2762 30164 70731 96025 19640 49170 85739 3209 27493 76351 71072 46268 7404 82937 11396 75947 12158 673 5244 29409 92072 71892 75498 9921 89699 22114 70846 50486 94271 
68682 53218 97033 98845 40300 93057 18484 5821 78795 21693 33314 71497 9116 95933 95252 8404 23680 71198 36913 24353 76441 66321 16424 64684 58171 42697 54382 80284 29894 21219 74555 98575 74436 87939 13771 14736 
80995 32254 36908 76142 70298 86573 63990 95765 82505 59242 4168 6185 30439 41080 30537 23232 7401 63312 87915 81923 22360 42297 62206 52253 79867 36760 67179 54303 24698 80949 85390 22045 13203 22297 14538 99852 
25222 78527 11969 7726 37768 16136 13910 84559 73568 60798 7790 97320 40462 95704 79242 62821 54352 41447 31426 34219 94559 98604 88521 35608 79553 90262 74004 9107 28910 88541 25310 54131 83420 37278 78209 21187 
69766 8470 5745 59685 69268 29886 57004 26081 25590 36245 5253 79941 94043 36678 14159 4953 51634 19031 56913 47538 25644 30916 72996 54554 35809 14657 25036 19228 51935 3244 56766 38052 11714 78863 97736 97333 
8748 54739 23413 34337 7335 28665 14278 17729 81695 44788 39034 49680 63819 95946 97217 89462 43213 86564 60367 79021 1220 85403 14600 69506 4998 71366 7557 16711 50228 21644 30395 75327 76382 53807 9664 68 
98824 40293 34149 80518 1432 73182 30197 65250 85479 43765 71064 28691 46680 47782 7712 47899 49536 38663 17405 54534 10028 41313 87596 76607 62957 17991 51934 55690 71797 77949 72110 86972 34593 6258 67489 36024 
95791 14037 17626 81269 74153 5041 9959 20832 52822 34022 85083 2358 72685 2487 73243 99064 60151 60838 75671 39459 78828 43956 95149 66977 21904 83610 53948 56496 89867 37789 8871 2009 68177 26496 83277 42330 
31536 9587 79513 84358 43609 64595 3067 16293 83433 76309 15356 43584 37146 7378 99394 32326 51333 94542 99302 89588 94503 69601 62435 84369 7389 71306 2729 91918 97801 86005 50599 45689 95592 30111 46398 39200 
11058 49464 71844 94490 25772 3551 54425 79269 27281 53819 11594 94965 64712 27247 84553 59215 96848 46987 59935 20588 34644 62664 28857 48797 65020 79455 94485 60611 9566 40882 16162 20623 90345 4357 31464 32468 
24260 85889 11736 51540 56059 39682 46504 20770 66928 47408 96336 80127 10747 72623 17067 45390 35286 45923 94186 305 25378 88670 77268 51295 45903 93429 71917 52599 14138 3380 85066 38397 5620 13154 6288 61678 
69187 69143 98800 52466 16551 11487 48945 27297 84109 66011 89038 19394 28285 83224 36051 70014 88245 13318 21308 34148 23098 9576 3098 37235 29308 88164 75631 51279 17669 98270 29309 86855 67413 28108 55672 83963 
55946 4616 27611 40055 86978 16648 59448 15263 99871 11850 1628 4468 25167 39288 54967 64617 65215 58064 1851 94522 62579 93834 62153 80247 92103 91461 83453 59515 35920 39125 59829 91865 60092 87439 31919 47070 
20439 7719 78684 20309 19568 80311 41128 61087 35950 96094 25703 1165 54158 43905 12038 16736 37738 74190 13335 29841 82002 13139 5707 17921 68615 65536 26138 28707 69326 58056 92128 89764 82126 70811 26425 18046 
67473 67552 79132 3423 79998 21186 20939 50507 81442 32976 83594 19180 23518 96928 65372 21871 26419 87430 39792 95033 52965 65929 40091 38643 40336 32218 28406 22462 19380 71182 40507 86853 55086 35990 6627 35083 
73527 27565 85589 54968 76892 69182 90499 16761 82462 72222 54984 8880 59652 94775 20264 28968 77055 60355 67610 33742 92572 12368 72555 11952 83549 13061 15156 38634 65402 21782 90068 55280 65698 75656 10248 58941 
44838 17098 92054 27299 89320 47037 52530 48971 58163 72793 77938 51569 33147 61900 1662 42071 74267 74217 70374 74167 3629 85529 29153 69031 23662 19220 24310 5711 94876 50909 81003 56065 68007 89408 99715 57326 
52796 52244 22648 10958 41388 585 78878 74535 78836 80540 32957 69454 71108 3330 43621 74736 5210 72773 60118 28871 8344 780 50933 3219 51688 48287 75635 36046 37695 75349 9723 90490 43944 32370 17800 85332 
49307 13029 76218 28142 93568 9174 97596 81027 12503 57568 55763 34064 30340 15880 79286 55035 33011 30218 58254 1051 78504 50240 37096 32550 25589 46819 23040 85884 79188 57191 71215 44846 70219 47432 72988 80139 
56605 86935 61165 85459 44502 16927 19522 91193 49159 98807 46227 82169 45376 20832 99571 23880 71072 36667 72781 13012 99837 95820 98895 95376 53010 86462 40222 39581 33893 29561 19719 6850 16495 80883 92308 77348 
14162 11830 84892 79672 26988 31118 78192 72364 68302 77763 12595 55725 14429 85375 68736 14265 97547 83982 9640 66908 70443 49861 6488 20688 95773 26206 27537 12267 7089 19844 5966 37602 48025 90857 17273 75013 
21975 95464 63728 6628 73226 76322 62352 87654 78048 47439 18270 75594 31420 27910 42502 18215 94122 48989 38902 89895 91547 66438 18513 14987 2633 24479 52588 50658 15335 69860 42022 53661 65323 22101 60288 54901 
14774 38991 42554 92821 86429 60824 68415 34201 5085 27268 52415 15558 76256 91316 5452 67802 74105 40317 99140 76737 64795 51727 43746 96481 37938 2119 66494 3261 24219 43133 74513 55344 82124 17066 48165 68552 
94241 32931 19104 15677 60198 71518 31235 36453 79185 36686 20607 53289 77002 19746 46378 58148 87825 90123 54629 25762 8594 37474 45374 49164 80606 19886 4508 62729 53304 52672 47633 63896 85602 66736 79573 45799 
54606 10807 98603 33790 63844 35561 87079 57198 71659 33456 15345 59483 39930 86325 1596 48523 23798 46970 97687 20756 83207 2194 83484 36510 71217 47468 406 56818 30556 96330 18968 85161 7136 33922 18950 87331 
69483 22380 44528 41141 72187 76225 16975 12117 78901 34922 76991 19051 98243 91029 39806 81450 9574 39641 34311 80790 87109 51068 53959 34016 47397 89278 19176 70884 23200 54477 58215 92682 76857 19094 50174 65395 
95318 83500 77511 74219 18421 70854 93269 33016 61882 49426 14465 71456 89066 65127 68597 92526 32547 22556 26541 96295 11833 62068 83531 51384 16545 41745 60417 9753 77190 10590 75147 72508 10441 69010 63078 45214 
56215 72698 78229 18096 22123 9045 5903 27540 74171 90852 20066 23069 13407 62958 19364 41591 25026 2894 9327 57922 60990 69743 84026 38179 96685 75524 27038 7125 44533 6467 68690 17099 79164 46918 51547 17638 
72314 57449 45178 62837 48300 81595 85905 78058 44552 21620 36001 85929 24513 61679 60202 1854 31421 44227 40033 28105 19751 83422 51582 80635 89889 20271 97734 85404 83541 49280 19394 72206 23080 64571 35042 87732 
62517 20947 82141 7068 42566 34493 9349 83431 96171 69550 85284 27592 13777 41668 72048 49879 25090 23629 46865 31330 60252 60950 33085 60144 26581 52478 32349 49661 33400 67391 53744 12268 4689 35884 35688 63606 
86729 45036 47036 82899 14585 48672 10490 44713 90339 98890 10943 31780 22518 57808 79461 99121 35109 12546 75616 61690 81375 7965 27702 31127 91707 81445 43394 96395 33680 79081 76352 20408 24116 23388 3307 55053 
