40 40 9
34810 48493 1302 84463 9666 81536 34704 80137 77512 43345 6731 6379 12387 78325 62394 12846 82587 97167 27823 65809 97707 32030 92263 40791 99343 90079 8827 9394 60718 34667 38322 11880 99511 55976 12694 9176 53863 47398 5664 47726 
7094 12395 54105 35832 7071 16498 65029 89657 30016 92851 55465 44074 24880 64079 84865 40574 70509 93691 49968 31227 28357 4641 59458 27868 76968 72151 53395 30830 19548 59059 78556 42994 87805 49012 78825 94875 65509 43854 84531 11876 
36704 56347 55949 77936 36778 40813 34861 7286 34504 84828 54864 79212 89469 14321 23431 82788 86472 76826 13618 22371 52236 8525 65364 40040 57536 44189 34914 39396 4394 35796 51271 57449 8494 23571 35384 61623 64384 86597 85261 15239 
71424 40124 94450 77244 70797 34233 60032 73620 11058 90001 95990 79645 14877 77706 36036 88764 38246 87301 28159 42639 23096 95781 87 47941 35703 51823 25916 16438 38419 11176 31676 26194 67651 42478 3438 38447 76710 79821 28418 4119 
86173 24408 83763 17401 18465 19798 6164 56710 7098 50674 99348 46545 62806 99434 10837 98508 67608 36752 14946 6026 47927 62973 32220 15578 5450 52009 70376 82159 48181 98794 86277 34353 39553 70039 68105 58017 6188 74268 14726 29637 
41293 30425 92533 4098 29858 3370 18957 97466 40121 33902 19843 88048 13227 68414 19977 18676 20422 6704 835 68602 5497 3463 19306 61401 89854 3762 35769 96041 78029 50494 42030 19321 97270 34562 39770 27128 37931 58727 40945 78052 
8980 77139 82451 22206 45553 18779 40882 82326 25482 58068 67280 47331 61530 2937 25083 51383 6699 60852 63776 84727 27697 5805 20400 24967 56718 60169 68446 94649 35247 25742 89052 44227 2880 87854 82784 64784 6632 23665 47110 48465 
98084 14389 12147 75966 17325 37230 27348 24023 14433 7475 25102 42129 29631 45501 67095 86349 22021 51892 80997 57268 77633 86400 17846 80513 74253 629 61648 97236 40646 8757 62052 55081 39497 90551 31046 73174 27780 74746 13548 58564 
82220 38649 692 11851 501 84139 98199 38874 36030 95547 12493 13663 81946 30338 10527 72550 47318 72174 86137 4315 97283 64540 59396 36779 55090 90441 26304 99221 65186 39852 57784 63758 78500 58476 91960 95353 58966 90158 34226 94995 
2056 46718 25009 353 93407 35535 89254 57076 24061 75390 61391 37695 39929 20786 90825 11371 27578 17129 10591 9116 56980 68375 72873 51831 43202 64832 47183 2167 71341 97760 13513 89748 44477 38522 90100 54235 90408 79353 11311 14468 
71094 72701 52162 27374 9838 42987 38744 53767 60115 65687 62882 33446 34061 52106 85276 93614 33289 32459 12132 20981 46570 25644 10728 91047 64165 17179 61633 54573 12883 89295 85392 328 61995 53906 27702 88184 96892 82797 41951 73358 
48483 21184 23155 98895 89642 8430 8860 39282 57240 20991 60263 3810 46635 87342 11208 27151 4521 72840 98075 33755 62135 83467 34083 40481 37372 61784 45017 50615 60932 3319 40324 9415 24502 63478 24661 30495 88259 33521 69777 45499 
54511 30039 49308 1145 33732 76867 44648 38252 66058 42722 88359 44544 26188 22441 85025 79911 84224 46393 46877 61507 49711 87200 70921 90564 67029 95582 21059 55288 45454 90835 17138 99964 37225 82797 17461 70956 59663 62108 9208 25720 
4829 97566 70264 47369 36358 71640 43631 36933 18032 6860 98439 84094 94059 69360 74657 77440 81293 95715 49079 26746 86549 66216 43061 23773 49012 60521 11081 25026 38980 20288 67097 60161 34205 53712 23881 86914 25351 67511 23846 59734 
74370 22284 60179 84781 7995 34836 78572 5639 46902 27650 48736 49803 10217 91797 89927 75580 52317 1007 605 7649 37646 84053 67809 71850 37765 91689 58763 79467 75551 98960 55553 66273 21244 15731 67405 29238 50566 45976 34877 97468 
89977 99964 63622 193 91760 53548 75772 60429 54555 92728 68077 92200 76780 35885 80402 14544 43925 55516 94011 19475 54476 49563 2099 92071 65293 69503 37660 32211 15478 88888 46030 5454 88852 9651 21998 80611 79550 97769 41039 34104 
90496 25467 42656 83628 77703 23057 98171 21627 94924 8533 57454 65751 74447 59552 57821 56092 45407 95481 88302 60884 84368 50683 82690 73219 76685 4687 70182 56234 18808 11220 90338 25655 53039 49345 9282 30741 88753 23805 52368 83676 
48689 26173 49427 23136 2076 23599 79227 47482 35431 83880 24718 19799 50914 23759 9369 27598 44797 79550 183 79956 7122 6872 5611 60160 56216 31244 7252 44968 71400 75971 44996 20089 2143 10774 59576 4219 34372 55154 68052 69803 
55385 9121 5953 22650 32879 15321 66599 77676 11223 66781 57631 34696 90005 79593 11207 46220 27189 18458 7540 14940 94429 52535 51380 12923 63308 10955 33493 14031 82460 1545 83833 54196 10665 6137 76845 59896 21458 43443 53923 49032 
26576 27905 83727 16580 7498 11285 62799 51038 29742 86690 65977 40522 39224 17357 53445 18883 44663 86937 32914 27123 4833 33098 97670 31850 39235 74515 91745 77044 17957 45667 26075 44532 73571 26153 77463 97420 53789 40262 48457 83530 
26951 30786 40404 82527 48142 10200 1409 9156 97136 50674 52630 18321 83772 50300 50170 23006 24814 41914 16401 59122 3932 42475 20006 77502 84979 97468 74922 38767 54081 39730 38648 97384 70515 79051 79910 18656 5602 97670 44164 2738 
48344 96793 37410 32115 47092 87579 71472 88257 45844 87872 47379 49775 46698 83736 27276 48028 81203 18549 3146 35284 58279 41793 32667 28793 37196 28928 63801 42797 26597 24316 61886 91292 21108 99295 23406 84552 3225 11229 72808 49068 
15452 36538 15194 78501 20273 58822 42880 17828 77370 46025 69463 52000 87818 18481 97145 41365 47408 77297 84161 90356 1612 62399 81648 22719 61693 21405 23622 81270 48986 12782 46689 80789 49319 61883 59290 85944 20704 18521 3771 14425 
64546 89585 66425 68715 8065 79921 10079 71824 57217 10591 62179 58828 72989 60178 97898 51034 81583 21520 48655 30568 50653 95343 27708 99971 57225 86997 2266 94280 5518 22388 8705 86415 11972 91481 55129 20036 71401 81559 8211 44969 
92149 70390 20148 81490 30567 18045 48875 28501 55916 97529 75420 6568 92871 3128 22891 66448 6476 41508 60727 28345 63896 85783 14759 75867 77263 86239 12255 65015 67797 36817 26335 59946 7206 46482 57787 54125 80879 6661 98977 36794 
4189 74397 59714 97059 93876 98956 63506 351 40463 40585 28696 20710 26367 59806 96577 19982 46045 25183 84996 13841 61999 11331 90138 85557 74164 47924 56033 55042 54584 55009 91836 75124 45757 67901 72183 39632 83208 52040 56335 23670 
92624 1382 44380 35343 61187 57308 55324 7231 98842 40319 37424 77192 68001 27561 62748 58517 91837 35132 13558 62772 90141 21745 37896 52249 89645 26430 8233 89204 78469 64567 12874 87445 65948 73605 22787 43486 47264 94462 50717 46105 
51132 4492 23296 35485 48404 2396 94001 40240 37527 7558 19364 44019 29303 57259 12620 35299 83688 20852 24503 78508 85418 53728 82304 67717 27332 21442 11202 90947 15903 78270 37051 67035 82761 76698 2519 47517 95445 96519 4108 32972 
20428 23471 93342 49730 97081 5961 1381 80768 26812 25883 75628 28581 95962 57931 96297 39645 95725 23851 30591 27979 2120 67641 95013 1233 60690 13883 48749 56135 26753 52856 5458 47181 92679 98799 13262 89759 21112 30994 86879 47923 
56876 62506 92856 69189 36788 5504 8833 32512 29354 39423 60491 31474 7063 71855 32706 67753 2090 81454 40239 28842 50661 45696 92374 59691 44494 21988 49450 65605 52981 36328 29880 26209 15185 39087 95397 51972 44590 4230 836 73944 
43652 61326 5417 67067 49532 54474 51171 51621 35927 91409 96815 2939 37104 89188 62630 97949 11175 28431 79906 80508 81110 9785 6716 96294 48871 2112 48265 9812 6341 49100 83755 49993 26777 89171 33411 76309 43644 84581 27929 95922 
75989 24743 15213 29444 30283 94194 27392 57809 22624 7297 38316 20085 33433 45031 16378 98655 47143 80994 8467 69835 30094 92221 36179 73222 97744 69589 65882 57739 54169 93811 70013 46509 34905 85225 75952 81539 95770 3344 39348 34745 
10640 94015 54829 60425 39046 71206 59079 2540 52199 83897 88726 98644 92470 24905 88218 90213 10845 54099 64303 65014 47909 34315 11522 99166 35891 87474 97056 48012 7169 52755 82756 34160 46770 37584 94584 85815 25141 70015 4706 93692 
70263 93431 8687 62732 34687 96904 69296 45532 51003 33599 26897 15263 84265 54770 30780 36508 58595 27836 84519 65763 80590 67275 16275 27359 21210 10858 29525 62703 97224 50582 56394 67487 60365 65080 46570 95051 61984 15866 56934 29338 
65816 83830 44600 66432 54952 75380 2939 13546 19567 87458 95661 156 71084 11935 43867 8645 39144 89743 71347 36368 56677 44092 20206 17041 25524 66775 28443 3859 98992 85377 33196 64807 85558 77795 31239 40509 69526 50529 70407 89092 
54338 66067 89248 41773 78001 49466 50418 17144 55560 38116 69863 12236 82208 6420 29276 24083 89547 74071 27941 88538 75799 61136 69697 61356 55282 17287 18217 24808 67815 88623 30251 38505 54689 35850 80277 49041 85315 47046 66184 40875 
1514 52399 69462 73 58818 15090 24155 48364 89160 52095 36902 64958 29582 22950 42665 1215 40236 77233 42374 24402 82207 72625 62906 53247 8474 59535 2287 93789 6580 84823 51015 8093 37221 36828 8165 96038 51917 48671 60754 57428 
765 14007 22385 46698 36956 81402 47913 77191 74986 90286 17944 57193 62910 80850 10439 87736 56736 12726 81524 79667 97548 48890 87760 51120 85717 12276 47157 53986 77299 24262 11413 94415 38268 50150 41113 75223 31551 5377 68765 6536 
12014 86709 80080 74924 83910 90519 79011 40645 19596 76886 20311 17143 25775 24422 84614 27843 53050 48122 81828 30348 72384 9593 24762 10651 59742 82226 2226 91292 87602 70990 14179 99616 57698 94259 90891 57959 1129 69901 98603 20724 
63138 35266 54218 88912 59687 38831 33106 29088 86952 31286 59435 75687 40878 549 86338 619 82774 88563 8262 86728 75904 38792 2695 49954 49402 9937 7912 50530 96189 22867 87605 59326 58132 41822 64589 34170 97004 97694 63258 308 
