81 52 24
64147 690 40895 8679 72737 63861 39139 76946 62856 38636 95849 43765 57776 77383 86676 75960 61957 84138 48162 8215 61216 82704 65164 38278 24047 83410 93869 82188 65242 24872 23639 29388 41913 64533 54418 14649 44745 93556 7947 7601 32191 3795 51365 6318 97530 38040 98630 75838 38529 46791 84052 16096 
45846 49216 70725 86244 48977 64593 68431 14218 5816 92069 59957 47728 72953 14374 62377 17698 24281 86675 25298 72823 6821 76662 79140 20702 31053 94121 96539 85934 57263 80591 2029 3108 29806 72754 89352 95134 53698 74134 9351 59514 82555 85659 7241 55507 32 85969 73204 40664 88995 14853 13486 95816 
91514 8977 16517 38919 3098 13056 24852 60360 9998 26880 79820 56155 15985 85523 51288 86035 59656 76990 61900 58562 62648 85492 14069 79031 71461 3624 19694 76807 18477 49531 72622 9990 58507 5491 65260 61604 34898 90111 38316 44895 33343 18135 17401 65679 20009 68688 51713 96016 62029 29964 54578 41028 
15456 68646 20058 3268 72269 56103 80074 90745 5633 69048 17087 64139 74538 82346 42095 25787 88809 96762 87033 38503 31248 4433 4181 51256 89472 72246 47271 51500 2209 1848 92527 17664 86845 28936 20931 75466 85038 17357 66210 7022 86404 99648 87512 77293 98346 45958 3079 87154 42719 6463 25656 73966 
27247 46188 41573 16718 18433 5196 84569 36994 7043 77095 54657 10240 22382 91940 85705 7419 9296 68266 30792 12051 67914 18303 89343 66259 80613 8773 69764 23331 15235 11771 13649 42481 74310 71573 75550 9095 76768 60118 46088 83811 53564 17096 10402 75945 25387 96106 99715 34682 64371 30506 46732 32284 
65160 52426 14894 45772 61198 1009 85455 92784 29131 99103 35264 3441 70675 27165 12535 47443 87282 58622 47605 40845 75717 58006 16789 1104 70463 16503 52137 34833 63360 15221 83469 28520 67646 14714 90643 45196 15723 76097 37979 44853 91551 89595 64645 78578 16759 77179 42372 4041 35800 6328 61237 27869 
80685 94378 45324 51147 27232 13812 2331 90592 45384 2151 35463 13030 33217 42457 74577 48939 18554 12555 10143 26456 2149 91140 5033 35260 68318 63756 55652 20470 70083 16888 64690 67119 27617 10013 34617 54849 40176 36948 61792 85560 55450 13606 14941 88666 56062 89517 53956 90967 2071 80451 17423 20572 
71590 38807 55831 39907 2563 27834 76728 88997 44721 41417 72468 88690 67781 7084 43538 7957 44031 21681 93516 99481 35286 8456 4498 7699 14324 58454 98666 32746 38904 16088 53317 10493 54894 25499 50399 73808 69684 43479 79157 14405 84895 51624 19446 52676 58707 62983 60632 19090 1015 70499 34922 52652 
95306 39419 60350 9629 97872 59015 58726 36775 75102 28395 47267 46348 53893 14018 36507 39929 57496 15663 70685 42390 83638 90130 11417 42345 69464 88400 61434 70478 75250 96355 23129 70555 35773 83478 96535 49997 58845 55261 86771 50298 83655 34038 96645 53899 64407 49504 93827 38254 81518 64511 80643 65156 
70992 8412 7500 40455 96811 85285 10932 72061 97991 50412 58967 50115 50242 71854 111 9086 43466 3234 59383 27120 53623 72380 97370 18029 21883 7549 56282 3400 88411 53276 84907 59403 61687 8758 99857 74850 10394 27141 63262 8384 93904 38580 74851 44145 10433 91313 53230 53898 94546 28965 97369 48168 
17696 94739 82548 39578 18639 38829 59329 7049 8457 44236 82803 86495 69345 99012 61344 79739 42504 40957 4474 36407 79537 79324 80552 89969 70637 50133 60219 81534 79097 57587 29702 96792 68677 12249 52721 87315 67430 28402 10716 75886 88989 9870 62380 58333 8881 40076 38071 67736 81032 42545 4143 76920 
38220 84694 83241 25208 34826 43459 6742 30275 17397 36443 43418 86074 65043 12491 89740 32472 40892 16807 8357 46232 43029 87089 4564 68261 43516 58987 35997 24547 17883 40139 17819 72454 41184 1059 97662 92361 60869 4403 22635 94617 57197 82405 80690 38591 94895 86782 71063 52138 19940 95771 98369 79320 
99211 19284 47581 42726 94622 83577 83625 12504 40067 1443 84958 81250 18853 98971 73610 79721 3373 12597 74337 76921 95001 71379 15511 6247 74512 2925 74736 10803 98696 89456 90123 97906 8739 54055 56984 3361 53983 40608 32216 94049 42050 33525 75298 77254 32495 65259 73326 52219 77855 64014 29139 89207 
51744 61002 11805 42607 63926 86540 53410 78973 75995 59884 93231 1086 13938 50214 20798 67920 90821 53013 78320 49222 2890 53617 26475 35384 35227 16152 3955 13082 80165 49445 18640 31909 10446 30445 74515 90724 33336 44276 69696 25683 4159 62926 26768 34448 29491 63917 18719 20311 33281 97038 85884 36170 
67006 28710 71554 2233 44861 75508 31666 41378 24952 50305 73286 51750 80749 64152 42473 30437 24780 12168 56119 45290 91446 99238 79738 20936 63154 14808 57599 96434 28198 59834 32604 11555 88544 20509 13787 49756 12368 61804 91133 53671 12109 80770 5420 9209 61274 47892 39645 86053 76412 12115 31342 67857 
27704 27431 5144 90857 42239 62742 3643 86788 22576 52598 98342 27471 89458 12129 93578 1825 90284 84711 55495 2392 81832 77267 27953 59457 41510 83949 45509 17921 96064 93203 2129 23767 20633 7273 30976 79223 86366 34618 66010 25293 3567 80704 69115 93024 9184 62693 11200 99467 63755 66694 1859 61938 
60312 29811 21395 1822 13759 83255 36094 26174 76457 38223 66293 13442 61847 97268 9016 64564 48237 91378 89857 68155 72081 75323 61178 81264 38015 72377 80730 1769 55422 82588 63707 15734 28750 1453 33907 58861 84707 70000 1386 61164 24574 67678 74605 86420 81297 99972 67336 29533 91349 57192 97687 63429 
48866 75216 44692 86881 47592 25422 5001 19366 24361 85059 51451 69463 86511 85357 44675 71218 71708 46060 48733 96282 13738 39689 82701 11386 39660 50036 40919 31009 23579 54957 94437 88797 30173 39129 75677 94116 80902 97029 29833 5262 82088 81283 91076 68598 82991 35750 56167 54699 81810 4899 67332 11899 
60939 50032 23284 599 16420 80554 31607 56350 51863 42395 45146 82035 97875 37174 92502 78776 34203 38687 390 16290 36321 91465 1239 19312 27215 73758 90362 25376 95008 57693 37274 55947 24076 76909 56545 56847 73815 4503 29549 25677 63249 91046 24063 61124 28220 16564 56251 78774 71602 72992 11415 7923 
64457 12653 27234 8023 2762 33947 49750 97770 91639 3375 53716 32066 80283 26612 88913 54097 47466 18461 79773 10714 9506 20187 88189 54077 36751 44440 32850 24704 33783 44264 32626 98239 73269 76211 22613 76030 10157 72362 73799 18147 75736 43866 50213 72371 70477 39125 42819 17942 73937 38944 45008 99794 
59130 33196 53871 12232 93987 86720 36936 27770 47336 69561 42360 20604 45772 81325 96633 72280 70038 86784 90427 62126 30649 40639 34496 17478 96115 77314 51771 70051 16257 96778 69844 75387 46326 40066 87618 56664 43138 24553 785 90473 10466 43145 11076 72589 40821 24060 44868 10858 10843 35294 72983 57844 
75932 7478 75321 88398 1144 27091 58448 17400 40221 44644 9138 2898 1061 13108 59561 44198 54012 60346 51022 64477 19842 62097 37065 60662 2509 81933 87871 29703 33578 60854 87546 9510 84683 62866 14259 85826 6309 72707 19578 62881 33702 45067 65778 51114 58174 41690 95312 12186 2035 46333 93014 21876 
24782 46431 98889 43642 28363 86760 73344 61940 63965 60890 87801 48647 40107 2060 50825 62767 91118 70402 25647 41171 31820 91424 92284 89994 33114 3947 18531 51500 66632 27896 89728 7765 74326 4968 51406 19040 91727 41101 80980 55691 1990 85132 4338 58449 3543 71514 21215 11012 41915 46862 52182 73734 
54637 60818 80079 4102 81116 14961 55602 64099 42857 61681 88215 17182 66648 39620 36222 58375 80721 33553 30417 99062 35036 51106 57510 38579 22619 78725 65942 80885 41938 34476 70971 96574 95293 51049 17028 92760 82362 72629 56859 25218 50661 45073 58751 17308 1045 11324 92034 98117 61228 22451 13530 96264 
73556 87392 51194 12527 66116 17135 93411 24405 51610 64381 37330 63254 31782 54357 56014 14143 26985 29224 55712 77645 90648 30814 11305 8044 42138 3338 22512 3365 25788 36042 99628 15696 23433 67173 44574 5900 84308 37984 30304 52269 18717 67633 15523 50498 21990 87888 80992 65326 17111 53055 59323 24110 
83868 86979 32154 42357 90316 54665 45722 32456 90706 61701 64503 30490 28874 9076 36389 29533 47059 83044 81801 65775 67029 97323 32624 5370 85210 29967 87047 18672 83021 46369 42782 83241 49699 74935 25597 40015 45951 87670 88822 36657 49371 53324 83498 78244 62399 19887 24128 25809 2930 5928 7936 86310 
3251 40559 91679 4812 86878 78726 23484 86250 41446 66265 69490 91145 57551 11439 47511 3501 99108 36332 56509 64830 89655 40007 59425 68405 59893 83552 94213 79174 89480 2148 65484 9082 59059 73514 13893 45936 52239 37376 48537 93685 19992 18027 1181 77542 45817 48691 81043 61276 85022 37551 26106 91028 
77557 85530 59432 53801 69082 53644 49327 58561 72144 14810 83994 31202 4675 97886 93489 56914 51614 42025 66950 71605 76403 68130 49147 22219 16820 46541 83495 18193 443 9600 9220 94352 11481 85003 48152 80562 38646 97478 55474 10789 28639 39467 58342 33314 53705 51830 6579 5318 93855 73528 76922 70257 
58009 42420 8828 91180 5312 92322 9372 5755 18273 34943 16458 29753 19945 80961 26667 74942 78439 98492 2083 23429 37959 76776 73094 91663 28606 96024 13332 38812 69551 90253 9068 43911 49025 17895 35090 70688 26568 60813 76442 61192 12107 9251 90945 48403 90212 33963 23345 85002 32454 41779 8430 86764 
18554 97876 78426 63511 93899 8109 2322 79802 14714 27742 23712 63738 61988 58802 34425 88556 35966 27219 49747 48073 36469 57043 96475 43032 91005 36171 28033 23459 94301 52815 26574 29207 50690 5000 92717 60940 29460 11391 40741 44173 39132 80805 24262 1119 55958 75039 6026 91923 2257 72125 39995 55077 
29167 52822 98109 36524 88992 42493 76334 99645 95307 2907 28851 45996 24258 37919 6936 53718 49309 64028 97890 4792 44832 38504 22263 789 13542 28288 92712 32150 412 49058 87226 45931 1879 1686 82454 7223 44179 75139 6867 55837 78045 52069 1833 2303 89987 25120 72372 55648 89147 86613 60439 50331 
25116 99053 51119 38657 27341 60182 70806 44104 9240 74384 6386 27470 92421 5191 51044 52951 80329 57910 8788 58374 26330 10620 77028 16317 52091 49399 71964 57589 36011 48754 7919 61127 47807 75390 16135 91499 35571 86941 51954 61162 61324 58340 4984 53744 79882 56027 6695 60211 30289 31834 34936 56618 
42453 28315 89286 10895 94065 61249 68483 30075 26355 76402 7553 74161 51791 40040 82011 3713 26980 33964 81227 4655 8655 86210 74750 88537 58588 97796 65099 88876 29629 34 61846 88433 44700 51131 99327 38764 28732 67810 85190 55086 60563 9095 45598 28705 49134 27608 48769 92465 77923 29995 97119 86578 
16204 71868 75114 74792 86016 56564 80019 15644 72949 41864 4077 17648 92995 19755 56411 38078 87564 57952 93163 64478 67046 38760 93182 16179 82719 41951 24995 60641 88297 22113 63570 4501 10333 38683 95644 96348 11598 92014 11991 84546 33878 32419 2193 43224 52174 74955 81301 56089 32907 90815 20567 16304 
45926 30100 48835 28644 88402 73829 5636 76699 95942 69206 97551 6274 24240 9546 18973 35838 1559 30963 20383 51788 79734 38928 11363 31907 30234 9015 4347 63140 99829 41265 95796 45754 87717 44630 90749 76118 18458 96385 69168 30751 81942 83070 53376 6181 8967 72348 58370 26878 19663 95105 78665 99396 
34032 90028 47654 80617 99042 52000 43757 15223 9617 55904 60976 97333 533 68077 73450 35342 80813 58970 66093 62754 58391 19468 68934 67358 8168 43656 94235 44182 38760 72899 43577 89143 79278 7582 69759 94672 75933 29867 26246 85549 85770 3573 82881 86302 71649 72683 21644 52461 31652 4088 15214 6394 
39907 500 73751 48074 44155 67985 92255 99266 57236 52183 88408 52865 59764 74518 63888 52049 4385 90133 37597 90154 10058 20478 92808 81706 93160 30803 34167 41163 34890 65732 63908 74796 66231 37659 39222 26737 21995 31476 42354 79230 11 30761 48447 59774 5279 28686 11822 26015 35171 65771 32520 45228 
86248 25327 26933 95759 72481 77451 53273 7370 43183 17180 98518 25765 71190 37739 68854 93185 85566 11207 88766 85576 58320 37212 61702 79950 82250 89875 5964 17420 55645 38483 62647 58244 80162 5931 70354 52642 83382 39978 76364 42916 57158 91233 68680 28347 45323 53885 37883 30888 65092 26649 32816 39763 
80212 94517 19712 62461 743 25675 79880 56388 80509 58878 30983 77022 64809 1337 46016 48190 41314 38731 91105 14823 29963 76136 59522 75285 46373 97404 22524 11464 40404 55339 51226 20616 49855 87289 99428 50598 12963 95660 23337 9823 54537 54319 86845 35697 72007 49212 83886 29673 87942 91342 44495 17904 
83830 4016 93188 30202 17772 15711 58017 58175 87402 25594 78790 37256 12882 78218 4205 42196 90229 43893 68370 44765 14564 71566 80462 86570 20777 80699 16242 8718 88393 77089 26621 88574 81104 36160 35127 15227 68223 93143 73402 55624 35088 68543 9231 64321 63112 29788 22868 53340 90032 91237 14457 4595 
62803 94918 7517 99931 91968 40110 8649 96712 17198 51621 85285 14654 87781 36763 29880 72355 29905 3281 44330 81344 71824 53560 45664 51287 99699 68531 4627 89731 76120 19083 94325 55274 30352 1841 55204 22319 41951 80204 35383 75500 31825 37019 90153 35957 73782 36385 8311 20038 39665 68992 1382 27840 
22551 63397 79127 22250 48280 105 28332 24399 19187 22656 96024 49538 40849 67579 88208 99151 47783 39942 74650 95959 76961 81155 31915 50742 17539 56577 87131 73555 25568 88512 17747 64470 51909 13225 3071 16540 13329 31402 40938 48867 70410 53313 98404 11258 20891 2963 26760 85025 42905 17761 80983 19865 
15267 29249 86958 32805 2177 74088 22712 44096 78952 56810 8566 47212 70034 11636 63751 99714 59390 21040 48580 29799 90704 46983 57408 11594 66297 519 12971 9201 18279 10305 45417 33546 39554 48726 82702 41730 39166 21765 2178 34469 78574 10743 81680 64959 38730 61782 64672 14471 82821 13251 44269 89876 
76585 18028 1469 42882 18546 30791 68434 53177 41096 30203 3074 80649 95280 2127 38730 34445 23892 40907 68913 2465 68001 66944 67424 23083 28725 48447 37553 27897 61698 98174 17772 38282 16201 35593 97515 51099 66383 82301 4275 7478 28855 23700 4478 24134 25826 59560 58579 49717 16818 43843 68534 1171 
10787 52309 24253 55863 755 61805 112 78804 59978 17883 33438 92531 53475 47304 43629 36210 29604 64255 60039 58458 87954 80869 82592 30131 56780 57522 96200 73597 17716 64733 91119 44854 33393 15371 717 50499 93528 828 29303 53505 35062 62740 46035 4889 10043 6015 41098 55999 70269 17488 30808 74574 
98356 13399 4705 55135 87272 904 45084 4988 81988 52554 66193 31732 67925 66909 82230 61452 84088 11532 31308 19150 90623 93695 40390 17018 99709 97839 73016 86330 15326 3823 77255 30034 33574 98311 1520 37197 15566 62955 58536 97553 15509 24729 45636 83433 91637 27866 61236 92077 39397 8895 27578 46372 
2589 67967 63389 18650 65805 52756 21331 97482 56578 98585 27515 6503 13248 45387 43700 28813 8341 2235 42718 23849 26963 88353 23633 34952 16218 1220 27028 71967 26467 70957 34690 29055 38923 98078 64056 21079 50833 1738 34912 23762 323 62427 30265 29922 24165 90316 58734 32505 92550 1451 72706 35865 
6156 12690 70816 38725 13910 14195 10691 40376 1503 61732 85782 56777 59809 66190 77855 26993 67927 29118 50755 84601 91544 97371 14522 32060 87686 73256 64565 96587 91058 53622 48803 13565 66311 35970 52290 96572 50164 79332 53299 68018 41064 39081 24794 872 21622 19000 44217 89548 48118 11323 74149 56013 
8693 5022 88073 12730 94629 68989 25668 2039 22610 74471 15603 88920 10440 67892 1844 76956 63576 55142 44973 4639 94222 86119 21862 15843 5118 66078 21743 53235 77400 12243 9248 2444 17264 13672 31525 11893 82660 73545 13931 5269 48015 29533 10540 74806 13777 12383 68113 77352 67525 29438 81990 78098 
15556 20203 10293 20673 86281 48387 90260 80032 60629 15859 98828 77892 29530 30352 89784 28541 3896 20066 50161 68262 65951 60700 43068 79727 89435 11180 73430 73311 40617 55419 67760 72524 91973 94404 93197 78253 42790 99808 74637 3418 15666 73464 81310 61547 3815 87445 90087 24063 7511 56599 92324 73461 
17298 51743 69539 23084 62923 42968 12746 19891 14738 80506 92415 6710 74909 1963 1315 34051 18122 75951 37468 50139 49414 35129 11685 69580 38926 18123 93642 62788 74721 85966 52600 8370 54060 22138 47806 33334 81457 60551 53225 12546 57408 61991 19255 48669 80305 36921 82719 98426 12871 36538 64916 62284 
88019 92952 48216 26944 11074 41857 6083 2146 44174 58682 26867 98234 97171 91024 31567 94979 67927 1143 7524 25334 79485 43130 74002 59789 80051 73072 74566 92921 9610 39481 71557 13980 32432 19772 40923 59857 77980 47005 78354 22154 22038 21573 36739 19208 12596 68305 14186 80522 85800 38061 22208 65284 
81190 12561 41425 61240 85633 15990 54161 11594 71823 42069 25573 20606 61840 66495 96815 39819 29851 75168 78324 68240 13092 15062 3799 42040 99719 34336 38913 1870 72396 61120 67153 53585 73681 8577 14825 59313 40919 85337 87258 12741 27405 12830 49698 5596 95676 46512 61766 41878 38032 56442 10117 51123 
87855 13915 9514 87573 48250 48427 5794 20645 25898 72947 74229 99578 81523 5405 75242 38793 7093 62499 51533 34497 91680 1231 56444 87355 64094 18210 29232 2125 74651 39348 69600 78857 69614 79113 82782 17863 43891 88575 38507 69789 61521 29088 85718 59396 50844 60960 98188 57937 39810 66073 8785 31490 
83655 81581 35196 47748 99790 64428 49873 90792 20127 35824 86000 89741 31288 68781 23955 75179 57356 78814 44967 18876 24253 47036 94623 75096 7995 92811 49384 64157 75235 74521 11998 58889 56101 47193 6636 72242 27972 72860 79385 64451 8683 65384 70543 39971 34165 94497 31501 91520 73310 92819 26747 97562 
39854 37722 89010 64201 46884 54745 28357 22118 29265 56706 81006 85365 20250 3993 57606 64574 76853 53342 29024 1887 18726 15918 58209 52890 10414 89709 60761 76 82527 3859 13989 22381 41580 2998 2933 88463 57743 31289 10580 3359 4346 7937 88724 24595 11930 62681 89168 5134 32375 34543 7020 51100 
50460 65229 20341 60874 71289 81101 77301 70168 1311 91289 8900 42891 10639 11832 47705 84733 59472 74637 88091 63817 98925 93166 88411 10854 72199 93931 32339 4573 28473 39359 55672 78933 20939 92364 56158 8579 89816 49810 78746 91126 41098 87645 50368 51736 99476 14425 36468 58947 89061 40911 39115 4337 
34076 43878 15191 6274 37808 63881 10846 82632 19591 82869 77916 40529 75232 50425 65460 65047 234 44205 72525 41332 31850 22892 9419 47677 53668 62239 6624 42728 3149 62090 63417 53576 5967 78607 59850 60126 58839 87047 42758 78430 86268 20673 35310 77851 87450 769 59250 87683 44974 31774 45366 93175 
71017 54785 40851 24685 17023 63826 83764 36523 25916 47180 90098 48234 42138 66299 8360 977 69698 51117 95758 55965 88141 31067 50167 91942 31836 9416 79625 93161 57541 24990 86335 28558 79774 27185 69594 13148 7363 53357 66022 49630 16889 72472 97863 59026 55122 6222 76354 24819 73690 72111 97135 78183 
3178 47302 70124 51365 73069 49748 44525 30610 91090 30859 75519 87215 74395 45112 363 98109 98468 82736 47738 31708 71559 45601 7086 26681 68174 83439 67851 41864 71902 64986 36398 91431 28639 6521 59147 18059 72621 3671 48668 63710 50881 24186 50924 41627 69297 67638 39736 84117 66726 3825 32176 38284 
49425 39261 64964 33951 39052 32815 75814 27305 14152 12211 18735 42790 35083 94233 77200 7703 97903 25868 87764 65135 66405 38688 6761 52054 6325 62848 52522 89402 66673 84697 27686 32449 23958 92649 66399 79361 25463 58564 6665 55966 87126 41751 15107 22209 35983 92307 46263 50237 18174 34027 15371 930 
72714 38483 52983 95390 17683 5504 84792 84355 90201 12477 33155 30510 21477 15906 9870 63292 74469 16534 19257 61595 74636 34364 155 10618 26670 46417 60854 61195 96795 76224 62124 69508 31058 15107 81250 48740 36962 82393 49446 43514 11221 82601 74023 32697 98506 244 12340 89326 33129 31597 67272 7764 
82312 67426 18381 8981 30195 95586 86527 26989 88161 48650 12849 19219 80108 10450 67958 17070 92842 33756 76935 20414 16356 50958 69462 31213 67553 81802 36890 682 13398 4162 24797 12061 87939 59530 21041 34485 55115 7567 77826 59628 72568 7026 78846 52676 17475 63155 86097 26668 96910 63031 47081 29617 
30340 16542 77181 97893 14695 14071 14926 28092 34584 39722 40152 38874 15603 77544 73359 70718 1462 67536 30345 74030 74561 25542 43057 8387 5048 29153 35054 1958 8535 98486 47926 38875 31379 41459 53119 46074 71881 84396 90517 6464 40469 47021 61689 56072 40916 35047 43141 42378 18934 73485 32759 9846 
15378 75815 18232 20425 21319 69637 38734 29853 68122 3012 85079 99501 44470 54549 61926 16350 38944 52442 22813 79413 15814 84501 35484 56730 35900 78624 99107 71185 68460 31865 81031 83837 24031 99262 20613 45349 68899 59347 91553 53372 62358 76632 69224 23179 31180 31149 39528 86476 99943 78692 65888 15756 
79544 17723 72485 31795 12698 87943 2980 81157 36159 84010 81345 60189 99623 1957 21889 68521 77655 13442 21893 56364 6425 7468 79542 53956 38617 35421 40431 54911 14112 22670 87018 93656 40392 59503 25450 53089 63797 44781 50597 16308 28790 31941 76496 28413 50250 14737 13285 44256 28178 51529 16972 50954 
58997 12865 4909 13965 48286 61692 68875 62397 84361 55892 72404 41105 31746 14206 10545 11895 58986 61142 28202 87776 9434 21049 32540 76035 35785 62176 36643 80314 13705 53614 31267 89053 66478 36176 3017 31115 14219 88243 9864 98579 60486 82267 56035 8584 96472 66580 20478 71810 44073 48679 75937 69858 
86079 8476 62245 21864 70651 98887 2177 84355 68852 49796 89759 51681 2323 92775 82796 16541 81017 92659 15119 57855 91277 71154 66438 4101 54085 86915 75910 14509 51945 51846 84366 38023 60321 62962 76238 47323 61848 94767 48030 47051 44562 37788 98732 46884 46915 97879 63424 44283 6889 94894 2137 98165 
82399 68574 2265 52835 71840 78174 67343 23784 46371 68061 78159 23043 31022 70748 70366 9222 65514 34747 56272 10075 72534 71355 73310 19448 69233 53085 63731 76121 47979 82219 74286 30377 50793 92902 83212 22632 87428 66906 62768 33798 34966 57278 56841 65988 28025 43558 75209 9891 78304 47832 19965 50837 
19187 9627 86637 4771 62711 66719 80892 10689 48937 71529 57418 99729 80782 56981 38713 68209 23886 17832 2007 75204 91461 75199 41191 19485 18756 32751 29375 97059 96934 65692 64247 16120 91670 67235 37243 54380 33953 18134 81421 82890 6014 55190 98970 86795 12170 54034 71356 52407 71865 73362 27610 79677 
64912 85152 99162 83667 34254 44888 97077 31188 26931 61323 63659 18600 28558 901 72980 62510 19034 54400 61751 41399 25941 77073 44546 38110 31106 15901 6868 19323 5614 34478 98999 70525 35981 14512 70543 70235 75752 67619 1422 2682 28941 65080 21282 73850 65981 94261 52712 1366 65012 14462 59117 90952 
7886 3662 45413 55344 35914 52280 91018 41527 3109 6368 28403 39090 20880 98945 25676 96631 66563 27097 15664 11855 8528 36945 85705 90860 47557 38416 8578 28920 69229 67694 36223 77115 87707 97987 48810 39972 50267 39827 81498 69727 46194 26252 25168 67073 41548 50843 80055 8110 94291 95719 36316 19171 
49015 38372 10030 96572 76787 34959 41843 62368 2652 78066 55834 6710 76052 4643 46681 42670 44469 44530 28749 7014 70781 53916 90439 28680 21111 70493 36789 15401 82563 89457 50923 47930 27828 60953 60853 20967 12263 2695 83334 14915 97112 55519 37976 89516 60161 84657 48537 20981 45538 77285 27994 32671 
31201 18432 61350 68663 5277 14491 84063 4191 3947 34986 52120 31774 12290 12972 69092 24552 32019 52425 55818 45482 24295 10146 34997 84455 94802 83534 21787 56691 77170 49781 89361 24722 84564 50711 93384 89840 65201 77447 10383 85499 28784 62502 33624 57425 91826 2716 81976 23844 71492 54146 85677 95787 
64291 20674 96593 75444 20559 18380 32134 97728 84512 37847 22450 69075 88557 15833 75267 70109 9631 2001 71959 38414 64502 5582 95838 72679 24649 94166 12874 12493 64663 98551 8279 45305 19224 21223 20748 39782 39602 69233 53861 40465 7079 76310 25892 11987 8495 17510 82095 18125 19510 70405 56539 363 
75987 68728 73042 16987 79245 85915 29479 60259 84465 54109 5563 20040 75332 26310 76173 31285 95543 46386 88102 18973 22695 13993 30960 31189 31502 13054 49314 51011 99811 22204 51373 75797 7283 40766 9135 86528 43033 54966 46786 27497 9074 52349 63889 757 95010 56413 48394 6904 2798 36495 25877 41845 
50487 56836 73033 98340 86241 38698 65702 86051 77253 33426 78199 84536 74192 87334 87415 17224 58651 50552 61072 67724 19252 41312 68481 14262 97725 33226 21165 16874 69720 47041 58718 36558 20228 48103 34897 6469 86800 598 8871 64053 34023 87070 64940 24566 90755 52354 58141 49405 2905 19213 33480 22157 
76876 18312 52770 74600 51537 73934 7826 21256 37327 66543 57813 73906 14645 9061 96726 1445 9658 5597 81849 60033 9018 46788 950 16124 15493 59091 81880 34749 94655 15359 56905 87882 50023 9674 78834 1559 99960 86659 39167 53638 53201 13331 27543 67846 22392 24269 85642 48401 29865 83842 24785 55234 
46981 42087 71357 62473 17529 53236 97221 28535 84946 70478 16416 34968 96503 95249 52879 96462 81907 8397 66451 51460 38079 93994 19305 76822 34614 21298 41575 80830 5139 82711 36063 52119 24797 23771 30943 58677 93358 28163 87211 94655 14992 19979 45975 11495 15227 98853 24308 13486 23601 90759 64945 61679 
1104 601 54853 35717 21898 96427 32898 43388 79137 85312 11858 20286 9082 42800 78962 2439 87314 66173 97093 2306 86151 43067 13800 17729 58271 54459 47566 98223 45217 28862 76254 62672 29462 31106 14740 67711 27532 47637 27450 23020 32948 39307 43305 42029 82106 22267 60819 69420 4791 74264 88077 7293 
33682 1876 41373 8305 72686 88939 6527 17903 17800 82780 80574 63614 13885 11666 47676 57768 59302 75126 80788 92250 14432 24092 50630 12890 62710 27801 98661 67500 2064 86737 91144 52097 4964 32517 60401 77649 21455 66928 11903 55606 66059 8829 19219 96296 20494 83247 54063 79795 58372 51202 88396 89155 
