25 40 11
60733 7021 93211 97843 30358 55898 88937 26757 4607 91812 95004 29685 65503 14029 88016 35285 985 69766 85009 1562 36355 15012 3862 90736 2242 59896 60354 52785 50020 21393 40672 27104 44766 33882 24946 75123 89780 13883 18231 10738 
22046 13234 56774 87548 43614 44789 39184 44598 30906 40545 46159 67261 71908 50021 57996 74149 26268 18350 43285 76287 56094 83956 3390 859 34190 44687 92333 40321 58569 10563 51058 80614 40148 24183 84514 83761 68971 40049 28358 16228 
96945 90869 83488 68852 40889 57836 59352 83508 92537 18988 59794 48630 2944 79535 65841 53485 24221 58173 93805 82790 85088 61214 79755 25235 1748 80620 8996 70718 37021 53705 86945 33965 44573 86785 19169 1813 44620 78520 85320 53508 
13860 61465 2137 33155 40999 84329 86639 65220 42502 96795 64361 43941 74360 60467 69175 76107 41087 94522 63176 78107 48227 66472 28423 9151 53256 47591 10964 14227 42463 12635 67734 56322 74100 86223 5828 15098 86903 92466 80317 29404 
5612 61029 89696 79971 21496 58871 56077 78934 53392 19252 73392 17970 2075 1814 27121 55331 65757 54436 85909 8219 67070 69995 80892 41169 56217 86719 56267 59471 95536 52935 88875 1147 30316 94922 81117 51811 53792 53545 30744 23536 
89148 20487 41505 91222 22300 84977 62904 88056 39412 48813 12626 6482 18807 9869 47650 91375 12939 20268 50845 8474 89555 56071 9620 19870 50993 7088 88032 21136 76984 35127 44671 66131 55613 2528 57353 77912 87504 36608 82320 26916 
85420 11297 49749 20578 21166 97398 11952 34104 34018 79149 42578 23572 35219 68549 59793 2563 91989 47824 23699 68972 99302 84721 51455 54914 87248 25159 49177 91104 61766 31496 34371 47186 59145 84119 84115 80310 97868 96067 14413 48237 
91567 73342 88160 43137 58243 47952 45700 66583 12127 85750 51906 11428 86822 3360 82693 74070 28518 31870 81525 6636 79717 15895 70173 38861 13 54287 35522 14232 66705 66287 62469 58271 39628 50628 1408 14222 98580 63459 80804 27058 
65560 32710 54838 52381 52421 37530 42802 97291 85751 24326 3926 81820 40220 90450 37032 56584 44736 72554 70816 27793 38840 49636 86063 94819 263 3822 9041 15194 83632 6196 42252 65543 38905 97089 17924 91326 50970 77077 4968 36721 
1403 8893 18540 57974 99342 55571 30910 60429 44476 18077 88221 83315 67712 90636 78134 84326 10809 3526 99520 10793 9721 58123 76335 64978 71563 10610 72655 22532 87687 77622 75604 5441 2866 94143 79766 18559 66066 10675 78987 10541 
45103 83560 10208 12814 74195 4693 13492 1355 8218 13011 12147 17938 87485 4834 99267 59047 15443 71921 81578 3129 49542 57182 24921 68759 67676 4687 87317 33741 15361 66304 60634 60464 66215 70841 89629 56761 75533 3120 58115 102 
32482 70262 34391 19966 75095 33658 79012 6889 5578 76942 10018 71472 34123 51290 56582 18150 55976 43899 68243 71337 26554 28876 48152 92768 16068 54132 49528 7952 73604 7642 24405 6085 94255 58795 42403 85701 92452 21414 92590 14382 
14707 18959 2205 65181 70248 58786 83331 26224 19036 51573 13912 45589 96800 78415 38356 29219 32546 87883 37170 6149 11877 61574 28586 22483 36720 70988 8184 29172 8753 17125 59905 39812 36083 78461 4992 22682 37246 88322 48905 56282 
39894 79168 18222 53045 57582 56578 82263 6480 60812 35784 28980 89040 97357 73917 11523 34077 61256 19706 79600 86361 36830 55856 26172 89264 34316 31163 11945 87913 35837 77202 60546 75730 72721 78768 45127 46655 51697 27389 53134 12508 
63173 98465 1548 76881 72382 29422 27309 33637 49127 23260 19997 2308 79115 62520 7923 13430 93683 19867 1343 29519 13420 78240 21600 86141 57007 83078 32795 8703 10467 2280 37563 89991 17096 55462 83223 89477 84883 26884 39466 50361 
50143 75814 52668 45610 38334 60590 75391 48368 96808 93085 94238 10228 71325 32189 12720 28331 15267 61866 37034 25733 64145 90948 32075 81240 46409 31649 87069 31291 58532 42886 81651 8675 18699 50670 70636 73384 27611 46026 38103 24418 
39111 32340 50997 10435 64529 80068 55117 79795 41933 8502 21879 6077 99449 70305 3669 45857 1953 90737 77147 60485 33622 75149 85511 68672 25818 56146 58408 69780 18523 96510 10550 57633 45202 61546 84419 9730 57966 39536 5876 99898 
48037 44106 22327 47486 30762 25995 9694 32714 33083 3193 9550 83056 78341 11412 68079 20511 83909 26486 90290 2432 39348 839 60064 84549 78737 60835 10630 36702 370 16505 52951 64758 76962 75277 12243 7723 17623 21937 56788 67057 
25129 66338 66464 19821 94101 34543 40331 78010 77380 46973 80441 16727 47811 56856 17627 42899 17690 28256 95952 18059 61112 48903 82817 38073 24179 11411 62147 58154 49699 35287 25210 91179 17976 8026 11000 12076 58920 67682 90085 36299 
14654 86877 69378 78817 43733 87004 21715 61422 15260 17667 95833 92723 66569 95001 30796 7099 6411 9294 81604 72462 44580 23166 63640 62555 31191 90991 90983 90110 58673 81067 42760 89678 67944 12137 68494 28028 15493 90209 89449 30752 
24227 85281 23474 7147 80281 70621 30597 3044 96267 12201 75505 57198 35366 55496 36105 82908 46487 27087 89369 21511 24505 32128 11188 8800 60617 79682 36827 76109 86242 42628 23212 26820 44260 63037 33966 40893 50010 64562 43936 46276 
93114 35792 19825 44831 91287 55929 27738 37773 99367 33458 59283 23872 65586 86823 49023 26202 66504 2202 18662 69097 44829 41873 95916 5440 4909 46233 46332 54918 10794 6619 17545 3908 42410 37370 48738 50049 93298 92828 4173 92665 
26285 79808 32888 8222 66630 98262 50775 49485 463 69436 18581 61643 27660 30848 67083 32569 77080 13414 87486 4225 36385 21383 8132 95146 58752 73222 45194 52049 82401 49367 61065 8685 29174 10304 33259 95803 24918 84033 45287 25380 
69821 80219 3375 97480 27418 70457 46400 4497 222 50238 8721 36606 71620 33205 31752 30371 6426 93297 98771 5178 42663 76188 30214 88188 2843 63472 342 27760 63857 61980 69492 50029 42198 72866 47508 69615 59674 93908 90463 76247 
60497 99184 29205 32116 48740 60956 62486 71517 70604 77608 76694 13267 53795 6907 17806 56638 70379 18148 749 50587 80127 70240 615 38677 59457 48122 8291 35482 58381 15106 11729 18877 30641 40933 67344 79380 18240 29829 50896 88843 
