50 26 12
5335 65085 84035 81751 9174 41719 47173 99119 46821 59282 67041 78601 26699 41564 16290 5340 84757 39458 27680 90629 37168 84167 57040 79421 60346 92429 
89579 95534 69978 85857 88329 75312 50941 72363 73414 76466 30433 20586 75584 77254 96220 58976 72206 22918 540 88495 44609 1648 27952 72289 8629 81471 
72807 65668 60892 49504 58096 66822 45037 28073 52678 49717 19736 19970 38431 93150 96435 68864 30087 72019 62469 26306 30994 34674 65576 47885 39520 10184 
49533 67471 98824 58161 65293 71631 40180 42536 21134 98276 9358 82523 26348 78387 32239 62436 98357 87022 71937 94791 55885 2023 83161 18353 44681 30507 
69378 10256 78391 8897 20439 44275 92719 19263 18787 58011 7245 58967 547 44730 57242 9904 43604 99941 88290 92195 78728 2998 79216 50664 14141 35100 
69039 97301 69804 13719 27807 39181 23974 22550 48077 44412 83176 40795 80026 1963 98805 87270 60929 99351 48352 34522 25606 91955 50814 30248 84149 29542 
33245 63364 80205 63737 98463 49243 61038 68266 62961 5196 23798 3286 44097 71874 64050 27273 29020 44075 45587 27825 47697 22867 43527 96048 57388 85485 
88002 8201 15732 88503 54094 65328 51866 34299 29065 66681 99893 6454 51298 79206 28001 75096 82491 72098 46969 62892 15722 75989 23319 61308 20165 71015 
84174 80043 83414 57913 65527 87767 66113 97610 76269 20207 79290 44487 70857 24706 11167 70749 31159 62464 66306 75511 37559 65149 47608 880 28040 63329 
76868 51358 40988 13384 38724 25161 93426 38489 83073 75305 26256 65538 89266 18876 2096 84907 79714 72952 9612 7232 60052 57122 69696 26358 32633 23606 
91506 96592 24485 35897 59921 17704 87255 908 47439 25978 42421 57217 80819 25493 48873 23426 7382 38138 42301 9477 23045 38367 82428 49008 45598 58832 
6130 31645 1541 55114 55251 93046 51705 96087 45294 27977 30143 32548 45237 77581 74878 87657 34797 55696 29501 83669 79121 36883 38159 37773 46359 77555 
76139 45139 26562 38089 3970 49043 69733 5510 4156 24983 14907 72213 21070 60200 16541 51212 9100 61777 45144 83977 65785 96293 56024 95286 79961 51496 
48520 34471 89268 94878 12025 81759 56368 54939 19847 76689 3981 89579 82198 24489 30914 13456 13053 51983 90008 29593 19546 15459 7722 81041 99435 73506 
77333 71810 85143 73646 23305 33662 8116 12572 44892 36493 10682 1259 91431 30528 77948 95411 20107 76497 36251 51020 6305 49303 19354 12664 78896 55251 
28122 86617 36291 43908 76474 29976 15717 61617 3621 55373 95278 28088 84296 40169 64580 94978 57780 72362 25505 52079 67773 61963 44927 20375 29334 51231 
69678 65039 63894 64925 20289 8367 51541 72932 52274 28014 19259 84342 89630 22879 39714 1260 67318 24010 57780 48250 18987 31911 20611 60843 83989 4735 
22806 28916 25110 68491 96498 94787 33530 76744 59711 53818 85110 27603 43101 37384 71968 78711 38077 77950 1589 77791 95561 85259 1800 53340 33508 37138 
85251 70470 97980 69239 75205 37137 14506 314 5628 11004 11452 39157 87747 87514 9326 89208 31468 68779 42943 3435 47489 81020 97736 65430 58810 93296 
67040 76961 62988 547 30450 48238 87368 28429 33828 62572 81918 64686 79237 3897 75689 7040 59405 79787 94553 85082 68994 42372 53860 11937 62159 17701 
9308 59894 99482 68117 69542 66521 61429 32529 83419 91878 97118 70786 36658 47297 49710 18575 11982 28946 22471 4022 35986 81875 83808 46890 83309 69154 
5614 37168 97442 67772 71220 6749 44017 70701 91217 29910 37221 52645 62438 36991 44522 75907 7777 81179 23204 57486 16106 35185 2783 54928 39207 55120 
53155 39366 2010 36463 24871 23975 89982 38664 91746 61202 61764 52114 31902 52980 82024 85475 21976 60813 22465 82849 36720 30241 64028 76275 4078 96485 
11459 6861 51412 67017 61980 20918 22735 80341 57380 47605 4315 47362 2621 12412 8563 64384 64526 56816 17364 62901 42290 55691 23713 64755 38540 76784 
11347 18919 53058 15425 15403 80869 22285 83166 64237 616 4084 86971 80957 61463 50928 1623 8824 53548 14035 33738 17931 94912 90554 51646 57812 32843 
7337 97876 13949 45876 91012 25296 81146 44069 57072 96548 41289 95708 96065 5526 96323 148 92496 93631 77963 59775 95254 3138 13322 25640 36876 47605 
36903 43781 15602 94714 92975 22938 8941 6924 85165 99952 48571 66310 60373 21994 79209 1661 17701 75274 23538 30375 75421 32386 40358 53383 92160 51963 
72873 21834 77602 9748 69438 14504 53528 85039 25569 46502 24329 50861 69777 25845 50813 18347 8507 27537 40340 87715 29197 74392 79340 69087 4767 71113 
1472 61476 40847 9983 13438 13719 31816 7391 23466 17605 21894 93345 2644 63814 56199 43324 14674 25975 69168 81838 60674 77674 9374 17365 81741 54923 
8109 61080 24009 29227 32192 41832 90702 73039 51814 4139 86757 83630 11529 26575 1234 49774 19919 20229 13587 76117 63552 44612 18444 49072 26450 79117 
43097 52175 12833 24837 7097 20941 85917 47457 50167 18108 89288 40868 7498 41102 61358 94255 41083 72886 20829 58668 39011 57099 95249 52597 49568 75152 
13561 68011 24223 56362 63479 83672 8536 76311 8508 15633 13604 94424 63089 63770 28884 68729 20990 36381 9830 82347 46987 67264 71585 84167 42283 10595 
57618 37531 79544 7185 29035 93104 91547 69609 65817 55025 53280 74352 47687 61788 89984 61290 72563 69425 41412 1446 38153 78753 54179 64334 77451 1165 
31597 49035 1684 90231 75982 59301 44114 55525 66485 73148 64980 58031 42756 30796 29407 12388 21499 77093 74175 11483 54735 46737 97259 12498 64535 35411 
91250 18713 16096 68700 36229 47692 34087 54264 54274 10068 13564 98387 81944 80048 87886 63275 54430 46994 10422 83836 59381 31920 77281 49907 59754 48367 
12995 57012 60864 77529 8774 68465 12593 24869 37164 65174 88912 87602 19437 43186 14021 33001 57924 95964 29400 45810 75590 182 92803 86011 369 52183 
34283 77649 2089 94036 26015 15083 51048 86878 8964 76173 55342 37908 1042 8858 3081 89953 12811 38870 49490 26832 71870 7414 39147 17621 53223 14737 
34154 46025 17099 34523 14559 51381 12171 16647 45417 54538 48081 12816 57767 73396 5340 29461 11304 6381 54670 14384 12686 67480 53253 62175 10663 41474 
85940 49810 75447 39162 80898 9600 1538 14348 44122 32448 82081 72645 49094 43849 27182 13527 56664 84948 86922 78355 30760 98225 84736 85429 28961 13773 
69261 98565 92299 79923 40039 78239 46084 31837 33752 43333 41436 51642 57681 85558 84089 56113 58202 49535 99961 1735 79413 72976 3034 66334 51330 33794 
80911 52417 35574 9871 66189 4834 8435 58488 1109 64825 53078 47192 96661 86829 6877 38097 54822 80909 40006 38911 37021 14559 88445 36981 32645 67857 
9956 35678 50542 61285 85823 31452 13702 37749 57674 96242 58934 82461 54729 60042 63637 7806 23586 60298 10987 30462 14746 65808 11370 71103 21070 64742 
85661 25866 1722 34657 10074 28029 70334 60616 5665 72509 8419 35718 10257 82445 31960 85542 64905 3040 45584 28541 27198 69169 5190 54536 15982 36287 
36695 43703 7389 57765 8444 9401 83630 26517 44057 10056 70897 30743 87023 92913 19603 95441 28631 46211 94237 76942 31752 75493 96333 77335 20386 23530 
62855 25575 94417 78836 78214 31112 38890 85602 88876 63685 95003 88857 90201 55411 98912 77449 86153 85934 70362 5755 97727 15344 68317 8315 92285 69 
83808 4969 77403 4193 28499 40258 46119 39267 35445 24332 70378 74335 26286 75605 38019 37640 80814 44572 93050 96077 22020 95555 98363 8733 17661 12441 
24076 85978 20755 16360 86046 4562 37681 79800 25106 66179 36409 87577 21797 71854 11908 8527 62540 38193 84131 16910 92184 81296 77833 85234 77373 16205 
80788 75735 24937 14800 88175 65365 777 25281 98076 86822 29843 35756 82974 71300 18286 19382 58876 40083 7587 87136 48609 86478 41680 49091 19740 33864 
30387 97572 19097 7759 30128 16236 99845 71417 31035 88019 36781 31812 13299 51208 34985 59493 86964 34310 47145 5249 53692 6020 61683 61278 9507 10291 
64108 51187 59382 83847 85050 6120 97770 20498 30230 44250 53085 30074 15666 84119 34444 68798 32282 64094 20005 83619 39939 6968 17928 87083 28569 87971 
