35 3 3
59018 25464 51284 
94003 35640 24347 
2289 50556 72320 
54169 60811 37302 
76137 17686 2956 
67992 65349 18435 
89196 30671 26633 
17264 49416 10452 
96048 33344 79033 
45368 18179 28235 
77516 77196 70050 
28799 87550 5690 
69498 6191 72597 
58169 76711 33407 
95470 69199 51093 
98425 37190 32793 
33212 26385 79816 
59844 60001 45583 
86647 56048 78927 
82031 17767 13457 
26617 95282 7004 
96667 40433 94554 
18708 9930 17096 
7656 68098 93806 
57414 79919 63004 
24858 94695 16545 
74003 27906 59281 
53818 4101 35633 
99400 90747 91680 
94678 89129 25799 
8134 15746 37432 
15138 28764 77864 
26043 63823 4145 
43138 71478 88594 
53295 45243 84864 
