96 12 7
26243 98021 3023 88039 49628 36126 22770 65825 34311 21630 81783 78420 
82879 94014 36701 54714 11144 95490 47579 82354 34669 95963 86028 12041 
50328 42200 33339 62031 94648 70050 5953 20890 84422 25328 25281 50401 
61453 64402 16225 12115 86031 14359 90534 85261 24724 27235 56326 35867 
39076 20256 18220 90097 32570 4248 2137 82897 62799 51827 61280 57446 
38228 67232 94688 22649 8911 19968 73049 86715 721 5625 15181 3103 
36335 5715 4715 61058 49301 61040 96924 4728 81296 31496 94824 13865 
35743 13312 13114 98541 65138 74393 72339 3365 57976 67026 26013 83239 
3345 15413 69953 4065 21037 85134 23519 57371 7200 28233 34780 72852 
5624 31704 77579 86919 79551 72403 17136 15293 85714 46601 30185 67204 
20993 18875 70568 78968 85900 12933 62206 5596 44697 48511 9660 65734 
49996 49530 39456 57195 77762 74236 46398 83386 22291 23976 86656 1841 
12730 20143 33485 14796 66743 80021 81999 4087 15248 68918 83055 17499 
81850 61612 23095 26547 10122 49106 8632 76469 98636 64439 33663 76397 
55026 96412 76134 93668 36740 62790 11860 49469 99284 61696 64264 66027 
58069 46262 70113 73316 15180 69519 90814 13381 47483 13908 56279 73956 
63014 81262 50425 78001 45701 439 70749 726 96851 46883 10746 33590 
9672 22605 99410 25307 84301 63674 91333 42369 26287 77798 15684 57818 
63668 6497 71199 11150 36757 43829 85106 16122 25091 51882 94122 87143 
52320 64870 4220 65522 11752 14965 99111 37775 37570 14873 63082 21870 
78546 70766 80590 4832 64915 96273 79002 28583 19121 50200 56084 55877 
10380 57541 88350 35470 9422 82471 38964 61742 63693 43184 43615 75444 
58148 59078 29571 95717 73950 9004 33938 52495 96121 14527 73678 61036 
27151 52679 5970 46272 19230 62053 18500 29610 35946 23202 81431 45367 
5672 20395 23460 85716 79930 67075 77512 38077 26152 7082 50146 101 
32437 84083 68947 28557 14962 42624 5944 42112 11655 28265 4735 30884 
6670 39587 76845 42615 62788 74628 87981 84811 95022 27793 70527 74951 
94867 48038 29379 37370 71471 79524 53822 3907 79959 22768 48815 94920 
81743 71111 53383 93397 15727 74470 40633 22396 14056 33829 81362 93195 
8456 85695 78005 19829 13487 64883 94779 24705 12920 40510 62074 742 
20033 15895 21000 99991 55014 86167 11262 36756 57277 80997 46505 89355 
55466 3489 11751 69521 37317 9464 79067 45773 95158 57071 65601 8644 
38306 76732 33348 67577 17241 11773 68319 53625 27667 89318 69968 99032 
75484 97581 52140 49112 78577 98644 54819 34042 18484 82921 19914 55800 
92384 98980 17924 87542 72403 99877 12537 10708 76608 45885 94636 10200 
74009 62954 63824 1676 68624 50143 17059 60459 47724 69198 9571 26300 
84193 64389 76694 2676 47309 96607 74828 56044 11939 92751 43585 693 
92627 56122 27752 85586 18358 22387 95785 92366 85341 75961 10393 53964 
26103 27452 14422 73826 96649 40344 126 80842 21084 76819 99869 84744 
89777 74696 40788 1715 67447 724 2407 76425 56845 30158 62011 91554 
68897 74147 83920 54237 50107 10664 24552 76210 38115 55325 66387 51116 
12021 66512 48309 49456 59682 48177 34200 65811 39225 91339 83877 23023 
92062 86284 99447 48907 32793 77809 56812 1689 51956 57083 72277 2062 
67747 13180 94623 22213 84857 61010 89680 96877 43873 37988 46332 19907 
2517 96883 85717 41741 88221 69593 64763 80283 72228 80561 45541 21373 
58370 2352 39413 26677 59435 11690 45090 43533 41221 39713 65745 26077 
17074 55425 39305 77298 9764 85637 97204 12280 82519 99272 70372 87092 
68865 51486 67374 57444 48399 12914 78816 23120 31617 18229 49796 91051 
46270 11237 50935 87490 67301 16680 29919 84374 88456 69223 61672 98219 
54859 75227 26851 53730 74499 13574 40821 59715 65060 24546 17158 29810 
37459 12326 52929 85427 30554 19076 92830 93175 30312 43764 97016 97613 
76795 26934 98338 65250 96157 76361 79821 67367 51588 6671 37448 42438 
36596 94620 2152 18007 19165 35661 47816 72975 47986 744 58402 94891 
19819 51231 88065 50131 94994 1433 64095 71789 28366 62432 37038 40874 
55145 33210 8241 23084 56232 45688 65521 92828 56660 84024 10834 75824 
19684 58650 48799 84022 59393 7200 78912 95564 58430 83329 62046 69775 
84761 42492 41563 29478 4923 94953 70352 76419 28162 78592 99502 84394 
40631 65022 93573 97290 49045 4406 89466 85081 79407 38264 85454 55152 
61815 80717 50715 36596 64045 29112 6370 65157 71603 64285 94635 92877 
59237 81338 69296 3750 59929 68797 4495 16911 50171 98067 30553 15567 
18825 20018 647 98231 74633 2452 53382 52799 83169 20448 89394 47213 
49559 12115 28722 37513 76399 39708 30390 51987 21045 16037 72089 97325 
84833 76583 14235 51355 91002 61139 66922 26178 97508 83920 24408 72140 
86372 94142 41290 69540 30941 47035 33104 80500 59150 78177 34364 51900 
17884 64753 3887 38928 80789 75975 36252 81974 68909 66839 33328 76262 
44329 16601 2439 41837 521 43199 30328 3244 53692 71618 89135 84632 
18652 22238 81483 94153 16767 15847 46053 34650 96951 49939 89930 94092 
42265 42533 76065 27525 9371 25744 3787 53700 58697 22577 11888 59217 
82127 42215 78812 52170 13832 67946 36802 48836 6535 34636 42988 23301 
50482 89040 74303 63785 55330 64232 57876 97594 6764 50292 41471 32487 
76035 45257 2538 34731 84185 14425 10299 66312 56639 5462 18481 86823 
89759 71634 52010 96294 6270 94997 35946 73103 389 10248 36887 72070 
74479 11114 86016 97595 61405 27486 30081 53792 72742 32618 88522 73278 
47042 15173 55941 20032 36986 90774 6854 26745 62407 58863 39390 85028 
70212 75335 74483 86952 1935 27721 59021 76413 38835 45036 90359 16591 
72521 20439 70382 61614 69408 75256 34892 32801 6780 7184 52833 43765 
97957 76038 70509 60364 51253 9898 61743 37816 85233 36225 24767 87167 
80298 83787 79931 19132 45175 86642 35722 17695 23432 22456 79309 92840 
97711 30552 25640 4490 37735 94824 48254 52044 87214 18763 28759 38466 
45012 90501 76281 46596 43078 17399 50114 23375 1185 46397 58858 46359 
33038 10931 80406 56469 33386 76066 65660 31096 22969 91300 35585 77055 
2475 191 29098 89688 18953 57856 28153 80316 48357 20785 26912 91434 
38183 77025 31160 55720 39773 90017 18430 72810 947 98835 29279 50685 
91252 11290 81780 14220 18941 33717 91275 21416 33907 20372 27455 69211 
78228 71960 49526 42936 92744 92789 50721 47279 69814 81880 2998 9586 
88248 37779 98748 5546 52966 44378 56230 44217 55667 54362 58437 74608 
88078 66063 96023 21984 86434 23477 91194 81013 95436 57071 23948 4532 
49860 91020 68162 36025 72899 71159 61962 77498 25289 60709 83044 78254 
5086 55625 38823 77105 9986 13611 51712 14415 79673 64086 36398 82458 
3914 43943 79823 15702 17366 20122 36585 67225 11142 4746 19601 392 
92256 81562 77890 17544 58623 77285 12150 63708 32909 50972 57164 59247 
64582 8875 73661 60606 89312 26411 43063 93226 70353 22885 25279 4070 
59359 61863 71294 70500 66608 90894 70891 58863 88808 65132 92758 47430 
42416 4907 27489 91677 55878 84653 50923 36811 9879 24583 97416 99191 
50993 56831 8768 37698 96067 50398 41767 55425 12260 29413 25924 95219 
36658 13167 70433 25465 78298 63190 72894 20714 84449 16735 12390 40326 
