73 72 10
95 1 14 50 18 37 50 68 52 88 69 46 16 92 73 17 81 78 36 10 82 12 89 74 60 25 23 38 49 46 55 95 46 20 45 63 57 46 82 60 33 50 5 100 93 29 17 25 6 4 35 39 15 23 13 27 99 87 16 47 32 70 41 77 41 37 91 49 82 72 9 67 
73 65 66 65 46 34 90 51 37 24 90 4 98 54 30 96 40 97 42 23 18 34 51 58 71 41 7 52 64 67 18 36 31 36 52 28 69 41 79 58 16 20 61 13 73 42 8 64 90 1 38 7 87 88 64 57 80 70 60 95 36 30 30 19 65 81 46 85 74 76 42 89 
95 54 54 19 47 13 34 36 66 71 42 52 10 6 60 89 27 19 83 63 100 64 33 64 97 78 49 70 6 42 10 100 96 63 71 94 28 4 30 93 75 23 44 84 80 55 25 7 25 7 21 25 23 53 88 19 82 88 40 87 30 49 39 77 64 9 22 91 12 51 35 38 
26 30 22 5 84 46 63 8 4 35 84 78 87 72 48 21 11 87 59 92 88 97 68 3 5 90 93 69 92 79 6 69 8 27 26 43 24 40 50 80 75 86 57 13 57 5 33 19 43 92 11 30 40 30 32 45 71 76 13 63 54 70 83 13 49 8 55 72 48 5 3 22 
42 12 34 50 68 19 68 10 62 78 92 1 60 23 97 30 51 9 92 56 31 27 69 79 34 23 50 81 79 5 54 20 16 40 69 83 10 37 44 71 66 35 71 25 10 68 55 12 28 98 67 58 24 35 36 10 58 38 42 88 94 96 8 9 35 28 43 44 64 38 66 82 
73 88 58 34 7 64 45 35 62 11 44 37 98 32 46 7 21 88 94 14 35 53 22 21 81 16 16 96 53 81 77 77 68 35 62 75 98 6 61 11 69 56 100 18 87 97 24 7 36 69 20 70 22 93 90 2 60 5 97 65 37 26 41 57 12 3 83 9 60 43 72 80 
98 71 97 37 67 72 43 3 41 15 24 14 59 14 15 19 70 63 83 59 88 75 15 99 29 97 60 89 91 83 20 40 53 69 76 71 40 71 25 32 85 49 45 95 14 59 13 35 74 47 93 13 22 59 12 50 55 23 90 45 5 10 37 9 78 12 79 69 82 56 1 18 
56 45 13 21 56 77 55 81 24 100 93 45 58 56 46 65 78 88 61 34 97 97 42 26 61 73 94 94 28 46 12 35 91 76 55 98 4 61 78 27 60 70 23 70 78 21 86 55 8 46 41 56 95 82 81 55 6 26 48 85 24 11 19 66 86 73 63 42 34 92 68 45 
13 43 14 90 63 99 45 70 97 37 77 91 18 57 97 24 34 44 8 57 55 79 22 92 51 36 85 36 27 53 81 40 47 46 29 9 97 25 30 93 61 6 35 31 14 31 6 99 74 65 56 80 43 29 24 46 65 8 81 91 12 13 82 58 11 11 18 7 87 99 99 100 
56 33 30 21 15 35 20 40 51 27 72 94 55 95 39 19 54 71 62 18 36 43 27 46 5 97 52 44 95 50 43 3 34 72 23 100 58 94 39 8 20 10 53 75 56 91 45 10 14 58 79 49 53 5 94 57 1 45 52 48 46 94 50 31 17 24 30 26 70 68 34 89 
30 38 15 85 29 12 46 94 69 24 42 21 29 35 30 29 31 81 76 76 27 77 58 43 53 87 69 22 6 54 62 35 91 29 72 71 40 17 64 60 41 57 33 69 43 62 49 73 94 77 100 20 5 57 15 57 95 35 30 53 40 44 87 82 72 10 5 63 27 68 74 67 
77 6 87 19 67 35 92 13 63 91 32 68 100 98 76 94 32 58 46 23 53 85 5 76 94 9 38 20 28 11 38 4 17 24 23 35 11 66 47 73 8 31 92 7 80 20 1 64 77 98 86 29 82 90 56 28 50 93 99 78 55 37 33 23 60 7 10 22 72 8 47 80 
38 38 38 70 9 90 33 85 88 18 65 21 60 20 48 9 64 47 38 71 35 23 45 94 29 54 68 53 62 14 84 51 51 21 20 12 11 52 48 50 22 13 70 81 84 70 41 100 68 31 22 2 5 66 47 85 20 14 37 33 27 72 83 30 45 55 41 7 58 88 56 79 
52 77 11 88 98 4 39 65 86 60 66 90 25 65 74 96 78 63 28 57 86 63 86 30 17 78 88 26 17 43 57 21 72 19 8 69 22 98 34 59 57 51 100 33 15 26 29 45 88 8 1 25 70 38 7 38 67 94 64 83 37 20 55 60 90 62 28 64 11 13 22 67 
16 22 52 30 47 80 26 86 87 78 62 9 15 68 46 33 62 9 68 98 80 22 9 70 36 36 33 46 49 6 65 64 27 16 45 25 47 23 62 85 100 24 93 67 91 39 99 4 99 66 53 31 40 61 100 75 97 84 20 97 89 84 12 68 99 8 44 97 30 58 82 30 
81 74 96 23 12 46 27 63 64 79 93 3 40 44 77 88 27 48 36 67 32 47 86 82 54 30 79 36 39 12 17 19 85 64 93 49 9 71 11 72 2 3 26 41 46 54 80 24 2 15 42 85 13 28 18 66 9 48 53 47 59 69 17 44 32 9 92 41 32 54 64 33 
56 42 25 53 95 4 28 96 70 69 32 82 48 50 47 56 49 100 54 8 20 70 3 52 31 46 92 62 99 7 46 6 48 70 58 43 73 37 90 42 5 74 75 53 75 73 60 23 72 14 82 92 35 84 95 17 81 86 30 79 44 75 84 92 44 93 86 68 29 27 61 86 
100 35 38 74 8 49 49 31 14 30 74 49 66 68 65 46 5 47 77 49 21 12 92 17 5 29 84 85 55 45 22 7 31 59 32 38 60 80 21 73 62 94 21 27 14 38 24 18 36 100 18 56 64 61 72 68 89 8 4 96 52 26 2 34 36 85 24 95 65 44 20 26 
89 40 4 2 29 27 72 64 79 89 72 42 50 95 61 90 2 16 37 5 93 38 39 29 23 62 75 39 5 94 16 93 86 19 47 66 97 18 82 27 58 53 20 59 47 32 49 1 48 85 5 40 75 43 20 49 56 47 87 60 92 54 5 29 72 3 95 20 20 28 99 77 
32 18 36 30 50 36 30 97 72 35 88 46 77 60 46 85 6 84 96 49 37 100 78 8 54 72 80 73 51 78 2 82 95 89 11 96 76 41 44 47 27 32 45 55 43 90 39 100 74 35 48 62 86 25 22 40 48 1 64 98 30 17 31 76 5 42 72 32 34 15 79 60 
98 75 14 40 64 53 91 89 87 39 51 24 15 72 63 63 24 79 12 53 95 43 28 52 84 51 83 17 66 61 28 15 87 41 7 51 45 97 91 83 35 93 7 2 16 69 64 39 47 75 43 94 69 23 45 52 73 27 20 38 40 99 5 26 40 11 28 36 59 71 19 46 
63 25 47 31 45 10 21 44 36 64 37 5 86 81 8 10 7 80 100 98 78 4 24 69 66 3 5 24 73 23 69 88 99 15 18 95 76 38 38 12 53 74 68 90 6 75 100 65 6 99 62 84 54 37 52 19 40 8 42 64 82 63 51 80 77 20 75 5 58 64 68 62 
90 35 52 95 61 3 11 67 53 73 2 6 61 53 24 52 61 17 16 94 79 18 74 8 38 100 64 47 15 31 8 4 17 11 51 77 65 61 95 17 33 96 74 46 1 49 97 13 66 64 6 96 82 79 55 71 30 18 17 45 100 76 100 16 39 50 45 3 11 39 72 95 
87 45 92 87 94 89 99 11 4 4 6 85 35 13 55 16 82 23 12 82 51 12 49 89 13 93 91 75 84 14 70 70 59 61 8 52 1 58 62 5 13 19 41 47 83 48 15 65 70 78 98 20 89 46 60 54 91 3 28 74 16 49 95 74 62 54 25 14 11 38 18 23 
9 11 22 91 58 36 55 79 13 52 51 54 50 10 59 40 12 38 13 28 87 59 1 100 12 78 13 22 67 83 96 27 45 17 18 2 4 24 32 69 28 82 74 77 44 84 68 55 21 32 34 59 90 87 58 53 16 23 26 82 57 21 61 1 90 78 54 45 53 85 65 80 
19 38 8 62 21 75 16 94 58 2 52 47 88 62 99 3 36 24 36 44 97 96 96 38 25 49 82 78 85 47 9 3 36 69 64 9 95 32 54 53 33 5 99 20 18 50 74 53 25 9 48 73 57 43 10 81 91 44 58 28 90 19 30 77 87 94 37 81 77 90 33 9 
47 84 80 64 85 53 69 9 13 16 34 69 59 43 50 1 86 59 28 27 77 10 56 63 55 92 96 31 34 80 91 80 63 70 43 99 74 63 8 38 31 41 7 41 35 8 41 21 66 21 99 43 30 54 57 36 98 4 66 31 84 56 10 98 77 4 97 2 67 4 39 97 
96 45 37 82 52 29 2 70 1 53 64 82 6 20 17 3 24 82 33 7 89 94 4 17 98 52 18 64 55 9 12 2 5 100 84 57 28 37 78 29 89 41 62 47 60 79 1 35 12 86 93 1 79 49 69 28 100 39 43 7 47 54 60 51 53 43 59 33 32 36 13 72 
76 74 70 88 52 71 74 64 8 67 16 86 67 84 66 66 22 8 24 20 62 84 71 66 78 29 98 9 17 10 33 44 84 2 31 87 24 5 50 31 23 17 69 89 53 34 6 74 41 30 46 2 13 16 20 42 96 17 51 12 27 35 8 62 36 38 48 60 94 50 90 68 
66 58 56 70 43 14 96 84 43 41 37 7 56 56 48 3 73 50 67 51 84 74 64 72 63 11 31 57 12 72 24 30 82 32 99 24 45 94 7 39 34 44 97 41 51 96 44 23 98 62 25 33 35 88 4 97 51 86 5 14 58 81 43 39 12 94 14 8 87 21 98 73 
16 46 13 66 41 8 41 38 69 17 23 55 57 26 52 7 12 8 20 69 88 15 59 99 8 72 58 46 44 7 18 11 52 31 29 93 90 21 82 11 37 4 65 93 82 16 51 93 76 23 13 63 89 23 14 96 46 71 41 90 78 11 52 81 93 80 73 82 52 7 92 89 
62 57 33 43 24 36 35 51 10 47 14 98 21 27 45 67 49 37 8 78 47 59 59 39 91 83 73 42 89 16 82 51 24 15 93 100 2 80 50 11 78 63 60 99 41 4 65 90 40 72 19 39 82 29 29 72 12 1 14 52 69 95 54 92 61 47 91 62 78 41 24 55 
55 83 5 96 38 69 37 78 92 7 68 74 36 96 97 47 49 10 98 17 57 52 8 69 50 51 31 79 43 6 33 97 89 90 44 26 10 32 55 2 39 74 27 74 70 75 20 18 37 69 86 93 72 45 61 73 95 43 51 37 49 36 86 89 25 29 66 34 13 21 87 51 
94 65 24 15 40 95 84 76 15 69 20 39 14 80 11 60 75 14 97 23 49 34 11 25 62 76 10 26 48 97 76 94 61 51 8 52 97 44 27 64 64 46 2 77 78 12 89 52 25 85 26 25 18 36 1 31 63 11 9 63 59 84 56 71 87 15 23 35 10 1 98 74 
47 99 2 76 11 90 27 87 26 52 64 95 39 64 78 53 26 86 67 84 21 74 55 7 89 29 42 50 29 39 23 27 90 77 2 52 66 80 38 44 83 53 38 21 69 15 26 94 52 92 78 73 66 84 31 6 12 24 55 92 15 30 19 4 6 72 55 23 52 44 66 34 
97 4 7 17 70 32 10 22 75 39 46 40 74 76 45 85 52 52 29 66 81 99 69 38 70 75 60 73 18 26 7 66 81 65 82 50 48 92 23 22 82 68 14 56 96 10 92 47 61 20 12 93 18 32 30 40 6 42 12 75 67 70 41 99 86 22 48 33 65 23 55 99 
42 68 54 37 77 45 35 90 17 98 34 86 29 16 25 86 57 37 61 75 58 53 73 44 26 72 76 91 94 82 89 36 1 94 24 30 38 11 19 6 8 4 92 89 19 16 26 75 4 86 49 14 38 73 57 16 45 84 6 90 66 46 77 18 39 1 47 28 63 17 86 70 
21 77 10 39 44 36 66 48 73 66 61 63 39 69 78 35 52 35 24 69 32 1 87 22 53 85 49 15 2 86 36 74 62 46 12 6 33 29 5 57 95 65 19 85 33 48 19 36 82 94 5 13 94 43 34 98 27 35 64 80 20 100 53 34 97 17 39 81 45 43 37 91 
59 8 75 43 55 93 78 89 87 34 1 32 76 87 82 3 73 45 34 44 96 87 77 44 55 67 24 51 61 13 42 19 20 16 13 74 61 91 62 99 24 15 82 52 53 63 6 77 60 39 20 7 77 49 51 31 67 26 82 28 38 75 98 57 90 11 83 2 53 44 100 28 
10 34 79 14 96 84 90 7 23 62 66 99 62 16 82 28 41 63 7 31 89 5 87 78 67 69 32 19 65 31 98 26 64 77 40 12 60 81 70 34 94 35 33 55 2 66 83 43 80 41 25 68 97 11 45 63 32 28 33 96 59 31 21 74 7 12 37 18 45 7 52 38 
41 36 45 43 1 79 37 80 19 61 99 16 23 95 78 54 23 63 49 81 93 22 6 51 85 43 20 29 49 23 19 41 58 63 35 10 41 23 41 11 35 39 26 58 34 56 11 56 18 12 88 62 85 93 64 69 87 83 50 35 6 20 28 15 82 62 77 74 37 17 84 71 
56 62 28 41 17 91 96 34 2 35 47 38 27 10 6 14 44 7 100 1 78 79 16 11 93 44 84 29 60 20 99 67 81 27 59 97 17 6 82 70 40 28 7 19 89 64 84 32 23 35 33 100 14 100 11 6 43 46 34 54 65 32 21 97 10 79 93 78 85 26 99 76 
53 5 94 93 21 77 25 43 12 9 42 77 8 4 82 2 50 15 55 66 98 27 63 60 58 7 37 94 33 36 69 37 92 15 30 12 43 6 6 54 14 100 82 73 3 63 74 4 29 80 70 79 7 84 38 64 90 26 9 74 61 77 63 5 91 44 68 34 1 74 39 14 
73 73 38 27 35 11 31 16 42 100 94 48 83 31 63 24 56 71 50 69 100 12 25 42 7 92 27 7 65 18 72 89 90 9 16 76 71 46 91 12 97 84 60 31 66 74 54 74 97 3 94 48 66 18 89 24 61 68 30 26 85 1 66 26 9 81 1 79 26 44 91 22 
79 2 52 45 27 58 70 23 12 15 70 30 32 11 53 44 78 83 21 14 35 87 39 44 67 91 74 45 34 16 18 13 69 22 9 96 31 30 70 42 44 92 71 27 54 76 70 83 10 91 96 44 77 86 39 95 28 65 39 14 80 9 78 1 30 86 48 60 67 17 53 10 
60 76 36 13 51 57 47 12 47 42 55 75 79 46 70 7 10 60 20 41 20 49 41 49 86 88 60 52 57 13 61 68 40 48 33 90 4 79 1 3 73 7 77 51 52 98 9 61 10 80 54 29 28 94 30 13 34 89 64 90 53 76 9 92 23 41 33 79 20 85 81 92 
92 57 94 43 7 3 56 16 82 9 44 62 54 73 74 39 14 90 80 66 65 89 58 40 29 42 18 100 27 98 91 18 6 37 12 12 39 19 27 72 79 23 33 33 95 7 71 60 96 51 26 12 91 35 3 19 76 20 71 2 69 13 71 27 49 83 90 87 1 69 59 32 
91 43 16 37 49 38 97 96 40 74 60 30 8 62 1 35 34 71 37 54 83 7 80 32 41 70 70 94 38 80 25 80 23 40 16 23 77 64 71 17 37 30 98 96 43 98 31 76 68 19 30 3 77 9 34 18 30 55 63 19 35 39 98 57 30 66 31 6 29 1 74 18 
30 24 65 73 21 95 100 41 13 29 43 42 90 76 11 71 30 73 90 16 11 87 24 40 4 55 97 85 55 23 2 37 46 18 61 18 13 60 58 77 41 100 70 82 27 80 52 57 52 41 24 14 80 48 5 83 54 2 19 60 76 72 48 21 90 8 90 2 20 48 30 12 
47 100 93 74 79 96 82 83 89 57 48 68 4 53 2 9 54 21 69 81 92 16 1 33 76 42 34 95 89 16 58 36 67 2 61 97 97 94 31 85 50 79 4 6 31 6 14 84 78 82 64 21 50 16 54 25 57 39 71 98 6 28 85 72 29 45 21 77 38 51 62 39 
29 65 44 59 22 58 94 51 91 9 72 40 76 77 16 85 15 86 82 21 65 66 44 45 62 64 22 51 15 35 89 43 51 33 54 73 42 47 23 32 56 46 24 31 22 39 67 89 77 48 9 93 65 4 38 26 68 11 28 34 45 69 76 95 1 29 19 42 28 94 25 35 
39 48 17 13 87 84 1 15 31 61 7 48 64 96 25 83 6 53 16 50 21 44 97 73 72 15 66 51 60 90 85 99 38 2 63 76 85 63 42 67 23 48 14 38 44 91 21 49 43 36 51 15 79 99 39 3 65 4 53 25 45 38 75 34 91 37 61 75 51 2 93 25 
50 59 62 45 49 82 45 43 70 95 9 48 45 47 2 10 2 55 34 46 44 60 80 86 96 92 12 98 94 4 22 95 62 83 39 10 17 83 4 86 30 12 85 74 58 87 35 11 93 20 57 88 79 88 73 26 79 84 23 24 87 44 18 1 27 8 62 95 43 66 80 24 
77 16 49 87 2 84 97 46 3 5 33 82 92 5 7 23 40 30 46 79 25 16 79 3 23 92 97 17 9 28 40 38 44 89 24 97 72 72 43 26 77 75 59 20 32 18 94 23 99 92 1 23 7 31 26 81 75 22 98 83 50 89 20 45 77 95 41 100 67 35 26 95 
62 36 66 45 53 60 67 51 3 20 74 61 50 51 41 76 24 90 59 25 79 78 69 7 73 62 7 91 96 84 85 57 19 2 1 72 13 68 74 15 87 99 75 88 49 68 64 73 9 74 49 39 51 18 46 75 79 4 65 26 87 1 83 57 55 83 80 67 2 54 82 40 
52 8 80 53 75 95 77 84 68 25 74 18 42 19 45 72 74 61 50 12 14 32 69 68 66 48 86 20 53 19 59 5 27 90 9 53 84 85 88 51 9 62 21 3 32 65 26 6 77 75 17 90 6 37 9 24 37 95 43 89 13 53 45 91 43 53 44 26 89 31 77 98 
92 97 52 24 13 77 81 89 52 49 79 9 86 39 84 74 33 26 62 98 79 59 88 73 63 31 98 52 14 26 1 57 22 52 32 86 28 12 75 31 61 5 92 98 43 75 71 28 1 84 77 31 42 64 3 57 47 52 8 12 78 60 68 51 11 100 37 90 63 11 73 23 
67 64 72 61 38 42 40 90 26 16 72 19 32 26 75 30 78 34 41 55 93 8 5 3 59 93 45 22 3 17 96 21 80 68 34 69 61 73 11 86 89 82 57 72 8 31 1 37 65 41 91 57 100 47 12 59 40 8 32 94 24 79 67 55 46 100 75 59 72 85 96 12 
19 52 83 78 83 83 14 99 75 56 7 75 54 70 33 93 77 16 39 52 94 5 6 92 56 81 50 27 17 45 91 35 97 73 12 31 8 77 81 82 32 39 56 86 9 40 30 37 55 20 89 49 76 94 92 31 26 41 58 43 85 48 77 33 72 41 15 79 17 47 61 49 
86 16 86 46 8 67 82 62 39 70 62 14 16 53 45 41 93 54 35 30 53 12 14 24 4 81 55 20 27 15 20 12 82 57 57 89 24 91 3 62 60 64 27 27 69 71 20 61 76 54 42 28 17 8 4 20 88 58 40 66 24 11 78 5 68 86 46 43 76 48 56 88 
11 82 66 79 5 85 92 80 39 85 8 7 44 63 27 83 20 18 49 95 28 78 51 47 15 96 89 43 43 96 30 6 78 47 36 82 32 79 13 22 16 72 28 59 34 6 94 5 23 42 99 3 19 50 49 33 97 90 27 40 85 56 97 62 55 84 95 38 63 60 59 30 
31 38 40 65 96 33 21 18 74 20 20 44 21 21 29 17 10 55 8 94 63 56 8 17 40 54 6 54 13 64 83 96 53 22 12 48 7 32 18 80 3 89 76 75 9 56 92 70 10 51 16 24 7 23 92 46 28 97 51 93 12 33 88 17 6 99 16 12 82 33 44 85 
74 71 59 34 26 2 4 87 53 19 63 59 93 54 56 20 3 58 64 14 90 51 82 47 1 98 11 83 82 54 67 55 76 25 89 1 79 92 39 31 62 1 41 54 55 48 25 9 5 89 22 46 91 56 92 92 53 54 74 34 7 92 89 34 68 77 34 46 20 25 76 33 
25 68 86 31 15 62 39 19 50 13 16 41 68 8 84 20 61 57 53 20 48 93 5 15 21 39 13 92 63 88 24 39 56 61 70 22 23 8 93 24 72 8 64 39 67 99 10 80 55 15 51 54 7 55 21 80 45 33 71 7 72 47 98 79 7 67 1 29 26 45 53 98 
52 68 88 19 67 98 50 73 12 100 79 70 54 99 1 99 83 72 57 6 70 54 85 76 72 37 5 98 81 9 47 32 28 86 2 94 83 51 19 46 2 97 68 8 47 68 6 81 91 14 86 60 20 70 88 91 6 44 40 38 52 38 70 31 24 23 25 58 26 95 4 79 
91 23 86 89 42 43 69 85 57 54 44 28 76 83 18 33 26 10 71 29 47 92 60 22 66 36 80 91 30 35 70 72 57 7 60 98 50 80 82 6 85 78 85 12 12 2 45 38 63 67 66 62 58 77 83 23 12 62 66 41 96 87 64 4 93 23 54 42 54 87 99 39 
16 83 2 28 37 46 17 99 12 34 60 21 11 95 96 22 56 61 15 4 47 78 59 91 53 12 33 6 51 31 96 66 66 98 45 2 95 61 100 59 95 12 31 5 58 26 26 13 38 92 68 36 70 79 27 22 90 59 79 92 41 75 58 6 24 2 7 70 63 59 28 57 
22 59 13 79 36 90 43 74 82 63 9 3 41 35 24 82 45 54 26 86 80 83 43 3 36 2 25 50 12 52 58 33 62 70 63 98 60 57 23 93 71 31 95 11 18 70 45 62 23 70 99 55 4 42 9 39 43 33 89 54 37 98 38 98 68 52 47 79 8 21 23 31 
4 17 41 21 38 37 82 12 58 81 66 13 74 75 52 16 7 92 21 95 89 10 45 8 61 91 38 20 64 60 50 67 28 43 87 65 31 20 77 89 52 94 1 25 68 4 92 27 47 12 21 88 21 65 47 33 8 85 53 23 44 54 89 24 48 27 88 79 46 16 19 50 
62 71 74 81 75 66 59 73 29 32 12 2 48 59 34 7 43 38 29 38 44 17 13 91 95 53 69 93 68 87 42 81 58 15 62 84 32 20 8 61 3 20 62 51 78 47 57 72 85 86 61 28 54 74 18 49 26 39 41 45 25 82 26 34 48 39 69 80 10 77 92 13 
96 5 63 25 51 19 96 87 56 56 66 10 81 36 10 6 74 50 51 50 83 28 36 30 18 4 61 27 80 52 39 27 8 53 51 59 72 98 97 27 54 63 88 34 98 97 92 23 98 94 72 80 21 59 62 38 63 74 16 94 78 7 73 85 59 23 95 82 21 92 61 26 
54 48 11 3 97 2 25 94 95 48 26 67 7 39 56 21 12 72 66 89 30 38 26 88 61 20 70 33 11 82 10 16 29 20 18 77 22 94 71 68 42 96 35 100 86 42 20 97 13 85 38 42 75 15 82 87 34 3 19 97 84 80 12 64 99 82 41 72 75 63 40 16 
10 26 67 95 67 86 43 32 23 80 25 97 94 58 35 80 60 5 76 95 84 39 59 82 20 51 6 95 13 97 62 22 22 29 68 40 66 10 23 40 90 100 88 35 57 22 66 69 26 93 63 9 32 73 43 3 23 48 97 87 44 59 60 17 39 27 56 4 37 31 96 78 
