90 54 43
30 5 7 27 50 87 7 32 28 64 78 58 22 78 80 69 26 52 90 91 81 37 70 66 76 64 60 92 53 13 33 34 69 39 60 70 25 18 54 4 81 83 62 2 60 41 22 38 92 63 28 72 100 49 
37 27 12 48 19 16 13 51 49 81 41 60 3 65 78 56 68 10 38 81 64 98 21 85 87 64 100 14 87 51 14 24 77 77 23 95 92 35 97 92 16 89 51 18 53 28 25 73 90 62 53 53 11 26 
89 97 89 88 62 76 38 27 51 15 3 73 61 94 8 10 85 75 98 88 44 3 67 68 27 56 81 79 8 44 56 97 92 97 36 54 72 26 80 74 40 35 98 52 28 5 61 65 31 11 52 74 65 70 
93 91 26 26 21 85 69 77 33 12 73 21 17 96 46 49 69 85 83 66 88 10 23 1 26 53 11 29 79 27 99 23 17 76 48 37 60 68 65 45 80 37 65 48 84 10 96 52 46 78 70 33 40 44 
33 65 48 95 46 26 21 44 1 89 71 100 26 30 68 42 26 99 31 90 46 14 51 42 18 96 71 87 81 10 82 13 27 29 60 72 7 32 67 7 21 37 6 98 18 25 39 44 75 69 85 21 83 36 
14 52 83 36 90 63 46 71 28 24 99 39 47 57 70 13 63 42 1 21 39 18 45 30 13 20 50 50 92 84 37 57 35 19 92 24 34 89 94 13 12 45 51 58 1 72 22 16 14 22 36 4 92 32 
33 56 51 83 5 94 66 41 50 1 12 94 76 97 82 22 9 46 66 11 55 18 82 77 33 47 50 20 51 41 52 83 97 54 17 53 48 35 46 49 87 9 42 62 5 76 83 65 21 100 75 75 18 8 
3 2 55 53 22 5 93 73 39 41 78 8 94 25 42 39 26 28 47 19 41 3 94 24 67 66 75 93 93 92 100 95 94 6 99 67 62 92 91 1 84 68 60 77 45 1 67 70 80 13 88 72 67 34 
47 33 99 22 25 43 13 77 38 58 82 88 76 44 79 66 96 15 86 55 91 30 7 10 51 38 74 38 9 41 23 56 73 22 29 50 16 41 26 53 51 59 41 26 2 71 44 49 37 29 55 28 10 61 
89 60 50 62 49 11 2 72 18 27 45 46 76 60 86 53 65 88 63 57 66 17 79 9 65 16 89 20 95 98 32 83 9 82 96 57 44 98 80 61 24 76 6 51 36 43 55 52 31 17 60 96 33 38 
56 50 5 44 69 99 93 52 33 1 85 29 9 28 78 41 88 53 16 45 3 3 88 9 54 70 25 65 17 10 3 72 59 59 67 79 10 11 30 42 11 67 22 71 94 99 11 34 51 79 78 5 81 17 
13 87 86 90 51 2 51 5 25 9 64 43 39 73 53 20 66 15 86 88 38 32 86 48 65 89 78 94 93 59 11 58 97 48 47 47 2 97 4 26 57 19 21 95 43 73 66 8 40 52 47 77 35 85 
76 99 73 54 44 65 64 54 22 60 2 20 58 55 16 13 32 24 31 52 18 73 77 36 33 16 87 79 92 73 63 19 71 35 72 66 52 35 20 25 46 73 45 4 27 12 16 10 36 99 62 5 23 38 
40 55 5 78 86 48 50 48 66 72 35 38 38 38 24 9 14 70 33 58 25 11 22 92 20 57 90 81 13 13 70 53 19 74 30 4 21 32 4 39 3 38 76 92 27 51 100 40 72 32 50 96 94 71 
88 14 79 29 94 91 93 16 95 12 41 77 15 62 8 18 52 62 7 27 54 33 29 5 25 1 89 74 48 82 44 35 95 74 16 41 16 8 56 11 71 96 87 86 9 46 55 60 7 62 38 12 46 19 
69 70 19 9 43 66 90 38 53 37 63 20 29 79 27 36 89 98 31 75 35 92 72 89 3 30 50 93 42 48 11 62 17 81 70 12 46 11 49 50 47 12 69 75 90 96 10 30 45 93 56 31 36 27 
19 90 56 21 82 49 68 44 62 36 24 31 47 22 42 48 71 40 11 40 15 52 87 76 81 83 20 36 13 55 14 31 45 21 3 78 70 22 22 31 58 97 14 4 18 7 3 89 46 13 80 12 64 66 
88 96 48 7 83 60 14 96 42 10 17 45 87 38 66 60 20 75 9 33 31 26 39 33 66 37 98 45 48 61 10 35 9 9 94 91 20 7 87 62 16 55 58 54 92 75 66 11 50 74 96 80 51 86 
64 69 22 61 13 70 74 75 4 82 83 49 72 3 55 10 16 22 64 73 28 55 47 45 18 48 70 65 79 20 50 43 88 72 55 53 41 28 27 96 61 61 45 33 15 51 94 30 25 58 2 4 64 1 
48 81 48 17 45 27 88 95 69 28 18 75 80 10 3 58 5 63 18 1 47 33 4 41 14 80 50 16 83 13 68 30 46 15 46 90 93 85 36 13 12 5 88 91 14 90 48 71 4 18 23 3 50 26 
95 63 57 96 30 39 8 97 68 53 64 65 95 56 50 82 69 61 87 56 4 52 97 3 22 52 20 97 6 21 74 52 84 31 47 65 69 55 14 89 59 29 53 5 84 54 87 4 67 25 11 22 28 59 
24 2 11 44 98 68 64 71 20 99 1 66 16 70 72 81 58 31 9 62 87 44 68 73 48 86 49 10 7 77 69 30 78 31 25 27 98 89 97 17 39 98 35 54 19 6 34 28 88 42 89 75 38 8 
99 37 93 48 46 51 76 14 81 5 44 57 31 94 45 27 62 36 76 96 89 94 54 75 21 93 16 62 67 5 69 18 41 14 17 87 64 44 52 96 48 48 53 30 41 49 8 2 84 84 50 25 29 3 
99 2 47 66 63 14 71 83 83 11 48 99 49 64 42 1 59 41 48 63 70 88 12 77 41 47 12 90 71 41 44 21 42 91 87 56 56 9 90 38 19 38 36 68 1 29 68 11 69 15 74 90 54 37 
66 94 83 78 84 6 70 27 78 11 69 64 18 24 72 7 61 43 44 48 62 96 76 29 7 96 95 32 85 100 68 3 93 2 80 28 59 49 7 37 11 75 100 28 99 24 86 59 66 30 59 79 77 34 
7 35 82 53 66 66 4 33 68 48 87 99 76 45 99 34 81 61 60 33 88 58 8 74 69 25 55 27 3 83 12 61 18 93 13 83 11 68 68 78 15 54 77 42 98 27 75 31 88 35 63 27 44 70 
52 64 94 58 42 96 41 54 56 58 98 20 92 8 39 59 86 53 12 14 95 62 92 21 92 79 7 54 58 51 75 9 14 20 67 56 67 59 61 74 68 58 93 59 18 83 18 3 35 81 68 81 42 11 
2 33 90 60 38 47 10 64 7 76 83 25 83 49 83 95 22 50 4 66 9 21 48 78 75 35 10 42 67 52 5 20 36 94 80 26 92 41 89 98 16 24 75 50 24 57 44 98 59 48 15 19 68 15 
96 43 49 57 36 67 8 40 87 96 85 66 21 28 6 61 78 74 36 52 23 60 60 67 9 18 66 23 36 85 37 83 79 37 40 67 4 47 6 90 94 43 7 66 22 12 27 99 85 14 2 60 25 62 
78 33 79 43 56 15 27 44 97 6 81 36 72 84 35 29 25 28 23 31 94 45 94 72 95 31 85 97 90 62 58 67 94 36 9 49 50 87 93 47 44 25 34 67 60 68 96 84 96 70 66 41 14 59 
64 9 41 100 5 30 61 62 48 55 49 8 55 99 95 99 97 90 23 30 57 34 50 4 17 97 73 34 37 87 45 100 47 85 51 3 67 12 16 14 18 64 22 24 14 68 23 10 57 97 92 13 31 41 
16 99 37 41 85 25 79 29 76 25 65 26 79 31 89 94 97 6 57 18 30 23 37 4 32 93 52 75 58 82 15 25 33 3 65 69 27 43 97 2 19 13 80 97 44 68 90 92 26 99 61 55 21 97 
10 4 41 61 79 50 95 45 27 79 48 91 47 74 86 95 28 56 7 7 53 2 74 94 93 51 44 53 5 16 1 66 20 42 27 50 91 73 94 17 51 93 60 97 19 97 43 46 52 49 4 56 51 29 
2 95 80 97 100 36 13 100 2 84 41 80 33 84 52 78 100 54 71 11 2 89 7 44 86 11 92 89 66 94 17 19 41 96 16 40 32 28 39 85 63 80 64 95 63 15 24 14 20 46 77 21 86 83 
64 71 45 7 11 11 53 28 81 93 75 96 32 58 75 70 42 37 1 5 83 15 71 7 81 90 52 57 10 90 91 25 12 36 84 23 98 36 2 78 28 76 74 11 86 100 32 27 37 85 32 19 99 54 
25 31 44 29 87 5 70 78 82 81 65 65 3 62 100 56 39 79 84 64 89 69 64 72 95 52 56 78 70 55 32 47 85 27 27 24 83 96 53 64 28 17 28 31 30 79 38 20 57 21 84 97 89 99 
69 36 2 24 65 71 30 48 69 67 74 95 90 9 42 94 72 70 62 52 52 91 30 89 10 87 10 45 35 50 95 3 85 96 27 2 19 8 49 87 74 75 82 15 83 23 8 54 44 21 5 95 11 87 
84 73 25 93 69 59 94 64 62 31 11 40 32 29 99 80 16 73 54 49 87 88 23 47 42 67 67 98 61 78 84 44 2 60 88 70 19 82 85 32 12 96 23 95 76 21 74 43 93 80 43 32 67 66 
78 60 84 44 10 96 73 45 92 26 5 31 96 75 64 80 6 27 27 28 21 55 100 47 97 93 78 40 76 96 57 53 56 92 48 17 39 21 13 30 46 17 61 93 91 76 25 48 3 3 27 23 57 27 
69 6 71 98 97 46 94 53 98 1 96 97 17 34 69 29 16 15 98 28 59 40 3 35 40 5 38 66 80 94 92 100 99 62 98 95 59 91 99 56 91 46 53 59 80 21 87 47 87 36 74 98 28 76 
32 67 33 69 32 12 15 76 63 65 89 60 12 48 50 62 3 92 8 7 50 39 80 89 37 18 24 10 67 51 37 99 69 21 19 1 84 85 76 47 2 16 6 65 63 8 26 66 99 85 24 49 75 55 
89 11 25 12 72 91 15 61 41 83 81 12 35 17 48 62 63 49 78 20 13 40 79 91 57 78 27 33 78 2 39 66 64 63 29 88 6 95 48 98 78 80 9 64 96 9 26 10 57 55 30 22 94 8 
64 3 37 90 35 66 43 73 83 59 88 64 46 93 58 45 42 87 24 51 51 20 11 28 29 67 82 10 40 27 70 3 29 58 45 15 24 87 40 58 45 27 21 42 71 31 86 12 17 10 14 67 81 24 
46 61 43 79 23 34 6 92 37 86 49 33 53 24 19 92 34 16 70 54 9 92 84 95 55 53 56 21 71 88 44 17 100 38 95 22 72 52 65 60 38 66 92 42 89 62 85 22 29 54 28 38 97 63 
84 51 67 39 71 38 26 67 6 77 4 100 99 27 4 63 38 93 80 81 34 21 43 18 94 23 23 21 60 19 36 95 69 2 33 92 91 10 58 96 87 13 96 37 40 99 51 29 43 31 10 76 51 4 
93 44 26 15 17 38 33 52 32 53 5 17 44 96 78 53 91 64 66 38 52 57 88 3 85 30 33 46 5 35 49 49 78 75 15 94 64 99 97 95 52 54 63 47 49 41 100 91 56 65 81 8 73 68 
10 9 98 94 55 54 28 3 55 57 29 21 51 92 20 99 39 23 4 1 21 52 93 20 95 49 36 75 56 60 94 65 69 43 10 23 97 37 25 3 93 54 23 95 97 94 46 35 16 49 88 37 53 80 
8 47 28 96 73 35 55 66 51 23 9 60 45 57 96 22 11 41 75 33 35 23 27 32 58 94 81 97 82 33 28 90 31 8 85 55 42 91 20 93 14 80 52 58 88 100 31 98 40 5 83 26 28 61 
58 37 6 38 85 88 22 12 29 4 19 65 58 13 55 29 57 68 61 8 78 48 59 8 98 98 65 80 24 44 92 33 32 97 70 16 84 43 79 64 46 50 28 55 62 83 83 18 2 43 77 31 43 36 
39 40 85 55 71 60 50 62 92 81 10 13 48 46 55 78 9 52 27 37 6 40 71 41 9 72 35 38 55 77 73 45 68 9 99 90 69 48 3 12 80 13 25 79 10 31 56 18 83 35 6 40 26 28 
80 35 52 15 24 6 43 96 50 11 56 48 52 24 47 55 88 78 19 12 8 28 42 15 45 76 1 3 16 27 30 95 13 81 61 36 86 4 83 87 66 38 86 17 14 84 23 1 13 41 64 20 68 57 
35 65 33 35 67 48 13 48 94 25 81 55 12 18 10 94 5 75 84 90 43 49 74 66 1 86 6 64 58 26 20 44 90 52 78 8 51 43 55 45 19 87 51 31 5 60 76 9 86 59 50 28 59 75 
45 59 13 3 22 70 28 94 13 69 97 42 76 48 84 82 44 3 69 46 85 25 5 60 33 42 71 34 69 29 9 66 88 21 68 61 90 95 54 54 15 3 95 90 50 31 23 45 85 43 90 69 67 46 
80 51 87 50 85 7 31 93 72 70 65 91 82 6 85 88 59 99 90 5 40 91 87 15 35 71 57 24 91 76 21 71 26 59 72 10 65 2 54 89 23 70 79 5 75 16 92 85 14 81 42 6 71 28 
20 57 51 28 32 41 3 52 63 81 10 35 42 26 88 96 14 11 17 93 15 92 8 58 28 73 38 69 30 60 49 49 16 99 29 47 91 83 98 6 63 59 40 5 84 79 52 98 89 68 90 55 11 49 
12 39 21 1 59 3 60 59 51 75 9 31 73 100 14 70 57 28 28 96 32 64 74 83 61 15 3 2 21 13 50 33 3 22 33 14 24 45 24 27 71 33 9 44 84 22 13 40 50 93 87 33 56 12 
68 68 26 70 69 47 34 70 31 89 91 15 54 67 59 77 45 30 9 53 73 92 75 37 83 76 29 69 60 36 81 27 3 6 96 71 4 82 40 34 70 83 49 23 1 59 99 45 88 60 97 60 3 23 
49 86 98 77 54 10 65 34 36 67 92 84 90 47 65 81 81 86 15 81 8 15 39 58 59 79 17 56 90 20 78 38 57 28 67 10 37 31 96 24 49 39 7 38 85 71 19 17 56 85 97 15 100 88 
25 58 18 93 65 7 64 95 45 20 22 11 82 10 41 77 85 89 15 92 79 51 14 49 68 22 33 16 36 32 55 12 42 72 5 6 79 68 100 75 40 73 37 21 34 77 49 19 17 15 62 47 65 75 
47 84 96 80 100 84 63 6 95 56 78 51 62 8 71 13 82 10 38 18 82 23 46 30 93 14 96 54 13 12 29 59 96 24 38 47 59 53 52 54 8 81 4 21 88 74 86 21 35 75 90 16 97 87 
97 90 53 44 43 65 56 23 23 51 47 13 49 5 17 52 10 76 33 66 97 72 91 34 45 26 8 34 93 4 73 42 45 25 85 40 41 40 62 63 42 60 27 90 17 95 42 26 71 26 43 67 97 34 
52 41 59 59 27 3 14 51 44 11 75 29 50 15 20 11 29 62 23 8 3 39 2 44 16 72 69 59 90 18 92 93 58 2 51 36 56 65 86 100 75 12 80 76 78 51 38 59 12 60 18 15 50 19 
10 66 43 79 76 84 48 19 77 5 20 79 93 27 95 30 78 21 94 57 96 23 8 34 81 71 45 98 37 95 69 47 12 63 77 87 98 24 5 26 80 76 5 24 54 51 6 32 72 99 88 19 73 47 
4 54 70 49 3 6 95 23 4 6 37 32 44 87 7 100 12 87 27 68 62 80 19 67 11 42 17 51 60 90 49 16 95 70 64 49 28 10 72 31 67 60 15 10 46 21 61 10 59 87 77 21 18 47 
39 81 40 8 31 52 97 31 67 43 1 82 91 28 91 14 10 9 74 24 70 71 97 30 80 55 68 9 27 37 7 18 17 47 25 99 98 73 30 16 15 82 97 57 9 39 71 70 99 96 94 68 66 42 
97 98 96 16 6 75 52 12 92 21 10 16 19 59 88 100 74 54 33 22 10 93 12 32 63 10 27 8 77 45 49 25 42 44 40 99 18 44 10 61 64 20 76 34 78 15 86 4 20 18 25 30 11 37 
13 73 46 92 80 75 36 80 99 29 75 91 27 93 86 88 5 1 59 33 86 89 47 71 92 19 89 68 48 51 4 12 23 2 3 54 28 38 85 26 18 59 68 44 3 5 32 8 5 42 40 91 30 38 
13 21 56 1 41 55 51 44 67 25 97 69 30 24 59 14 2 76 73 21 72 75 26 55 34 82 96 73 24 26 11 37 98 66 89 38 21 92 34 87 68 30 7 98 6 17 63 59 93 87 31 16 14 56 
70 47 90 65 20 65 90 30 1 40 47 42 77 67 33 10 5 100 92 12 49 49 28 12 7 72 98 37 87 11 45 8 10 86 73 29 50 14 10 3 53 56 44 82 75 76 43 79 75 34 42 24 82 22 
87 40 45 84 77 32 47 73 91 56 58 63 36 59 29 45 61 33 52 4 14 26 79 9 57 54 42 50 29 76 71 15 15 68 50 43 51 48 67 41 3 24 56 38 83 84 34 43 68 86 47 34 63 77 
42 71 82 83 21 10 10 43 76 77 10 26 19 12 73 86 53 28 61 8 17 95 91 51 90 58 88 88 91 2 64 84 25 46 67 97 7 28 91 83 4 53 60 75 64 32 12 16 11 24 23 28 19 65 
30 8 75 69 47 17 70 10 1 46 55 67 42 62 46 33 96 50 85 55 76 48 38 87 64 49 10 38 76 80 3 57 39 77 25 85 93 46 95 93 92 1 11 33 14 9 17 9 10 1 63 85 49 1 
71 64 1 32 53 76 64 55 32 2 83 8 87 28 53 81 72 44 33 83 29 47 43 45 55 52 46 70 36 46 22 58 61 22 41 13 49 4 20 32 6 2 39 92 29 91 24 1 87 56 35 15 2 77 
59 9 28 56 30 15 53 3 72 13 76 12 26 24 16 45 55 21 98 93 64 79 35 87 79 21 94 65 87 96 93 46 56 20 53 37 34 6 39 57 18 14 68 95 89 35 91 43 7 89 87 70 67 73 
56 97 46 50 61 32 97 5 77 4 24 82 92 9 87 82 17 56 47 36 51 35 71 41 29 77 81 67 99 99 39 54 95 84 55 7 16 3 11 44 58 86 25 1 46 63 82 62 19 28 98 21 62 20 
13 90 96 94 8 94 92 47 100 39 82 6 45 97 61 8 93 70 93 69 71 91 32 4 52 50 32 1 22 45 20 34 87 68 79 94 13 23 40 64 61 22 22 57 70 34 64 62 3 9 31 25 99 14 
29 2 15 60 3 36 4 74 69 90 41 100 36 6 22 75 69 82 48 42 38 18 75 54 31 30 62 13 54 12 26 82 13 40 93 67 27 49 41 48 90 33 47 25 38 68 100 59 49 99 100 38 68 27 
43 99 56 56 63 9 67 89 43 32 80 87 98 59 35 38 6 25 71 52 1 60 19 52 70 19 51 22 8 18 48 51 68 55 6 31 15 25 71 57 56 2 44 53 60 30 91 65 6 13 68 7 24 38 
58 94 56 8 67 16 78 66 18 97 20 23 79 34 99 1 91 54 3 86 7 14 67 49 31 73 13 98 79 88 36 88 81 43 48 99 10 77 64 27 73 83 2 52 17 100 52 59 54 6 96 12 20 62 
12 2 86 76 99 64 63 86 4 96 81 51 94 90 27 58 17 99 92 18 2 8 69 6 18 22 63 65 85 34 27 96 35 12 71 34 28 34 71 31 29 51 81 74 41 59 31 9 57 23 78 11 82 46 
16 52 20 78 16 4 64 42 52 98 6 74 31 85 59 54 15 39 4 47 13 96 5 43 56 13 17 33 23 51 31 90 2 50 20 17 5 83 11 56 80 68 82 63 52 40 16 18 79 71 16 91 19 20 
85 74 32 2 59 7 4 89 96 5 90 67 21 94 49 83 2 81 50 83 43 53 22 10 70 52 80 85 42 98 56 27 24 40 80 82 98 83 22 45 87 11 12 59 4 12 94 57 92 95 39 86 48 13 
95 69 64 27 6 58 76 13 36 99 52 15 32 49 49 53 94 87 63 5 97 19 68 90 27 60 85 18 45 84 30 92 4 45 70 9 2 45 74 37 96 25 3 27 26 51 32 19 37 46 75 86 64 94 
75 91 53 11 8 50 46 89 41 50 85 10 10 87 6 83 75 1 60 78 80 85 80 11 55 69 56 81 54 72 74 80 14 79 91 73 28 88 61 68 89 45 29 99 83 34 33 58 35 92 87 66 28 18 
28 34 38 35 14 91 6 40 71 71 18 13 43 45 52 3 12 41 100 40 39 82 25 23 91 11 67 29 76 94 99 55 28 36 90 93 79 47 32 1 18 49 13 60 93 16 15 56 56 14 47 46 47 72 
69 90 34 35 18 10 28 68 16 7 4 5 100 82 52 31 82 21 32 46 80 76 61 94 32 17 59 30 14 6 53 82 95 87 16 64 48 96 32 63 2 87 20 53 20 23 84 53 43 67 50 74 42 10 
20 73 78 78 55 92 35 7 25 81 45 41 97 44 88 80 59 41 66 78 94 37 100 29 89 94 95 38 67 36 99 86 61 29 64 15 72 50 73 96 31 70 88 27 13 27 58 71 68 23 100 13 11 99 
41 99 92 35 88 11 22 38 96 82 66 11 48 89 13 21 37 43 42 76 21 54 3 78 77 22 52 76 34 62 27 74 12 70 60 99 80 81 36 28 63 54 38 62 42 50 34 78 44 75 6 16 29 8 
93 57 29 96 32 14 9 58 87 20 28 98 18 59 78 6 86 92 59 76 54 52 25 87 82 21 62 87 36 42 46 81 50 26 28 81 39 37 91 77 56 18 74 26 28 51 83 14 95 41 89 48 44 65 
86 25 37 99 63 25 92 8 5 41 33 84 74 71 20 64 47 28 33 20 5 60 23 87 73 17 27 13 16 22 30 1 47 66 52 9 90 43 69 46 84 1 30 9 24 1 72 22 80 4 94 84 15 68 
