28 15 9
68990 36497 29685 47492 52050 17204 22767 5427 26163 36726 86596 46513 1550 3352 57152 
95959 56670 70975 73834 50888 28576 59556 67352 64033 29834 62480 7999 22233 45307 4366 
31638 30649 57214 61323 94492 9263 78526 17258 31041 21040 70335 17637 67553 71884 37340 
41056 84195 10361 12030 74380 61248 56957 33935 28599 20990 63768 91078 45340 2352 52737 
49705 33989 99737 6918 11663 94228 32532 6541 27837 63573 27580 98171 97561 11484 86407 
51252 52539 86953 61612 80921 61332 22859 37877 11618 67809 75218 91737 75238 20558 94088 
44326 86614 44428 44062 9884 56091 38289 42415 62631 66125 22339 6562 80648 19899 34398 
67054 71150 3288 54006 32761 84208 31689 71971 38437 59658 56131 13654 51394 31369 50563 
61833 75694 53529 22612 19756 63412 78702 74396 22178 57684 56873 44517 80598 37520 64415 
14995 20925 51917 18282 91282 1029 18842 22970 89352 57278 98979 45482 87283 66724 93202 
54198 28556 68896 7726 67519 5003 71137 46221 95750 9666 20256 52622 54182 853 90141 
34949 32199 11065 86865 66833 2346 4245 85674 41667 93596 59303 40645 39078 62937 23720 
32279 17134 68627 17526 41211 36146 38880 28699 98718 34630 38365 18973 87251 92546 36178 
77392 27494 84728 4808 30710 51560 23506 34955 53585 65172 28550 29239 22169 83979 92176 
45888 16258 25661 14515 50135 66872 50660 89015 11922 49377 23644 50286 84701 10894 59184 
37230 4637 3029 21958 25797 33739 89869 49302 85045 59806 14473 13594 89044 52993 13925 
97571 98881 30182 39584 13395 80316 22807 80406 85682 34728 46134 9325 85014 30834 36571 
60549 68064 57559 63577 6373 83355 97315 96241 49008 98711 56046 79833 28657 61442 32825 
42581 75364 31705 89114 14947 61451 85781 54105 58208 71463 88833 4341 97139 90198 35175 
33709 50746 19590 7620 30674 25962 7326 27989 22202 56334 26699 94600 52518 55355 56041 
85342 14287 47756 33399 3400 79055 11201 89181 33159 69409 60643 38343 73749 57781 44892 
25275 7842 95637 44864 15461 42663 70825 39138 70651 9379 95471 13701 3978 47988 85408 
76370 49682 99694 24125 83080 19446 3179 94280 8626 52690 80040 69268 91032 53789 43400 
35924 79063 51241 47912 23927 83053 90574 11103 22191 77576 20481 34013 7629 40810 98353 
9388 33531 64386 25433 57656 63817 44878 77186 74448 53503 46227 54488 39122 37259 8276 
98874 89534 3690 66466 37445 27616 49519 44371 55071 88061 38298 91903 38425 45926 32713 
53129 55313 66243 17514 80746 40250 81330 25623 33788 55778 95478 80014 26617 50951 33624 
34892 49824 23157 38581 16290 76954 82549 82160 21324 53971 86572 59621 45873 41348 21899 
