76 36 13
23266 94594 14800 49347 197 13009 89790 82919 96360 95334 33214 61442 47722 13346 16816 98163 19136 64865 80109 5987 53204 2939 82848 73925 48021 80990 90029 90663 96565 8617 31155 36182 3210 45954 85528 19758 
75314 91670 19028 88026 3355 52241 49467 51077 65587 82634 49239 1074 47498 45699 23412 17054 64989 6259 90978 13009 3600 97359 20023 164 5975 51177 52698 25536 13482 38225 45293 5148 46246 64321 93173 49601 
32913 58991 677 14851 57977 66267 15925 5474 11965 39336 38879 76953 61947 29857 6314 65546 43567 26336 82062 49541 93865 34759 91428 23698 89335 36720 28845 35581 17392 22017 85181 66657 97360 2209 81507 55336 
84827 97431 77161 96791 53119 16040 90095 15065 62248 96408 96962 5814 39096 79023 71706 49312 13781 63133 73009 19468 16204 1854 55048 33596 40222 56580 16604 37581 75140 98110 92916 59966 11893 70077 56756 81363 
86116 63202 96427 48363 75962 93388 70528 31409 88763 42233 80720 2543 5365 53728 22010 21568 55581 93409 71515 95803 66340 4470 49735 41479 2580 42651 1444 14472 29079 58199 12186 31546 37753 8612 96260 13714 
18351 66787 45122 23465 25371 42193 42360 47087 95920 80721 68654 51501 74130 56521 63655 40469 60990 13389 81948 79921 72391 83391 10744 17821 57942 22929 49366 12046 47892 61977 42111 82595 45115 3584 6059 70485 
45776 48418 17571 41695 29139 2577 9547 19620 75449 73201 60088 52790 2942 58387 32711 91684 58130 43454 9505 32423 66383 75222 60820 14274 37199 2930 13220 82313 6513 19279 69150 52288 67696 3072 10334 13186 
5648 19881 32805 97448 93081 9245 50238 12374 83983 82948 4058 42112 42753 13562 90886 9135 88783 51705 39761 42333 54634 52980 40998 77498 88610 10147 46137 56306 13218 56471 85843 35218 76351 18648 32665 85783 
27892 99254 98157 28226 82201 18566 70338 24954 48479 77575 50440 53613 45632 6552 95946 16617 75884 36943 94115 64493 63441 40251 37150 76658 96721 22993 28227 73071 41640 77244 75206 85883 76497 89714 14108 75050 
8279 797 3 56757 94724 66794 10369 40355 89698 22666 56971 65581 59608 51085 30073 23048 7688 83575 16058 4408 6567 44284 93831 64558 21527 85388 50440 14376 75101 80899 89425 83379 81696 5779 56487 76419 
88924 66855 33125 78621 89521 90095 44201 65480 41180 90626 4880 65219 90552 20937 69626 97118 81572 79808 61675 19451 65195 28466 33826 40295 9364 23250 40025 7411 45380 96511 181 34303 79718 33305 12924 85590 
23400 73476 67421 80931 80453 72300 46149 71004 9588 32126 68121 91160 11934 46147 26962 93480 74612 60787 50127 328 388 90151 24090 62119 3014 24271 96421 82731 57575 25696 84672 97326 99172 52092 78256 95976 
24392 40756 66980 50331 72882 51452 41490 1167 13951 84803 10998 4914 61941 61124 5241 62328 51275 29331 40798 54288 69953 37219 53370 27527 62914 38041 24853 78437 90132 19460 90765 30875 60216 57744 81206 49449 
25547 39047 66967 39497 23850 77964 44411 85790 39088 66003 64470 6714 11685 5267 77353 81637 58837 47074 9164 38103 85114 50368 32891 91597 86179 23655 38824 46394 97750 36381 12194 23297 91779 79160 79145 31980 
73476 23555 17770 28915 5910 98591 35628 17594 20209 29332 15583 95398 76405 41098 33500 77870 91465 66390 69466 77643 6397 24641 40389 4146 61021 68934 27442 52800 64446 6587 84779 37921 46493 18900 66835 68754 
33842 18814 86348 54051 48145 18282 49448 40901 59379 99299 18770 50843 82040 88235 44837 88436 29228 1577 92582 90248 70511 20023 59399 34956 42961 60530 89228 5806 95781 56062 74559 29623 91227 77258 25 39371 
95539 65824 80271 54917 81474 99040 22111 63513 3626 66948 51949 49205 68524 44530 39453 55386 80904 15203 90341 23865 92084 79568 29670 87865 51981 4228 33839 43207 97838 50215 98929 93376 32390 95551 48293 13863 
10942 70403 77375 30920 53702 29323 80124 38578 90204 35928 93963 71108 51131 656 94972 59566 96575 40993 63782 48556 61572 97620 8114 59409 64186 23395 52785 96575 18945 17429 26789 46239 4183 4164 77158 57885 
49838 57281 12814 40042 93209 6776 27501 60691 23783 38824 20256 20358 79816 84038 85265 57739 98009 93378 17148 78547 33124 86284 91473 52069 20064 18262 98307 40598 38777 91816 14834 88614 49096 27647 45007 42304 
34423 88859 19346 58205 27682 39602 94914 23849 39991 80178 81588 37999 89908 15087 32897 23031 17722 24370 91451 54137 42631 6109 94734 81407 97924 9568 86372 63372 37214 47731 5675 87988 36589 25021 62545 64271 
80974 57458 88119 20964 53988 86058 75314 43895 17496 24563 83277 51569 48932 91080 5705 91562 97188 439 89320 11464 26358 75691 74835 63571 23421 96861 67911 60010 38233 30455 40632 19206 4264 45102 56521 58251 
31160 48187 18497 65007 72749 18126 16576 38032 9205 22280 29593 6392 39070 18912 34207 65427 10954 9041 28998 34375 22254 96908 10736 60486 43714 51367 96044 47977 96468 68916 22580 43979 33454 41076 8986 6202 
59201 25561 60585 84757 64192 90177 7501 3262 25440 41707 68688 36394 67100 14037 70768 89353 27296 81503 66190 71009 49221 62233 35338 45688 31149 74269 89667 64602 31696 15004 87156 7249 56916 47740 92005 21107 
54269 99505 40720 79708 57564 25760 32453 24663 39796 19572 30367 83444 17426 96556 54452 66646 58789 6141 28686 6289 80409 18352 87242 28457 49707 74397 35705 6622 38489 27709 44080 9109 43566 1152 5168 1129 
26911 37621 25791 66706 57192 56157 50149 74618 52712 20953 57615 27852 43445 86300 34140 40206 21003 21382 68662 70709 12130 4366 93682 66970 48426 54114 76078 91991 55265 81246 93119 82175 35218 35261 65232 8761 
91417 31733 83378 60481 69037 57345 88332 28833 43644 38824 85390 64647 60205 54051 51707 88686 74768 61741 55656 23194 15854 48085 15184 87470 45682 24655 85996 80899 59915 51227 89660 67684 99311 89389 28164 84699 
63085 32847 13532 6729 88022 98921 87727 48226 69324 39433 53264 44091 17525 25271 83636 33378 73355 15172 37199 19037 39826 23194 16287 99740 90773 22298 83775 90083 28039 28290 91134 91123 61137 21017 14203 49158 
19937 1929 13736 5612 57714 83351 49703 75238 8621 49690 24968 81975 64861 62166 17363 4686 1712 50002 20778 92484 72299 4552 98918 16689 32842 90051 7812 10330 11067 22014 75839 47356 40295 5926 52967 98008 
89276 19021 89597 97896 68711 30916 96223 33571 93082 13585 54609 11145 79938 91738 3628 68589 12641 2545 85277 45482 92596 9440 72163 20014 31454 48002 67369 88100 70279 20336 86107 59555 55708 92055 57450 24418 
22971 53672 74341 32404 83609 45301 43548 79898 37038 47175 48486 49678 66071 33763 11512 75018 43202 26 95032 91007 64379 62400 79106 34658 99087 81564 94212 54795 89971 68013 95564 12941 38037 69904 45344 21645 
31556 5243 1542 84945 68769 66380 34623 34839 142 62486 9857 59695 62511 4888 50702 43242 83639 46159 77899 82726 44075 72110 53872 50397 40122 49435 63337 78158 35691 25032 16154 67246 30274 34048 52191 15394 
427 3165 50232 568 82002 60088 76614 60864 81327 43667 4105 81318 6178 82003 64043 50252 54112 34266 648 10586 83700 80336 5095 35742 21719 21249 2988 68344 55296 71530 83737 72074 91046 33968 72641 73047 
10408 65606 50262 8086 9273 54367 89403 15450 52721 53445 82053 23185 4062 99052 33770 87762 79387 38864 39855 17457 76464 59194 85800 31759 30723 69536 3832 38120 19855 92824 11166 30262 58430 77780 38348 84054 
48498 27750 99503 1218 97547 97907 24402 1608 96958 74523 5721 92696 13387 61928 10152 89850 21121 95951 37961 51844 81838 58144 89963 1692 67320 17481 48306 25749 11612 3005 26154 60109 47106 25656 61326 61004 
39914 85728 62612 36871 60250 84684 29566 89988 46611 56069 96190 84084 68371 50502 35927 50208 8645 42241 68251 75964 76073 32908 18064 4036 35912 44217 64144 99370 86224 25470 60373 26137 27549 39336 79359 4150 
40372 8924 10490 3334 81344 6679 87417 49714 57180 39695 16273 82176 98288 876 58140 90712 33783 92555 94748 86047 36772 58891 85416 39347 84360 62140 81836 28260 1476 61194 32410 41847 86470 59251 45180 67813 
65929 48949 17527 39460 88643 50151 21635 86930 51026 96126 77642 1161 88681 72389 3559 41804 31279 88974 81150 31991 67465 79337 76602 68940 40531 25363 27138 27000 84613 88670 11164 66893 37618 28690 6352 26260 
95193 44339 29542 46218 40464 7183 63730 29144 95923 67288 70947 43553 72613 68449 91895 40078 47785 68497 25369 4667 10211 52507 31666 94824 41176 42830 61716 78793 87871 68068 21404 83063 28758 50945 45633 69221 
74479 9362 14717 86753 76650 2015 46658 49262 70463 38552 89339 34600 23400 14708 39266 33611 83566 87284 28434 41093 46465 6501 36237 34335 90920 57640 33750 19677 24937 95734 88898 15767 21447 19966 18872 98096 
21980 65529 63710 8795 4080 69400 59746 43832 459 99011 77442 84024 2646 22227 25116 49110 28727 61352 99797 19647 35344 49898 55675 76632 61983 60924 92398 83429 80889 11269 81525 2869 93149 61586 11663 13581 
30985 71408 57412 31444 86770 51205 31819 5768 73431 56935 71229 18509 34638 87377 54507 69981 53626 10182 62964 15608 71105 55362 99037 68346 82982 96913 71214 76131 58498 99228 89711 89482 86987 63474 37277 90108 
14678 69096 95875 88108 26030 83456 22968 77019 70832 77475 63352 24458 4008 26315 56417 91464 81676 55453 59809 81010 52365 47374 73492 10862 46601 79554 16696 49939 43027 53972 56399 57704 23067 52273 62163 65448 
52080 85130 42467 39264 78956 5818 63721 82963 32132 20137 74427 30160 91942 50587 27521 60658 97961 1012 71520 60913 80565 4567 10852 39943 74890 67250 97646 97957 35874 76160 79756 87954 77641 38574 43569 56597 
60743 7289 39559 92875 43777 30337 39386 52070 80924 83258 12728 95236 84269 599 56148 81185 5165 66999 37479 80054 50600 51476 94362 2826 27635 74118 7131 5275 29043 50699 78223 89786 74339 34134 99012 18115 
64470 38397 70185 61745 21654 82912 56980 22274 83510 29480 19810 5026 96478 57288 1431 63430 8763 95793 66255 52749 86262 89737 58023 15304 40435 52598 5089 14773 86731 4100 49239 67552 58848 19423 29297 96853 
18686 2628 35478 18547 32107 55287 39924 44937 28926 41355 24718 54040 37147 90972 6788 39760 80708 81163 71415 37494 33760 92856 52266 20490 96955 1504 88041 72155 37279 33689 85359 72316 52669 20837 7215 84775 
92475 47138 46063 21401 88492 70780 75440 41990 78103 98580 98101 75162 79742 69516 12655 13501 62371 64920 50342 75677 82776 54734 47831 20054 88423 49542 8721 57443 70378 15935 42217 62852 63073 4632 604 67916 
75411 92396 26258 69866 90975 24358 45027 70716 93873 57682 568 72595 38953 50909 48272 21728 21994 12454 58133 10416 61995 66854 67858 48724 99140 26427 27928 62212 47410 28531 46480 39172 37278 72737 9037 28252 
97094 54064 15319 7319 28097 15886 79913 83401 83146 28184 21481 5140 40638 79613 31907 18984 62818 16117 67708 61958 58895 95635 40521 6304 40517 87000 45475 77795 76088 54512 6046 73182 24927 21365 80500 69375 
53602 60412 52775 36748 4948 74255 58239 45585 70220 90145 80920 33037 22613 48627 11346 81507 44261 68219 87810 1130 55218 33285 78924 31306 4148 84969 20839 45426 22685 1338 14800 92639 78101 67574 45738 83048 
41829 3976 44984 12048 10472 25904 61436 33085 90882 72782 14591 51495 41000 18753 52624 12569 68389 31547 60226 72536 32867 81064 17961 71904 98753 32760 64542 93206 16685 26631 76253 58513 30606 37589 86912 57429 
79844 64700 90513 70725 37481 21456 22219 94832 40208 74842 23752 8596 22740 330 97483 71959 81393 31795 43862 96498 64554 24755 89703 81238 51385 82307 56103 81990 19895 59366 55770 16090 24065 62635 86815 77897 
84090 25385 89080 40649 16579 12832 65596 39318 13161 79430 11276 10905 11224 71489 23754 92129 96243 13456 73366 47627 12115 45820 45968 48361 5186 1738 64451 45602 64372 67617 23499 64813 93001 12578 21813 9579 
41761 3760 48897 71273 83189 76524 82178 94412 48013 22283 86540 60607 52091 76257 8234 64205 38429 54201 12565 59966 72290 93367 5567 53013 60983 29065 34177 53984 41643 55989 63562 99755 76100 28810 71028 59288 
21686 53205 70051 86050 91839 72942 46656 43929 65551 54889 8133 3979 25442 37050 80296 14083 30416 85862 67096 91399 14927 1272 61734 72921 73613 41647 72675 49712 86809 60054 25352 24846 13258 95402 10895 21449 
84696 73902 65377 50246 45143 73510 70576 70584 10559 50871 84666 57326 53084 68113 65076 84362 69385 26809 73634 42997 84808 62661 9060 71616 22714 34411 96461 52324 46165 23707 73772 30860 97608 39148 97457 42750 
12657 84384 29685 39567 35254 14351 96893 4689 98815 78320 89051 68199 5129 62684 27547 6288 25344 36607 77903 64410 71017 90715 16733 17181 14421 90504 64392 12028 46003 61848 71130 58660 46231 814 14578 97836 
31516 27822 2525 30331 6142 7927 98529 27622 86962 42428 33909 12306 79034 28163 93067 66402 18877 9799 83583 49649 16654 64326 78028 62656 26174 49157 37667 88756 49971 52245 86592 97838 80066 5468 28168 2559 
13394 43049 30180 355 85476 80440 29012 80861 8602 22078 47262 43830 48228 47196 93478 64881 11522 87858 43889 37695 37014 81555 26450 3336 33799 29393 1174 30217 34860 45693 32775 64605 88741 79307 64960 90568 
59746 10323 71428 84700 48753 18690 28529 96980 65885 38359 78213 77406 26216 22101 31452 79581 3655 57902 99269 53806 3646 16794 374 38506 62486 33148 19462 51227 28806 84421 58146 88552 11096 29574 89603 59848 
64615 18131 73179 30499 72841 51391 24257 15408 89843 55708 94989 93498 29961 10609 63655 49959 27402 64028 4816 89887 13527 24277 57465 42333 8698 31963 47236 36145 61536 36838 95992 26150 71320 69170 73000 60513 
36913 13608 75920 26755 85668 87260 36604 31980 97868 16610 81938 41621 80637 86753 47860 10516 11030 5324 52848 36079 37286 16435 88575 15173 69624 84566 57674 57295 70087 47026 17807 6999 76985 93727 50106 62652 
97338 3061 10984 11558 19671 92921 53178 16659 96026 1037 27174 23407 22713 96373 75837 59998 12807 64411 91523 98782 65328 65548 56077 35414 12573 73883 58765 89558 83961 25222 68561 81299 28282 79544 92856 47952 
88817 46033 64611 1194 63422 8136 40952 86134 4509 16788 62483 17315 97550 54005 32449 79229 19553 88525 30994 48477 78759 89758 54386 62720 31331 22947 60370 59613 2490 69577 23916 7658 15609 4878 8851 95382 
13014 66154 81515 17522 82941 43998 51188 96842 14354 83636 76070 50258 88512 7064 98735 67271 13173 69472 46342 44504 92418 6711 20468 11260 76287 60735 35269 8247 65613 44120 3629 94978 10273 85143 28851 9566 
45492 80038 22759 76198 80026 15181 26455 68537 38596 41541 52159 51768 11013 98500 12623 19782 5210 49442 47393 97848 10177 82662 6095 92141 43133 26075 87118 69757 27569 15968 95674 73061 12357 18433 49258 92382 
49965 92064 77271 88560 49957 29429 40327 77321 44281 69302 97102 49490 18743 44495 47338 28919 43508 69784 21059 86640 95858 24528 56396 23426 40495 52070 12838 52852 86854 78447 61585 36818 70511 38855 41729 36819 
84636 98407 14139 28916 67708 27592 94757 2803 88438 42094 48073 31945 28229 85484 18584 24086 10011 91332 63864 50506 59753 76701 19709 62958 71500 81293 16127 58362 36500 57855 95180 21135 56261 9318 66402 40321 
53261 61158 43123 41699 19604 91195 73643 47832 76678 8579 88270 86689 16262 68485 53546 76014 45185 89606 55323 33036 87250 71449 91397 23749 45655 86576 61235 1915 12245 43988 42235 65506 5146 85357 23556 24749 
92904 97198 88932 69581 22128 93553 72621 38389 62037 42518 30754 23574 32123 86076 56609 35725 73876 64358 75825 19530 50933 37060 21445 79530 81047 80031 61387 2544 65388 84942 43644 58291 98491 48928 44223 20619 
42480 33196 75359 20869 75713 6113 44442 24188 8540 17402 59912 82416 81759 35736 1945 49044 89147 39741 44925 86546 19772 22663 89089 1511 23956 32733 76153 22446 98012 20375 59416 40491 69922 51127 61359 45635 
57239 22152 69822 82130 55906 46085 64545 37664 81820 82842 3059 70967 38934 47983 57512 58705 70645 62952 76567 94600 12036 52719 33398 10047 89446 9165 50538 59367 60291 28248 21353 33881 66752 91174 16011 22657 
53610 96907 76672 35430 79748 79731 22748 18682 44065 96611 93738 31062 59562 86657 42013 71598 39375 91762 97996 45172 927 64885 20891 77569 93133 42243 11450 76236 49769 43812 98892 3378 40718 91915 55159 36818 
87997 77906 71851 48414 74516 65588 79475 50430 52244 37839 38379 7971 29601 36374 69494 46879 1259 90384 24447 10743 48979 52248 86978 98747 96059 2221 18476 53129 94135 73635 89946 98484 51540 61796 46897 42408 
43735 42723 92837 12331 80561 31215 36653 26513 67588 6146 89743 85198 12882 30542 95940 61860 82789 82917 76958 95200 1489 95433 48328 11976 69067 54625 10459 36959 32772 57355 79366 76506 77 88554 88836 80637 
36120 41840 23502 20059 47986 13244 5257 60867 43785 1196 22726 42926 465 99683 38125 1953 11467 2804 13928 80534 57428 24386 33844 90199 98092 13209 83056 98168 18114 88244 95157 54233 30083 35010 74291 78068 
