75 87 24
92286 5568 13403 46566 55094 97024 2883 23754 37176 58330 45068 51031 93824 22179 69273 85597 94723 95671 63656 47143 18470 67531 47407 73499 65305 59103 93077 94428 41329 90515 35678 33614 12435 49080 96532 67528 62455 99414 7633 99630 74096 52701 50660 67919 91231 36285 53516 85953 48307 17171 33095 66777 1054 96853 56627 82710 55956 66055 93490 97284 72922 29167 47250 85356 94599 60133 69235 57053 75898 76867 56683 49993 45919 23694 34264 37149 76330 87779 39453 24637 21301 88900 7765 38706 85752 64391 21416 
58059 30446 14905 71695 3367 60423 18944 5074 55021 95428 74308 12074 71325 67526 85108 21318 13445 25153 55581 66945 1483 59711 6398 26119 97363 95297 33883 36069 97400 14625 73836 55459 45070 5092 27153 64788 65514 62448 69861 20535 57875 44168 48960 45551 11694 50419 83220 41490 75571 55152 8434 77053 14862 31183 19523 28577 42831 69757 80997 40231 84382 54832 95689 29451 59923 39193 94239 41788 1640 80451 78674 75866 24619 27633 21416 52664 78051 4636 10505 53622 59787 35290 47026 91001 66473 66549 35929 
25655 52657 16925 65885 37038 88108 77925 82841 48030 17117 93431 6169 18756 73881 84843 10973 98499 28827 32389 67514 6878 53376 94370 76851 13162 29660 40228 20514 12484 23128 56442 38138 75785 73366 20375 12822 61473 98299 95662 25854 15416 89092 32023 50523 79325 33217 61496 94175 62043 10236 61689 85272 63611 56058 62122 76772 2069 18702 13638 14552 41829 70079 69042 17613 59797 89416 46787 21269 4066 58800 63475 35833 64244 11849 86356 43568 45065 64203 37742 7107 90790 99430 92379 54400 71840 70852 47523 
90260 89553 61160 21164 47734 47591 90205 81698 7387 95972 28484 45007 37 87284 8481 35870 67879 20329 38577 11446 81745 19131 49187 5204 9920 64969 13934 80671 53160 1137 28193 43419 90690 5705 64582 54775 53295 71138 36472 60681 83461 81308 5687 83498 84943 30520 35719 52821 67200 90647 64266 48945 26129 13452 54148 52400 78420 84433 33070 31579 85569 77614 91350 92610 83318 72283 47384 52964 59773 208 29996 43233 81515 52035 43082 66457 82554 95152 19277 49753 85798 83542 15049 28278 13345 85548 80677 
91765 69980 30098 39695 55549 7712 47396 48158 7381 19679 11894 60345 79451 12101 90340 39035 93615 42374 82117 76423 41279 77268 95699 7384 79418 79240 22432 7695 92584 7980 4724 700 94311 34821 56747 49859 42532 4142 14369 66265 40172 42614 26609 35974 54714 33300 75009 64680 92026 57125 41102 49656 50744 53152 57039 30161 48743 79471 54208 57678 3802 58931 74730 98112 93751 31476 64323 52635 51969 78691 18899 8493 37656 61859 44466 92369 11510 35826 73400 19887 9302 30853 69543 60046 84004 26581 6558 
49098 22403 60765 6775 26204 19695 81504 24316 29798 29331 88638 98784 81300 83680 34034 89792 21335 95892 50609 30055 23753 2787 3454 59992 12088 50658 29534 72133 51013 72466 95043 110 94869 55807 23236 37424 75502 4740 61739 21651 34070 66728 20434 31721 50407 54467 37864 88093 66710 88473 18147 6814 91259 37952 66805 19698 88609 96338 8183 39621 85156 3225 56082 80024 59031 79318 17447 50884 409 95538 72534 34478 62265 9319 66199 29024 63785 4062 17116 46846 8886 35263 53660 16496 73214 20464 36194 
78175 33154 60728 34147 18309 63952 6581 14684 22982 85898 48482 90218 86306 44019 62751 37135 22636 72070 19685 68011 52206 40099 85126 99052 65336 36740 52711 81832 26306 73174 34377 20832 22679 95104 54978 40987 59055 77910 55670 98388 63807 20504 88605 66464 80874 67708 19951 3509 56129 39635 87871 8334 96085 89349 23737 61421 42440 76447 59604 68745 65973 93980 5928 88651 5435 77258 45990 64489 55167 1659 79228 35326 22162 84185 18141 3036 51892 38091 22896 24372 94078 27119 32705 6514 16467 72794 67934 
58906 49240 27537 44003 31564 37868 49930 20215 43302 27187 66204 7790 98706 84214 3370 34031 22728 87554 52171 42115 55797 6614 81362 80168 17043 8480 29224 23556 24946 2017 91490 204 67609 19026 44206 15524 73246 94135 35738 16547 37674 18293 40689 36379 18859 44058 86761 57938 47963 38931 52 20111 45544 97765 278 62586 6245 45853 2494 47542 64222 93983 47745 48182 29360 8302 63705 2605 18789 15795 19152 56462 50439 59840 9192 85649 20249 95952 43586 68211 34882 59989 88321 96778 57754 4950 75715 
80350 67154 78208 44243 31375 88542 91988 95908 17902 16641 59613 36858 35429 91759 56009 91890 42197 32200 17433 27846 52448 13384 87783 37010 64618 47772 25330 77747 21877 46631 69813 18578 13785 64373 62820 61511 52914 54807 57419 87167 87800 33383 24025 23228 25141 96385 31470 83689 44937 48902 27886 97384 62286 32021 50746 26903 96144 76075 21001 18020 39058 90813 36597 52842 55185 99416 14352 8099 70575 88122 11617 58374 21504 35641 97953 62996 48378 29422 63037 93314 78324 7274 7049 56961 39294 57794 215 
35437 50221 21215 69808 89278 12027 22756 42119 83564 38524 72822 8014 25450 60944 19630 83823 98799 71623 98127 78147 20000 27549 57535 29665 5872 81160 36713 62832 20454 94507 63046 72242 61079 84260 58402 50356 12638 81157 8826 96201 19680 97999 20566 45129 75294 40196 45303 90445 11818 43430 84943 48169 70978 42477 77833 93201 23636 14545 72384 60441 25403 35429 49035 86481 36040 7436 53188 65029 88592 78365 77582 24624 92716 98147 86104 68009 38342 31407 58453 66511 91188 43395 14679 62165 2223 92511 71717 
42211 23408 44100 19003 48810 95880 68037 51643 31919 75472 21182 13299 80416 15899 90880 5039 8614 5379 91142 76622 60072 38900 51427 26583 30087 11173 57613 8603 29748 66476 80319 71958 89883 40770 90960 55044 36649 75349 23038 84919 50820 44220 98218 47587 76470 5449 68977 85083 27179 76471 78056 87251 15370 45834 30185 61809 57007 87797 70411 3106 54272 67082 91415 60506 7851 82374 15550 60852 74074 38587 45770 24894 99158 60339 88832 75627 82140 57809 77061 9318 34279 71469 12920 49648 17302 43104 11456 
90660 47253 98219 93765 17876 65300 85179 78382 89502 83905 93931 50353 57978 48869 12475 99223 48027 89165 88055 40005 87656 45863 33418 96974 96493 4886 26245 62492 22187 69349 90300 29199 32953 88518 22963 50828 70169 24494 29209 76022 8398 39491 42727 82727 88360 55201 81950 52738 60717 86356 9094 48373 48570 42511 61698 61414 63748 87942 23905 2287 73642 14204 31485 6594 2721 70799 57422 89241 95292 2982 65263 20041 58825 24341 19120 47184 79541 17421 16273 56609 3776 41718 4981 68697 84229 83030 30110 
64328 70972 54014 66614 44613 68218 14450 67559 87290 85249 41332 92883 96892 44313 58145 16933 3137 82485 36052 66672 78377 53472 99296 51337 73599 41014 72670 42295 41594 55699 88756 5921 26670 42769 88887 87635 27338 3336 71545 30980 88584 12876 23862 1828 73540 98358 18760 93029 97194 71163 76052 91922 40986 75348 43258 14584 32713 32279 73230 74306 87978 78337 96578 30999 37457 85464 34985 64795 5152 6529 12126 93735 19404 35987 11914 9296 50696 30673 18676 64241 18187 94727 56162 59172 86426 15771 90107 
19138 48050 79688 9795 36027 58024 6373 83377 95481 8188 18362 76627 13339 24890 5104 23426 60646 57442 35339 69941 8137 82364 88616 72377 550 99694 44890 76074 86120 60660 82532 5257 25061 62220 15052 77439 36595 37776 60816 48427 45963 79177 41405 59302 4066 46508 82727 81063 3949 18065 51003 28437 428 55970 17165 17330 72016 62054 93403 58135 39066 92286 79743 64126 70857 11146 41565 23804 48921 18732 72230 94884 97908 29987 54185 18325 92846 53263 99388 13147 87679 66742 41583 4459 39064 58748 21788 
11079 37153 31542 69213 76218 40179 48955 56696 11036 60101 98260 34839 25373 16991 23420 20256 31250 53406 90792 49574 62604 60406 48961 75750 48085 15703 17332 68895 71118 76079 90682 82196 13232 38575 51408 5801 78753 16714 62496 6140 93166 77107 40978 34891 10449 64398 55146 41698 34155 62290 91272 96758 22695 56584 88859 87131 88638 6191 56025 59755 98621 63058 58302 28204 17984 9709 34005 96737 42775 12852 19228 52292 89959 60206 87182 407 40955 58680 58457 91461 20969 66080 4571 60015 39015 93429 47146 
27653 99619 19522 3759 14592 82580 62061 42795 563 88121 93151 13651 47247 6003 32879 99539 12313 9436 3072 29071 50390 78103 87527 58202 15423 53606 62772 75438 92621 56201 38935 36625 72171 58456 40383 86762 57387 18795 45909 57950 6916 39059 87952 70514 61413 20830 86404 90077 46617 89476 19148 97006 83930 6674 71560 99353 76632 34331 74790 85604 6883 30076 22228 79054 88531 78962 82167 62270 14109 28075 20219 21024 83486 8170 7889 44898 45352 94293 34975 91968 83768 70474 5326 67697 77147 76885 83401 
70130 27567 74542 55733 34450 4617 77960 29855 9500 73274 12021 71769 87382 56448 91987 24757 39933 16508 32645 1182 78211 26937 52508 70179 27056 22981 91856 11105 16480 68740 94505 86609 12658 69047 42342 47107 73663 36653 93313 99514 9926 5334 71282 13659 61781 79620 38415 18065 12480 87412 19246 90690 14348 71754 60868 57756 94734 69075 68860 27565 54166 79716 14174 66824 48762 72867 30282 38777 9519 23595 38290 35797 45280 25924 65807 23412 5543 4222 41476 18022 7985 60721 25064 22332 32474 2283 80087 
43560 71358 65298 87476 25523 45014 1649 92346 10127 74515 22628 48903 386 62574 3545 36182 7853 29468 1988 31264 35010 22561 72739 69384 30545 33459 94447 69229 82285 96729 65667 42196 68086 47317 29671 9961 92330 47672 2306 2456 22186 41285 51359 38923 3858 54903 75104 11710 722 93444 59325 35731 32356 32063 21466 79253 81874 32264 64833 80510 28993 30499 39057 13430 77815 85079 23390 86496 32750 42048 88952 71288 83332 56662 26562 3542 27916 18018 31603 28637 11461 90928 80719 60168 39342 18537 55772 
37567 50800 20604 34428 96144 51103 89836 25926 45269 91267 65667 31765 40368 7714 37068 11655 7398 93729 54569 27291 37996 72586 58893 82984 398 66172 63702 60565 21866 82238 16337 59432 49390 36940 10212 45533 4394 47 71458 66015 7665 37125 14131 48033 61190 51198 59687 84939 61278 30607 12229 15625 3192 87474 98608 3589 53645 62309 64154 75510 60899 96842 51294 10288 50133 77857 72172 70879 94255 59982 36893 1920 97106 67375 49952 74647 34924 25990 59586 96201 56597 88166 28177 59788 75639 26784 63377 
29284 5444 43882 21145 82694 57075 88790 9333 23559 66646 81505 94437 77253 41486 47681 79172 54943 15055 29123 45941 66330 71464 5526 62530 28060 93692 7058 4200 85682 33841 83928 31317 39285 27809 52462 38330 1235 57603 47663 24793 40601 29167 35582 17853 87004 83262 97024 58298 14669 42498 4238 80998 30313 26116 59880 58373 36159 66937 62572 21840 17130 62851 53157 72766 7011 21970 11095 8245 95924 58757 49389 36524 4275 84970 54376 91278 68232 67751 65927 99252 26600 70165 96601 56913 96280 56480 31637 
32438 39769 10560 70629 56898 73410 23785 29663 80420 62106 40757 88664 58030 15866 38052 94553 20140 23022 65281 27770 7605 49383 93696 23208 75983 80212 19808 49247 92843 92640 80883 25280 32408 91442 12261 5657 64851 52397 35319 61622 14503 92427 50285 72532 24644 4688 83436 44784 44061 65068 88905 68017 14451 98952 91224 6785 79164 27384 56031 72006 20023 53265 13638 52430 44706 42250 58086 25908 94646 9756 87529 9148 18534 54165 98031 43178 58852 97819 4313 19265 62886 9569 87281 77336 8520 78505 84120 
4035 5888 56502 92393 42262 9766 22382 94691 70823 64631 69128 13082 59276 95235 16962 68424 13768 87478 82806 73297 46330 80624 77609 81946 43510 87177 69226 37197 12049 64082 37669 16083 86321 94170 24827 28582 20288 47208 39624 7462 11838 8751 36896 87466 20337 53857 72241 34105 57687 55046 7401 20368 52022 1362 2313 95531 4890 71538 49079 16938 51972 86747 49373 38292 97269 74199 66874 33908 37759 22849 57721 65948 47952 94616 53413 68288 64825 25653 2392 22511 97051 26145 42878 49072 27506 45190 60954 
32395 33079 10032 65685 85050 13131 15057 23342 26751 89255 6567 60658 27013 45767 34730 92961 93718 29346 46373 62006 10522 88378 64397 33032 1780 6893 92261 50851 34398 53802 28156 83145 86880 54539 48829 88282 84021 63885 27975 10771 69491 50893 87780 96504 96659 22510 5816 90377 68207 68540 52382 78728 73269 33130 28111 75048 40023 36723 42250 90772 90524 70405 73916 93755 41296 39096 82036 25316 2980 10010 36087 72471 60902 23866 85326 57561 62727 7493 47937 30933 76032 16670 26012 49301 49799 70474 24348 
89821 7196 82950 80593 14071 53354 54508 7826 94649 93604 6213 19965 12935 16223 72403 1757 93476 12620 3434 67388 75347 10926 31676 22631 3310 48345 64995 52610 98144 51820 93309 87964 75368 76258 84908 89438 45964 39416 13615 56964 49371 19828 93280 78657 52402 82034 96766 62229 94654 199 29617 86352 27477 61292 8982 30786 9637 90328 83395 24132 42148 93055 12095 17515 85665 97003 23304 47980 52770 36919 4943 18492 73098 14575 13500 41851 96608 10265 4079 91261 10464 33695 77612 37940 11339 2946 68725 
37327 93273 68471 61458 51772 61525 89904 69286 63541 3258 8942 11520 72379 62212 16463 90870 35309 47389 20722 77159 43996 30986 97589 51609 57801 47636 45572 95740 58974 64869 80816 96300 58142 65638 57757 26265 27163 64012 95551 7055 67270 20844 18575 39648 83055 51389 46870 18363 98777 67591 11873 59124 98576 25813 27084 56377 73448 72656 68468 32421 37524 65636 45072 12017 31273 19180 38282 74787 83192 50184 81842 50461 71027 416 6460 54081 51804 53329 88795 66932 37271 17019 26055 52199 42831 53139 8575 
32631 42146 93394 65051 96021 59029 26475 24390 90302 45654 62671 65088 28845 29206 63281 95657 16584 63696 2117 87016 31851 71797 92162 98782 9068 9180 24837 61266 68362 94327 86192 17344 52824 95937 98747 48844 54966 25221 73233 61619 70874 52255 43058 16071 97812 6339 11727 14395 70034 30195 1410 1885 1992 9923 666 27411 35454 41854 5028 3816 52532 7571 37511 21707 3507 36257 70551 74824 61477 60135 36442 32351 28742 79500 64773 42905 85838 76499 57300 72223 23046 75061 74107 41389 84984 91125 68799 
20437 49330 90178 40604 18214 14100 78115 39920 33958 14371 26822 8782 92200 86957 61575 40902 32050 41074 5674 74954 43263 98524 48605 15486 21569 40018 5944 62957 41353 13420 48107 78141 79102 54636 35097 97315 68735 29563 37234 19045 60285 64056 27826 52484 67364 89400 93385 15765 46826 15410 7070 6440 13934 55675 38277 35502 12044 60573 14811 53396 73992 62917 31536 69445 33905 66632 66759 18991 96194 3993 38035 56479 84400 65860 25314 68115 71612 35051 83879 34789 50460 90948 57580 64393 46622 95857 16247 
58665 56429 47409 28412 46772 26677 59948 32569 60581 42931 99327 79572 55477 19671 17606 28307 4070 99818 53620 72184 87781 88670 72414 22569 55482 63362 96500 36226 26335 92356 68824 1352 65136 16232 29763 28260 42909 6062 60828 3489 48993 76506 99412 20821 96177 33370 49127 16598 33187 19098 5134 20967 24120 77547 59887 79601 40908 56386 15826 67243 65094 84650 68594 46581 17233 98356 91192 60141 4418 52019 79982 69762 28525 79393 90582 41053 12762 56060 57650 62300 75157 62783 99618 15628 40330 75856 11580 
97589 48594 43758 64831 13687 28407 49776 76619 61991 64484 67811 22132 85253 36181 18465 55014 81057 14209 61947 22109 43323 34358 96111 5622 25866 58893 5240 41494 15574 97447 53073 13163 46040 96830 94345 59726 41588 60473 52697 3579 24956 20507 42062 10208 56687 76878 81573 54096 91086 59871 76204 34408 94228 72314 56382 20093 47559 77973 77938 63132 75419 47363 92646 21459 60544 3343 97536 2132 63815 50232 22062 88770 87090 80475 15329 60129 57352 13253 14224 64789 73123 90427 15549 83702 79093 71930 20146 
26651 66254 98084 6134 41672 61798 15132 79482 22341 18474 77018 40824 98640 43601 79237 87409 30691 59711 19089 90819 33414 32341 21394 14555 21815 11820 30103 5516 7264 18384 25661 50266 84637 40096 72752 42660 1893 87883 38494 40586 22708 31863 81409 21347 75463 60646 25107 22505 36708 44195 29675 86474 92887 51068 1028 14701 62888 47482 20216 86503 65865 62228 36769 66853 2324 9520 25864 20568 13754 64357 61153 36461 96219 58914 74159 88034 35911 99265 10538 72618 59811 40213 59091 52697 91280 76470 67397 
70519 23951 3964 57022 89815 66191 10142 73019 84866 36013 98883 21786 49766 79591 82938 2578 92162 58203 76736 80195 94113 76000 7084 66731 35810 47296 42173 4858 54928 18643 88606 41798 42593 92569 15171 48760 75111 25312 21778 59977 61324 37012 81762 27441 16603 81051 30018 8764 55606 6753 88958 49718 82752 96041 32800 34913 59689 74973 39770 30968 9967 44727 72765 68911 37295 87936 17670 12406 13247 55800 88734 90923 92811 70495 18363 25765 67897 64733 34528 23502 71485 39837 89572 70589 52230 22371 21853 
28270 13695 77975 59237 23661 22701 32001 8924 59996 36288 42945 88753 65887 98744 77486 56809 7907 64332 91523 33671 48580 56255 84551 72082 44092 40739 61653 14680 92968 375 36532 21237 14070 14506 96825 54082 37207 45178 63005 13554 81465 5950 2306 63703 21045 79791 36863 45303 44122 28386 78974 92701 992 79876 81134 61435 20614 59138 76114 29934 59513 28998 67522 73582 43503 64347 44015 97061 25876 7020 10614 23692 29321 29271 87395 50365 9061 24257 95668 69534 68994 90993 78587 69986 87220 76072 31420 
7833 35210 23886 37766 11074 52883 21640 1007 12737 2338 45021 26150 28213 52040 36763 51904 97712 66034 39298 48077 91446 63555 60096 77332 32548 67440 55918 18885 54659 31989 66657 62491 83550 90542 16609 94623 59776 54600 95629 88864 56937 40650 15013 85149 9041 68128 37052 6753 50513 92702 71181 41958 56256 31276 19289 5155 98715 91558 40392 53373 39899 7048 32215 23448 13941 65175 18071 90068 19774 30051 78931 76710 70700 10296 78210 96093 78423 31614 2845 28935 24315 74025 87244 96922 21652 22885 2076 
20366 14442 58819 90090 54340 65866 38656 77788 96158 20183 12210 86225 39956 42260 65156 33018 29312 75451 27579 25404 70225 59192 44600 15511 99858 18624 2754 96779 56627 25638 15207 76992 56432 74025 83433 27123 39891 38440 21262 52400 58622 33471 38625 14930 92083 20132 64299 37746 11934 91877 63149 82158 67421 7748 97668 67278 42723 16773 64057 99349 58763 79263 92692 15194 69639 92476 58668 25881 30915 79930 78281 5889 29752 16905 20818 38186 53388 85116 75931 65321 93344 39079 63830 60764 63178 77849 28042 
22252 94621 8450 37952 53383 4064 30643 84928 73702 39470 43596 99583 70385 39877 94215 92625 69628 27471 13442 24166 80858 14909 96 62530 8252 55527 26359 85368 35056 4207 29761 57308 15179 38210 95259 84914 42273 42254 86193 32326 81723 46140 48260 68459 86016 42474 61083 71996 86296 74524 96161 67153 5784 96256 29682 30388 68134 72392 15755 3190 92950 45515 76849 8129 76 72107 9394 58700 14360 95586 91025 12435 41726 55637 80893 27741 98110 41976 16088 84406 32851 12248 67910 38635 24856 13944 85374 
9341 86335 1128 12530 95637 62994 89378 20117 63069 77837 29510 21768 8548 25095 29144 20982 83172 84780 18227 10913 82890 60202 43352 83647 9404 71952 67908 64390 13159 81851 49763 22499 84538 67242 51381 96526 30235 57110 16642 93303 34946 46151 31422 59846 87597 60566 80827 70769 45345 99053 98033 44586 75606 41384 44584 85010 13335 12492 65751 42845 10694 15514 65344 11583 82755 33076 8108 29342 90185 41101 38996 41483 87251 70418 1328 91200 30983 82154 61968 92679 97559 60000 37265 73164 17735 81848 74525 
47422 10691 56628 90266 37737 72141 71961 49319 71247 5036 73779 16940 95221 14879 55936 36703 18482 26353 38030 9681 73687 36535 88000 82717 34093 47999 19981 23609 82085 18181 14485 29506 45223 71112 19772 82959 59604 91732 48630 30851 13120 38760 64142 8340 53638 20077 61394 88471 62781 15775 98151 36467 52309 2502 19184 2754 50500 55516 42714 48937 90048 57198 78442 35271 28310 14565 34581 87913 22649 99562 35115 35768 38321 99257 44107 8311 35685 21852 96781 98466 37626 11284 51284 6286 13785 86819 9039 
80637 42335 51752 45925 48734 25302 24366 356 53611 55283 51289 57875 77931 50850 9342 13698 5523 24950 74156 13833 60634 12359 26965 59099 49984 54600 10383 56269 84737 97201 81660 65373 55887 49763 11297 4621 75064 52014 21328 45026 7296 72616 2901 1578 23466 28594 31627 28988 53543 22134 59172 14176 34492 86136 89627 84475 57088 16361 57096 41824 13561 38755 23548 85800 88517 51196 6772 79933 3209 28099 24958 26857 715 44210 44786 40532 72803 76413 85871 42697 98546 45042 73225 33038 47529 79203 33864 
20968 95563 7311 62791 9123 46065 86338 11274 50934 37533 18045 47218 57094 46144 72175 302 63210 32737 61439 3741 5539 37851 89611 64588 52749 51004 54164 2138 14884 33366 36001 35852 28928 59664 14994 54402 22080 1332 65676 73013 55216 83720 36582 28661 46215 8757 45314 9424 41493 6753 29516 63383 60955 35478 44322 13703 2833 98485 15840 17717 31850 68193 69920 60777 27856 84913 15179 49935 2596 97206 39300 57812 97277 75881 2824 43492 989 48138 69267 58833 71242 15135 22216 32196 50612 66537 45899 
53445 65022 78090 71161 96871 62634 57432 74000 6841 42344 5530 56776 44940 2735 12427 19103 16363 4659 21926 59854 22000 86415 45473 80832 57656 60607 3047 89852 27570 85936 52102 81014 67309 46543 68526 80531 9177 25957 54530 16017 84653 60059 89144 29592 79145 17922 65046 95508 22581 86971 71713 44580 89738 17185 25411 47393 94143 44810 53596 21713 47097 22049 19078 14405 84944 87604 94935 94120 13560 49465 26488 98212 25875 31984 44155 5020 49905 9200 16879 88837 12523 88591 33416 2260 22128 75179 66004 
32622 36340 35952 54334 83436 74352 73412 14192 59295 77367 9126 69766 7278 74942 96254 5490 17169 28237 65996 38540 94493 75196 55418 83330 4070 60360 33097 22681 82487 24627 88684 31461 60966 40987 2146 60753 15339 75557 91296 90985 69275 422 60751 76553 91715 73356 82042 25235 17944 64389 63774 12436 55936 35543 12117 60005 95903 45214 82685 94741 69840 87721 26201 47158 45059 28347 24262 76749 20255 15558 67734 89530 32331 44836 66082 24045 34543 64475 49280 52486 45215 29405 81273 1151 64948 93390 77507 
60850 54955 76544 71942 41146 64264 98143 88303 25674 42841 12565 2423 63095 44474 70156 68976 76804 31343 51409 848 65885 32235 66479 34722 77450 95884 15994 78600 77183 25735 56106 38032 97041 49001 26325 38187 13264 24467 42841 55290 83659 71757 57712 63106 16230 44219 32081 93033 75561 83490 10233 57797 32076 93063 92518 9525 88946 24863 88124 66128 50598 60582 20511 63990 9582 46836 2176 39198 87654 45017 94487 71313 33125 68550 34418 49355 12768 82850 42387 4680 82691 68971 62476 14767 62034 71345 24291 
67331 96207 28767 49811 63156 5700 70321 27146 15281 33508 45673 70830 37514 7041 81668 8826 40166 50217 59595 89520 79336 58796 48258 367 41487 17229 79194 56253 79262 50538 96895 62944 46745 25661 12754 9900 31360 99427 53397 62993 32934 99070 33822 86799 22462 31842 11976 62627 82058 71570 68498 77746 30366 16756 94464 88204 50336 73658 44456 45949 24195 57702 8892 87291 83363 21646 13543 31074 37424 66939 94066 86709 82360 44240 73508 4822 76081 85483 83800 74490 73405 68650 52235 20122 85405 63051 8325 
52092 36708 69132 14392 77254 26833 23283 80897 10195 61280 94439 41269 98703 77729 35334 1764 76441 79573 75271 97614 55653 60753 81413 46495 50509 50062 15081 70630 51818 78131 78954 20261 14838 48085 34652 8444 74918 74287 89340 1464 35566 130 42732 50621 77858 94418 52384 54298 90342 44006 51911 62347 21110 49676 8841 71619 16089 23921 42248 84259 2052 21202 20871 33241 69286 55523 41684 60555 29809 47375 62019 81726 47504 21102 48698 41714 15519 17433 96011 5861 61438 64274 84559 82548 30301 93399 54166 
46389 33671 12765 46999 35722 33966 67870 85315 19604 39744 43350 96510 69552 7077 58528 67629 54580 95982 16327 96293 11500 33759 8656 33712 11549 89281 34622 94096 19581 28020 64613 82321 78043 77377 29320 30116 27695 13541 15430 63650 53284 75132 76511 39187 82208 35039 6815 36787 31020 23141 49432 58871 73252 58087 8935 84800 63719 43556 95247 83299 87928 59859 65619 65970 53587 11290 96085 97633 41182 11515 77634 94465 86646 54145 33651 85205 5535 40466 21991 52906 79958 87774 11776 53209 62212 20710 38008 
25930 80618 33254 9228 68545 9464 91199 34514 79403 18840 30598 77035 60022 58464 71021 70838 61461 25165 4489 46665 30699 61306 85008 83604 41263 72781 11731 10824 34993 48793 65183 60922 29410 14789 86502 97954 40604 94052 48819 20006 29243 95768 13393 5616 54232 84413 76454 32044 25929 97294 78709 56627 58599 63716 56582 16213 52848 68312 43388 87840 33456 8571 65114 62865 39711 67967 77170 80314 62018 42340 320 91260 38108 30064 96876 92339 30828 89681 24382 56756 86974 19442 29734 61924 99509 86315 94488 
52357 70978 37876 40196 20786 46446 21661 2 2508 89627 77172 82821 51644 35863 99492 59256 73970 29555 72483 82660 60382 62163 7042 33489 65488 42835 63222 27411 42344 65888 21898 94700 53218 59773 51247 74003 22570 72908 74004 41429 62534 67527 24250 30530 3390 23741 6137 77359 69648 94971 60019 46381 57133 83412 79870 38972 26246 59443 82734 84941 41683 4631 79640 94900 80756 47239 85254 19677 20146 59257 61106 99031 43136 1707 45912 46525 25447 52048 40235 11446 47018 253 57827 20502 16 54048 75825 
42614 13490 58558 27554 55172 79541 23546 66423 60296 70784 51676 96324 90929 27285 73781 6311 70420 75487 52223 33296 934 20622 73530 12379 83992 90135 86557 20845 6502 40604 96670 49115 70446 55227 76669 41969 34767 16566 8392 11414 87349 76419 7738 94629 3703 81518 17291 90474 57005 69513 23769 74290 6487 13651 3020 90478 3785 89577 11322 26638 46532 24343 75753 16977 79570 68773 58946 30688 85338 83689 42102 89038 60107 66191 83666 80162 64060 956 86987 37416 86821 27108 11705 93307 40758 31077 136 
60894 20653 11457 87531 83536 52152 79635 513 31721 48407 75810 78760 50096 59498 37213 39133 35956 19755 39150 32469 83815 56458 19456 21230 59630 46563 49287 52936 3672 96715 69423 64565 33719 97231 68447 17254 49382 48082 17766 97454 12840 93575 76214 62936 69424 13426 18420 5380 49533 73922 37848 33347 30379 73655 70928 6360 20217 36566 75647 40240 33280 45069 4804 66998 42299 89603 604 91681 37684 18369 89134 66875 28296 81699 46162 97719 11477 64582 3098 61009 54855 57298 10707 1585 30952 97986 7944 
67521 34552 83590 7760 84183 28658 12564 67533 87308 18518 68136 78988 72553 2856 84474 39427 31151 82524 85589 45222 10352 66522 48319 71360 21376 21968 98418 22960 52920 96404 30903 20440 30955 30844 28199 31489 59501 57114 99021 46808 75631 83508 42148 64535 86364 42973 3962 33866 41848 5902 79087 52200 88775 43758 39911 10150 65725 38329 49461 18644 34732 96715 39083 82038 27558 83634 13526 3410 40747 28899 66569 32730 12406 25068 97264 15121 84392 17577 48987 26240 39830 28073 78439 28604 71830 18349 55105 
37555 56677 4565 72550 7760 17631 27985 89797 61540 11618 19675 81301 68716 48573 47870 17797 60978 89289 31413 92451 73681 48989 41437 99920 88819 85861 94710 33774 74043 13058 88879 11597 86087 93443 498 93846 27426 28482 99995 88965 56451 19669 70266 41519 68241 34487 59315 45570 23775 90727 38020 13807 56068 95808 13726 61238 81669 24787 95011 55711 37845 83889 83659 40283 93684 84156 50480 37461 28990 50474 26425 1792 70142 13042 43310 54734 63880 18977 304 4007 26055 54675 17813 82122 50483 47891 59711 
32151 72677 71074 4213 26873 54962 87871 83507 64997 88378 33987 2457 33719 84460 45234 35511 70954 74627 78820 25687 54859 97796 25990 58865 23851 97017 93029 22324 47499 57271 98387 96001 29948 69460 213 73172 40773 4435 56679 5770 9164 90665 24578 42883 91476 86163 78393 62429 77142 73564 4468 48352 87712 46809 23568 27914 43825 16596 50237 7675 90219 48623 3675 36518 18082 20239 9689 75207 41025 82719 80976 50189 89735 21905 9423 81211 24420 4167 59991 17913 77730 64458 66264 81793 11267 89831 9706 
71443 22778 59943 79118 12996 24917 82792 49513 59351 19383 59202 34557 60407 58272 31884 26947 48007 70140 36369 29217 10911 56887 5559 28823 50969 86369 11438 32761 97635 1268 42467 85429 24046 18761 64546 37041 60029 63690 2906 19379 83072 78459 70287 59830 36730 18522 3129 84736 88662 55849 30304 99572 12736 35863 44747 63704 22231 56184 96464 36217 73804 55282 37997 97849 90394 2543 51241 50423 66232 54146 86153 65655 32604 72792 25484 85686 91313 44964 70421 96326 813 725 12250 13548 52939 56996 93603 
91521 29531 6418 44089 3334 61700 82085 17534 68445 979 68775 18867 67210 39272 21372 49216 88228 94163 74700 73913 85475 19663 60685 81801 36827 77761 10402 50374 30699 67397 60328 38571 13279 66746 99011 16613 44797 97448 34146 13241 98426 19272 48460 81988 58544 69831 31203 63123 80345 22254 53387 65819 58269 14071 63971 95095 91832 74372 61821 38882 58120 22148 93805 71399 5245 92815 88011 66393 6614 38508 79634 5040 57780 44445 87027 32675 14275 34581 95797 10971 56835 49183 76789 15103 79605 57112 10197 
71436 47835 88369 10318 5955 10517 4122 93705 32113 13288 81715 98506 19902 36574 94491 41293 94353 38935 44671 43379 69561 79251 55527 80531 36085 21061 73671 67539 666 30782 94088 72101 94969 82456 98770 923 9324 19243 10979 41437 48883 9045 39942 85136 45618 34432 42780 56323 89718 87450 99701 59278 83052 55228 39808 19137 76288 13478 3027 93305 60612 97114 81758 71932 79570 96879 72854 88893 16122 184 46681 81356 9228 86622 66491 54845 37405 9270 11167 27122 13071 27220 86399 96122 82447 42558 31610 
75086 72388 34637 84743 49351 31750 66500 21282 27671 63378 10487 16564 95851 10670 63244 77206 19897 66218 60048 74741 19974 85669 2260 47096 98739 29479 49846 94861 28277 92404 26470 19714 81143 77458 4456 30493 25560 70955 51774 53230 50685 62260 86145 46535 89281 65741 40093 9177 31958 140 269 51931 2161 18880 15378 899 48358 65224 12111 92986 73979 54933 12700 55121 32390 17155 85613 57949 4462 53738 27531 55146 32349 13675 18032 21629 79415 74476 47157 11372 90968 63777 79655 93128 82657 95032 94026 
31014 76607 22489 40352 50585 77421 53051 22057 26162 86557 7669 463 91018 77758 27993 62515 26458 58019 96899 48086 37434 71374 11594 65157 62341 75371 44811 55468 58027 56195 65846 5392 32801 4686 45743 99738 98458 98793 21794 24619 1702 45815 41433 92719 23572 85777 71586 66382 43796 68484 14467 97581 39857 42413 62737 18550 17783 23900 74017 92161 96446 56214 97552 45598 60899 59647 45335 59356 74791 83481 327 76492 29295 58111 69211 69218 43888 57148 35599 4035 25631 66418 1615 81839 8830 80703 388 
42964 20954 90757 35124 17399 63322 49027 62997 40573 8673 24683 99928 99816 8163 16606 76307 53809 74717 61869 23027 34956 19016 58625 55342 44646 41394 73308 42837 50223 54010 59576 9538 91316 66684 61013 8714 30006 10040 88062 70578 35064 29097 86857 34879 53611 19815 27538 7420 10883 89406 30446 62190 8422 5422 17531 69419 46816 90838 12255 13390 61199 71831 39280 68866 38514 292 93932 84871 26683 98345 55448 78099 27441 58657 29329 81052 78471 56866 4823 89353 46272 51620 51542 71045 57041 85424 40463 
20208 92613 52718 49950 70163 40900 89229 39029 95765 5872 32960 80636 48907 31304 52435 27005 58745 27443 72685 56148 22265 29551 77322 11617 92174 28941 79510 63218 85981 81285 3680 22541 73897 72749 88842 44060 30000 78070 99440 25765 293 32399 22752 49199 63702 91538 92555 38798 18981 81592 11297 57597 11142 88618 69214 19667 17558 65075 99236 19891 62712 2915 42431 36608 92016 31272 97019 22015 25693 96458 64131 42337 45208 3234 7888 8910 11124 16794 64059 46456 98385 75356 4052 25878 80325 89617 45544 
97883 54692 44779 34125 33755 64046 92907 70362 56061 40530 83733 94427 66222 96542 74910 24910 41750 78143 32797 67011 5618 49591 47421 52073 64327 39128 56125 90205 19453 45741 35748 33687 16784 96879 67811 50538 77276 77069 37252 49688 17598 37336 44114 171 33877 35375 25080 91978 29870 74229 75340 35487 23819 22761 87560 4497 61888 60036 94701 81340 5776 46801 31378 38912 43679 15540 5801 20954 92608 43052 86993 10205 96739 31106 10375 46968 82833 51807 38945 12702 26035 30637 48188 66205 53397 52099 70701 
15284 12134 65402 12976 34262 12202 60705 89525 72232 76245 95325 9537 68852 54729 96529 95409 51467 43986 22135 14786 26818 73941 70083 55871 99975 719 20411 66179 54115 88861 36880 85750 995 18633 98725 51608 47186 75782 41132 19417 52026 52808 45305 37229 7536 58185 32637 75355 2170 54772 90140 45340 45064 60222 17562 45039 60940 37972 27569 31406 26833 80800 17156 44179 99432 32232 12138 46617 8013 53269 82385 76390 22428 44041 29971 29964 2225 78959 21670 4395 33730 28161 66086 95146 4735 99999 40184 
82026 37971 67752 13432 81155 48552 30587 41685 64335 79170 53822 27304 3535 23442 9688 79924 45869 53729 9894 92184 55953 88853 30205 76699 38934 58366 59136 34079 63100 59135 90614 45125 13457 58366 74908 10963 23269 5494 52647 87603 1016 22820 14906 4550 46261 40946 84473 8481 11026 10719 17017 83330 99571 47221 76381 54856 5586 35516 88935 85037 11002 79548 46514 40810 54265 21421 68124 93885 43267 20770 81488 44282 59941 12745 48831 22553 70042 49655 47386 81067 60373 64402 80749 76295 11622 57129 31151 
33560 8996 20085 34948 19998 15984 81461 77159 70249 2882 45283 64133 46148 82404 61972 6781 42345 91069 55611 81249 77462 21617 28634 74881 98342 93035 55629 74636 21009 12757 5786 54568 38104 42222 5867 74453 58206 87328 51612 44806 90209 96894 25290 52708 95649 87262 59488 37993 94682 31450 19242 88495 69418 64227 63375 67759 57262 19003 42395 78270 48111 48180 49189 86215 90402 55055 77019 64959 58734 28630 9764 65294 41875 35053 34353 37524 38666 93840 91868 49699 41641 27461 38194 27411 91688 1568 95169 
65301 36923 37563 59922 1385 2095 25462 3951 8848 80516 80970 90158 55602 9599 99921 20895 67826 51325 55248 5349 6343 65439 13568 56041 23432 41029 10586 50842 49068 12154 62362 14368 65428 16277 74289 83164 34723 99750 87115 43570 96617 68084 33727 52218 94034 49999 89465 78211 17675 61064 83559 24017 42854 13479 80058 66285 54507 6995 33478 3574 35500 95840 34293 927 28468 8581 84091 63190 8330 87557 23111 21298 55640 56837 89868 66025 23187 79332 44236 40861 56747 44146 64878 99600 57624 61287 65885 
28482 68281 15714 48407 3781 27905 82699 21059 56372 91279 21501 19561 15960 9057 42671 53610 81048 15859 43477 47073 55397 39160 7660 96258 95906 68157 77487 95505 42133 55125 77741 86966 39757 93455 35373 59889 21359 18071 80948 77731 25702 2448 13643 58013 11505 56314 11622 8904 88524 71450 55976 43921 10609 79987 40178 22866 64496 34016 18371 6628 89140 12463 93593 45248 5917 45317 5137 43628 63388 2436 37710 5441 4883 51352 79805 32739 24017 7779 41643 12541 79228 13970 56461 6189 10309 12990 45406 
74804 63357 63776 97783 52496 92591 91375 14095 98507 53044 19231 58486 32783 21666 96195 38223 42901 63899 18027 91991 87915 25805 49985 455 21385 63955 73267 43925 90615 2608 89330 65418 65964 69458 63200 34811 62048 70926 48906 76906 23969 84488 35392 56751 6154 47938 11325 65406 11836 45704 57396 16103 87860 7381 32909 9244 87687 6176 53168 78301 8783 58850 43718 91099 28307 23269 25909 90354 10546 74814 67259 34515 59302 19002 7617 81807 83292 35294 47212 95127 80997 20959 11229 68856 28339 44138 94452 
16025 66665 47619 10677 91799 6468 54394 82897 51126 94014 8806 41479 4560 99971 25090 55426 75624 60443 63042 57430 43734 14687 20993 38861 95683 41952 66441 64539 86642 26930 58990 19019 9946 22960 29695 1745 45780 441 993 96905 94454 26150 54736 99013 26121 79825 54438 18096 56619 33832 91878 353 48518 12870 55565 60553 71173 38357 25091 57815 81639 432 93185 91584 39743 22879 9680 1874 23319 10673 98779 17773 36822 69866 33137 79294 66042 3927 97390 22660 54110 5619 23012 2627 18488 78576 79531 
6013 33285 4621 80179 14923 21404 73363 6506 61147 12593 16186 63020 35912 43210 78150 70036 96383 64367 3172 92029 30408 23450 5770 53068 77559 11388 92431 96538 46227 87359 76068 52239 20643 97041 48769 35565 18444 38483 58422 95942 51076 90959 75314 86987 34168 69815 73374 46903 34182 92897 38931 80941 16347 44700 50360 93905 72439 42791 6794 18665 46501 82862 87256 67143 96254 52376 19059 14697 90859 77480 26991 41934 68439 18656 45272 18958 4822 34997 65860 39003 27893 21142 36296 44239 82193 86655 54496 
54631 45797 77641 89648 92297 76854 93255 59439 73107 45630 78497 87804 36488 72329 31146 94773 40767 66153 56396 59724 70974 91392 25584 9977 19285 46725 62624 79875 45270 49278 50722 99900 95075 44715 89547 3723 21568 99153 63162 94675 44783 58010 98830 97622 30338 29975 8747 71104 96127 65142 47180 67100 72886 89115 93428 92170 52191 72403 88396 97460 21681 55470 97360 33107 184 3258 36829 21751 2411 16342 32777 63545 74352 31606 61166 21041 77932 69912 8497 90410 51406 55676 73862 24291 44790 83641 32812 
96980 56044 37559 94440 94076 93028 8151 43534 9563 11408 80362 47666 30170 13056 80442 93714 3759 28400 54880 24799 6331 41143 49647 13093 8900 5322 86954 33190 66463 86946 66001 79795 42989 19912 74234 53416 12939 98736 96949 38854 10143 93663 86519 56665 6718 83312 50378 26828 11711 21609 51626 34394 62752 1273 47486 88003 22946 50791 21193 89409 37736 3545 69203 97077 23456 59788 50492 52747 74875 63793 91600 1369 57455 78118 58033 80524 61429 8411 7351 89492 30019 58976 23885 9122 76600 87722 97125 
15898 54864 34669 21658 92599 38213 7212 89675 78021 83351 56519 30767 58225 20311 22366 59593 94117 16835 17626 74640 94615 42388 81990 458 88758 57317 24342 97880 50269 28415 11356 66166 83278 62376 87823 92229 588 11386 98255 94960 94736 54773 25726 52960 91435 64443 12552 85551 97629 46529 60190 92244 88916 58531 92701 77674 15848 33395 91905 82468 78161 3260 48633 61439 65635 52807 53667 82574 64192 68273 93886 75279 23046 19611 28238 30832 406 57141 16383 98034 3670 92924 6629 92585 67807 99330 70258 
83654 49076 62162 82473 27236 81773 31105 5026 63759 263 75044 62685 80806 43317 56570 56084 82714 92532 673 13545 9289 57813 46279 7323 61482 39203 13951 54067 7009 29632 40676 7014 78707 19190 89486 22295 17314 36942 27320 81073 53556 2364 60109 34361 45680 16678 6796 28393 25561 7468 41937 34850 65280 4568 58524 43114 43770 88826 97180 67130 18458 54207 90495 13516 73396 96332 52162 90710 33273 79482 88134 3180 81845 48242 53892 43876 81271 60687 88620 6831 84506 46908 58032 66137 51475 16555 9250 
11596 21733 22781 95077 40190 76988 85571 70057 66735 81902 22219 73796 31526 18052 61929 51057 16248 26522 4948 76475 7792 81986 65094 30975 82843 12001 89006 48980 63476 21913 58229 75071 43645 81010 70148 186 74349 72070 86594 41083 70324 25164 31231 18201 43215 93159 69258 75814 19681 90557 52288 43824 72543 17381 74798 55385 45734 80156 20716 9209 2068 78945 631 62064 76306 87130 78601 50654 75552 65194 8088 45875 6710 39318 80427 66276 48829 49684 42090 84861 56593 10729 28684 29135 44462 19834 871 
90195 99989 21587 15755 18408 16883 32737 96823 93188 36219 75423 60193 11770 56968 84632 73996 63677 23950 54422 29953 89130 20458 88394 73990 77050 99122 19025 22536 43583 38858 39758 50129 38846 77696 65883 73605 94578 14972 70427 4117 51190 62201 64309 79311 19169 65293 53306 82845 5594 24079 12797 94723 60888 17542 85064 54289 16664 4088 93176 76598 42946 49286 26727 98143 26981 8961 71748 37911 23932 58526 42027 75121 20727 22688 70783 39895 87980 24088 39091 93573 64519 68240 88295 41758 85781 73358 96047 
2444 77445 5574 79042 36742 54859 22120 34885 81840 31080 22984 19750 71364 81509 78128 46484 18587 815 17267 58481 88794 57706 97572 98718 38576 65811 87012 80334 67943 76721 92732 70387 70518 98305 65780 23611 53164 4251 58495 51355 35330 97830 87456 23045 79339 65583 69529 14277 66398 3147 72758 71543 77204 86681 70261 32132 68843 73624 12465 36785 66697 21548 23523 53566 36204 5654 77176 89367 9904 52023 57073 61586 49852 60880 84630 45542 26463 70510 59819 9212 90008 48928 97106 83564 35608 83718 15695 
