78 19 11
17442 68490 95736 99916 60744 20620 38685 84519 80710 30715 29999 57639 63286 48648 15511 73686 60987 67089 58459 
92177 61899 82261 44464 31226 55462 18830 84655 25322 49307 91074 93553 83101 75915 89288 83016 36658 26260 38053 
21176 6969 85119 67526 80959 48405 16173 96469 38442 77159 79910 13252 69336 58160 95512 30151 89386 50973 48980 
90392 92646 14639 81465 86198 97739 73731 91838 80754 10388 18097 18806 47916 41417 3925 15441 22375 68681 47966 
35195 23474 25124 31456 36725 10811 89616 32236 57314 95353 99560 6293 85744 92205 20931 83561 94755 18669 57291 
2944 15775 84031 37392 50932 31946 78808 54856 47386 17534 39888 95351 69080 63361 36827 16888 85 63989 6503 
48672 21302 18207 48231 27595 20302 56788 64877 3862 67894 99898 77505 70837 15672 61535 8228 66603 93480 3387 
37811 57217 37272 94050 68920 22703 57411 5746 39590 73847 86086 62444 22519 7388 80650 87101 51334 952 43888 
32562 21165 11781 32459 15021 98969 64482 76555 7196 47437 86386 26934 1599 43603 64205 95648 28874 86908 69410 
50971 42849 59609 37056 5293 82127 44443 85942 85579 12128 3245 45819 44690 40762 57599 93500 55782 72920 57982 
32337 96467 5418 18722 23401 7016 78676 3957 19015 7549 7216 88425 74871 50065 48033 11927 55357 46511 72721 
57650 32089 84849 77247 77907 45890 18008 51858 39389 73789 41129 13722 6125 37595 19139 41199 77347 42506 36226 
81304 61521 60127 4871 49945 34997 54935 14329 63275 26643 60839 35996 645 9279 37196 77891 3538 99437 95898 
71747 38825 69686 12875 52547 92163 50469 88037 49713 27816 46895 85938 25471 8415 62416 30341 74711 97413 1628 
5391 60687 44622 66229 13034 45266 91859 50229 23156 95396 49665 35405 83494 4842 5091 96368 73740 13605 46837 
78128 63317 91004 25022 65606 32826 33436 28022 63166 24498 41786 81145 29888 18824 25767 12468 48210 71032 20679 
14790 94188 16074 64455 45944 15920 85648 51034 12287 59387 80990 75475 37514 44306 66478 78888 26264 99303 28675 
70637 78821 53173 28774 59965 99412 47597 2083 11880 12158 73115 32558 26948 83654 64983 91402 29597 80902 93401 
96983 9541 69139 77972 85015 23004 38630 67845 1891 64893 67147 30566 35529 62319 83738 64302 38636 99501 28250 
40718 11380 40408 13832 60289 67355 13837 25272 75108 59786 22525 68508 56768 32065 37646 34739 17080 60649 73368 
84924 78892 54612 68422 9457 90140 47093 9546 70793 85728 9046 15395 42797 36778 55802 72981 97066 39508 86817 
38689 14615 46602 77566 99474 3369 9630 53471 54460 43061 14119 44179 44336 9362 98791 29110 18818 5282 76202 
44715 92427 78281 53761 7821 21077 6890 79974 94057 3955 19481 97226 58996 34095 43827 36561 49920 63548 62542 
3390 34359 21955 33860 78537 66290 43222 93679 11751 78391 15313 87952 23106 7739 82584 93218 31911 3661 107 
11884 14069 20413 31364 11294 79408 81810 71473 32320 31729 35020 94862 51470 85730 16816 85329 64266 99457 28550 
74297 27560 6941 5961 31863 46398 30051 14447 39615 61961 34459 39721 73844 48527 60133 21559 59821 39541 19720 
47645 71860 67800 82664 83073 19269 68393 16240 4597 49010 32049 49499 39658 59608 72791 45618 91470 19188 75668 
5916 58802 37628 56726 14874 27823 5253 75006 65733 81425 30898 85452 29069 19110 53251 28084 2182 88871 12828 
34774 9820 78189 66822 59318 17847 26429 48460 63464 34250 83999 55484 56518 42800 9463 13243 74025 53638 18495 
49030 19370 16271 96280 4822 45339 15389 74424 89774 33922 79647 2601 68695 89466 80790 51868 65135 14988 94648 
13594 94803 45250 97592 50286 1767 56743 59749 15009 30767 13386 49856 96148 49107 82478 92427 70280 44169 7815 
44704 33942 58089 40702 52895 43135 30167 50036 11355 95301 65023 6002 8894 59825 51251 22837 26463 69369 79579 
86211 84378 26697 15948 50585 22844 81406 33062 15271 51686 77230 39437 12741 27524 13877 53442 80418 57012 83608 
30453 68366 78908 95475 90719 4153 71651 58322 26989 98113 27690 22919 675 28419 65967 32974 79003 88810 14380 
28417 20432 66065 21998 76221 78805 49521 90097 48598 29938 63460 32205 76742 31825 27464 88568 38896 47968 60219 
97217 91308 58331 24906 14226 59006 69677 96544 8331 48679 85353 22710 93447 22137 88774 15445 98357 83930 64965 
88453 48879 11255 51913 81083 4348 89 24898 92916 38984 72865 53134 52552 64172 27816 93810 94749 3173 63486 
91292 11504 28516 92997 34213 21963 15133 39339 53759 13489 39620 35075 1941 88499 62681 70205 85933 67029 70294 
10831 59944 25629 47 29429 78181 64219 57244 71990 75319 60417 51827 66611 71920 80342 75959 22484 18656 91091 
61822 72414 20931 17794 23841 22871 6292 86521 9428 8576 53549 79721 19406 29844 21701 19453 59272 99881 23 
16516 88222 91693 76932 56400 58303 65203 36742 50613 87686 71749 41703 65860 60515 62633 83653 84355 1856 89944 
87227 11283 98519 40776 7355 34277 86971 45407 70081 46243 45288 86455 62758 49861 78147 56041 6261 52802 21243 
59354 3414 25280 47454 61469 91139 7968 40453 74791 8674 42308 81086 12253 69942 95957 53028 93648 30233 56350 
39055 16665 2592 694 3119 81701 50554 97617 37741 73166 50418 75335 48871 70184 615 96325 31652 8105 20644 
72104 82896 45670 30764 80333 57922 17057 76289 27301 10705 22873 83650 66111 39537 86242 83156 59007 67942 50061 
72976 22035 23227 23393 97369 88449 9928 14335 84773 41579 22440 21769 30035 5335 67438 77150 2019 41711 94206 
78308 69011 21262 1180 52660 3724 57069 55253 86879 32427 39547 36940 5402 61581 76518 45147 75301 64966 71426 
89636 49739 29357 12075 87859 59391 33761 71648 52892 35779 13358 47097 30438 82368 84711 47970 51379 88434 5038 
22984 91665 53816 62530 28604 75570 24110 5121 37068 15762 70086 8493 5397 36176 37849 33823 40386 13591 83935 
12033 66482 36066 25390 29931 66503 24109 14641 14472 91840 19426 35861 14823 11090 6029 77352 56045 81598 17813 
61165 18665 49926 47603 27157 55323 83778 81358 5497 24164 94948 89432 52548 61430 25497 94290 91360 8351 18398 
22352 39175 26589 41777 75035 41411 69219 81063 35114 25263 79012 69278 2780 14028 19204 50382 57537 90878 50511 
38894 96374 91026 33841 85805 43574 11622 27653 37863 2981 36004 72612 41684 75178 99201 83461 66564 40611 69031 
63979 92077 94293 42990 61354 13424 73370 96909 63805 30906 87786 14316 69799 84160 5341 19991 86316 65266 31613 
13969 3128 34593 66324 75740 92629 41501 74940 76089 24416 31902 61471 88394 23978 72115 47736 85332 85539 37457 
82240 49343 68362 70026 80010 38160 70537 1703 58150 56852 66968 6114 70820 70096 57059 37143 62187 49687 94995 
37126 42127 35763 69027 3597 40508 9357 75711 4595 94688 61249 42051 93279 26944 10412 79656 6953 64923 66544 
8655 39425 23396 91975 45538 10567 62070 2596 47710 24256 68634 59056 77733 10760 94818 63111 14356 51678 72467 
6419 56272 83506 84019 98323 76785 10962 8734 72792 34267 90009 39336 59273 29433 79083 51247 74970 89649 29668 
93918 53710 70275 62551 12766 48007 73311 23935 11118 4018 75612 99936 26788 31884 83442 10807 46558 76578 38120 
55291 49369 88738 45299 5056 64363 91083 84138 31961 82405 73787 61629 76322 27496 48255 55224 56613 96262 44886 
80548 23731 65256 72511 23666 92043 20746 23459 2849 83655 36 40969 38946 49405 29706 596 70812 94068 8031 
54950 42381 90435 45088 4009 83108 72583 52263 38331 29196 64876 99569 26095 4958 64824 14957 44976 56866 52055 
68434 59715 35709 68470 17035 91006 34226 63092 7954 5037 73512 15984 76338 15892 6418 21425 19900 5877 10360 
88514 44207 39555 69742 43775 82001 91051 8598 13309 36026 81816 65363 20812 41530 17424 5633 74916 8429 39858 
38007 16382 61246 11518 48717 53936 27409 71486 75360 63660 77362 85719 68526 37921 41625 54619 81695 39977 45669 
6645 53286 81695 4812 35000 18858 46341 52423 24490 21256 60852 64347 75614 93585 41944 87132 58654 95879 30892 
30139 87591 10904 7501 73309 95781 45421 31286 50399 43467 71262 96067 66463 24547 94113 71274 59547 12970 33966 
11969 37459 71573 89172 18157 47187 99109 76453 50670 57762 72331 97913 87900 76273 8816 11752 49582 4596 73524 
97219 54994 33343 68480 67413 99805 9379 61525 87431 85277 90847 21396 13597 44657 9321 2769 79166 56507 18229 
55618 23528 75990 44300 21440 80241 20573 46608 8345 86506 51203 81868 83724 22549 15210 68555 6313 31367 77933 
84189 35149 79561 75035 72896 93158 36044 82216 12278 15209 55074 30506 87178 78601 6495 31477 16393 3087 68401 
63000 11431 71258 30554 9651 54981 53102 41212 39888 75766 72578 34172 59955 24078 13733 51341 96974 6890 87384 
95541 19167 18944 50615 49672 6121 45567 72518 53950 61959 75604 38702 24958 3387 9960 71864 13037 64940 41317 
54248 21179 17083 43178 55351 77037 67255 85435 44729 80580 92324 48465 76121 27842 67408 26735 93865 89881 88653 
66382 60182 50612 58337 98883 91921 78075 8842 63784 91111 90134 5101 45359 11312 38535 4888 83014 31923 88494 
68448 76651 69074 77123 25115 61546 4964 8875 4632 98828 98755 93284 81561 75288 60247 56250 74170 52168 34324 
83012 32303 25435 89497 53755 87145 808 92289 8384 174 24211 96877 68621 17214 82302 45744 42328 43847 67059 
