33 50 17
20318 92376 36561 97391 37664 33098 21968 37329 59319 44726 19287 15698 92578 32405 33809 65379 49208 60645 61853 2285 40521 65240 87068 28592 55176 95900 55902 51515 40332 1503 93932 60649 93879 30492 74392 47894 79941 96359 85223 55611 57436 20861 87660 50014 53265 21469 31744 18824 98465 9948 
21109 38985 75187 24528 83928 30363 20427 56182 98229 77110 57684 92160 37758 51562 39003 28501 15808 18944 24859 1030 90906 98647 21890 78566 65012 91507 16386 96755 26682 31202 6703 47790 86538 98241 88669 86818 28603 9095 42999 43184 86204 682 35343 40314 68596 90698 85166 84403 25993 26377 
1784 16898 25023 40025 11815 90034 31531 28200 86788 58213 75753 9842 22354 78643 8083 27375 65460 53037 36469 8458 96220 39025 25491 47915 95690 10438 38612 80855 11192 64604 7231 12975 97853 32253 69352 9668 38638 17234 54219 25426 91798 46324 35267 14152 24966 59701 57878 90425 12738 94346 
15234 25309 49722 57076 73223 61763 67514 28186 58970 95057 92789 82552 24384 90642 31157 93735 16661 69794 10968 87231 95219 2766 33554 46838 33269 58519 22890 91146 65295 35627 1843 80528 77288 67917 37604 50510 46031 21469 78696 5000 16525 87836 87552 57260 94829 18708 50994 11489 4853 78314 
98720 16424 81079 48625 63261 30699 7144 2502 38196 72438 38129 56390 69318 31768 24306 23273 82277 86689 44741 77324 91688 77617 65160 95591 34877 76340 30650 2222 87829 35503 80535 2900 51926 77965 51524 31538 8663 75019 34039 63210 63809 88519 19600 33126 20286 60257 56398 18915 46945 17490 
96238 54985 11458 77749 50575 46334 54089 81225 64908 58269 33079 45442 77520 1356 39759 45395 49245 64773 36766 83283 27983 574 88154 63934 33699 24791 24190 90096 60057 87487 23937 72647 42471 35394 50395 93045 98080 20835 90621 62987 95455 40051 8428 72974 41406 64538 34721 90650 29311 71486 
90285 57293 72059 94790 21226 22109 19580 61767 28556 95989 49253 52492 68635 91723 87885 19029 1120 85964 56216 91740 48950 51670 48143 73730 40996 89548 38267 75716 96550 83929 63553 86834 41221 35611 81623 78798 74071 17554 40565 2626 13542 89817 55117 98528 81540 59353 17557 99011 45317 90124 
7102 10618 41793 55244 699 82788 61144 55318 74855 57693 39246 38407 60878 96819 90369 58852 75616 64439 92757 16180 67064 22651 22349 38532 21178 20240 97885 55086 19250 59553 45209 26351 86522 87002 97947 87221 86141 59090 58890 60996 16782 14487 15754 77659 11305 6123 36510 3273 70561 29266 
35804 53977 68268 58152 92508 89446 78391 90392 44531 13992 49944 89740 40343 36466 93093 38289 40038 79233 13730 15279 56580 30511 46117 72334 24521 73774 78456 77382 77046 65368 22999 12849 19344 91267 87353 11852 80712 82095 2243 25242 96087 68539 31333 52781 21356 24425 7421 61393 20010 21150 
93023 76589 68012 39139 65274 92532 12912 43729 69913 6309 25449 9263 35510 44792 529 22862 56643 81240 4956 75238 22834 1042 43776 70518 70174 81483 94943 77594 59227 31304 98743 52249 7892 66754 7739 89518 75637 20651 49598 45549 43311 75046 71164 78820 19838 71692 1681 92832 69284 22989 
84421 8469 40382 44548 78986 10556 26030 90280 88149 85256 21583 3244 37504 45827 86349 45243 35344 61986 82245 84941 23886 25555 59987 95049 20727 96176 66741 22407 5359 52376 61747 89780 60844 2129 34327 39829 12684 60357 30109 17184 61964 51691 20427 99468 13869 6776 61062 49212 85113 59658 
50505 8998 1564 10491 4047 22290 23018 87139 61049 28376 39514 22795 18155 16709 24923 68834 56537 53958 29190 2997 71142 7505 71040 91568 6972 84908 14695 84385 34120 99807 60394 84624 25157 61958 11466 29203 84247 34483 32693 61647 79210 88558 84442 13717 5266 25716 82550 78154 79674 28091 
81151 67167 35595 52190 58734 58919 37097 89781 43303 87568 89587 3697 88543 14743 82006 8 60297 82604 50842 9341 44251 46404 14250 45044 60120 35867 70759 42669 14021 66784 87111 11523 33950 22705 63712 9036 81623 17160 98816 41278 21080 4754 61326 25974 19497 59683 25982 96145 42286 93175 
21838 86536 39578 36087 31579 16049 71954 2338 58717 2326 85473 45827 13848 19423 84884 93911 28458 82858 27422 27273 40487 64853 32026 1812 90827 67874 61494 33160 80371 3780 26334 2208 6667 82264 54646 38246 98312 42951 56935 73381 45276 42407 35559 75475 61829 36794 85737 6638 19652 13159 
50262 60138 94363 98640 78302 85189 66513 56147 18348 63235 76278 61034 81794 82945 59649 52792 37542 74312 95742 94476 47692 57370 53234 99603 32844 31415 36396 34933 38052 56047 48091 4666 32537 42453 3305 10838 43994 86169 83336 62341 49404 59614 23374 47549 58910 99374 340 96451 73686 96082 
7278 21377 69803 60511 37331 18998 8277 73727 53930 46329 46125 18372 67346 78661 77177 70650 5850 21170 56818 89186 99862 6221 65151 23236 53770 24060 22609 54109 20510 96294 66542 27787 34023 36344 4649 71353 55342 12926 61431 25623 75606 23908 43995 42951 18920 21171 13600 24770 58692 70417 
30307 58553 92990 11809 98140 63111 35868 37101 33571 72729 49746 113 16867 83768 52808 37867 71473 24501 50792 49255 50124 42749 73162 10470 2051 92082 47992 15650 33203 6683 2419 79861 65235 11760 91669 79727 74870 43888 16827 24792 16616 66572 24904 33482 66692 94064 87700 38164 34916 38492 
3770 1391 97592 76932 11860 99643 69013 76203 31644 18567 82885 50414 98427 64472 62173 90095 44198 53394 33982 77376 78186 66949 43947 19441 16782 10638 29856 4481 65153 64772 59324 68923 66162 56916 45854 94374 56558 31218 70576 4553 49784 69813 54967 48210 50636 33491 54656 11185 86885 88637 
88560 81422 55585 48858 17214 88718 59496 47070 93198 24648 28193 52522 9922 10706 9437 55775 21431 82346 3344 8359 86898 53127 78171 41864 17688 45158 75355 72343 72694 78591 77331 77605 76364 49267 26462 9929 37984 2309 56998 31182 43309 1542 83703 53230 12248 9491 25357 33678 91836 28700 
42036 95085 98179 36558 53301 15866 98067 45007 4561 87112 23597 81891 64716 16312 31158 91178 26240 85493 93486 99590 16674 36794 1131 16728 6376 29730 42570 31732 79760 50757 60431 38147 45842 58609 74705 99142 90827 89123 44148 95387 76235 84096 77277 40950 407 24786 48479 42998 10279 58317 
42587 43304 11462 60070 60032 17837 89799 18953 49568 69558 69710 26351 7705 15551 1311 98761 14692 92137 4235 75191 87523 80469 59286 81152 37771 76044 22289 2601 19041 32567 60917 61628 92223 88731 21697 68606 6567 27847 87558 72487 97405 57267 98837 21461 89169 16499 20221 3860 8636 24455 
95402 12510 21276 54687 10013 59046 30730 32302 61646 49771 81220 38915 27750 73442 27645 49446 42047 50563 93644 45957 39401 91048 3223 38237 12508 92392 71088 49080 12603 79723 89887 8005 8584 11162 79043 18597 86559 26125 50898 64556 75895 48469 19822 19996 21911 47466 85793 80309 14381 79436 
26265 53781 70484 45840 8370 99343 54583 79457 64775 83537 75531 54661 7893 84114 82174 86936 2710 68732 13060 69959 33287 5306 18428 53109 25301 56690 16926 27445 36998 47658 6880 79615 1439 93715 41806 26160 9410 12740 5616 74184 96276 81146 28844 4169 65259 27369 7456 84321 96100 20515 
54279 45738 42172 72706 15198 83824 29395 48476 11268 82745 96133 18147 78711 97571 28214 20516 23730 37623 33255 45697 11806 29530 43194 57001 50050 24805 84369 57505 9125 80468 94371 63403 42557 52894 52461 57755 36717 81855 6230 64336 80951 2362 82483 59661 16285 27048 80176 56366 64670 29782 
2063 76475 75664 61608 49827 25713 86412 34195 99570 95536 31014 10292 58939 73570 63186 27751 47676 16254 9605 53905 80590 90556 72619 79424 66568 5255 6471 46744 61620 71140 76525 80034 63966 52188 41642 13792 94253 28053 64338 93822 39941 95351 20465 15231 85272 83650 42981 32948 99904 68937 
3204 80493 59492 92174 59916 26060 97428 82738 89155 75400 53877 82031 71785 34194 50571 29778 47985 44823 74183 12322 54996 14123 24024 75460 29353 9295 59110 72333 58594 75365 41269 78150 72209 17113 70323 48476 59524 84103 31213 65030 75854 85089 47060 63990 35634 97630 93768 83618 58804 67950 
12291 13799 98424 36314 89259 44128 61960 64720 16460 36906 56436 74080 15055 28644 7544 85377 77119 83419 85831 8331 64800 61684 9771 11860 25674 45404 25841 35793 45373 997 20094 57663 14795 18517 10328 20405 62644 88639 1476 95455 25544 57911 85886 40598 86554 9782 42327 63672 9552 44509 
88354 74352 22545 14476 2563 48218 59879 28403 362 5251 29399 20455 79265 60546 55323 5944 80950 17966 10935 98778 29772 36478 56688 32009 93428 59594 41790 52106 39617 51342 96614 27971 25693 19158 42446 28255 83727 18677 73009 84088 40279 2408 20894 35896 79305 76216 41839 76606 94181 69125 
75383 40304 5603 48423 72313 15382 8016 14102 67487 63984 65443 80452 8306 7487 99610 67104 35741 99688 85780 25102 83776 42410 43861 4669 78305 23165 80885 36496 99770 91417 5620 91505 31721 27574 56279 20385 42955 64294 34486 26793 44629 16281 7245 52935 40119 23206 20038 92212 22893 22169 
17313 6668 64578 61173 27689 42883 689 24925 95730 16810 32693 1349 8314 80765 28923 80944 1149 88229 45237 51987 15022 6218 84619 38618 59152 24737 61823 79189 16948 84715 1357 50612 7735 65934 11784 51775 25168 12472 76699 20897 45634 25743 38598 70299 6508 67520 51243 7656 72100 12831 
75994 3473 19048 60612 42090 78199 85349 20264 73739 18648 21331 75095 69260 29065 57381 81043 97191 82548 9867 90241 19797 71852 15983 58394 42150 22490 42265 93392 46498 30716 6223 22491 34189 25270 83103 92630 3469 84803 12894 77207 3450 50576 68654 72709 79640 42386 70104 93182 24933 96322 
83422 61081 68173 99404 19474 10322 38246 78090 3714 84743 8806 26288 23585 59346 51557 23039 51975 71377 7841 81220 64936 27643 31795 49941 351 27786 92326 86806 20967 33610 83127 4388 94691 51299 20144 30516 77973 58389 24958 98038 59483 33763 24325 99419 93108 92233 22458 61434 79962 46650 
42654 61249 74292 90800 11189 90995 18586 3514 77800 55904 53475 77279 76644 48165 44929 96787 95033 22901 71527 19990 37290 47361 70104 61614 46779 79563 70199 69236 40996 50160 32238 1 11408 6529 7153 38948 97523 42090 42461 91675 97993 95935 68953 90988 60452 13881 87774 71836 36782 75652 
