23 67 13
86169 85938 44493 51476 59002 42852 28699 73989 72589 94045 12426 59376 36689 66881 61452 95049 48689 43701 25403 37424 61478 60180 47609 13800 91601 64562 40796 98001 70236 27514 66392 56405 13451 10885 24232 72452 70088 52931 62793 42676 63327 75218 18403 15 42098 96206 11416 7139 39906 36818 44562 1383 96998 92170 15183 88598 73084 72330 2950 59671 99843 69342 16075 13293 96578 56659 2097 
66665 25941 64889 25692 5619 40106 60446 21986 98556 56651 33401 5694 96556 70218 66607 97938 67215 75128 29472 72164 48211 1801 91466 7882 17995 77159 40308 47640 73736 13318 49736 56752 39258 30976 98795 61229 87433 59240 83214 2340 15890 16614 8033 12445 86831 90991 26734 70398 66119 56206 58913 30681 58006 66730 54914 76001 43888 95222 39992 17623 8539 89727 90726 64149 37054 89520 25377 
40838 48759 8590 43178 64648 41555 67562 93444 28385 58553 20178 15134 41023 76383 90399 71703 50740 57128 26617 43092 1016 38190 83083 34990 63080 89161 25716 27228 42566 31587 68956 83404 80346 93897 26581 61345 35451 10494 54789 80188 85398 91318 95321 26420 84052 2071 14475 34791 59199 57443 94235 60214 95632 93669 11555 75063 99182 37270 2291 41747 68857 87598 25150 65554 81495 68082 26898 
16945 94928 98038 13484 80325 89355 8805 6745 73406 27227 37571 24549 86425 95013 35135 62990 6996 28803 74545 82058 27984 28166 700 86083 13374 88298 27584 95279 86144 12018 38529 3088 6945 36566 32924 3621 42273 58080 10365 32030 85306 64287 56578 71731 59299 8064 51072 66294 36867 41968 64704 81202 86486 65403 83636 99859 53700 11220 11490 39843 23237 50018 59283 46533 2935 92206 50153 
45207 50285 76870 77237 51942 41156 50166 23672 16807 74582 91096 99452 27800 33063 64155 9001 19548 29558 8989 35759 99609 20208 63600 39452 59796 13617 15086 22680 16551 23643 72832 78110 90279 66053 71698 42220 23561 38215 82244 40367 12796 73339 56170 40595 6401 20325 65948 42301 66234 74936 94411 65842 11495 58010 21645 87642 87978 53082 10321 20880 76724 99504 98989 67002 81909 87038 25574 
5469 25253 7817 62187 54400 81155 18356 94995 3907 55032 77294 62559 21265 68581 56969 3459 96427 31330 25103 84068 19307 78185 10740 40187 71260 26595 55527 54614 8503 42565 80187 13971 67817 88003 92509 22216 85509 10865 33562 89415 82248 27207 68326 3513 95787 41646 23323 92213 72976 64777 92632 92282 59313 19723 48820 30573 46318 4347 85186 54820 46911 81724 85143 14727 86078 77651 53294 
71586 4867 3208 77352 87115 30414 45677 6979 42553 87323 46653 51117 76650 11429 60101 68931 70742 79823 17751 17666 26140 38449 2851 97312 85359 926 98806 16437 87003 92808 86082 58588 97675 89289 52291 1141 36055 97968 24471 78607 1642 71123 46075 78291 82551 6175 63573 53292 85998 97675 70957 28489 36123 90159 25800 37833 7436 40957 54269 94438 33765 40351 69377 31439 45991 21668 48931 
82045 35987 73401 77003 53980 44523 23078 32270 43425 29252 12194 13069 15249 26221 377 60090 62343 6888 2241 176 14323 43198 70796 8761 76962 27498 78137 24752 73489 16156 73682 71885 52142 63434 48888 22473 24308 71965 71094 67732 17568 83288 80800 49169 9508 81177 9258 88202 88064 11498 4729 18738 54695 75525 27498 48008 19374 21987 89111 92862 38142 62792 64747 6636 42577 29986 29108 
66884 18302 16554 50968 35869 99841 48119 85037 25700 29295 10646 13901 33710 22144 34982 52448 93190 10506 96297 57550 29879 34635 46660 39093 89129 25804 20191 95764 68380 50176 41223 51616 68477 74128 2583 20697 73968 50701 22086 16019 96348 32731 46272 46409 71226 81253 15208 64416 8110 27857 38317 54340 62491 84976 93432 51619 10779 29974 63734 79159 80149 21309 47126 64977 95436 49708 85674 
85756 16760 24111 1774 29459 56841 48045 75868 28067 29297 7427 8834 37406 35283 47150 91746 97774 32125 1529 49392 59256 31503 29478 54766 28003 50786 1891 92980 62573 67950 95005 48328 84709 19115 66454 14168 92307 14498 6387 20373 60147 13813 45558 13904 49096 9059 22001 63221 57536 39882 28964 16791 71384 58441 71556 15738 25578 89798 25069 88151 57747 36425 52830 58807 55539 35635 89326 
64198 66485 95712 922 26631 9525 46480 56886 74972 55538 95239 38192 13073 35120 67155 46215 22855 41948 34122 38592 67525 23919 80013 72027 81665 16437 41209 56824 88328 76843 46149 52525 43327 58213 53446 86309 84089 99925 59547 59060 71815 54785 13603 1239 6256 97109 47454 45462 39056 81575 84053 22933 5494 80417 11311 3510 96854 52519 76685 85181 45714 22834 37705 5392 81046 91150 91701 
65134 7427 67599 40545 95593 38735 54147 96831 44990 51255 60636 90451 6663 58563 90855 29595 64056 71272 57257 83917 68125 26128 76954 69657 71841 99787 7361 77232 97184 14862 85284 78669 22288 69234 19213 34232 7968 89711 31063 52957 57317 91698 59759 63979 50260 50614 9925 30667 38237 83534 30936 22713 9661 7889 92369 81501 24027 16081 75084 21210 30942 76720 16230 69582 45953 35442 3813 
53921 41504 51227 23229 98820 42925 82988 79151 9536 49953 5427 56555 4541 88960 3842 27253 14972 28082 19621 96472 52108 52053 87908 89669 82994 80979 5898 52575 26931 57691 72740 97203 15546 23966 36784 30717 83242 36123 26219 9130 2427 47998 82036 6967 36957 85877 34219 68281 30310 70191 64752 82417 22243 69011 88437 21588 49989 10686 90515 93272 84728 63254 90474 273 87219 43609 30989 
86813 79731 73560 95942 82157 21557 77977 89123 74865 80205 39693 43145 10514 9883 24249 9282 48477 93259 97718 70065 59600 24755 60579 52871 9482 23832 59696 26106 27402 3305 73446 30566 99387 47005 26507 81544 68561 20835 87018 43426 1039 26711 2922 11552 52945 27170 20833 17774 36781 34902 87838 96380 59656 64768 49250 85489 4951 25297 11594 48704 28601 1392 79270 27988 48396 5776 25883 
33309 26611 29252 93086 44001 55962 96007 55553 25259 23177 92737 43032 59957 27639 47221 72688 3646 11988 38289 89135 33290 63585 17080 81993 92186 18471 61262 36525 66867 83390 78759 16527 26352 8010 9612 70352 80324 5618 25904 5582 45146 18641 64965 21454 62631 12185 94141 66276 40524 32429 55410 73813 96014 72490 72157 4551 7312 33419 57427 74178 16808 36185 90704 43159 44194 16667 29862 
24517 22285 55766 46450 83782 90758 11414 5236 53388 39950 15728 36015 80473 48157 91425 70637 60522 80266 42794 65072 87577 76212 22498 78107 9371 75034 85162 68881 19227 1829 98742 60096 40465 70859 6545 24246 61616 34311 29481 31355 74260 45209 67370 54733 9717 75146 25369 70238 55411 84514 51661 59339 60725 90510 37445 86447 65543 22607 71679 1121 40787 70421 61216 81251 41279 84113 5496 
19247 18423 51329 50601 92682 12889 34322 63766 38957 9467 5487 25546 64877 90000 77206 40568 67077 67715 78012 53523 49609 16970 41554 50729 74108 11974 28297 55358 69604 12409 77206 5202 47183 44886 72155 39864 74126 6476 19982 13082 15943 25468 38627 97171 31819 32184 37738 98895 16250 32102 68770 65858 49071 10323 32938 23179 38648 61234 94888 8251 89994 88445 29805 37176 33330 1959 93392 
23807 8434 13373 36888 24376 55192 91866 21547 87010 24049 75636 2257 56650 7737 71026 22507 56808 97700 71797 96338 36347 49382 7577 60949 39376 96022 90753 92903 45703 92711 2646 69510 1145 32370 22749 41872 87561 14615 79770 90923 55015 55406 93179 11665 63142 80556 50523 36301 78255 22319 32638 14601 71701 56567 91901 27428 68940 82654 20330 14642 91716 22976 84151 92860 55345 6900 51084 
59258 37866 30853 66532 92880 86258 59710 4544 49400 56617 55067 85700 34871 93737 34690 65823 65437 7608 57723 92864 76547 56728 29546 91188 48444 68873 91691 57655 24217 14942 8738 99826 52807 39591 66357 62038 42200 42418 66582 91599 99034 38000 93651 33904 31736 44692 16078 13525 52299 90153 6388 28845 46880 52285 36384 95323 21157 28074 52978 61726 43015 78067 61551 12173 17657 44260 74211 
59857 86677 57144 67807 85711 11495 77809 35966 43230 22500 68396 73106 74798 58548 95846 19994 5427 48130 56378 17102 69287 84451 86431 31012 43818 64497 8914 55990 98506 53173 46552 74714 39850 20047 58872 41912 31541 36681 77877 91123 59180 46272 64228 50330 4819 60073 70323 26598 8203 26700 60051 93841 11151 46481 24852 71320 27329 33765 43661 42186 86938 90213 16899 43139 26611 92123 85050 
58152 28803 79278 65626 4334 25550 29853 54663 46720 6278 24986 89669 30832 51685 49719 24672 79187 12551 49523 50506 39880 99639 94167 82065 2928 731 15316 62418 27341 7438 47467 85492 52592 26745 51117 56925 68646 97322 11588 15365 3599 36573 21386 34430 4609 71104 59101 83796 83655 24975 34301 39886 40965 44819 21950 60245 45549 53617 22662 72890 77406 70129 58381 29997 13225 25850 3274 
81870 23171 14861 13586 43121 67785 34971 77550 88745 22427 53002 72540 22433 94328 23193 62318 51644 84363 619 11888 29912 54236 34550 2801 47993 21030 77533 94342 34254 19734 97615 32475 42904 28827 62412 2376 12963 13735 96277 1707 36161 65630 90599 58593 59957 30143 20910 27953 14505 21528 39840 60768 92115 90741 63568 56460 11770 57453 50801 62375 77186 64767 11201 36442 93593 73613 38817 
22907 3699 51446 40965 39859 17075 47915 14803 93384 78057 52064 21336 8914 89943 61175 86033 82058 51916 49601 54869 80037 23405 5669 58764 16942 70435 69964 53383 80379 59928 8552 19637 63626 59997 60601 19836 77071 8516 50990 70454 2924 3053 91789 28189 92996 69316 14222 91405 21231 80174 46273 17619 3578 68293 76382 20519 55079 62698 90254 35457 38977 98805 71445 18955 58801 32045 38790 
