56 18 16
69596 56886 34044 67065 13460 93311 10423 46154 44735 5042 24155 33626 62363 45407 4017 83138 88517 48522 
74228 78442 78638 67192 47392 99184 16253 20591 26561 47942 92446 54030 22256 62042 10915 56299 45458 40726 
65961 72233 86879 10695 77274 27385 44320 39636 72791 48336 39125 77660 13209 13352 56101 91846 96895 19845 
91029 13147 40435 33941 77440 49233 87970 99695 27626 98884 55993 73083 55961 38305 61667 42839 48999 38940 
86576 9670 94927 59366 74358 34051 37025 87566 63754 9478 79412 60648 29322 86792 90146 86108 20733 67586 
51692 8702 67280 79317 23938 39625 52400 79898 94281 30418 39089 59632 69358 25664 69301 80636 1381 43658 
31039 54758 31224 94792 64235 26987 71792 9908 13778 61937 96015 34510 29522 47707 43212 13154 27023 67149 
69130 95774 63398 63410 26192 2486 23041 11901 44501 8694 92536 45882 52351 23574 639 99926 34718 64873 
26912 6509 91132 40690 68445 87146 75199 14319 51204 18410 43824 94579 1910 12953 90352 65308 92714 32895 
84145 32107 44795 28646 40800 53683 74527 93150 77256 91517 93076 28325 72741 19987 34833 63872 60676 19630 
51017 52227 50300 18573 70636 94123 13151 88898 23427 3502 54205 32492 52749 38349 64598 97543 83346 5397 
51225 57872 14899 44833 65740 24326 73157 38480 60664 24342 2351 37692 60323 69720 89918 10622 88292 76905 
21096 1442 82154 44522 4943 36358 93365 57691 91059 57963 71586 90756 79711 39162 48628 10961 346 30719 
51638 89855 69199 12302 14196 71549 49993 74518 41268 56262 1491 29559 49518 22586 31000 31672 83459 52295 
84381 76823 26337 91791 51137 14274 82547 47200 69788 47526 58160 70133 78244 9798 76339 47442 38451 90534 
35343 4795 81403 76610 61056 99245 22521 26925 21830 69872 58596 5288 22166 42977 98463 64855 34767 49599 
95480 33665 96798 65267 81190 71310 35400 59434 81107 11738 23227 35909 18624 58569 40703 16378 35179 18110 
31975 74051 45034 53804 43922 3630 75444 82440 62958 73906 47294 97724 39856 42773 31389 36654 24392 28930 
7963 76143 4715 5421 87880 27942 57681 22855 86510 98383 55585 38040 16492 87559 12090 61525 57714 56012 
81506 49509 54803 44463 23414 2096 58539 63270 61220 6279 16275 1963 35208 40589 78105 56275 62361 82337 
84216 20041 5191 87077 18423 77127 25117 51266 81037 53558 29142 55103 25921 10648 4611 80723 71462 28025 
99170 30000 7646 76742 52630 40272 78704 4190 80860 56809 60464 43220 39145 44679 79612 60687 31755 98034 
54166 73223 49299 35202 43133 94792 90304 69053 5439 11267 66128 93253 39291 81649 39604 63288 58390 92234 
3559 53446 96423 770 10254 56886 43989 65750 17916 39952 42788 66022 37985 96953 39245 3635 48507 98729 
98426 55162 67781 20217 66428 50260 29821 22070 31909 69424 85357 6650 61657 5267 60095 74431 6036 86700 
31316 66376 52449 65583 6327 95237 31605 60663 8541 87201 80649 73399 85929 79075 28561 70061 15643 11340 
20321 61815 33410 68581 31238 35118 75230 92895 40385 51677 83677 62772 38376 31345 45500 7177 96927 51826 
18765 28531 28841 27305 15731 9489 17056 1659 4915 45616 71720 20557 73307 8392 98723 6716 76972 29961 
58186 68553 39207 98570 36581 22883 77693 91309 54227 23192 98485 51154 91370 17249 79684 20210 60905 11767 
29698 94312 13425 34613 39927 1496 71521 13234 9887 70244 36301 3210 204 94486 71763 55762 9407 24695 
78644 87100 16003 32871 26643 14487 376 18012 48087 96411 38221 25344 8177 84271 19655 37954 18883 75934 
39449 6755 5519 65688 76998 41819 68897 93553 52657 57011 49314 62063 81706 44310 65514 14060 77180 92157 
28547 93907 26520 92985 90317 64741 34680 14846 49011 54335 52799 84245 30268 8599 90999 52138 90638 84349 
93956 59535 94253 62964 32897 43567 25027 30954 87876 6892 45014 81407 99048 89912 75313 25568 82896 81981 
6660 17576 96826 72022 88262 65976 72618 34881 90927 79968 87018 81564 64316 97325 57450 58569 60289 90347 
18487 1667 37652 22714 8558 82665 4120 7606 88928 95784 49525 88176 77764 72536 22103 90942 60909 10364 
56917 33526 61596 47843 13493 48613 45759 94161 62289 3208 69081 22577 93554 87567 40595 31206 26632 49153 
30222 30751 73110 19150 42886 22634 7325 37001 11521 29427 27942 72429 56142 1211 5954 17737 65405 35798 
82701 11163 29958 44989 30723 99038 83918 24276 2956 40864 71833 29587 90016 18407 76689 63125 53908 19574 
2110 77584 72927 29982 23362 868 2410 79503 18430 24715 13591 187 60513 12643 27701 90470 73983 58423 
5860 74252 99051 25167 15116 87235 54754 5131 5641 31442 84608 75900 67368 3069 53483 40294 33051 76844 
57513 35460 72698 92295 60175 2640 92481 37039 15282 36533 27508 89265 94956 49719 79868 94006 74886 94983 
81240 29639 16466 3233 77432 1073 79132 61151 20493 32615 1444 53543 25810 75309 5355 14860 67603 81881 
17499 76435 18919 49133 12967 62778 54749 7922 12497 34616 18279 87382 45951 15871 33372 62416 19103 27155 
79840 14586 88306 332 63552 6101 70227 5714 81409 75581 20573 49011 73813 54423 41797 92731 19907 54764 
55508 74655 79037 68004 25623 97316 71737 71573 29538 5108 50340 64992 48615 30179 79577 36920 46862 59481 
43020 17088 65194 24429 9020 85766 89791 99184 56540 31588 91914 76447 2703 63774 67453 81739 31777 9427 
95406 19866 97351 24943 41325 47690 89934 89939 94220 85863 26858 57434 45343 86230 90873 10536 27010 16245 
12653 16800 15428 69192 64739 7342 61990 83793 71115 45795 65532 19243 55221 60937 55460 68924 2232 96785 
16613 8517 3075 27185 94379 29933 84618 56073 32514 91842 66608 59523 8086 95612 92674 23514 81156 73765 
47207 43145 57557 34673 88939 23088 53915 60512 377 25727 29435 18960 22511 62399 27476 25585 5935 38207 
71869 6904 94279 4382 98746 77239 80256 23183 72850 72930 46696 54005 46694 10254 13502 4250 44926 18792 
43690 15193 95655 44066 40919 41441 79377 79781 3840 6852 21717 26126 61410 9938 33030 55689 30671 48127 
49279 10927 71309 38480 83856 34357 8837 46901 44610 38690 51150 5888 57481 11191 21080 53136 71608 78350 
94576 50984 58130 14767 74188 96198 40893 35597 6135 90274 7637 36806 54752 73267 64084 42412 11747 64291 
76768 36935 11191 37730 75624 78692 59969 33104 89883 81048 2591 61490 75749 97167 12474 50230 28285 3013 
