50 49 22
49 78 36 25 96 10 67 78 58 98 8 53 1 4 7 29 6 59 93 74 3 67 47 12 85 84 40 81 85 89 70 33 66 6 9 13 67 75 42 24 73 49 28 25 5 86 53 10 44 
45 35 47 11 81 10 47 16 49 79 52 89 100 36 6 57 96 18 23 71 11 99 95 12 78 19 16 64 23 77 7 19 11 5 81 43 14 27 11 63 57 62 3 56 50 9 13 45 78 
87 67 89 85 61 100 63 31 67 78 5 43 84 23 53 89 55 47 54 33 57 68 89 71 71 45 20 79 9 16 56 95 83 44 32 95 95 46 78 61 23 82 55 6 57 59 46 11 6 
52 44 14 19 84 84 89 28 55 19 88 71 75 83 53 70 66 47 17 11 24 77 33 58 84 90 14 42 88 76 47 39 71 61 57 55 96 98 82 3 16 22 73 42 56 77 64 21 75 
80 83 99 8 15 8 91 56 21 33 43 48 31 33 19 43 90 73 39 39 6 41 6 27 65 48 82 41 11 54 15 90 36 65 97 2 24 40 58 96 72 52 44 2 85 62 45 26 34 
35 64 91 27 69 18 91 68 51 83 78 5 49 19 40 66 68 42 89 7 51 85 30 2 28 83 86 89 79 63 74 13 78 16 39 47 33 81 66 36 63 44 40 12 14 31 77 33 24 
65 91 74 1 20 28 28 55 13 68 33 28 93 46 5 9 36 3 93 17 69 28 79 64 19 42 77 2 70 62 25 87 52 51 87 24 78 15 78 42 34 10 69 27 55 74 35 43 28 
79 59 96 59 89 59 29 31 88 30 100 49 7 38 52 9 25 75 86 91 4 27 24 14 48 50 20 73 36 62 100 67 72 96 25 61 6 53 91 45 35 42 93 93 80 97 1 56 23 
86 46 27 64 69 40 63 71 11 35 58 25 87 24 96 34 48 56 91 53 98 36 39 40 80 31 71 76 31 26 99 68 23 25 83 91 16 46 13 78 32 71 2 18 94 98 3 94 5 
94 98 3 29 36 94 60 66 64 36 48 41 86 15 63 62 97 5 29 94 18 6 78 88 60 47 33 9 50 26 13 95 75 67 23 10 60 34 75 75 69 22 15 6 88 29 67 37 34 
95 30 51 53 59 90 12 6 74 20 55 100 84 49 26 51 23 36 62 56 10 37 77 84 3 82 23 32 1 59 65 95 41 67 47 99 8 10 4 81 81 10 32 65 58 58 67 32 93 
28 40 54 16 16 89 19 49 12 50 49 22 66 44 62 84 42 13 91 52 16 23 84 78 55 48 35 64 66 19 56 94 58 61 9 25 50 79 73 13 28 22 34 45 17 96 28 10 60 
70 13 75 93 97 4 99 96 39 62 62 9 69 7 66 29 67 42 30 46 14 42 25 87 76 70 55 23 49 17 82 71 29 8 63 77 12 13 73 2 26 86 10 94 92 27 74 58 20 
4 55 33 97 80 72 72 49 78 46 49 94 79 19 75 87 33 51 50 45 75 3 70 60 64 15 3 42 89 13 61 44 67 45 40 46 16 64 46 46 9 47 91 40 65 65 26 98 68 
27 94 42 81 16 54 44 30 56 85 18 68 45 61 87 89 53 84 57 16 30 2 24 28 44 63 92 9 40 41 76 18 35 69 98 50 22 41 79 78 77 49 97 21 61 35 62 13 19 
70 28 100 23 4 27 66 18 70 74 10 11 1 27 97 70 77 46 91 69 76 20 46 24 69 18 85 3 31 97 73 100 77 24 22 80 50 88 97 72 61 6 82 62 85 78 83 61 75 
73 81 50 93 78 26 13 96 62 15 26 10 40 26 86 63 99 17 65 86 14 36 99 71 17 12 7 46 94 19 20 66 100 21 10 77 46 22 24 7 89 2 17 80 79 54 42 77 71 
6 63 36 41 13 6 9 24 13 54 69 31 25 86 82 46 96 59 91 69 34 50 9 35 18 88 13 23 30 90 93 87 4 28 80 68 86 88 91 50 94 11 32 18 96 14 15 43 24 
58 64 57 59 72 44 76 12 56 98 93 97 43 79 100 70 58 67 7 98 9 8 43 71 40 12 67 5 27 9 28 36 24 36 94 96 79 69 7 87 18 51 83 60 29 35 82 39 53 
40 88 62 48 30 84 87 93 50 91 71 11 70 6 34 57 99 81 36 19 39 22 37 89 56 48 70 90 81 60 43 21 47 56 20 28 39 6 72 89 48 43 51 69 48 36 25 47 17 
12 17 55 33 5 96 41 53 65 30 85 24 72 5 22 79 24 1 18 81 72 58 80 14 8 48 62 95 73 60 11 84 28 18 69 33 13 9 85 77 38 69 52 62 26 73 40 1 73 
9 82 96 66 61 10 25 61 23 20 33 34 82 68 61 99 36 93 11 44 29 39 34 50 90 47 75 62 86 75 86 47 8 82 12 21 43 89 81 65 8 65 50 89 32 10 40 20 55 
50 15 83 89 100 32 78 46 58 92 84 85 29 30 44 10 41 64 4 81 96 68 40 12 69 81 96 31 20 15 85 69 81 19 9 81 51 39 26 60 30 61 44 10 90 88 20 83 3 
23 63 51 43 3 14 63 35 9 93 54 75 77 74 8 48 83 88 50 73 65 9 54 26 5 63 67 44 34 49 46 9 64 48 51 18 14 13 52 74 58 57 49 86 30 8 33 64 47 
82 36 11 91 89 88 95 4 55 38 37 55 35 45 70 35 47 39 48 12 90 21 69 46 21 54 28 28 87 91 74 20 27 37 10 67 76 56 70 82 45 7 37 32 3 58 18 50 97 
65 61 38 37 29 36 10 34 63 89 72 53 15 92 31 51 53 50 26 61 19 8 5 77 96 88 32 5 5 81 1 21 41 91 10 21 26 19 54 88 7 26 92 21 69 23 23 21 72 
49 81 42 8 38 71 55 77 54 59 82 34 12 54 26 2 63 46 27 33 51 66 40 28 57 12 96 31 35 69 54 35 49 96 42 38 18 48 15 71 6 48 56 69 1 81 70 16 78 
48 48 80 13 39 60 22 51 7 52 85 75 6 19 76 53 12 13 22 59 27 92 16 74 99 85 27 79 54 94 8 54 41 39 66 32 98 39 82 5 91 66 79 96 84 6 100 47 19 
21 5 97 64 20 23 62 4 1 92 10 94 51 63 86 89 80 17 87 19 98 91 61 15 21 8 98 27 7 96 97 27 100 93 90 20 67 3 75 67 94 36 60 96 98 46 84 30 62 
70 100 12 12 60 26 85 67 76 11 73 71 59 51 71 3 92 42 70 94 68 36 39 4 96 34 53 93 17 82 6 39 81 17 2 92 95 86 58 70 48 82 92 6 32 14 9 75 55 
78 68 75 65 58 78 60 91 30 4 60 64 10 50 44 78 51 36 72 37 45 93 84 79 85 42 10 98 50 85 5 79 4 79 43 62 56 55 4 37 58 15 100 19 16 96 97 67 83 
20 55 79 13 90 57 97 31 19 94 32 55 98 62 10 28 57 71 35 11 27 72 20 93 23 39 9 70 87 75 4 6 81 83 18 70 91 14 1 9 60 84 63 9 46 73 37 2 95 
71 64 73 94 83 66 17 73 26 38 59 100 42 65 80 76 82 1 66 48 53 75 59 37 89 67 34 13 55 87 60 78 2 84 71 84 1 39 57 26 77 15 25 70 31 56 45 13 9 
10 12 61 36 22 49 77 40 34 41 95 20 52 72 21 36 42 57 36 33 65 62 9 31 38 78 62 46 74 26 54 83 89 14 71 10 15 99 49 48 39 95 20 91 18 92 78 12 48 
13 44 64 26 4 95 64 81 8 9 54 85 14 88 73 79 10 34 93 8 34 41 47 29 60 89 46 3 66 57 51 78 52 66 4 55 12 19 87 19 79 92 3 92 80 27 70 89 60 
15 49 94 55 95 74 66 83 71 68 100 80 70 29 31 88 84 38 99 2 24 70 80 16 24 23 47 51 93 87 62 7 35 7 13 29 32 30 63 3 49 14 82 71 43 64 58 26 1 
56 28 25 25 59 92 1 82 38 51 26 24 64 32 59 23 96 39 54 25 54 8 25 67 41 95 9 5 52 35 57 60 14 33 84 72 24 36 53 61 38 30 37 2 61 95 76 8 33 
29 84 86 37 9 5 29 3 13 33 55 47 42 14 12 74 49 84 50 85 88 62 74 18 98 75 30 92 50 38 77 31 21 14 19 29 18 47 84 83 32 90 81 73 3 93 98 3 76 
47 39 15 61 13 32 58 39 14 2 41 51 30 71 23 95 41 4 65 87 87 47 70 76 27 42 30 71 92 84 98 90 75 13 50 87 96 60 77 9 61 17 11 90 39 86 36 79 89 
100 18 27 46 87 54 25 81 35 95 72 18 45 13 44 57 63 30 52 22 59 13 34 75 75 75 66 60 10 96 100 10 13 78 7 52 31 83 32 17 30 55 87 74 67 30 30 81 12 
33 2 70 97 35 96 72 61 61 83 71 57 83 80 21 60 38 72 43 21 55 11 2 61 97 75 80 27 56 60 90 88 14 59 37 100 54 8 61 67 42 31 23 24 62 95 36 51 19 
30 71 73 40 24 86 89 98 65 15 53 76 56 93 89 14 81 89 19 88 1 85 81 31 59 5 44 54 92 94 72 21 17 96 12 40 81 100 38 97 66 42 73 21 86 13 86 66 1 
5 5 1 89 86 83 48 42 26 53 33 72 24 5 88 71 16 27 52 16 16 100 33 10 24 54 95 37 39 13 89 95 17 42 84 54 24 83 95 2 35 27 73 58 31 12 28 99 90 
31 66 6 83 98 67 6 3 13 42 94 25 83 88 94 24 71 47 99 5 42 100 39 20 24 48 3 35 28 1 77 58 18 82 92 15 100 98 70 12 91 63 37 73 50 30 96 73 28 
95 77 69 46 16 89 22 15 91 8 42 43 84 52 60 17 43 26 16 40 95 28 83 57 16 7 7 97 3 31 24 49 7 45 46 74 33 67 89 75 75 30 17 58 81 76 75 76 53 
42 67 48 69 49 4 36 56 62 84 10 92 60 58 51 4 55 24 88 22 64 62 96 94 30 5 26 57 79 1 9 73 68 56 93 68 12 29 23 73 64 84 17 23 93 67 26 48 42 
13 69 6 26 16 51 55 20 28 11 51 81 20 23 48 27 15 15 38 95 90 63 59 73 79 81 66 97 59 13 90 23 33 47 49 48 49 55 19 77 18 21 57 37 95 56 15 10 22 
53 56 11 15 66 36 45 47 1 93 57 65 82 79 49 29 79 48 77 34 66 5 3 87 13 91 33 68 5 42 90 9 50 52 23 15 87 19 13 39 11 69 55 93 100 3 73 30 50 
1 15 68 58 17 54 70 7 38 38 12 80 79 20 81 30 95 95 69 65 60 59 76 80 14 20 79 16 44 61 18 96 75 85 53 44 90 23 50 27 12 13 58 90 85 38 71 79 85 
39 95 44 98 22 23 63 93 54 78 36 14 95 32 40 79 36 83 20 58 85 47 69 97 4 58 81 42 81 11 78 19 6 21 68 79 95 30 72 48 60 59 13 6 42 5 37 78 39 
