59 13 9
12743 84371 48404 41705 14170 46406 12344 63672 48715 72158 26058 64068 37712 
60713 29109 74553 45466 98729 11404 86848 36228 85196 54818 29996 27824 39180 
36462 89008 81591 76227 10431 94333 76949 75186 36037 91119 37943 64732 54790 
3010 53241 97199 83429 90952 57911 12537 81856 3377 27618 93260 90224 63845 
78455 45041 10193 22630 573 63006 11638 82163 39232 38420 76495 16181 29957 
28883 23651 84252 9966 78440 87261 63207 75639 70689 70510 33549 99577 52366 
53277 43546 45625 43500 7391 40431 4893 17583 79412 5465 80588 91049 87627 
36172 45820 80473 68704 75777 9355 92354 76380 35672 87145 63640 98878 79135 
50680 85740 29036 66608 54457 82312 10154 81 42164 33896 56863 47056 51478 
36274 68872 48417 43675 56498 940 89494 53322 85995 81622 62676 78348 58001 
98347 81845 37992 13577 60979 5023 15668 90014 71631 70124 72326 98136 86556 
30841 32031 43418 77896 99860 96043 46767 64628 56069 19616 65568 61915 72937 
51562 43536 51964 46262 17889 66662 28106 55880 80238 5436 60903 95905 95450 
48885 82380 84127 47020 68935 14967 79050 12352 9214 95261 24747 55980 59888 
97167 91947 41807 59081 81235 9721 2617 33198 55982 36857 99859 439 92736 
96449 22226 69990 8705 17675 18874 91085 18153 82245 60019 33119 77646 88723 
58684 72906 13469 31015 49146 10635 22961 90952 86068 4195 672 5036 53744 
73005 41892 53603 89795 50979 50051 12021 20969 58755 46047 56194 49839 64200 
54791 9858 13670 32436 98580 72354 21694 28400 3368 70839 55386 42681 61790 
41453 63227 78814 46488 16971 51818 4731 70573 41613 55710 36975 69985 93030 
12081 16031 65575 61920 80230 20365 88129 10252 69153 3060 98957 7198 47811 
18676 78036 3196 61356 56177 61001 24583 34990 23840 41553 3160 44923 28477 
61124 632 65451 31108 10013 77531 47138 75587 55802 43720 12304 60282 53971 
81456 63341 69279 5005 27503 87954 99392 47051 49310 55568 8051 90244 6910 
48242 48148 26421 93164 76624 87544 10147 58426 18651 20159 52308 65788 95746 
24462 25859 24401 84743 96181 22208 64436 65459 27212 91938 53413 26603 38988 
19074 98522 63390 9317 5431 27984 57464 48203 21147 50439 35746 31294 8864 
54396 51452 77523 36536 63549 1984 62394 87949 86727 74927 10156 67514 40385 
37367 75803 10149 80321 31143 29222 78843 94532 54890 625 22515 28705 48828 
60014 79143 84573 91307 88006 55321 59110 81881 91856 39011 83864 70601 26959 
86942 45527 53467 54455 2264 7185 30258 12412 87506 61400 57986 66348 72283 
12875 83324 94798 41580 32151 71163 20722 16724 62469 25080 88396 37930 6960 
80251 76940 7175 67203 20251 94117 12730 73717 48571 31345 80901 95180 43756 
84758 56579 1741 67457 28862 30968 50781 40011 72547 99283 11173 9620 16006 
89993 51051 4401 27922 58010 1003 21214 81537 68206 41464 75653 97287 15180 
24223 28631 12432 19403 88738 13542 92333 6831 80998 37546 37798 31778 93908 
10344 31061 21432 36315 63418 11424 87366 84171 55698 61727 1525 76911 43263 
86082 18374 18915 99720 49905 59490 44702 78688 78892 33440 92229 87576 40270 
73227 25122 78067 21356 19029 4762 68768 40461 41076 48538 68236 44793 49060 
40285 6520 50584 17195 49782 53018 51920 68697 52737 18176 28186 97439 96864 
23429 30878 89092 11004 87499 78670 52477 81917 26 87858 3030 85145 44670 
60457 33682 12905 5250 99093 53190 11769 66029 86736 77902 19046 38656 62950 
71782 56831 7487 69220 70046 47267 16449 59138 74623 20299 37807 27099 2215 
54184 14956 21596 55681 59625 82053 5714 88882 87302 4807 42071 15422 70835 
45158 93323 89880 83813 72625 61661 56996 80111 47233 43393 27378 80033 2530 
2000 332 56689 45450 18898 27224 76758 40494 82904 52734 22546 88618 41615 
26199 93424 37 41620 80610 45195 51294 70489 45359 40270 48501 18706 20381 
12085 62099 64110 92118 64628 82461 8801 37668 44262 27698 81244 21019 68191 
64147 73753 7088 69116 15367 33286 78891 31756 91257 59500 76950 58903 46340 
22308 99172 11193 41014 35904 23277 3112 16365 31746 84091 98825 40546 38111 
59439 68244 19354 80457 52786 99852 70561 59874 68968 2280 9511 47858 34035 
768 23710 10984 76022 86401 49643 75193 97593 7008 27449 20870 26471 43813 
68967 10562 58990 9513 65024 18428 94108 84377 15236 46893 84228 85797 23118 
69547 88076 32629 33757 22110 49748 57466 49445 25769 43866 99087 17313 57811 
22447 44761 78680 48917 4926 47646 75830 80267 73510 40853 15046 67617 25229 
30281 14510 25809 16077 37627 95355 4152 86607 45463 42613 36354 19280 92057 
62122 79498 7496 95787 37308 29942 56899 32339 95210 61824 79984 71040 58442 
69846 11892 73487 37462 53473 3768 68323 95633 36196 22302 90987 56700 8908 
52802 99312 61614 72081 7721 40087 51578 31568 35873 88885 77861 92772 21223 
