44 5 3
60112 10345 69524 77443 94981 
62805 37483 2478 23450 1050 
9926 73357 88462 8906 12804 
52845 75126 60042 62843 98810 
17317 21348 17076 22459 86108 
13718 5456 52737 97013 26860 
58232 73476 53557 27755 67270 
48537 90560 4752 51015 30361 
5802 77292 3718 10615 86197 
32873 63459 77674 9266 26301 
76483 26583 64000 93558 49041 
50108 23627 70849 19196 20639 
14060 93779 10466 67616 21534 
77736 32505 28445 82487 99871 
75157 4640 77162 78874 15254 
79711 11746 95064 57384 21012 
21365 33867 63946 1716 43776 
12986 51823 83755 186 87371 
4393 14246 81149 14859 98213 
19034 92594 47069 47478 91432 
46939 22635 96072 40453 17860 
27677 20163 45958 22741 93898 
83321 60457 44116 47266 62172 
87892 76603 30347 71646 76789 
34069 92390 7386 31569 23600 
21950 50603 32545 69019 14432 
23977 32309 53418 36400 72761 
87630 80428 9275 33587 19520 
3173 33259 79976 47288 96876 
58500 51531 73478 5198 23176 
66618 39266 31918 90355 87186 
55517 12305 54140 88062 81323 
68572 28390 29983 38341 81141 
2744 25970 61568 28370 75908 
97440 31542 9166 77415 78830 
6041 52266 46712 95871 57463 
69888 62488 13080 1805 52843 
16618 73673 81499 70757 78086 
62821 55680 22827 9155 94021 
3967 28250 36342 81887 56620 
12250 79326 88161 37767 73092 
83342 60160 41710 30054 56030 
15524 16293 34869 44956 34449 
87711 61573 8121 69209 32329 
