52 25 4
77569 8477 75246 46241 62379 78706 44683 5699 42517 17660 68200 83038 6894 57841 65955 90515 15780 82429 65100 2860 37539 65454 93398 8044 43220 
60224 83948 62089 7475 80673 67619 1396 5501 42865 63988 84231 37922 25022 6282 80438 42681 74481 63476 49574 32322 45782 40089 64453 28210 21540 
67313 82100 86993 77062 6495 30212 37285 90442 8653 61111 87466 76271 78858 9319 19135 42845 93549 57056 67867 99830 53846 26899 90663 17321 76473 
22984 79454 32913 3788 24015 54452 87452 6114 57796 64513 28960 88007 18149 19401 96659 95612 6867 72930 74469 32537 8416 33666 42437 81824 17884 
42267 35669 44782 49281 69341 21254 72264 65146 70518 92403 89160 41321 79855 11625 99116 60719 40584 87123 78868 59984 133 74479 83202 89414 48947 
15738 97830 98964 58175 96005 16847 16793 48025 61629 82425 33717 82882 54688 98862 69752 63442 4373 11072 43296 15997 10188 20367 56580 13662 99234 
32915 13794 73712 32469 3208 39010 64558 17389 37974 39084 29745 54820 72228 77769 16448 54652 27837 15682 25691 26698 1785 89133 31070 12856 48780 
63418 39395 69146 19997 53056 68379 69263 83202 58442 1731 2761 13804 66289 36501 68129 5372 66245 22948 77600 60365 55748 48603 88201 87781 74294 
31250 5917 63426 78671 18772 28557 42088 74519 97703 62084 43926 82433 47698 27127 40875 49429 46239 71030 32069 82739 39158 37440 65335 78457 31391 
25699 50556 96346 30251 38336 70639 61500 44252 50416 40170 79376 78972 82257 53894 76674 60692 14171 59107 8390 41298 16333 74170 87536 3714 6238 
86627 42871 60029 51961 21327 91420 77660 71883 87765 7910 26570 74755 85762 87174 25170 25931 82901 4141 24540 53146 80815 85231 67316 56273 9972 
24965 88957 84141 12501 92670 90378 15479 51892 50407 67439 89570 58178 61450 61452 62294 85712 4374 37048 71473 7899 62217 97403 90799 66357 38294 
60296 63523 23525 27611 36147 49848 52576 25103 33989 81428 34124 40718 13258 86015 91124 80696 75585 49301 42146 53388 27946 44209 74113 64993 15681 
82011 43561 29435 89161 9918 67729 65808 89792 7605 93419 25939 57452 62346 67393 91440 60125 1517 32158 73382 3883 39633 70429 79467 5286 12574 
49207 33231 73134 39671 14576 88814 21682 58136 18249 27194 84405 85977 93002 74197 93581 2772 135 67384 81469 67527 75176 41593 85395 23685 14974 
89278 63317 85402 85096 84954 14328 50654 34537 87461 90325 49112 92627 28358 7247 10875 71903 91652 13203 64904 82200 23135 84027 98686 6870 65495 
66212 82045 7087 67959 5729 38412 73588 85398 40166 58683 70351 70845 9337 4887 74657 16013 70350 67283 44370 93949 94509 16272 1952 24063 97528 
84151 63549 81554 82836 70419 47049 65399 52463 70487 33357 58192 25251 6944 59941 65416 81979 30291 52612 7667 51530 27268 23679 21879 10903 84400 
15827 21763 671 17778 45826 14550 1928 9374 12456 1115 79792 59504 66514 48607 46342 16222 23150 71592 23166 83090 53359 5144 13380 5970 29162 
81261 49590 52840 3140 60492 53591 35318 82254 70613 69448 44431 85163 71375 53805 97618 88842 49948 73473 55355 14906 19814 71576 38055 7758 11093 
21144 61116 32588 50876 67086 61749 32136 16675 30940 51627 93518 84530 3297 75771 55143 72744 36554 56657 60470 90358 70626 49311 56657 44098 21017 
87915 80263 8945 25969 88020 20037 63465 65488 68977 30692 32573 30725 79179 65599 78017 30806 59116 78898 34102 51238 50392 6845 87791 23400 83666 
94500 94025 32977 67509 38122 53993 55423 34737 62937 97743 22756 99326 61207 88243 68302 91898 37167 15378 71077 19117 93394 18234 94584 88644 68687 
45822 39035 91883 49964 62435 75548 60816 72811 8524 28324 10933 78869 83746 45669 41805 81488 84776 41130 59047 89371 9431 67296 42889 41161 38372 
62006 50906 72957 56589 39549 41643 18762 94936 33525 68726 73722 9073 29541 46532 33948 74216 57464 12816 74313 19484 70973 72152 20612 12102 31198 
9982 37885 98494 69222 79045 53217 31227 29950 42526 4168 85851 84168 22929 80786 34045 8006 54507 59469 53898 1038 93416 28113 74854 22584 2425 
10689 93556 90929 47652 22009 22126 73985 59893 36971 43207 55289 6540 74433 1591 49065 94952 87441 49584 17881 84578 83628 42238 55436 43096 96136 
56473 52864 40600 47678 91799 59377 74719 85354 50305 22370 7362 88782 96355 83607 42105 39561 55247 48644 30345 56837 14060 25297 60629 63643 59529 
45206 47271 1766 641 6718 14253 73466 75933 71205 37495 67731 30581 28565 69436 97237 50935 93150 86018 63641 76756 44474 19553 48354 93117 49897 
21543 7176 91545 82171 87171 67425 43729 34441 85543 60721 57510 99795 50538 33443 87351 4385 1173 17931 32949 70609 31519 235 80110 33889 63875 
56865 78362 83427 21570 87831 49676 43112 11358 57572 41635 98528 24997 1715 49320 10539 62435 6830 10333 29325 56624 97684 33709 74148 31966 66657 
61108 79837 83244 41217 13725 47118 14433 8438 46897 36003 96268 96572 79114 7626 70495 37100 22505 95491 38814 71825 6029 1249 95006 32714 46925 
51629 46749 80633 25776 95066 63641 86884 74902 46884 28100 88626 94002 42533 13416 57250 94887 9683 70173 90352 33660 40667 27452 56165 36158 66265 
27989 58538 83865 22994 91251 30789 90974 54351 27773 16749 49417 91414 19984 40670 38297 64436 45648 48650 23320 59063 5899 18206 68745 92423 8557 
2405 33090 36008 58569 85599 18625 2909 44136 2489 42254 51739 49630 33227 6089 77402 66327 71857 68815 86311 12527 23464 50746 58174 72113 74065 
17236 94364 8622 85980 86786 17178 4736 36227 69538 79656 21825 88162 82564 82313 7002 41169 34051 56631 90747 56491 34033 57074 28348 2847 59736 
40874 42662 10481 99047 14775 897 16282 25490 9518 18613 28627 43047 23349 81206 28936 3004 3030 17097 1920 85342 24099 43088 35744 80729 50187 
92235 31113 7260 20582 50312 66995 61455 92973 93827 76853 24099 94723 93134 65940 20592 28098 94567 79990 51446 75772 8926 70802 95153 42374 72721 
96847 66472 32160 32590 63553 82346 41176 11017 5957 61757 61328 72951 39563 54301 66777 32767 94751 77851 42252 60691 14794 70350 55257 11136 21795 
47380 20061 8948 42532 62434 81668 55730 45258 30180 88320 25162 28877 45847 36178 34834 23956 97506 7784 79870 68158 90913 12637 62908 85115 54888 
39950 99909 41589 11558 11044 63384 58937 47456 72331 17821 26241 70351 73550 71498 530 78221 13011 45758 24068 49189 80591 48023 63046 88375 27892 
47555 95639 56880 26814 80753 11768 66764 80661 53356 78321 8056 33091 37258 71863 21774 71430 98104 8476 44979 85953 25357 39552 98964 71114 63619 
48152 51705 27993 27549 56431 72236 75103 52069 29116 1916 32821 57235 68679 29834 26942 63352 54241 76385 609 26104 14510 88390 24207 22985 49720 
10159 48341 89271 25474 35806 69241 73625 87510 13585 17525 43940 85821 92627 12360 31288 10895 61533 4874 95925 7718 31815 59276 78310 24551 76236 
4413 39060 64625 44971 62044 14345 71482 26736 3615 13307 62542 89208 86932 66403 2792 20808 26695 4964 29787 39054 36251 40681 16938 41124 52957 
24655 89291 12233 2965 13841 88468 23729 69253 69445 85052 47648 141 72885 74384 20107 86191 53277 9314 89474 19679 12106 10282 46373 17069 40068 
1779 69672 97100 18716 10795 50056 43371 16437 62288 62687 46630 67108 86415 15882 52904 87818 79881 53044 60702 70616 73150 46893 23892 82464 36366 
59923 10921 46647 22647 44341 3066 24425 14012 165 59493 41159 66573 2863 73947 28860 81901 20576 12319 84667 52809 65222 72485 32690 18265 33186 
19657 7767 96430 43549 6582 32796 19823 17502 95794 42469 61842 15212 83246 92206 15376 42738 33364 81948 61952 7310 27160 43852 44238 55830 28518 
13398 21052 1002 62439 55668 50540 82096 63434 46969 41996 70015 96116 61818 3868 91910 20638 82062 7121 3883 74267 38848 62972 23982 37148 24923 
47643 80659 85126 8232 36488 29996 21630 57539 47349 84068 29559 97888 66163 9344 61209 8158 95711 57324 86327 99578 49233 23317 97991 72705 43551 
72257 27905 6523 12590 65052 47797 76585 62062 32923 84816 98549 62918 6445 72440 10266 6865 1998 24506 89379 27693 85714 13889 23403 43037 215 
