11 91 3
56190 96540 2330 68528 68867 25796 95023 34791 34502 67161 80226 57146 19501 48078 2657 71336 99198 67071 58614 8436 23389 37878 22648 49827 49650 81404 73706 70223 2866 29796 16441 75407 26336 35122 43934 95202 77270 55308 46345 28123 22468 42922 85268 58320 90999 4276 29656 6548 87698 88269 31335 27439 42498 53983 93617 92148 51738 67322 78722 54604 13469 11514 46362 39804 46636 90296 51358 23905 45603 97702 52027 84423 40623 53647 42742 47974 74274 88749 54521 61972 93369 85856 5762 52219 56190 99378 60718 24279 83051 39439 95234 
96519 50953 41596 52675 13940 48243 4032 54196 93845 18085 22574 94619 75059 76220 37361 39384 66846 42461 93905 28817 35830 96112 50930 4400 68653 50307 65117 9283 33357 4555 4517 29875 55507 62464 82549 85798 10706 2932 39993 20902 37368 62567 15521 28779 55138 69233 68162 21983 11693 78418 67151 63874 90881 18080 68273 75885 68386 33389 85168 18094 54296 6036 64321 9802 68499 63221 95600 95556 82505 51944 16457 19872 14510 48329 65002 69648 17561 49516 7982 45606 27933 75133 9479 35166 93212 94104 11050 77950 27492 12569 96043 
81787 18604 76715 7941 3454 39936 19892 15361 22440 71835 31818 58663 2697 96498 23665 88696 14059 73180 96677 59664 17464 71809 85494 52629 81373 79597 80031 59322 23441 92599 71716 21579 27555 48431 45871 31008 4718 82114 46369 27157 70301 94538 85819 72997 91035 25835 61692 21445 15366 74720 97460 32830 46529 82954 1810 44253 78902 98192 19926 18694 90791 91641 40273 18345 56423 86143 65704 61140 84609 12072 4648 54909 22961 6819 27905 13996 32653 5948 51792 64371 80667 49252 97200 43547 48557 15361 4151 43810 13553 24076 62504 
20695 15717 2776 55391 88491 5270 21094 65983 89878 49518 70630 61138 72478 93800 89042 2825 42805 11341 70969 7175 8360 20220 20726 68258 85128 36086 72409 28937 65990 96484 91440 86684 28552 10567 58426 17043 32189 79520 83025 38418 45389 70006 99556 17866 63806 4949 37043 6610 16290 8011 13784 24649 44582 50861 92906 29709 86946 65314 74997 69288 78150 66437 72323 6701 93355 30749 23743 25543 26620 23119 80313 72008 93125 79868 6225 73282 84816 43267 96243 17457 51277 10026 58457 12210 77238 67715 41918 80535 49380 16915 49822 
27529 99703 22145 34230 9409 69245 74324 51304 95864 13795 31616 67871 6919 27835 90447 96552 29002 33714 92794 46459 1342 19171 21267 13552 96408 88981 71821 76942 54713 5087 26764 98593 21141 65260 32822 30550 50856 23498 81853 46719 37292 29820 30941 60562 57654 21387 73465 3007 71452 66258 49465 72794 85428 87084 2697 98187 92416 90869 75128 47128 95956 18243 45721 17096 99854 94894 63997 50709 34743 62201 13779 88386 92020 44719 48947 66025 82458 22411 69032 53909 5020 34848 43054 90447 21931 45750 4985 30699 36619 80113 77826 
48926 14707 39898 82373 14561 51144 46370 81621 2238 24922 95400 90624 16942 56470 55922 82966 38927 78333 68349 9188 83352 3197 52241 90151 41479 14343 11487 72177 67313 7951 66355 16238 22658 22604 14962 53570 90099 61331 51542 92337 2605 46941 82960 19546 19763 38881 18863 58689 33565 87212 84228 33269 6760 36469 39771 48238 50811 51257 36767 18123 59208 3121 50712 98217 25724 65673 68138 15823 43356 19679 24511 45960 82972 7470 81857 2734 62702 719 77774 12619 4282 62002 45887 27393 98470 2009 91983 65632 53265 28749 106 
28824 31869 67169 27040 73944 32841 95177 89766 92548 31208 14276 38507 14179 38097 20363 16912 17151 37434 94685 29769 58067 56686 92007 85460 71507 94015 77442 53490 63631 6190 69947 92455 54410 37115 35846 28353 86308 47375 18119 78855 78582 48746 17362 92760 3195 54076 26023 20345 91509 20707 66465 65928 93745 74823 51387 81603 68837 45180 51445 48819 51369 21391 57625 5778 74858 9823 50482 61165 57197 68600 40019 52130 33698 73732 61241 53244 27808 87263 73588 35668 24321 56404 1595 34417 31226 69333 16020 16414 14512 83816 65232 
82232 5206 22857 4361 96415 32679 54843 57579 6227 39794 13950 74708 73491 87681 35948 26734 31840 39562 16673 83860 63882 89428 85454 98299 20653 71139 30670 53418 85650 14485 18650 67882 36042 57858 88594 32457 90536 43436 6387 13114 83230 36688 87821 73072 24369 23768 16158 72560 63329 49182 56419 43562 38610 58225 58212 75614 29363 5233 29032 31364 19717 47681 15597 72111 21890 4191 20919 12425 47626 43657 25538 30855 80345 29710 20279 21065 69829 36436 93624 33157 1969 66395 93070 40578 24619 51282 32544 70333 72866 61575 1696 
92583 25607 17293 81045 47496 21483 18315 76272 85460 61971 18161 32667 42315 47870 52945 63379 17698 5732 73355 67206 7700 39749 60275 64630 80719 27908 97173 67403 774 58747 85450 9708 705 19094 7104 48200 56928 25418 24471 42388 3740 58983 75054 62407 6852 44350 42137 40901 50081 15491 8106 74132 71591 84732 38761 68661 28992 35933 36063 46117 11031 21513 72176 11735 40606 79279 59934 97534 21048 756 56273 24787 59738 31326 87193 82941 92027 29330 23841 58459 61172 31946 32590 32763 33030 71351 1423 62021 23635 53838 24489 
34666 75350 96664 46400 32307 75942 22686 46192 96989 23441 2464 38127 99531 50141 25320 98823 42167 71001 22664 16977 32172 70961 49567 64934 3990 37269 82709 82362 60903 36546 6850 95568 28247 3513 58320 76905 95806 81005 23097 9146 20797 25560 47273 36679 92053 88944 35502 50571 59944 58165 67548 8467 45477 17114 89753 65819 70734 72461 48180 31636 25358 71382 43556 69956 91246 1875 46860 3404 99231 69956 12549 20027 11868 76173 56706 3920 65116 8559 54490 41411 66723 22037 49878 28551 55502 39630 94369 26235 28442 58901 74223 
70151 30282 17778 40106 37879 36004 3317 41282 35234 73273 53831 71612 1492 46355 44669 21763 11471 53227 76252 69233 36301 14641 19110 64852 86494 75091 59220 29081 19884 18120 3303 6386 64753 37432 62843 2632 89787 66160 60265 41372 55784 30447 29335 57275 76802 74004 79037 88272 43582 71640 57504 96235 2632 92966 61086 89126 84408 36657 34558 20644 71129 54212 27029 52233 91643 89872 71216 97781 72383 31481 39152 28166 61927 68486 1792 38728 58841 97180 43351 2423 85171 17207 15009 87803 26524 92446 93280 10931 29102 27837 47926 
