48 21 8
55894 1297 71246 11039 87400 53830 78299 49355 61070 93960 5381 64185 52063 27314 69088 54157 92132 79673 94967 20190 3585 
26328 57178 35394 99314 88014 67204 77234 5661 25276 74876 77906 42925 62474 88944 30324 32655 83594 96030 93724 77554 1411 
74260 45968 45076 43348 16477 53559 39372 11443 73748 59308 54122 30926 11054 53436 18939 78257 47021 40951 19884 38249 18857 
62808 722 7800 9483 33376 7746 5513 27099 85299 23275 1359 31266 68350 61058 47742 21908 16781 75536 95656 92440 46010 
42933 3493 99445 61871 98101 62817 2821 17985 1065 38029 97144 1786 62181 22979 35161 69926 44843 78612 55224 68117 96322 
2841 36466 73731 66935 74725 6863 58822 86732 99302 4831 29664 2795 20627 91534 17247 83444 10707 35231 860 48735 48727 
18998 10915 71705 54158 97192 16547 49121 68767 1015 45442 87960 37480 19172 71246 28556 26034 30067 15288 41688 51250 44951 
60834 71876 52837 78080 71671 63543 29663 88883 28629 78389 7880 55896 50093 78389 69439 82991 27510 38206 84005 89303 26165 
37836 8475 97410 66391 50860 43828 98030 8899 95077 42981 69732 83305 12169 47812 71327 92063 77474 60209 20691 72214 84440 
92938 38658 62829 62377 21648 90338 16934 22004 79640 43098 59839 4466 40507 42581 71678 686 40611 80576 95763 99943 50308 
95419 12111 14471 66745 4173 91944 43306 41215 64157 27745 50505 2814 90573 29233 40813 97262 46166 79168 93254 89263 39006 
14071 46121 97938 85748 46806 54900 82676 58920 54842 49335 54338 83304 63805 37435 3828 72100 80740 45043 52608 24836 11899 
71773 31761 41131 12585 29022 87296 91752 38627 76558 47109 52698 39030 61398 54797 2187 16298 37472 61107 87491 86806 31796 
70795 66962 69230 74622 39061 66321 36016 91668 91157 47914 63440 39269 89044 92376 68290 76339 479 23269 69248 63939 75966 
24629 25337 47114 26816 57986 84586 4274 45476 87743 52421 32622 54705 38003 23596 93765 4323 59611 1785 11831 7525 81576 
51099 12920 73952 35741 5611 90782 75361 91210 54721 51326 32191 80057 98439 59006 54394 99376 79631 99869 87119 32051 48843 
58175 86405 72438 51939 90728 32048 70075 18910 55924 51651 86361 85196 25602 38453 90806 16383 13813 98367 87455 81490 30557 
83863 96280 5914 38256 95656 85544 54477 99126 33947 3319 73652 20351 75756 41942 27430 7803 12017 62692 80079 63667 49052 
65274 5620 3856 72431 38354 17668 70797 25809 15509 1354 9671 11788 7267 64279 23795 9163 18755 22920 59461 22073 12923 
79811 97828 54865 23593 21982 66881 86284 18412 30547 51687 83685 36166 55542 56115 90871 73209 43264 16679 88717 60969 42702 
16856 84587 6980 40651 93749 25734 79922 53209 64158 92845 49372 61985 47709 72964 318 14589 59247 18730 61487 10933 18766 
14004 66474 91233 4874 56034 34496 37905 61102 95464 80606 94309 80050 3937 34959 90151 29670 14881 59711 93827 24077 9082 
72163 71785 98397 88832 2725 57643 7561 64211 84927 42679 94566 67752 33911 99439 40137 68406 37343 17590 80221 34300 11899 
60270 38236 46857 50420 84257 78089 26483 94435 2165 35564 82949 90301 33961 71781 93025 7955 95693 73587 92882 38371 68152 
76985 72281 83943 17122 57038 37637 34711 37258 71937 62961 13880 26524 9818 80651 27133 4258 7133 37919 6423 42697 20868 
13075 93009 92648 6100 963 4692 96038 10196 43063 64190 87181 31695 64484 20654 88733 2120 71716 25990 90408 34677 39869 
16932 60846 20520 60416 65103 44004 98334 87877 86700 19201 952 96060 28200 7051 97023 32892 19440 23570 92306 83629 27102 
24000 48112 47755 29084 66584 35823 71426 56991 70499 27646 90274 47696 64517 50689 12798 8521 65375 675 11572 927 1626 
7632 29127 25028 21006 78370 44467 44575 87027 44448 71677 27378 8911 35783 56462 75494 71605 44239 48837 58455 71884 39110 
6150 36401 6151 18948 61273 87877 35974 72844 88803 53951 80475 17929 78978 1480 12650 39796 46055 99676 595 34083 43406 
9506 69865 99867 1351 57822 44105 50187 16276 32340 5649 38778 85092 28151 74077 46364 16027 10050 19208 4829 64000 99682 
39110 59329 17514 68111 99124 63568 67787 99719 14002 11192 25576 218 27410 43278 58039 87866 9817 90667 36557 15465 29444 
21649 59967 19872 68012 92345 29921 87219 97173 10272 86901 52634 69600 20766 20745 85075 685 4883 1145 14686 32426 26720 
14903 76187 69998 89294 80404 96166 79960 16960 11630 25755 38608 87948 45626 6620 80292 91898 93838 93816 2169 97090 62802 
88120 17855 83546 73194 18539 4780 90691 49576 53557 17410 64479 46095 3759 70124 26498 99924 50083 43457 27905 92189 82065 
32204 54166 5036 12495 46063 98873 22663 64583 12315 85464 52702 46521 69009 42247 81412 90140 32937 30987 60048 66699 11817 
6142 86809 81940 32639 86733 48374 92447 30989 56914 74511 63193 11079 95898 92039 73493 11123 14701 38075 23437 164 7128 
86309 85524 65727 67720 92015 98663 15059 52062 81713 43227 58203 68522 25167 7193 71606 89892 99640 18946 46806 90502 82138 
74236 86400 90529 47729 97522 5229 2155 37310 21745 9283 23618 23620 75009 7690 15635 90023 22748 84048 88088 65974 42251 
56609 7492 49443 44566 13736 49082 63511 76893 39584 62001 51128 42335 52529 15208 39856 74109 17363 77165 12205 42997 17134 
35825 34357 24823 51459 40731 63922 51858 28818 46248 94108 1778 53739 59903 46343 83826 25336 26206 60718 81271 88206 28198 
23605 40734 59757 79812 31194 77119 56976 43399 36467 74110 79223 70823 15284 47033 11554 79206 98890 56723 25453 9350 58501 
95543 69252 21195 79369 10939 47400 56438 92210 35605 987 32166 92690 77096 11978 23884 54214 85305 83634 7033 59414 62856 
77855 91050 26240 5760 70255 41481 78835 12059 50830 53687 7601 36433 74881 3321 47372 38633 76111 55933 90589 77097 4450 
83279 54192 16427 23514 24758 1732 7147 48142 77497 86354 42348 68546 12593 48108 55152 54073 43294 67210 4903 96980 74811 
57687 71860 94483 21410 26844 70593 77342 17433 64042 81792 711 34585 14570 40576 75694 16301 47722 23835 10150 34075 66183 
78695 46667 30642 50199 17091 73935 17408 38345 70914 8570 96032 59125 3053 17441 85969 73645 11135 3401 37686 9278 20463 
72271 23847 61038 64316 56500 8759 88151 66649 42833 54333 61695 5851 84974 28245 39293 75260 45653 77638 46173 54222 73669 
