79 57 31
12 93 20 10 40 18 70 1 73 77 33 48 92 40 79 44 27 99 52 1 58 73 92 28 94 85 22 93 15 78 91 26 23 11 87 14 28 9 66 100 37 50 100 29 89 30 24 15 80 75 67 37 47 59 64 92 95 
85 85 10 15 75 87 89 85 74 2 65 82 20 16 18 69 67 98 58 96 22 24 75 48 91 64 47 1 27 38 95 12 22 56 78 49 43 66 85 16 19 1 49 38 69 18 7 35 68 16 83 41 39 57 88 81 72 
86 33 99 24 28 62 97 35 39 45 77 56 82 44 74 82 44 12 50 14 70 85 81 85 19 73 23 75 60 56 99 98 88 97 21 67 10 17 2 100 14 78 55 95 74 80 28 17 43 30 30 12 14 62 96 32 34 
71 58 46 26 8 43 65 56 15 32 65 83 33 16 96 62 22 42 35 2 22 4 44 51 85 8 64 47 3 47 32 25 56 77 2 16 71 67 71 85 98 36 68 82 3 15 43 25 9 30 78 30 33 73 80 17 80 
95 15 35 93 47 11 100 75 13 15 46 31 86 82 80 73 1 13 75 16 55 51 24 36 80 5 20 53 84 89 84 78 3 70 70 1 33 69 28 97 84 73 27 21 6 58 93 7 70 19 74 76 22 49 12 1 53 
31 5 36 71 41 65 26 10 86 26 42 54 5 90 89 77 16 61 35 73 5 93 42 24 66 70 45 66 81 97 18 63 2 5 34 42 69 11 3 54 88 97 59 93 86 100 21 54 12 55 78 17 47 72 40 64 41 
36 29 21 32 46 35 85 2 20 26 22 30 81 27 18 29 38 10 14 37 30 19 100 37 97 16 83 68 55 99 8 42 27 80 74 25 66 10 26 86 88 100 67 68 26 84 96 63 45 61 51 27 80 51 15 76 66 
49 95 73 47 54 14 74 33 39 50 98 49 75 35 88 74 2 55 52 37 2 14 34 14 17 12 93 67 26 20 84 74 66 8 21 19 74 46 51 64 95 1 64 21 35 51 47 88 5 98 25 58 63 10 72 79 21 
16 97 46 36 33 19 1 40 39 72 13 84 22 77 78 74 92 99 9 43 97 48 99 94 72 57 56 81 28 87 53 43 83 98 30 15 17 83 7 7 54 19 91 27 47 20 1 39 70 61 81 66 8 79 11 80 87 
67 12 14 53 65 9 87 14 38 54 30 72 60 37 25 30 79 52 77 50 52 67 20 12 99 37 71 29 48 50 16 14 14 81 18 30 41 56 43 31 9 25 2 68 61 27 98 91 30 26 40 33 92 11 96 42 48 
66 70 95 68 37 60 33 18 29 14 58 84 56 88 45 32 42 12 44 20 61 34 49 86 74 33 29 84 28 70 83 45 92 77 64 28 88 96 97 68 9 7 52 17 46 96 48 87 59 92 6 20 77 6 57 2 38 
86 86 17 7 20 62 98 49 25 78 36 73 26 4 81 32 7 49 78 54 49 16 64 40 22 35 16 27 92 18 17 29 55 33 35 26 46 85 74 23 14 62 95 39 17 27 23 75 28 52 28 76 67 43 67 88 78 
82 67 69 51 83 97 57 67 83 35 13 19 8 87 32 69 33 23 37 11 45 11 38 96 90 13 14 33 79 2 10 13 20 30 15 54 78 24 20 12 58 84 31 17 70 62 38 54 36 74 65 80 85 54 27 26 67 
41 58 97 94 19 61 65 100 28 18 77 51 37 89 60 73 71 76 94 84 65 48 20 39 12 51 75 65 30 100 83 22 10 32 15 80 44 31 80 71 48 8 73 36 48 32 8 70 60 2 54 24 49 73 14 12 75 
40 28 4 92 63 25 53 46 91 32 89 21 63 60 68 23 32 56 22 16 63 92 75 16 45 50 64 69 16 27 43 55 7 47 46 69 23 50 14 14 82 2 34 96 13 54 18 45 9 40 60 23 83 86 39 27 35 
54 47 2 33 89 57 39 87 54 7 10 4 72 23 37 25 8 32 38 61 2 82 21 93 93 96 75 78 34 53 64 39 99 66 71 87 74 9 74 27 67 35 82 90 57 18 15 64 50 52 77 51 85 49 95 29 44 
69 58 29 21 73 68 19 90 90 5 63 99 30 42 17 64 23 7 72 41 73 88 42 76 16 44 60 64 38 40 60 6 97 40 26 21 59 96 11 49 100 73 99 82 14 15 97 37 73 69 29 45 56 70 20 71 13 
31 86 50 70 97 55 18 37 32 39 95 27 49 43 78 21 41 11 87 8 8 75 80 28 3 25 83 72 96 5 36 27 42 85 48 39 91 66 27 74 4 73 52 4 68 81 76 60 92 62 67 51 88 99 78 90 23 
60 13 18 16 48 96 57 84 44 47 26 9 25 51 64 98 2 19 65 35 94 24 26 8 91 76 95 89 5 37 63 16 49 32 31 49 80 39 84 23 38 62 83 62 12 98 59 66 16 23 100 61 99 77 20 41 4 
15 29 8 3 43 23 51 26 53 51 5 43 87 79 80 48 61 42 11 10 52 76 77 27 27 38 25 3 57 65 6 23 45 13 25 39 35 28 64 39 30 21 82 16 99 13 15 12 6 26 73 58 53 50 84 80 87 
60 34 95 24 40 70 68 4 94 58 39 73 21 29 3 93 62 70 44 75 85 55 80 62 27 37 14 28 72 45 14 31 79 61 6 18 30 73 21 75 82 11 48 3 92 2 47 53 71 90 27 7 96 59 68 75 47 
34 2 71 78 68 1 56 28 7 25 9 31 98 83 13 60 82 67 51 83 65 56 54 55 34 12 2 92 80 76 91 65 30 61 42 49 13 98 28 19 74 36 2 71 18 66 31 52 84 33 34 48 88 39 54 22 51 
8 13 82 35 55 46 64 15 39 12 28 88 39 98 62 26 99 32 96 16 14 47 99 47 80 99 86 71 4 7 21 11 72 54 46 26 51 61 41 89 25 68 77 63 17 90 41 16 73 36 83 87 82 34 85 13 32 
70 83 87 29 55 98 100 8 95 77 58 55 17 99 79 36 27 94 53 16 86 20 88 21 2 26 54 87 62 66 70 84 1 57 12 55 6 63 15 100 39 72 6 8 22 37 43 48 82 47 63 67 66 3 39 20 80 
92 6 94 9 28 77 61 84 40 16 89 2 30 40 40 53 97 47 75 85 42 74 18 88 89 36 6 43 74 77 22 17 34 15 78 61 43 38 96 82 53 36 83 34 75 75 39 24 73 65 60 66 38 78 6 26 13 
63 20 87 39 42 55 24 8 32 37 51 70 32 84 74 68 67 60 94 93 98 69 17 62 29 83 51 6 40 29 18 2 48 56 92 41 11 15 49 42 51 51 63 35 34 89 2 52 48 47 44 45 16 13 58 44 47 
8 1 86 36 18 87 84 26 78 24 36 44 24 29 47 74 44 81 60 32 34 11 79 32 7 75 47 19 84 42 65 43 42 2 79 12 88 14 37 17 89 72 12 65 52 58 38 95 90 49 78 75 60 8 7 66 34 
5 36 17 99 52 60 40 53 90 51 92 55 39 60 43 10 71 7 14 81 97 8 70 45 38 97 56 45 55 73 79 11 60 47 9 11 6 1 15 47 51 58 1 90 17 44 51 88 2 64 68 50 24 89 47 13 37 
2 57 91 27 87 2 86 34 10 97 91 10 63 38 13 21 38 54 37 33 56 76 87 72 95 88 47 36 34 59 72 88 67 63 14 6 16 99 39 77 47 81 39 10 18 3 82 8 8 70 92 63 98 30 86 92 18 
32 27 3 42 51 90 9 65 55 14 80 6 4 56 52 84 46 13 54 48 46 13 55 16 56 70 13 38 55 56 55 39 35 9 80 85 51 40 49 5 5 28 62 60 35 66 44 33 78 49 80 76 13 87 91 68 56 
55 57 62 10 11 100 44 72 80 80 22 71 28 78 76 7 92 35 94 57 30 26 34 30 57 61 94 43 51 14 50 57 70 12 19 81 63 14 4 94 94 77 65 21 6 92 80 97 78 73 53 60 98 39 89 6 99 
83 49 2 96 50 58 65 13 76 97 76 42 52 69 35 28 85 7 34 28 86 30 6 58 83 65 7 21 5 13 71 39 13 72 86 14 30 3 27 57 51 54 98 3 74 84 30 59 91 15 86 76 45 43 86 79 7 
44 51 64 8 21 2 20 45 88 34 74 42 12 82 92 65 32 94 38 15 76 48 5 90 86 33 86 28 70 64 87 65 66 50 73 39 3 44 83 42 29 8 83 40 89 75 4 20 68 94 87 43 93 43 85 78 27 
70 58 48 86 44 13 51 45 37 89 47 80 23 89 9 30 71 100 19 97 4 90 17 49 28 11 41 71 95 19 97 65 28 45 2 71 9 52 15 45 93 61 24 15 1 84 45 24 84 15 20 39 56 36 39 84 47 
79 6 41 49 2 57 76 98 58 98 58 62 12 2 54 25 78 20 77 13 64 100 96 30 20 86 86 7 24 21 53 3 26 46 3 79 2 79 29 12 76 86 73 40 88 78 16 17 97 92 29 61 92 77 42 63 62 
27 69 86 99 74 40 24 19 42 3 72 72 31 83 100 16 7 39 55 84 6 23 33 97 52 45 88 28 86 2 41 65 71 26 63 44 65 87 14 59 41 85 30 71 20 29 38 26 19 45 62 24 67 94 73 70 38 
60 97 75 62 38 39 84 15 2 79 32 40 92 90 80 76 19 50 95 100 39 73 70 83 86 94 50 31 66 19 68 77 68 94 90 57 33 25 23 34 3 54 73 94 43 52 70 14 53 16 13 43 40 82 26 77 27 
27 7 44 97 26 73 16 20 62 72 52 39 95 37 41 48 61 35 43 64 56 56 16 23 20 10 63 53 35 39 80 13 98 75 10 23 47 25 42 61 49 45 99 95 81 39 94 41 25 36 4 80 43 71 55 62 33 
69 15 67 59 46 32 56 20 41 79 67 17 72 79 65 17 77 11 49 67 5 90 92 40 45 23 83 68 77 96 100 97 10 18 56 7 49 11 27 41 41 45 58 13 75 74 81 51 37 29 69 41 70 60 80 15 35 
14 34 63 10 33 60 71 2 15 30 51 77 56 43 18 52 52 30 26 78 62 28 14 90 96 54 60 8 85 26 42 99 59 56 60 43 15 82 44 81 11 46 58 18 41 75 21 92 56 46 69 17 25 34 6 21 87 
17 80 72 42 73 22 52 28 33 94 43 66 90 23 29 87 32 46 27 6 67 71 13 64 91 29 41 25 87 13 11 55 92 34 97 64 7 48 43 91 94 85 57 35 60 85 73 91 82 52 49 100 22 61 16 12 42 
56 36 80 68 99 34 59 84 30 74 91 30 16 81 75 53 89 9 64 25 33 6 7 84 54 58 5 67 73 17 8 28 4 87 95 54 20 5 38 2 78 80 83 46 60 57 98 1 17 13 25 49 18 83 33 72 41 
89 90 13 57 97 93 61 35 87 14 6 92 3 7 21 82 89 66 94 45 15 94 13 27 70 62 45 5 46 68 97 34 57 61 91 5 53 3 91 40 68 96 83 71 3 55 52 43 73 45 40 87 90 52 66 12 65 
62 16 10 29 12 44 37 24 86 93 77 88 83 16 55 78 50 25 32 4 29 75 76 25 66 15 15 17 80 26 34 41 93 43 21 56 38 9 79 75 1 55 62 35 22 69 12 23 45 96 27 73 22 54 98 87 68 
64 55 99 41 88 91 33 83 11 40 72 71 70 47 23 77 60 57 98 80 21 21 25 16 99 49 37 4 98 75 72 61 81 22 53 69 13 37 3 75 76 26 46 46 24 68 74 36 77 71 15 97 43 91 12 93 40 
100 97 37 26 20 50 6 41 2 26 5 39 28 80 66 6 77 63 29 96 36 16 72 59 31 68 1 73 31 46 12 82 94 1 7 65 2 13 57 3 38 62 93 18 93 59 23 69 73 3 64 9 19 36 67 1 55 
19 73 86 16 37 67 9 37 74 73 38 86 30 92 75 43 85 92 35 95 14 55 19 69 18 27 87 5 45 39 60 16 11 97 31 47 15 92 35 40 64 24 77 45 16 52 39 52 43 73 98 9 27 16 77 97 43 
15 53 39 53 64 54 63 60 85 62 27 76 96 66 91 20 43 36 87 94 26 38 88 99 35 96 77 50 72 25 44 86 78 83 38 41 36 53 53 20 66 79 47 13 44 38 32 38 25 70 31 50 7 19 100 93 66 
29 95 90 53 38 27 82 72 17 23 8 69 27 79 34 5 78 98 100 15 30 38 91 51 20 40 58 90 92 2 56 20 96 45 24 86 71 6 57 87 80 16 7 6 47 92 62 24 90 61 90 71 98 80 21 70 71 
30 59 14 32 14 33 79 10 57 64 33 14 73 19 93 40 78 50 38 21 11 13 62 71 54 32 21 85 5 42 56 34 100 69 17 14 54 48 75 62 63 7 75 35 78 19 27 55 68 16 27 30 29 89 52 82 20 
24 67 76 65 74 10 65 94 78 30 47 25 4 60 88 11 86 74 88 4 52 94 23 68 20 52 48 8 4 81 28 27 47 3 92 72 64 56 66 94 85 64 18 88 24 57 50 61 31 37 65 34 30 39 1 50 91 
100 57 94 81 36 72 27 91 63 51 6 70 68 99 6 31 69 46 6 25 95 67 7 32 83 93 13 21 45 14 63 45 71 8 25 58 80 3 100 94 53 58 16 20 56 21 3 76 66 8 53 13 26 11 96 60 3 
8 81 48 22 95 92 44 3 16 53 82 70 5 27 23 62 42 94 69 63 96 45 80 56 49 44 81 59 39 41 62 99 73 9 20 67 52 15 21 19 67 2 88 71 29 10 84 22 4 53 84 51 49 16 6 97 59 
39 55 98 31 16 96 3 76 67 21 79 33 42 97 51 95 85 22 75 94 57 97 49 9 32 100 57 99 57 53 58 95 60 7 25 27 54 79 3 20 52 33 52 45 30 2 91 14 75 18 59 84 66 60 92 97 11 
1 96 67 5 5 14 64 11 90 91 64 69 45 35 72 77 38 68 6 91 58 71 18 75 82 1 40 41 44 89 51 44 36 69 1 92 82 64 2 72 6 17 92 50 3 63 79 40 30 36 82 39 7 99 66 88 51 
5 80 47 45 30 90 32 50 90 23 32 6 76 55 11 92 46 13 46 60 91 37 41 26 19 79 84 69 44 23 20 1 2 18 97 83 7 29 33 49 3 16 6 79 70 16 22 67 28 68 26 18 4 18 96 74 96 
79 43 92 54 14 44 55 31 40 90 89 20 22 37 23 37 42 1 58 10 74 24 37 41 49 7 97 66 2 70 13 32 12 56 85 77 99 92 7 91 81 96 10 54 84 32 42 78 84 99 39 58 22 75 50 22 33 
98 87 86 68 51 18 31 7 54 8 57 97 66 47 29 13 57 82 49 40 75 78 24 73 16 33 46 90 82 67 75 32 5 60 99 56 29 81 14 83 40 70 31 6 17 60 70 73 93 18 12 68 95 87 92 10 19 
38 52 53 4 78 84 9 37 34 16 66 14 29 100 6 98 30 63 66 41 32 90 34 2 54 53 48 40 44 58 11 81 61 63 85 90 98 45 26 31 60 43 96 88 94 1 37 76 63 55 16 95 44 1 48 97 53 
95 89 97 4 99 29 16 13 13 5 10 57 83 92 68 25 39 7 71 40 44 46 54 50 13 100 93 14 47 42 18 42 30 14 45 80 95 61 92 7 17 53 16 99 96 35 76 34 42 46 25 37 91 79 86 3 78 
78 68 25 19 86 66 100 51 62 79 45 74 22 4 91 26 71 41 21 5 16 7 46 61 31 82 3 9 67 58 87 97 25 63 67 62 80 67 13 93 97 57 67 19 12 9 96 82 1 17 87 17 75 84 29 5 18 
84 66 84 41 4 32 17 66 99 79 97 65 43 89 61 51 7 31 63 67 27 96 68 95 82 84 21 18 64 77 35 47 42 70 39 97 2 56 14 100 86 10 16 28 51 28 30 57 59 92 24 37 88 43 83 21 78 
55 90 41 31 24 40 25 46 78 21 47 85 87 98 70 48 13 49 98 40 79 7 50 22 82 38 61 24 72 34 1 26 23 41 57 99 80 81 44 10 53 42 94 91 39 64 39 51 64 88 90 42 94 92 64 75 29 
24 98 1 9 50 26 32 91 34 30 22 66 25 31 71 66 25 61 4 40 99 54 3 39 95 97 32 86 60 59 67 35 8 19 96 58 44 27 100 30 8 73 95 84 4 65 49 80 78 4 71 28 9 73 66 3 21 
50 41 80 8 59 67 15 77 62 24 72 40 23 1 99 96 96 82 51 12 30 82 41 33 52 69 41 76 34 95 97 83 87 28 42 45 46 9 21 59 32 93 98 55 45 96 2 40 29 52 4 58 85 44 42 36 12 
34 63 98 29 59 32 67 39 74 12 84 82 84 95 65 28 44 71 73 92 72 64 20 75 19 30 59 15 71 46 78 5 9 75 85 19 59 3 57 32 66 93 65 2 87 29 29 82 52 53 73 23 17 93 50 87 22 
8 1 44 6 79 100 14 5 36 32 63 39 41 46 56 85 62 57 23 43 86 4 94 90 77 68 58 21 17 45 94 77 45 89 82 75 89 95 80 76 78 94 14 70 40 70 6 53 78 28 95 63 32 88 5 60 56 
62 32 24 6 25 100 3 13 81 29 53 27 8 29 57 54 94 78 93 15 84 45 93 11 92 7 94 31 11 53 86 73 36 62 30 12 61 32 25 42 61 29 68 20 9 76 73 3 54 17 17 37 14 61 47 5 68 
41 35 30 45 73 2 81 34 84 92 94 15 68 87 27 49 7 99 57 82 71 59 87 40 28 23 53 88 22 9 7 14 95 37 58 19 90 90 52 73 34 98 40 53 36 18 1 42 16 58 76 39 68 62 30 47 37 
82 87 58 42 93 71 36 81 80 55 23 22 58 47 55 55 38 7 43 56 8 36 23 17 11 13 36 25 42 83 61 75 69 70 16 13 40 52 46 71 6 68 92 63 66 46 70 4 5 64 11 64 99 33 80 10 98 
15 86 39 49 98 14 17 67 29 82 58 32 27 28 37 46 72 52 63 69 73 66 73 36 76 36 34 61 67 95 58 34 80 48 82 77 61 51 95 42 32 52 73 10 32 62 7 55 13 69 23 37 35 96 72 62 83 
5 74 50 52 31 35 83 79 16 60 91 66 6 84 49 10 57 10 41 70 16 95 34 85 17 70 71 64 41 84 99 97 58 100 48 40 34 31 70 1 42 13 67 99 96 67 8 4 77 48 73 92 94 6 28 63 75 
50 78 67 34 76 64 43 75 63 82 60 45 4 61 86 16 79 85 11 45 92 15 73 92 87 17 37 45 96 99 19 46 77 86 31 52 1 73 79 63 6 90 8 9 50 45 24 80 81 87 25 25 1 97 16 39 65 
52 83 61 3 2 6 79 39 88 82 39 12 12 53 17 2 12 78 3 57 53 83 37 39 59 61 39 7 28 30 72 32 12 32 86 65 89 64 55 76 97 45 39 9 98 55 62 9 84 16 17 37 98 54 75 8 66 
66 15 46 47 38 29 58 69 14 75 9 29 29 36 25 74 74 85 23 80 46 83 64 62 100 100 11 5 26 19 22 43 85 19 89 22 47 99 42 12 73 50 40 53 85 65 78 10 1 52 89 99 35 52 12 34 3 
22 90 81 92 11 23 76 30 64 49 28 14 90 40 38 39 79 90 75 95 20 84 96 71 73 46 5 76 57 90 79 30 79 59 22 42 33 49 23 48 50 50 61 39 89 98 30 20 88 56 66 59 40 13 29 64 58 
34 91 14 75 21 44 6 31 17 47 64 17 21 11 66 70 24 57 11 21 38 30 60 93 95 18 32 60 47 47 17 32 38 31 6 58 26 63 41 94 9 4 62 29 66 80 51 41 36 61 62 73 42 73 17 88 43 
49 47 41 47 64 72 36 46 29 46 23 92 86 68 52 41 29 33 58 60 35 99 95 95 60 19 88 84 36 75 26 36 74 66 34 89 89 22 86 70 67 8 13 4 27 16 44 55 48 1 15 82 99 61 28 10 32 
15 46 19 42 71 6 15 89 91 3 77 12 40 98 30 47 10 33 73 26 76 79 25 29 45 59 79 58 38 41 41 53 86 59 46 56 16 12 44 6 66 73 70 5 70 99 51 32 32 75 57 59 5 33 87 2 91 
