98 89 4
3141 9249 20256 97885 6745 8561 10156 181 49261 80393 87264 62862 81932 43321 14721 24561 69317 81832 23076 44134 90490 18169 92682 41119 71278 39499 63154 21896 77148 82943 68738 80288 8543 88993 78172 31639 97554 88327 31820 63166 68719 35435 42379 67003 78755 57100 91563 64424 55283 30990 24909 62124 65511 17590 3242 36788 57088 82748 58683 50587 82042 43772 30875 6936 32765 9046 38574 46670 13725 86745 9835 98795 22180 68565 65797 17286 25664 73711 98061 97299 4701 22969 75774 70211 56911 79016 6998 13998 78115 
82033 64585 60156 25804 11811 67091 74920 37208 22016 37941 50932 8761 64127 66079 47292 32692 31875 80929 74707 5586 78990 72005 26638 18310 47779 96848 75220 43146 20197 5570 37612 2229 70154 97767 44385 98316 81209 35656 35523 19576 73597 2807 28336 37723 68885 91979 70414 17111 72908 45121 39048 68249 33477 65685 86558 97607 78884 61778 40752 99081 67347 78363 17661 53852 92481 78397 52167 90041 14053 4041 9617 87649 6847 54304 41723 92083 46283 28489 25546 35542 73609 80945 3790 23437 46630 90347 21044 41865 52124 
78147 57297 19470 72862 91310 89673 81694 69706 41839 71735 110 45880 97703 4110 69078 68358 45833 77513 30992 74321 19410 66533 64281 354 70322 4069 63335 77021 25112 5200 29144 19611 62496 64966 92472 53805 54638 74165 39863 12829 62251 39972 75060 76305 44082 60489 44663 6266 38001 92006 96938 73762 58539 61218 74116 45212 65286 37450 22232 6750 59001 51376 26360 37849 32693 35183 91653 87330 25699 47867 16510 4302 87839 91569 96958 48272 52058 57972 54537 6410 49978 51474 80172 8516 29043 70639 53727 10680 8088 
75959 17429 83441 43686 60140 21289 92730 11674 29293 80059 37373 77160 96569 58026 64998 4489 54983 13269 56546 12955 84157 62956 62932 35630 43127 87799 64672 13765 41525 91703 38204 33835 9132 21644 93872 85623 59284 86601 13649 88577 83012 67373 65736 95932 25398 30733 420 80380 60353 56966 9686 44509 36273 72617 96490 79399 76767 77513 9515 18292 69215 64070 68478 94698 2066 62350 80321 61349 48950 93969 49925 31961 77693 32012 27892 3090 79096 44664 99821 39448 1629 9507 308 37901 98475 96797 33651 75242 74309 
59517 9885 43524 39938 78362 38221 42003 40711 34893 19704 6013 45213 69628 54325 22905 17992 98569 25994 97087 43232 42167 36535 61212 51673 53194 15464 50147 49991 65466 41740 40651 24982 51624 526 64919 29986 55099 23274 87048 89991 42977 93060 51556 28956 63737 74460 46947 62305 16806 44034 5536 58972 96920 83099 26996 50113 98562 77142 16455 64027 18882 73458 5360 86857 90335 86630 16842 45433 9903 20242 35424 69231 13301 3331 98187 77037 77790 61485 55693 10947 5518 77580 69918 18789 60678 96913 85254 59239 90407 
18060 39617 25640 91517 44976 12496 81852 31606 45690 43636 57860 65931 95411 27091 95583 98741 41629 88972 76531 3113 44664 3829 8631 22244 90099 43771 82921 3363 29024 58512 93769 47084 98128 35760 54952 43104 64608 53155 91061 26649 96791 65272 92579 92201 8714 4513 90942 50342 9836 83824 53455 54500 87652 78437 93095 94102 22207 92367 97465 67583 50878 7585 31018 65358 43345 2321 24813 24304 55476 15873 50952 68618 97496 59882 60818 6210 80746 68111 56551 90582 68286 26357 61433 72290 4793 54527 66391 43352 46893 
63855 27286 14123 71440 58303 79480 31136 60623 20644 55439 32450 36516 22742 1067 50363 98975 78237 56572 79720 46347 29475 70301 30985 55831 31733 3274 76976 2611 69664 36679 65856 49871 63964 96330 21310 38618 92161 68797 15592 12804 24235 48042 65671 63328 65460 16033 62302 43696 72605 58373 6395 2079 28674 37379 74261 76758 57004 51236 79369 26667 4266 61576 76537 84581 57905 14198 23198 50065 82994 55142 62868 23580 3183 28538 3259 84994 44570 65560 28690 33526 40285 51436 51956 85310 88814 26217 62067 62169 93804 
57787 88835 14422 19362 81724 99002 93618 12273 38552 43682 11619 93693 6549 35198 13227 51438 54809 98220 96008 36720 26909 45885 77004 78344 97841 62313 83509 40409 40732 45677 50564 98518 50864 64985 34232 48939 63987 27849 77563 2538 87883 89181 96230 10783 40731 9456 62221 95539 7675 74580 32258 50936 20464 25614 45631 34656 87926 45492 75064 28657 7520 25628 43527 74735 6964 94110 23673 70950 38310 17588 89839 26192 6768 2420 53327 47498 28227 15547 59388 52254 90126 91646 19541 26941 17259 65171 61597 21536 27014 
53012 66545 50886 78639 10071 25620 1955 20532 65645 89256 58841 83232 79095 1385 89999 97866 54711 53849 26093 86609 13236 94698 93086 21233 14238 20026 54843 95760 97974 76379 22774 50986 59275 73659 45976 85697 15630 47930 6228 81274 37186 81420 80857 32632 82804 87208 46849 53866 41056 72941 56826 70643 67638 49911 8228 98227 86289 63070 93987 84262 55800 16760 51599 15074 6770 97575 770 22399 61856 23349 20025 15393 4769 881 48024 3924 4440 94873 74142 45495 84165 30967 32490 68155 97230 40717 66381 83518 3786 
60367 84131 75938 93478 35730 7363 16599 49656 8133 55350 11511 47833 75374 26904 52601 92606 91279 72877 97046 2503 47018 58892 86668 94336 91381 54822 91565 32097 37554 91434 52235 14273 75565 28172 7750 27646 35534 24349 77301 60018 79698 5163 24203 71423 48418 76803 80380 39697 49679 77425 42199 13048 52669 45218 7384 44049 16391 98948 92498 53945 90382 61084 68217 82298 89255 92318 26295 41140 33018 19947 17510 29067 25109 41712 489 89879 34866 97221 45927 897 74645 88125 13944 27313 49695 37679 87714 66085 36627 
80211 36381 43360 41294 20949 42009 46900 29619 68303 4391 62636 88249 38252 8055 29709 79963 24895 35939 31181 22115 81865 32077 13112 86342 46020 40424 36036 83699 44489 18472 36677 41051 54853 96388 98696 92153 54748 61947 21771 23050 66338 759 27650 4589 8813 73710 904 50059 9649 32084 72174 91513 64160 85285 77854 26531 42060 30241 26581 86549 48713 79609 27599 19917 92348 26295 28421 47095 88241 50192 70144 70930 67302 14145 91871 92466 4207 92774 42524 13855 41209 14697 21719 21720 99981 15925 64602 58393 46165 
7535 44941 11229 87143 88891 31145 79491 31537 59566 42937 36130 26109 29433 7059 93410 43577 15281 85875 47783 24406 44750 77989 65614 59447 99708 3685 75779 15632 68287 34171 78148 75821 95463 89377 79315 706 36873 75157 32242 96438 18094 68371 38898 47526 91782 32307 7454 23414 34533 55237 47820 95635 49577 13433 55081 49284 17118 47211 81267 1756 97734 75767 77576 9548 65143 73242 10253 18367 48399 42495 14805 66492 27217 70054 30369 35350 18713 37822 58764 53245 9410 6583 48879 58987 36367 20311 24622 69836 83874 
5889 71591 97959 98007 65518 7506 79501 38760 17759 97867 3510 76605 12671 86353 20173 82725 16721 55523 1437 54542 30638 71033 63952 37220 36264 22938 89938 72926 47559 59774 73151 69799 47716 71109 84157 29586 78615 63657 84697 12725 61524 88206 89329 90546 74558 9501 89622 91278 81375 7410 62171 12012 94795 26122 65583 31058 65411 55521 20335 29322 31646 93486 15472 95713 80946 99629 25298 75912 63285 26346 88636 41160 14551 94316 31706 89108 20169 21327 96737 17895 28737 58908 29907 23531 1381 95489 70940 83144 67361 
7626 12465 15358 17463 44288 27423 98409 43916 52720 74320 23553 95418 79308 64712 9968 73623 12769 15428 10143 34096 28516 28038 79184 3775 57944 19066 5156 69784 6357 88299 53497 13982 17115 85206 47797 61402 12628 62557 21670 81700 36876 61574 77117 32535 42637 87084 22510 55406 18863 32652 5853 47379 77041 1388 51153 34984 36805 72660 21120 43161 77310 90968 73494 94424 92525 37642 72178 5153 198 10199 86852 53426 71772 80320 85960 30760 67403 8469 86165 2618 57473 8369 49996 34513 26108 17500 85849 62912 6512 
23320 22424 83821 30639 95918 78245 23163 33559 66774 28315 33757 76972 31518 87182 65095 11837 89493 95854 95592 14314 82019 98209 71786 6739 64556 22650 32847 98407 8498 12110 4918 31817 34534 88739 62455 30451 83335 85618 80361 50108 30284 30469 43431 61802 34002 8525 73638 23495 4378 85581 37808 2748 83789 25945 25839 64696 48594 58685 63103 73444 70794 68020 5260 5327 56758 84067 52129 56444 86036 48842 6551 32671 79310 66333 10824 13312 74857 814 53158 95587 86394 7317 14686 70183 33261 40524 34878 98206 15560 
14332 71649 86354 82352 93261 8032 55461 93679 76513 11905 96066 25354 34807 28736 21015 17492 39560 50678 92348 40373 3835 4286 26766 11151 18972 13300 60763 59495 64530 75321 75055 78861 46969 77760 77564 56581 2143 33025 50259 95007 61281 46324 36712 12439 75060 57727 29930 30971 8404 38630 71343 28591 42915 14460 56093 61886 27760 33208 37733 92289 8528 29139 87501 71848 6898 65065 28429 25392 14441 78687 20399 92073 41363 57110 4511 16422 31188 50793 63744 55944 89422 35086 886 48688 65897 56978 26926 93656 6537 
64658 2296 15064 10148 6149 3264 17045 71213 31692 58788 2005 26730 95538 94077 68092 69000 14939 865 187 65731 64608 72482 71504 16045 73367 20192 81942 46697 47117 75597 53233 28126 94245 84649 38273 393 87912 71669 87957 19603 30456 89961 46332 25994 389 14424 94993 15327 31640 11531 81058 96248 84013 68913 12292 73731 89104 94233 20427 52572 86182 73660 97049 96778 58308 35321 97170 46219 23341 85126 65821 70149 91438 28504 96142 91826 59279 7486 7152 90919 35368 4561 87166 35732 73474 15809 9463 78929 26394 
29889 31501 28927 3548 28549 25704 61855 80222 39225 24425 3562 40702 6597 73710 32139 35101 86203 40316 10731 10040 47467 1649 61760 68380 5166 97491 58205 37327 6953 37133 63720 53194 84985 92646 56741 29886 18349 34948 26459 57573 75724 46372 98274 82321 20082 46764 33773 22636 87079 44503 49028 50897 46152 10787 19276 67669 24629 93832 4995 47934 47317 85066 1127 32301 77711 57867 78538 12411 9166 4996 86335 84890 51368 960 83562 87801 64075 17334 26788 51153 61836 75815 18402 24339 2953 54029 92008 27582 47861 
13354 91867 95177 14772 92993 43829 92482 67211 22367 21245 76377 27362 23931 77618 95081 41243 61179 82881 5317 78512 9669 72822 56699 1835 91223 81038 21140 61603 89397 65073 9463 19102 56939 20991 33873 49931 64820 42707 17141 87186 80303 9869 30899 4233 87486 42332 61827 65016 25212 67144 59879 51232 56317 16578 69419 63891 13967 90558 25493 3363 55630 34956 38816 12568 55946 72689 62498 37117 15395 79638 24302 12049 5859 71553 16281 9696 13884 78108 74712 55447 61603 34590 6679 34271 67519 92449 98161 81485 83006 
23653 1199 38635 74960 40015 51202 47258 29055 30051 84374 60801 26040 25028 72849 31898 12932 5481 41594 26815 99940 16305 98613 61542 67246 21643 95812 51117 14091 10324 48953 97096 33977 50152 35730 25288 6518 3283 72545 51924 33333 56919 12724 59373 98298 1924 91270 11229 7404 32863 38043 7344 65519 36655 85237 49117 58298 97401 16585 88740 7724 65537 85836 58052 32040 37917 83340 54909 41200 72236 6832 74532 29154 35907 50256 27451 37830 41526 38679 61586 90740 93073 85281 72611 46080 70517 38079 20729 84269 71015 
9468 8345 36551 95303 82748 84943 33220 66087 56203 90771 38323 79387 65302 83828 15293 31910 27631 69475 73435 82661 47412 80526 75734 32692 69488 21813 19560 7566 58893 20181 78580 68360 28525 31483 80015 11272 32777 13234 93711 88979 20356 48385 68365 85657 32212 10 33918 76194 85836 7352 58855 33247 4230 34588 82290 73717 72752 18201 97635 31644 38381 92566 16355 66905 40400 96369 94529 73176 25954 88239 62155 46309 36623 46871 48318 85186 63232 82235 77732 65419 5939 36586 15017 10168 87525 97306 236 76628 15507 
14222 24623 53887 6788 40977 37144 47187 37346 31672 36715 79651 19910 15221 25960 72884 62091 74277 74421 41675 56511 52152 7093 62449 5089 22110 88968 92613 35767 5556 85592 67625 19777 10214 21512 42916 67543 75007 6455 21240 6678 43169 890 42939 58389 26849 32174 36831 17477 6594 78505 73988 75098 85598 52788 80186 24059 58108 89151 59825 80015 74742 27450 99791 1308 65313 59059 68850 56671 65513 90089 63348 8681 90978 6286 67069 34179 38459 20251 51655 61404 98756 41994 36501 705 11134 33039 41115 85593 22189 
17291 65607 96930 61092 81749 98237 42756 40807 83438 99426 22671 73526 62773 31351 80856 85410 14771 31386 40220 35022 83040 17976 50129 41386 54476 67185 68871 87514 8299 54463 26054 25589 36421 22984 86681 18169 37572 29436 75328 21010 28862 97998 10887 7986 29349 91742 9748 60471 39479 49967 11844 38871 67942 61972 80256 38770 45508 49126 42635 53806 19940 68689 95747 56360 8024 98779 90880 45595 28214 66207 82956 73427 64205 93843 97765 9905 1936 7512 86727 41415 73830 98571 80285 58124 76894 76892 96893 22402 42369 
39527 92559 78660 8215 88305 35019 16238 87083 42250 78185 31649 8457 77492 21427 89013 71334 19191 98917 89622 43054 1995 47388 16884 565 44024 91359 93811 20915 88251 32564 63283 44129 25122 58294 68696 29779 93312 1285 33213 35561 79469 81213 60369 73313 2640 49381 44646 38182 64649 50619 97588 66644 98006 30823 83560 58381 22181 93722 79295 10431 26285 58929 70911 67759 17222 39606 13889 26885 40891 47101 78798 36711 28314 39166 10023 47305 4899 71021 85486 69547 37991 99425 52542 52349 30247 36102 10729 52427 29823 
90024 79209 72460 65304 50120 56570 98878 6077 70458 25762 63319 33910 4559 16382 62223 60077 26404 25879 64975 13776 27717 50873 51767 27141 3415 20467 57388 55868 31195 9814 2042 37570 5375 74501 2874 55494 47422 1751 77922 17879 43864 41241 51789 48423 57622 30363 24851 377 56242 89825 14153 83958 40697 82271 27450 60463 2737 84837 16330 50283 94651 18372 87853 25 9224 7078 71870 56646 25180 49791 90876 69043 7383 42664 17465 65004 89379 42315 65381 61972 48491 95885 62281 5540 94507 89730 66002 13595 74567 
82332 63877 85569 703 68081 1945 26278 75158 90166 99275 337 56308 90151 69380 63691 49166 3196 28694 38544 61863 10426 16867 10353 6310 95499 15892 816 85229 98246 14410 76147 80577 94639 78067 97631 62719 96363 23908 37877 2880 23183 38213 59187 29685 23944 22877 78850 27140 67923 33746 5354 78348 66964 32058 1010 62463 64302 18177 47691 62547 32587 40189 43123 27225 34607 57105 6295 30969 81012 44171 33848 20546 98736 9386 66582 22679 48615 45432 66170 32889 95529 87875 27588 62492 19933 28597 24954 84234 46774 
88996 63132 95712 29184 6254 39288 63790 79710 45582 11110 60721 89753 61309 97619 4840 70695 64200 27518 35661 25983 10040 68549 37863 97914 96136 355 17846 24733 25308 18431 87858 30656 81562 83569 59839 4167 22856 39981 83876 68437 51090 60949 74541 12399 74919 79380 99445 55470 23250 35105 97805 33289 3653 35667 47554 99788 36021 81752 40872 77681 182 28729 8336 98096 12297 84526 18614 51504 24506 2490 36293 91948 79790 27185 20698 71060 6565 20142 26529 46166 55246 40685 95806 75250 76352 43359 91389 28724 25110 
32261 6404 41644 60989 31091 56091 89638 15617 74704 57493 40122 93545 10137 48421 89686 37322 69118 60745 60238 89259 3626 6403 60856 44310 2208 36105 20661 61918 27494 49385 3380 76106 72140 61375 53446 3231 17465 59435 18847 92168 16928 75320 85713 27064 23741 75398 64385 92858 52495 40974 98469 56120 47376 59324 429 65935 11781 37442 44205 55626 3178 47584 48083 91669 8958 1528 94899 42774 60963 30097 34941 94242 21769 37005 37657 61861 28755 18394 71070 81249 59367 69538 37368 23095 45214 54148 89029 73346 7941 
49585 28971 11118 13520 77053 2787 38829 94932 14037 81602 72246 60486 32895 66487 82254 69899 4144 44114 98653 22537 31535 96253 81903 1073 49972 4997 62638 4120 10378 35983 12060 76314 81305 39530 89834 74709 42316 45014 69640 72704 26616 41886 33189 59510 24724 15442 45760 28867 75907 60765 67755 7442 57017 66010 24866 6989 87358 87503 27460 14087 23485 55871 90401 21141 95400 96586 95849 54067 41599 81840 26771 68214 23725 59959 44075 64801 91753 6187 10019 84011 66951 77774 7804 23967 43783 32669 47307 47492 36523 
91118 61579 76359 46989 51979 97499 42388 64916 93347 96455 6514 75187 23225 91080 15263 99535 35154 96415 7639 41340 6434 91650 24642 84207 15805 64961 44341 48474 28619 91832 1348 19737 69762 77707 66725 38092 75205 9112 3007 84904 21918 9521 76442 45142 600 8056 61029 52105 4471 68667 9797 10904 76668 34438 11462 92473 15750 55802 57298 44369 63985 58645 64105 33747 36351 30829 71838 27908 56292 74845 29163 78210 717 21956 39703 1316 30011 731 69772 50833 85750 95920 78088 62417 30358 89549 71241 62459 61702 
28538 6827 25687 87183 70931 75785 39885 18111 47622 67792 74403 38818 13306 52612 39534 35261 92314 57201 81624 9397 26973 32456 95146 39244 10544 73914 85953 92 45155 48412 78146 90044 55238 3832 93578 26169 79616 33463 44279 43589 17606 35033 82407 30912 87644 21940 82524 96310 95493 64147 22058 38817 12955 33555 78060 23498 7468 64013 39941 68974 12424 18086 75370 84013 38269 68947 26533 17884 18761 87164 77825 36367 22196 60231 83630 26192 98522 66153 38853 10366 46652 60910 49182 59606 94464 27242 99455 18283 7606 
55747 3609 36381 73833 78978 20393 28453 64276 46926 62689 83037 34089 40513 19403 72636 743 19384 98827 15616 1888 37679 25982 48539 14940 75163 24496 25755 18756 23950 44038 42713 79697 63998 79093 69881 59327 15838 98333 23602 79115 77373 22990 29555 17885 58744 2190 34979 78127 17369 50595 80015 71399 92928 44905 86339 84442 69401 12093 19550 9702 72482 62262 5750 36479 57707 75630 12157 89896 90315 52111 69010 67687 75100 98564 1924 33844 17105 36902 28322 34473 3848 8336 5872 96775 69593 92210 81217 38993 20654 
766 65046 93136 79379 70796 45966 37085 62777 58123 26980 53091 10233 12341 37130 85332 27256 39053 35527 44361 92306 63849 78833 96154 88536 1056 92928 58128 93265 90496 13472 30271 91261 78518 23406 86992 65665 69371 40428 28441 43845 83760 81532 54077 96100 35013 55761 23356 90417 91287 84068 82722 71487 62900 78875 60023 63956 88155 18150 73572 78650 47974 3842 86263 26491 43599 73254 92155 12970 30033 20595 73166 13792 18478 43595 9892 69842 99355 49599 60258 6993 33666 59332 78480 12917 38206 54854 93224 42712 73003 
66796 21362 20976 86989 23976 63818 30588 97229 72324 59909 43613 9271 33074 57405 27748 93020 83648 13942 8726 49598 74199 15719 99615 33530 10550 12531 88088 65403 5755 30799 54757 88902 68512 92085 92242 92487 55902 22829 6067 28226 99089 49680 37496 48515 7084 81595 41534 7083 95536 50260 56680 86087 82330 56294 35968 92879 85176 40407 74633 7282 71206 29389 12535 56069 21473 4777 48556 93727 43957 70974 38304 43046 20653 75799 91560 44088 73745 49445 51170 85633 99704 24201 71719 98385 96846 24038 91263 82022 64445 
82247 89303 52002 27988 1838 8070 65812 22966 56625 59538 66922 43951 97841 26319 64603 89991 34230 25043 63736 83675 92564 49368 99730 16765 37438 98115 13610 61475 5729 11983 25919 87976 17638 77920 32315 19475 85990 98126 58792 58966 74016 25713 2916 71856 68384 83871 78199 2613 8913 58286 86287 17828 7653 2369 34592 61442 483 64554 22916 22563 92888 65187 26890 10525 43106 59204 46351 45447 73682 5142 20765 47697 47207 40032 35904 15590 23902 14102 18202 49166 72387 20841 66994 96391 23209 17937 57832 40043 98842 
97100 62605 91730 62286 5847 2254 21743 65050 48605 67190 38731 70098 4306 86427 17304 44337 22331 49245 84591 52784 67447 33756 41523 4639 17101 37913 44199 35038 12097 84241 33879 9196 63197 41960 71481 69043 44214 93223 50445 9170 76764 89175 95619 97421 91954 12923 41758 30636 78519 26348 83419 45965 76455 24941 50603 9908 79206 94801 44945 91302 95393 95175 497 74942 37135 88329 43984 97700 97903 94428 23221 91019 99955 18839 88439 8260 48113 46548 38895 26632 89247 38665 88948 65702 79958 55903 75609 59163 67055 
36905 50464 62448 48431 67312 53741 85565 71992 97724 99616 86246 8504 22836 77264 24810 58027 82055 33069 22491 28602 88315 49122 34201 26979 54422 99902 6936 10324 91862 82450 77378 45118 32913 56177 93548 16576 9917 95465 4919 23993 95080 91165 48848 34268 84780 90009 92294 83186 39429 14784 28140 27743 80258 62340 54721 34679 78593 78009 61354 86806 60458 38731 31923 9723 11260 41822 42650 37528 37286 47569 61520 32366 55085 26719 82985 56216 16727 91630 39402 72507 22765 83893 249 3022 46232 71322 54052 24824 49330 
15405 11629 9787 70488 59903 35861 81747 1724 78511 19274 39010 26079 97146 87727 97515 40216 87063 53730 73295 78692 9483 45801 1456 93375 46050 20830 39606 17371 74881 80781 83052 6638 8761 92838 77125 68663 28699 75223 86739 23561 10848 25748 65991 7993 29826 63505 64561 16888 33586 37855 95579 43069 7 13386 36443 46056 34215 92401 79778 25448 89533 62829 32085 98294 72019 25561 83308 17069 17135 70046 40629 27982 12145 6619 52327 41970 86475 16887 75209 20060 71093 70787 63128 71099 525 15923 17155 51091 24675 
13284 76538 14207 92465 24974 28852 64483 66886 12160 81551 84020 82205 38531 12002 94350 61501 64328 52671 47975 81214 27880 68034 68658 15018 47514 39756 15542 79788 73262 66633 4462 86546 59522 18668 79010 84496 63872 59844 51381 76031 41394 35401 58235 96276 63754 68936 57776 28081 21607 5750 25646 65838 90135 94303 80855 37648 50410 12749 17435 23672 79381 38248 26569 38902 73268 5578 39749 37139 65421 7482 13169 23166 59234 87755 19441 22987 73043 93568 67419 11001 99317 9416 76838 5803 20070 57692 43451 70479 70440 
77237 94150 66172 15485 20718 21426 88752 42647 77526 25890 24419 85007 55410 63936 44240 43164 99728 83578 16206 93295 67348 27206 8963 76763 20395 14766 96832 94439 58216 83663 64878 51804 94164 47402 83640 14882 85179 72391 73880 62704 14632 14651 64063 86393 78586 8302 29557 78314 8232 62114 87960 75579 5672 96923 68694 42418 28040 81877 36856 2607 65539 18086 54410 59703 65487 38050 90936 67017 26792 81167 29720 57776 95817 93782 44168 74403 18436 90076 69068 43019 68542 73379 34949 74213 70301 3642 16630 98340 85519 
69838 946 67409 87923 71708 43463 53409 9757 34398 36777 52900 15565 66496 10675 27733 76630 54843 18487 11417 44918 87554 54435 29811 77285 89383 4023 47585 93025 37005 62277 94895 6842 79574 78655 11116 67633 22118 80876 93741 56515 17652 46641 88431 84147 57315 16164 77128 28509 51002 88544 89779 38556 42978 19589 15840 32361 39964 79776 41737 93320 58404 52983 16513 54330 31637 27628 21962 53754 8503 15703 26621 26154 78695 15051 26652 52361 47566 3780 80870 98568 92323 87000 53475 35301 6588 85666 84013 62903 81793 
42101 56222 56549 95083 72734 27230 26719 361 49191 96825 25215 81245 23445 51368 76291 54847 78020 28652 2413 81799 25873 17332 90473 12872 87158 25773 19459 72823 26137 98714 70967 68237 54935 43867 79671 27669 71096 6390 44381 20287 3214 85948 17883 43010 37315 94174 97856 31686 39177 268 29836 65049 33951 20309 77920 21108 62433 13730 10282 4922 12443 97601 73158 67378 41467 52829 11398 12563 75570 72130 49201 95135 58077 67083 38144 11744 77608 35999 59781 16784 52619 89617 98184 86569 9925 76103 24029 88709 6185 
50662 93630 18627 48262 83140 2356 89729 52320 30105 2291 27889 18587 51491 39375 93015 34925 77518 4758 28885 29868 64539 62020 82486 70507 60204 85407 96783 52658 25787 85491 58842 76448 95473 93821 24710 78612 12528 30790 30931 42633 49432 75171 77571 17274 14545 70585 52198 8414 91695 97434 38281 72585 59454 37119 43091 36009 38877 39873 88666 64663 41715 47508 57462 37187 57680 98523 15798 70207 29312 63080 29191 78743 38250 6761 96016 52794 77346 64566 61207 69040 78351 15840 41624 37804 69310 1066 73812 8186 57290 
78830 89200 99004 42689 46661 36191 368 45184 68340 70574 74495 31420 99765 69590 69669 6525 81957 38815 222 62874 16373 85613 41225 32212 43588 95380 17873 44653 69192 26058 1942 64373 15257 17298 7061 61918 53488 7428 23453 38179 94353 14299 69598 94117 240 55619 16994 82197 10785 17215 45070 27157 2828 2646 75721 46415 98026 93593 7420 83569 19651 9361 47941 51259 43010 55001 29528 96497 78780 52980 51028 73132 83631 20625 83601 83870 92595 594 82418 3379 34160 43840 46888 53339 46485 22608 16106 44510 32552 
23525 44430 68554 49237 92370 19813 92247 63722 65692 5095 58853 18672 56122 31985 18654 93099 31937 2523 2045 48882 84941 5424 83041 45132 68663 52732 91616 91270 68837 52478 23821 92361 96907 92375 57949 89277 28539 50195 69350 94230 55290 28203 29253 27763 76539 47906 20861 8475 66781 22906 73708 68073 44681 73100 13204 13343 25831 4819 20964 94667 57296 61136 3379 54203 53510 61328 59831 98400 11522 45532 92630 83163 73734 38234 27278 66624 86140 64490 91450 69272 87395 65157 37344 48427 38257 66899 78121 64087 88069 
99084 58754 45365 60220 78484 15919 30081 39811 92101 44833 67685 37632 37462 67199 27718 75695 94476 94341 78186 58966 2143 47457 62712 67299 1152 27491 5555 68050 5611 85994 72471 4695 61099 17835 81266 39582 50105 27698 79393 58557 72530 63429 12540 26343 30627 56609 18390 41455 67302 12927 420 69444 76736 79483 36742 94239 6973 58649 78641 12584 44642 51111 33630 5740 85297 31247 45321 51753 75296 41065 10309 47826 4493 39200 90520 51472 95809 25261 92926 63110 38188 93345 32553 31275 89179 85646 25513 96152 44294 
4153 25087 88935 55263 58716 11026 40559 6314 72699 92311 81609 30115 18971 29434 34608 58171 36306 86079 53979 61566 95356 33440 16105 5052 65992 47379 94230 51637 89244 90381 12283 93396 15467 17569 65011 90534 28595 21921 96847 17645 14232 78456 47759 49554 24241 82366 7724 60546 84796 78054 38464 80151 11493 70920 85202 93836 34651 95784 61825 23894 86164 74107 33641 17983 91675 98651 8516 36621 36924 21715 54265 67507 170 2024 17060 40762 741 41136 17660 1889 19189 56123 98391 47034 43394 83593 57221 94396 79376 
19045 18289 81891 93151 68282 16225 1178 83284 41093 37798 20207 62807 92063 87713 79328 10438 4773 20089 11178 45908 37748 13066 81448 10222 11457 44833 53616 11401 2054 48011 7128 37450 82652 5370 46953 50933 21595 48130 50568 62687 85927 70775 41845 94341 58487 21172 4778 79611 41260 32308 41870 79008 61725 23318 5581 89533 84502 75548 933 2907 23559 24412 40357 22562 29782 87309 89846 67728 35438 40413 46766 37716 27539 88610 48409 86026 9781 69538 81988 51040 1845 23858 46399 79922 63527 51980 69454 48028 27527 
86739 67287 67437 11150 7643 6350 57283 11303 12547 41362 63092 52960 88127 807 96850 76736 65567 82875 2868 35105 64863 53908 53301 88720 16658 33222 68598 84989 2676 16625 12516 89414 83911 96304 563 7905 19006 74198 19207 31552 15559 82298 863 3686 99457 97713 96773 65023 96939 99641 16479 61801 69900 69780 66872 86557 3001 51821 71546 5676 68446 413 95089 68708 13068 12004 92965 32073 2553 28523 63625 18111 27173 64487 38148 26629 78551 34921 8003 75490 34561 24482 37290 4460 10613 20514 7368 13613 72334 
78913 35641 57131 95677 47081 42191 8745 59084 51507 57169 77988 80029 20793 96099 7201 1632 34246 50181 80182 69166 58184 55671 20078 99017 9313 24537 9629 46178 31905 39593 34863 27169 75233 91994 22846 22314 50536 47942 97749 2042 5110 75737 98422 42255 88187 5623 43886 22432 55803 40419 7950 30338 96090 28027 45706 21754 68916 55334 67931 17172 11279 2793 44340 2863 11138 83537 25176 78025 31478 39277 80066 36588 31365 78488 95194 19551 462 39079 58334 56264 79497 82635 2954 91938 27014 48659 13691 95929 20345 
81621 13100 31623 766 73791 34485 11903 57328 76013 89928 88805 31641 86345 41744 79357 81184 36937 15259 81645 92367 73592 54261 88216 72579 57214 80153 99592 5872 93844 11872 26216 91816 24971 74190 92581 15113 25027 20836 72440 1039 10763 77597 49031 13459 35692 28387 94643 88981 43645 76287 81347 33588 30547 69562 22518 87760 49715 22109 9984 59910 33980 52551 51725 75302 26741 60658 6767 51767 81493 79206 69157 8607 56802 34539 22065 8846 62925 16707 97826 22921 9346 79172 72860 39892 65086 95378 44004 14800 33838 
70339 91061 84170 22889 42785 75823 49629 19794 82589 17747 1286 61795 86903 9892 34948 21441 31957 43793 717 65015 41618 39989 74360 37142 12849 30604 2227 8226 90959 33378 42063 61297 24438 42584 84185 83574 18407 50166 3368 995 67912 4653 79141 71167 30897 14089 8959 79205 74233 26028 44219 15851 66016 34931 52992 78864 81886 71570 3441 89196 4947 61856 50492 29384 4439 51028 29309 22845 17545 32676 23840 1809 53681 19332 72975 84577 33420 98285 63781 7653 24312 24351 39855 6680 59281 9198 85543 57518 80767 
88984 46713 85713 50839 97204 31448 71629 64584 60756 94474 98480 9784 34665 288 63464 53996 89614 48040 3768 87899 28172 11420 28562 52522 67626 35241 11803 76823 37136 69320 57589 42471 16033 59653 9661 29588 7452 81289 10523 68207 92114 9003 77990 26778 25642 57805 97126 15256 22196 893 19506 50367 28664 48067 2889 96289 99660 31043 89463 36795 16714 63403 79265 49098 23055 88925 95038 46858 86565 5560 15064 78679 30914 9406 5456 56556 83562 18933 88163 5758 19825 7668 56124 64840 55734 75364 61128 71745 6406 
66942 8539 23120 30344 4155 72217 69750 9431 67254 16607 95996 89166 48023 74674 36431 73780 96481 9338 57341 15414 97500 63098 35238 5167 35574 78 77253 10937 77557 48997 17343 60851 73888 56814 91194 94394 45382 77296 3825 28988 93902 99820 34505 58276 90845 70935 32055 87325 80273 89396 2738 77772 68845 54328 82939 4418 70757 60191 15355 64665 25539 49049 25515 99426 22214 33061 93820 67595 10356 13996 96582 20609 30167 31086 95237 21011 18373 27291 24687 98645 33038 43777 76416 18235 98104 75706 22652 85212 52248 
54358 49876 77787 19758 91743 93564 41971 24803 3735 25918 51510 17730 22499 88470 47896 69937 83706 85258 88309 10997 9945 3305 60386 70073 96072 78620 84528 88130 17624 69739 40377 88333 35966 34515 8091 44060 28079 66413 68862 31813 92330 36723 65895 31181 25193 13790 17469 8898 15400 22129 36246 41696 25433 96632 11768 37856 91603 96295 25985 25578 82385 66362 13911 18350 17228 38353 62410 45306 21117 47623 93471 13447 84346 59365 60979 25890 89506 78447 34787 4905 16927 87385 46600 58711 84016 74719 96566 91970 71013 
22551 33900 53397 5264 47810 88099 22491 2514 66860 84149 39982 14482 77619 69780 15179 36983 30758 57420 26488 25556 92207 47745 42482 79591 94344 1192 79958 85415 14110 88279 56427 36660 22178 26176 58275 86339 30626 97117 5204 97485 81265 45186 28318 58883 14965 43497 12217 62075 17268 55057 87630 9474 2801 46464 5416 13496 64007 1725 98910 78116 6356 71689 14775 28533 97864 89401 31224 44841 86518 36427 42325 67782 81612 70642 43017 12929 30490 55233 75003 47758 10289 62632 73583 29441 25447 95351 42937 89454 13427 
58198 67569 19782 29886 98696 64667 44101 88096 12242 88941 74613 65020 47617 58747 62984 18259 18115 75912 65100 73347 50914 29209 99988 29897 2792 45780 55344 14494 5068 61149 27920 63266 28717 64054 93151 27412 45072 53604 31860 73665 58896 22824 38684 6513 81570 1667 24771 99684 77578 6222 89383 44843 35431 5722 74740 54574 51501 46435 69067 56569 7583 13338 36186 52651 93743 29336 80063 55166 99291 11922 28830 58187 51097 67514 64699 32667 85532 5821 48702 79462 12042 54436 24304 63824 60157 15395 18397 28010 61829 
87463 930 85763 17153 37115 38414 10895 82802 34828 66061 82093 63101 11242 56631 14197 95107 37681 63215 80639 43501 11917 60100 71894 82704 755 35718 59213 16150 54114 3574 94330 57929 4503 80093 75081 41617 34858 85975 40770 69685 68387 39214 32785 95981 95844 46981 91087 33524 26548 88077 93376 54816 64528 81622 37519 65283 17339 96731 81432 87804 304 92113 45732 21158 72205 20812 79126 23414 23139 19896 93098 7877 59109 42234 3857 71305 5567 11296 21180 32114 99372 30908 86929 80252 12529 24447 45534 46219 37530 
43317 50374 54185 35429 96106 75343 23986 33269 54468 47399 72759 90715 40497 96988 66176 99082 844 37480 4648 28491 75011 36761 27863 22270 23689 8114 34798 64488 69999 97368 2017 13315 47742 56201 65095 60199 31543 89080 93467 2363 36479 82578 93077 93327 79565 59252 92408 96760 13083 97056 25251 4446 50168 69465 26715 73857 93930 77865 38344 63928 75232 40360 93594 39325 12912 58688 99523 60807 47768 9342 79521 84246 91919 72597 93924 87835 48201 86331 84594 77635 99738 9844 82080 49906 79308 25147 40114 73237 3011 
78457 53516 94594 35168 47109 33919 64431 5797 33441 25237 53564 42782 4757 54161 51052 93706 48084 38886 58258 50766 39832 35892 66856 49675 34324 16761 45335 59470 56874 34923 62480 51682 88439 57073 86849 51899 7343 51279 57695 40784 92868 27610 99917 13976 98122 67321 7681 62557 6206 65938 13323 62389 18182 96530 28416 52505 13290 73750 28326 86515 25024 90805 38196 29814 64229 41396 81713 71572 9026 55759 28707 18245 83369 44975 32221 81490 12295 56253 60399 34853 38543 90073 97241 56724 86602 25656 25580 16243 15757 
53905 2757 57133 61061 57304 86946 25289 15051 68658 13212 40428 40769 58270 58673 24137 3245 7245 21978 15539 63497 82376 66743 2039 88800 63984 75114 75401 5991 693 91643 21748 54597 10751 78880 15657 84406 82177 57298 15808 67187 86861 56236 7955 45131 31260 32091 64727 38504 70420 96617 18352 69148 63360 20391 57947 43695 95504 49700 49685 12549 41342 87784 67145 68445 66663 82802 69202 48840 40099 85010 16026 26959 41245 23980 88441 88856 72422 53167 27359 59193 49784 45710 44692 29495 82452 2639 73189 94308 68690 
22873 6856 26383 10657 74000 94827 93671 73153 80381 58862 29603 65390 91239 56562 22986 31570 61354 11841 20343 30873 55551 79536 97008 1260 40579 26502 64 43217 16042 10723 11906 38914 17578 54641 65922 7929 49467 75945 97434 29847 51158 27036 11588 42397 99949 34573 73966 61303 46413 10661 92175 1963 6548 89182 19575 47126 32035 35990 6695 48076 46712 34952 3341 80641 89592 85615 4921 39059 61559 2354 85257 12716 45742 96845 71464 45690 47769 45430 23344 10534 72442 31870 12496 78989 37403 48422 26114 69437 763 
32808 17512 63826 67760 37205 60818 57351 22819 65739 12761 729 84444 14370 13444 46537 27566 84908 92227 75334 46689 31922 85867 35482 63792 14715 14470 1194 63136 40583 70631 80251 89743 4494 44076 73854 41698 4894 47556 80868 86984 60317 81596 87779 74686 11392 34316 18603 12651 26542 93936 75691 74815 79803 11172 38606 94517 25641 39800 74004 82575 26782 54254 88669 31275 14682 62522 89325 19575 10078 86544 22910 86746 68140 10688 77783 79531 45003 96385 8533 87896 90320 84223 62711 86474 95394 1316 97342 21034 57467 
71346 19960 84248 41951 8629 31875 72984 87502 37551 8910 13931 24094 31819 676 92233 42507 78458 88115 3861 91194 12999 91757 81514 97221 54467 84339 92614 72134 81681 29999 29601 69378 66311 30200 27680 74939 62074 664 78792 99624 25925 92723 40070 57744 93398 48654 16602 88208 53121 20462 79401 66119 12218 77266 63340 83036 77957 55953 71522 59637 2304 17474 45366 68614 47673 73045 59904 26099 90060 38695 42074 15985 31417 82143 90080 41167 30797 6681 45726 83917 27142 41478 50035 55712 18744 13374 55099 96700 85679 
26620 72688 87982 44093 34405 72947 8118 7449 32850 34216 13861 87896 76289 46197 19313 74784 36276 76831 5580 42956 22556 5848 86449 64033 55882 42160 99128 85608 97259 12179 87638 40230 1218 91971 675 35622 64917 8792 59423 97766 59359 73283 85661 51999 19479 21325 43134 55754 14507 48713 15061 53414 70912 1509 17447 43146 60021 32926 28753 73631 61457 32742 30212 62674 24712 30886 98296 89628 56029 74070 3745 31739 47352 5757 90 83182 27082 43223 55287 57940 91936 70347 11354 79199 88207 45152 22344 64579 78077 
51096 38209 39533 83837 68421 18559 8548 15658 33206 14527 71687 7275 18271 3425 70978 24028 3514 54159 67461 46737 25797 25400 55024 96143 53105 34222 701 98256 56566 65280 76333 24013 19840 32217 24202 88260 67127 49101 3918 332 63628 91956 7606 98250 11732 78583 38629 15246 49093 6089 78334 74889 47841 49709 87383 945 282 88084 99201 73199 69715 91885 13564 89554 40453 37765 94166 7580 86865 98083 7911 66844 6390 31869 81446 18121 26803 20074 49718 75896 42515 28051 50784 90355 94111 38167 7651 94393 42602 
23203 83943 28668 31439 97506 34573 88244 35270 28738 95823 38487 43172 20085 21682 49561 68305 3127 67682 95108 39553 17399 71003 82067 61802 38138 88773 72264 92656 12775 83008 35257 35978 66951 80276 83768 64456 14849 72011 16078 43586 67833 70916 86758 4270 92597 52670 72574 12076 36703 84033 51628 70454 55035 33694 32255 93173 38818 20870 85828 51592 3878 37437 87569 87180 34064 71337 67987 48912 59699 84064 92498 27532 71331 95607 48153 80280 64628 37078 92355 1331 21111 60334 71784 76145 10379 20390 85669 49196 41259 
87849 787 61488 41637 4708 48667 75700 92396 16654 40964 52094 17069 33461 95977 88400 45419 60481 68679 10046 97559 77385 11376 18669 37718 99511 11165 64448 19900 13186 13643 61159 17386 30781 38998 59022 51840 87665 51073 44235 20670 92036 12681 37738 41848 8657 42489 87266 85490 27519 13664 83048 4903 41391 1716 58972 40902 29232 39771 60801 42417 53413 38311 59802 546 93661 35175 52385 81325 2600 12972 1994 94635 25652 56083 52835 50660 98572 56452 36149 42442 70115 35548 63697 27858 37263 39020 68759 82847 78791 
45911 41615 48555 574 17769 49100 94234 52943 17837 91910 55542 30808 10255 66529 72811 66337 19363 23470 81260 92166 75971 23702 62281 11518 87398 90138 65133 26417 75248 47979 5207 21158 5945 70114 38083 23713 19213 32316 76656 37049 24225 48549 67856 34479 31429 40666 17168 67143 80488 98427 59309 72810 38480 37941 84327 42229 44430 65811 68646 19677 13789 90204 57186 19734 76669 95269 59798 95882 43936 36453 49282 84513 1354 33490 35343 32782 90507 52510 99925 70994 67289 75585 43803 22120 13525 44482 64349 57954 10292 
49346 93982 40433 55901 51167 76518 32570 62787 36315 28451 6723 89120 77732 91235 90473 11221 26577 39606 1728 95439 55882 89073 62727 31466 49228 84846 61342 10061 49194 19295 36704 14891 29628 77136 70792 80795 70005 3361 43581 22672 31811 50303 11791 25894 57889 18615 53467 84466 74572 71546 79904 46806 76970 58982 78271 42549 60179 55965 52609 25725 91611 89313 40615 21239 82800 11406 2033 69157 14766 61965 8180 62928 28620 36322 5174 86508 54936 58640 70973 45859 46537 67228 92664 23506 42561 87287 82407 2740 43251 
35015 28464 51213 40679 69078 72451 39831 80484 90835 25339 11601 52800 33518 74529 81419 69839 96054 84278 41126 54693 71603 3336 17581 38830 96000 57438 81391 99638 39844 482 59240 91211 28945 10452 48241 98022 99255 4423 94857 90089 29761 22810 59240 79630 13690 57010 65820 9743 41288 23297 80787 12890 26633 98367 68071 38984 72156 65813 38621 12000 66294 97860 19562 95238 24663 67802 9612 23917 72225 20820 30358 18337 43629 5949 14319 73670 62959 80138 83412 20598 3435 64198 49839 30067 78916 34261 69050 51072 74 
24022 79423 82719 21881 98984 94309 46543 83137 20272 86812 71713 41091 17169 90050 1072 23117 4368 74741 2427 857 74505 39376 4291 55054 5566 50709 50322 39827 19758 1393 56252 60131 97167 38970 82011 12502 33278 44906 95638 53549 48069 67351 10992 65237 73752 12063 4705 94471 3155 23484 95327 94011 62859 99618 49065 84777 50326 99386 24603 86436 17130 80854 46566 30648 19823 44929 43149 69453 6186 38786 23001 54254 22488 50344 19490 96239 78758 40546 7061 81913 64029 2388 92275 43240 2005 57691 28016 68682 57076 
68970 55117 90557 49823 1683 21204 85997 62963 80704 71801 69148 35842 94802 23401 58329 45145 59242 70920 23903 99787 77980 22167 80168 80367 30793 39759 98723 88484 84126 67405 61911 53095 38873 52468 19269 56907 90023 21617 19869 70727 93418 89016 6568 4571 12416 81248 66067 88009 52167 6321 4148 46499 44839 667 43217 75632 40425 41940 80467 40902 25696 42377 10348 64568 11196 45968 21475 17571 67584 41343 88297 77353 46711 11216 81923 75478 92463 64342 63487 60982 87014 67634 23832 31853 68300 67048 23836 25076 25339 
4302 82329 51034 63030 92676 31954 74226 38643 53428 91796 6226 11122 96444 99931 57832 24011 98205 33310 32825 62546 96796 93806 49560 80781 33989 97764 49080 1037 37951 90507 42727 58604 72835 93761 21633 65510 25714 12210 20504 95493 20357 26729 6614 33152 43011 64446 57162 41216 14107 89987 3761 10902 144 69672 8034 34133 83787 57113 51521 21737 63971 94247 96692 36805 4359 34677 18666 46424 46886 39169 41916 83595 82249 64882 16746 25260 45679 73908 66475 59785 80246 86587 87038 80389 56259 95071 30873 56397 52183 
82393 94486 32505 76640 91177 69309 97350 25853 4326 43774 89091 43494 85689 72685 25742 66922 89430 51001 12600 79689 33827 72384 76286 20414 59421 73027 76672 54491 3899 49420 23025 86292 43905 55529 79283 35082 41189 92984 77286 45514 36757 66376 5359 38798 39060 47453 5719 44842 14805 18319 40882 48632 7054 33520 69045 66475 6546 62068 37317 10444 11487 76694 13087 55392 48574 8721 6825 89763 1705 84110 51628 54813 66838 73339 93610 22249 20791 99329 83442 35595 33999 24324 84226 41052 74195 69622 23878 80740 31689 
61195 7535 59528 54240 36974 31271 2813 62046 38095 8927 63750 38556 76907 18563 5393 50245 28524 27642 87387 44204 11083 22981 78202 51758 23559 35606 42304 9532 59483 23043 57573 37029 46930 17100 7620 83903 48370 10433 45948 2816 19359 26050 57723 12617 60964 63116 62861 89487 7109 66599 33691 34543 89580 28244 2653 29490 80201 44956 55373 39684 84351 12945 93064 47632 30044 684 47886 94765 27468 10185 13932 63178 36234 71655 75795 13549 51122 55007 3036 74582 21606 53078 25476 27537 97673 44480 57026 77874 5788 
28750 33909 6490 41695 43324 54121 88090 60359 2006 99207 87826 12190 13138 51004 64776 1144 43150 78324 68617 98156 97711 59550 19761 67140 85026 47297 64813 29505 20674 59038 51644 49424 92946 58133 7470 36269 12253 95559 12980 14258 94765 805 42800 24255 68160 7575 41750 27661 2250 10367 25817 99961 69916 61929 83452 71293 9226 48264 798 46251 7301 52441 95674 16598 10574 3143 69219 39178 15054 82198 69788 26170 83002 12587 50424 67514 36513 92174 95174 55114 18892 37342 55074 88807 99271 38526 60100 24848 3141 
77249 71098 26794 46041 83124 43391 72966 2618 12609 28496 17671 11158 98283 43841 10512 27221 10616 78025 80085 2789 89550 35198 38032 43244 6624 43191 42514 45149 19642 67361 64641 96890 38458 7786 59282 37933 51177 48600 40551 80137 77095 58221 91295 75377 18413 1806 2597 29029 96182 82681 48169 2083 34230 2553 45326 40853 45743 4191 2353 65384 71551 66994 78625 26361 74779 37906 64293 42307 86505 21195 38796 63599 95768 46442 55327 14180 64599 74275 59560 60780 73307 24081 79214 7537 26633 24540 48389 72375 45082 
50742 37758 16633 17735 32734 59345 8865 70639 39989 67524 73496 61184 6319 53446 56951 52760 8773 87482 33710 99399 47042 10841 72706 87474 90054 80242 14106 30945 28630 2832 76027 79371 56941 9011 13457 89674 68355 38674 76664 8343 6197 50159 69526 28867 19957 42828 97978 45081 30310 31687 44479 93703 42527 17184 81176 48932 97425 95281 79877 42407 14464 72255 38129 71404 81265 67938 61077 49619 22963 37740 74313 29159 87899 60191 74377 24207 3018 88706 69287 33327 20392 13765 43381 79270 30949 24556 28201 44725 36188 
24429 3483 50651 96683 41612 22054 94299 25901 83130 60269 48863 20870 34582 94373 25120 94772 68749 49326 14141 73806 34964 47468 94197 48728 90848 89818 96028 31756 34370 57105 67943 75151 60587 18594 88185 18550 56999 82484 60802 40129 42752 9664 77350 93685 4036 18821 88456 89136 84498 18949 62941 19461 66416 73489 68188 73615 79658 80568 5370 14028 37672 89665 5530 14610 24610 93714 33160 81608 76197 93961 38088 35301 19977 31789 28985 40364 66961 33793 45852 51458 52741 25144 87270 35508 14985 71810 25474 94642 52377 
30844 25021 6400 36860 30550 21009 61469 24264 70520 59428 16812 80833 13868 52112 809 45656 97449 41172 12617 31241 3375 80426 333 28519 67696 35840 43503 39505 61313 54496 8233 8508 79517 14632 45367 26418 35640 23187 67033 6160 98967 83845 86992 12834 52308 4152 74841 49756 61675 3809 80996 65050 84235 81328 9920 68282 33519 53422 24138 94832 7917 32370 19691 3785 47001 81410 30203 98992 4596 13587 21503 19914 97431 24846 32747 49739 28997 7588 99494 7024 11396 96842 88425 11982 94521 98344 80263 28040 51765 
4400 39223 76033 36769 58913 96170 121 40322 26372 15465 61270 39958 36967 81183 53741 61813 30282 19831 7161 54221 35676 30536 81968 32517 18960 93950 43390 17303 74212 71429 85419 94964 27003 77804 48084 2267 73973 64557 58941 16696 80021 20210 73005 33339 17744 26745 11503 48025 46575 18664 18597 82251 65551 565 31119 84511 94514 74508 18165 85077 62288 3584 80040 89290 97739 44476 7909 71711 9032 66849 88406 89052 87058 61410 38742 21153 4507 50245 85530 67433 85260 4126 66035 50810 4690 97154 35320 99203 71661 
69837 632 50301 89772 80671 55942 87510 41498 63850 59220 50529 30698 63977 55932 34107 41738 94674 55260 62596 61270 40789 30029 46529 61266 96063 97338 65956 93216 49010 81510 81229 18846 82141 47881 24969 79164 3822 12478 20661 67672 88049 87542 98369 68377 43473 48828 10114 54498 20439 72710 15767 77579 19090 78647 38844 15152 75985 21151 24720 41346 2661 5948 76543 1153 53828 1511 80316 74001 30340 17329 41672 18388 4870 56393 3116 64694 5220 13229 35544 25658 2290 67662 19588 21379 46309 58431 52883 38645 79582 
77602 79990 82242 83549 72884 99746 53728 90746 80062 27728 21085 13742 85752 55824 34963 42144 58939 16008 63715 88519 51551 5724 7161 19213 25311 28539 81873 93 81421 20517 79674 75374 16858 78267 75274 89741 78013 29001 96838 74426 73081 17922 4519 75184 90097 39481 33679 65387 71840 97393 53905 23391 19468 61065 58955 61130 5956 57179 61222 3728 77695 57248 79102 10904 35514 54375 644 29878 99728 97481 20655 89160 31754 25173 64343 38202 81005 98021 3588 52845 11765 73844 92587 31232 51261 67893 8713 57216 25071 
69934 77295 19117 27181 72748 30020 79047 43475 47015 8924 43202 60847 29579 48713 8952 71103 29407 47153 68460 27427 50740 21304 55543 24583 30242 3126 92195 14486 11838 49410 55908 81771 43057 75024 25304 32156 21395 4350 75630 68409 13273 35183 45607 59203 83895 54558 46658 13301 1710 15117 57079 68801 52772 12621 9735 99365 32098 1930 13850 43935 67691 69757 42058 10747 61132 67361 42903 98878 71710 34884 83638 1334 70067 29244 76889 70313 83801 23546 83614 1862 55014 57044 70662 7785 86017 96748 23501 18114 98677 
37350 62049 66368 23458 20458 93466 941 87818 52720 16170 59527 87604 99807 60860 74022 29050 37748 44334 29202 77645 44299 47415 32658 17695 34428 56794 3711 31175 80294 38176 29852 33995 16576 12571 73804 37033 22388 91096 24850 75108 7265 728 79063 23423 61588 69436 52472 15687 13769 98025 9684 74420 45439 42341 92114 79866 15487 12176 11041 12132 50351 57244 62479 66927 86166 52634 3959 8553 43730 45161 83660 67346 45888 79074 90769 23827 48509 59592 55866 78630 73969 65549 53049 19407 24241 61514 15625 39727 73689 
43017 68211 24039 16612 30689 7317 2777 99674 27628 11329 43403 72788 11341 27101 35027 90414 34221 58854 55275 10164 14719 50256 84132 80267 3304 19891 20859 64817 35515 60586 38505 94883 45148 78895 11494 75836 86212 30622 91861 13839 41950 35264 2978 53290 78716 38004 60056 12936 96857 31682 39451 27927 81937 23583 8193 1592 43473 29052 66408 95339 5989 21264 6573 67488 158 18066 59675 2721 48687 51535 32911 6988 3150 35888 76630 81865 73892 36685 11152 70748 84718 50603 98675 66654 74185 23219 68245 34009 68622 
51004 29347 90962 88619 52271 58449 5128 86688 18123 7849 51726 69658 40759 58713 72807 76647 35342 71024 66890 88378 98527 37637 89447 49129 52663 56100 39665 92234 40696 90025 60855 8051 35723 68169 96669 87993 42969 1797 74680 61092 9645 26405 47101 66755 85118 36259 59753 36811 7282 26642 41541 5809 80631 30987 71289 33293 87087 27306 41878 44134 17330 19085 52185 53053 87253 48853 41045 30221 67001 15725 7664 92997 42129 71116 59752 43598 7375 35856 80409 31008 62498 21949 53168 43128 69287 24457 92772 72725 51762 
34650 16859 69091 53734 85395 22143 57338 50599 79540 87558 17600 95264 11574 10596 53744 82689 86699 13694 90063 22555 94102 37423 85052 32402 90590 44531 18040 15046 53654 90765 83159 88303 7623 68602 42036 9369 7096 99373 59967 86635 3283 77566 98250 14856 4514 68346 13896 91212 82039 20311 13766 92492 57733 15169 41245 48322 76051 59284 79720 29705 50048 62878 18007 74022 31479 76395 83390 38575 92119 43357 25209 11753 20922 39811 42960 25435 8156 56856 32999 90194 93518 46764 82685 51250 78285 23929 99571 54335 83212 
79290 391 33260 58520 34750 7281 89998 11144 7023 28572 19614 50379 70133 47719 87652 9943 90678 13087 18098 63885 62437 8291 57402 9200 7327 8651 3836 31255 24574 74523 30818 20215 74913 80429 78734 9662 4062 85084 37157 11084 30007 73123 61462 16491 20841 49113 26433 27870 78551 60882 91755 40987 85524 49156 66539 9202 74159 86726 40456 15084 61248 87626 51650 52513 68054 46736 78526 72115 31819 15683 99550 78177 88805 61011 94668 25997 26476 37452 53866 21378 14686 45620 78717 16561 11128 61607 25763 1638 48332 
66218 33073 25932 53843 84722 78444 38249 47809 56969 26715 79627 89003 26265 74156 94159 87275 85175 36507 30102 22626 90373 67832 53663 52344 46548 70224 79823 8154 95986 81460 72837 78555 30884 98768 32398 31958 93563 86998 79766 66884 13712 75745 72238 39976 49900 66397 43603 35074 2903 73704 74051 9627 41535 27714 61971 4434 97937 41793 28939 93922 39605 1776 72476 70488 16895 21225 2445 26810 8222 82211 93693 38286 57955 65930 78261 24206 48678 21863 59279 67933 11919 33329 77559 69805 61042 55881 90591 58978 14026 
19529 69251 53630 21304 41727 40469 54551 62951 59266 81360 87525 57828 91404 25810 32134 73685 20422 56339 22363 58637 31969 6647 70555 81649 557 56711 59043 56438 47301 34372 86815 66830 3623 56796 4485 61701 97264 59035 24651 72881 40394 28527 30708 48149 70688 79193 21834 91110 51883 44196 49746 83851 67194 36652 81852 67750 9714 40894 40539 57015 75265 27353 40196 78887 84148 44680 56939 97764 20067 81590 70644 76812 26468 17704 24961 97156 13248 46794 4617 65131 7341 70714 65333 90886 23717 47184 58635 33430 4429 
15526 90444 79694 59230 46991 74932 59730 8023 31871 73845 44441 29812 60840 21252 72631 94895 62564 86138 8143 25709 90754 73273 33049 61467 54957 23934 1535 2141 98921 34965 6569 30798 41760 2614 6379 88751 77546 66108 13125 25768 56304 57565 71931 17144 78816 44561 12038 57732 30699 36532 83440 21452 9804 16489 99271 81113 56774 805 83253 72046 52121 6173 19195 93881 8787 25574 98983 2684 8033 12107 44803 64337 69671 16733 81480 64838 61293 9869 22569 91991 46401 6009 29795 72556 38849 45417 53668 11974 62573 
53272 372 14694 59445 19566 8574 84583 45139 23908 87266 53172 36014 48420 33860 22036 65152 31691 86873 26444 41559 25794 34787 4311 48154 64581 76867 87002 26349 46886 15327 88921 158 15698 19966 59602 35264 44891 60536 96754 68798 64153 66277 4811 12572 136 26846 77723 31826 30071 4166 89737 55864 55304 94047 4017 19884 87265 7370 46232 34151 22696 51505 50660 38394 71470 26613 90009 16361 87148 3114 85158 51300 69391 6321 63871 69526 33166 57945 17704 63236 78462 23792 35451 33766 17838 39467 70001 21455 46836 
16233 71957 85884 84089 22616 40629 55558 49228 30637 71918 52727 33750 73428 4026 19492 79748 84248 89018 29265 58544 23073 92501 37005 46864 44303 87122 81053 83770 57123 2507 46957 89707 90815 32840 73795 29782 73468 29352 79009 20456 17622 48087 54206 91049 68464 90049 70796 69063 79066 60 27606 18490 8912 80963 65353 53215 68084 62758 53336 25206 65264 292 14912 72431 33132 88706 2212 6599 18058 97573 27055 52031 45659 97612 43079 14123 87660 30226 83185 83078 30285 10791 1567 55549 8105 83272 8763 76188 46029 
62098 1394 27644 78741 16305 74 11872 5011 18638 34823 39420 16210 78229 91450 61868 75840 50880 92342 79851 81105 91879 79280 11389 19021 97199 83289 27125 80470 92051 3312 42850 70500 4705 86845 65593 37362 3271 77464 58724 21908 28638 98143 38117 6866 5944 16336 99057 73175 25030 95260 54279 16908 74539 82019 35928 71737 65308 63052 68558 73710 66363 27759 60562 71068 14604 26154 24781 34226 19969 83504 56133 48607 97998 10601 55472 3941 43288 70881 77115 68317 66140 47745 85224 57030 29763 37503 45119 95070 554 
30028 68780 66917 57787 29341 54336 88742 71846 79116 22967 91814 78971 79099 40420 76968 6051 12244 97260 49338 83124 90726 34007 65615 38470 19230 22644 68232 56733 67762 79654 73638 14142 48433 56906 71928 94125 11241 77021 82322 6708 99987 74135 85678 95437 30907 78997 17839 43150 76256 67176 42625 66981 1182 24591 5450 36764 47234 90034 9848 31348 69687 83485 45489 34471 40391 33768 44947 67983 10788 27268 91043 27126 1402 93072 38914 48660 72069 56752 91809 48324 40279 50785 15305 57813 75375 37106 10928 38961 27139 
20775 70308 13177 20611 32148 47647 77353 82267 92593 61688 93054 36212 69082 36531 53966 62153 91796 2625 50573 48547 94434 98897 5177 61570 30553 62989 36945 84010 90268 75905 11149 27394 62564 24325 48005 94711 88324 41709 76977 80916 19748 86382 33480 88829 39264 87445 67334 31059 90069 17906 95957 854 33154 1133 62424 63706 80474 15720 47716 70741 91624 75216 98135 70539 15892 62491 65249 4215 20551 58577 1483 40299 61310 34962 45479 573 38758 12812 47983 28826 30718 43939 29680 63871 61423 8455 43929 41896 24174 
