10 23 1
42397 22446 21326 61936 13496 61919 69422 91567 54925 11790 49108 80995 54677 27121 20081 15287 23703 8195 20690 32637 56895 40529 99764 
91963 99979 98262 94309 51583 41823 49431 76493 84219 88229 97818 62506 18076 76089 31928 25995 31013 60069 75102 12007 31098 2222 32087 
46384 25925 56633 67073 74913 13528 7602 91028 5490 23932 89289 99798 75514 31111 65581 52006 31681 53809 49824 94187 88236 25912 42466 
14230 56924 18886 89331 85282 49983 7905 33720 96366 50181 90353 63439 25093 3880 87392 16120 25721 11323 5408 25518 86836 52870 7450 
38841 84550 77610 5016 95088 65846 47279 37553 96427 20554 72791 85758 22187 22773 93662 55907 19139 43842 46259 98929 85286 66490 86320 
1405 92210 13994 6812 34079 829 76033 41529 56021 60582 19138 77389 72022 1335 24667 25926 97762 61573 98716 83519 83759 21489 93532 
39665 56979 53725 2275 55907 39010 68764 58578 40414 60973 72571 63577 95052 89751 39609 36580 45771 16542 72069 23159 88563 73404 64178 
30841 71165 42102 29556 71035 25860 67396 80918 81877 24374 34642 84151 96632 73651 52915 71561 30416 30239 44131 93992 25290 50233 49952 
78221 96004 82845 50290 35514 87760 40045 16043 18600 11209 58144 48155 98595 84004 31903 79512 65880 56276 14153 50030 69260 4155 19296 
40820 34570 49535 1303 44913 91176 51535 94864 69397 63890 77708 36038 99404 81819 76082 15446 418 3642 73590 64925 2236 73945 96827 
