28 9 2
60966 3083 25405 39357 70098 67177 76193 20284 86554 
33188 30104 2112 31129 43416 89370 72146 43938 90327 
80610 9028 43180 35826 41905 57936 15321 6367 67401 
5645 91547 15709 40675 68864 35143 66079 8220 5240 
49607 765 25523 52512 50304 71978 54623 81432 15394 
43992 69930 75683 34318 50539 84710 93849 2716 42966 
51785 18036 65685 35537 23681 57231 67598 80707 26094 
2740 63137 50665 24332 29095 67781 66206 81606 18085 
38184 36229 99516 69929 96572 85797 45611 47242 52687 
46673 41090 55403 5990 9226 73438 71674 44763 13470 
28904 12360 10528 71349 31451 90016 22014 72134 19110 
6146 38340 716 24230 92875 53296 40098 62803 49867 
25894 24765 97108 94933 71437 54550 50335 93779 63775 
40124 65452 24889 69946 94356 53600 80473 82056 1403 
70489 4069 73536 5950 10215 11875 6665 50796 21101 
76312 90893 255 26179 33139 25020 39638 28071 12808 
10539 78405 6586 74314 34880 72038 15554 4825 82745 
69154 85298 64800 70556 72138 85221 44091 78087 11787 
72318 1104 62582 9770 77415 53475 10025 19945 2965 
35044 59583 31035 47851 86473 25791 54437 60786 60670 
42826 92692 65495 25570 61845 67144 6721 48752 39281 
91941 9194 33719 3727 97863 34822 82661 7633 12237 
36135 17657 32181 55451 52700 8115 86485 16902 94588 
12275 87690 71725 72944 30515 64416 38438 72436 42612 
5581 79157 7715 61213 87449 16909 94932 7528 31123 
46105 90188 38755 74693 42674 56411 6874 98124 25462 
31340 84608 58716 42279 96882 46405 14004 86177 93272 
94771 24615 65707 53735 46547 61215 77801 24112 65016 
