61 37 21
92021 93671 23725 78510 65619 27089 11640 62268 78460 75569 69148 84218 23822 86866 47552 12943 48091 29497 3210 4218 1571 63530 89136 65726 28026 55610 37464 14540 71622 78853 58011 63642 72523 98087 58503 54493 25175 
86495 16760 3634 62063 85908 4203 2236 89125 68106 31530 53567 97603 51091 57785 15525 14621 63272 81250 58998 35233 18714 89889 6854 97566 64252 70495 86440 62338 45349 40932 3865 31843 74044 7498 93905 76303 28053 
12492 81779 12510 44022 35346 26464 95112 9482 41988 26084 72753 23238 1433 7985 58303 91322 31190 55868 71925 1684 58659 50614 47032 15942 54478 95227 6337 78328 5483 82639 6380 17975 64418 18889 61996 16115 45353 
73459 25596 3692 99543 14700 26929 17327 22684 85231 25000 70225 57450 96924 88260 32460 47538 35291 48402 2015 46869 54738 80342 52352 53729 3073 70326 34498 21962 48673 50612 83666 38483 76207 3709 54377 90906 30638 
71704 29941 32220 96703 165 89670 93627 88424 22129 57516 40066 86882 59530 86935 57972 56224 39286 11700 59296 25963 46197 97609 74635 13160 97626 13117 89366 1335 67494 96623 31972 39197 26563 80543 52251 43079 70212 
62229 47854 8693 19744 87919 11926 79274 91205 69897 51849 46842 81596 11144 72804 44144 8753 47438 57303 22730 76907 63020 24064 60752 59642 72387 16300 2556 52930 68550 61986 39493 30779 9839 48185 50522 97758 60111 
46147 5314 46359 97995 52156 44307 25491 24959 88450 50595 88749 62105 73324 82007 41476 97388 42758 1118 86126 59057 20025 39055 43958 82011 78548 91088 8201 43084 57962 22310 3194 4108 27624 49553 18455 79779 93859 
60297 21089 98660 10891 9837 77116 84214 91843 18592 97953 34600 36061 84079 10008 56085 23133 70318 54447 18032 61405 62648 61116 19366 84957 64309 39826 28932 30213 58280 8710 40423 18576 46151 55435 45818 55987 32550 
30031 64182 51141 44336 15133 87201 28414 25141 59638 67898 95458 30436 85930 56862 9435 47045 92580 10744 27705 32405 39675 57918 90684 64737 14692 25611 10887 70126 87780 83225 2676 34162 47406 70168 78497 62539 73721 
23262 87679 33358 91160 99488 80145 77089 72701 89580 24133 65280 323 68189 97684 39997 26106 4719 21085 57150 46681 31971 27275 34460 15196 46302 84974 62601 32822 63470 41491 6542 86732 45521 56251 77891 45008 36395 
71331 34061 25974 11815 99340 42648 80003 13376 98997 22461 34446 20081 79610 81127 68404 23236 31938 83599 85890 16911 62551 18711 96733 4042 25252 99816 49562 81502 77706 10922 34248 65388 44982 60222 77202 60673 2869 
73556 90400 1865 12368 24846 38298 8329 22324 6701 31565 54261 90299 33806 87524 69201 52516 608 89594 94119 423 39156 91972 94480 66429 26219 59867 11410 86440 53420 88434 5661 43327 78834 23877 55695 3679 62174 
64023 26002 68874 11939 96614 59172 45744 489 44725 14611 1096 34318 8729 17870 89825 700 12349 56253 43271 88567 84014 29710 58338 72448 51722 18017 51281 75599 73711 71311 37772 54085 13664 22998 66024 26629 98521 
28119 27118 43245 42730 44565 77563 67810 78787 67387 84862 91135 39992 28132 96054 24005 74193 70743 96452 25915 88759 64084 17865 62469 51746 71988 16554 65409 94985 98929 92038 93506 27047 35507 36750 86128 80071 30664 
53938 58857 14403 55151 66344 54394 83282 78749 78398 57474 49491 91202 99740 38250 55285 17604 17070 7031 89592 49975 88791 928 48903 80828 94433 92302 16334 47535 78429 12757 78198 48718 87965 92600 3868 54308 63345 
87149 49408 41743 60975 98899 32944 60714 53500 4580 94670 70569 27962 613 20544 16753 1540 85798 13932 12325 78099 30266 59859 72880 59374 54408 21597 47338 63360 25465 17998 26704 28965 67405 84798 6291 82655 34093 
83357 36154 38673 78026 6723 66634 94990 43618 99738 96529 29415 13670 25205 7514 60287 1415 80393 19660 55823 18341 83349 35534 60157 17698 62237 5474 85103 63387 11764 84109 97479 95120 20263 52503 89497 43337 35489 
84486 86954 35226 97367 16368 48895 22571 40233 25533 23986 36977 45192 96160 55318 44893 31693 31826 62590 10281 37299 64044 73667 65415 48153 87498 60534 68415 40000 50031 11751 75488 50868 15056 27066 48234 31423 75960 
87157 71656 1493 27494 24984 63036 40005 80301 7928 71697 12127 86870 98329 65777 50913 88348 31191 99065 75845 8077 83831 32196 74459 95581 24036 25326 10636 51101 89912 58411 43412 93420 46418 61256 20913 71401 24292 
60917 68054 48571 48965 80180 35440 47293 62308 86353 35640 93499 1769 27836 1575 85600 60032 76033 97532 419 17710 24520 51519 7621 82930 94930 1040 45699 56186 38304 17099 96829 15572 85152 45399 64536 81683 97191 
28181 43991 99895 80172 53841 18015 8008 71767 3614 84391 64151 17498 84809 81860 42017 36327 5833 41298 47608 23224 86996 3793 77880 4094 16973 93451 89246 78724 57987 87280 75914 86167 31270 92160 82690 1462 10174 
90697 89580 30140 91439 53730 47637 92599 51942 89653 45277 74126 30950 92885 13701 17945 13029 91580 38390 30002 85031 43987 8725 43017 31267 84638 45535 78888 93149 28224 80350 19674 35273 86281 49813 43063 40011 97449 
35662 8304 3453 80938 82429 50754 73822 96129 85050 86851 87709 23440 16852 89091 67426 25576 48459 98692 26565 93993 93932 36065 38568 90633 55738 90192 76913 21903 33255 16923 35703 68916 41578 39156 49853 24006 6261 
40027 36487 91311 26877 40547 14750 60080 29637 98527 2007 78095 13571 44923 88439 7502 97339 43358 98134 53076 33550 75046 91330 83156 8321 27033 68423 49898 82540 18275 90256 88800 74653 26742 96462 17881 83640 27563 
77960 13276 26090 96318 7722 56012 57592 12512 63513 54930 55869 77998 24358 5770 53043 15687 5277 77715 59071 73699 27613 41610 8326 17868 46762 82978 60961 59575 859 44600 87138 95170 74227 29579 7840 98300 85590 
81783 10811 65454 36713 83031 43451 61070 5153 12845 93108 26781 90560 52179 480 18172 10140 25157 52391 73253 24486 13351 32828 25344 74302 36317 36866 64880 65895 61057 79531 67836 42839 6693 33289 95903 6075 76739 
73324 11227 89583 66432 54360 96494 34962 71191 14665 61453 96347 83407 34706 20832 13109 83885 62528 3762 20201 15745 68641 2447 76801 48171 86634 35991 71215 19922 31894 77290 13012 5217 4868 18946 88000 59227 15440 
22961 30417 46456 84414 26763 29863 35471 47595 59323 19355 26474 63085 55907 42218 31725 74705 35370 96248 61338 71360 83814 81259 3253 61103 10622 24822 65971 29567 12821 25197 61358 52134 55614 24166 36547 98728 54028 
88369 62674 13350 7723 89147 92786 79981 31364 40863 71037 83085 37110 32374 54445 20923 29984 74049 98378 40605 15222 64348 86523 28043 89544 64233 80176 61509 88398 33074 76589 58777 21442 39262 88478 45516 44761 81264 
41848 92476 22126 12884 75561 75587 45257 30005 12861 91592 20405 11238 48548 35627 91937 51422 63669 97833 15654 60196 59341 20403 9621 35929 95531 31062 91543 84009 92929 36303 81624 34776 28778 20101 64011 4338 12039 
9267 50694 41251 17210 71099 52489 65757 6725 60777 17178 86745 58609 49184 46940 34302 69586 56560 70230 81469 3973 78124 81829 13253 30778 63452 48028 59556 99904 12038 80245 11942 37656 30939 53192 71217 18389 22032 
36973 25113 82809 70502 28209 41417 19685 91500 75718 5623 64411 62300 87091 68383 56775 68919 81635 87553 48722 46014 63460 48625 74403 43704 76918 28410 90994 46461 99626 9382 68493 52950 50846 67653 23451 79054 25421 
59488 86905 17491 65110 51315 96142 68552 36049 52916 53822 34035 56820 2543 80048 20279 67519 70802 80335 44436 99211 71328 7248 15188 97062 75740 68137 47907 59744 91588 43313 85165 51075 30217 19007 32536 97884 15148 
1087 33932 68063 71260 67967 41235 73802 64366 61513 57672 35168 58199 18459 50730 29527 25706 65918 42940 17798 34054 7198 77541 41993 50510 79057 9419 97079 98063 41954 94962 13210 59392 45245 97625 30651 13211 38859 
20804 93929 16723 94827 29096 74922 13285 79825 20800 55343 62094 63739 73140 96148 70936 67032 54492 37798 46089 63911 51228 60503 5864 62541 90065 81608 24137 87689 12258 37348 42899 49414 31276 75973 44240 76723 67246 
73877 72899 88045 29219 34993 68135 18710 47492 55423 85741 1983 9572 48181 65893 77151 8684 88109 39691 98748 69716 80179 2788 98325 17526 62038 47738 65153 38010 8330 58227 21608 82206 31126 9652 11424 66118 94139 
46485 13609 49561 32225 31943 75484 80406 14188 52634 5441 2296 8676 20540 88363 88854 39679 86687 22732 18068 50777 4236 56077 59106 62463 94036 57663 93588 20040 85438 59705 14178 31922 89665 80090 80498 37959 55573 
77255 52146 24558 82695 70793 33233 19586 59155 38438 75616 62194 61169 93683 12970 65405 66112 88427 27867 60147 62441 37806 80186 47878 13862 94363 96151 19878 90804 76648 57836 46376 53903 26334 87285 52949 97126 20517 
88887 56281 75307 64502 18474 36475 58185 47795 18231 24296 52573 62449 794 31365 254 80980 95594 14115 91694 91744 50344 82498 84743 8180 28873 54997 34513 16158 24298 31638 53026 13184 4270 28332 94037 39095 81159 
68573 3241 15741 9220 72165 78190 10014 3529 94795 90993 99122 25262 82686 90865 75605 65183 91960 83784 10408 46956 34648 42917 87605 82638 12294 17140 86907 40626 11177 42354 38136 79749 45594 53876 5321 17759 48417 
15334 21287 43212 6326 20409 84825 89011 27625 60429 70546 35936 60565 80953 99244 95212 40221 86848 77849 52514 3988 81108 9491 31516 23461 47626 27616 69054 17854 32936 3164 82622 48269 24451 42185 54594 61211 27009 
59957 5187 87438 46854 41123 64354 27806 56718 59565 68026 43565 53766 36891 63904 51225 46382 95419 74685 94007 39387 60090 28212 72322 63254 10834 36943 87704 69370 7888 65266 96379 67844 70452 168 31049 27926 64521 
58854 84643 40437 43231 44560 94202 80122 8463 61778 42855 20234 36462 53213 59620 96552 81425 31941 59805 8610 85235 63860 77979 93123 29125 90709 77318 15928 90876 8367 60206 55396 83572 44848 12185 43155 89407 22738 
39628 14222 84516 82482 34455 20977 35694 94074 33880 33470 42366 93684 42079 27601 73895 36410 20723 19371 27118 14392 35299 34346 22758 95504 89741 22682 56703 18277 65836 62462 41015 21815 76683 25530 4296 11137 62858 
39989 5210 96738 89811 63927 6773 31889 91527 80668 84650 28601 38 11768 59345 51688 46113 98454 63543 52205 21135 20246 70482 3322 99059 27848 25136 75741 53377 29431 3229 16234 85772 8438 29323 75582 88716 36096 
23822 96595 16763 8472 25195 33152 36591 891 84840 99055 99345 48382 67611 36831 84979 38092 40153 84037 65939 65288 76129 35667 11071 79357 68253 13194 4146 97575 88775 92862 33670 28948 89456 66784 37419 31002 99936 
90361 31893 84775 89415 47589 49508 57026 84419 34487 11469 24571 34875 93760 6211 11004 45778 17281 6712 14030 30474 10858 27957 35600 3719 77978 64547 93174 44762 18318 40527 44697 25030 72419 45823 14445 36359 11682 
87822 20778 62520 99290 61700 97395 9401 67910 24750 55179 1542 31461 69208 48367 42318 13516 83966 62388 91494 64865 55561 36255 99534 12440 97303 24563 1210 59477 55359 37569 71158 43180 58346 33678 58822 20045 47424 
68222 4307 72173 23400 5848 19985 8960 54215 78655 22475 54532 41042 13968 35748 12955 66574 51633 25394 80228 76196 26603 39704 31554 80523 27214 91086 38868 60891 49907 75265 24666 18128 95923 13190 41528 1770 33174 
66839 72336 11828 89313 43220 69222 19633 78967 82176 2558 46952 23921 82786 23147 66875 22489 71052 47398 49702 62137 2617 26944 28395 94233 51609 46523 90155 64798 4402 91925 14324 71240 80612 42503 60552 23831 11724 
96536 19150 10251 99094 66101 34171 81879 89247 17398 20719 76650 64795 86773 55139 67411 30068 83533 61644 81677 46407 68150 62826 50808 60074 77149 22047 40686 19652 98951 80868 47727 95486 17 57978 94579 66117 8500 
92809 71715 25897 13528 64717 7043 16652 19855 90806 46719 19739 68801 28395 66146 36950 7573 16953 97024 84721 39000 54061 20724 54302 34928 84803 49787 34945 59132 60718 17413 83983 53526 89128 26232 83405 70196 33274 
56 90050 24079 46775 9788 92879 91521 75933 29829 15445 9238 43204 166 48237 97264 37241 18890 48543 38395 68676 99839 97526 45745 17252 81509 99271 22731 7740 99027 92926 57365 99083 99327 81444 62209 25466 90674 
70081 17751 20502 85526 26988 80057 2043 91576 77320 55635 10465 42215 94030 79140 42053 91555 24885 75656 89415 40507 14738 13506 39533 24015 70871 54967 23341 68666 17175 48807 59339 3608 66557 96193 89133 9896 76249 
7527 1471 69921 63161 11935 12135 57190 7426 70539 65097 48662 62547 54511 89168 77284 84369 45053 1299 71591 19 40991 40256 33546 89797 15946 53505 72705 12138 42637 82600 4739 50163 422 91011 13323 12356 19497 
86865 19782 90035 51961 84795 52581 22823 73963 46217 7191 35367 47515 78781 51737 88505 35388 85282 94654 51334 38786 83710 79823 97774 82662 913 64288 83083 91923 93963 95439 11419 80827 31572 17806 49139 16366 70386 
88313 6680 32954 11856 42046 80468 6988 10135 85325 42376 11768 79978 10061 66906 80039 89883 64679 62700 7148 45319 45783 99070 39281 41221 26841 36459 89144 44646 1949 5509 31383 90261 28541 64337 2116 86938 44804 
9104 97072 30128 67831 8840 26457 77891 75745 6496 84125 56775 69195 91272 2093 31329 90342 57725 88901 17182 94183 78044 78179 96131 99905 9561 2744 28445 73897 4859 31734 35053 30314 28806 81532 98144 53997 7989 
76034 29741 30836 60159 2867 16382 67782 21312 47711 58123 79036 36611 91656 89571 31007 69834 85701 30911 95747 88444 75707 69643 9655 7440 4695 39968 36245 2579 38112 90241 26919 30497 36333 57754 90655 55552 90487 
58437 76863 54549 32911 55898 7512 40919 45468 38518 27104 47521 69428 22850 52316 45134 92493 61970 52573 13539 1938 5170 16117 56401 95410 43035 86897 48095 17140 93904 3646 23979 68692 80508 78527 1602 52757 86038 
58872 98225 24555 85976 62097 93982 8825 14412 55467 17669 76382 24392 31208 94671 29561 63676 51071 24970 23063 54319 89416 56554 48222 9413 80532 16913 6272 59059 34867 59029 61448 93738 73605 86003 79713 35701 96336 
