68 91 38
11127 1485 95485 76969 26720 77354 58739 65530 13901 53887 73741 84425 33277 60135 73893 21597 89394 14453 89949 71256 45824 13677 58870 39050 58136 94919 13939 82553 54086 94781 35250 65212 12617 30734 42181 55689 8088 17271 21218 38340 71157 11311 22764 20786 71445 96656 58734 77190 27460 48683 48445 73283 62359 23666 28685 20494 18584 58975 19398 72669 70107 54647 54233 82724 85380 96413 38412 9819 13683 75981 64511 1191 87291 3626 38328 75087 16634 97062 52276 44093 45744 17072 33728 24454 40738 78764 44947 59321 54090 80696 48342 
24196 35342 2574 6919 37073 15338 45330 63244 29020 37663 27754 46562 24953 31379 84890 16392 64364 81951 68667 24809 27694 85739 74888 52147 42828 53651 13445 18500 24092 10492 83193 48287 45833 85766 71558 99257 17455 33239 62500 46474 70901 6605 93036 12206 54336 94277 28597 18699 76227 13615 43507 20272 15705 18394 72418 58532 88396 2214 77032 12487 12705 76576 77126 74889 62342 48683 90497 79796 81921 69349 42622 69174 75953 52009 81379 46640 46285 9975 65339 22511 23589 25197 59134 39294 59943 31551 14177 48338 50116 7560 77177 
79172 84136 54302 54060 62829 19336 44556 58976 17608 13904 1597 86781 6209 69957 84511 52848 16241 94485 34538 55103 34426 59735 14236 90071 19677 62138 4247 84366 28605 11807 77894 7776 12294 32195 61835 75122 67882 22743 34097 85490 52998 35694 88622 75558 22002 89485 28406 38243 321 79295 9697 34746 55381 40285 24816 75057 2422 45415 75775 47379 73573 53668 55154 85866 2215 33341 60987 86448 72435 95083 88289 41784 47128 76911 17342 69130 82747 62099 23724 83067 41393 33420 17813 96774 73704 58980 88182 92478 20746 80308 56208 
94318 33976 11361 96535 52542 61053 57521 38989 33487 68956 27278 75271 32435 20540 8964 17916 3286 71062 41639 86352 12454 91411 20516 25579 81466 95848 13761 90295 16593 94068 46502 27263 44395 74215 23797 96936 35267 97670 52277 85106 82977 95906 76728 15411 16445 85691 33327 36082 56752 91317 38785 85557 82727 75653 11136 80545 71500 41248 70839 4444 51667 17341 48058 96062 7907 71855 9349 43173 85876 61625 44630 68852 57530 21357 614 90326 7047 33940 42759 80150 41609 81544 65707 40687 73548 93194 21231 45047 34441 8422 65842 
2459 42114 13900 98520 50020 85754 24221 9544 87981 2197 54174 56832 76079 75530 57445 82756 82577 7737 25515 79078 65697 23410 44784 6383 96957 54329 43966 42003 5121 52387 7844 7580 94500 38095 22451 44519 23848 46671 54062 28180 48868 8235 85011 41298 117 58808 24053 82693 66544 49567 78122 32240 72976 22906 54974 69932 93586 98939 28286 98707 51325 52482 6286 45824 90576 45088 6694 30776 91759 77108 58955 56978 85342 60318 98275 85458 19125 22327 84502 2020 71894 78976 50611 61221 1881 5584 47505 95466 20875 75790 10524 
72199 44623 33161 34375 35199 78249 57420 82326 70007 34527 41280 43336 36221 17949 41610 38030 37073 80288 22532 55444 68533 17859 6054 29754 19739 27990 77258 31556 48864 69399 58432 37414 14022 91592 71788 65572 69840 29208 47897 39846 80086 5528 83181 16306 39829 41142 54336 76901 21430 93219 32345 89962 11077 54750 36067 47167 82739 29676 78722 47954 99075 53505 85368 29448 45097 73507 11371 14936 19066 75619 71134 99152 97498 70666 15457 37326 11808 69792 14227 49589 63010 62923 39550 90438 17672 91969 37604 16763 21644 32678 64716 
37070 86182 66435 66517 31278 39942 94239 46214 59007 69857 17347 74510 67355 4364 89967 4680 16171 76110 35258 65759 55472 14532 21661 45909 48556 29981 83513 65318 51624 16190 46385 5046 2371 29172 87914 50001 69113 82153 96214 44471 52009 29912 18981 35715 34275 25299 56747 66798 1408 92004 48908 73231 22888 86920 19140 71443 16900 19004 53112 84876 35193 15848 89921 53915 45019 94186 3915 14131 76338 16480 74954 44699 62743 93934 80413 13370 35584 37159 96519 53343 45515 45426 26574 68402 48698 62065 39844 81949 81068 92955 66824 
32612 8802 73096 2878 53821 67282 6793 84303 59971 39624 59256 4669 18719 69541 85082 32088 5124 38592 28606 58467 84106 90383 1392 52507 55432 63456 92350 37381 60875 1656 20556 93486 26810 10004 96363 96982 93637 19507 81284 53607 59131 40540 74628 77849 26432 59709 26288 31556 14652 71245 6374 98758 77979 7765 51264 33411 87572 59966 87143 48446 77973 7698 41931 4782 34053 54645 18115 27689 74152 99399 97648 49634 56290 72275 43834 82721 31983 70121 30628 62986 57717 37001 61743 35695 61117 29359 69105 65040 5676 56247 13485 
83648 80297 71767 4782 14349 26412 22896 58390 16915 38646 56037 66548 94935 28311 10381 94008 76645 96853 24635 39630 54569 77988 1373 90263 55456 47083 75720 20496 52758 48318 33980 36405 44966 22099 57538 59315 48510 80434 34056 65424 19079 90092 48323 30366 18402 58703 24373 11398 71907 65359 51027 26475 59698 68751 33089 15154 15833 8808 52001 68590 73478 2332 21347 18443 24430 78884 94109 89291 59317 28164 54714 94748 18255 3036 25113 53008 78090 65837 64405 49996 31195 31784 92822 7245 534 25911 38750 16367 51070 90750 1308 
24547 93081 22654 59342 33863 1538 53450 23153 77206 97966 94219 88305 16220 13606 29769 85580 91696 95605 66336 58043 43152 98119 50865 50396 98653 76775 89145 31371 27844 79894 32678 68743 89326 71684 28084 23188 89573 97885 62693 83130 95850 56911 71435 28422 70516 1203 14001 78563 13160 80336 36606 56311 94807 87470 23058 93459 80596 12202 41181 24791 8447 90210 9885 14124 61893 37968 53664 51465 35853 16356 34595 31702 73266 22381 76475 60133 23583 90475 38696 53094 87163 75301 9404 81969 79122 48813 91779 76069 61014 49311 17211 
85812 39520 27096 99936 17765 81415 69951 69229 17267 86306 20175 65321 75923 42555 41795 36055 82490 48622 74750 51935 52136 66402 61339 50456 61875 10151 42234 37943 87517 7896 55154 89680 47415 98601 5967 81531 80015 75917 67112 13634 78574 87286 78954 70848 46193 37100 6903 45034 2073 98004 96968 54208 80758 74658 4663 42632 1161 63248 80575 5029 71143 52080 94708 34910 50680 675 16440 47046 92943 83551 60679 71517 87189 39632 42364 33381 93084 65618 94766 95156 79974 8085 49364 60731 82743 54026 3362 255 33626 288 5283 
4768 68719 16342 56029 35750 33368 72469 82796 26311 72371 43474 14179 59559 99458 72894 9291 92541 38512 4056 4048 34837 28493 53411 95567 11235 23789 15280 27841 57414 31920 33123 78533 16990 65816 34562 52740 99184 23382 51887 41846 95752 95360 56024 55311 94817 28917 80953 3709 83780 1361 7757 34968 29853 77519 30534 41087 17659 62166 85279 91424 10437 18401 69957 27426 568 20870 96517 99751 44251 48403 41596 56354 60115 13971 28016 71283 59240 8969 74992 59371 10329 99100 94339 40181 92970 41224 97619 10629 19741 82897 18404 
30177 17649 4712 73955 18216 25581 70471 34319 86183 35226 92266 42537 95340 6237 70552 66622 65476 95872 57965 41198 6200 73416 35536 62732 66386 76760 76702 93366 96500 75950 28121 43029 93598 32833 16983 28166 74765 3805 62484 60948 39030 71101 19836 50721 77337 6739 33695 59164 2611 8011 362 25162 81427 52249 4246 64164 45360 80947 73881 58212 73249 2001 1240 83198 34833 34574 11363 9598 38378 90198 70545 93760 61299 6732 44480 54987 13470 78174 14151 32432 2537 30864 57594 83963 83112 78191 48126 28472 59137 38358 86683 
48737 40358 4274 31935 75191 38847 43297 84788 77224 49847 71684 70983 27497 94767 31815 82483 8236 26340 12985 40668 28876 43848 14613 12838 43312 92803 77315 71783 68291 15672 74817 17028 56030 79090 48962 47572 17936 8610 48711 11511 74808 36746 82494 2304 31512 30660 1139 56099 56999 14123 96766 85875 74323 27730 15064 17634 20532 92379 5768 5175 24402 80584 22202 96783 76025 87515 60706 93960 96124 9416 21822 70932 62513 20667 89587 94024 51326 90725 50123 8325 21200 63240 10551 95522 90970 25614 13155 27853 34344 35274 33027 
58746 15857 71580 71880 91881 59094 32586 2192 55218 42001 24013 42501 4514 44680 32087 14889 12357 22812 81363 37033 60363 44603 47583 55884 51924 73197 85390 96128 7540 20663 29155 82637 52871 17086 54517 44751 76180 87102 63294 31397 45454 87306 73897 66319 48337 22335 81208 77046 61498 78922 14078 21860 23524 61661 77743 91799 34857 79484 4279 58748 146 49785 41385 53016 66870 95901 14118 43049 83002 77411 90797 44807 81069 64693 11126 45757 3380 8685 22802 64877 87606 53232 86737 27482 14892 80831 35632 66100 60315 39910 24847 
76812 89694 82583 46180 56564 78483 60297 99612 77836 54060 90409 22643 51480 71453 33768 13588 74832 58804 36390 56061 46409 5973 59149 73890 20864 39979 25874 3315 16645 65783 44513 9809 55477 27096 55988 12040 5578 32636 28003 99766 86695 18411 22408 54526 6216 72527 68114 81047 47682 20855 53459 94090 26827 12607 84332 64042 68938 10205 83708 85582 75987 28220 95390 47815 55315 67729 59854 77245 365 87857 93362 3411 22619 32121 74289 28834 20999 42402 26233 68680 63256 79691 62769 6434 8650 63452 70475 77587 90008 54182 79520 
82347 98753 91262 30161 70420 58990 6367 64016 75706 10575 57377 95469 33193 89497 69757 78379 10495 28510 4611 79174 91765 653 58294 14550 9302 38098 85024 86888 28105 55557 66408 10451 70661 57669 40612 41080 33010 46978 21447 8716 57552 78823 4184 7096 84671 90292 85474 11517 18801 6436 7042 26917 7089 81688 41466 16390 19785 42841 19630 64241 14749 86037 74692 85409 60057 31655 42841 93066 94984 64287 18133 68887 59462 38668 75982 44132 28959 77808 72001 64111 84243 79042 91027 91331 60729 48844 24073 96865 91684 43702 61106 
6432 46090 52149 8193 6146 83803 51033 15563 78786 15319 33696 64024 74780 72363 56357 35264 17674 34164 7264 81784 18407 2657 89163 26089 79738 38006 50161 76602 29690 93862 54059 52473 39951 6207 60665 62448 6361 11697 78011 1498 43368 11706 65521 34499 420 21878 69762 18093 56041 93377 99877 90799 12386 89039 16888 92123 27044 83400 85076 73085 93614 39135 25558 49916 61693 2574 12364 68054 14271 6726 85903 73990 18431 51424 8488 35202 89653 94602 53295 62045 4330 69523 52844 16715 58561 86083 8837 1956 69482 93913 91393 
63095 49399 16950 29363 27443 19523 41726 95496 50145 48451 81399 24134 83233 49174 48974 18434 38826 59927 88080 17222 64256 57602 70065 80971 32514 72499 6159 34470 58333 16423 42214 37779 65821 59163 67141 9616 95037 8866 5111 61534 73668 2861 2019 56900 68386 50992 91686 23563 27270 79765 40785 91526 37367 27201 88848 86232 99700 11358 37053 58032 27781 79266 95810 9953 54780 62951 19568 49817 88168 41031 11350 61836 60243 13368 35087 28629 80712 43124 52191 7981 39241 9327 15858 92959 36528 21057 79190 52579 32415 16243 26962 
60195 95508 39123 86499 50288 18425 6067 16456 6593 47097 44157 84780 7339 73876 36218 52319 54587 95694 20862 78920 34934 30188 11129 27892 83067 32186 23433 51997 64600 39675 78958 41146 51535 18081 27644 18174 52857 33710 34629 59449 97158 78785 60580 20849 52660 13150 89519 23599 8843 10380 2518 60128 56920 29998 88019 56338 62183 11451 8335 43134 67478 3644 84279 35364 38076 11923 53537 90933 61984 88165 66733 59142 83301 43665 96342 35960 56814 85860 59558 65656 96240 78427 25783 69511 24777 30153 25848 86959 57955 34182 30093 
41784 54178 30723 77147 92253 42645 30683 83185 20981 35199 49918 96474 18499 93582 92815 54459 66747 78674 30368 48754 91265 25147 90888 77127 49923 21040 2975 53233 95346 53508 83325 37130 7685 30400 30628 99938 73044 61311 99474 94024 12861 65743 90497 31360 75676 99663 85818 42422 94689 32537 91175 85953 74035 82062 79432 23957 19453 82406 77190 31151 52265 76866 68280 59950 7265 15259 76239 96661 92921 92064 7036 5782 57807 13885 37141 33482 13547 39310 92256 24587 88198 83430 10540 62233 81844 89971 2541 17648 88728 79730 48798 
40992 72948 17077 17293 96564 48688 9883 9576 41608 18299 16612 47389 76105 46848 881 25938 76746 40190 34545 1333 28388 17975 28224 90620 16170 34546 93160 33817 23273 89242 82615 80616 78541 16043 14261 91456 64730 40495 1032 22690 58793 33995 86430 51249 80842 87311 77187 57587 27500 11731 75271 72239 46057 3494 79210 78578 38039 88722 12395 77663 94315 11361 58279 72855 43755 88891 64310 24837 29385 65341 47526 88178 99335 33955 39426 96528 21265 32964 70467 65117 61047 45737 53707 23455 49231 32917 2033 87269 21638 30779 81284 
15952 58491 55914 5158 2245 44804 69467 27081 90540 51160 74606 95069 66846 24913 50847 79726 46177 83810 50192 27645 61208 95928 81352 84663 61510 30620 3047 65131 68609 33825 46414 84560 92315 2327 6069 10911 47130 75535 37992 37669 43046 28949 32738 26244 53861 99936 5969 16390 83745 56160 44034 61305 68439 41737 45967 29949 72356 65365 95079 40964 15541 41492 41875 24207 60170 47943 35117 7299 39830 73108 61319 99227 2057 10408 25470 72269 10343 31438 88658 10440 3949 32692 71744 88740 90780 34062 35040 63136 15778 46470 20451 
31318 4313 62326 55524 64482 26620 90640 88132 66449 80100 49450 65676 98508 76210 91145 70776 2904 38935 59434 13343 59235 8477 1438 64326 99256 51851 99365 62391 67628 62186 99194 98945 66498 61519 54468 30979 88138 61460 19110 70939 41559 84912 36614 40066 77473 44110 27193 80376 99396 86626 10071 74983 95102 27860 55660 94358 79711 55025 73100 63690 33562 72293 62635 60 50163 33454 47390 54653 11265 82852 25591 69175 67763 78556 25592 61587 39017 52785 41962 38413 39410 52032 29747 50864 96244 85406 45221 75954 56782 34672 39643 
90344 23317 18629 6755 73479 68435 54144 28131 79699 36995 70073 48874 21109 48628 90817 82695 87645 43601 24657 42409 99363 93040 88507 50226 89283 73912 11798 81588 47046 46469 37583 53741 69785 72563 60495 59616 40997 14638 87746 37048 67985 57819 2273 89093 22798 93089 71788 10442 53042 12796 69202 52404 22187 57708 2629 27822 47972 14426 25761 95017 77246 63343 48757 63383 52258 9251 22998 9606 40240 27095 63005 8224 1265 65277 13669 40415 74718 1808 67208 27759 30955 36410 96514 53141 10469 99142 97314 58440 29919 39427 53456 
7164 19121 18564 86898 71378 27814 26247 80984 84406 69694 43988 92629 70958 25617 6297 11372 16686 24456 78580 60796 55410 31341 57309 8551 41809 56450 22216 249 2720 61642 70056 26235 80763 88620 13133 68492 32785 39379 49475 17190 9072 9815 9819 96382 35431 32467 24105 68468 56923 19036 29263 12332 50376 86571 37234 8537 59372 75802 8785 62091 53795 95192 88325 34557 83811 17809 3049 16596 73540 68875 33785 98963 78689 59955 95344 30471 8774 35801 98938 82048 54836 44552 10731 21564 47474 64317 30100 6845 40118 55236 85287 
93912 50427 89964 44821 50590 24124 64221 67185 97663 33095 17321 96626 28136 93628 8321 58606 2401 44121 73896 84448 15309 18447 11530 53224 82273 75846 99675 5469 32315 54910 90756 26227 21688 97071 87399 72277 21194 51619 55813 18857 1065 89486 31834 29200 83113 40154 4158 85513 627 78053 86312 15935 12851 97841 69158 95123 90039 68832 16944 22353 40093 7699 64931 78132 21121 52329 66761 58666 20299 22573 93874 21364 28410 25707 50563 11522 82213 54720 97034 82839 49124 99697 98773 78327 13890 84282 89801 3928 69465 6744 26280 
9557 30794 7563 87688 51914 59891 70800 10580 96542 9725 20805 17905 38134 46512 84819 49656 45076 55891 63041 27914 5014 62738 43038 83340 76627 27319 73141 80554 13135 79884 23185 22691 27030 47099 26730 78943 6990 97530 5874 19883 23606 26679 37787 61739 89542 22605 11394 34617 94847 74435 78882 99861 53524 21919 99552 30150 65589 89044 27055 78723 85280 66591 17765 12309 13690 60846 7603 37031 74727 13477 56913 98332 56507 11051 60071 62400 50007 87816 13368 44854 78602 92249 61066 32125 30519 60617 62274 96107 66013 5680 91181 
51292 72271 25297 79952 2312 86142 87554 55694 60869 17382 12606 59200 90240 40008 35622 52639 90014 23438 66006 51219 2039 74606 12284 34164 5124 89253 12789 17582 55265 34821 25114 22908 23443 50410 2859 25754 36552 6764 81447 13772 40498 10404 72971 30737 50411 24945 99728 56776 64734 65733 7995 83124 56691 20278 17287 61814 9530 46428 95748 81146 81248 20861 4053 4690 71271 23263 46795 24174 30027 44593 37945 70524 71348 27267 17612 38110 52211 17339 94885 33296 83072 19231 16420 56114 39509 50058 34279 65390 96485 30026 46536 
94084 67239 66940 15125 38509 90203 78271 62682 36581 22863 16978 7104 94210 44244 41067 32319 12807 58406 43556 46102 57829 62786 62521 13942 18646 12579 48220 388 25415 78246 63275 19499 45484 30214 50975 344 36768 29246 79377 73348 68460 96354 96803 79022 56949 37870 11340 69755 96275 71247 32209 54103 34033 94729 68044 69030 23659 32615 69417 49074 10860 32691 84924 72695 79257 52250 89390 16024 97847 68766 5724 66307 81471 2526 45328 54772 40395 73019 40878 53021 60618 73086 23475 94650 84167 91518 80031 24177 24133 65800 89602 
51344 98490 74525 40391 94098 43127 29780 26474 40973 14898 32197 7279 12720 51074 68958 83843 91469 58329 24721 60841 18946 14158 84316 29947 14676 92185 9977 38853 32669 75776 44806 84013 90618 35683 40755 1067 78809 86886 27540 19781 18135 59736 43412 47207 10810 28721 31049 18630 87049 72121 95822 22346 2631 80137 68644 17306 88674 78621 72510 21342 70748 17316 21706 77717 52998 62460 78784 48158 65698 22675 67938 83832 82411 27701 31038 9572 72774 78439 44553 76174 50559 56726 98520 53189 36863 67163 86847 41888 62135 75708 63229 
49235 93023 84935 26951 62372 63746 22086 10529 29443 44761 94819 13275 43523 38871 60664 69446 11644 39102 30350 87818 6013 87075 2689 75553 40289 69851 78751 82176 48338 54459 45405 97572 63833 46691 40874 26205 10436 79312 53085 39879 24072 64255 69505 83946 3126 46520 53391 31121 1974 83740 18938 7986 87166 21626 99890 27455 7829 78641 9630 72518 33099 71386 70089 13283 18076 27314 55839 44864 6625 8924 84742 47048 89530 70598 30993 9007 17117 735 40128 35442 826 75417 59779 87992 97043 59669 31798 21223 54661 41427 93740 
4111 29165 80180 17393 63592 23845 73232 8455 30470 98507 9548 93869 88036 96497 24862 97043 13614 25596 53522 49055 42774 28938 8834 30765 42332 84854 62562 63554 39514 20340 73645 43624 65856 70176 61016 29448 94021 50599 54254 40842 49105 63802 34710 53493 60298 75923 66887 90263 17871 20408 55670 60644 49345 80855 7760 8029 82060 86673 87934 21573 23364 77931 81548 89220 48106 58915 35019 58478 9514 89272 15671 74970 69425 66733 28462 46075 42655 11700 52689 76877 32107 24710 37520 97804 21916 61631 5832 3975 48303 93765 41899 
88019 71695 23446 77238 36153 98713 28608 94630 24578 34231 10301 15899 20008 77033 44361 66082 36039 56060 35122 12916 4519 59832 66787 2322 98099 44770 24505 2074 9424 34621 43972 97442 6316 83770 91031 58820 98834 19638 69801 23411 53869 96453 39309 73876 89837 21 56309 25876 72433 7782 55143 76951 83965 21929 95624 82064 83050 20128 84137 92474 71100 44460 89915 93767 28229 80946 52586 27062 16935 22387 66824 87155 18839 22485 77382 8676 22505 50042 50903 11289 57824 6045 88239 41788 44325 214 23851 27375 36693 7987 19848 
7793 68799 26114 1559 13379 7059 54145 56793 40346 92883 23616 27500 11721 46100 21234 36748 84957 71275 4002 96245 29098 10046 836 70886 54371 17401 11088 98097 54094 35427 17944 61886 4225 44057 63444 17603 67468 33940 74395 24165 26822 98011 51664 54895 60462 72897 7994 61770 44172 11996 74367 89621 22041 75202 76858 92763 92602 87946 7211 46695 23372 41506 24932 27596 85563 4728 45198 69382 38667 35945 93546 81841 50307 61561 53087 10768 50810 61080 88890 11333 89427 63256 953 27820 38457 77811 36934 47410 65756 44145 10457 
5479 85650 51740 33074 87564 56467 94623 73297 11486 30567 66842 9678 80873 44755 62764 7993 11916 40195 96882 23248 29622 60137 40552 57441 14945 34714 94374 78706 16821 38518 89162 22299 40520 57254 71724 28083 13720 66347 1380 25205 13265 84573 34882 10490 45679 13997 18482 57594 54192 31715 80841 83813 8203 37745 41253 39499 72458 51978 18204 89279 90496 23718 27929 31015 80971 99653 75449 11042 82351 93180 52599 95615 77753 3832 6104 39783 17829 40937 97377 88372 89003 94569 72184 97205 32313 29788 53055 21123 81765 87611 26753 
88612 27680 54681 35978 25002 54333 11427 36043 36683 20958 4993 48650 98710 8825 71105 38493 43005 28394 52221 31376 17396 46789 19911 30953 95454 66050 84007 16576 47814 87969 43328 52778 15648 14360 88755 40649 68693 16533 93044 21727 37491 98036 86728 52552 23212 57833 7396 82568 86226 59616 30295 19973 22757 66557 50925 18210 32606 51284 51137 96772 39252 10816 49549 71252 25175 38303 11900 10219 71188 21295 48298 8678 35683 35025 61229 75246 9209 84977 74166 95434 60944 4460 31759 83700 87369 82683 18261 19974 33966 69397 16745 
89570 80212 82645 60821 21739 20948 89072 31957 92135 10367 80254 17164 62401 15279 94744 37646 24487 79720 11811 36273 40664 32623 68031 40715 19991 67065 58976 56316 17383 44724 73061 23304 24936 55705 84124 63026 93004 89547 94982 1490 16265 75236 18653 78665 6866 29749 16311 47704 25820 44473 328 82835 77095 84710 23550 13437 51775 82525 69753 85509 27248 42813 8812 68535 14869 9287 47912 24225 98833 42894 25714 15098 34481 60719 93762 41346 6819 26424 5401 32638 70897 5729 15473 64343 6790 39022 77780 74916 37898 47532 60424 
81497 6696 85587 66384 37916 94873 14295 62140 10058 57188 4206 41507 8020 81276 35268 65717 88094 78044 71118 20731 65292 93198 52555 45986 99987 91576 23765 91255 45825 87648 51678 27322 10695 53617 10057 48611 48489 24351 27102 74898 97891 31307 16404 5910 12582 68024 87979 675 46067 59096 37758 27710 68645 90312 73695 84983 98240 13812 76237 44064 17811 44267 87737 28506 97883 14145 77116 62723 38496 4217 37621 52738 51876 54024 74999 64457 22047 62977 81484 84465 38424 19241 12174 7068 25904 2221 8403 24143 32384 991 84559 
50194 61609 88647 78699 59491 2792 72166 38566 57639 92735 76186 10376 44610 46561 85374 25418 68608 48351 6901 69424 86774 42493 97950 10194 68397 170 34948 8891 32553 35938 93449 82746 97547 98448 77797 73389 1239 49962 11954 58877 42696 4491 69252 3657 51052 70977 29075 36011 19327 52327 5434 22453 94820 3383 48998 79568 19904 297 88458 52456 36234 98259 51554 50132 96706 29350 39873 97944 95663 68178 73172 54711 72669 42423 58367 40072 13399 87441 76082 49078 56120 97867 87882 50939 17602 53231 46858 37505 53527 35315 6313 
6112 33573 57866 72596 46630 3567 12468 44573 99229 80645 17744 53939 69665 76518 12306 9736 6269 16098 2169 71698 88569 36 75931 39507 17637 29161 86364 55141 99039 38031 61453 5150 87955 35670 94097 34585 39236 22916 95509 54817 3561 13253 8755 89577 6122 37412 99313 28742 69862 1481 439 58430 1516 92721 14289 35504 21881 17004 6997 37271 55034 84801 58773 42989 20471 52869 77573 76058 75785 73081 30874 95697 2685 55981 85273 25159 9744 937 53900 79605 2418 70691 54387 20285 63411 68675 72141 1644 2030 79137 38914 
57064 63937 97686 16404 84407 66907 93976 76817 59043 83408 7690 54739 2445 80022 56363 27603 89766 57300 97854 85722 76069 68544 40108 12705 31955 25134 1197 33598 27164 80333 88863 579 44270 2901 16982 45028 86159 27309 38196 45201 27068 45886 16291 29512 42259 72653 73466 32024 46304 71320 17746 38724 39863 74205 67781 88169 15691 68977 38118 59206 49310 43333 59784 9931 46233 93117 71310 32391 36777 9506 93943 63844 71743 10233 9708 14001 99237 83173 62377 45541 70844 96474 616 27059 87030 68396 31579 2720 37373 69697 78277 
3034 13029 54412 29316 75613 47528 625 8003 84304 26482 1945 48148 98224 28529 74207 28577 27765 57379 90953 89657 44575 87426 90273 71633 74455 75020 3211 93527 28744 89259 71803 48129 2287 26215 77444 77899 90094 78069 2253 74398 20902 20549 38897 19126 65429 13103 64054 93194 86833 55006 99202 47759 58783 5826 19391 49589 80846 38954 43115 25941 44564 31270 74070 46851 73836 51513 41101 63929 45933 59706 38326 66835 96606 93574 2312 62035 23028 66365 71580 26213 37722 70781 73971 96504 76607 9714 62444 57452 65019 21911 83392 
9582 53180 73813 72784 27015 25326 13885 7295 71258 89942 61973 54444 86547 55546 56755 64933 94926 39471 36512 21138 77192 7293 11460 90047 83899 37525 52491 57702 2543 74401 57445 12125 43932 31258 84908 87298 72935 15144 94592 44192 21437 72916 98636 24336 28462 71742 89268 39739 11213 25780 60876 88404 33072 88687 78451 16970 26212 47293 91023 28754 38045 64819 57230 98328 96076 58490 85625 69010 89985 96568 29554 11422 69484 44541 35757 14297 16282 25024 70387 27494 50803 47614 32250 226 36300 27052 33547 62511 90696 24569 7617 
28740 89388 81198 27067 1815 39687 29043 70825 29672 41962 16730 57445 27797 61270 9553 58445 77551 34576 28831 21397 1731 76444 69998 1956 29096 13401 35503 91606 4096 76423 15574 49187 65810 96772 92605 67625 52810 37999 54801 98833 79960 71530 56277 24109 32799 65829 98905 26701 16757 27736 64449 34839 20531 50798 36794 49626 64198 88648 57584 68293 65071 89509 33831 47232 86280 26435 31208 55442 64433 2360 54274 60745 73889 10551 1205 23039 92731 109 66092 9487 44196 46892 44325 64727 97690 97471 14352 61887 86118 88287 46532 
67540 77796 80362 31124 80427 23149 62331 35868 87581 64691 90142 64677 54931 17044 65881 94322 9774 82342 60413 35613 26537 7304 96289 91263 4993 93759 21967 83232 96229 26605 29763 80120 4400 26476 11243 1179 49624 89926 37046 53557 70968 43539 34585 25898 60582 16818 20219 86708 99159 96983 22320 25695 20639 34960 33310 25631 45071 71628 25214 57651 98232 71328 37770 18984 97804 65365 20162 63779 71642 73559 33687 42609 17098 68272 84858 77679 85089 5077 80738 599 18411 3057 26293 39049 54369 75954 81032 99439 63933 6245 57089 
62165 93925 11210 97500 91728 92926 34013 71858 64567 7571 5545 23527 41020 90168 8385 35051 91608 29813 15788 92206 48223 35197 18498 3624 89565 10804 84655 89003 74736 7251 62443 53252 1175 90004 67103 9254 82930 1115 81112 63848 25038 3008 87375 82409 9527 12111 17459 1134 41923 33247 93339 6497 84795 28188 10120 74359 38991 11126 79713 30079 18377 58507 83330 19551 48510 66785 28805 31439 67899 26268 95287 9288 45627 99013 8049 55153 11123 25507 56286 53045 75105 49624 75893 59899 94163 86013 50609 49506 97138 30321 79584 
31866 88827 79265 51417 37337 46049 96573 85127 30300 39192 96765 55939 84818 95777 63987 39970 23251 89494 12607 92647 80950 78582 68540 40849 72744 70904 91457 22249 84393 38130 1832 16259 26956 81097 84027 80644 43497 96951 82123 73796 36142 78887 29735 37311 91016 93721 77280 14266 99566 6238 6913 80516 84819 75452 21364 57562 46355 29172 79811 30747 67301 97994 63357 10609 79090 47383 7604 38939 44333 89726 12734 96826 68613 42468 34136 59628 52541 27767 73893 52106 34004 97157 32621 18822 88960 70336 92736 51666 15860 72546 82413 
83160 86891 62121 10120 82333 9504 17724 21271 70188 7449 34004 67014 76061 92824 1149 52040 45364 28916 42285 97469 79271 39441 46442 98093 28401 16777 7180 80066 48988 79725 78830 32148 82967 40951 58619 65299 66806 76342 86569 36993 83791 20573 20358 76203 13396 21507 28243 75111 66774 86879 72579 46044 26319 35372 60488 71071 68501 67667 51137 17488 63743 46318 49635 46710 3620 24606 12008 70425 947 14929 23770 84737 35501 44127 77292 65248 81985 21886 40358 48758 8764 29288 94802 35082 64660 71641 22505 33160 39308 89993 66999 
3050 36310 32986 66111 56282 57591 78119 26706 58537 93047 66827 59626 44899 27306 36917 26498 9290 58802 83207 58048 83917 12494 69201 18998 93505 40841 41502 43016 96500 47846 10015 15902 84156 43000 82012 40437 590 76482 83494 59126 85880 66673 35103 47130 93978 72019 73627 3267 47172 56833 77666 31088 85679 46866 66438 79183 4059 24291 38551 558 72137 48565 32811 72644 7916 14823 13080 8505 91304 12925 83982 93536 79597 19085 40665 73574 7455 14292 93193 54627 87476 70858 2066 73154 34076 84855 68689 54486 9146 23591 71395 
97634 72155 4206 70277 80070 35380 99708 4926 26683 28984 88907 36570 24933 7991 77235 98506 31798 91526 8050 86424 95353 95260 4841 68507 29335 89696 53547 172 15193 77137 71566 29178 65643 92123 15806 62064 27502 31865 66989 70537 60848 55895 7106 85780 80238 84340 638 12035 92217 25039 14810 87570 20298 36002 72428 65984 42049 25974 66155 73593 19462 54073 2770 85104 46195 18575 47167 73697 50439 30507 44233 27639 2753 51338 29770 99342 52030 46759 27728 44246 71798 42537 31815 92095 94891 20594 74431 36939 46567 40585 10532 
82380 11009 29653 67483 57204 64580 31001 47252 31370 77859 7836 59008 80612 75525 5130 79953 27554 51888 7681 88152 23685 66569 19966 32132 77811 40560 6562 31102 3478 63498 57985 85858 74507 87637 69692 48062 52216 17045 95313 99938 94903 3148 58945 91866 78672 80426 88171 22578 32314 12203 10729 72350 95123 47046 20833 72934 3957 27394 4035 23787 7244 78371 25996 98102 66007 95687 46163 34575 29083 57827 34512 40338 60974 9808 48555 55997 6586 36725 94926 38899 48927 5654 27600 60402 69052 48433 33335 73008 92178 53721 96794 
99421 32091 22789 97522 14449 34828 43684 65375 80262 17862 16238 20599 78835 26046 69154 51184 48983 22230 62461 87881 71157 84467 31832 47910 53518 80264 81244 42877 72442 51316 56023 88214 99758 78811 85736 30558 29990 45771 95933 10252 63633 12170 47202 58819 54567 32707 26354 3549 54937 88815 7781 42445 73281 39613 90354 43150 36228 87949 86026 8669 39264 42048 96883 55373 37211 98970 85930 83552 61092 98214 93803 24724 26736 57357 99895 97654 90063 42600 17555 44999 47766 25335 3795 37398 81299 94148 80547 17527 82096 66573 42547 
37711 24972 55781 9435 78534 54750 11717 62086 15842 9930 72240 56917 36665 29596 73163 50671 36011 15763 68225 97361 79880 9911 1156 17278 91210 95303 97824 25088 93751 80748 67634 47813 22072 39767 57248 605 94516 68964 62690 26709 95245 34930 99978 48262 80877 89492 98932 16887 21606 83508 14248 1486 93418 31755 18763 979 43409 16586 26066 37159 13686 10052 1324 35757 49818 74923 36361 60685 43886 15403 3746 55482 66684 20075 3743 47560 9566 19026 80799 47524 2533 11398 49009 95951 43152 84123 96929 86560 17060 39347 40071 
30745 49398 41394 82853 15567 16316 19214 76251 76553 50968 96348 48386 17651 16422 68481 65210 42340 87506 62360 89863 6391 73757 55223 2341 33260 39345 15621 36172 56404 54967 92594 3501 20716 50339 86353 52634 83006 21918 28885 59558 72885 41584 24295 90535 58006 92775 72097 345 80281 34456 6559 86671 24565 61781 5363 74176 1125 37335 10347 73880 8654 19292 77380 45721 69630 63733 98355 52635 85650 43591 28544 58535 85174 52839 65421 43179 45613 37517 59875 25893 71973 66433 28915 12889 28213 50629 87064 45689 87964 13763 19569 
12969 33054 96948 58689 2684 77032 57043 71670 79034 633 214 53920 85807 53052 19340 45337 98664 56857 5212 40909 45181 71644 86175 58069 16209 36804 61484 61897 41119 91598 97817 54087 41004 11117 29127 43687 88148 2522 15356 83533 3154 31921 37452 5312 84972 56792 67001 83636 13648 72212 40896 75180 60207 27070 49600 92767 80225 11083 71016 21343 19033 68832 91781 60036 96300 37260 20074 84448 39781 51781 67980 59286 83702 5432 80950 68673 78575 47950 68660 92222 36513 9555 83753 13071 36625 33352 5838 33201 60786 93205 54544 
79818 62036 62676 56205 58336 99935 76278 59135 39715 28059 43466 15353 11760 65249 96302 96784 43823 44251 65444 52396 80763 91350 52500 93833 44326 85851 16022 77527 46637 9226 32070 42806 87614 11097 99011 62301 11032 75288 37787 67098 19698 81252 82450 31457 62853 78751 28241 23027 23001 10036 91775 20115 1385 44274 30300 45711 30125 46321 23237 93113 71899 71658 35918 59512 82754 51280 21812 10137 26568 59598 77235 46265 57201 76036 94074 20053 54787 38666 43080 94139 65053 51206 30606 66437 95479 60905 28499 25603 23577 68087 18715 
95475 39744 70985 54986 38850 38616 93149 65338 65183 52746 42572 27800 26299 18608 38225 46351 89746 93242 5782 236 58294 56987 30841 24730 68818 91745 69581 94420 31674 37667 29487 27148 93763 16823 98486 48964 55438 91634 14301 36973 60732 73225 81124 87030 8184 19348 33380 97929 28941 55514 98164 87234 28852 45357 28315 97669 37101 97895 8441 85126 51914 54279 12274 62028 71101 10759 10991 42890 2392 25291 79862 63123 14867 77337 66504 23050 13036 16236 37330 41976 71749 35494 29209 16952 97202 57524 30973 50654 71770 39413 35780 
23683 93691 48053 2062 81143 75163 13052 24032 77554 54695 20246 57029 69561 97582 23532 92611 10618 39767 29940 52593 27867 81785 98154 61171 78986 72029 92143 29640 43798 31555 65419 83833 41597 29823 85894 39091 4985 15298 63122 98890 69992 99719 55918 55904 13653 95802 64866 24270 51920 11158 93214 96139 92942 91367 57309 88280 79747 49451 34271 23545 97357 16041 23729 38953 45863 25974 94395 50847 41271 73868 66088 27614 73587 22006 83518 87239 34159 64735 27860 2430 75892 37425 98568 68834 28792 55876 73465 24890 21678 7735 48434 
19034 23775 88514 74338 85989 14488 68732 53187 72110 42600 19274 16076 32538 57631 15945 36128 91789 80679 63987 10571 56571 1411 9138 25404 46554 81366 15220 71444 3043 22954 36229 38429 63080 41095 12766 65420 71934 97850 18606 60395 56801 37879 76470 89338 95510 92414 41817 3650 73093 5803 14220 46015 23565 39710 87770 86471 21075 2989 74266 40469 42294 26846 78897 21725 67940 8015 87144 56225 5864 5749 16620 79016 43627 93089 68353 55488 1855 26521 59138 74947 48675 73357 20961 72239 13066 25082 75061 50492 28070 65678 90961 
70363 92524 69857 92087 76815 77871 79230 33040 86 84978 49659 79101 44956 42747 63805 444 44601 90325 75933 35899 38999 65641 73211 27590 78707 98292 19002 45550 42713 84680 36510 13075 77203 22719 21513 54017 589 742 87056 17027 2071 36714 96127 63379 95813 76284 80174 56765 66608 56106 92664 21959 21746 82226 65900 16804 96870 84901 62354 39582 69580 98863 69009 63134 37933 90521 17151 54874 7615 20558 71900 26037 57272 84378 89415 69436 60661 69588 26200 43621 25693 35215 81931 47439 33793 47830 80594 30662 32730 42947 86595 
18662 58162 55603 81795 96094 46124 15297 50967 70090 35855 39218 96126 9478 23596 85541 95265 84256 71480 21464 44228 97173 73031 26158 60963 6823 73987 57908 37484 23069 855 24078 58082 75368 96033 56228 71461 42156 87877 38780 12245 40083 77997 24722 49560 1592 10262 61176 2200 98094 82639 46427 95266 72021 88937 72580 78843 62923 30487 16326 2343 47693 56756 60424 23060 52788 33004 10873 11295 20880 66004 39891 60962 44000 64612 26873 61944 91226 88048 64143 89319 87038 26921 936 59059 15857 89867 54253 95132 36705 70579 13826 
750 43686 90602 40161 12825 23605 67385 40471 44484 33388 96713 21797 93740 77676 48669 55683 85253 53068 36177 90923 56457 79449 8210 15515 95306 98076 69768 6789 51133 56698 20614 68234 16735 11215 8394 45911 34819 75779 86381 95654 25518 99445 17450 19257 77120 82470 74939 62373 51889 27467 53295 8346 6916 61505 23860 18573 75932 9979 25361 43416 83028 45974 11649 16114 73541 36395 62024 24711 28525 64756 20365 54042 64200 54166 73299 57672 52988 48237 20044 4876 92056 89690 13221 98971 67546 53433 17543 59830 79763 59255 19597 
62791 21580 31246 95256 95120 83992 57280 19831 12516 38387 56547 66557 2587 27064 39855 60258 96403 4444 96653 1279 96499 2694 30851 11821 70240 635 29363 46421 80398 88617 66017 59540 10196 13614 54795 21668 97605 28426 57850 26472 66813 14396 93029 69399 57811 49235 46008 54214 70030 59012 71844 82880 61705 2694 94700 31944 3329 40414 94716 78 45382 60733 59617 71930 74346 30763 93597 88303 59189 51446 14774 26001 82193 7802 11751 56355 73389 74110 26920 59770 33121 98763 42650 94825 17809 53701 43121 37489 10467 37836 37566 
55848 14920 13534 27777 89266 44296 37725 77568 19836 5522 8693 62188 4066 32847 90290 60421 6235 64399 87340 82356 13871 2455 25005 25048 20263 95058 84520 57751 5524 38707 11668 61371 53627 25201 5500 59244 85848 59576 53163 22036 81450 61855 84223 1867 94701 74513 62287 17287 55263 65979 99643 69134 84785 24647 10533 5047 36056 95052 79149 41579 33758 7168 19302 3736 32368 41153 62979 34567 17080 32493 56602 98529 94348 40825 396 89048 31689 79034 6335 3303 61364 22329 88788 46148 63327 99320 67546 99383 10723 63046 57313 
60833 70213 76614 64568 18932 34118 43899 69851 51198 76391 26452 66078 70738 83628 66473 76138 31668 61859 98824 34971 39574 21152 23758 2074 830 39430 85971 212 50152 49017 57525 10984 35581 50490 91904 54513 84608 35802 24363 35805 28544 67166 18234 15634 67146 1059 91771 98813 62917 6946 33783 18842 44449 73893 20915 45278 13322 6886 61842 63473 55902 19366 90809 7834 69855 82712 62346 70814 34865 3060 22970 63408 86578 41204 79041 53723 42262 87163 52535 21530 10460 2670 40371 54908 76562 61286 16538 89883 84523 78379 69707 
56776 14096 76867 64609 302 59578 43307 71116 94442 46366 94085 74202 49295 51640 53242 3017 93901 56757 55552 31782 67216 58221 72153 38476 34782 49790 71365 41016 50664 66095 27074 7439 80190 3941 72047 80491 79870 31705 67958 74312 94423 62043 64865 43717 30034 34458 46734 23935 91214 2285 72068 74782 76857 60572 13257 27990 10361 973 85357 61024 67067 12430 84814 47256 32722 73213 44098 12592 4917 12056 3255 99339 90450 68119 59408 20483 2576 6141 60769 93790 24777 32837 84923 1633 93408 14531 29622 20121 15503 31330 97496 
98921 43759 98662 62528 76481 71874 6625 5424 93142 35032 8678 92481 41833 93148 68240 62316 95723 74380 39436 5864 99156 88624 90786 17140 98384 21668 63113 34856 37170 94442 32351 36090 54552 47364 98617 47384 19237 21594 52807 12379 56625 77836 21211 98458 70983 89450 77125 66706 63829 32912 88921 79336 21536 96059 12827 19919 17726 75939 54774 54896 70380 3476 7337 41283 50840 22306 88667 86428 43899 41473 98806 16875 19309 36368 31684 90291 25817 25160 73348 5997 58072 62269 1684 79607 74679 14510 15877 92404 6800 87002 63651 
