29 30 1
9848 37302 51320 38690 9627 73304 58558 61089 43609 33494 61799 62851 80396 11732 83757 37495 70370 96971 14997 73715 8175 65740 30979 42126 58851 61944 2598 38183 58973 39379 
74246 85172 93033 25565 40213 19011 15220 15123 96452 58828 64968 74602 21679 45363 86333 21787 82857 73055 18758 97853 46769 43284 79944 77747 1762 55147 39691 20711 93329 15015 
76441 83926 16538 69473 9491 73103 88484 24710 88225 1287 99890 53192 75888 37920 98554 62221 59706 97763 35275 78463 11967 82043 38099 8263 76142 56212 79761 32184 76922 89441 
47198 53362 73366 63735 39187 99208 53189 44022 40270 41413 45308 40159 94604 21195 78078 9510 99767 37783 23624 35041 32598 35590 33436 87048 60204 25929 43259 39964 58112 36532 
29404 5309 6245 2770 85395 61783 1977 38584 5804 42246 96348 67463 98756 7304 5010 76833 33165 4776 30968 56788 56169 79917 8729 5956 66964 68933 31884 26574 25248 6347 
63105 54652 28007 85701 73773 13401 47484 92101 68336 69639 50699 81036 37102 49454 88339 42111 42639 21503 46886 73606 78290 19406 53522 3370 25361 36837 72302 73596 63410 97550 
79942 42866 68553 7948 28566 42325 37701 92401 50777 22388 62040 1475 3423 99141 50929 91761 57603 93567 29615 20840 83524 24256 40246 37045 27626 81958 90233 99927 55554 69994 
13828 35495 12859 98732 59795 57776 41056 97495 66529 91833 19882 28568 9659 39657 44060 60587 47769 18014 70505 77384 38853 54028 1639 95450 91072 45616 77408 97656 45543 32961 
67649 75722 84807 96859 74454 60953 70987 31861 58447 37515 40045 94681 82434 49704 34337 26493 26642 98457 44506 97147 75840 99710 51174 93831 95160 58598 39446 88919 56253 1340 
38231 40254 93414 39389 37112 67867 342 8098 16079 58788 61964 56124 69820 44397 22179 20508 87241 48820 18965 31746 62318 11156 47808 13492 21338 59319 88441 60784 48237 44693 
78475 86467 84946 71888 25855 38410 56106 26196 62859 88537 1336 24823 61012 71155 69219 83190 8015 56460 48361 26979 4557 10679 38134 52364 40522 59472 11682 28962 36607 59918 
90006 31433 62736 91304 19673 88591 29713 75778 31138 92571 64314 32473 33745 41677 19980 2964 24866 27994 75775 89579 71324 80331 16609 25809 49047 73482 1632 77080 2443 38238 
53350 8800 86023 16085 16455 5695 21027 46167 81472 52165 55090 62138 989 5186 3814 20968 8149 45032 65313 275 50962 36636 80606 67570 78797 29652 41051 80428 6731 59845 
35018 76432 84996 21040 92517 1451 26734 13543 63969 24557 82059 35410 3046 83048 40596 23212 20367 65096 84595 85680 65371 35556 38667 45976 3125 17463 91979 60527 97891 15061 
36723 49260 91493 21718 70299 361 23168 13384 13903 87137 37940 12314 22546 57338 95361 79493 80549 15727 44589 65143 17758 9959 698 72777 72286 20174 6591 80616 97052 20833 
12028 33774 70092 3520 55491 40390 20232 95011 70125 34135 82147 8065 62800 21044 81754 58160 16889 62302 90238 61477 43796 24348 87787 60845 97124 76424 81018 3714 57039 78069 
40899 69066 28194 10990 88938 83684 67732 25521 78694 37856 76007 77192 62272 38806 14588 44025 96965 31476 22678 87203 92952 66473 27902 97090 27317 25025 73513 24686 45090 46903 
2754 85988 32320 30947 13330 37609 30983 81061 63130 9676 35268 39136 3220 97540 77942 17807 41564 74906 49282 64242 78460 58585 47066 6361 55674 74383 47737 45538 99068 9179 
92440 18174 11518 24759 65472 41199 62368 96454 22259 41849 22482 57527 80984 25701 71418 58925 59859 29333 33831 25492 9926 28642 84076 56992 51355 56101 31374 15443 1638 46793 
24621 10429 64966 52491 51539 30438 93689 30258 43243 32300 72106 65724 6178 53090 7776 77595 12014 83986 23279 62196 9477 33205 7190 93552 90196 58544 66004 37921 90338 83993 
84713 31311 94421 66031 83801 62312 96468 93841 8921 56062 26140 81027 38138 32317 50468 62265 26263 78833 46251 49542 57381 55727 99098 64570 65631 89293 39465 31634 43565 29802 
15627 28277 61112 26399 94307 61264 88710 7126 55105 13983 79540 97596 95009 17677 46265 61828 79941 88879 40660 26191 54772 14392 98270 53869 95313 63900 43161 34777 95533 86725 
80931 27511 31354 58394 53910 42012 36010 58971 65490 7466 72953 45029 5061 84313 62705 51325 62492 42645 40204 19504 85188 94975 33895 83457 65196 29208 47356 24708 80336 59240 
27785 77618 86751 59138 36012 40660 17501 88373 15982 82990 95838 88935 28018 898 89599 90722 68575 52091 49719 8778 71594 51258 20104 5488 51066 85299 51047 98421 26359 31383 
74012 54143 9000 60762 13280 61363 17773 30780 49735 33755 30122 45572 39041 58139 46470 44991 65213 31396 97081 31283 40173 85026 82540 76628 90514 33605 78279 57912 48377 4637 
89294 22388 75131 14646 99502 88410 76008 33626 35541 42095 83732 65662 87666 39124 40153 50487 84115 5365 81882 81195 52999 38406 82573 35538 31386 89438 85494 26016 47349 50222 
47004 52995 88961 22134 67640 88462 26895 59999 38440 78787 2093 22171 44449 6111 61295 953 72949 45409 22669 71183 42955 75667 9588 25527 27556 57325 14964 13049 83340 78665 
79622 46695 31659 68582 68828 99298 73396 95722 75648 11835 74509 77741 34005 35309 203 95299 36261 73151 57059 58929 44333 16366 50947 70273 41892 78502 27597 73208 7902 27289 
51872 87523 73983 83530 56104 59163 99179 29499 54884 74826 57685 45744 68918 91690 81052 69120 3340 33664 58623 60399 8944 2955 76764 59890 89579 35007 54743 33528 24566 62644 
