87 19 18
14770 99511 55703 68908 93221 32578 82623 32169 49919 80895 67531 28176 67609 14115 51781 33981 1559 71288 49163 
26880 27637 71712 33095 99429 86640 42077 12352 92382 54263 91771 80473 85384 7633 36175 70643 17206 85104 53265 
65726 35023 34159 49608 63198 18119 63722 31330 68452 65280 2618 17614 8512 46606 5677 41606 62387 92317 34 
74738 84698 70648 82860 81522 72384 90493 34048 43026 7698 19152 12643 89775 70526 63153 39382 50075 81272 3104 
81405 49723 84735 374 83688 9598 46979 89365 67555 25717 98033 67588 455 99082 54588 99666 80603 26971 90158 
14650 86348 14207 50153 98990 3981 37030 62143 43363 3457 59766 62818 84861 25840 63904 1586 9527 73502 64916 
98891 57408 90633 13275 24996 7439 12356 95935 7104 92958 22905 13614 23960 9252 27820 90464 8242 48153 43846 
86736 91515 47302 46501 70684 48514 72340 34587 50099 81866 24440 15014 97109 81848 21998 26735 23195 29436 39091 
19129 36540 48400 42033 50153 88711 67636 94324 79175 92229 42476 39372 95316 50342 86673 41816 21025 35186 30507 
71964 1636 28725 96403 33001 42185 78250 54999 68919 1444 84434 8009 20572 37325 56409 78956 3829 45119 62944 
98153 40645 71524 56980 96368 66840 7322 83040 8655 44698 34577 39162 16661 52564 67886 29416 85565 10070 7665 
40563 95340 25461 41348 3349 62384 78673 76109 57692 98853 37579 20635 97005 94576 92158 70337 90943 58997 77658 
90335 84004 38707 24911 39517 71720 93827 23754 1135 79391 50175 25151 19953 45514 50611 77652 48862 12995 56324 
24970 87038 71529 78901 24024 68533 73476 16181 55221 64418 91530 49230 54752 91885 87937 96015 47753 59656 89841 
71506 77142 69231 21680 2292 5535 67193 52903 83186 32407 82249 55862 73728 69286 27390 52628 9661 12274 26103 
25841 67495 6873 33722 33076 61624 41958 21012 57638 89710 97019 63830 61215 74160 33060 99246 76452 54946 82791 
45706 54484 31549 27954 10345 5276 13591 54086 74256 23251 82711 16710 65443 66557 23582 15517 99633 85206 73826 
36996 59195 63536 34015 23025 41102 24526 72436 56700 977 27382 55842 63034 81865 87390 7339 8561 9017 37281 
78998 83272 60531 61708 99982 42326 44617 39915 74194 44249 25120 64371 81244 84315 44258 31610 23691 1712 56136 
96126 58411 73464 23507 14252 36498 21723 17993 43836 30283 27009 81117 25632 26633 57999 87340 26614 16676 31956 
82880 7221 92556 8000 71592 73799 8666 15849 21761 48708 17560 77896 44833 92322 67711 84692 22925 4208 6414 
40917 64396 53049 67926 61864 78680 10910 36214 82371 53875 69242 30678 36754 76462 23233 44753 64405 13384 69770 
80254 51496 18477 14165 29391 79662 6487 97101 64353 45763 17661 87118 86680 98408 56518 70957 60271 51550 81866 
12836 33920 35740 82077 80950 72493 58539 20534 33598 22943 50269 19719 19548 1764 54548 33713 31154 34209 56551 
44607 14913 2313 78619 2030 5344 77026 74900 92652 53648 26449 74517 66483 76720 26608 48560 57669 15453 23450 
94555 65402 62744 44823 1472 82292 46587 56019 32356 94092 90227 5258 55050 21491 23922 33668 23521 29266 27045 
98420 21917 80692 41220 12786 63527 17939 55745 12086 91960 87549 51887 86514 52950 14630 31336 54422 96921 94274 
26792 45628 88366 33371 50885 43415 54861 74807 77083 94733 20424 20479 9504 58692 1171 50723 87829 81049 68662 
43574 93134 76973 47474 45020 63486 424 76001 11173 71197 72922 5447 97988 34901 93812 31358 2138 53578 2571 
76944 47012 97303 13719 67491 6807 72410 85013 57529 76591 66061 42542 20164 75546 19514 67637 36917 99351 84412 
12917 10524 71960 2190 32322 86300 37091 26133 34009 39228 96062 36579 32523 43074 33882 62593 10564 57040 35002 
11928 30920 11592 77988 89814 48107 69885 9327 32096 6801 25030 32859 19717 35553 4819 38259 84226 91118 91701 
10358 25126 30928 22771 78057 79802 65844 28290 42394 92759 85329 93747 4686 16248 21691 99025 6061 69797 68909 
31740 18244 92061 73121 51103 28130 25025 72273 66388 9250 63390 58088 35959 4867 5367 58729 99275 85168 24573 
27564 43913 33683 12892 37659 54721 45492 59349 53745 67904 45498 39006 15995 63741 47418 89115 31195 75547 14139 
3467 41934 23388 83208 16373 59346 4427 21739 34427 3701 23258 75351 31265 67170 9033 60508 21181 63753 22351 
96881 33850 90255 42378 72855 22601 22471 36624 28068 70017 12171 42206 73484 70456 81946 73043 86829 57643 77469 
24919 92069 81170 48177 67419 28786 31698 92804 89293 69230 56556 11644 66111 6757 18250 24840 95963 57202 47310 
32587 85269 33679 44757 43827 7162 15212 42124 80204 2040 16118 74025 26959 24539 71546 91487 8309 331 39536 
1112 5975 8766 74020 33970 91228 80776 68571 16067 76739 25773 79729 9325 27393 13407 54081 71219 36920 69292 
29694 33475 87684 45812 7499 30994 70350 79044 38832 78658 95726 78367 96122 1701 3484 70141 52022 94711 50916 
20593 27130 27654 62717 6858 36978 90109 36616 7410 77680 73535 93054 7373 23361 80737 53184 47212 28082 39885 
26255 66913 34895 38333 61631 31016 56385 65115 1156 8406 76177 52071 28998 19658 96077 91714 42867 33054 98175 
79482 56816 75854 69368 49869 83226 92729 46957 52762 39940 75038 8998 82546 58302 43892 37230 19932 74907 93614 
1398 76062 18372 77575 28133 63721 97232 24209 71787 40099 73614 69961 35932 30429 45814 21652 96649 45391 14380 
43605 14504 70671 34994 23502 69568 93295 67393 6798 29579 42300 16763 30976 34713 35134 24902 62845 15207 38486 
3405 86993 94936 93371 56953 30867 40151 19118 52518 53152 80860 83249 96756 95364 70271 48102 18865 56191 41396 
2609 79340 87326 44908 96102 18302 79621 47588 59555 58817 62794 98040 78574 49786 92975 88296 23090 40194 28446 
58559 9063 81597 39418 8664 94705 34781 78934 59158 69997 51476 553 72606 30815 4231 17513 43269 22532 13485 
90856 82086 88654 70001 96478 67227 36138 89452 55522 59227 29645 319 17785 55060 98268 73554 63723 9324 8335 
59008 68481 78331 10484 85385 67288 41298 89615 84801 84566 28498 14637 91773 10584 3290 78125 7061 70516 14262 
12864 42389 89840 58861 59060 23976 13920 73679 97530 93994 83002 22216 53001 51482 16898 63484 53218 84186 21134 
42833 85338 22051 71330 99974 30176 98265 3264 8300 21677 90131 22562 34541 48872 28753 9753 24283 52729 23672 
97961 50258 17665 80962 88825 87017 48795 5722 66853 18364 89907 4338 61196 75244 26388 48878 91570 72915 63494 
11185 81215 85171 17667 20128 36063 82890 48880 45815 7172 17960 85838 5132 84569 19854 2445 73393 23222 67591 
95467 90074 85955 85373 94411 63502 76969 37151 12379 84890 10065 75873 96074 7631 77395 13740 44110 29809 96630 
9342 75623 20153 27301 77812 25285 11870 14017 44081 1614 37238 11672 97080 27312 97626 98805 21722 61127 75773 
75224 89858 77014 85289 82082 73087 92919 75828 3178 37029 5636 16159 46370 97610 36312 90022 91773 77948 18243 
5789 22028 19857 43026 33699 33288 86689 47676 32092 24763 25155 24216 99986 31364 1229 85274 13445 74315 94545 
5624 93845 47925 11259 10003 10646 8868 62666 17019 16992 40613 35262 22780 78993 71470 82157 29043 4757 68846 
76719 36849 93608 18225 61064 93593 49588 62293 95219 79384 52959 6115 85007 63155 70391 96265 73158 81036 21484 
52175 98054 38475 9140 49667 77606 88132 21136 59762 17174 25893 28607 10244 62741 38566 28468 40156 32159 78055 
18800 43729 73790 71759 49843 58796 51265 20233 71412 40774 17620 9247 92949 32025 64073 2088 81692 41678 90219 
2827 17792 23744 45071 46398 33988 24163 84964 62455 64319 33474 56862 83118 77202 30651 71228 43396 5799 22493 
79980 77210 79618 97599 86457 72566 45975 66881 91005 27666 8559 97575 46845 26350 21319 91915 89099 55306 32430 
90414 34112 96748 23887 90973 96217 17440 37976 83797 77187 43774 22641 57166 20983 2258 71116 23791 91176 17091 
90672 82180 61108 15582 79755 7952 58283 1073 16219 47381 72730 48648 37795 6841 61747 78033 14166 57963 95473 
68493 58111 89011 12266 80751 46177 49600 99361 17292 89743 90536 50734 96766 72715 11842 12347 68821 19793 70629 
86245 52363 34361 58974 1010 72155 82167 62756 66540 12684 37071 62012 97528 95181 51022 9793 92284 13550 75744 
7996 47194 81838 14883 97927 78603 3949 9768 7301 72770 45913 94281 59014 98275 28642 34340 99285 17148 16506 
78392 83687 45541 31814 62050 43068 43347 29424 69212 51982 42973 61307 59977 90166 43145 74859 4445 38099 78807 
14212 61752 67928 60124 72384 43294 58399 1025 77633 74035 34525 10490 68778 18211 56030 592 80261 15449 43938 
26036 84660 12271 69008 62318 72247 75526 21814 63457 79970 76265 58615 94181 38016 26543 70657 10399 86188 45407 
27776 63820 35793 62300 74309 4570 96862 46690 21513 93474 78490 65450 19509 79501 94072 88517 41818 66318 80394 
63632 46126 60363 39896 4741 70895 94263 47635 41551 21013 33822 3309 65140 13993 39101 27439 88301 43671 40653 
51342 65183 34126 29831 46985 53635 9331 41056 58503 67500 23726 38896 47483 69851 99258 3730 90943 86504 97992 
54929 28055 35357 88750 47715 496 19094 86816 44287 23746 30486 84939 75087 12020 19064 21269 59004 89050 46951 
16412 47552 14451 40137 86447 78285 9987 2056 82015 17282 88560 96358 72210 32966 31714 77312 80680 48562 96405 
67495 92848 20151 14332 94138 11589 26352 13201 32858 85355 2251 96160 1766 49802 10610 58254 52601 88895 68241 
54656 87261 1874 59567 83618 74083 92532 15332 67746 89564 80245 64151 73410 73092 84301 87742 67229 95889 14093 
96781 45098 15799 15383 41258 17565 81537 68219 75818 34137 73465 60410 5144 60725 78635 64711 44343 52718 73594 
76026 20463 63157 56270 965 36567 45713 85265 24308 12941 97506 54752 26073 42603 70550 41456 83860 88114 22992 
68431 80284 73480 41895 57045 78623 2620 35680 43333 46962 4749 33279 22987 41563 96435 95608 42528 49353 41320 
44144 90012 70612 41649 44763 96684 604 15313 38139 815 19778 77482 69245 16413 50961 11140 89810 29584 13759 
25489 89268 77072 30237 22546 16410 88151 35333 12017 30678 84685 53336 91174 91049 23947 32822 52163 20630 49777 
67475 75121 66944 3605 68954 36188 36369 19915 63679 26178 65850 93789 68018 71469 70860 14606 94015 87269 2757 
45699 15637 33434 46735 68972 24607 37783 9270 73781 89946 46252 39909 73772 37724 6852 93728 6677 59392 46449 
