92 57 40
61212 94141 80338 89830 32932 84538 14054 79035 19530 95816 15219 26484 46363 92897 71962 90476 53565 73024 80938 52196 87869 46606 74822 33027 46194 80108 32212 48063 27352 69720 37179 4915 80212 33868 94744 29496 34757 25149 24882 54286 37316 40101 80769 30 49349 69082 90505 19265 42106 87794 71460 46326 34400 46281 79352 80593 42741 
27916 45007 86444 97635 82185 91358 94199 32404 2454 23694 67160 27602 48575 21445 81270 5027 18566 81299 70727 87647 88156 89991 29752 92301 77803 76078 43052 40435 71781 39996 99527 99696 85002 85970 13683 83538 93680 7881 15941 96133 47926 99452 40086 12852 37249 21355 17879 55814 19006 4957 43460 7161 94948 89564 15813 89102 65641 
58865 29536 53773 98860 29063 53469 83862 31384 67151 67399 25063 91383 83340 37547 39308 99143 77633 52159 36391 15339 86389 92204 34344 91346 52016 57856 2645 41579 73669 91746 23571 32533 37633 77343 47744 83047 47163 31605 14431 30665 99004 55845 22047 98695 93392 77706 97837 87376 29865 50580 2714 32605 59135 37058 23950 27502 11265 
42946 69080 1285 34691 9002 33817 88676 2697 81561 71722 66211 29517 86152 96876 44872 58349 35274 43566 51740 12980 57755 39115 59196 8334 58180 91800 83820 11589 15750 11322 22854 75047 96753 24138 9738 22107 74307 14765 24803 72219 86486 7365 1735 88990 4240 46607 47338 55866 6524 15429 68845 64278 70895 28040 88963 29074 19839 
89135 40663 51940 456 79868 26987 13560 4005 53076 35666 94663 67840 76820 66881 70677 84185 84968 59666 4776 47926 23355 60641 70801 55135 29485 35079 26029 73876 40393 71455 10067 45879 28469 78358 46334 8336 21696 76246 28692 74771 11911 39707 58962 88731 22939 45991 89267 7906 5656 94042 72183 45363 71035 42984 497 519 94414 
26526 90747 51158 14332 813 97037 42800 79170 59722 67487 17218 35967 12530 91988 47878 52236 67302 52960 75175 13292 42226 99432 35299 52619 87967 80661 23653 30950 97510 40524 25363 40387 31270 92872 54718 48434 89908 13869 43955 49630 97707 61172 1948 10236 69512 49825 78824 53165 19136 53998 82808 61361 69781 18106 30332 57747 15119 
53984 5048 12628 94507 46762 53014 42128 39634 24083 6913 45893 37951 50868 11874 35657 28391 13822 62244 14254 63646 41067 67418 99134 11416 50225 60494 81197 84683 90825 55295 16153 61161 60343 45132 72019 7104 14497 14147 63089 38579 37411 8982 92881 4630 20855 28537 33021 34676 7132 47274 14674 48199 31044 13807 59614 97620 90652 
57162 98654 97829 12457 31158 58989 89151 76289 31007 96254 90785 61505 59343 45715 98916 84676 38595 3545 5530 83483 52917 40206 90615 16543 71231 38813 47586 85037 14778 61557 75688 71940 60211 73516 84396 7720 32504 73546 84009 79863 86151 91145 57719 61845 36860 72986 46520 75454 92883 68402 58937 45799 8607 49551 78693 79837 4715 
42630 81225 19492 4187 56912 91431 80749 46780 92178 88468 95635 82075 88828 75497 84578 79973 49568 46422 16832 22553 9294 8637 31787 77695 67573 93938 2653 33475 72630 98841 38189 15260 80065 57681 35798 53328 65463 32898 107 57641 21365 95742 39715 26545 87590 24292 6517 37157 87066 39700 76062 96359 48336 7848 90405 32261 1785 
9409 65735 90767 8249 20276 6026 4665 94308 58175 57992 59770 91072 58099 17410 28788 70192 73477 55332 57781 14120 61848 94938 1185 1547 87351 13895 66235 95198 20651 98495 13335 30059 80581 4101 38307 856 26478 59323 95163 84652 17315 54933 75723 91765 88694 4510 61956 62170 76194 19736 76290 38041 31025 93826 55940 18375 7721 
22174 29925 28371 37020 43259 74782 17600 63711 29440 18456 90188 88763 29970 74839 6077 1254 66913 97841 89948 87774 76148 68469 63967 95883 44758 18360 26908 38584 74299 61634 62656 12824 91558 7378 49843 51168 82159 67442 14878 11599 2249 5065 361 32219 96255 22789 33472 63167 36981 39771 67293 13128 8240 31259 25362 52997 49618 
52269 7932 40268 13903 86939 53091 21812 94317 2933 72980 92827 86727 87857 20777 88975 9274 37489 37545 21880 60277 71017 1399 13609 10787 68691 43088 19026 99949 68450 88375 65919 20718 12658 22538 50972 15949 91981 89136 10265 94913 62115 19443 97991 66323 40220 3318 91948 77708 40862 13828 54337 28230 15226 84297 39017 83916 27385 
74394 216 95834 79120 82486 32903 8130 5024 227 24078 97004 89362 50694 8268 51476 86488 22611 34150 26707 25928 26098 20767 66789 56277 91455 95019 71502 75751 50387 71769 19487 41132 71984 31672 36604 70822 64575 44733 92197 64801 85162 5552 54162 52207 30171 21989 38694 52781 72490 65401 78708 98587 2519 61849 71215 10325 73219 
42716 2427 23605 14484 21914 81088 2820 53585 17691 89993 34511 78775 82189 99311 80288 87740 69824 32494 17910 8164 71188 87043 80654 52940 82102 95592 55458 43950 66807 65782 17168 25874 68208 57124 40358 6473 54564 59529 60058 88606 65873 94568 83733 48061 10231 64020 52152 96406 96514 86413 4570 84053 73455 1575 36992 71909 13518 
8801 15858 80324 90934 49378 6198 75493 22853 62907 81966 77416 38787 58375 82374 4659 69294 66106 69071 95876 30125 37574 92282 42990 23986 13203 43394 13793 31129 80385 85701 44646 5537 17910 41322 96470 83639 63871 88315 6492 26777 86632 259 81915 45006 82632 2925 30651 65089 71995 42879 11566 9568 35160 70907 49905 64714 14301 
63697 12194 11037 65749 73191 16574 83659 14512 29395 67297 78382 34061 90140 21510 20692 6751 19776 82049 5734 22700 12700 70823 94694 55578 98740 20613 7089 69646 70518 88154 83946 50566 347 94983 32667 89889 27908 16325 4401 73654 99973 99134 7715 6465 20644 28406 13215 40419 10455 35300 79471 39506 6122 90516 11435 4861 11129 
34875 90859 97998 23028 74804 64915 39726 86138 97581 29614 30397 30257 50366 4051 46582 49500 28117 53046 70143 72874 82612 26913 83328 17911 6383 39185 40385 96899 66971 61597 24379 1845 52455 38728 24872 43611 3642 80949 46100 1223 10563 76497 47831 60928 96899 94412 10427 25015 63809 96921 97888 62772 40186 97568 97035 62920 53104 
37419 76170 20075 15367 548 21919 67822 39275 46791 27784 59269 27739 73883 76843 54653 50379 24673 31933 47277 35437 58711 88643 99245 55632 86531 78369 12169 84098 75403 75088 37201 29173 51258 57275 44539 68157 79194 28712 23784 42336 56495 83052 86426 30378 59894 57431 97108 918 89363 60737 52706 48073 49379 51951 20056 52261 46671 
48576 36358 22073 23664 89911 51245 74921 63537 95783 43077 59082 24495 66860 17769 97341 66263 4195 44070 42508 61625 41178 43426 67339 1914 96131 31763 67644 64433 51819 19905 27455 394 72614 49527 40409 62524 17123 31681 42413 12906 91110 1494 53752 74321 35615 67444 40584 39809 11514 83091 17785 52691 42868 1475 70956 55351 33237 
38599 36135 1407 74855 63590 18153 47469 29468 58561 26344 46591 90242 85108 75848 81351 2954 45951 72023 38568 13394 12606 94728 24907 12049 12512 93949 71268 13986 64904 26618 63574 19855 79105 64981 11061 59046 83133 58529 4865 58045 1225 67807 64638 86332 43654 62340 89285 5956 34363 27852 19350 46968 22579 60608 75368 51442 54557 
46636 81779 35812 89605 45353 72018 68709 10333 83079 44106 9817 41607 48971 84213 59183 16777 48851 45515 76783 11190 34799 99090 45552 79003 34791 92520 1581 95399 67887 53023 66307 14522 51153 18470 20479 96505 90488 5539 23189 73566 49645 49357 31524 14967 33570 90707 48095 82420 36221 41229 93609 87371 40319 39161 66373 75109 48032 
84306 86859 15918 53680 69517 46792 4832 87987 83622 1337 78474 89160 24525 68391 38804 73882 99914 70122 23803 90620 34569 6222 43192 75797 99830 46915 32467 38990 13287 23928 87021 97592 10786 19291 51271 96655 82434 56103 84641 66055 73791 79466 55214 14667 47856 10370 4900 47769 96843 28702 54741 31411 34923 14284 23560 34753 61198 
56026 90094 74485 79953 93467 88428 7091 29109 56051 3745 11542 28505 4737 93948 2295 84202 65513 33313 32057 75882 38213 96177 89077 66914 67269 20487 18189 81553 44046 69293 59102 16424 59386 49938 96376 69204 38366 19818 98312 10768 39914 26205 39272 44650 36504 57918 45203 2017 91230 93611 94250 45794 89788 83326 29060 73408 20165 
47248 71312 64210 16540 30414 80633 92277 80351 93361 61481 35068 13178 76144 45835 69444 18701 1458 14093 55204 59375 59296 57220 66957 69258 67822 29102 75397 67499 58161 48805 87663 21760 20116 68225 38299 66881 65209 46928 47232 58569 8408 82299 88099 903 44486 73894 19603 45943 87986 74807 21670 63633 48378 4978 32891 16199 34079 
8287 83698 8592 73443 87712 30351 93559 55936 85002 76791 21145 31929 24022 96065 56688 22673 515 57590 83510 74408 77193 45804 78746 68351 67473 58730 33080 88802 91620 65631 39233 16259 65680 47824 89701 53391 94526 99611 9327 79527 76402 46823 11455 16775 59239 68142 55799 76106 42084 39308 66865 35628 85112 45610 20330 68936 4340 
53409 74090 12311 19039 13322 28569 84718 77497 18270 38109 72022 17880 63787 51549 94281 26961 79355 27408 2551 63849 83206 78656 5932 38866 45521 41559 40329 7482 61888 25616 11821 31648 99705 24132 50687 29378 69052 51756 6874 87321 6216 78896 21553 70002 46796 32185 13314 26150 59592 15865 89998 59150 10872 12281 98015 56392 70191 
38343 80226 48430 80310 92046 80078 80015 32529 47116 9392 1581 98871 16266 5253 5087 11513 26805 91440 58308 58990 4754 809 34933 36970 7159 94082 47841 19439 92096 20585 89630 46790 810 54411 27100 9207 34488 7114 58088 81603 32857 59668 80474 65474 81272 1912 76986 8077 93351 51645 83418 14456 68806 18350 67777 75964 12432 
31970 11754 20879 52554 17735 67669 69715 72146 11120 78921 6633 34585 37008 4588 67441 13027 1413 49267 94299 19676 26252 18727 13026 94249 2144 43834 63054 36845 11610 55369 49276 59931 67122 86507 12484 1209 54175 98550 73354 81646 93823 96338 16230 30830 17277 83670 60209 18689 32936 70859 38364 75540 89585 67742 86140 8080 27927 
65545 44924 55888 37265 10552 15819 4386 13410 44654 5594 83936 43204 95299 65581 37026 91637 81810 84207 8913 81831 60767 43954 31119 31625 98669 23010 37561 82762 9149 61992 10688 91045 23268 66576 28309 50171 82394 49046 63580 27047 70992 47515 86602 66290 13095 23627 74278 94904 7834 99543 93086 68600 43496 24204 16577 42164 47213 
54137 24926 72713 32481 51965 63757 55748 18540 92065 5918 17285 57463 69497 60684 28454 17011 47285 94743 46457 87264 69021 57712 11449 68563 50797 96400 28410 91353 12976 86925 38565 83465 28202 11278 15945 80167 91386 71692 98706 83451 93961 32343 57265 63457 93026 85718 96819 56662 96812 59627 43925 65832 17338 71725 50746 84486 68125 
95507 75838 81100 82432 30755 80916 10633 42032 96860 90799 49769 84903 5857 33219 95215 54551 6835 58671 63928 92552 71841 20589 89364 47819 80866 71547 81508 52590 38645 65994 20714 34151 58183 18166 16582 88937 99081 43567 47320 12293 34365 97089 13547 56573 46659 8762 11123 53494 83784 75050 62397 71977 11991 51760 19795 92856 23307 
1303 61797 61951 83648 98863 12453 58182 17028 29035 47119 32460 72601 10790 61104 23317 24230 74651 96242 87241 99764 7364 57086 83547 98766 19482 71875 10756 71242 91670 19963 10900 9324 81759 89202 92971 80621 1654 67504 14000 47040 30974 62812 35992 41764 23915 59309 82345 14917 71902 69585 14680 79265 26670 14579 94382 46152 86453 
5137 33745 94474 41451 44644 3797 23210 50197 13119 20182 68202 80623 50534 15242 11596 13345 51233 69711 53611 26893 52056 84880 98794 21640 99559 94411 64662 30489 88792 10813 33294 10281 60909 27767 68083 21904 47916 91292 72100 61034 27826 40301 41656 94711 71894 69604 24407 23127 39314 78017 66371 7721 62896 81517 45713 78807 92279 
10374 25647 81070 37538 58940 7702 98446 86707 75785 20349 34622 83428 8800 12007 27605 65452 70015 22315 37346 39618 63073 76824 95283 41090 43194 3004 20337 41062 48716 15495 33340 75441 41142 30762 12978 81 38463 11423 3139 30599 48123 54112 30379 56922 66119 57983 22373 52485 96650 59718 8454 59722 52893 3736 17163 96087 23091 
53852 53500 88158 69346 86840 63598 10487 17601 76575 10568 72415 4349 30058 19366 52471 522 49744 9392 66640 24078 48117 35476 20727 24186 43929 96801 77079 64016 30315 89517 87107 84166 43016 91616 53512 46207 55214 63998 63807 48140 90917 52574 68841 37327 71939 21311 37848 38034 47055 20839 62111 11523 56314 99190 35708 16594 12342 
12786 80609 42656 18654 84067 43174 61670 75683 96685 7876 47248 77034 88035 11739 84303 56960 80579 37981 45250 18242 75828 83283 81648 13018 45393 93170 69331 60934 28877 85924 73275 58015 82884 32283 76668 66951 75456 54689 58985 88492 78917 22584 81877 83303 34322 82531 40262 31253 20511 85511 49494 12690 85145 31141 25707 30537 40662 
11389 7823 85890 97312 97449 43904 96548 29731 36924 63498 21538 7964 38834 26381 86880 61417 8258 70182 12090 90788 26795 43342 27651 12305 92835 40340 97449 40327 66047 44338 80988 77435 68512 66878 91099 65960 27133 87646 95691 80408 67495 33580 88372 22680 59961 75251 84096 84570 61785 96185 75357 88579 55879 19359 17236 48713 59699 
31036 5392 42097 91725 2731 19531 60236 85960 26981 26196 13093 30978 38238 93500 14824 88169 81871 37503 48129 73474 37950 32698 35258 34135 24407 23836 90013 43765 57423 55077 3463 88459 76820 45559 80183 79551 81442 40419 65510 24774 82966 94954 55752 37555 4806 70575 25723 86676 8078 73852 60149 46027 22901 11758 96513 47307 51946 
2877 91072 9368 74306 10886 97826 51125 72797 94361 47027 70590 51131 12537 95363 50448 23842 51114 88002 28647 38041 13724 31675 46118 3927 8175 8496 26828 19933 21361 90486 71878 40589 97909 81245 14894 8795 95423 82371 97943 6135 29397 84884 57265 58285 80246 7712 82127 47712 95713 27125 85752 25788 58799 31869 29715 66974 56716 
72894 86906 78076 63379 75135 35017 61288 72731 49910 86434 84505 48632 728 90639 78029 85611 47903 52665 82208 71966 51143 29919 84030 78268 15670 9818 37066 63890 55884 20391 20606 28777 7296 15033 8507 98782 66401 86146 71513 16311 72579 56017 81294 89658 46656 75674 75268 10910 28339 73828 82876 95833 3746 83257 74100 19416 93074 
27518 99657 65309 47908 36614 10437 71556 51647 18944 86689 34399 5089 58201 50709 94020 14218 32003 29 77225 7676 91649 4486 52366 65476 3713 48199 69221 86970 38650 4988 96395 66167 4645 61704 30427 41258 72140 18334 9256 7435 5022 43655 12524 79575 10715 22895 10144 59069 22923 87368 83097 14571 91853 35462 96398 11918 12 
65619 98887 38662 70606 95281 21180 75250 56984 67958 32860 45476 86291 42115 52910 7665 85769 81785 87239 12836 21031 97382 71904 43954 1101 55000 74876 9305 90462 71274 21222 6825 53244 36460 45486 23849 31741 83018 15451 5076 50975 48310 50551 53618 6776 19813 61282 8897 1597 64872 21732 22628 78605 93635 82933 96057 48635 74160 
21713 55448 61785 59287 62272 15028 95746 24110 55229 27486 7127 87031 32562 58101 51692 99464 11718 58467 19276 89351 67363 37225 70574 5446 59852 65530 99081 59136 61586 64067 49647 99651 35866 11432 58937 98137 26459 54682 22246 98039 98520 45724 85069 31081 3825 36760 46896 31894 95227 66172 37597 78941 3396 24522 84387 79599 90052 
99819 55086 67989 80237 4732 67639 16102 16163 42927 30590 58974 97609 69188 57012 96128 14911 42081 43560 35087 78840 90455 66981 90418 72978 20929 85711 76373 45450 86449 72323 51853 86267 27408 19842 82855 32140 3832 98956 48302 46759 45897 7275 60719 15084 64287 73198 29995 22719 33109 81433 17910 23563 48413 8328 96541 85693 10390 
89265 31143 96838 61588 99347 99456 88995 19188 82310 21134 39372 97617 85788 2482 43513 93062 63200 74949 73700 52749 4943 12770 85857 86375 30680 25771 51140 55359 38663 53184 65748 27928 678 62585 5867 25 78392 11213 35564 60701 48699 74935 74669 34486 93768 18181 43899 73319 93129 33951 26067 14423 46720 28275 17150 77399 54046 
84641 32757 92708 37824 98504 36987 54854 77440 42853 54878 55831 70418 90441 32883 19116 81728 23903 69953 75495 58436 13851 48814 51564 47801 74880 82339 10873 3155 15840 88271 73552 16832 37380 66259 71007 52235 19598 25860 29675 78802 80737 1857 49219 87530 51092 84686 69257 74994 54638 44751 33429 84841 9916 1345 32641 84796 35 
59865 4302 32226 48136 77853 49057 85515 60463 36415 54101 80060 62275 83775 58862 59363 1984 24432 46892 69427 9118 32500 44420 63755 93603 94201 48595 3518 11897 97588 4665 11931 57452 8966 44156 21939 3170 9564 23805 79985 45978 77906 60044 24604 78032 35257 83967 80015 76041 47210 65793 85158 96062 10213 65264 89664 20765 30211 
9533 32661 44150 14198 60943 17953 39515 5098 39892 42685 31013 80048 22669 93342 57953 99064 17946 35985 50673 18264 32351 26713 81825 14496 28222 77886 24708 93485 83901 61824 40047 93434 94484 84196 23983 55426 2149 63497 76875 42040 22533 24239 22087 61553 17580 96392 60617 51877 48728 27641 70140 97430 54353 68317 11925 82574 62554 
52984 92410 46455 14807 32457 56240 9290 16652 80222 81067 18800 43718 74293 77191 66251 98531 15630 44155 32463 28373 4771 84339 77100 48763 70831 74529 3115 39147 2806 2040 1700 55789 10802 48154 70596 59610 20745 96237 76261 966 93656 11413 61036 67948 4955 43638 82831 36936 87792 15293 65308 8915 99631 42407 57677 86813 33288 
60792 25959 36093 79183 27659 91881 6336 92164 78828 65945 12909 91417 42206 13874 85072 69970 74909 69371 91276 18546 52201 28212 22690 83845 93519 31604 99828 35926 89280 86640 85565 66423 12599 21657 45606 56609 29889 68293 48772 25069 34238 78032 16485 92795 91906 17908 62764 83166 87278 54039 18064 55831 98602 40753 56027 92121 88708 
55854 44398 77987 58846 29962 44410 87796 67970 6367 44404 97858 74659 9527 22926 8896 87559 55762 1690 95816 73669 80805 95333 60947 51196 29748 33129 49797 86852 89155 41917 75559 61361 2666 53546 20206 32627 97955 8001 596 20673 68756 14806 95331 78282 54083 4227 65840 9845 22268 61655 83513 3073 73340 60811 54268 3087 10291 
4064 89939 15798 62333 65497 77158 64998 19042 13715 13977 33348 38067 30924 54020 23174 45729 49351 1455 16164 69929 83647 26008 92196 61653 25872 11620 34992 3035 65887 38079 13325 86303 28017 45474 64987 93513 38983 46336 28907 52697 60312 62254 7115 7588 16274 30288 69668 81976 48095 85831 51904 31741 28190 60451 93393 54062 72071 
44737 73448 54309 82815 3124 56963 27183 48598 21949 20695 87580 84637 65953 56629 44948 28207 63743 68887 60832 10383 38555 42807 58477 24385 11062 6569 52575 87864 16313 22988 76286 61049 96435 30595 60215 99558 3909 87397 64507 42210 24444 52087 26846 90396 8715 88145 18602 88809 57032 95785 99191 95586 54943 74019 19970 66004 80587 
88896 70220 13252 28235 46505 74300 41021 93451 34515 40579 97360 21911 5085 55921 46354 73523 82766 53102 82237 70910 71703 71046 44293 83840 70236 39878 38782 60607 76200 21138 57545 81447 91357 70796 9682 37861 45096 50702 47664 95962 7632 45023 34224 29069 943 80578 2591 60 50031 1180 87321 21733 72225 31614 21924 58812 87843 
60706 35770 80394 81843 93315 78193 73199 64110 4226 27411 25557 71279 75074 21518 78911 36448 55742 24331 53742 52671 43273 53801 2701 60804 57474 40785 33028 5439 62709 8192 9633 39766 43961 90027 21608 53627 84571 11158 17737 88796 54920 43293 60074 46346 81163 55336 82793 53256 96018 52887 5926 39291 23039 24978 94 80512 82114 
49474 2302 61174 74017 11935 939 34329 1961 38898 87956 2883 66407 5692 91678 37679 65336 51751 84024 62850 7087 83168 16105 3104 36054 38382 58746 75445 63359 75192 72308 61825 41017 74610 22998 15033 86544 40289 49361 4856 79186 53668 7738 61945 75711 99415 99623 41047 67517 83646 20248 90955 83165 36353 10411 35571 74734 85508 
11015 54445 60699 83322 16269 1715 57931 55618 16747 44474 95906 82460 65681 91444 36127 73418 53388 11838 89184 53010 69236 56701 53007 89483 64007 36171 42187 74417 71741 16921 59925 99107 87717 36975 82429 20337 38690 40359 75954 71788 1185 88212 70599 83217 79655 6726 56635 49394 34915 45818 18755 4150 18870 71761 9984 99229 24283 
52171 73645 12376 85443 49921 11482 73159 86896 93910 93495 41937 50621 85800 13724 68157 74011 675 51373 70017 7400 24359 19410 58666 86529 38164 79167 5398 26276 89150 4626 50559 57672 94623 62934 43114 60895 74415 32624 47790 84677 26118 6078 35297 28270 36154 19805 2280 36828 71177 72297 44227 95536 91706 19244 82064 46222 98410 
3813 72497 87559 24791 23055 61583 35765 2340 21048 96659 76755 53672 60801 77783 96141 66878 29431 24410 3031 49235 43042 39858 20411 31690 436 32298 23395 19679 30713 85968 34440 50878 58465 38351 75668 97871 99933 11432 211 20980 8090 93317 91003 68890 71099 87144 52120 529 27905 55150 66115 70946 11360 2877 2635 28147 35175 
42382 64178 82239 28349 98617 33116 3165 36967 25135 17388 36899 36566 17598 74231 61008 27266 65233 46249 14716 52376 98368 31596 96633 69870 97710 67578 81229 586 86565 9375 52112 45298 73552 34351 89998 72169 83818 93163 25487 8953 26902 62386 45518 60851 36616 22877 88116 18200 69126 19183 86928 83845 50778 83560 53714 48487 67489 
51294 65424 54053 60669 17536 15702 50572 68238 5700 39092 52055 15214 64579 61007 42115 43316 22877 2965 96283 62105 7432 14482 47582 26614 1409 31427 77391 84968 85140 42229 68809 52786 24004 39213 13454 57891 54915 80377 26128 60614 19469 94535 75827 399 55541 17941 43714 94769 37257 56348 73226 44688 70829 20807 87653 88590 52233 
81395 89909 53725 39975 58717 6510 63978 97930 36315 21869 52844 16691 47996 29809 52511 58882 5635 69261 30775 39927 29326 25543 93535 85673 98768 38222 72854 35927 42226 61443 88159 23620 67703 58235 63594 26420 81096 27571 40701 17410 65791 9896 50453 13787 39704 19315 72668 61690 88576 3442 1616 34253 45337 95150 19926 60456 49723 
9131 96382 91948 70573 893 15567 54627 75479 95512 81046 56575 23082 38098 90336 88873 47993 57140 19011 4048 92807 8030 65737 97734 27824 83704 31986 89512 78853 68263 49967 44927 77393 62701 53226 47965 79945 85144 2592 55423 80655 99989 28349 20089 54439 35037 25313 2431 8528 60675 22831 1334 68704 88567 99067 12879 72271 47405 
2390 67475 15667 68709 12402 93060 47761 81979 57376 44057 67123 76319 99479 47777 76308 44180 84217 30746 95568 9529 49528 4095 70203 72358 21781 55259 77277 37199 84489 49547 84603 3231 33373 16622 88291 45774 9681 36051 44105 67056 80107 11227 43375 95937 75355 36034 56468 59572 83131 68387 85452 49010 72482 72007 37720 10614 27265 
14996 47812 28105 80894 48767 31335 14266 65388 35977 76392 91420 88379 20496 58475 68485 48074 18201 80774 23428 70586 53593 82999 53716 21980 68451 2726 10813 40457 56797 37778 84073 71792 1941 28529 69037 50707 76216 83302 32446 12192 76045 23865 571 12892 98692 85407 60965 16892 82532 84393 87478 52477 83743 57545 74456 52193 76622 
1620 9001 33418 39397 9425 21561 57689 54306 90597 8396 30521 90251 57193 59064 82647 97410 59634 95539 96101 45041 56503 29344 43924 40895 33173 96400 24638 90718 87207 93182 83691 88826 18535 17109 44574 44311 55021 2263 98616 61970 27010 45488 68572 554 4552 51218 97963 64185 46756 94063 25577 19611 39759 69501 60505 72931 65900 
1494 80000 53107 11028 63691 58284 29562 97151 19210 90224 52171 21472 88840 30492 64833 50679 99063 65386 55230 66633 63349 35767 29740 73763 61343 49350 13521 47195 26207 86452 29447 44052 66451 98905 55079 30141 73540 992 43643 92749 91216 12166 30572 96407 42657 95404 47085 58072 60790 18667 24704 24138 54433 54443 97900 32127 20145 
27773 95674 46351 14224 25120 90402 80674 40376 61833 27167 13915 62824 70809 23016 54039 82974 53587 66797 41983 48991 13882 54 9780 48900 41109 50269 3332 95551 64520 51810 32047 92292 47483 94749 22867 88954 85151 3541 29329 46983 47059 59596 26158 34219 82611 96549 17193 36197 63345 59175 85187 93578 75580 11318 42477 16688 77938 
62160 28590 42458 13970 60637 51101 61452 55385 73968 50406 56887 93860 96086 20221 57270 55681 46379 91488 38291 42927 25032 90840 22623 84206 76026 16201 76137 87344 75029 92824 81633 37189 37766 40442 67510 98402 91543 45313 70138 81862 95718 43377 75721 8156 63597 49342 63836 26327 40829 18479 85605 65861 9318 8228 66418 1695 40780 
42555 5390 15808 51730 87023 69348 89495 27464 36857 4248 19006 82170 90738 17219 94239 34114 9291 2394 97710 58632 82582 24037 99461 17412 9641 81673 43081 34220 48090 44775 74999 6996 50165 90807 58726 37187 76506 64572 81002 13363 85172 16360 11884 75909 33578 6122 10022 42869 24868 7731 17852 23801 48119 17312 41212 74112 15336 
84292 8331 63426 45418 83330 86773 95582 90488 61850 49120 66993 26422 30122 80355 11593 62833 8590 3853 96410 14712 13874 55630 55931 37956 73482 79731 86075 7145 37294 60186 22481 37937 68516 2258 83354 68197 89030 95288 58684 50880 60759 25677 93653 90880 22383 21597 53712 30973 25449 66474 62036 55674 22103 34318 93629 11936 14048 
96055 19081 67693 72592 41561 5629 57460 60170 5334 25656 49199 621 84340 16430 61380 26368 26434 68611 65102 48030 38675 12426 89830 21500 74461 45503 43602 8778 55484 55538 39177 51538 90970 23221 24130 48882 28849 81589 9051 50535 23596 74601 67507 24287 91031 45238 50654 33816 13849 32108 98198 68875 44533 88027 90374 35346 49882 
50327 44123 21717 22216 99652 73254 13185 22872 13735 62066 68073 11675 71116 18607 35271 62069 2465 75909 69451 47703 26563 3266 77903 75022 1463 46777 19554 5842 53502 54899 72075 20180 15374 93791 42396 31377 83396 55580 54248 97131 33998 38672 25157 21465 57278 76779 83533 59743 52688 52983 23797 95602 72601 1699 70623 74063 48475 
6528 96256 18328 61427 68330 38507 93152 62120 97254 24528 45516 69186 95127 58998 3183 33799 84154 24647 7428 77285 24532 83522 29972 77514 7318 25573 50114 9016 12547 40529 57490 19074 36784 92169 96852 5114 47028 6355 83585 44281 30882 29100 13466 42361 4449 16648 76159 4955 57647 83586 82239 82178 67108 12210 76043 74425 54134 
42509 83441 83032 83037 57282 2105 19820 65803 15309 41285 12830 21663 24870 57110 68897 70321 70576 11257 74770 3575 87415 79724 61221 87352 61962 59750 54459 90523 52145 45236 44656 94653 28676 27687 77689 2309 46143 13860 68111 77803 71497 80940 15818 96366 54402 84714 66686 24977 12322 57807 44903 99736 37530 22476 3439 99491 82225 
57898 6365 50721 3133 67372 45373 48160 11410 39413 66820 57553 53273 34931 51707 41121 32222 67524 37486 86623 52237 20523 11599 64558 78330 72854 80645 32211 95329 84084 31702 93905 58333 54418 44626 77817 21790 89998 42328 33199 29411 9147 7103 99035 44077 58810 40155 76299 26333 93992 79273 94922 14514 90872 75831 9195 80077 56476 
41406 75405 56911 89459 69309 31595 43876 30286 9411 65665 20284 68090 98864 66046 77236 5966 65080 37665 81127 21586 30315 7460 15577 9587 18733 46442 458 94563 71989 96886 67390 13394 72290 24300 19204 57951 72246 79431 88236 81656 45096 8519 66097 60311 90916 43333 82628 72347 80997 63755 93932 11311 87566 25860 20897 6298 72302 
37707 860 60642 34592 68250 74035 23234 8901 9590 81184 97499 89020 69419 95506 34115 94290 61603 10777 85205 4935 9757 57552 85931 89863 67835 13593 93780 93695 34489 77 82348 88547 17288 42989 39491 1889 33375 62724 27142 42964 43907 24640 31983 29677 20145 82450 23966 81747 93226 9171 86681 19334 83074 88963 9196 50908 18907 
2975 44602 69748 19403 43301 58294 36691 86289 97784 54931 19663 76859 82072 62626 20765 6711 10961 50442 43208 93410 74407 24954 2987 99929 27987 22321 99354 16949 47868 50262 52208 67195 11215 21955 86597 54516 80248 39639 40804 94384 94570 76819 71242 76641 55796 8359 99704 66756 75152 42911 60165 65910 84216 63152 65839 12202 85472 
65192 45503 49691 31805 97710 16885 43020 19664 3482 97535 16263 43120 54690 26998 54041 31508 14592 47034 87304 22950 63089 54059 98101 22351 30576 64010 6566 93727 46200 35120 95550 27744 80622 45240 59548 94683 62125 2567 30698 81958 16453 63312 41429 71143 90310 95470 19002 4901 58855 6305 44202 21943 76716 42302 44293 7291 22663 
67210 17369 68863 2329 12918 96606 99302 74509 56153 93984 36633 75072 41033 34942 91524 4345 76371 62666 11006 88192 98020 32258 47046 20676 76459 85340 97391 35112 29632 21033 57774 96841 38401 26636 15522 51318 39593 14823 25827 12098 25159 78811 87169 66191 30105 78692 86887 6475 57710 14244 11018 55729 46501 74415 76404 39311 59754 
90147 74422 5737 11179 48548 18929 65932 91535 34450 33601 31128 49273 75779 43225 90783 70942 30393 73325 1046 25436 60212 23872 99497 90807 34889 55225 53660 25655 47981 92970 85408 54479 83744 7496 82009 48643 42776 47940 40177 77226 97893 71304 42850 73671 30880 33632 44612 77624 6956 45657 3060 83519 69528 2556 90678 20768 74133 
44337 46422 38465 53658 48181 9295 53753 72028 91303 2395 14804 55595 42572 92029 53487 30227 51230 27157 61107 1213 71769 38730 24520 33777 58141 24391 3305 60697 15068 40424 51181 75756 86846 5997 29413 35026 15291 99518 23406 6593 1912 38209 62187 60835 46589 32025 91062 97818 59182 52168 15382 47302 7249 56253 97430 65390 80643 
734 26086 12062 57510 93618 87817 44355 99614 33582 95732 14904 49451 19137 37848 51362 57345 16387 12197 20285 48411 3258 18102 23944 71777 49835 71245 79025 6088 68675 44414 3082 85760 86851 15144 43269 80468 19312 3975 96433 69245 16059 27688 18695 51547 81888 70057 25244 98274 98605 45528 63036 18214 79982 86980 89990 29816 74576 
85366 52255 43250 29780 55337 45362 32982 70480 4982 29802 6143 25309 26234 75388 57719 70274 94082 9265 52161 80490 34508 66786 79094 80036 29821 13659 60017 16800 3648 6184 91376 89014 58439 50977 35145 13775 12690 68126 606 17672 14279 6748 59332 56865 98487 17050 27138 92569 26314 95650 89410 77174 62435 68504 57209 92255 82162 
33577 9055 2162 39760 430 7527 98198 67758 59023 28324 80448 43500 28929 14471 57779 52029 73802 14643 50515 90851 41780 59435 33516 37429 48845 10689 16215 17348 84249 8469 15861 17825 17523 34374 73937 34304 41900 88486 2062 17274 16810 82509 60774 62090 96979 18552 30470 70780 33194 80985 77982 91325 40419 27849 45105 5615 54890 
61319 22962 39138 86139 55175 73315 3662 89548 47251 37965 47800 52088 56378 65073 85249 38886 42198 63691 52216 60749 94160 39347 10294 91496 17328 17970 48267 61529 79426 53881 16418 57096 93195 71907 43235 48369 45221 63248 54268 8823 1212 18419 60911 73942 99844 62511 12827 42041 26201 65043 2790 20361 4389 29435 28208 38069 47405 
76474 15949 43182 30355 32366 278 23549 4272 43512 71917 65845 6759 42536 74667 24322 60955 51929 98263 77150 14440 27442 19190 40640 8836 38331 77352 13224 67766 5560 67644 31522 82033 83592 74703 12387 32309 91332 52287 36581 34843 40555 2425 57953 83091 93443 98627 60397 45372 13241 37546 76163 40682 73087 33154 65869 11418 10506 
95445 95535 32417 63088 27056 30801 63032 18110 59540 95340 9442 11826 48272 44284 52381 67048 18589 35471 60491 33567 12219 22214 46807 66116 98376 3841 39202 31529 69709 50619 58386 65153 46153 7154 28241 89560 37955 7624 7670 97494 2963 17111 9319 67587 77746 78051 34634 12686 29873 11476 46252 42091 50041 93059 8206 48416 96899 
63760 96297 82959 14378 71034 48112 76883 78188 92704 66442 16142 327 90463 29987 19641 7573 55657 87227 1671 33708 21861 14356 63580 49688 60608 22023 99729 70018 46580 64496 66916 10339 60792 49874 41069 48178 14337 17951 26365 7040 744 58858 7366 91207 5196 27007 15131 60852 30585 16801 94559 68797 31157 74491 18485 8116 12865 
18213 78133 59444 99060 61400 69783 76204 11273 27203 24381 41962 61505 67097 49001 62248 42306 72719 69806 47501 99725 84937 8352 46661 18089 19263 15458 49245 93753 33942 73712 6617 68506 51844 82412 67565 13243 68546 43768 40868 95748 84500 82829 57252 51596 31829 35852 93901 4547 5657 41401 20623 6945 66105 67284 25034 85367 99093 
90630 79119 33034 64342 2087 17891 32537 84498 1807 45780 69396 61927 86647 65143 46426 69475 38747 14374 17655 74598 8274 22202 96606 66027 59176 3551 32131 42811 44936 17497 41903 51917 12967 91288 16258 31405 9178 48795 32254 27337 10926 1649 89263 97572 83144 52040 83398 21890 66413 17404 12839 74687 39605 9444 57065 15133 29346 
