64 24 23
71026 10004 18311 71855 56599 51002 45026 44813 22364 51526 59553 38885 95777 59270 35884 70699 74675 60666 39100 59233 87318 50070 82320 64334 
78417 21352 3110 1646 55067 33185 6380 26092 59540 24691 97946 16138 75692 59324 60951 98056 27201 20503 53292 22977 96124 89176 10028 70798 
66193 49127 46383 53510 15549 45054 34195 93965 66405 53656 11962 37823 86840 18341 63914 46379 59383 78211 78868 35075 37534 39818 49482 64734 
76672 2773 4063 89148 8300 30442 76297 74492 79568 22679 44353 11468 84084 94899 21784 50488 48554 50097 88310 51745 84790 68575 14475 44172 
46786 93343 95598 671 49512 45079 65405 26184 64204 85819 31683 88855 16260 7979 79699 12179 47010 24051 23647 31093 35302 61782 97933 207 
11879 2594 51952 96668 71169 66426 40839 17954 76120 36437 18624 25632 97867 380 68167 78422 2550 99849 67277 18809 24179 46975 30988 71188 
87377 70986 2281 22678 32767 213 22885 60997 19158 91188 74016 90326 73965 31207 24631 50085 83995 59607 92068 81861 76338 76586 60283 78888 
92786 43911 97696 16964 90885 45035 88152 78261 16020 6784 17291 65139 23348 40175 42487 42505 47714 16503 49183 21678 47709 73813 71762 31703 
33419 80181 29915 26109 56766 6549 4996 65903 50459 2691 82867 41343 47726 87370 35956 80097 10505 53246 61587 33852 9772 4074 92708 57485 
36928 41890 79162 988 32055 67276 32690 81825 63808 78956 7933 36926 85505 12928 2828 35963 31971 85694 93658 96048 89415 29613 76144 99919 
99210 54083 50122 25333 58156 59182 99169 11435 17423 78330 12422 49477 61957 61463 47654 25765 40418 55586 79042 25922 84866 81869 78237 33188 
83915 71894 29235 73329 17858 21730 89600 17067 75812 56073 58751 50319 31606 57919 61753 49029 52600 74174 14857 14557 35636 78862 56673 92406 
50800 35714 18327 35665 33934 12915 68852 17848 84808 98086 7529 2665 19815 13480 36083 11979 85904 11185 62297 17510 69103 24050 82890 21703 
14575 14098 52611 50211 92960 9283 58968 43759 61348 93646 95775 11633 6561 80978 29481 91368 95415 53361 10385 31581 83192 62819 43559 69095 
74004 5856 2956 43106 46257 2197 81160 60831 16295 33770 27393 25606 43052 86360 85716 20751 80006 81490 32384 86566 62467 78216 94285 57881 
47928 21021 89461 31119 83840 49372 16565 74195 55227 19521 33652 1483 38069 14812 78665 54363 48581 6058 96320 7985 92417 82035 45087 88774 
79876 77470 75339 42342 72037 85976 16574 19964 6996 22387 67434 7187 71758 83999 97733 26984 3519 31385 44818 57939 62548 23482 12302 11128 
29539 24973 35464 38308 7008 80551 27081 86883 74372 18772 45577 62761 21099 62150 82724 28094 888 50158 51633 72645 50508 49365 15980 70378 
80749 60797 28316 59648 631 56969 70776 30169 81942 22591 84828 5301 3141 28261 92183 93865 63384 54111 56625 84482 32613 39348 28927 33500 
5857 80559 6145 56364 29924 38476 26741 27024 99273 55057 86672 99903 12025 73799 46423 10318 96389 47603 15618 15882 75863 24153 9746 55598 
78263 66370 40079 27227 22069 69005 60727 27926 65916 83223 641 95839 21698 43734 39214 37322 98790 42237 53576 27166 32387 16351 37484 45128 
63953 53101 61009 56167 93605 87106 11764 71868 53475 51842 15446 75543 37198 76172 19820 3113 75746 36813 15303 13796 80546 70869 51117 95687 
29457 21045 22852 61844 37395 76687 23323 17699 46140 683 90217 39744 87788 1980 27963 57614 70173 43409 49508 23722 35932 69328 26835 11678 
6140 58489 25473 3037 29357 92941 98723 58814 13985 37926 37009 67731 14613 76683 1781 77104 77365 91997 16847 81504 10328 44810 39117 80500 
4570 88624 4222 40501 74303 47408 68530 96794 5896 94002 99830 51605 3295 98552 26770 33631 52830 80130 1362 67442 56812 3142 44545 34176 
11491 77743 15679 21818 38904 71147 18670 43473 59770 39243 326 34073 86650 68855 30866 8897 79209 30696 60501 82503 45599 87270 16133 98428 
83751 17494 82221 40562 36988 43117 91089 64830 20860 23119 86647 76115 94265 5316 19588 54035 60910 36265 4459 47559 5119 35324 72808 84327 
82371 33308 66829 44322 36930 99314 59101 20680 33159 41322 77594 86498 790 68682 51327 38001 91801 54326 14116 2417 75993 50055 56451 36903 
86319 77261 84461 7789 12585 57268 92116 11307 6928 75296 55628 60209 74609 31081 97240 7768 88754 74833 94265 89543 59867 61944 27544 51667 
16269 41659 54083 92261 8065 26886 45515 94383 4146 46328 18523 33082 3595 26990 44389 26874 2286 16368 3434 93246 47448 674 17365 52553 
75506 27982 42096 35372 89925 69639 3390 22545 27649 73825 14805 52065 17062 76672 62799 21207 22999 81321 70641 42945 8311 31381 69819 26948 
64100 73252 20193 27900 90277 37558 80452 82135 81891 22547 17506 71815 8537 37248 94359 52537 27424 25515 4601 44485 18538 67399 82043 41536 
48720 52683 84481 73382 415 70651 329 64515 43902 20521 8766 50531 74430 89217 32665 56320 28116 66522 44486 36652 3769 55196 5541 47544 
97063 10141 92028 15600 93892 74071 57136 58963 43105 57968 32344 43520 28618 32672 24386 88871 69544 33151 39401 60326 38719 72065 32997 66834 
54939 93835 3486 75059 49030 25378 22603 62444 51870 14630 94396 45761 5052 67883 21075 48157 25850 53418 8028 54467 2441 48765 59689 88337 
98267 99090 48662 36985 87506 98010 3819 42444 91844 23656 17503 57226 49033 56457 19669 902 71086 30416 63015 76138 98298 84089 40646 40499 
53859 65025 11317 72651 13789 71006 60987 12055 70095 26000 49039 73952 24010 69209 32748 15853 92864 66602 89430 41896 23058 25451 42798 94143 
55866 22164 86632 70516 6252 43629 11014 60110 25005 22331 32761 38793 93336 10099 67199 79782 36099 32590 53733 76460 1798 2832 8664 94662 
69433 98094 52909 92490 23544 12058 2985 95761 34221 5968 66276 40473 65949 77290 16934 90953 15972 66046 46098 9307 76145 13296 5440 28595 
62237 75524 21406 80387 78356 30069 91400 47788 44514 44308 56630 84409 56366 59614 80170 6938 81933 62797 47410 47881 56438 80696 38834 72409 
46741 84931 98067 39237 14578 3506 67831 93167 95382 5588 73553 73737 35657 64952 37876 96522 25611 94505 80931 98328 70470 77452 5266 52403 
56600 69027 16635 13038 49722 55468 85446 96463 40398 99865 35699 71328 3370 19882 64494 98751 25469 38046 88839 77477 19349 26715 73999 61311 
37571 71281 59639 24393 65084 64904 76795 21683 33930 93429 34720 83652 65249 36518 96466 21998 36382 32164 93325 56103 68397 74170 71206 93866 
12215 60044 87694 47915 3110 78044 9226 57033 65676 85216 81425 30759 66471 74571 68794 400 84351 19865 403 49599 56382 13220 71597 9115 
61736 81273 65218 30132 55443 36423 40349 84009 12818 44395 48276 15928 22438 57501 72960 88114 59068 70736 35224 25538 45306 4017 42289 29656 
23882 59044 95607 96615 72263 83555 5730 33998 64827 70947 80482 36621 23721 37182 20630 36538 81576 68905 68817 20366 42757 58128 8479 1824 
28863 60054 43713 90520 64071 86001 20176 4304 45044 32134 918 33659 15688 22999 84008 96866 10297 64489 33487 34017 18023 70468 70555 99598 
55724 55723 19963 14832 13851 44793 33007 42713 4847 76719 33233 85269 79071 69760 5924 24115 18245 23193 74125 50284 46192 58132 47149 56488 
38973 96987 90505 56995 67454 77411 72944 39529 33133 92907 54360 46983 54051 87366 6048 75249 64084 55632 60517 43155 41743 82792 83621 59987 
5985 57745 10270 52176 32228 73770 25015 71200 70757 15519 44546 54562 9281 17490 10443 42414 10396 64802 5748 80798 68520 28147 56047 48955 
130 32915 8461 41872 15707 92081 18210 21691 66177 44831 90218 14757 18601 15232 85956 5709 47103 30502 76622 56383 47991 87064 15148 74738 
68218 37248 71887 36737 81746 27933 85691 81876 77200 94152 40099 9258 2584 74661 30948 68761 19491 37517 99869 54443 69100 85824 76503 16202 
32677 53125 88937 97019 56540 20436 88108 24757 74035 59995 61493 55781 4279 63536 54008 97830 57687 94106 7087 60270 68766 54386 45382 88257 
91902 45250 59051 61002 47426 35554 93555 96454 5030 98843 9825 61569 19279 97932 2678 93313 74278 80522 65445 94909 44057 19452 92738 1743 
29910 99825 78365 98675 54210 23746 3283 46112 85348 62334 23465 49125 14239 33371 45578 19268 32214 55402 97188 51492 69686 16217 61156 43963 
96739 42953 38871 40795 62404 31609 58890 92313 47785 37254 7340 1994 77351 10622 64457 79050 89307 87921 28174 19897 21292 90104 55516 69857 
45505 69056 37700 15190 85272 98855 75505 82010 58159 14375 39157 20563 62335 98046 29227 10119 51651 52918 28465 45353 63540 92921 24403 69198 
97194 68928 5447 34837 59031 60962 4693 20888 30017 42392 36077 15289 57598 27933 13650 15757 42308 52806 52671 20994 67203 98249 47465 18853 
51167 75929 80558 31058 68849 4960 16607 66042 90239 22053 17230 49270 83015 21922 70157 29383 80665 22585 61023 38263 50518 74673 70371 9177 
27478 23041 46522 11033 21289 93986 29885 88807 69914 26794 19864 55115 31753 36471 37508 38344 58523 54738 3965 57889 93011 74121 87272 73676 
13057 64646 28290 79926 39318 98660 5454 83148 38052 51976 94180 59340 62313 40416 64499 48579 67210 84362 3693 15314 37184 57552 53657 12059 
28641 57621 69947 21652 48093 73570 11679 77502 38216 39968 57427 93885 38627 62881 77032 76678 31208 87563 52369 93520 27979 16867 42098 11540 
17581 45790 43205 54764 19694 13214 66822 48334 70834 53121 69985 35279 43042 81663 29132 97609 21630 86558 91494 76608 65790 84877 69637 96997 
72440 22006 90517 16770 55224 32614 44661 72804 94756 87865 43920 14449 1078 27093 62782 88264 96565 49119 39894 39607 30781 69025 53567 68763 
