56 16 15
44415 20444 61678 50265 39441 54376 54520 25922 27188 74503 63851 33551 47373 24279 25947 842 
4293 8999 38288 67454 74189 54565 41515 15023 37021 16736 28015 40639 75544 86282 4606 36310 
6725 82635 86574 46165 37011 57445 88438 64198 48299 52289 97748 95671 92919 40046 96512 97212 
49044 51151 81017 23233 5716 38884 54607 42736 55619 82621 99726 47514 68902 4331 175 91978 
86966 3100 54495 40328 60544 42932 20877 8842 11572 34976 4512 4491 75021 17376 18054 24064 
68526 99070 63648 90593 37953 18255 33328 9924 17227 33054 73789 86129 53736 73964 94458 57053 
93415 48952 13732 53959 91884 34608 62800 3455 69583 83664 24297 60955 17391 42350 85019 85916 
57772 65018 76509 12076 83272 26188 38351 16851 75593 28492 2979 29329 2455 13788 2733 12221 
62740 16465 66179 54623 51072 45331 74429 37007 45346 98726 97961 62736 57427 99331 65003 31550 
64349 41511 59978 63972 84051 14680 80822 59643 43171 152 5323 61977 13940 24408 74198 76679 
40872 40376 47653 8295 2058 22081 61653 47403 37158 59614 26490 94585 58944 91493 42486 39644 
49355 2463 3616 33405 17143 84437 9400 60313 941 31074 22290 14880 55481 12839 7910 12704 
53214 55562 20999 55272 93994 82651 19026 31152 58616 45516 42088 17560 37008 84573 73555 86362 
87036 77170 19767 20530 77959 45518 80842 78899 76591 19483 10130 32072 32321 18039 44775 1887 
89952 82125 73510 83945 64776 8887 31448 39743 54402 73535 73654 7761 58108 47209 94123 61495 
24378 30241 98376 18688 75758 95569 97586 68700 15052 7715 771 63724 42105 61898 81962 32056 
44022 71823 16001 25149 80710 47448 64892 35111 37335 38545 42872 11794 85753 53346 89640 26483 
99938 88015 45170 75695 83583 59108 44394 14986 66822 61517 95062 8927 39766 77023 57334 83787 
65198 73334 25288 45907 37134 6531 81017 90820 61427 40240 2613 63532 9937 92252 90014 9874 
80266 51535 85568 80200 10642 46314 95186 77464 24182 90247 2742 63947 83621 60075 64085 48818 
49761 5724 94724 3246 12254 92093 94065 90033 48684 96677 53564 58621 5280 43577 68494 1897 
95111 70414 82096 22105 33079 77281 15920 73612 67527 18661 37558 67500 95087 17994 16317 61199 
40070 11041 80796 68675 19485 91212 58707 68168 87888 12270 26788 9519 72198 11634 11415 83661 
82047 93511 5765 15125 70791 38036 88736 54670 73048 42645 22169 84486 76990 38485 45685 33411 
65877 42832 2086 1713 34044 77144 69881 38283 5766 13020 47802 94315 24653 59216 77975 6699 
69078 91 38175 56221 38126 43262 10890 11173 2258 49410 12011 79248 4246 57695 12658 86475 
16878 31095 88187 50921 8239 58067 89204 14004 87439 53357 8318 12091 28924 2645 35142 98002 
19087 89668 54222 73565 32930 65111 1089 35187 30872 13099 30786 35117 87145 59796 21591 4023 
90890 9778 54943 15480 84196 60498 45835 71634 13854 70505 77 42778 89501 51570 40779 8587 
41237 11352 98503 74166 92814 99592 25705 23685 29042 56490 58801 16187 32637 96744 20209 23527 
6521 91503 55358 7068 68353 1193 95054 82206 71697 95130 41335 61197 46699 98465 86135 87935 
9816 84638 78453 2629 581 20509 42665 29622 93350 17818 45808 25987 14561 82368 65865 37433 
90223 21222 44500 58575 22414 39553 57132 10462 51034 98467 88010 97732 13283 74145 2019 39451 
75134 96823 58431 75714 17331 1096 5335 10680 18913 51143 36666 49825 49862 2530 87257 40084 
23752 48108 98658 62517 87661 72142 72979 38694 86960 77340 52778 242 51484 54796 39692 26617 
67970 98123 18682 85300 15570 24017 95979 34482 91511 48997 658 41372 51526 87914 81456 91629 
36021 96465 70498 40033 84958 59828 95079 71917 37167 47856 88511 5003 19003 28202 47971 86972 
42676 66653 88623 58245 90669 84601 9078 82179 49949 9735 39902 1475 14000 21357 9455 50021 
34174 79952 6405 19131 56131 1483 91048 93298 49338 79558 98300 84692 24111 46270 88015 83139 
12922 76637 57735 19942 77590 83165 18472 27538 92899 58374 45364 23251 96082 54819 73271 46607 
51122 96027 82090 7253 97510 73137 16902 63199 69046 15201 47891 9508 77822 35905 92646 7096 
28894 66733 27037 6483 49897 61861 34020 59147 36586 95736 82397 49019 66906 72019 95626 18027 
68046 77715 41631 65555 67203 58532 28753 52600 90084 92995 78459 67906 28900 87457 91353 74145 
54189 34741 80627 4085 96601 30998 63231 49538 26733 45628 98557 93638 33998 10534 28017 2043 
4600 85999 67597 71802 60883 96350 40753 50966 89344 35563 35223 34595 23019 42927 25091 77207 
77668 5717 97643 90620 53067 77226 40158 96151 39205 38714 89789 73202 65599 34157 75245 70198 
20155 42841 58351 81037 55542 15455 48355 61238 51017 99929 12184 74036 42856 37275 67594 20523 
59343 81589 11142 28761 58814 67651 24912 98018 22716 31052 87571 88314 65208 62815 58511 1714 
22008 33213 99103 93901 48667 47457 71490 99684 63737 83674 90071 6592 37300 57664 43466 12994 
55604 70960 41755 14417 38610 66666 28786 61326 97717 16357 65991 79276 95523 24502 97341 33882 
74066 96443 27783 22733 60251 15624 38768 23988 15649 45190 46931 52948 19205 90397 65942 74809 
77708 7696 89225 16317 90713 34363 93994 4781 67071 59985 408 62593 838 97748 96475 74903 
94191 40609 13987 54441 72584 69106 94780 88233 14295 41711 41180 33500 48459 23473 24660 26166 
47520 13884 58834 38232 64598 52828 59364 31668 29164 59771 94261 30001 57519 7087 21255 51709 
64047 51594 22501 36630 20699 33633 41214 51346 75343 82394 1197 40153 22218 25856 82670 69738 
56091 57855 24321 20689 27034 83685 52356 56197 43455 62968 2549 17325 70054 23804 69033 50452 
