71 12 4
23033 91973 67754 99279 77063 92155 72858 63121 27214 20724 97533 45227 
90635 75403 53393 43337 35389 12581 75285 49343 54998 3598 67086 1949 
82198 93593 38815 18319 60315 79326 49287 99699 87650 17040 15329 64712 
9194 4539 44184 52759 41614 41716 97986 32248 33470 67730 75584 68858 
80311 67221 34553 51660 70818 17990 53608 69367 27934 8774 4037 4600 
4451 53323 4298 92100 86715 35979 56811 12260 40517 17346 65019 82130 
75413 79356 30729 25235 63437 6313 94092 60099 73533 44996 11758 60702 
79337 81718 46420 7270 90491 50456 28221 94942 20131 32519 87041 6845 
68497 60204 19104 25365 93901 474 7494 69314 96181 38222 94548 59618 
60886 4991 19716 50770 66339 47826 11471 45675 29543 74242 69297 20033 
24698 97517 31326 61180 46387 34719 68024 31235 11274 3479 56599 5174 
20305 64092 90839 32837 18666 1738 8806 79551 23081 28522 30321 5771 
92699 58143 51445 22241 32385 37093 58625 73434 34610 6303 34613 80996 
41021 18988 12231 68646 38818 85181 90171 75474 49273 81010 8311 84290 
99099 17116 63840 38531 61989 10512 44301 54687 85007 12098 76927 17391 
49190 51904 7176 151 58206 58140 81147 99226 93479 9729 84223 32296 
94909 74393 7770 60533 71754 32432 44822 70853 49547 25014 25735 27888 
51877 70036 82574 36883 82133 75853 70625 31322 44108 77800 31473 2313 
35939 28971 17890 29417 55051 2112 78065 66311 76504 85834 26844 64610 
18265 88017 35462 84163 13030 61196 12050 64907 47583 10976 18141 29715 
3180 88766 77389 63639 66565 25213 65951 18856 70535 192 64624 25585 
2303 59040 91895 95158 61225 35090 59767 79489 23107 11580 80004 52488 
89128 8405 33746 36710 35732 51887 82777 55263 57004 60165 18901 39920 
1729 1203 58775 72263 1394 39751 14199 20048 98790 6093 31558 60015 
57535 7676 55855 96993 19256 52210 65832 24735 60615 99578 77796 12698 
67816 60572 67961 41171 37088 86861 81090 38816 88064 56217 27430 5809 
95967 41628 25857 11108 64073 57414 87474 21607 65089 59681 34951 696 
11890 782 25430 88856 16711 3226 1554 84526 80149 69514 25696 17237 
72726 6786 72404 77141 79354 16186 82950 75320 57813 8806 2779 38237 
66219 90253 59843 47659 49933 11145 48355 78174 11927 90136 67030 28637 
9713 68583 29515 89862 54448 71562 23450 27173 94699 12205 20666 74052 
28390 3615 49371 2555 12420 68502 40791 94990 58754 16986 59000 25038 
28130 23706 3211 40056 13842 70240 85045 23554 55174 14559 29767 9621 
86120 69568 53146 80819 98125 73811 54870 26514 77425 20593 45420 6196 
89094 86211 17537 64199 19548 76536 89236 47677 242 8798 4085 30435 
79038 89129 53988 50563 20039 107 60184 6158 86026 29681 3328 84150 
3491 74550 27016 97267 11494 72435 19814 16939 74997 37350 81137 94544 
30237 86724 58573 30478 11873 62657 60912 7262 68137 31252 57825 88175 
47710 18008 10684 33735 47688 30364 17885 67530 21265 61252 64796 32758 
33686 84609 49696 25035 38310 47184 35930 68546 50259 94502 15376 62131 
73510 92639 69393 57998 23890 27217 62524 87951 61576 73208 38038 9263 
19923 72274 93144 41187 33525 74291 73944 83562 58899 39991 8596 13560 
87174 44526 82105 37432 55379 97480 99562 45241 90119 85306 3238 30360 
12522 65762 34663 74097 55321 72700 99711 75243 44973 92854 32781 94849 
83496 6724 78410 42394 63066 3358 72305 50239 64235 54410 4022 19613 
68241 19935 64853 74711 5241 84443 21423 17762 50204 56085 8211 21876 
45136 7921 97118 90108 17127 46250 1308 622 69325 79717 59368 32390 
83074 31672 98980 47308 2433 3001 83273 70674 22935 64477 61736 28175 
48919 83158 62289 99122 39242 70499 20997 84377 94771 34466 90836 11897 
80715 92143 28871 50039 88212 4590 98780 71285 36261 97759 34945 55046 
759 18217 42071 23694 82693 3806 68220 47964 86964 30508 47085 42557 
1006 84434 43286 95777 35251 34121 24025 15966 42616 52895 82356 30827 
57484 81136 18463 10097 78894 69759 81494 96005 4327 23564 19698 3372 
43721 4269 51335 30684 34777 14771 89593 52134 99204 32878 64262 34455 
83350 88287 66772 25965 57533 65479 73143 31369 46614 7958 57817 41860 
77716 39310 37864 98395 62873 73913 1766 6593 78181 53100 53629 29309 
67870 59573 81443 83426 92450 45704 17880 75799 50342 1003 18116 7875 
66481 7610 39243 13095 31919 97059 71306 9635 36368 9169 24381 15592 
83081 26146 38536 77613 79245 8516 6922 63466 68088 88364 46891 60537 
50419 81122 52688 761 82124 87155 8635 48605 11116 64229 78051 43035 
61287 49356 69021 14006 58524 93401 45949 57956 19546 84484 35568 15142 
93000 58841 94959 77439 47204 41850 37976 13975 22971 7015 14735 21447 
10521 39721 70051 21636 3949 48101 81022 81587 13808 50042 95592 72331 
59794 41540 46638 95691 42375 98557 27184 51726 57398 22143 29165 20953 
80344 83492 34927 19666 6858 66013 41112 17378 5733 11162 55365 26033 
75614 36387 7619 89421 2780 19562 78103 78926 77453 41092 74616 19828 
39649 1800 87905 97046 40294 33421 34350 20637 16912 69277 40302 40121 
51641 81414 57498 73726 8927 29215 99758 893 81953 23729 6665 84732 
43290 84768 63657 20743 25859 54625 56922 81859 72776 61178 95256 13069 
94599 29606 33705 27862 15234 74006 67983 66874 71771 41832 40599 80698 
87398 56709 97942 69350 80437 4606 54082 23726 5725 34090 60820 47936 
