87 26 8
97738 90410 87229 62752 14279 17748 25802 63799 46105 85514 38095 67285 88146 26783 95505 57229 59070 56595 85699 59430 92418 94676 83624 34236 85803 57401 
528 49813 18787 77205 41366 32877 67615 44947 95628 98245 62694 21429 62043 25151 23294 138 92435 27791 43272 87940 85019 2342 60886 87070 78123 69655 
81745 61746 3890 67547 19147 20769 17360 54285 97973 75077 87161 65587 20023 82788 80184 82717 20568 42226 24219 60214 58715 16653 88004 1987 20944 89375 
20680 98181 76444 98802 67835 74540 60548 71724 42087 96046 92492 75798 50330 6817 50874 53843 88755 87249 36630 68938 86317 57198 11164 10535 33763 86230 
43539 21766 4568 80835 27492 25247 79015 20287 40401 46850 94827 17300 34925 36913 13345 27417 29062 80026 50585 79935 33868 39339 83535 70498 8277 69851 
44047 35792 80385 77809 22021 40276 15926 26589 21110 43418 68187 124 63704 8587 46973 74882 25886 81898 11794 55582 25666 40855 35608 92602 37142 69475 
31940 20676 56324 56568 6879 370 92359 87263 94530 30732 27538 26808 73672 64999 70225 41858 65123 50280 66797 28447 25162 92682 26696 53307 48264 68713 
10514 223 61314 47655 69697 93254 84682 42373 49821 91560 59094 58532 95175 53624 5615 39064 80431 79286 4063 67007 37495 69185 33638 4291 13983 75151 
96973 40679 28458 61588 9391 38971 61810 70705 2977 47858 80310 4010 90230 46482 95570 49324 5013 7096 2947 10627 46159 99729 6264 66573 83087 43759 
52109 16724 48049 66092 91875 45021 6770 36684 22960 32512 92006 84769 19568 94982 32627 99877 15343 39208 46359 27264 88531 67723 34359 91477 78350 96870 
7557 84613 63442 90643 28371 15551 7367 92772 97994 15593 54144 4763 52276 77104 53626 44281 78224 73194 55614 27202 73070 70956 66410 35780 98220 54940 
3503 48930 62769 98204 45799 86677 99168 25593 77320 43891 41143 1038 36662 39136 16630 90805 60250 85257 84260 13875 29537 62484 87068 1502 6037 76490 
72457 72446 12269 87028 43738 15771 35958 22858 13974 81756 9534 13142 7348 86853 57032 64842 4242 10045 20329 20871 849 80578 22479 85109 10805 52015 
63944 14224 69868 69980 90713 42325 42426 19334 29352 2515 35104 65309 25372 65430 63417 34905 94923 87116 38110 68306 51958 42351 78350 88638 79574 95550 
85568 2052 80658 96372 70419 60953 26947 40286 30933 17660 82610 89710 36993 28314 92224 88448 9974 17595 70229 89742 68851 65151 76858 6960 49808 45167 
49311 28157 33804 45236 23707 19371 47287 20716 32094 17705 81669 59041 74343 28953 93052 73304 18662 46396 1617 27237 51195 27943 61183 21424 17684 30033 
2926 94541 53345 52734 39707 19007 97242 89863 64242 20948 9233 27880 58016 57679 61937 39684 33071 36279 84988 26122 9582 3649 88869 27551 30885 40063 
55493 8419 77838 73176 38451 80764 84069 8147 49849 40127 27153 47090 29989 91394 84390 55574 19274 42405 29604 81210 98440 62674 33840 83427 5147 43421 
3427 94015 70971 50663 50429 26463 59081 28267 15991 13883 25382 16411 22030 91582 56537 49182 55023 2878 56928 39412 58451 76201 98168 4406 73762 12959 
67079 7601 12737 72225 67373 16163 82591 38344 66825 33019 81158 42257 77637 13500 56140 19370 29910 78169 10951 2799 27350 65974 5676 629 21737 80478 
93181 36257 84883 66942 49215 51961 90894 78304 40537 74619 94466 23127 12962 77643 72497 10471 19899 50134 40323 92390 69503 86584 70558 96806 89382 14260 
79131 11409 14888 17219 91886 8069 53475 93120 91362 19042 61432 98608 97345 18320 73226 91810 41446 2539 85804 13943 29361 22055 80428 69683 14444 66282 
56267 1354 63087 62000 31965 58569 89761 63204 75788 97998 87624 29262 91118 95338 48303 68901 93945 61999 87221 67170 53809 45018 86060 55964 75312 15420 
78018 55739 1455 8814 22021 74073 26519 1459 52424 74835 76380 42184 38038 52167 40182 25662 97780 47651 37351 62435 16551 31295 24433 3771 14816 94593 
65141 875 50557 40452 32646 44926 96191 50452 70091 34563 24524 96609 52373 76948 87795 28752 35483 25833 97270 75664 67846 11402 23314 5196 90188 56217 
52842 30972 59987 67657 25565 41479 84883 92473 81931 33880 53750 78121 84332 23841 29035 25207 36801 97759 2154 24596 42863 37637 66780 40132 29652 34625 
67885 52966 56172 58072 9182 9013 89044 85520 93021 30960 26999 94255 23432 25281 28134 77181 3401 28817 17373 48787 54024 54174 46545 56177 95121 89407 
10165 61900 45891 39817 12876 30127 9134 69047 4551 34667 94411 93594 36538 3783 40905 79888 98037 64336 5168 26170 57868 24920 54987 91593 73706 25362 
45766 36603 81538 40886 42361 8055 19137 88251 64223 32012 34730 89708 17410 39280 40726 28172 32873 77263 31954 90129 57151 29990 70816 78670 72511 28683 
3590 43849 20275 93647 69210 82392 46601 67100 39629 88962 91506 75117 93564 55728 7128 28293 61787 40889 67572 2512 69060 16796 79774 17365 6924 53276 
63706 77739 48298 36217 22774 51887 96417 59400 61885 81979 41792 8486 49078 97772 97447 56935 72889 91010 29014 96368 19303 90800 37257 3226 93311 22668 
20022 89436 40033 26945 59064 20090 4684 7361 72658 27457 75599 69075 86856 53835 51053 44999 62320 16482 59123 76118 89768 32011 83480 18781 44730 19134 
9580 98338 22359 19242 21006 42380 25029 77390 85677 84092 97479 90360 7804 70137 34168 99754 55563 37375 53589 22967 98726 32260 55800 57848 8378 45567 
6210 91857 64347 50939 27342 90278 49277 49700 9519 86634 92080 34547 80375 77756 34991 94205 84467 59146 64341 34986 58900 36255 88712 28840 59221 3789 
61099 31372 61636 85828 76938 84197 94036 57636 51488 21377 47913 17116 71077 73783 3749 79508 24682 84123 73615 59672 94679 74433 18817 75372 25770 94068 
11626 14481 22907 87199 34622 358 18570 12609 2537 11860 96806 96573 69495 48293 34301 33760 65408 21729 7542 85508 1236 48575 85982 91202 8246 80660 
65634 43415 56031 7755 53834 67657 38588 93093 71207 73209 93450 89776 85817 12338 1635 82622 8910 87482 47266 59563 37593 29025 81291 61486 14532 82527 
10061 513 90080 34658 97525 72066 94424 53555 79820 48258 37563 18407 41350 8769 7967 51151 14897 93784 63488 32883 92757 88750 36716 40023 48312 74308 
85399 29602 35794 99931 28480 62206 16795 18560 96863 30671 90625 91287 578 70444 39544 38140 5203 97245 63261 13169 48395 94509 23304 11882 27391 16061 
631 64107 72435 48942 54766 57833 94896 90559 74115 23375 69116 7262 41934 65979 37932 48910 73617 38509 35706 29512 93001 57260 26756 72613 70428 75150 
67121 10084 3383 94511 26144 4014 74969 14930 69307 29735 89114 64202 36645 63229 3929 5761 86842 62214 88091 41125 11124 61707 95986 63181 91218 5338 
20440 17973 77950 7219 9474 45070 17302 12856 55932 59797 33221 30901 74726 2528 76987 63840 83081 13631 43420 87009 35743 30261 65575 23833 71385 93050 
85539 83722 56230 93108 89059 93021 27432 67008 239 36905 28429 33893 49761 84361 93689 82981 31613 68415 1860 24951 48606 1293 38581 92025 4653 90676 
38637 70227 14508 26373 63276 16399 10095 35857 9506 99153 28877 53290 66161 45468 90194 10941 95712 56306 11653 89400 55639 43265 74166 57498 84567 39123 
75142 39500 31147 79795 30175 86135 66373 44682 12508 46001 77432 22602 81857 3290 38106 27086 56579 4266 88905 46772 31559 84616 19430 43211 90367 75068 
2828 80885 48917 87394 20007 24059 26893 67506 20205 57067 53640 86577 18101 66147 48929 11884 5100 47138 15173 43206 74223 71751 63823 79479 34875 95381 
80446 54304 54944 87164 45723 57771 68048 94639 61516 4407 18697 88409 71912 55253 61827 41903 58182 96279 24402 7110 24515 45853 54247 39687 89058 44821 
27790 69233 24299 79016 80965 4744 49671 35908 8260 95393 93678 76307 90031 55194 97065 25080 59954 68976 80332 38132 27231 38513 34411 51632 45623 58925 
13836 99869 14963 2894 44690 59104 88478 85340 38119 69442 6436 87789 5350 14695 83181 15379 7353 89564 86924 4418 14643 63229 89745 11326 1361 16975 
49839 52123 84958 11813 27399 98794 28033 42361 18039 89074 17817 6516 90766 55935 75957 97201 60076 97658 28247 59608 13037 35599 49171 99960 56368 63813 
63189 46113 91491 80901 63087 57681 33023 64397 69493 60421 63190 13877 19133 97580 19303 36949 4095 10068 9236 96403 23620 69311 94061 51866 45270 7097 
3816 94441 23408 60184 74605 2948 6296 66095 83848 85734 23775 33222 50130 9619 9994 29671 23496 45479 43602 59150 98779 47696 69217 8014 60451 92836 
93676 54511 61053 38946 77959 64868 33386 17718 41403 24342 20666 47698 90437 20865 49784 14211 70439 99913 23830 80432 45936 63677 25910 89537 39178 24689 
53585 8394 49054 14035 17581 59082 68545 94985 98027 62855 76204 47764 80572 17607 72105 1237 65304 78893 38454 31439 93104 8892 31352 33285 89323 93639 
13313 31585 83175 52490 56273 53111 77235 21678 67145 11167 80759 52041 6151 78785 14895 82354 42900 11819 16312 31357 13055 97968 10249 67860 29406 19704 
76751 77109 69340 82426 70747 99004 14010 70274 67845 86634 23384 45079 24663 6881 72597 5422 75273 95099 558 6520 93805 43458 18338 10116 91166 31392 
8083 17766 15604 37489 37470 8706 14597 23161 91131 1696 22165 21492 71969 90009 24477 11704 51440 49140 18584 40388 54561 10209 35487 55118 16728 29291 
14927 35065 39406 22444 82808 63841 40210 98411 17681 77679 7117 48629 17191 14599 50324 39355 36091 38644 45716 60567 50348 13507 9706 85283 70246 80618 
95491 5732 52088 12218 51374 67014 47282 7132 89458 30090 70972 46019 44852 88652 23697 51968 53632 40887 66567 3956 96594 19009 42599 58661 79575 9298 
88519 5633 94581 58764 2602 6423 80848 54689 18641 32221 38055 82274 39352 43864 28715 26675 89882 73567 31678 29930 41886 85310 87168 24804 89265 113 
43812 48215 58773 39739 57513 63643 61723 68445 22407 64324 74867 19606 35365 93507 51826 73419 92133 7530 33634 20847 34204 23515 10765 82234 69796 52651 
67543 56963 77454 73159 57076 21266 21373 32200 77356 78885 12195 39078 47329 50953 3401 38548 70558 38765 48406 38735 28535 40538 46264 62168 77737 96820 
2034 88501 79053 88181 57503 46595 45144 51309 36105 18571 88926 57477 67122 66281 52714 79316 5358 16394 30268 25110 54941 17177 63875 3347 55912 8761 
60236 2175 87281 37972 15346 5666 42825 94398 93847 327 57344 55342 67987 9800 73912 56912 67277 57385 23192 36342 53053 28549 52735 83320 53659 24028 
497 33885 43726 72760 58997 3961 91286 46277 58285 6632 51943 1109 17381 62141 17787 91077 17482 85774 876 7745 42685 68152 65129 82229 20845 18181 
27129 73580 17853 80787 13959 34701 31023 57684 7460 90020 77996 98745 52648 36280 21728 20942 53740 39109 83082 71527 30185 16915 73652 31060 24659 16336 
15564 6140 14916 36408 24320 42045 26339 58524 22831 40297 93224 70206 14332 17035 76577 92328 32132 45576 28607 53859 66518 98699 92967 65951 70225 39503 
82866 43876 86915 23876 76563 2478 30015 91479 55237 70687 33523 81576 29210 72705 38224 38786 59262 52556 55820 35838 61235 87951 81414 89841 58162 64283 
88539 51128 30233 75115 6983 29450 35342 93897 53326 28257 12726 99692 19735 67962 70378 69609 49537 99588 58665 4113 54725 17927 56668 10544 70116 17902 
14847 67881 24094 73008 32163 28985 40487 78748 20451 47469 8197 55793 57717 77874 401 70442 77566 20135 38404 64295 6095 4292 80234 64759 8404 34958 
99037 81423 61854 69153 15676 76700 37033 56122 66059 85548 1458 22897 64295 21908 86718 88843 94052 44434 83069 94452 14876 76986 30938 53279 41280 53384 
73922 37866 34495 82326 72823 33531 80100 51028 19035 12128 27727 72420 68249 10137 57967 69706 33034 38613 7965 19751 43807 18369 64184 43227 29172 95411 
20212 76462 65041 77844 46197 38963 15709 80691 37640 88531 30574 34091 39559 49608 46218 83637 22027 14466 10126 96345 523 59511 51309 24840 79261 11468 
59560 59796 54694 5083 71559 74906 97896 36599 52749 44093 91913 84809 24783 29552 89691 55356 63643 29249 21316 9860 29238 59694 40678 55715 72391 57552 
15225 23699 82391 10837 51518 58302 86984 6212 63385 58542 97469 61280 11493 66569 5372 3405 51377 46507 49309 41067 18214 12951 86668 39529 39162 32257 
99223 79839 87971 87965 53743 19547 28015 36133 30383 79533 10787 33718 85744 74171 92260 99564 51802 20104 66132 73526 23508 33860 20032 72816 74926 54597 
2118 77945 94126 57632 26553 9700 53822 14523 97664 7564 34069 25678 60049 80803 21562 70835 14521 23657 61357 23132 23220 13158 43235 5703 3035 83094 
39562 39418 72262 30840 94015 90731 8784 4492 48362 35337 14191 2184 66211 28206 26099 16632 70235 86147 13786 91797 56981 28306 15453 34689 51437 55025 
64199 11023 60727 67233 94117 289 6651 82730 47480 665 73460 72615 5156 21822 24303 35698 40357 6866 63903 66455 23497 50489 52602 37282 42285 25934 
81940 74090 60623 49728 45466 41173 77103 6192 8405 71219 22832 15055 70300 70311 32071 43759 59278 53578 81932 83580 89275 22288 90445 69529 5095 30293 
36370 57696 83927 95006 99981 65866 69095 76955 31945 30912 18127 9047 37104 26532 96617 76287 57938 66916 62950 6361 27027 22227 76290 8958 22158 65565 
47598 12603 51445 52692 59247 4166 26739 43173 99172 26719 25390 84618 20026 57335 15530 54504 82733 68985 81035 79350 45271 55325 62617 8220 78037 89643 
46798 54326 14953 68956 36242 62550 97910 4039 15241 57156 8204 58331 16681 7375 1401 42070 91993 21426 15756 7522 75930 98489 76506 73316 77838 38128 
44992 56806 46348 23028 46449 9497 93706 77753 94804 29947 40302 92713 33985 71894 66221 42189 30224 82901 65915 31624 24970 57907 53050 40726 81780 45331 
55566 74637 18646 33403 12765 79990 6560 75464 3017 53008 84960 96722 47112 79764 43021 87413 88828 77005 75658 71400 35545 5881 54300 1460 53857 95622 
75718 23258 52699 57498 68588 8264 32134 3585 58018 61250 83574 64577 36713 2943 33937 38025 16016 81048 34140 59036 84813 39319 52393 60470 10719 87937 
66351 81370 5748 36559 76991 81466 59816 46041 55315 28403 54304 3800 48339 28673 81402 31913 93250 18114 34855 43538 72490 67222 40937 22981 26258 25749 
