17 72 9
38933 56309 4522 47748 66740 8985 40712 43804 51459 25491 29099 20485 61820 86058 22168 64158 69422 76603 22928 51130 7909 34587 50867 25225 80283 60176 36368 28636 56892 76039 98237 95825 48699 19110 59924 15438 44447 636 75594 12257 42478 4692 32741 4297 7101 54908 68455 76523 31511 91382 27652 55771 42320 78518 80996 22602 55045 17363 67589 11936 9753 82177 24112 58451 1287 388 90240 62085 17375 65833 74341 59852 
70524 7082 64149 93977 78341 48955 70499 26203 56688 14502 81974 99008 9371 62969 37961 64415 96683 5550 92702 22787 87726 33166 97589 5364 33553 87828 67448 50927 70013 58141 27130 56888 65222 91278 50864 59914 56584 21362 86117 13272 35863 68090 28631 61585 47410 66591 25999 60444 72140 35053 83230 76218 68218 97170 81581 1770 84997 49029 69048 71361 23521 96177 28249 5094 3807 79112 65007 60390 474 51123 90013 52688 
19212 18643 14273 82973 85234 56623 43416 73725 91675 42997 49942 59892 40166 47875 78013 41515 13255 47060 12875 36775 43237 41123 41868 47043 20235 6874 23784 37060 57997 13797 6099 93560 32439 36723 92885 34024 93346 36300 24101 1372 95649 90394 61264 52166 38268 55628 93680 51522 2688 22907 88296 62276 80381 30163 25670 16967 53389 49453 70378 27737 79601 76477 37648 28392 29551 30532 78767 39248 83184 2867 40620 78832 
9613 1883 30997 47880 73862 41029 15754 76549 80287 20401 55176 60667 66916 80845 93986 20304 46650 64363 48040 26250 57191 85687 70993 86742 32571 49760 25989 15754 68978 66608 10937 78590 84842 58285 42822 58704 15665 58575 51604 95951 78975 6780 72970 45890 3976 66955 82545 50625 31317 46936 93227 88508 48975 80571 75249 81545 30330 17589 13650 15660 84197 24586 94249 85390 99222 53422 60445 14887 11996 12049 10837 7323 
35180 83806 69564 39155 50760 68461 6132 98429 15396 15710 86936 64370 96280 78536 62266 42962 12476 92267 58621 13024 16852 69221 98414 16074 22643 58858 47312 50990 87258 58148 58312 38789 58306 44228 77944 25417 12688 427 23845 28083 32488 27132 8805 45119 22019 87422 4432 34495 79689 63052 47518 12892 48625 45931 45317 71267 21141 92628 38608 24750 67128 96920 63539 25433 57499 57834 67201 70186 74612 91046 14620 7099 
34529 39776 68569 56548 27198 73001 91042 23238 52404 54911 36129 1028 842 81446 88646 38334 74073 27254 79435 57552 40525 42973 82984 98023 17158 66537 84560 91769 57582 15531 15219 8462 55307 83788 65009 98856 56788 72402 22093 9191 27313 58221 26571 44506 39666 15216 99191 30091 58821 78625 87642 99345 37950 86978 13719 55107 53514 14630 63228 27447 30161 78446 35908 85467 62233 17269 84322 19020 89670 22766 44563 33334 
80986 71133 77839 37004 86348 77029 83446 61521 72006 87439 77217 9955 74416 7288 81413 44281 21917 44640 88079 52077 23086 23987 53895 85318 57607 54568 20690 63628 77333 65252 96962 74671 36384 74800 11674 39083 68181 11471 16955 56538 98909 94172 66492 73325 1459 64256 33957 23375 8896 22036 91804 48333 62374 62050 33650 36332 32970 70691 99959 26654 35942 96920 1324 88677 88072 29349 44112 72604 40819 61066 29141 39728 
55237 11984 29404 73047 76239 79712 96422 1486 1747 4577 49818 80472 82978 99820 16803 15947 70510 16762 42601 22804 30033 60276 27832 18104 5977 88295 7059 46795 49361 36199 2874 20949 64534 48629 93996 40773 28341 6769 42258 46439 27697 8428 43263 10674 8247 76417 42973 95108 93178 1925 17911 39563 62200 62095 74018 68176 50389 81077 31323 16101 33627 50548 37050 98161 15529 47397 38933 60221 70517 97542 23011 98213 
5969 66273 25238 14215 42690 84562 9323 52219 86486 43585 91781 48686 5679 65799 33213 72420 63227 80887 88520 96853 47787 41921 95013 63315 89317 50297 39887 76185 47839 62897 90749 53807 29170 32339 84374 88211 16900 10048 40429 3386 53632 48562 68423 75663 30712 17987 64434 93938 98874 52953 90790 63012 94874 2155 42678 542 52451 82564 76727 289 45460 83827 70448 90981 16165 71173 79191 33065 81220 35972 36450 51203 
885 21224 43217 31596 39210 7650 41885 54435 60603 32674 17446 71828 34828 76475 88721 3631 59038 65447 3919 4498 65626 90718 95478 81790 61890 91021 14854 59461 43344 67655 10664 44228 5230 70232 92175 44440 77882 34059 15226 54836 83084 49024 43015 34264 25498 31735 37894 84536 13534 58164 5385 79159 48882 862 77300 10771 8234 8506 70232 67929 76160 97247 28508 97742 83830 20682 42181 78063 71092 73758 32898 70528 
22781 92264 4791 48279 23999 59036 32814 53884 17199 38198 33042 66080 55411 10341 93203 79997 18846 79786 47925 11358 93384 76433 9099 77213 13466 67631 55276 910 41388 4525 71437 80521 96789 92579 28799 37139 51614 77964 91022 68812 32513 40415 51244 4275 50755 44446 84271 85953 40583 48548 13662 33966 41332 39112 27530 71149 23094 82805 72058 80833 3682 59846 61353 470 52424 90151 53960 4037 84466 44981 89201 16978 
85395 40444 21253 52501 1241 21875 54805 58175 70422 84818 92140 28105 40281 19669 99254 63374 18826 87663 44207 22507 47509 5559 39328 99932 12062 93287 20321 96527 54619 9521 13505 56365 66316 51109 25217 67556 72983 80022 25730 59757 81191 34221 4213 21472 70241 3466 84845 89066 91129 45403 27924 54989 67314 83603 54920 79375 93241 75240 92253 47859 84760 22109 20575 51075 73217 45792 34982 62552 42165 77063 38660 23355 
11283 42872 61178 97876 62690 62375 3293 70170 7777 31217 25158 75090 31171 80077 70816 24412 71669 79421 88622 56428 1529 9197 23855 91098 71340 75188 70001 13504 52251 8660 53210 79885 67883 30740 77760 30572 93114 97405 741 890 28621 25898 92332 59791 22327 79499 554 93995 58919 89176 66774 60448 14724 6980 67897 86063 98520 37897 99566 67122 62908 69127 47006 30790 99866 41118 61362 92979 38522 78454 10221 83494 
20704 18904 59636 59382 98402 60190 69728 73673 65717 36501 50472 80440 59833 18368 66502 58352 56264 82419 25473 19171 67897 88830 66312 67763 46299 44025 77093 84820 22479 3665 84665 59534 22568 60653 18915 37322 20842 88642 27346 2910 41494 77817 99701 17678 12536 66202 76029 85151 64972 17853 20673 32868 6683 86984 16982 69333 31009 10427 54153 69839 14091 55169 29372 53011 15821 64638 6684 53014 53279 34029 55923 11124 
28197 71975 28802 40732 38176 21182 42234 19499 39035 62906 68719 62069 49889 85700 31401 97249 96126 1905 67087 26569 73426 96458 79579 89246 77447 2614 58612 30725 52994 30886 58201 81190 2861 87002 38273 57388 24535 80506 76887 79921 59763 45605 41989 26003 47656 89742 23252 43782 7998 90338 86702 81423 3148 66280 87021 80594 85245 45632 27671 38238 92869 2223 35779 95729 89224 74051 53117 30110 70908 46355 10031 47022 
8311 52019 73024 55966 58112 96275 16099 82462 2965 2800 80236 22464 85431 67256 19409 70675 29239 47079 8912 22108 49301 44690 34188 54876 35092 87304 84986 5999 50010 95016 69372 58320 63386 42396 30638 37850 38670 46736 20311 57986 49536 546 80449 51318 84154 99858 21993 29744 63288 30904 51851 28941 91946 2391 168 27037 6046 1505 49388 56056 12872 18759 30727 76258 61154 61364 30459 16176 8100 50769 74161 73987 
67666 70962 25304 51819 87171 47296 81563 66810 94552 49765 95750 86497 52155 12270 29885 58201 13774 95624 30608 26646 14383 61334 19255 91888 22698 49713 24415 30797 481 98576 21135 68146 85889 46438 36317 73059 10086 17879 56220 4637 67643 68322 7485 36150 80591 53721 94350 94364 49345 24957 37361 63727 86290 56615 71966 25339 22679 96381 56135 23159 11308 77269 7657 97196 40059 60325 86606 50144 78203 59177 71132 62197 
