74 25 1
42082 59570 72459 17009 51452 44723 76840 91127 22890 35432 21108 80302 78048 43704 65551 28699 8664 3925 31632 5231 96170 65351 46681 38901 31392 
28538 56442 27890 81763 64266 26690 40196 40188 15500 57204 91639 76575 50395 82766 99464 85826 20225 96117 63873 63928 61668 8923 88943 81944 40554 
10525 78113 5905 57205 17013 37296 2094 73454 65186 208 54072 8227 40403 94259 23727 13958 2249 16653 64352 1366 16116 50177 21590 12233 30401 
1869 73900 39324 90812 55843 79877 17688 50307 85781 74893 67319 39429 93338 57125 20966 93546 27548 29192 33948 38158 69270 64258 56758 85922 28609 
58124 18390 95138 96065 30622 25538 97934 20873 64861 5097 93067 61090 22784 43373 63222 14028 27043 2650 7366 519 23615 17263 44418 69159 67562 
98927 38428 31819 55685 40702 60428 13808 59091 55565 9872 6064 97454 24157 43288 62315 29253 36354 39756 68389 96078 2977 82416 39472 5627 89781 
56343 45593 23395 760 14751 90957 99687 69531 22775 71723 26584 99554 85530 2026 71470 11753 8089 68924 52262 67728 47590 81514 4081 87345 66254 
16510 6673 48670 55981 28651 54802 28675 74244 78197 29435 88994 85505 45473 74876 8279 17195 1459 24185 19076 19836 95654 47180 27924 80929 15793 
12003 28518 13659 16083 32214 79912 48944 38887 28581 21277 67537 83383 49951 41780 77931 95737 47126 63435 57561 38353 88065 91107 56164 28601 26534 
75999 40607 73714 20275 21535 89506 32277 66405 19516 64712 98618 99428 30007 53856 28008 51283 21393 27742 1234 79524 22024 13322 43001 1810 70883 
97706 6227 61989 53869 34827 88523 46219 75433 78588 66493 96968 84445 15122 63372 3961 79833 78341 3388 9839 32197 47747 77474 69941 91841 95059 
49464 30216 8380 8817 32026 79262 6522 38252 57603 76742 89430 46125 22960 64863 41064 5805 78182 25508 20926 57905 45820 17110 36245 49207 43300 
84793 13306 20773 54733 21498 15831 20549 51713 40563 45717 90 19824 68590 38341 93778 45331 27771 39902 68290 8985 97317 90446 87166 22825 11371 
61422 84996 44832 14018 50555 88132 98811 63860 25256 69895 1709 57439 6795 53421 98001 52511 53511 34176 21100 8203 27954 82782 52325 84207 67424 
77661 81524 57869 81178 20700 69240 42599 5695 30423 56617 56249 18554 71779 36460 43810 58025 38168 17600 81172 7941 15600 33682 77803 49775 71134 
2357 94080 70267 54682 94639 37690 32342 76162 95559 29872 13213 81150 72470 35259 11572 45438 91508 46478 33568 44319 6639 91593 82487 24238 89116 
6779 39837 39149 84581 5963 26634 86937 43 96901 57970 94681 34590 6664 87194 46500 36535 16758 44001 9004 52016 55573 70794 59875 2050 4361 
4194 25040 12305 86680 49277 1420 9810 89113 40569 94390 11427 67202 97678 27821 80454 55648 22501 15044 62311 26046 77895 15197 42803 21896 24200 
11171 77468 11345 71045 95869 15706 75238 20908 44362 78269 86536 62134 88078 75648 19054 82467 3426 2607 80145 31247 83061 52144 70099 14456 30806 
96145 92350 46002 55299 14245 86553 66469 8064 97898 53866 20284 29955 29103 57543 74316 23724 44078 52801 11801 36077 71854 10620 39503 74461 7116 
70749 73873 59259 40847 88328 90064 53343 80677 52417 8642 11274 38969 91462 19337 36866 61679 55973 66820 90782 13515 57488 30857 73945 10288 42657 
10021 82142 69628 49523 72954 76743 36623 46826 52353 77470 35153 58768 30812 32181 11184 55805 43454 66505 63619 79143 3370 25297 51467 86542 32430 
64981 44029 63286 38925 54316 22295 65298 52809 91922 31172 25762 85017 67795 88939 53721 61616 40443 28841 8779 72624 56376 64584 32429 22880 44554 
27923 26250 86202 79389 12791 34984 60722 56819 98269 99646 27486 36915 81295 80295 45189 12467 22408 46557 80261 27699 277 58228 68141 45469 67006 
57116 1845 47941 5897 24724 92494 33819 67325 95048 29560 80115 30031 90281 53285 44651 6278 97123 81566 87573 93769 43106 16391 32528 89662 13003 
60226 6290 71230 28367 51759 38235 1834 53603 86176 7730 78326 95021 41549 45651 90068 87460 42117 20098 77740 11754 64749 84017 8876 62666 87941 
2644 5771 4331 35171 95432 17333 11749 1721 88562 40115 69831 43149 41948 23433 29324 49678 18111 24344 7578 80113 14412 95037 38581 50861 89128 
50334 15609 73144 75561 94626 77437 94556 396 81767 46079 12179 15452 57827 30252 20365 14293 82 63513 56240 23515 92836 22269 57977 33532 46198 
38089 64295 57586 76669 15155 46713 43355 47116 36209 18915 41741 29997 13471 42137 11763 59549 70667 43566 33727 918 63931 48019 1000 27443 20610 
40866 36631 42879 15194 70162 5428 53282 34456 79366 46302 65962 26078 89656 13077 78638 24923 54818 8634 54745 13306 36749 30645 83972 80314 64371 
1242 60596 12389 18593 4391 32998 59458 41021 92228 91003 27534 14008 44284 61989 93373 6937 44302 35802 12945 57379 14440 54219 28548 39425 8963 
41853 92525 39607 42176 72839 20329 59769 49786 32717 78361 54176 82066 54170 11548 90646 45172 39081 4653 5807 17421 98025 29096 61723 33826 42040 
19101 64617 96258 64000 4042 21572 22204 96566 61178 64379 85756 81506 40500 51894 30574 18860 6069 28991 89382 17617 19636 34553 56697 24288 56712 
90470 38664 85807 52192 72490 27846 87644 53458 40455 51643 73851 62026 73846 70417 39555 54576 72524 37412 95075 24417 67985 30287 46838 13327 19668 
80806 32963 70572 53854 73602 27283 44323 12266 29441 96514 1107 73638 84157 54564 14092 35799 28415 92469 9644 15183 32023 80572 4058 69434 75646 
44827 53770 5932 8016 67097 41951 88821 16411 12523 42674 6364 56157 3349 18629 85598 99862 36087 59235 371 7003 89679 52521 51769 82147 62165 
66951 30522 59088 87360 99955 34733 48538 70077 57017 56553 53525 98967 61725 69935 27841 20751 92650 83998 24099 11279 85947 40312 63717 45181 40682 
70719 51211 93203 22487 49710 71719 5789 80231 30806 93149 80185 81890 58038 66613 38906 14591 20137 54225 92667 6423 82065 13417 99073 66062 53867 
26703 52008 94179 90419 13541 51212 61138 81103 60766 83624 30812 48836 89413 11042 95993 98913 7579 77883 56950 74191 33140 87892 10680 87364 80559 
17102 69429 10327 32526 51842 80546 59228 20202 91076 49647 50094 42287 10784 31196 19405 10759 78360 68240 16523 5753 64233 15435 13331 58467 88737 
3874 91606 92980 30905 95322 89890 48006 81102 217 80532 49295 97114 39759 69496 88189 5757 35941 46827 32892 67137 66231 60003 61848 34471 76525 
67600 15055 8312 97283 73521 13400 1156 81478 6379 32060 76799 96269 96417 57900 12837 93300 7195 9950 49411 93042 98138 55167 28983 44964 4411 
12471 27547 64413 90670 78369 40937 58269 93423 65600 55551 83295 78999 73058 64772 85378 21469 57923 97998 34238 32174 10834 27537 55720 37135 93299 
65114 51624 64818 94096 96587 69228 22918 40485 33640 13587 18853 90928 88207 28627 72880 43758 11921 51878 33167 93045 53607 70988 50967 51604 5225 
99492 78789 49113 55212 15923 42412 20325 83898 7229 30772 96837 92808 70041 37321 26447 83627 56174 33726 71833 84800 6605 31942 13073 74835 81461 
6117 28441 52448 73435 96397 57672 72926 91537 23136 28137 23812 65547 64813 7709 89127 11936 4545 81934 81976 41866 24732 81954 14391 74810 70139 
15542 81414 2080 28614 72600 83540 34730 1041 52339 8164 13789 26362 81090 5325 49498 25578 29136 15044 6743 53197 20523 18678 57741 2456 654 
15958 43540 98959 30348 18349 69097 45890 16114 71177 74503 88714 71068 9233 6106 39759 33748 19894 66120 31189 41570 15617 56767 70706 47013 63509 
23902 67535 98538 97994 86342 15543 13952 29881 14502 44299 64581 83598 90188 80695 71126 81043 69408 58546 6627 75513 98304 40374 11758 64423 71563 
53327 96392 44681 40384 43404 24541 64285 10938 23078 78631 13631 38621 92582 43512 69474 36880 8092 53071 43420 88786 40549 40814 74545 99094 47440 
66409 13749 4165 78166 78171 92079 31493 90914 53111 71876 34317 77651 52513 61606 17081 31143 75237 72053 40076 18748 41526 93307 43191 10948 53078 
48329 51496 93891 22873 66941 57682 5634 80689 78199 83799 75212 86629 31643 66125 39740 19871 442 33742 88735 78399 67174 36229 53635 39226 76304 
88734 97103 69610 31925 24403 39040 96605 75898 32930 19477 42839 6964 41462 39879 1514 25261 15090 88142 73255 81215 44233 93125 98008 77975 98211 
76406 61500 34439 30041 17078 10742 35126 14180 96704 67050 38582 35743 63654 30832 85024 99483 90022 91987 40944 29900 9852 82556 44990 97994 55811 
42556 42226 65287 40563 36552 63498 33320 98052 97936 79712 15129 25030 14838 45660 21733 98239 594 73827 61893 47777 58850 77727 37798 67189 35022 
84049 77040 17578 29038 91385 89740 87945 33611 71378 44859 86514 34875 78179 917 49163 57890 32397 90544 89079 94409 28628 87318 95002 2454 65562 
42778 77655 43288 96927 44843 94661 80975 38235 12238 26365 29619 18329 14309 79581 89707 59168 66095 40933 53698 83363 6447 27939 15760 13342 17018 
10168 41969 4335 21521 44422 86248 80650 22077 29535 77576 83271 24195 58550 21505 52785 84914 51124 87465 15575 30704 93523 74742 13150 34456 44791 
96513 57254 72729 28624 70596 89746 38791 12564 10432 76663 73338 96679 57312 11766 42565 51239 11388 83112 9788 32893 35896 11054 368 39712 42980 
47423 33235 34073 76925 67690 78863 73437 41295 51591 2060 28242 57689 57202 40806 68120 33864 30495 81151 7527 42260 23715 58765 53647 6826 84904 
2891 59073 12309 19610 98785 55288 67033 32019 5712 43957 16060 84574 33745 73706 52517 52156 1948 26557 9357 59105 94676 59572 89599 92178 83450 
48210 15893 42214 18208 39070 43469 21099 14495 55778 57060 13279 27417 24092 61649 33129 84400 94060 34054 18144 67765 86570 70299 69712 13126 96007 
28816 24154 71930 34766 16331 55379 82975 48575 97592 17535 3997 57413 54985 18491 13190 12044 48121 56958 36136 9769 6438 36887 3828 40492 55031 
87944 43413 41681 57656 72891 54040 2823 97044 25969 53941 29726 81348 53267 94653 95291 70801 98649 52703 25785 33491 82244 37829 81611 55554 90316 
91379 61991 27202 11558 2482 98584 99501 45895 56617 73508 35137 10656 76331 32180 52976 46623 78257 34323 99889 89261 45966 87042 4261 98668 12826 
37751 97264 67006 19361 52817 57321 27091 14807 875 38648 33641 15810 54501 95887 88778 28008 31023 15785 20690 79554 68761 67312 74162 3083 83553 
63423 65400 70594 67683 80420 83419 21786 77683 66777 41146 46851 40449 84589 78009 57675 39588 28001 73485 94088 23887 62262 22096 71261 78047 59137 
67166 63159 26449 41328 82593 26353 4750 47993 96946 88784 28412 96716 10569 6094 63492 68067 69296 3941 52655 47304 61615 92242 75305 51451 2682 
15543 30065 24777 86804 24463 265 53969 87621 43065 95296 70213 69417 16397 18205 66362 5181 46616 63078 15749 69061 42921 83815 38356 46861 52821 
2012 24828 45063 77316 76278 47744 92858 6342 88872 96013 30804 5488 49982 34776 48553 61629 4989 17969 94378 39545 683 15910 2513 80112 48010 
71573 23032 48177 26281 86245 997 28292 27424 62411 21959 3701 26506 14816 26395 31729 10829 73550 37217 77162 8326 85769 55142 29666 20089 49519 
69210 37123 65428 88074 17234 13438 59647 56618 77966 2279 59214 78962 30570 86637 41373 52528 6689 67878 83695 49435 99607 10875 22985 53175 4388 
47662 38943 75882 77327 75383 41752 62888 12506 23532 50962 46091 53321 26960 19060 31286 45590 94625 10247 92511 81261 67971 61390 4302 35849 45084 
53736 51807 72311 76720 4981 76698 40733 60275 68931 34411 35657 10683 13651 64514 34214 80964 26957 87534 24275 46016 18819 69864 40641 29065 62374 
