34 65 34
44177 36318 94690 68299 95668 31181 15513 73508 86119 85698 46826 56386 7272 53161 51960 77046 95605 58246 76043 46610 89371 93516 27906 98082 93128 49431 33022 4320 70116 50586 53791 14292 3255 64832 98942 15274 96013 14455 88781 82131 16504 35607 54868 23775 5119 6827 820 723 81424 93215 47332 87146 86730 91589 85227 96209 41019 34600 16880 27486 1537 87022 58129 4791 51854 
57071 36416 47866 87877 25197 46348 4380 77155 17567 28155 82273 40745 45326 82995 22168 54892 46678 9313 41621 38267 94540 54182 95637 45491 71061 39475 47028 58083 97603 68170 9936 54673 4586 74153 42549 29782 36852 63281 6936 54418 91435 89208 11514 53112 88554 33681 8004 51583 59345 65976 6201 70236 20157 18190 15727 91218 57664 62754 65652 55266 30923 75587 9939 35508 66091 
68839 81641 2942 48471 88576 73711 56257 94135 1576 9369 99040 35256 33724 66975 10952 99699 73175 97540 36208 91364 29618 43777 65379 92371 9428 20645 39645 85014 46935 91505 67456 32125 89497 70397 80596 94425 60459 36852 88559 62034 62572 3951 13641 96295 70925 40944 12346 60451 38483 48553 68167 68100 92329 33545 76822 1756 70541 16467 3121 17475 24323 70576 49600 13819 57324 
46547 8243 34134 83398 13154 96167 62322 33456 26159 58616 4380 67102 70961 81182 5585 35865 49348 90036 28193 99245 66858 46300 69785 99676 65772 3612 23998 52699 69563 54168 10022 16109 78763 44155 15858 8268 56673 94531 41723 82831 53147 62454 49933 40459 43635 71869 76324 9335 61904 20868 24931 45113 67168 94715 44788 49291 14678 85137 1990 84240 39305 28363 16700 34419 72518 
48910 42686 45542 43440 84408 44725 12938 46861 11009 53397 6847 82877 29720 16181 61132 50587 41111 6245 34106 52178 67384 83397 66855 52521 85386 67447 8177 13748 498 42595 2617 49407 1632 64511 9199 86039 9235 22136 49251 36595 75532 56097 19471 21603 88630 96954 88542 29740 19550 22647 98269 86934 22395 81476 55806 24132 65274 63982 54232 65771 22928 73200 31530 24559 37710 
57080 26949 63296 79215 76199 99890 71099 48647 35712 9053 37276 49018 97594 83368 68567 36593 81636 55500 75339 79463 27657 99471 44736 91638 70054 26859 30917 43253 58388 55475 97315 31819 98775 60610 11033 91325 76852 98483 39972 12563 23888 93599 61580 21481 76966 30147 74425 74954 1998 66116 54416 29655 65586 15504 37644 51991 42362 68561 95243 17101 40387 92557 48919 39162 69519 
76303 30486 46370 91138 70457 58932 15025 64056 36864 52857 57373 83362 43634 32326 1711 9749 3094 31365 91686 18597 85361 43676 77310 53921 38918 10762 10659 47827 76032 49820 17345 68686 80306 63714 59823 67114 38997 91199 47521 75860 60408 4894 59221 4041 53571 77284 13789 56664 25000 5474 91612 10360 65501 85273 80632 4418 96034 91291 68596 72065 57462 85940 40751 37767 66005 
16925 21233 21354 24476 68753 97213 84883 89998 72786 88923 43569 50069 19063 16584 75068 24536 8196 1780 6388 9820 82411 10805 5854 90053 95753 94270 47515 98044 51372 1633 64049 68297 22865 85402 92772 7970 98966 94006 14319 88103 82928 57887 54523 1990 90823 45943 42877 15370 47722 49264 25189 46484 76420 31042 36537 88524 25312 84051 86568 76683 85683 66968 61331 24900 68721 
70454 49221 67686 64459 63539 72141 63738 37778 26663 82079 28600 72605 24955 43969 36678 90570 69157 83162 83342 16551 19698 71865 41862 20100 58432 34896 22134 25399 12579 47033 10471 83032 96253 78157 63843 76144 66649 27580 13921 9663 26011 42520 82268 50965 86488 18945 57887 71996 2106 57580 88546 38155 29444 46759 58254 4228 98007 80388 45978 10585 43772 56449 9968 56377 50957 
90162 32520 17605 17742 46440 43619 60104 5311 25886 27420 91798 61183 85306 80145 79640 42885 68691 34147 88681 15449 92400 9260 13455 72787 55237 40391 32911 28037 50359 89287 78993 40520 21806 12949 74613 84597 56568 34716 89907 98805 62136 98056 76339 63793 78200 55979 23030 46890 90125 11710 78691 98876 20969 8497 88015 92557 48888 20925 20594 15598 10211 15938 72469 48368 28887 
63434 32964 1806 14501 22870 16962 92988 37277 93301 56781 15476 65631 96162 78718 72107 24223 57408 70982 45191 82256 75348 54099 31143 96272 74692 63092 22834 6982 35561 71201 52220 15346 4164 54025 29846 43385 87338 22834 80661 80638 79614 12489 62620 75775 91206 34726 99997 64965 22060 61539 47220 13759 31989 94715 10031 23033 57806 49216 30014 9718 20417 82233 25063 40932 52609 
54909 669 39946 77742 97681 36936 73707 10169 15907 65833 1374 66985 82181 66338 89044 60071 13558 19154 92059 8272 29184 15091 82429 94752 61456 8499 15168 60040 33561 72451 12648 4821 73119 68946 82562 70800 22233 72620 97320 38139 54804 98694 5123 36984 81383 10518 97054 11292 29672 5465 35915 75207 36907 18344 69958 98363 26842 1477 58402 76754 73928 87402 81575 63398 56347 
80488 50549 94931 69460 47869 49421 24263 46562 54544 61247 44296 81413 74652 55588 27436 80116 91502 2643 17023 9845 88952 31737 53038 90429 90138 29792 80708 77539 27718 44105 50237 8205 94654 61519 77664 58874 10940 1927 21787 81835 79525 66082 63247 54176 21669 90683 50644 13171 9677 84018 39367 98628 15754 8757 5408 22243 54900 86115 16134 82617 46572 82722 90821 57577 44241 
84837 16450 71532 3115 54588 53366 82639 20669 32964 53166 58690 39998 20161 88212 49674 4178 43930 64654 36283 52686 70061 74878 7585 72528 91011 90201 19099 90084 97374 76675 50676 82210 9476 22207 85324 64063 91924 84314 1083 24888 37479 59772 64885 57640 47983 30911 78169 91913 95564 14452 60950 65624 5681 68535 38151 13043 75087 73601 3126 72460 66627 53802 71021 76102 92360 
56344 56516 84284 40657 73951 25523 94488 33722 6759 52127 98057 37669 30295 6321 49584 61098 67270 31560 83130 52156 69710 96172 27243 59663 99298 16054 26289 69451 87075 18743 78162 59770 91610 78797 16779 65560 4319 11266 99282 27430 79744 13690 81450 26390 20010 31034 3840 3631 62593 86969 72139 48654 83141 15733 24668 98790 31786 50957 84592 35212 69699 62753 94982 77660 41550 
28112 43220 62220 39377 58853 89649 35472 72542 87451 61861 8903 18484 65700 12533 97428 69021 84671 62433 52161 16755 87101 67302 48541 54409 68245 104 40459 30997 95085 18118 88898 39548 61337 67470 95276 20189 73470 30747 92730 60920 92608 1632 95755 74659 30517 9534 43679 31539 71967 12191 48294 75419 95844 13186 29827 64088 13289 70285 11437 24726 88402 16686 64273 49739 84155 
59549 86279 57625 6647 95361 34896 99254 13344 30651 90265 43860 56536 33943 91751 44854 62486 56396 20272 58329 69581 66450 22417 99221 36734 33853 23946 41488 50538 4571 7578 51045 80471 93856 8669 87117 89216 59916 86371 2560 90566 92987 62771 63454 26929 70873 8307 89414 27268 28579 64095 13200 95028 86511 12421 48114 36715 52718 89601 3604 57288 97178 54648 37758 7385 79668 
24875 12953 39584 27597 15512 46501 20583 94634 9954 63863 65507 18261 69629 9126 63191 33723 22326 58218 36585 51098 6331 73299 3815 12283 76902 77455 9460 47902 31564 33197 27569 56438 46149 67152 386 78012 30005 37320 72645 39958 17535 38151 58218 87163 47277 37760 37237 85954 95978 90173 37051 18660 63471 40865 30943 56724 34671 56754 4625 66235 6302 48546 39024 52450 32049 
39410 30461 62053 93081 19458 2011 10615 57608 76580 14129 21236 14340 67717 23541 26669 57889 60591 61680 37711 17808 92622 10787 52478 65728 31763 35064 72029 80308 74088 40831 28709 29849 87643 90761 22929 7100 9123 49896 64708 85703 80376 2295 16394 64445 42188 43062 22333 2778 4741 76396 36937 13715 87182 89415 95794 35296 24478 84174 15604 14917 41356 44312 44765 28999 51424 
84046 36098 60547 33941 17157 62601 30668 19452 78994 95112 61639 38407 33797 80768 59499 10192 17705 89565 13725 23471 85358 49020 64300 85884 80975 95569 27239 41638 40333 56237 93062 24378 92335 53608 74670 25843 16208 5338 61646 11553 449 39636 49959 34245 20404 25809 60788 54460 15374 74512 94282 17083 23532 58581 19318 4506 54149 62909 62496 10834 19145 55557 35211 27831 25516 
26233 70026 58075 31570 31671 69627 48370 71307 35937 98967 91710 78097 59754 62521 9822 34266 56802 26905 74149 31734 62574 95006 2235 25482 57501 13068 60979 13057 64630 5161 54924 7214 75186 12998 38783 6857 98976 3505 78163 51264 2471 86224 29361 62224 48744 39182 12841 5545 82438 86989 53630 45012 81995 55864 86845 55847 85283 47823 85256 66265 52984 40179 73478 44521 69529 
28613 51377 68504 32117 45891 36120 50939 32114 81832 13162 80857 37365 42355 2753 36155 29343 72735 81166 27689 44950 84362 99888 30233 32185 85143 12849 1520 25321 86326 46040 94849 14938 13769 79705 63406 59659 32176 14344 91773 14007 43858 88981 67723 2564 8086 3877 48258 80820 1394 75947 42121 85756 75834 72353 34292 77328 85201 52163 2648 87879 98202 13849 19168 28322 9905 
98926 87981 58432 13269 96105 88790 73478 1437 56512 76041 25874 60389 24299 6693 61782 16597 65166 47537 8782 37518 98180 86109 39071 50342 5108 43301 64896 35308 62468 93217 45212 61393 97549 3643 91014 93653 92432 80843 11442 65296 73236 37315 25684 13886 60360 87465 30482 25525 51354 55615 79394 65885 58075 18464 16227 63182 78116 81122 98490 40584 90690 60053 18328 88239 80048 
25693 98243 88831 22888 9684 54126 96123 63351 96161 10008 23710 83626 56841 65586 51331 12455 44979 17215 70529 79795 49793 50062 57910 30914 64903 14845 21604 41308 49525 26194 21355 75217 24436 26537 98104 50472 80663 10578 30174 76823 20585 53883 76800 77425 19468 44482 6231 64446 78049 93111 60592 27841 59525 18502 75107 24427 33346 96710 65734 82870 39255 3440 74439 80042 29977 
88894 46865 26991 99472 77038 20165 36408 30920 13317 30185 66739 74150 36415 47537 52198 45878 8128 80039 5402 42981 55145 46180 76327 68206 28266 75548 23812 31705 66338 3853 78033 55232 50718 21375 71055 27755 57892 7462 75027 87560 37646 41765 61709 90413 5653 13907 36290 13781 10297 58043 56761 81793 4222 49439 49998 32487 41339 90161 80544 7676 94013 74928 79259 44730 12655 
66665 88837 70546 90479 63863 58105 44476 21979 19813 34888 27632 50071 87529 41412 60367 45571 14524 42159 66145 63963 8508 14983 5301 98668 11878 29328 9033 86806 24939 70114 99460 91603 58950 86357 82081 22812 60813 26557 44791 80625 77796 72422 47048 65325 30185 7414 27247 44708 65925 9743 25022 90784 24726 46674 5804 36603 76002 31188 39760 17292 1301 55571 8894 60251 41927 
7327 99414 2739 50235 60556 99716 28030 49329 63115 9706 95865 86880 53305 40573 69156 63047 81946 59940 87772 28620 82095 40727 20973 13282 80486 38264 14582 52409 63509 91184 94335 70835 90598 13426 21069 67505 29493 65451 16834 92607 75156 12698 95838 28460 69622 64994 91507 51568 24933 95630 96539 23379 52708 17511 36660 49546 55774 67593 1954 19282 58777 12640 6469 65726 42417 
27537 33230 71909 92987 66415 80867 84495 95465 76705 12954 81438 58050 20812 49357 99334 32794 45895 22712 85501 79757 59371 35046 35530 43315 53351 71164 2091 65991 77632 84168 8407 21520 33750 96668 30859 16516 93886 15353 11980 86942 44658 9770 44991 65470 59126 44324 14615 21373 67035 115 1129 42757 51513 53011 86072 4863 24174 4514 87205 18157 5034 95612 39676 38783 8631 
70534 55298 2516 85886 83630 89458 46896 93399 34448 12365 68876 95124 43331 90248 62158 43445 7729 21267 11309 60739 23690 32524 84912 44555 19728 19420 49588 31691 59095 4722 40321 29629 76372 42837 31866 60001 48646 78761 69751 99445 7477 38626 94568 50807 45226 73078 10604 52954 10696 38264 30044 34385 70787 31307 95291 6867 50726 44879 38557 9820 65952 95230 55800 42323 38066 
4018 2323 3063 82778 88425 2507 6607 43403 97075 73765 88628 86504 720 57933 97199 55336 4328 31583 26122 35634 43225 49340 86359 4455 87897 12530 70407 83126 68330 12729 37543 72347 31404 40605 71476 19828 59463 94434 63230 72889 84551 68209 59392 85270 42493 56590 40605 46820 4524 83079 98805 47749 32418 85163 52203 36666 97693 22609 19791 82374 51690 73685 71072 83093 30641 
42547 19272 90104 53333 98854 62992 37883 83414 38736 39504 42259 95325 80109 89078 99849 79539 87883 47597 28308 89397 99799 64974 3441 38760 1116 85814 90449 74801 56885 89893 21793 15784 25516 28248 69116 40721 91240 23350 24135 46327 62853 82745 41651 59313 71822 57851 38851 76056 5447 67159 81805 21598 48484 85245 76709 49599 87411 83509 24399 44295 89753 62544 76430 15268 90791 
61897 72341 98382 85246 96475 44708 64451 95571 86359 23763 67392 44209 78966 59800 66008 62476 41604 3957 10959 43200 80665 60557 30610 80525 1308 74905 70277 63851 67686 85544 70993 29583 57884 69375 31180 70710 14082 95630 66280 440 19393 50024 61001 14710 26175 27008 77185 84130 47316 4495 27329 44332 81403 57939 24856 99062 49195 95132 62912 16880 97027 50257 62814 54911 19631 
93994 41972 33712 89623 24604 50504 25367 90979 11504 40076 17153 54863 33612 1282 2178 38106 28610 46509 19509 2900 87716 18570 52094 82847 97834 85326 79873 48090 48139 51135 84072 58484 9459 17783 64459 50414 68286 89825 41392 79789 46253 58544 51003 79864 76177 53180 34322 21138 16040 70182 24038 20107 5103 92483 2953 19288 94160 99178 83729 42299 66664 67800 17134 76122 85583 
81592 26535 53868 87769 84278 50009 50373 59173 1011 46588 35349 70543 80909 72839 2934 67442 96876 23041 72545 5710 42345 91832 99870 41522 75561 58520 8186 43360 75653 659 45294 73597 43546 99162 77717 27823 65522 28089 86996 66532 74676 38696 53426 71937 11534 56360 39378 24761 79400 11922 30471 21744 3754 46692 79618 95666 5211 4155 55377 97215 21165 671 87163 64710 16184 
