31 45 20
52623 51348 55099 37992 15870 89094 25647 47685 36457 8913 90632 19704 74837 37191 34957 57896 89205 48767 44596 14506 18689 13370 52852 23018 28189 33139 5250 52291 46669 12895 52289 15643 64242 7388 53634 80111 12833 95632 44147 49289 4544 51131 85344 79381 88321 
36652 53628 93877 85418 14575 8382 20458 44296 77585 43475 72485 10723 65076 24775 73743 77970 93415 89385 58563 17154 43019 55026 29986 38650 15524 95626 59546 66654 97321 55278 54974 33972 25257 48850 35741 56184 73584 56198 479 51168 16024 89315 78243 81100 30441 
51985 75421 23856 57722 50336 41009 17092 5361 87347 55741 37236 82972 31638 3890 96645 3267 75215 46968 28524 24065 82709 84707 14000 38906 1537 65167 71282 90852 59761 52381 37644 28098 44153 61499 85819 94488 18860 2910 16200 6206 75002 53436 5529 22992 57325 
18525 26258 32539 65493 71133 72955 48201 72191 86954 3458 73728 68473 74739 80931 44585 43471 18574 72682 3976 96425 74852 98463 31636 94113 31015 54193 69115 84450 59721 8458 58126 78246 34715 7016 60090 22200 96323 8290 94390 83276 28099 84469 68100 19190 81751 
12685 62660 16677 85366 82987 13101 60218 81450 61088 70682 12464 15280 39796 13265 91352 64605 87742 85949 15672 94757 46038 37871 91079 54327 48612 90707 98778 49433 75158 17967 31183 87842 96978 47859 89560 79965 77311 66129 77766 54750 36810 6581 70029 92958 19845 
61381 57562 23938 47329 89585 18694 93367 27455 26125 64045 92419 33183 62822 41851 8340 97140 89385 12534 94118 53596 2093 90434 47258 84573 68199 2008 37734 74779 72036 30691 10975 49768 4605 34912 97097 94189 69957 6815 37996 96081 87211 30414 45615 66385 72264 
53955 63524 78000 66488 73993 31595 84932 64426 78853 69504 48976 80860 7237 40106 69247 54280 51080 19015 75236 2343 32463 69424 88652 39277 7419 84732 26487 54184 46699 92871 42799 653 72747 20799 83492 46739 52393 68423 27517 47597 54278 76492 44808 77866 16598 
14055 32145 84029 33069 7380 86372 65531 93156 75023 21159 16926 76106 47645 71110 22804 56868 30260 39808 29614 51058 23299 76352 19803 8073 3868 83751 62350 80360 28559 40216 13309 42613 88712 97337 92033 12444 83708 57563 5599 75082 78721 38876 51188 42717 26337 
90343 99584 56597 30151 29197 24006 69801 21901 60160 77874 25768 43911 40223 22479 72469 96790 35787 31433 85502 49476 23465 14297 33183 97379 19895 24617 92451 75122 75804 35167 1459 82498 51103 58055 29000 80299 98412 98801 18551 58572 76674 60671 2482 33248 99501 
91302 30038 51640 39086 31891 1115 78902 46187 34297 76280 82433 58913 85082 57554 51068 20248 75364 49918 71350 33418 78917 68001 31830 77717 2903 6753 54390 63573 9234 3990 63074 16887 34027 14713 72324 82269 15827 51225 28455 66475 27504 27239 41740 28937 1144 
9159 49184 76508 59076 36886 26277 37993 21238 74458 15709 24140 81210 86451 87713 6795 90440 67138 23681 40818 81850 96004 23086 14028 47228 67892 80502 91083 11482 22241 20019 12625 47752 85555 5484 6827 38792 31761 44819 60029 6218 76880 520 87428 79682 88232 
94222 86473 55369 34255 43642 53570 46610 66727 67597 10190 50970 64451 1272 62451 3043 37643 91427 50794 39549 96911 57621 78340 45023 18791 54720 51240 12022 55239 55019 8055 59823 65593 94527 31543 99847 38168 85113 46456 21246 69061 56645 88567 33511 74269 67369 
36554 28263 75148 87347 84163 72058 61319 78854 33432 80110 33573 1023 8483 5163 56042 16538 64985 21634 11064 96528 37832 65584 97992 639 3181 67052 57284 91748 16915 47904 59116 53468 92518 50615 57166 76680 22672 18485 55533 72455 98594 5457 73478 7076 10619 
29519 23613 75604 67504 51029 88483 5335 32964 2826 5973 36144 69877 79608 27891 86791 43863 3359 56610 36380 53973 13776 29411 92997 32260 84943 65451 47205 6751 38928 70632 17370 84798 94245 9325 52301 61625 14159 73987 94588 16984 96312 30731 86860 75919 74974 
90003 36134 94684 62964 72513 48656 76739 1924 58004 25350 3218 39807 72554 9969 95086 43186 43690 79884 53782 53014 48536 31758 83524 38875 26345 507 35186 73427 3718 27456 48400 10072 63589 43083 73036 52454 8091 66126 70729 66094 91476 73946 5900 80381 266 
17338 39918 60307 97221 10051 29672 62108 41808 13195 982 84504 13701 52519 57931 17419 79975 22682 27490 59915 65765 16877 12368 90207 83003 83096 56300 90830 73394 78552 87562 90011 12241 27480 66670 9461 53882 96341 87920 95690 9536 88902 80193 39588 57772 54475 
73358 37746 77157 848 14013 42921 34076 42732 33127 33430 42180 5778 24259 31925 681 28173 21935 12921 55652 88604 38733 25885 1297 26653 21574 10832 31906 18119 66771 89677 72593 40129 43775 49749 57328 57787 9021 91403 16870 58499 24833 59049 80629 65443 90973 
81309 93615 29260 10582 65618 34215 65666 91503 35511 8670 29428 62694 40575 47546 29465 46604 20139 69593 90378 86239 26920 64516 95260 34674 97737 70110 59506 56786 50738 41301 64110 48399 34915 93369 75332 16885 27584 40997 8387 63094 49667 54166 25788 6593 1712 
55252 53196 38202 41196 59925 40792 84467 40792 52403 19140 38529 22513 94998 95314 73250 36298 59423 21648 87564 52792 96979 4448 96727 54328 29186 59820 3994 83352 1959 26938 1415 73562 80134 55968 14757 40058 96759 99223 80850 49162 34715 35730 71674 29712 31043 
61275 82361 6817 99275 69924 75960 12605 90724 72686 66932 36261 48858 87277 19612 50816 14215 37378 24378 10700 93345 55486 67109 6456 71061 64310 55617 5775 39 43642 51838 47433 21268 34198 54250 20542 20473 46561 33147 11196 19247 16430 63809 84456 3707 83420 
51623 34273 37150 92352 44972 46846 47838 12080 53301 18898 76390 25269 41024 76428 68910 92861 23861 90178 43410 94462 10719 63882 41022 60217 91430 60268 76647 55238 61075 80353 55009 12698 30977 92158 5049 75948 39004 69238 88027 8656 88135 64416 33925 45510 57196 
2834 54722 81056 9363 98131 75517 36434 62013 16538 96650 69794 93158 89648 25031 54232 86352 80039 83281 17328 88549 88330 93275 43904 73919 97654 52559 62054 62069 86483 23915 35616 5669 78637 16671 31383 76767 8539 67816 55131 25077 80818 24924 34586 70465 49954 
5169 56817 46345 88450 90496 51245 93131 83771 95148 67049 97776 64058 45454 59844 50541 85721 95460 72561 64357 28482 3943 57475 37021 88111 12606 78449 68928 37529 29386 55744 3835 34554 12560 66531 39355 19408 17775 48837 19530 12922 32238 17305 76979 77691 93500 
43871 79763 5311 32783 44119 33793 36726 1594 87165 24836 30551 81965 10115 84431 11350 65858 4617 62255 94770 71147 1610 14177 88921 66798 33706 18194 99035 51010 11525 93078 44509 55395 72840 66172 88178 33311 99964 41255 51256 3480 66090 81806 85444 76204 66236 
96793 58413 70853 59047 53182 58351 77008 67358 47272 43806 1063 81817 42840 68424 93341 35917 29285 48736 25109 95456 53265 58419 11771 94519 9674 15250 76960 91479 17045 69515 74066 30189 27927 61270 5587 81109 35973 82595 64818 83244 42752 65881 81412 1943 50656 
74753 54212 79940 39840 79320 91747 9456 37738 3517 20326 63763 35118 97285 71593 52162 83151 45658 82350 27429 23280 87937 24889 59252 86883 89707 58847 29634 71939 40258 31576 22594 31362 85787 18886 87553 81458 10632 97008 35547 30501 17333 99309 65618 30969 70901 
34132 14119 32911 32833 57900 72542 37121 82788 48145 24003 88846 6991 69988 60784 63600 17916 99730 11314 20054 18615 98866 1512 45598 95874 53410 92450 13206 52719 74420 44175 39971 8551 74645 72881 41383 32544 45422 78504 15332 93566 18858 20529 16908 5198 81313 
96860 23113 81042 8173 59518 16008 23390 77381 77957 19263 30791 70407 48821 83509 44826 9347 39831 69728 83991 12712 27462 32887 74485 22317 64570 84403 41175 85098 17662 62724 66410 14521 2188 63803 39045 61705 96162 62435 39086 90471 98049 86228 60877 46869 86088 
22054 56215 25918 8133 56558 54981 35594 89444 29466 57911 54013 30220 15437 39110 47881 94512 21872 62402 96699 85674 17798 58403 98188 80232 13840 88658 94633 16419 65886 57853 2506 87939 30420 28424 12423 86977 83404 48016 92772 29221 22278 46784 59440 54066 2245 
7321 48577 24116 86074 45275 26142 3871 20030 24329 455 50221 12986 95087 66640 78871 69291 69145 83161 99710 13920 95583 86686 13676 59950 79457 42896 98580 42592 2336 52645 61189 26008 17574 85304 12081 79200 27797 32303 15581 52125 32757 65802 65110 44195 48793 
60332 13486 34289 43492 13195 48209 55426 16233 61884 31728 12041 21131 30307 70985 39818 99303 32173 65825 16876 33828 94257 12428 61625 26560 28008 13749 75668 93809 95211 36215 58953 71894 49700 93242 31738 79246 41450 87163 11830 19685 35242 40223 40815 65548 11207 
