9 47 6
10100 66514 44963 39257 41377 17966 85300 19540 30531 82178 87267 11443 50503 67549 76801 16510 36819 57775 82285 9413 37749 68008 38031 71964 18401 72906 24244 74635 7114 75642 55419 33566 58507 16733 89174 99883 34698 90825 35775 81580 73003 23041 93022 39857 90589 69822 56366 
27407 43948 55002 53172 81696 23009 91202 70012 41410 64107 10607 32396 87572 86248 87814 37489 44754 4546 26662 44637 55595 17487 96763 37175 6841 19803 30196 46697 26743 18 19414 70501 60317 74415 23672 42013 97424 31225 28376 55185 95331 38982 87580 99255 25229 91745 36743 
86334 12642 63405 47322 68236 97243 44084 21762 4083 63886 68310 50779 6980 84679 86544 77481 44995 60958 17504 3359 74733 48729 31734 46269 60411 70715 50200 59665 12295 41944 96408 98629 54585 76164 45950 39173 73406 6386 77286 93840 86623 45595 60970 93603 30273 47513 87435 
91620 8470 4938 94978 99555 70018 43064 45823 30429 13778 96023 6445 42425 37966 19204 41053 8903 95367 3354 64427 85124 9739 41712 78963 96362 3659 39932 6316 50283 3796 93750 41902 28618 15039 53232 28172 85057 96295 73994 31837 26424 86368 38281 68848 40686 57485 26252 
49588 69203 29606 30366 70679 55696 88429 49641 68409 92087 5925 91076 42370 26072 84825 623 54689 16216 53854 82860 17624 66500 73206 65812 92924 59573 4092 61771 258 77928 88023 66197 47131 33980 96562 17809 6027 1343 83801 74436 93429 6077 65511 52150 32149 66688 69125 
86837 99255 39330 86049 33230 5830 59254 99041 15105 18826 3132 76875 35436 81060 81249 1632 44542 31580 14546 78702 37607 15888 62502 28394 25668 84931 93904 77818 17079 76943 46942 20267 92549 2623 22667 25778 8452 81920 24818 23556 17098 44302 16783 52533 41713 98031 54164 
86254 45963 85061 64955 83569 948 43808 11962 26616 45090 22217 20785 62168 15512 84078 98787 8060 86700 21453 33838 11504 19725 75007 35059 36822 19308 51841 89354 61020 66224 59869 63625 28538 61282 44931 12106 62229 88739 40419 5196 33828 78987 42332 12348 94498 42761 27486 
18910 45813 65290 69099 57316 85014 44105 92374 38187 79765 60567 43892 40784 43142 20113 4409 71679 81394 49339 136 59974 54429 56906 81522 4609 35892 23853 33308 46742 82966 77145 65651 28778 42434 34749 86093 43800 95205 94818 98338 74969 55384 42230 32105 14877 62342 36513 
2907 43735 2203 19394 3708 72984 76299 85229 93944 28543 25434 43603 75284 8399 20747 57286 37176 79532 8386 23268 39683 3590 18085 38021 94911 89821 80250 27015 21049 58943 79879 40308 2677 98433 59701 22736 71416 52352 7965 81711 80894 49750 25313 56177 58148 62411 29814 
