19 18 5
40474 83069 73406 80555 19515 81318 98841 38105 56625 86468 90620 72202 85577 24328 78810 82520 32970 92334 
72541 93854 38425 86407 9121 77014 51081 76762 59229 54181 20333 29046 14692 60806 12114 88097 57712 47980 
85767 56552 86085 42391 43019 76704 14592 44947 17383 9753 27467 66704 2087 7 60557 56863 86413 86030 
33876 53845 62791 93104 24378 83123 38501 39069 60280 50614 43517 17991 98594 29283 90894 1030 71673 50264 
94085 86265 95211 11467 96017 22677 78170 14455 39035 55079 87670 41799 41108 21545 95644 20250 31001 20021 
3373 69501 75441 80004 36467 18957 97995 51412 48240 88888 52441 36264 55504 62877 22528 50714 90695 34897 
89742 85216 65703 45128 40294 53372 86926 97753 91269 82569 34355 38621 18941 37727 24473 94381 17730 60939 
13338 32076 28702 77929 37316 81142 14192 92819 60370 53072 59884 51064 87968 65977 52632 70022 11104 92925 
23394 98029 7030 31014 96950 41384 69634 15890 95462 10458 26623 29543 71397 39960 61619 98 34240 15286 
97592 48431 8104 74313 1502 84339 25377 5821 50315 94360 75843 77770 87284 15588 92150 10665 46601 89099 
68400 32586 21341 63861 43043 47963 9756 30791 4274 87726 47241 38513 3011 44832 86943 27466 19144 4797 
11804 60872 10617 78470 55231 86459 56239 58867 2046 48388 85883 64998 53839 54283 13935 75179 34495 56978 
23141 44250 4120 43766 48327 51360 82278 51337 96191 85572 78802 31687 90368 6957 8910 985 1778 80493 
87443 74368 55711 5841 39108 41593 87190 92946 12227 1125 84476 46722 58102 7616 7323 62221 67733 55650 
29933 50010 23338 26123 51933 18492 74161 42301 41800 99423 59637 43578 96267 63431 17945 51977 69271 73404 
9921 56461 66349 22148 57585 50824 85221 32038 74791 8895 10610 42523 80896 40542 8884 4234 83017 60817 
39077 73529 19469 80876 72951 79105 40805 69217 42535 75102 37545 28158 48505 47466 970 14854 85965 74906 
82029 71185 23295 73172 96431 33904 15694 77327 90798 40930 97912 73814 18098 53340 63694 37566 34215 52997 
33022 75020 38565 75556 66473 76110 20065 14977 23575 21034 46182 25891 95939 28211 13427 19233 1382 9857 
