21 54 11
16592 64667 28853 21191 21396 88363 57731 83398 16435 6952 50855 94216 50293 63742 55766 42772 21408 44021 67980 52909 77801 9798 24428 95204 69100 92707 22056 16993 4627 64662 48521 37570 29328 93726 58760 50723 98440 32842 50472 31226 39793 1326 25442 6438 81419 97559 49209 19178 57931 33540 72086 35731 43338 12866 
47286 12437 5572 69342 45781 26550 34003 10653 80471 63330 4378 55582 30404 2818 88424 80875 34043 44568 82200 59484 51005 79970 57043 16566 99147 31325 66457 87584 67056 26146 449 30693 38582 22372 34 714 65273 50388 11367 45743 13717 15744 1325 44120 34913 6100 41346 68956 50667 23545 44791 18024 3514 18185 
50941 19012 49510 17397 6596 32917 43543 23396 79961 98476 45768 79995 99190 11040 30382 26908 73135 60451 42651 74459 20922 77564 96910 62268 62871 47576 2164 24013 81951 22030 58550 32891 41041 24411 66640 63988 73679 10182 87384 53639 25009 49503 49985 40550 76894 96719 67457 50028 73521 26460 40838 94442 20375 37747 
73061 83245 1675 91577 23609 83625 13606 98510 32868 70998 22920 99507 34986 12950 26040 38721 66589 51048 88223 32925 7950 65116 29643 75406 31496 3163 1865 72333 13957 22239 26432 3369 21835 28106 94945 61796 28082 8550 60305 60949 95900 99577 76807 30885 12526 2846 69605 95466 53894 74179 28391 61843 55646 74385 
53600 87141 93900 71817 75826 7856 10407 2257 27576 48594 46714 22521 10389 91147 47422 87045 68448 43321 2973 45254 90557 31851 48100 60161 43668 1993 50691 72058 80187 6337 62795 33786 93477 56694 5602 69302 80901 16009 87910 8476 64602 34623 47348 91342 42122 94770 94738 10569 54442 97711 55822 44999 29561 3921 
21511 73228 22265 72202 61638 2451 94890 40784 52589 88366 97477 74542 74020 94729 6902 61929 19556 87855 12904 66904 79196 55025 78025 73934 65593 32466 87996 37766 93816 33908 41687 15327 7135 63951 3880 85124 82754 98769 25907 35342 3486 39735 26235 93857 34463 33137 72138 54019 20991 85041 20922 16539 56417 15298 
6824 38361 64115 11171 76126 57931 45078 34164 89609 68564 98115 9840 53688 97220 8608 95946 32561 28445 35681 75147 22302 70143 8283 94439 40513 45626 95831 77786 78516 68599 93083 1691 6959 57198 12861 99436 31480 57938 33600 21088 26501 48066 30927 96540 45285 55886 92486 94197 682 28166 69343 22983 14660 93978 
33773 55173 39603 29603 32958 34470 14553 42393 36160 21511 99590 49020 37299 31069 23309 70898 68508 66161 18963 99434 62701 64247 71671 55186 74795 72352 99703 44137 95335 14362 38114 45459 69534 94068 91414 18844 28537 5966 61236 81048 43829 77177 46419 81127 8245 69727 68376 93104 35888 87338 92537 14940 67936 80559 
70125 42730 52910 69827 3218 64596 540 41332 10055 86426 51751 1468 5269 96640 7433 82856 77687 51261 60032 24106 48739 84628 10184 17114 77731 62423 20803 86619 77362 88738 67177 63838 47819 36438 33664 51037 1034 34204 8720 11088 36981 60470 28907 42249 57109 52691 41456 51148 20304 17839 91605 69042 18818 1788 
2508 96548 80563 23310 99518 57924 28400 83046 21762 76218 19483 71777 43606 20516 22332 52325 47955 59312 12795 76861 17912 86255 45904 75719 37402 66207 93557 29006 51600 12374 47146 54107 25273 27708 77417 41142 85631 5816 24187 23744 98385 43670 11873 41991 80537 50556 94315 28492 9868 23461 21704 44131 9716 67607 
19850 47117 33813 29758 76123 1765 42132 23268 55871 83756 67327 49639 24898 69309 55454 49084 93053 70191 92753 21277 12181 73290 71832 22847 18133 98051 46308 39836 58534 56023 7443 94735 19491 57607 24492 11965 59371 66623 51584 31594 50379 18910 81232 91628 88219 53038 40711 97623 23228 49816 35251 35408 39457 7082 
58254 57589 21485 20913 13776 80018 76935 37570 91104 12778 95177 15595 24742 70899 98570 92678 18844 65300 27939 76 56927 16157 69465 97637 30131 92692 47452 81733 28099 86908 88815 2704 60848 26651 23617 74624 23020 16903 12193 14123 29680 23721 29717 70774 10972 44638 79803 29815 9937 7741 46242 66863 40250 15706 
64500 70380 24749 28303 52113 52847 31563 57279 71903 92410 281 95519 67033 23300 28773 95578 53774 74805 19298 99842 45578 46621 44480 25380 92788 54416 49472 55381 21279 89721 71087 2130 60101 95835 30432 28565 65034 61994 2195 53288 70756 2475 48806 37788 42126 93930 49717 12251 68734 69015 12092 30663 31987 72923 
72394 24774 43691 21866 80155 81321 11586 67593 83450 88038 79779 30233 16602 61164 8579 18796 14451 79334 37622 79608 17121 96099 73538 83190 8349 42271 68556 36793 72934 542 26067 45327 25316 69757 67192 21822 51077 78778 5766 34526 66815 85544 81111 99769 46708 89689 34916 61158 69022 88890 40766 2494 84988 30655 
85683 9689 72925 54238 62833 62210 54780 88899 23889 96447 58656 91080 34620 9732 86209 40385 60610 69376 25928 58072 85496 88987 47760 20411 66497 16781 9300 23614 19274 10640 54268 21309 36680 27192 75546 99512 5754 46677 88410 29642 43123 63417 37073 94094 89501 23282 34478 66462 9009 76758 24533 94504 65744 72292 
14914 48592 5424 40566 72205 41049 67557 26472 62357 4236 70016 37903 3747 75769 84579 8508 5410 44054 71925 42482 38147 61425 82115 88977 27886 91123 82086 68770 1978 47829 41061 33244 12773 62836 73809 84977 3884 57717 11449 66241 61952 81464 4143 82050 73584 5073 90557 95345 65478 78833 54178 19977 56609 36293 
25305 846 43767 7390 69615 45745 71570 27027 78988 84342 89862 69148 69319 93746 26864 80767 59986 5167 78582 80480 87216 68517 1904 94124 63861 83734 72957 18038 3710 29565 70682 29014 30411 14449 52755 25 76545 24324 43404 71884 8666 33265 57383 77984 27010 598 75102 3347 5764 70035 178 9331 38551 2082 
19806 2411 85815 92762 20448 5876 38679 91130 51241 69089 21930 3995 85465 98474 28318 45220 86709 36983 78485 44091 31318 21846 44688 6419 25193 66803 76453 25370 92485 15003 43803 12290 33765 29617 5052 54213 51844 60082 61694 3084 45522 83623 23430 47338 98448 68100 92558 1508 5082 71042 61950 52752 92887 6637 
75522 34431 89791 51975 76153 82275 83329 19955 10916 17094 65924 32319 87658 17767 92400 65703 37203 37921 65677 76984 85259 80476 45083 77816 81983 66517 65209 43932 19268 74447 66920 94789 8878 73062 63115 1382 55336 62796 21336 82603 79889 87259 14922 83898 21378 7321 49600 74932 45242 15276 51915 46852 95751 96998 
24667 94085 79866 6227 38016 99133 80673 21287 10273 5902 94348 73388 7283 66035 52535 28619 48637 32423 32229 63558 32672 69958 70879 98623 44889 32472 13898 13156 79323 26000 26505 20341 20084 6370 26567 74451 5502 7239 95737 32126 13141 90084 5513 36775 56118 58047 81745 4754 6821 13974 84664 55844 283 55542 
54466 61524 4365 84715 74679 83687 10714 1183 4027 47149 23904 30593 21599 29405 54183 17335 61530 83675 7418 83395 20450 79887 57793 2194 993 80966 32519 85656 53161 32802 57549 7627 94325 61913 92341 85355 45599 19407 2889 65977 66555 26792 12921 88154 56196 67103 21840 34077 50778 29258 33823 87579 25496 7968 
