62 41 37
2508 56468 91909 84321 13067 35435 44175 98926 89338 49004 18274 86455 75310 92106 74991 97326 83682 3961 91679 67010 53787 55093 62633 61038 48015 87408 84269 66377 1369 56661 16749 20228 13129 8657 20900 26195 60444 65075 41472 49781 30430 
76097 36236 22091 68202 27578 19416 51884 31538 27446 35245 1676 82538 97878 79066 46904 85285 63334 13280 3005 19995 46380 23232 33123 55037 44132 59317 15480 25558 17140 81612 55987 93236 17847 78077 61437 61776 13844 13320 9665 41290 48565 
11341 23827 46442 90406 70731 48078 70091 362 51082 90085 46742 74313 23207 18130 34796 98875 49961 60353 16014 31572 32691 9249 65771 27119 70686 27546 40963 357 53563 82252 48921 81255 6078 11714 88012 93160 59791 58102 9874 10872 48187 
56615 1537 87745 91096 36332 2972 41056 13037 35337 88979 62079 60938 54749 89198 47975 98647 30160 48331 52209 12411 13604 49815 34840 25317 37826 44352 1460 95927 54225 28683 60465 27191 30219 64562 18286 82903 67533 75693 12291 19221 64671 
74369 80158 19420 63566 28132 34418 10077 76463 2978 22487 90066 52792 73679 31734 90617 18030 49545 2895 72254 78228 79712 99444 24798 44273 34081 24052 28157 9773 52694 47377 74443 43415 27535 10214 6980 72018 44631 33409 48480 47608 55895 
54897 16751 45925 2983 23719 63954 52527 42966 52559 47106 22677 68354 88256 83301 2434 28659 27809 28558 81353 91537 3001 24767 35423 29566 48098 7441 74197 81506 72272 38156 53753 27169 71259 99677 46503 94977 79983 99029 54294 32541 62487 
76970 895 67094 76622 19680 95752 4430 48238 93456 12319 67590 34574 47741 97155 99024 55181 71351 96881 27453 25859 50633 70973 97117 66662 17475 8445 62996 32855 62739 95536 11693 56060 12782 78786 32682 32462 74538 53463 97051 67993 82133 
64640 18919 29874 61794 17942 1406 49497 14822 45210 91707 81807 16182 88823 48468 50008 13619 11463 82863 92709 23350 94555 48769 52484 89693 97802 1297 64230 67616 98347 48574 49749 62986 67492 79622 41131 85433 97379 90627 16607 42589 82333 
98413 58770 87507 46880 25130 1126 74694 24344 93834 14395 35250 58954 66878 24942 73107 68174 89171 40723 66520 54097 6823 45857 21588 2796 86988 23373 174 77614 39979 42762 76299 38391 17884 63805 1622 43013 81282 92667 83708 91468 7061 
18957 50421 73939 43899 39880 58464 49421 80602 41336 3517 3776 87192 41457 6571 90531 81181 6744 84497 37511 65858 60795 75901 83741 24599 93874 43105 22233 86540 26812 13700 9952 62120 80472 242 6018 20351 58706 71791 17304 41 75307 
21079 3584 33115 27649 10467 14295 34393 94963 51805 250 55757 44057 342 96707 54282 59798 18939 57173 2961 32638 67125 65080 13110 67366 87450 49812 42423 59240 67116 58815 50898 88194 78751 84013 15843 89217 14659 66587 84179 82816 83188 
56287 26872 83529 52993 97506 59678 88284 54678 62638 20921 21802 44069 50382 5520 31518 194 47942 7109 83661 6757 58007 71854 85507 58371 4048 91075 73029 70634 75253 55844 53821 31539 99068 53701 883 12925 13378 89166 67602 92367 26439 
5756 36436 76820 11275 84305 93365 75568 91414 77025 98676 49420 65231 534 7790 69278 91608 97170 39912 66860 69366 10084 14750 68433 80137 15633 81357 9866 4798 65310 2233 47588 71065 55020 24408 98691 39324 34124 90611 30737 27501 89286 
80156 92731 6172 4297 78360 97779 1467 34623 80991 70832 61059 12092 55616 41195 27724 53324 51060 48874 18633 53292 96461 6050 8311 37220 4740 63987 87696 11702 94723 15196 988 91231 24278 23511 95527 18989 21289 13345 53612 18631 528 
14670 30723 72495 55864 74798 25818 23275 40023 60803 92919 52836 66852 17581 90055 87943 81567 94102 99645 76290 9297 16984 67520 49926 40494 79398 68915 78134 9095 38878 96765 9622 53547 27487 82117 25762 18636 24286 49036 58659 85088 41954 
11494 68291 75887 1548 72586 57453 12002 72230 33742 21298 5565 17613 87576 62410 97011 72842 40543 6105 11719 53659 32078 65265 97497 30546 7378 16133 54832 56413 74791 56271 14719 86284 40914 90605 4183 13499 48057 16184 85728 98151 53834 
7644 32115 41409 70053 29125 30602 26947 51581 42320 80606 11 23936 94454 30556 31313 10586 1739 87725 85376 74362 18795 71659 15275 25751 92194 28773 73808 8377 30852 88310 62210 38495 20424 19970 24899 65901 50571 68197 33833 9242 65154 
33843 33177 59608 80751 64489 70193 98841 68566 55569 73202 87360 43579 88476 13111 35772 17248 3270 60501 64451 7931 22710 19297 28354 59032 44195 10606 25954 28744 44439 35196 93897 94633 68372 69856 75383 32861 56401 74224 17778 11969 63777 
5137 71899 52253 34599 24023 85852 54220 84523 66655 62150 23584 85951 6856 82615 46498 17461 24921 75241 78251 60116 85489 89236 44839 71697 64618 94051 28097 55193 11828 56417 35322 16965 28315 3926 67915 52337 6129 22135 53211 72783 636 
76795 58734 7491 75761 5231 41304 681 96823 35906 77148 82311 25141 21987 54007 6111 16037 98455 77655 27865 54871 12976 61181 83186 16901 29095 51874 23030 67581 5085 12164 68217 81879 70897 92059 73991 92479 33362 74672 89301 69268 68171 
87964 94408 6509 58322 16870 22546 56777 94525 66762 11647 7500 44294 94832 40753 73388 63058 80134 57321 68142 92297 25537 66372 79546 17595 40362 72024 67309 31385 61325 52928 15908 65640 47335 22416 23961 80557 61313 80737 75081 28074 92384 
98932 72367 3567 56036 62107 66624 36169 19427 51117 44818 61315 17488 40715 95261 74202 29090 62569 21938 90414 15496 54197 72405 79183 76613 96366 59739 37925 77102 51171 82351 85837 50102 71069 89404 6138 33175 56027 58658 68953 23496 19827 
46619 40983 76893 41880 31536 5983 20800 69826 12748 52648 24022 85153 48182 16986 81518 24272 54911 74971 75442 53613 60808 41895 24681 50211 64384 57856 22589 39394 43160 46084 75572 89779 3419 52465 48010 51306 58447 85161 21131 87546 54160 
61505 72698 18693 78490 54215 42964 49752 29186 34757 3364 89993 93004 28045 56555 73739 2252 95495 13132 61763 41579 5056 67893 61349 57520 32254 12654 32318 17415 33785 36215 87926 11641 8913 6619 90130 79479 65934 56234 25016 17043 75949 
31360 10046 20345 87914 83784 22596 83409 13268 711 41339 18323 68603 2687 92194 857 15340 40863 34623 65476 77077 22548 93468 85989 45518 99950 81820 11452 56183 6835 28494 32131 38195 38539 52476 26108 38674 91423 25868 51941 92133 83558 
86615 77088 86244 95160 77944 17936 36022 12566 83411 13099 51465 93231 15439 96983 93180 13610 8434 49362 20445 53279 97844 58639 8169 66671 1098 46842 58094 43318 15135 66578 26875 18101 43665 13119 13261 37960 31054 49282 50525 30816 78732 
18342 24046 10523 15324 17225 24132 40109 82938 60928 93387 80782 35918 1555 47452 37016 64748 21897 80333 96234 88475 23559 30687 48491 53029 43947 86451 434 9580 53327 31250 4664 71668 71647 31538 86991 5224 72021 43451 4513 32949 36837 
1646 68866 54743 65450 22233 35843 87346 18917 48428 92172 42476 79114 57015 95504 23060 43465 95938 48992 96791 43539 53655 84811 31537 1544 88153 53112 73564 31604 57625 22864 84792 75622 91730 39535 41071 30314 91729 44769 49231 40156 36940 
8058 19270 93954 3561 42329 53770 15850 7672 50561 75740 61326 35371 7277 79221 39875 60388 52785 71478 34364 75648 56270 9986 83729 12156 67408 30395 3884 12176 79625 44039 49116 4034 63308 59421 23946 21989 13191 39796 29660 80103 15535 
7338 31825 39163 86558 71699 15903 55694 43177 66618 47694 15798 76603 47774 27953 60363 78168 31836 72538 74144 92226 38005 78177 71886 97426 2123 10226 26968 41918 39885 23422 73804 63574 55246 12967 66484 43296 45221 22177 2824 11838 69870 
18621 4793 17644 62925 65155 95811 11112 37692 86307 3338 75697 64483 91575 89474 66605 1800 32793 24874 58036 56214 98678 21610 27811 27996 88093 87458 73216 26621 90282 1405 12843 25254 6197 30486 88179 71351 42648 99290 25395 28954 18979 
17443 93437 10553 23268 76393 28704 56060 1267 86740 28625 16296 8349 72787 44291 12793 60244 33858 55765 50525 35262 68607 75779 57811 99092 80309 29161 58092 95950 70907 3397 14929 88349 96833 41833 27968 89578 70537 84027 90844 57276 29003 
23491 81976 1789 67781 11120 78385 17990 66884 28909 69603 35491 21039 27413 50934 17699 72926 9025 13649 43832 12422 28577 48533 25606 86761 76500 31535 57297 76879 22378 30924 22233 45868 29251 40374 30000 40370 18758 64341 23606 64018 50296 
59096 1409 77708 26381 19107 66985 35406 32755 10817 64179 77683 75701 6136 64444 68552 37671 38092 45430 76400 85368 67663 38620 30970 8036 84971 71340 43145 49312 11297 7162 99607 70392 8570 93666 13124 27677 60651 48529 76783 87819 29059 
54466 63519 35195 35261 48422 72865 89704 93852 65616 75071 77866 4235 6041 2253 89206 93732 45397 54869 21380 68910 54475 8123 77480 64492 21246 21508 25142 69775 98290 29312 15185 52755 9182 50379 88015 57604 39595 94071 51455 21563 85493 
45672 25797 91533 64276 15002 1616 9672 86222 22995 94933 40696 31117 72412 21540 52363 93919 63033 38489 92209 92345 53673 61315 1526 20404 65682 59129 76350 59752 26935 97912 45244 88958 40061 53129 53233 71414 71096 79256 57636 10443 74189 
14683 41559 46600 36222 10273 56871 99255 65113 65431 91599 35138 26745 9476 71893 92426 68605 64594 68529 11891 78858 13773 849 18918 83253 70433 90331 54348 49689 47966 64790 23877 79001 22701 86828 15222 49325 43698 30828 30790 9128 22426 
65927 52225 48254 54171 61002 16858 18764 29531 45100 97621 59655 62300 16538 42907 32733 23221 13606 82421 87538 94748 22649 66538 33800 9476 81760 83124 69526 12587 13913 78653 51365 96191 47229 99618 50361 8231 32827 85477 37761 94278 83097 
13767 56578 15987 56673 89310 39207 86630 71730 26744 81377 94378 93282 31528 20205 91393 14652 89730 20331 44916 84735 88047 57459 31963 87664 24171 40193 36842 9647 94305 31120 92744 8071 4049 25082 81095 93358 64288 84077 65087 7383 81805 
75816 17016 13333 96020 8408 44336 85750 45091 5603 86836 33137 63061 18798 37153 3584 75343 90346 13230 69647 37817 22325 94070 41865 47406 91516 35222 28045 91944 16660 51780 73749 92475 68795 87081 4847 93555 47768 6948 38645 53370 93783 
88133 32783 12580 25285 36366 87922 31983 65947 73921 69799 88272 84342 11664 52029 92209 46885 96426 84153 63545 48205 57901 72371 33351 61333 77217 26905 9100 84164 81901 62469 94298 70034 11603 6878 11670 47968 11151 43652 13915 1423 13451 
18538 2116 41466 70566 94325 88350 83343 94829 68246 31547 69081 56969 81250 30413 34185 8154 55864 34701 6407 34684 28998 76440 46287 52227 4461 94254 79730 64465 24520 97504 94267 43057 99620 35732 29975 10296 40433 29669 21476 8679 77568 
90556 65647 58817 20968 16183 66970 93183 67235 89728 27866 12585 66167 74152 81163 86980 84758 60892 51444 25629 74748 45710 68686 74367 97793 15012 1014 38225 44680 22489 63255 38599 13044 45253 97415 50363 77788 80737 43545 45022 70464 87762 
73958 52983 61914 55121 39962 63023 32364 7757 88651 23463 69818 73688 97829 67610 5051 15194 22186 66083 54034 85441 4681 67077 30693 2096 33791 8480 99184 93687 69854 69647 81449 60163 22629 59714 31635 78942 22736 80351 86698 27738 3813 
56515 1426 17994 40476 6476 33187 62662 72558 87221 48102 93591 70649 95146 95686 4440 19978 11221 14478 89831 80867 95926 49993 19848 55639 81628 98789 94726 78330 85487 22464 82142 58353 23889 135 98829 46716 33322 61490 35626 36894 25943 
29216 7542 21088 41253 28333 41065 52473 42811 47247 33339 55088 13592 53186 10727 11571 68327 5452 89900 70165 27915 72041 28517 68155 72176 43697 14871 21849 5186 50496 75094 47480 96063 82635 84920 37315 27320 42336 6139 86482 89583 39477 
41569 19526 9015 68647 31096 93693 90451 37347 63857 34717 9387 92373 2872 97914 36070 34094 36114 57607 941 11207 21439 13355 10194 6358 50669 37513 48693 56807 40346 54627 12635 81914 74152 38001 66913 21599 31693 57363 58945 95549 8431 
84684 4274 27654 82597 56695 78099 35063 14301 79039 46269 35739 8745 56462 58448 59413 10326 7141 32571 50671 61767 61558 48937 35919 15910 15849 57517 47603 89563 32814 59503 97993 17497 63776 41999 93 20470 20097 35155 51123 15488 97776 
3213 24232 54237 61661 99997 80915 85153 48919 31585 46919 10476 80521 99189 26386 12721 73058 90340 2283 5871 49842 16628 39719 29970 58626 56163 50439 78722 7670 17913 10561 5445 37478 34793 76033 99138 34789 56947 84290 59 88532 47560 
10535 85404 63101 53272 98125 52510 43611 16759 74732 9804 33386 14450 39773 8363 70612 6564 3437 78281 24476 13997 83725 61953 65141 76110 77442 16281 33056 78083 16340 37939 41995 26874 23343 21447 96497 37819 73956 56459 54577 48687 66262 
87963 79488 22387 12677 50099 28950 16113 44732 69777 30110 44808 48082 95250 20917 41875 11531 53973 19958 44222 8263 78304 87447 31605 99750 83943 69423 73705 40401 40352 38743 23014 28314 18230 45400 57342 84680 74349 73455 29411 60478 19916 
74219 8559 31517 11487 50433 59399 81811 86742 3620 90074 65045 91066 38030 64794 75008 23805 38498 31760 64156 93592 54774 8821 11821 173 66162 96501 90874 39616 25911 51351 59531 16481 76261 7400 27968 43045 66798 9778 29787 70418 16203 
94831 61483 54233 59625 36491 78037 14474 84602 42192 8066 39375 51012 36238 55900 17173 32738 63125 73141 75001 30827 49023 7833 7087 56422 52152 50131 23220 61930 79917 93637 78132 91100 55119 48716 67076 7961 26752 97901 8915 68943 5966 
48289 36306 58556 20540 69831 7645 83664 42971 82645 14490 8345 6830 21576 64767 58981 88059 4338 37262 84327 97974 31746 75426 69444 80461 58853 93757 7213 56754 2671 92507 79071 67311 45165 37626 87851 14995 45271 71514 74317 44267 2356 
82661 51096 40283 63779 26429 28341 68116 63690 29020 82441 95435 20797 51885 92248 79650 61993 15812 36403 64663 24670 31825 48325 69834 69451 36175 84828 31073 24041 75496 91691 26396 58157 59139 83030 21935 85567 27723 6403 65608 56742 88843 
77395 77538 57079 69642 73539 19071 85453 26293 85 26474 58118 48410 96308 43920 936 97487 91344 24976 72983 83034 67723 47491 42172 50753 69425 44090 94827 92179 9698 51568 81022 87092 45457 38100 56733 18996 73523 58537 45288 73607 85010 
19757 22016 97669 63676 39304 95156 55019 64279 68138 54405 48354 15628 96576 15458 1404 57018 10284 93583 66715 61851 90956 53806 23659 29055 26890 42654 18929 1778 4294 92536 86787 24050 30903 84456 4078 70206 95963 59096 50837 64100 13500 
99190 96079 26428 14647 13834 83445 24930 23768 66511 3132 14723 20316 26790 60130 63557 85796 79058 65334 90089 87945 68472 14138 18848 69279 34567 5405 65241 93663 56241 45692 23514 55430 58122 66293 86428 71956 66089 11357 95723 32599 30840 
26798 52914 57630 3279 32822 43425 98688 98155 49865 86633 66627 80354 21832 35905 14921 27236 17498 8583 83477 63189 48448 55258 21311 14741 41686 9618 80829 69394 5340 29780 234 48489 99045 57863 68119 31867 17639 66807 46373 67503 69791 
12999 47856 91622 65256 62776 35209 99105 87710 35037 62293 52510 90295 99955 67250 48332 9572 64430 17725 31264 10561 34310 96104 9606 8524 64223 41472 26162 31029 87844 10016 819 17195 74224 8792 98802 36999 44000 97906 41061 79037 76550 
93570 85683 76505 77171 34014 2428 57952 68090 33691 68513 2400 29795 78118 27275 10369 35941 69789 57749 40136 79804 74919 57330 54027 83710 72483 7378 44061 70388 48438 39449 63290 58359 25131 56146 35529 75496 58573 9832 43586 8616 78344 
62337 54762 72813 89611 65130 8753 59399 22878 48889 55555 97796 22570 9581 97857 95053 33310 41917 81792 98099 81366 61433 56457 6496 17578 8337 98344 92503 18169 41929 1118 12864 20617 72231 85677 26579 37360 10781 85978 76589 76021 57884 
