99 26 25
52 83 15 31 11 54 5 65 38 100 19 35 55 98 50 48 39 64 22 79 63 80 63 30 55 20 
53 2 19 78 65 22 12 79 52 23 84 57 39 21 56 58 7 62 7 56 9 97 71 83 75 86 
62 89 15 68 9 19 70 79 48 86 100 11 64 4 85 99 12 24 19 19 33 25 80 39 33 41 
88 55 23 62 40 36 3 6 3 63 76 24 41 23 9 92 34 24 47 18 22 58 93 40 76 25 
17 8 16 1 48 3 55 70 16 47 5 18 52 59 32 80 83 24 2 91 16 87 15 14 57 36 
72 49 28 99 74 96 6 41 48 53 43 2 74 10 100 78 80 4 89 11 83 71 35 84 13 2 
23 27 15 79 15 38 27 94 37 52 41 42 92 88 47 86 41 20 96 41 50 75 44 38 37 26 
8 71 61 20 24 83 99 91 13 65 28 40 58 16 43 98 58 35 85 4 20 77 75 15 17 24 
41 12 61 78 89 20 100 50 92 76 84 42 66 49 6 45 88 63 61 30 12 18 16 48 73 36 
24 47 2 93 23 95 4 35 24 93 55 75 94 98 50 29 39 67 77 44 12 16 58 72 98 21 
41 13 68 13 100 43 11 54 35 85 100 91 20 23 83 26 97 28 23 99 8 61 65 37 56 76 
52 13 99 1 85 39 66 52 3 65 94 14 70 81 50 69 71 69 91 5 94 40 84 68 38 91 
80 54 79 35 82 31 99 80 83 83 19 48 86 21 65 32 86 34 12 36 3 34 56 45 90 50 
36 73 69 25 15 49 79 46 83 60 28 82 91 10 16 9 58 2 30 22 33 67 55 96 2 9 
81 10 6 70 59 41 94 79 66 60 27 96 5 10 7 32 43 97 42 10 6 99 11 87 72 95 
5 26 90 59 87 22 68 92 91 78 84 84 56 49 44 83 96 48 92 2 32 86 99 73 95 56 
23 58 94 94 52 98 71 94 56 57 15 75 100 6 52 84 41 8 84 36 90 80 36 33 33 67 
18 83 39 64 38 61 21 83 54 73 33 76 18 40 33 32 15 84 89 66 19 30 73 3 65 14 
34 100 98 18 66 15 1 56 31 90 16 51 73 21 75 57 97 92 96 81 24 10 16 64 28 35 
93 52 89 10 66 22 61 63 91 79 30 91 34 12 81 2 62 5 22 37 61 70 28 56 2 3 
18 18 67 45 4 11 96 92 20 13 65 33 76 55 11 57 46 44 68 78 97 81 82 71 17 94 
40 97 1 94 51 18 11 17 62 14 28 10 5 99 22 21 31 49 75 93 57 72 89 76 49 85 
57 82 55 25 75 47 21 76 40 24 45 50 40 59 15 19 68 71 70 41 91 52 42 65 45 98 
89 85 74 37 69 82 71 76 6 45 22 79 72 61 2 17 62 93 27 76 64 46 98 33 86 88 
36 27 4 32 77 92 16 50 81 37 83 51 12 88 47 85 66 19 45 19 87 58 12 65 85 75 
10 82 59 95 69 46 74 24 78 50 16 45 51 48 81 33 98 44 72 44 28 38 14 24 8 52 
81 19 16 17 45 25 98 55 72 18 1 45 42 30 46 9 74 48 56 7 80 53 50 51 48 78 
40 14 53 48 65 86 18 33 2 15 57 100 69 28 17 21 24 10 50 21 18 24 68 73 82 99 
77 31 50 77 60 41 90 13 40 6 50 58 38 51 72 47 2 92 26 19 13 50 80 14 70 98 
89 90 22 70 88 99 1 37 75 12 30 16 76 69 21 25 78 11 28 1 57 29 93 82 99 57 
31 79 70 53 76 59 42 97 28 81 47 80 70 73 44 99 88 19 19 61 96 97 71 23 97 27 
51 41 8 50 49 91 28 19 95 55 29 88 3 8 68 50 40 37 22 83 35 62 53 6 22 48 
2 92 22 50 70 25 43 77 74 91 19 53 61 13 59 89 52 61 49 20 10 88 8 84 70 95 
45 74 100 66 74 1 9 95 2 78 19 44 6 44 87 25 48 47 89 6 36 41 67 84 60 28 
23 67 11 44 61 55 17 60 72 90 12 80 37 66 9 7 9 15 51 95 39 98 94 27 56 81 
67 22 64 78 49 38 97 12 81 9 18 97 21 90 39 32 21 75 49 82 33 58 96 83 4 86 
33 49 12 88 29 31 61 44 60 61 81 56 72 61 17 90 10 37 31 48 20 3 74 69 84 6 
78 31 41 33 16 25 82 80 64 10 10 24 54 21 84 34 77 8 47 93 49 56 81 79 55 100 
33 80 68 69 37 97 99 77 30 15 1 11 94 16 20 55 39 25 75 75 11 3 34 57 47 82 
64 27 60 70 27 44 49 46 12 85 43 11 14 72 77 66 34 70 82 5 24 20 30 50 46 40 
53 79 48 99 60 11 26 71 80 4 15 80 49 78 64 91 88 29 14 16 95 99 85 76 4 60 
47 85 10 93 76 14 23 23 12 83 85 89 5 16 92 71 95 93 49 10 83 88 39 49 4 33 
47 40 8 2 52 54 86 13 98 13 26 21 87 89 55 71 78 11 86 21 82 32 13 82 42 48 
21 32 96 76 64 94 16 23 48 67 28 85 31 26 98 56 98 84 44 4 7 73 66 44 94 47 
76 6 80 69 53 53 100 100 28 15 46 95 37 93 61 16 77 43 93 74 98 42 10 94 45 16 
18 11 59 11 9 86 69 41 54 21 93 5 73 72 19 18 67 7 10 27 23 38 22 67 12 19 
9 73 64 5 88 82 15 98 44 76 84 12 68 37 85 60 42 57 31 60 26 97 19 87 76 93 
24 49 59 87 19 67 59 83 72 46 16 38 44 59 13 27 23 32 15 7 43 56 15 26 68 92 
74 38 78 1 30 1 49 88 88 68 7 46 50 78 44 17 15 39 27 80 17 49 11 83 7 54 
91 73 31 10 64 4 47 41 5 76 42 53 15 81 20 21 26 21 50 21 37 65 11 64 96 27 
64 58 10 71 63 52 43 93 61 7 97 7 99 1 34 40 53 48 20 25 21 98 45 70 70 34 
86 81 49 33 59 12 91 20 34 53 71 77 98 31 35 94 89 33 46 22 25 50 22 96 74 94 
45 71 63 15 56 1 95 4 33 5 15 23 25 49 28 47 77 25 78 63 70 66 47 15 40 23 
64 61 19 90 54 63 12 68 29 67 68 75 70 53 80 36 75 56 36 54 2 64 78 79 26 47 
97 25 13 88 47 29 48 17 18 53 80 81 72 60 47 92 35 68 44 14 55 70 21 91 24 22 
6 1 53 32 100 1 8 64 88 54 92 87 71 61 39 2 41 62 61 39 53 47 58 96 12 13 
18 32 55 41 54 60 93 58 43 44 58 50 8 45 56 99 31 78 60 21 79 52 82 91 91 87 
90 48 34 1 12 51 33 66 91 38 26 36 95 20 79 4 22 86 48 77 37 30 54 48 50 84 
99 83 26 89 69 15 89 3 68 100 5 52 18 48 89 95 83 35 14 13 38 35 99 37 63 87 
66 16 34 67 51 32 49 77 73 70 43 61 72 10 12 28 61 81 75 1 75 57 35 41 70 24 
75 20 60 90 58 77 5 91 43 8 74 92 84 46 61 26 58 84 88 22 63 48 2 38 1 77 
46 87 17 67 11 43 86 22 32 95 51 89 85 93 96 59 36 31 56 48 8 14 31 95 35 46 
95 36 83 95 64 28 81 32 95 43 75 32 17 58 27 67 98 63 11 93 21 47 23 77 94 31 
42 77 77 76 22 71 63 56 17 79 83 50 10 29 92 36 13 60 94 91 78 91 53 89 36 26 
87 10 54 32 40 95 8 17 22 81 39 84 36 56 14 71 5 24 51 48 11 63 8 56 53 37 
99 58 77 34 83 63 43 36 95 35 30 54 3 51 35 41 86 22 48 52 44 52 75 95 100 37 
57 59 93 62 47 91 19 24 24 53 38 18 88 84 4 69 90 6 71 76 99 8 97 98 59 41 
50 85 35 1 22 43 11 14 56 9 4 26 84 79 78 22 48 65 57 52 85 46 9 55 21 59 
15 70 9 73 10 58 58 96 10 31 90 72 44 46 32 99 71 16 29 1 89 28 65 45 31 2 
43 92 56 63 50 70 84 10 95 45 19 4 40 28 34 82 51 29 79 83 27 49 98 7 49 86 
34 66 82 65 67 24 56 74 39 57 96 22 67 90 19 85 93 58 65 78 91 15 6 69 49 84 
70 98 90 70 35 23 35 17 39 53 92 94 79 82 3 74 56 69 15 74 53 59 83 17 88 74 
84 93 94 84 76 63 82 17 33 16 91 19 32 30 24 76 75 2 57 77 27 12 45 93 85 50 
3 20 18 90 93 1 82 86 85 9 1 18 25 33 33 15 3 65 96 26 92 71 79 48 47 5 
12 44 49 48 93 51 67 10 40 11 63 21 49 99 81 49 16 5 33 48 72 35 64 67 61 55 
37 91 55 36 96 66 79 44 13 71 47 32 32 86 42 94 59 90 44 39 38 59 44 22 59 15 
57 74 33 69 81 70 59 35 5 6 52 35 50 16 57 96 47 88 33 41 34 91 30 77 30 20 
88 25 41 98 39 49 23 23 17 3 92 76 89 48 81 40 34 82 8 90 29 6 78 14 46 63 
4 76 91 33 47 30 9 87 27 99 36 50 22 4 4 13 79 93 13 12 84 46 45 91 88 26 
97 65 39 42 27 42 69 17 27 15 47 35 54 25 34 41 26 55 44 30 19 75 74 83 38 57 
81 34 100 68 59 96 84 97 89 62 91 10 30 69 76 28 55 29 5 40 21 30 94 17 11 65 
91 84 99 80 41 31 13 92 50 24 39 33 72 27 94 62 88 76 82 64 3 37 44 7 76 65 
89 22 81 99 38 23 83 88 2 75 19 66 66 68 89 4 53 13 82 98 26 70 73 8 85 76 
96 28 34 23 92 22 96 24 21 33 46 55 73 99 29 91 17 46 10 57 1 62 69 34 60 95 
55 84 2 39 59 49 67 45 71 10 66 67 34 38 51 31 92 23 82 72 13 98 69 75 54 21 
88 75 55 47 69 61 31 22 100 41 70 18 37 40 79 3 58 64 92 9 47 36 31 28 7 96 
77 28 70 82 48 57 56 54 56 24 15 38 97 66 30 66 35 67 58 13 21 15 77 64 23 23 
99 6 2 6 1 78 85 22 11 32 30 67 86 37 42 52 26 39 17 56 56 51 74 13 15 46 
80 91 9 54 65 8 59 18 65 11 47 49 32 58 32 14 24 69 50 17 20 76 7 88 83 63 
90 8 27 5 53 6 47 61 60 64 20 70 81 84 81 28 84 64 37 68 29 12 36 31 28 8 
58 35 95 40 49 37 47 75 41 99 81 39 11 92 2 31 13 35 66 45 14 2 61 50 69 89 
61 56 19 40 63 76 74 10 67 22 46 13 49 86 63 81 24 26 24 78 8 36 12 25 81 25 
26 93 74 46 81 86 2 52 25 64 79 51 73 98 24 18 10 72 55 25 52 31 2 75 8 9 
63 71 33 95 95 11 87 20 8 19 5 9 22 81 25 1 31 49 98 55 19 59 78 73 35 30 
55 36 56 14 96 18 84 81 12 78 91 50 97 50 69 53 59 90 34 35 42 64 83 39 70 1 
50 48 26 36 29 80 72 36 94 67 6 77 99 69 7 41 19 3 91 39 8 1 28 41 35 22 
56 17 12 26 70 61 25 95 97 5 74 20 40 19 38 45 96 37 66 54 77 84 8 67 22 15 
67 1 55 53 22 63 22 34 88 91 46 64 85 94 68 10 13 7 29 51 4 76 39 69 81 15 
4 88 34 77 3 52 29 9 5 51 71 26 36 10 68 81 73 4 75 40 13 39 99 93 41 54 
