56 67 28
53973 9566 81304 56430 91485 49352 45599 85768 88308 84379 72440 47603 24241 23918 83598 36326 21209 69988 30544 55141 42348 61482 66357 80100 50643 24588 72254 97791 24695 29772 38610 78667 39337 19914 51448 47173 85617 13398 32941 73924 97776 5380 37878 22016 29297 21476 74693 66857 91463 5237 38349 50162 83070 21058 30261 33713 61997 2514 47855 86691 48638 86465 65357 87974 6378 16805 51499 
91994 30202 84439 82269 27978 89818 36498 66345 35466 57973 41038 18675 49436 62626 57023 15949 62047 78080 46210 95759 56428 65075 43614 43118 13712 46430 8475 18038 69159 41631 69536 77504 88184 53974 76124 32513 60143 12621 15210 11960 70594 72599 30634 36381 35224 4009 52329 97270 98440 14890 9381 54868 79965 69346 97985 93676 32127 22811 28065 1285 80793 97600 78788 85329 67925 54911 34193 
44419 67531 49402 56379 54476 22000 3364 7208 73575 23724 59537 87197 38516 90778 12929 93383 70742 82274 7719 80770 14400 46882 8834 32036 44026 22786 10823 29354 90710 82085 63547 51481 49615 29300 24211 20443 51300 43926 27650 41226 67650 3538 28422 6165 94316 57702 15899 65057 39975 39969 62178 70726 86850 71012 19113 30876 93797 29935 76581 858 12019 40127 68690 77986 69427 92900 98428 
37078 53178 42429 94655 20827 62319 23077 43343 56634 97130 75593 38042 37105 15561 220 24182 18763 87583 43295 65990 81379 89581 42570 98588 17952 99049 67278 95937 84827 76529 10716 21904 29706 69496 16558 66884 31814 55986 26578 88447 53116 2170 42841 6572 34083 43060 47105 69197 30642 6751 35186 28372 12684 94107 43311 30635 93155 26940 26571 77981 3469 53638 16236 49526 23133 49146 16410 
54947 5131 42987 59745 74598 61509 18937 97521 11943 61996 60978 81139 8989 84080 32676 53712 96763 26782 97023 27397 19937 40314 70319 97917 43782 23956 14153 93308 63441 63298 26069 34739 84780 69055 94483 75730 46915 13420 89602 58857 91767 50579 56347 17108 34659 89022 87171 31421 15804 84193 75170 52092 24507 45488 50008 84640 69444 80512 94299 32884 60161 20367 67622 44941 5774 78456 37022 
52688 8227 26623 27897 16346 93554 84243 33453 44564 89617 20623 92336 5420 21168 67505 57511 62026 12993 23870 63017 98788 4382 57316 48023 80894 94034 31996 25834 99807 26803 79207 68847 35030 22182 96743 51375 32087 97337 1179 76650 86953 38153 85337 8724 75672 69194 82586 54049 98538 6456 33418 97325 27189 90733 61699 8082 1118 93694 50268 925 20496 29474 86123 71877 68007 99217 39603 
93 96553 57133 76742 99858 95286 78431 24933 87309 47624 7519 57710 46161 30326 91127 59837 57514 98211 21535 81947 99328 15228 32214 16604 52075 78040 2726 23952 46046 1942 79906 62491 14847 37039 55584 31056 48676 34014 55988 35984 81637 79858 93693 27797 10183 1171 87633 84048 99381 9167 82347 98709 40746 30912 15312 9173 25303 34390 33124 87701 36331 13029 50191 67529 66419 5774 98584 
15094 39788 70924 51078 37776 67133 61122 65573 93668 62293 69557 94067 61673 95076 76413 76733 52173 7325 8397 61345 48979 42786 10820 36679 79116 40201 86869 62997 6619 92643 77932 21713 48782 48855 89142 86557 32340 50263 68481 26007 28907 38038 20073 6932 49465 96486 16 1637 20162 8412 62982 69140 51197 73801 5819 46665 14001 9039 9661 36972 18033 87592 58684 66814 52799 47825 69723 
85138 14439 38203 11144 59698 92592 47568 66629 42056 44053 66644 43693 80566 75056 6674 66058 42604 96826 88228 89268 27179 97266 98928 64150 15299 2872 39185 98464 55670 87009 68186 57159 17799 22741 84654 77496 15332 32221 60476 57388 92626 27120 17432 73191 18527 40457 39248 61130 37282 27475 50398 80812 41093 65677 44961 72743 84900 497 87558 56921 3857 55744 14079 21656 94836 98732 15503 
10167 30953 75979 83906 23578 3098 1337 13120 37976 41793 68720 99105 95427 12546 65854 76238 53638 47883 37551 42732 32782 38047 30290 6055 41904 86033 20133 79911 97220 35217 95413 7386 82521 71391 7644 22450 90840 8980 35569 28815 67125 4288 44272 62551 16834 26477 38788 86823 74359 76338 29555 23493 30737 59844 45899 88992 62228 82383 68902 59447 17599 64314 83184 16471 52057 90827 38920 
42896 16159 74489 88063 83283 95128 48686 45833 28313 75162 972 15136 65873 77310 61042 5717 24398 20885 51615 13389 99464 33997 82290 58910 67948 62955 58445 84418 15011 65624 23338 74259 81782 14178 78673 65064 9305 27358 27248 37618 2519 28219 69105 68391 21880 46498 74107 46277 67382 25721 59665 83197 76070 58306 58458 44017 37613 16902 28434 52623 82525 51771 43233 80658 65948 21905 45721 
91605 49262 89320 45574 51781 17539 14678 36523 39418 61175 26982 2047 44908 69054 78063 44456 45123 36369 2913 89139 73981 36166 33925 42955 35043 85695 86188 15700 67995 24444 77773 59599 73706 67092 5172 41838 84630 36201 78360 40400 13727 5341 42446 74986 74395 20508 19441 35869 73228 22353 41360 63560 74870 75284 6515 9912 77330 9054 25612 45324 49849 3384 21274 23554 70475 42797 81743 
71457 95349 76455 11856 9075 98147 70653 84060 88893 91160 19852 24762 80740 58556 66121 44299 33426 41404 67165 43337 18733 92570 68948 80409 42419 88683 1682 82324 75510 60831 64067 46966 56179 40521 75173 65254 38667 45825 65665 27560 53336 1869 68673 34075 60424 34793 78374 10201 92548 45538 53538 27632 38108 38837 8040 96878 27520 26074 79201 19381 86904 59619 66346 43082 139 57870 24687 
55158 3694 6704 99069 57029 8572 84093 91104 85347 35237 69477 95548 27784 31366 49085 71767 85825 4273 96159 82702 48144 22232 61903 67524 25487 21521 33869 84920 38012 8090 25959 9521 11783 32662 24941 85164 57585 9033 76267 59283 44269 62095 54830 88404 9812 20266 60170 95637 24539 56328 78338 72682 78559 56592 40206 20397 94465 90426 5317 48828 98516 47627 58348 26650 80288 99640 11813 
54224 8672 4431 13506 52940 82877 84688 41343 92689 4953 17864 4677 45843 74192 99366 18525 69102 55958 75082 89499 66774 81859 11167 15601 96726 58793 90300 39728 55432 89939 67892 26007 14962 72323 39512 84253 71551 24199 41947 80591 45504 59810 85267 91346 34001 84633 26222 3103 56942 1303 8953 40067 99514 20119 72019 12591 95263 78670 52318 67046 84960 20210 93052 99921 8884 48915 84173 
80434 89466 42471 77377 34969 2280 62643 26314 52633 63627 52536 72087 36920 70190 81039 93338 86055 17509 65356 98646 29123 44025 50963 96168 28984 87524 5571 45256 96407 54485 45780 93193 43950 88250 70569 95270 6882 49563 37936 59514 29542 90471 31600 66461 77012 28990 59799 63067 62850 41506 78064 91972 1883 29026 4491 30866 16550 10061 92474 29308 80897 38253 22500 24847 42855 9420 36468 
66088 58983 74403 25601 88524 81225 73552 71336 58237 18893 47486 37655 81742 5344 32070 90065 7226 61095 94555 38091 93996 20967 46916 39656 1863 1521 62155 43061 44375 87927 79529 10462 46909 53931 52414 51784 35156 42317 39471 9744 61209 3309 63750 59302 8652 95819 49366 15877 73265 60272 70319 83613 81238 17235 23268 83100 35107 1774 26161 79481 89700 5689 6294 52960 75971 75059 21095 
27478 17375 60566 53573 94935 63874 17322 54236 88877 29492 19953 4753 2757 80224 91423 86369 61461 8657 25988 44560 43763 27761 87072 39595 33813 9112 62240 86772 85083 53650 7867 28912 87376 84784 82485 82310 65009 99806 52897 53885 45650 72849 74989 48406 69424 66411 51126 30884 91420 77113 91796 51534 21225 78867 7481 55037 87979 86072 58161 89413 39722 66027 18324 43449 67162 17160 25759 
48522 33318 95007 2406 78967 84208 93746 27372 53631 60156 94849 867 67927 71961 92662 19461 9537 87880 43293 64574 92210 29364 22734 81622 69085 5112 16298 12534 88625 49809 54644 37146 83126 66002 39551 62092 66561 49648 5815 36544 26155 663 37410 94082 88975 46423 29894 98512 50654 73186 79437 42864 2549 2170 40837 87986 23633 57134 16871 12257 23295 87866 49402 6420 53867 5304 84864 
36780 54951 7030 73323 97457 7693 27084 91538 13019 73506 37783 27882 24159 10968 7318 83374 29869 25839 24211 34206 49471 97696 51076 78079 20990 55293 43832 27410 9159 49135 28625 45938 20437 35654 35612 34246 59698 62695 42135 72717 52552 79918 598 93063 7237 24268 76436 53457 50106 646 87662 15929 98342 55089 10359 19331 10381 54191 63092 35892 19677 91716 98181 56466 27370 33793 90711 
87067 12839 32845 76135 65391 29114 93085 58453 52703 17352 34888 6159 83809 35534 10173 16089 50227 65261 26448 69557 91994 96990 32649 27885 16666 40716 26065 89483 68085 76209 96545 71504 89048 45742 47638 70790 74855 40722 29242 27557 58073 80481 33716 58234 16014 60240 74322 66240 25500 17121 52149 17493 14110 1149 61729 47128 41864 4146 36610 26301 80354 33155 97804 85753 78896 45441 56542 
70102 86163 2135 97659 60587 82616 47726 35172 98629 7965 9494 81221 49816 26614 49721 83661 40724 50869 45389 4203 9084 49534 40812 35384 29888 90318 33187 31992 85565 94980 88534 55667 81142 90668 69677 58080 89635 17402 93252 88264 41718 19097 85836 7885 45710 51908 91545 2785 2776 36934 6987 28211 86467 64151 63595 32706 70820 13133 81050 56385 8112 85935 12051 5605 92954 81727 80037 
82589 15480 89640 70852 73549 8736 73039 81433 70797 24946 72978 89934 44073 26263 13272 88635 29081 77422 52229 61787 48242 81714 59188 4626 89825 45122 33028 11782 38075 31106 91818 20663 46585 81457 7866 20133 90192 97256 17917 77340 38553 90894 67273 82625 17156 80545 87612 46237 74318 39840 24375 22559 37905 83562 43536 27730 45035 92915 39511 83109 24020 47680 3772 70604 29136 27989 7088 
35679 25245 25005 13018 63797 32250 80291 62774 65758 60835 50385 28346 35152 6576 69072 74063 44481 52633 33950 88562 14019 26865 44424 97127 50884 92103 17250 37840 21238 45239 61279 73268 86835 86283 86285 50631 34885 82927 29756 642 43761 80140 28987 95265 86716 98058 85679 47548 67042 35980 36109 97412 62844 80532 94538 30080 88986 28140 84271 26575 89730 45549 99842 76564 48184 86126 43546 
83068 69053 73302 61 29165 69793 45399 40781 72860 59808 42811 20407 43201 78791 72867 40612 57986 53398 51501 4417 58735 79640 88687 85309 69369 50588 85150 45932 98771 87628 5830 98190 73032 79131 98250 18548 65275 60000 59329 38135 19807 18491 58541 63007 97281 31408 19970 71619 1157 71470 76035 59892 51110 81074 45200 20478 31661 30350 82762 46783 34329 4943 44972 7360 425 59573 25907 
65699 19572 1587 3833 55730 20078 62374 35088 33710 10133 55057 5328 11289 26526 97715 71180 93987 78788 32732 30817 10448 79433 29930 73582 13761 34872 18553 37472 35296 94477 63378 994 30400 81317 4827 86129 1394 83552 21216 51455 93684 92624 56783 21324 35501 54497 8856 29488 49636 41587 60304 76435 21019 90233 50016 51131 41456 84920 88602 76751 79396 68331 94096 9795 49647 98922 12275 
67392 98825 49842 18847 8860 42465 91981 30184 77965 62829 39039 23804 12464 80625 84107 88898 17995 90691 55265 69125 32146 40184 57726 25248 19579 26056 19344 45725 92055 34617 57999 59446 33442 7840 94644 42301 66656 86624 88836 60972 65804 44226 84776 78267 24850 68882 83516 59196 75925 38780 28320 8070 78963 2397 33318 14893 28453 52661 60617 20507 87277 34967 96304 37070 59158 90948 95723 
25813 93923 84558 86785 59727 28784 71560 54345 69985 56793 37861 29181 32717 92992 73852 57139 71955 76249 90456 3199 21053 59468 80168 57911 63096 15134 70566 166 90644 61513 95888 16456 71788 96797 19592 31514 41932 7503 85858 11917 80648 40070 57449 13364 33062 47652 86854 21368 40252 77309 24566 77656 53128 21085 35566 16224 36219 6132 32741 26862 83996 44980 59669 55783 41776 95613 3648 
83708 19467 5858 11976 114 45927 85776 29830 95340 33427 16683 33059 90031 10344 73977 67686 63471 95061 19604 96046 47631 42087 28786 74492 42434 73765 50513 98217 31893 62477 18216 31952 81943 24073 43927 82057 86352 46054 28238 98043 95832 44920 47454 85862 55263 21430 69900 35086 32842 89503 47483 80473 31589 76269 71316 74022 66385 21828 88590 98277 656 23158 46580 82599 63582 6858 81007 
66285 52911 9244 64328 65095 54163 11781 50956 25778 49562 37207 77215 82403 26709 24697 62875 74649 17317 50543 65023 83702 88722 69964 98330 89378 93121 44910 71976 56703 51767 52982 22987 21030 62225 3666 86124 32739 15446 53431 74868 81359 90638 52082 63762 33698 93131 42988 8347 10447 93530 89721 10500 82252 59684 25182 87981 52805 70091 59956 9507 38209 29289 48845 75590 7865 52511 78065 
40603 84308 31496 15471 65667 38485 83904 45780 72182 77034 88767 96880 3833 98649 86600 14332 97252 46284 39513 85232 99088 25955 61539 24946 80516 90827 73790 72457 98691 42652 50522 55645 26960 98369 87467 8978 36853 71371 54757 25386 64756 59875 22266 84940 58523 25217 99272 72126 71500 55136 57357 86939 97443 35247 11884 94310 26073 2026 66766 41115 61029 33639 96760 87988 32007 578 96965 
68859 71948 68073 94245 53056 27948 32862 37995 86470 58078 53618 74948 29578 25106 48656 32868 22548 83903 61104 33209 26327 79481 16326 67442 40509 49965 80553 28497 81971 97482 41813 67182 85782 9886 77778 38837 37833 10639 93183 40654 85068 46801 15601 30997 71906 80609 63865 10805 64511 24968 44013 90837 4448 76690 74630 44956 26654 71534 89804 8625 69016 31617 92158 54797 57854 69935 9985 
95686 96925 3167 52691 81992 66319 84644 12989 54576 65252 76853 65380 29762 18172 25744 36950 22619 2434 27932 83926 45439 15817 90082 70415 84832 38050 62572 55980 95903 32506 65964 7940 29430 85483 60630 11422 51801 61625 40762 6377 26876 17614 88108 72989 52137 30204 9939 91107 48989 54222 75032 94427 70038 81465 64842 71222 19514 43765 27201 15416 76271 93165 39707 22052 78647 16689 49825 
46799 78313 90586 53175 21541 24551 57635 94529 76687 87838 20819 67793 53178 75040 59177 47604 61430 40641 28797 32651 60155 72562 59851 91922 65184 69367 31629 3587 64365 48317 53412 11164 42981 60349 80690 64521 84900 38324 59050 61586 42513 79868 45731 95690 71260 4907 59646 32689 45547 4794 81691 22053 77355 41541 13975 58890 27260 45603 62477 91624 10271 32240 19139 53251 92588 99829 17772 
93839 54504 76821 71777 97017 73040 17507 9058 44299 38765 68703 93339 84311 89849 75029 6364 67203 32922 20338 42445 60181 82292 4921 51804 92562 53512 70943 45812 46099 87123 63583 56290 41626 56755 28066 54994 29795 45572 64052 90445 84336 49106 136 84998 38954 91516 7713 22509 24437 44402 64953 969 26693 86225 52773 35606 56088 40067 97770 18538 27189 77704 74827 85166 34459 2892 40160 
80605 64815 20563 87401 65502 86020 3888 50500 41326 95404 74564 63834 36192 18966 45138 37161 62010 47714 6285 13968 3801 62703 11737 22338 6243 5792 13517 91408 56602 16408 47919 53558 97575 68481 40959 63076 70853 61198 29927 12178 72953 4491 92363 25497 39808 37500 62657 1817 1565 85293 32136 5365 47995 43872 44054 54237 66016 57570 61996 22617 90330 9915 76175 87904 94747 33485 50979 
65599 94682 80906 77776 83987 1748 70138 9483 41555 23989 88491 59723 25553 73783 91859 47269 38129 52082 91323 92365 18097 65244 54360 40714 55573 80626 16888 59828 75373 66724 10807 57323 61405 8064 51451 61743 9811 37940 71225 51365 61929 59715 11087 3833 49849 2945 51102 87977 55027 58776 96693 89475 40371 67405 30188 95944 48030 63427 55771 23402 30150 82929 97077 7907 90992 48527 69649 
802 86466 40874 52166 48394 16940 79605 52227 66789 98901 19680 71117 70279 94807 67810 59754 35177 35214 89941 31120 83243 69720 3243 22997 99869 2523 20073 24127 93515 68599 93776 10668 71416 51001 79186 19810 84292 58790 88388 67432 57690 24419 38549 27969 19225 22710 87722 54401 57923 94014 1873 57517 80085 21467 96865 96306 23989 33289 20432 17503 1887 30559 28171 89655 97911 7356 9464 
82203 82497 14203 65986 40186 54973 20886 84506 74197 43595 88579 28597 1517 98945 46821 75386 79029 68287 72250 75334 92276 5539 12118 9778 23777 42676 54300 13431 56939 78007 39246 39141 60503 69800 21478 689 24772 42364 1546 98968 85958 90125 43917 3827 89069 90737 79212 84449 59024 67813 59783 67651 89703 88252 77428 13480 30927 48080 43262 87865 26086 98860 43357 86589 85011 64835 3629 
9783 23550 5174 25102 9507 11650 69018 29685 17070 76107 8896 1519 51482 93061 77653 19132 82763 65904 12911 12594 13182 60990 72208 17399 87076 87419 60755 73664 72429 41941 93644 82211 81842 15169 7313 91349 26819 92682 21033 43888 85140 46281 61758 36621 39341 39410 72104 38455 21665 85015 67401 34847 46004 39608 52245 49431 27026 29351 39446 99454 87644 33089 98017 69485 48258 21681 77185 
91428 14362 98218 51667 15854 60850 13425 68826 16542 69186 40930 54996 90851 25944 22396 25697 88299 78355 77941 54082 5380 23643 93527 21186 11286 26616 19202 97123 91225 40882 74307 82652 71595 72524 50670 3800 33373 64094 72626 49914 33280 13555 21262 24130 55850 60009 66178 60500 38364 60470 14581 60095 84112 8108 97632 11750 51075 16833 8872 58651 74066 83178 57654 62013 55702 8323 65812 
5426 72417 38437 71692 22048 68343 9305 46177 40544 69313 12354 17396 24028 72823 31976 84123 73286 56435 98106 85035 23861 14939 93906 82511 5356 77084 56516 83720 49137 64839 49532 70914 53607 4320 58957 75654 89015 68261 38182 45910 53926 66887 63305 77953 56061 11633 78427 29346 68067 76533 14381 8280 7823 24638 7142 29530 18073 63658 13250 67209 44848 79133 54475 98454 99804 13431 90459 
88818 98044 28640 34728 51969 11878 98032 46273 67938 26016 41052 97283 94083 33936 28015 18714 58110 69005 25855 87639 87077 89512 17240 70638 34359 96372 41464 49164 96176 54894 39622 1345 69289 68261 36072 37609 96490 50456 234 64427 76471 41285 78062 86905 75220 6076 5618 33329 91432 31473 37319 78509 37336 54559 65498 88047 50930 6961 37210 63457 78206 76832 64802 47495 61444 17225 1455 
57934 67680 1688 22360 60503 42972 421 47407 34543 22849 69377 84223 30632 17201 21542 25492 54536 76100 90989 42582 43381 97949 79792 6838 92507 72975 87991 56353 34418 5215 57807 8703 72895 59495 31063 49749 18818 47835 13507 53361 87035 82883 37583 17667 83 75476 43158 70971 51575 50499 13552 11308 64799 9695 34497 57305 82669 22487 30009 33439 27701 87816 42141 16947 63662 89555 66695 
82479 53742 80202 52191 40776 79436 6126 74794 95871 97953 34304 66841 49528 84802 96744 77187 49600 6439 11683 23257 5459 34169 53265 38897 78221 57432 97390 95168 21093 86944 78214 19924 57037 74767 88466 97813 54203 94591 88958 50073 92544 23261 33265 58423 24414 30008 51961 90366 36446 63643 29974 58257 14163 83238 13505 8735 40670 10894 20254 78114 14190 98468 98037 71226 89586 86503 85390 
43788 97445 74348 10212 6340 13960 43476 64762 54726 73484 33074 45091 26281 96716 75064 84537 27230 74653 14394 35965 31674 41639 56218 9788 55828 71037 24176 43406 60623 10678 28795 20762 24475 19494 30974 30814 49806 90801 11928 4531 80636 45001 65973 6917 58069 41036 7805 1650 32040 22198 37614 63714 80189 10184 73501 36016 81220 97676 95773 58194 24706 40920 78956 65532 76765 26281 96345 
26570 17081 24624 47452 97717 69625 13424 20985 44045 70811 28789 45694 2851 67339 99660 82916 47527 9843 72768 99894 7414 70443 95667 65608 11500 52938 44563 77031 29702 70843 89728 72624 4275 14351 20075 1991 327 49851 39327 60723 37013 84468 6417 56215 68158 22428 39130 32036 32270 11897 31929 56035 98692 43947 21642 26543 96884 82556 19926 42938 69750 9653 15561 74025 40355 51987 92367 
57034 1837 31694 34108 38850 16161 56876 11416 670 79303 50546 32705 11572 62442 64633 67607 77485 24932 5600 4028 38167 88156 23953 81104 57905 49957 13016 48281 6663 65003 40648 80048 83191 88693 14156 38392 21205 71031 49808 21874 50334 353 54578 78257 79146 35562 62215 72983 76845 84167 77010 15012 72322 17314 12467 46578 67270 41835 11211 73932 23189 51858 70332 6379 56902 84487 44771 
78106 55517 94578 16331 22202 11282 70908 459 6779 22821 79025 79761 99666 63191 73122 31029 51864 90435 59847 14794 57704 18033 26004 47988 41221 77861 18319 47600 51114 19157 8722 29219 91025 3299 45549 13227 30932 32808 30037 37710 71980 9061 33823 87997 88604 6944 35377 40467 97379 95224 71612 71434 29608 97615 35773 70829 91827 70443 18428 42940 89599 27149 88510 80624 46799 34058 10202 
94082 83217 40238 48143 71549 65650 81965 59545 54253 88909 94922 11072 2639 6497 99035 90424 36104 96650 26197 6932 88476 12991 41711 31416 18942 85211 19925 99565 48361 70335 26118 42442 69903 66355 90585 41451 48356 88901 996 18961 94161 12269 46384 96799 18765 45418 3575 54868 42067 29771 78152 30543 59113 36214 78310 78054 21425 14586 93970 69785 84920 20087 28579 71175 86441 35515 12625 
34797 24415 29972 70109 18576 42240 16492 31726 61004 61909 35300 32224 3976 81422 26727 50870 40535 62940 29179 34940 716 60116 28910 86853 45036 48996 15431 32562 51789 50945 45186 2937 91711 75158 73045 10286 17397 89536 58364 94753 51444 10015 43328 71771 91437 70054 22640 48323 49345 68170 99614 50061 28286 28523 36913 89673 93871 68695 22234 45659 19639 67419 64947 11349 58928 37991 37987 
92677 43878 12702 3781 11673 22716 47108 83444 30504 33513 22435 95178 82857 90605 94792 32917 18890 23314 86181 8562 33536 54875 47147 79194 90865 30917 60492 18566 89845 14834 56552 98873 58711 69253 2653 86736 8320 49760 70179 38824 83272 92613 34001 66128 99569 28792 15397 34810 68458 1577 59723 1993 72804 6869 97539 63668 37786 74382 82233 43982 89216 55136 42854 47926 40740 45506 51013 
49060 11617 21191 87883 94888 30156 38235 77367 46076 83379 9115 80886 68188 27044 40608 86532 99847 47477 84070 63514 1614 58452 62099 45595 64019 17234 88448 28296 74326 33953 79309 23385 45569 16851 27619 56808 47006 82205 50526 93082 65583 59641 90319 33770 86684 30926 20302 2882 94754 20723 66395 96367 95526 44845 58313 59544 78431 46760 4192 52756 97064 83500 92492 58984 350 36462 32143 
63708 18666 82669 73141 601 58661 63459 50722 61696 94384 71023 64577 5490 8098 47323 18208 19975 92168 76521 95871 70598 39632 62 39705 36696 83561 32196 12031 83910 68657 60526 63969 3674 59546 37109 4274 18206 567 54996 96253 11303 42370 60829 16792 66819 24503 51351 86794 16670 27871 82664 3619 83855 82725 43323 36902 82637 75518 48932 82898 60526 9457 46867 64200 69002 83975 84825 
3559 84542 56172 99811 95844 14894 76991 28987 81712 1494 80337 68505 34515 24560 67520 38134 8414 66596 97808 45315 49232 73326 10598 32130 50203 20055 78996 30754 5408 79322 15579 25319 63863 88102 41481 76058 2995 18472 5044 1059 36317 1733 69563 70831 26292 53435 25316 34705 20030 23124 96371 85614 12801 6968 34095 63003 43374 29442 10109 65134 8763 25687 90452 72626 30140 31932 65035 
33135 50403 86431 34193 3071 88163 20107 90254 30806 89893 15569 81862 26275 55044 78232 11888 84196 1551 45982 63551 44925 75423 73659 10058 84185 15697 509 73162 45836 32440 54549 95322 99195 40979 29514 18617 45493 65973 8870 76298 72217 40791 58159 98491 95834 52742 10378 80030 54292 72711 43580 99216 48133 17238 25625 48670 49286 26133 38183 95121 74925 92731 90443 90471 50061 36308 9087 
