72 71 39
25154 23791 84332 10696 1121 48796 68218 698 86047 47692 60439 2880 76776 67126 90016 51430 39979 85493 37040 95515 58725 63435 52640 35293 67393 92014 17496 24417 94885 67566 68096 36390 7708 68779 47086 25181 17575 31655 25878 19973 79346 2668 22853 56121 69793 12868 23902 26124 14712 60941 37990 73436 40728 90629 8729 8120 82643 42576 48888 93879 10142 16983 46621 17849 85761 93706 59381 19687 25360 85258 39660 
21058 4278 62512 93530 90422 91731 17432 16545 6442 94724 54535 79877 51803 61515 4957 76274 60509 47533 25161 70740 74026 58495 17360 8226 60608 11065 67607 80294 52776 69216 36305 73833 73493 98816 83715 80267 6898 1146 96811 13339 12221 67697 9568 80376 29212 14524 56649 6072 78408 98162 76811 52433 73008 94170 77011 33615 5234 44617 30261 74362 13832 66565 48194 3677 81733 48260 83943 88630 65757 97105 18321 
77978 64802 27888 58353 10365 58763 31353 16436 37171 29514 93247 5955 2522 3768 82965 52488 9002 27581 99100 83363 57765 82017 47908 61441 63749 96168 61735 68730 61924 58839 87050 56253 39992 31289 30957 66708 90052 78662 99496 27222 8175 9094 49528 27048 12861 32493 79536 38214 76425 94987 37928 50541 77003 85836 11981 40751 98355 90067 25833 76630 65258 29234 49235 21601 60523 80191 88309 66926 75204 4156 10499 
83379 13249 60026 26778 42461 92518 22665 80675 85295 17652 18602 35835 94654 20789 64168 51757 19143 54234 77589 12125 35843 23174 61359 57444 48 57901 62104 66973 33105 66259 77471 32835 95859 37497 59612 38319 46366 82277 18993 31660 16280 53947 83847 10933 74735 48014 62689 10230 18599 56629 38706 54442 79803 64 11885 96202 74316 73988 63175 23772 56598 56997 56606 52456 94493 32570 90774 57211 31198 26119 5222 
47477 80065 89068 58409 71151 53433 37450 81380 72032 94078 20085 42825 90232 36500 71061 86434 27168 61400 49608 50939 17997 6604 23897 86804 17449 56466 77577 74659 87663 20047 79880 51491 16463 85300 9899 87614 38732 47348 85345 27115 57778 21782 86291 48009 74633 57351 34442 1800 35102 401 69091 69450 23357 92987 56253 40805 49452 50182 31815 53466 70228 28046 4956 3043 13345 31206 7008 52077 94906 8704 95543 
52683 46837 81834 691 21470 55536 51485 39621 6990 68237 8711 76439 91593 1697 32692 48749 67500 82873 80563 20965 69452 8609 25920 72494 21953 57126 95853 90381 52031 4557 2276 21065 51393 461 38107 72862 72348 5943 28835 79337 74180 37545 55776 65772 55594 88467 14521 23093 87691 11435 44058 57142 20043 86329 45988 58348 59806 41840 65080 28188 46396 83707 49252 14141 84167 87359 3354 56515 9653 32188 35851 
83832 69733 7978 49604 25326 96444 80476 48418 486 8262 8827 57628 28305 95156 19967 3004 71313 78158 84435 99501 24554 68142 65104 55046 68660 68814 58399 25174 78467 90587 77377 62298 76671 85354 28253 1996 98150 25080 66765 98635 33342 91944 72614 77998 3451 92580 97353 74763 70738 81787 90615 11643 66280 55719 66688 34940 24532 25086 76465 19350 15672 70193 81648 92342 55547 26252 10689 70048 51332 93806 68682 
84673 2101 41296 79022 5551 50227 76374 96665 20964 74512 87280 48958 40792 59350 15645 92083 233 57083 68547 19583 89106 38740 17582 81448 10638 43833 8488 80685 11516 18645 65718 12540 20745 7013 91561 26295 57240 67934 22960 94555 42446 26591 43513 99589 85940 75509 91671 86172 32591 76569 5754 21697 31660 23335 19496 58649 83520 27983 39333 95035 62980 5051 7575 83724 28415 15487 26371 2006 83421 65682 12913 
42218 92272 56425 58158 78211 31933 49828 80734 80876 42748 86488 2572 74408 26174 22067 33056 9693 66401 88741 21080 29380 10143 45006 13104 54909 60492 55826 56915 60264 21507 86179 18833 13778 42603 76990 8340 90887 43169 89073 71762 85917 91912 90685 76676 18086 12751 26083 44130 79152 14823 81561 24883 41317 26566 54338 96226 3410 10163 69492 63673 31669 55670 98858 61798 14624 92199 86489 5510 35368 75562 93624 
37636 67473 84308 30663 1910 13411 56745 46040 8914 87920 27600 33796 29236 70518 4486 25461 73927 14648 94952 53951 62669 50621 69160 40818 65244 61359 27307 87106 96726 2868 97081 50713 86692 81388 81375 88602 11150 54471 34641 20063 42390 78592 53859 71626 65461 58344 97086 39387 89343 8390 9690 68363 75362 78849 9181 40606 40207 36487 44063 53284 55706 41143 20348 42397 38882 1722 30998 50032 72545 81990 70094 
14934 60582 40304 86559 26042 14999 99997 81781 20694 24738 7822 89056 99 86670 98236 40704 43229 51074 1118 96512 6779 42260 16860 49176 97494 34933 80173 47525 7477 62163 33970 38763 39096 90626 41673 65137 21976 41669 63269 42669 66406 71090 31725 66505 74112 46312 23560 17340 97386 41030 30203 4164 99641 47062 53339 97134 98347 33512 61010 22175 12026 11332 60937 51121 1957 2610 32609 23932 60630 95878 66601 
43388 83319 14677 26244 57430 60988 66155 74769 58373 7184 21324 62537 6825 68385 15875 20310 83083 65738 81320 5258 94115 92651 82546 45235 10959 85155 94196 51242 62137 6425 17842 5524 89743 48870 31767 47173 9858 97921 38293 68230 21457 59616 47118 28281 44353 62993 48590 43787 45082 46261 65396 39197 55263 47942 783 66221 49448 94978 17463 11584 1402 51656 33459 91145 526 65225 54669 26735 79498 9313 94964 
954 85281 42082 45586 29633 21426 10527 73419 82859 56788 55167 22055 28402 3108 22838 94623 52555 34167 28437 80491 35569 96444 13949 43065 13321 95526 97733 40055 75023 23397 51371 92328 8677 9804 54265 38309 31229 64791 28080 14087 37930 83246 52494 66332 2705 91683 77306 55259 25849 22094 52101 61417 34889 66050 20833 48210 61575 18565 4616 52949 41962 55986 45276 66990 82141 15892 5299 29721 97034 49730 60160 
34964 49327 12653 17647 52031 4335 11304 23641 46535 49749 75742 24304 84637 41791 45136 49198 19717 63701 53814 72665 22014 26151 34292 89003 8292 50183 10653 54364 47216 76734 14523 98531 26060 27175 32529 94442 47861 43832 34435 10748 93580 26528 35051 94569 68318 80186 43766 4386 43886 97579 77050 82251 40082 11341 87606 64725 77875 14610 19088 41442 91344 49963 39973 33755 77137 88853 44549 41350 32685 78983 52097 
42616 5510 87147 37184 90179 67332 80950 10916 27570 94880 87965 26172 51313 15657 30129 16037 93531 44739 51477 51324 52434 1439 7648 2540 94927 96501 47088 52628 45537 42422 21076 88152 64283 8222 25336 70813 91906 22637 81728 35827 33868 86044 78350 85181 1700 8479 17569 11582 69569 69045 62906 38354 86835 70553 40893 81762 83405 4333 50741 28941 63106 71817 17093 43741 80038 58780 14553 88295 97768 12633 40473 
31635 98676 18823 33167 16728 43653 50736 44661 13221 36132 7566 51574 22967 94471 8818 21080 94227 13150 71820 23168 76256 43636 56612 19996 40026 15391 50900 44672 29510 79884 85145 61144 94912 20319 94311 27991 63971 61398 72651 93543 97529 96569 61468 20495 7391 70285 41574 1617 99787 13394 24784 92394 73381 97747 28741 13406 13137 79640 58078 58998 75876 43222 20142 70787 79892 30804 98777 43862 92201 87779 53756 
89729 84347 15223 26576 91737 1859 68149 93354 17997 97894 34489 10390 71275 32236 39130 1032 61724 35122 59109 20722 10997 18682 57215 98135 98573 4370 13263 58786 96570 1041 12541 2650 1740 44115 29225 93476 62326 13726 3181 80322 27971 54022 90712 15597 2609 46193 16629 64332 81314 92089 1405 8662 10771 74971 6796 25695 79340 36410 84481 92261 37451 13373 11263 39190 73840 56839 49017 36165 70564 68550 32838 
14887 22571 23549 30483 25179 86094 63463 5862 67407 55552 23619 92421 82674 98589 99216 8368 94281 51978 9200 86541 89428 22573 14155 44969 96412 70994 10337 48928 57909 78886 81765 72795 1456 21666 19630 42986 7759 83092 48848 91517 38643 72466 83937 21316 87406 99505 46036 81686 51482 55235 84579 57261 77807 98733 18581 90570 69726 28917 39497 27635 7803 37614 16781 25610 59279 36410 84948 67037 19502 50147 74905 
74496 38964 58842 12164 26369 58346 58199 24407 26179 13433 25337 83439 7592 24069 2019 14513 10147 47287 70362 54133 71441 7975 70913 97051 67253 23675 98350 50641 43176 48496 25545 17671 87459 738 29834 30179 59083 4384 54585 85261 17817 79921 85051 41760 20342 87069 56272 46840 34356 26633 972 5796 50959 88236 19198 34563 11910 17547 85203 71437 82394 27100 5460 86204 27837 35293 16383 3272 56029 87319 4884 
90197 83592 89935 31956 3933 93355 4579 67124 44062 47564 68095 66210 98522 72682 85407 33085 944 19306 34639 72380 18051 78090 77839 4255 22279 29484 20637 25550 85512 7955 46785 75708 91546 53071 24015 11830 46426 28593 78953 6839 92508 63399 73048 91030 36081 74807 40466 37024 94112 75104 25755 12162 53194 3594 16416 75472 49429 53404 17373 34940 61359 64157 26999 69256 33580 67365 81086 80005 12309 76390 3195 
4817 39789 76243 95846 92221 51049 36311 45596 61512 27766 71350 90025 80959 91295 22793 72782 40723 76196 90154 75662 53906 54311 19012 23162 4242 86376 20599 598 98685 96988 3792 19853 53128 80034 32050 45348 47434 68360 90943 25297 12477 62293 15322 93436 53587 54466 66217 94310 47013 72723 86323 919 43385 21687 40432 47626 24414 77382 48223 39450 90721 52014 59302 43849 48400 91351 5548 12185 76062 96491 37482 
88539 75135 69155 98326 45073 23620 80894 55734 70632 53616 58409 87902 97000 80095 44685 44625 4508 22066 92847 60310 29139 44861 19611 72987 9612 27314 78534 21796 19727 91376 59277 24617 66510 44783 22942 11583 68402 3836 67316 55386 73803 25724 59639 70803 22170 4324 31779 43030 42741 24626 3339 71879 85838 39301 61217 95449 82966 56103 17244 2693 47478 92873 27309 13988 37655 66603 41922 22409 86790 25589 94146 
60592 67665 53784 47746 6186 74459 79525 49215 33552 4150 68905 21782 6339 8206 82999 1787 91171 39101 35382 10215 2930 28254 37524 33269 82261 4126 75190 4669 90915 17131 98814 67858 84795 68949 15604 7332 43408 95128 56547 93311 15629 25451 15092 21967 50008 14442 40105 57531 69894 75486 67745 72824 20092 5268 6092 2352 25745 97634 7020 33011 31116 22185 869 32262 91133 16472 39593 50892 11599 96139 44202 
27227 37942 75646 65545 87949 90087 5649 61831 76333 97486 29576 49156 17577 51195 71599 36280 76940 85584 59651 26302 16699 81835 27170 48960 89320 43641 88553 40211 71591 1043 765 15169 38984 92762 80713 43285 82848 86361 5115 59180 83847 34690 24687 17775 2237 12638 54055 95528 98221 13705 21829 14920 11892 48999 63879 1211 8991 68783 57773 80582 69826 74889 95750 25161 67650 92815 84797 66850 79175 89912 42381 
79373 40953 67068 97148 59541 79705 67554 55068 94277 81258 76897 9196 9501 42247 89427 27063 51237 58209 84836 48170 44386 59724 60272 85899 43726 53086 70695 10575 32260 76958 69307 27985 34263 36374 25132 93803 32430 92685 48871 26707 90294 42119 52254 16147 84365 41680 43209 35601 16241 28044 83771 60626 4120 44042 62876 64197 97127 33571 74771 45738 10528 44077 73722 61142 96803 15205 54945 45584 24241 20167 88642 
30887 62285 40896 47033 46649 98927 6593 82249 15167 34637 82371 92145 55108 42764 55020 19304 56242 4942 10426 1980 31822 70854 92053 92963 67656 23610 47907 29592 64202 68073 18233 95088 46709 75480 58472 93357 74407 65065 75606 5925 16053 74328 14421 87512 17092 85793 6815 73333 90734 33592 91664 22555 4445 69 31870 72101 23678 96128 18044 4231 80553 36276 15671 27261 28108 90494 20618 2514 55558 12575 24790 
87962 86902 39211 75473 20345 25003 98639 93678 15736 32230 1693 54643 36675 1761 2864 25127 41790 98991 43170 62373 79543 95797 78043 23156 23904 68536 43773 42769 40446 72699 67559 28407 59600 6769 20232 96297 48123 18870 89974 80210 51100 8018 51204 4126 26131 54067 29252 67920 53058 72421 30292 48952 68217 24686 72107 92121 93222 32231 34889 33667 4929 18799 78425 80881 41919 98656 77177 90041 17526 83502 70251 
84977 7871 37806 89102 34001 91873 18353 1921 61282 7125 48564 10233 91693 89602 98692 165 82823 47274 35054 32841 68555 70204 11265 65787 12123 9921 59315 18515 43798 42816 88765 28774 67038 26571 34227 1039 34795 52579 19311 96076 59703 67874 22660 67747 73827 37703 67912 56649 84977 19317 89489 69883 89520 17106 35669 1642 43378 94983 20157 87175 54150 25273 32300 21187 68195 66526 22225 19341 35456 41535 15416 
11510 25761 38076 79256 99587 92130 47167 72588 77106 66483 78428 46988 56003 95533 99008 73996 55262 93990 10504 58788 48139 52129 91087 85678 20323 73964 7902 39664 9419 65789 71431 20928 7901 25858 184 7487 17988 63702 96426 95093 30185 74854 58433 2539 86738 57440 76534 42000 67782 3390 787 15920 55518 8226 17949 92192 82189 25851 48207 91608 7991 19638 28887 15891 61847 29070 39729 79834 92772 36155 91279 
39308 11008 66063 41846 14097 23502 34731 56096 7635 38120 73235 39907 93637 81460 57855 85829 80000 83705 50387 71607 8047 86376 494 23937 48223 45915 63666 28056 55038 99820 19334 10697 27179 1748 52542 41275 25250 87273 13723 49236 25392 86957 89142 35381 84768 46997 37561 64767 47053 87947 36374 55100 74323 53219 79036 22545 15485 42701 66952 86875 58872 2638 97571 86050 4385 50113 27325 45986 53737 41047 95222 
95480 44355 84363 30860 29122 31359 84772 93888 78412 89071 46613 33511 79745 99831 28898 2289 31668 71599 85592 18542 46822 88229 16112 32872 92614 82576 76548 54951 52664 17594 50172 48144 78300 34535 95355 7421 82245 96479 1308 77008 85549 64273 26870 65293 64103 55768 83933 12122 43718 69524 30663 90539 74105 63127 23410 66718 62054 16309 21668 31070 50254 88192 79213 28553 39078 90919 35973 21322 87397 53633 98330 
89297 17905 41551 54589 98359 97318 54873 26833 57387 24397 73847 47926 14853 53325 87687 81570 15379 3996 19589 62800 54249 24132 58364 99154 63209 49282 51478 84531 53031 5110 99212 58679 39366 40762 29620 54077 54432 84492 80909 11818 25240 71107 59743 40092 24432 63782 38013 56162 84129 73954 18961 38377 98085 77324 53882 61294 42957 5360 62176 95987 26821 61387 54666 82539 18500 84285 36615 72931 85128 33875 1101 
10368 4981 60843 50459 29412 40976 4824 1925 25104 78777 20885 79833 76861 98208 33714 54506 41165 39073 16681 53503 65894 94419 24520 48432 29271 25156 1398 2201 26636 51624 3301 37003 56604 80496 3813 2368 37823 8636 4292 62927 3764 41529 42759 80625 56088 76472 35130 13604 31897 68163 83459 14142 62581 7978 62573 91851 49486 80322 10404 76121 31945 30056 29475 4900 26903 33287 23619 64726 58275 44263 27652 
62038 85791 86762 59014 41878 79585 10496 71834 27833 95010 55292 41974 57590 63269 20898 65793 29106 1219 92548 5226 49515 38955 34700 54415 65858 84339 94385 46935 58965 38647 90938 21002 40789 94051 96368 82667 73635 23215 70852 1468 18224 26143 43441 92165 5763 80691 74309 34869 81909 83208 56446 31424 22163 7498 2190 4372 91836 96574 51306 67152 51573 58595 4505 92361 52645 872 91379 42631 40438 62230 44098 
58661 88372 3891 50826 10487 84581 41486 45355 82841 24694 18152 30616 46856 25649 49157 51227 33836 62083 18884 987 13655 93830 5492 6015 46474 22715 97394 5456 63153 59623 65906 21813 64347 86148 88990 74833 87080 30476 36539 69920 55169 54690 16888 18376 96691 66044 85954 30526 44478 21189 31513 58132 15018 53356 64147 77843 76070 77892 83298 39222 53866 65555 77387 34564 51702 66376 9396 38781 13203 62286 25053 
84723 33328 41940 3098 30018 24335 5403 60543 68813 26591 8407 26944 57960 61762 7442 35802 54184 1685 35452 93405 55551 17358 70791 6466 69060 53519 32214 7840 83073 94499 32892 67796 27826 91183 70893 57843 15518 76296 34738 84330 19238 43144 27625 77198 21258 51419 29351 75441 53103 81154 85197 25005 98512 72340 31471 67571 25858 63684 91762 8930 74534 24654 93077 2360 15836 63970 76554 47705 56617 11291 32034 
92206 70787 76011 69403 92044 27429 15106 67484 80531 96259 52680 21888 94770 41371 53358 78692 67228 17041 70454 92510 91574 11459 85586 10285 43646 65907 86839 91351 38875 14481 39736 31081 85267 15746 16835 93662 59526 31940 61145 40057 44551 30177 61944 55672 71547 31653 34364 55127 65045 21169 63988 72970 32627 49573 83255 76272 31832 86445 83974 70706 17277 23710 18138 2544 39455 34973 96205 15333 83264 73702 55389 
44166 20230 33684 99838 8128 81688 50553 79606 46732 71721 43593 19701 20699 93166 19307 13322 24997 22103 97296 12054 39380 21005 30192 58275 76811 81516 54479 92143 81131 44532 63883 25297 81113 13918 41486 89241 95605 8390 68846 58688 80110 28791 94741 17160 21956 30399 30481 63304 52502 44128 91709 91881 65132 21900 50155 58295 19767 20985 66789 17250 81869 47024 42546 62981 77293 383 52221 89250 8772 37419 47937 
5233 66209 42677 38744 4516 73076 69224 84171 41929 13352 92231 50161 94835 30483 16667 69481 50249 37651 52622 67498 35871 99645 26395 98852 76937 43129 67424 66186 51900 21194 30475 73484 87402 89503 12227 8269 62578 97803 8791 20858 27506 1022 71018 22340 31504 87684 8173 98104 41687 60794 65602 77557 60438 8348 76408 53726 51477 43832 36264 19728 65025 66738 9564 68779 56240 21790 93399 35170 19592 18542 56027 
47097 19563 27045 85789 67418 31080 93961 65521 72766 71106 47474 50323 31543 72174 43082 1620 40002 86913 37883 59729 68290 4620 69292 53420 60860 7434 63170 12381 43377 81711 68407 6826 17625 11803 8966 85042 42883 2926 66915 15648 74031 30740 82322 21925 2913 25404 23544 42914 28668 77779 18995 13309 82398 4638 66728 59609 12071 46250 71989 55448 44312 56748 78625 61937 68550 87590 63330 27784 6867 30244 59784 
97249 77336 42105 19173 96600 67508 59068 39514 12528 36846 74860 25836 35596 79497 8916 11556 91568 55165 83545 63367 99476 56644 58343 77764 41545 45932 41094 69329 52798 87689 29112 50046 65024 71216 85570 61624 55076 44637 17489 67603 97835 92348 9790 49782 88196 18705 61337 79763 73869 61233 59481 89697 17876 17823 67460 59421 80106 24905 28749 32903 12594 74212 99300 93969 61779 84869 71944 33206 45858 5784 808 
43692 98131 10598 9825 2679 45654 71161 82441 19523 32394 58274 25571 66621 92448 9382 26041 72554 34287 71141 5456 46880 45352 4756 57200 23483 5976 29144 56688 51833 34927 73848 11876 49410 797 21700 52088 46450 92861 50880 82324 41606 25505 7894 8226 17953 17276 50619 6858 51562 21759 28665 14793 83463 49772 88344 6945 55748 17487 79984 23932 68766 53831 35808 34527 54627 57507 2966 1077 66719 70197 83400 
24676 12054 7646 49254 46358 41273 99872 53215 9186 37982 81879 23978 37796 31651 12321 61092 3750 46160 41076 27681 31277 11258 63488 82155 65885 37347 1472 83313 20417 71668 83064 61445 73 90709 10698 46430 31981 26921 99644 41166 64902 97875 81495 19050 45877 10168 80141 49626 72679 37568 93658 20307 48826 57146 2461 31062 10844 3932 14374 47612 91951 97437 9056 92024 4498 36105 54805 52830 63025 70801 10348 
44279 68675 8194 79680 14551 18361 76172 80528 7391 13740 74185 27697 62565 47682 46509 93626 74877 66792 24351 38841 75095 38139 47896 67118 42636 353 38274 11818 79729 9074 22165 40359 77748 30358 20038 8650 65071 96210 5529 88813 9949 96066 16510 88865 60099 79370 98842 34976 46162 23192 73816 21256 61330 38063 4725 20318 54767 42998 48487 34496 52072 70651 74854 46171 17360 11244 71173 98782 23805 93053 87595 
33753 89118 20456 38969 49217 99825 54162 544 45986 77353 74359 83593 55034 28773 88317 91703 83540 47667 40189 34387 16090 27191 25592 62260 60903 36835 49784 76036 60639 42837 63630 10743 48306 437 66063 13874 262 20224 14417 62599 13928 5127 46192 85314 33900 34508 93368 33791 82174 49909 68177 98263 77099 93768 76875 54353 46955 43010 30389 23945 2198 10370 34688 50504 10807 750 64377 27420 37326 95146 90018 
51253 272 36209 52918 50523 87069 46286 84313 85594 96194 68841 209 89644 78961 93435 43997 25915 36444 90737 49859 38642 17458 898 5497 28264 18000 86225 55683 55325 81370 45701 22929 97994 98261 75847 48516 85329 22132 49181 87275 34677 18021 87483 24320 13333 80917 84668 39247 33712 91756 5458 88705 9214 6355 94201 53829 24354 96778 9512 96030 94499 71564 18959 92492 86176 94805 57360 87857 33288 6540 75131 
67964 40912 78965 8635 70597 59881 93303 26195 9944 85058 31652 98649 10623 54359 9201 64452 78712 5978 90315 91094 477 78230 10052 9320 64405 21208 83031 52261 54495 5922 43743 38810 63186 22707 47444 33782 98939 40746 59976 8883 42156 91628 23883 69130 45986 33083 33581 41049 55413 23895 32142 72241 18476 58545 81560 82881 79752 64591 51493 50598 86864 95236 89407 50049 17942 36851 83830 33233 93948 43806 42115 
52455 51785 82349 21585 14122 15431 71517 71522 70843 11764 20016 43083 30239 78560 40995 13119 74664 21937 64612 25261 8800 76199 14668 58849 94140 67870 42678 27372 61817 2835 85838 14272 54619 68186 52208 68740 99969 23724 40262 70811 51839 60277 30246 82078 55188 71240 11548 29851 9528 76159 71464 18327 52357 86131 77175 62849 70352 36205 6572 32168 39039 8762 62791 10010 93299 31350 95101 93267 71426 35362 80430 
23264 11990 27027 5341 83530 98266 16889 29732 24145 9399 1195 42471 78108 3677 35998 57308 74028 72202 80231 6196 11240 88992 85338 37601 98643 33040 32702 91909 4465 84415 88690 27728 12757 15716 49421 96286 30333 82661 26017 54477 8411 27212 96948 86518 30888 32945 60177 4916 21498 40408 27463 49089 45751 29152 86690 44393 62191 19391 52654 66655 3805 41343 10735 16561 57059 76507 29198 3743 59167 55215 58220 
67577 82426 71519 70447 29665 20815 46975 50932 42312 87382 94746 91400 33133 23898 94441 93877 2440 13831 46530 85447 33988 87873 96181 66900 61283 72687 96098 65025 48205 51312 39596 32133 50089 27466 2579 96105 48280 49554 47037 6943 53287 41782 98343 2771 82031 92783 96648 84471 22966 43177 69917 56953 47401 82449 23852 8683 71487 36301 90060 19691 87612 46007 51823 54052 73473 70754 50157 21752 36659 97193 28695 
89945 55326 43389 92716 37357 52523 5715 38179 75488 65243 8095 48792 12644 6895 88996 37678 78381 25296 44089 98071 29260 90096 66245 83311 63568 36998 49819 1671 73656 63363 30365 79953 18689 90105 89020 72397 42628 94734 10575 34467 59976 35021 83259 88971 41915 88606 43001 20295 13901 87089 34717 59512 93536 17313 42823 73455 54311 92641 75126 44318 56004 21842 24270 91044 11947 29641 79792 54574 24374 90366 5392 
702 41738 88650 6024 83652 77255 49024 20298 7508 52465 71366 67019 62352 88678 26193 35807 59340 35186 10932 20010 7541 49125 44279 14936 61071 90272 94727 31996 14645 1444 37388 31698 43181 26037 37722 43184 19644 3097 63481 43503 71913 51198 26873 34265 39875 69418 86423 15567 4603 97354 35576 12143 46478 96206 27078 23901 86477 38156 55896 17474 39599 93283 49171 82779 35672 3244 25962 71667 6341 5794 31521 
78253 73343 58393 28869 13217 27810 15291 45135 48764 28996 80710 60906 91826 76916 4335 15726 79744 42490 87973 97217 82088 81256 46388 81218 33279 49631 7179 21297 72323 29324 52817 66928 2666 27561 95796 32235 55371 27439 77369 4134 56434 74431 81392 48259 67698 2078 80336 47441 60920 68309 61010 43007 65916 23749 40577 15546 73379 64107 36842 62054 93431 89658 28981 12448 17218 41128 44682 88940 68566 38403 9426 
25000 12833 90817 89610 96882 9246 86298 44322 70165 70958 21683 29524 53225 45431 70100 68770 35162 34206 5611 97215 27636 11620 42547 40084 45189 83674 1117 50481 52240 55871 59906 93591 85055 67074 83200 81936 76319 85849 42610 46484 56806 64292 76007 10030 9723 46106 95151 44884 96663 17113 58450 24299 45084 996 80734 90273 84669 98202 40753 36908 54073 658 30498 39127 84083 30050 21063 60401 32250 80024 23236 
89056 44315 99242 15437 70389 61699 26940 15272 58362 44052 73721 99012 89136 91068 96097 79408 75737 94298 36512 12644 64722 53521 59494 3849 37603 5895 41263 14355 38144 21286 37591 43551 81952 53184 75340 52341 31235 2279 83964 5948 46330 74037 4959 35465 65104 17407 31224 40840 11704 84087 69836 92778 37607 45681 12978 91561 67927 54240 5916 22422 91877 59858 65973 90180 13041 57664 42520 60627 59942 42836 66574 
22623 16872 87884 74440 81975 5290 22015 39167 33346 6102 25354 26123 60060 71034 39100 51621 38960 9691 73888 61381 17919 50097 43705 8098 63137 1368 66970 40116 77661 9805 6689 284 26676 10925 74723 25002 16214 96737 80520 65911 19190 5873 8385 79250 76906 63836 47222 32217 73526 37461 9950 7796 87557 53654 15894 67045 71374 99215 7160 49034 9019 30201 65669 52046 41125 40391 93399 73690 53480 73919 39601 
89021 79791 64337 84622 73049 28173 48195 5265 18050 85655 15214 25846 73211 85220 58091 56608 56593 57305 63767 21978 82675 10319 87647 51072 51443 44389 44470 41485 14220 34740 97437 3241 30883 61773 87862 3931 6297 36057 25547 24347 38063 57113 50192 27626 42332 24634 84233 15276 98290 64351 37253 80964 74670 24899 32035 42464 85640 92856 83948 99859 27596 97736 19451 58478 59509 7313 78760 65805 59721 4306 6503 
14135 61418 73046 41760 20101 97679 42344 35376 95968 6695 88981 93283 97716 30231 41669 56531 15870 50877 56831 15729 78472 54566 35179 53301 30426 58843 48412 12583 34915 52717 19085 49050 30487 92131 7161 50587 6161 65857 2315 18481 88903 91295 28115 86618 21525 69784 59500 53747 20660 16330 69475 15483 70896 21005 85135 1321 96200 33546 13903 47466 2614 49340 96515 49452 57822 20028 16391 63982 85884 18705 98814 
74786 26351 26929 77755 47875 13064 37254 1621 33723 53584 87447 65557 40831 24804 50691 58503 21003 588 88758 68468 19553 38097 81335 69005 12270 17714 85395 92603 19949 20451 91417 11086 46801 18345 88840 11027 31408 42445 12648 81482 12380 16446 47038 53210 57601 14080 28065 78603 31019 16822 63423 50571 71270 61109 35927 83539 95174 21321 76141 15122 58123 83909 26207 4923 18605 31398 15950 50012 73842 44949 47845 
86222 77746 11234 55783 35347 41665 199 30301 72683 17020 10075 23254 4641 71183 75532 4531 66356 13205 80672 81477 71327 64580 24035 76250 83185 55432 8551 49548 45626 53499 13745 48199 47596 24978 3981 82942 66643 20532 13243 55677 53903 23317 95282 58544 10852 70814 63074 93559 84018 60097 91388 55344 41029 15422 47945 40565 70854 56495 6464 16479 26345 20208 64677 73941 61538 85009 73234 44532 5540 2828 208 
59443 42497 95490 34338 69700 82655 13763 63258 66672 73860 54645 22015 14888 70067 86312 71804 57272 42806 78267 90102 85503 14827 71130 75795 92716 72490 49028 37247 78030 68208 53806 53824 10704 65647 4513 80403 48301 18275 60012 14972 92134 14657 53339 23373 1075 39650 11528 58346 98807 89795 64799 661 20973 35928 76455 13688 8417 41835 50934 2798 26394 21091 72973 37097 86738 77485 33851 35038 12112 93862 66362 
20597 24870 36052 43970 25944 75701 71849 641 90859 77995 65439 91520 98967 1366 84326 12654 26135 42512 79939 45284 68905 1030 18257 22353 4119 12093 56203 39156 24204 66417 21869 44801 91286 57920 5122 17230 49972 93322 17870 40831 71317 99661 48702 70283 17378 49379 82937 43512 91891 79227 5148 77147 80256 23404 99500 84374 51848 72054 39882 76052 38470 78102 37204 46108 36022 58677 79689 85993 51998 13910 43175 
23314 13570 8228 93597 30948 73959 92885 90811 82201 72111 95958 59347 68719 35713 58846 69444 87561 47252 25677 79964 2073 3779 17167 48180 56152 92195 27868 42144 44192 41778 1671 83858 55347 26250 77454 2646 208 86690 9809 82408 75152 5766 41755 60222 57831 16952 46018 45391 80555 71694 25354 82628 91824 58872 30807 47975 51066 75027 6471 11609 33156 24493 95466 4854 50742 89271 7500 67302 75960 17308 49709 
67464 39425 7815 27685 97255 41119 90054 58997 38025 61748 84350 20652 69923 59573 67811 34250 26990 42837 40720 38599 75992 81564 34064 80845 32305 39687 4696 15958 31998 38355 65667 99461 94132 89833 43498 7738 47303 33551 66735 85328 11650 67436 5979 97925 27009 73789 32174 53998 32977 89245 8948 25320 70808 59364 22517 19464 99050 43564 35422 31047 81919 17440 46860 92402 7272 6709 139 70927 40259 66873 56254 
68261 34309 62232 66185 77669 52373 14710 48018 1701 3954 56966 43373 91113 16329 65889 10576 31730 9452 62349 79128 7722 79788 25987 123 3412 32695 262 74338 89306 83486 46943 57566 34146 9174 40102 11814 77898 71163 76184 95951 75116 49501 39323 82580 82181 5211 9507 13910 31014 71856 93037 38736 67995 19024 38858 87758 68070 55471 78447 57375 38957 25389 31292 73102 50915 87745 1268 28812 58907 77451 24762 
34022 26951 80436 32953 9131 85646 42460 39392 33012 14315 32428 71747 98661 67803 26956 86419 52225 82427 81217 9599 37735 6606 57243 10836 57520 44987 28455 2683 3894 5905 43797 54267 49207 24232 87220 58337 9878 29679 14080 42889 60345 46508 30987 59005 30662 74294 61775 82886 73072 42992 92485 10806 49597 66079 37994 23468 11065 66448 26150 14958 72353 69946 69225 37911 94178 56444 96248 20407 2474 10327 79647 
62818 73186 26985 38174 20200 1278 99949 3085 74350 59292 11921 85155 25240 77999 23148 48707 89064 5948 91208 4021 78300 77506 89597 32562 71683 62392 28809 8441 64865 55488 88087 27682 45025 31423 82208 65224 32700 82156 68309 7049 57799 96581 92204 83038 74580 31703 48096 79995 37650 39303 367 32301 16808 89964 64863 4842 68707 10023 13282 33572 81862 17720 77605 43239 49142 59812 8462 98194 58319 93122 5242 
16117 6055 13797 99154 80634 45500 47249 76980 99501 2904 77346 31802 36063 83661 13016 40905 52368 39390 70538 2291 21252 4610 79895 80842 70103 56059 89303 68296 14377 98777 89890 30494 4831 3686 45999 1816 65537 9600 78795 65038 12503 72492 13191 64917 56153 42558 22173 24872 81947 92711 27162 19550 13672 23408 391 126 79466 6046 68422 93843 4822 74663 24336 26004 78348 86686 44171 43885 96285 22965 25274 
25139 11808 38464 90056 84312 81021 12228 9183 62967 21290 52696 98869 51313 76104 99259 51439 55569 5304 36212 49411 26477 10874 90098 52480 89221 93136 96650 49457 89420 35966 74730 30911 64126 29545 20966 48437 10565 49545 73972 89884 87187 26667 88752 38499 2770 4362 89937 74691 9666 26148 40453 36142 53373 46903 4974 42594 40038 1623 8402 45809 53941 83132 76719 18066 12676 14036 66502 39593 63581 40473 45828 
50767 83492 34579 89265 86261 55292 95554 77303 64957 38053 17756 17451 91426 81010 22424 50371 21047 40398 58772 66855 94338 58255 59926 12403 87283 73961 95257 26875 53893 52081 72702 4659 35572 23632 10276 38185 78923 22181 15487 60232 60233 49594 77682 51658 30603 16457 2028 51649 56854 60800 34856 51192 35406 94781 79946 22688 68741 75202 49562 38986 27283 38615 43644 62854 62246 70271 1038 57521 8803 32877 34104 
69036 82470 28137 20693 13073 44593 39073 64721 1446 16224 15928 68989 51629 10708 48935 74317 95801 40488 23878 34786 84122 78845 94781 63328 41090 81404 64365 14962 90206 13593 49065 59241 96063 77201 96286 9135 38145 35358 90207 39591 51581 6135 24931 19561 33194 90217 93877 45346 30705 17755 80131 14826 96599 91264 78153 54040 89019 58870 85354 79224 72462 50770 54817 84876 44323 67454 94010 82467 2811 569 22057 
70743 23055 63340 90303 72600 53556 532 17946 84260 34638 14428 15438 47588 5691 9942 1627 94709 68811 3332 90285 57625 54102 45101 42500 98424 12554 52862 80890 31716 53430 19299 18810 92836 82638 25464 65435 52545 25995 83380 36805 60632 97808 68594 8219 19850 78535 26198 30911 47346 29529 37547 21322 99982 82647 63821 98405 11552 33034 95647 59619 2815 31297 94780 95650 30286 20243 61085 82830 62590 60816 19634 
