57 70 13
12474 54355 28192 31857 61554 51626 42987 14577 10210 79604 22549 96450 63681 59328 97727 16818 58180 81773 86274 90660 31294 93747 53151 62606 68698 3351 78363 63225 63360 29184 80747 75833 83538 8938 7689 61443 76915 67027 92371 3477 46630 31271 99926 26663 6950 14004 43480 81482 12128 46106 72141 59773 39852 41643 22378 8549 44993 17092 88125 24704 46275 68871 536 46164 94160 24576 23959 87427 91602 16329 
90903 54584 47600 7180 81246 54549 37536 41077 36030 49663 87182 24522 9436 43385 66164 48165 68285 27509 65257 56410 52212 27883 25280 69100 90399 35792 93675 14357 23218 85277 30685 30472 56212 94636 37651 37457 49185 91538 94885 1566 41201 82067 42440 66988 25451 8603 31504 10088 52463 13112 66497 4675 40995 8128 73774 47745 43919 67448 62101 67136 69076 9137 97607 25287 3773 51610 79095 69309 43147 73980 
70874 699 72398 29665 84038 14200 38268 15542 24287 90730 28653 90783 11756 85999 98911 1881 50095 59181 85681 12195 26317 54756 21332 40275 96395 41456 91884 91841 10764 35031 82172 97989 35729 54569 27654 19767 68769 82273 51660 9407 89354 96664 16542 1110 82663 15452 19342 32757 74632 5022 61304 17300 59778 98987 57575 72524 40442 49458 64364 67557 840 62888 65545 52921 17456 9550 72687 2576 8174 40698 
28335 97528 37361 44876 14989 36375 76679 34330 85484 51310 39352 46787 84962 15481 45773 42536 4356 2566 8345 85071 70122 9185 47958 52018 62105 81766 77920 51143 693 86093 91840 29027 99972 29200 73902 31312 81927 50580 65642 67410 18242 21345 14196 3203 53177 76320 62090 57532 95237 70434 42602 81710 95970 90560 50079 58074 72325 27998 25568 73017 30443 17407 18396 46766 62959 92297 78078 61237 59229 60071 
28646 93822 81415 42841 97024 34591 35512 75465 8474 47100 62250 51075 28809 58220 57986 78887 16293 46662 23237 58213 36031 70031 91971 54426 16796 54929 63074 11225 16165 38654 71295 61162 32475 69061 20354 45850 20003 55865 21314 28476 19316 83564 95903 48124 41783 53888 43363 74427 16902 82951 32639 52932 52981 24610 23709 86128 95890 86782 97353 28407 25436 84999 89568 74262 54060 9922 20112 74062 82138 41425 
18890 1454 41340 14792 65929 99474 85031 9291 73901 1932 8593 22891 54863 77925 63852 78571 80405 76094 81705 94109 4500 23492 79107 10419 97753 49518 36692 17864 39932 35182 75641 58821 52987 33332 89964 18915 32806 74994 44558 23058 76926 53150 62300 48140 47427 26152 26711 27831 2245 24767 21939 23096 48258 17397 49866 46010 66915 86558 80226 6846 38091 72218 82018 91077 5549 71981 9991 38354 46974 54548 
77763 23899 24050 40063 88391 71476 66214 15101 15658 84810 56219 37596 24257 4476 54992 74122 66837 21906 77031 63414 45103 15121 35631 27120 6197 41180 99100 32540 95885 62426 3439 73648 2676 27488 13710 91066 15315 96275 22518 30972 81084 78736 84919 5340 99563 56263 95813 66400 78168 72844 46165 39623 4316 81796 66742 10513 39327 82194 59404 35211 60971 62842 25210 63646 6682 55271 54712 21996 51545 77229 
69320 48980 72317 70590 70671 71879 26852 66484 54630 21372 55679 795 60994 59994 82590 44087 86858 21916 42632 46261 73478 3602 9103 98688 67248 32136 70310 38311 70483 21855 31891 39802 70834 4207 26744 57857 92438 53595 40692 47067 74966 96370 47861 35959 72715 46802 96398 59573 68717 39029 22185 58547 58983 47639 73586 42582 79774 43895 80892 50257 65749 29134 6410 52935 49693 33153 27143 42130 86748 67834 
5548 61713 64203 53409 14024 53269 210 26773 29193 85279 65801 51378 43825 24783 99016 17410 67364 95142 77656 64607 45398 59757 10093 68159 29043 59785 1312 56185 18266 4411 24018 23813 66123 4572 77221 96498 74192 93783 23270 3385 79061 5423 54762 39237 46557 70129 72998 30273 65270 50653 94879 27019 10409 21323 11530 39451 81107 12841 95635 99372 17251 36004 39537 99725 56927 16757 12575 31119 26891 52196 
34503 5951 57618 5616 45187 4175 75744 18184 34447 57366 85189 45677 736 95597 67000 12265 51400 64458 41457 47034 80182 75059 99390 19718 74784 72668 52826 87358 3786 79717 39553 54640 2019 13523 60255 63558 34049 52351 81741 68495 9716 66929 30523 26803 78878 13874 55420 30277 78332 96876 93662 58513 71935 93051 94582 63070 82071 47407 66779 85856 43475 22683 40496 45494 36205 17102 9051 70253 69452 7143 
55099 79167 90424 85622 22322 69301 99495 77741 99577 94178 74616 9590 52690 62902 18993 47271 25971 1063 11030 92749 86918 54504 15432 43765 16349 67988 60867 41751 38241 30318 48894 9691 25837 55669 95312 64510 24969 11159 42250 40897 5336 33217 50486 74378 12471 85830 38000 38441 86892 49029 47542 90162 19885 79325 50278 52585 47312 11144 94336 1904 57814 59581 11595 2 15249 23258 64511 40217 50768 23112 
97465 72456 72680 64302 46833 85150 50132 1184 23591 53375 50213 87484 43536 86449 66808 93814 55385 30471 21309 49720 32375 95474 9300 60321 95475 24548 99930 76337 81116 50698 15800 94932 39505 88480 75586 86337 73629 42069 87520 13571 95443 54084 17406 55331 56884 84213 49144 12269 31036 86804 78340 79762 82278 87640 40082 94104 28539 56363 86793 26007 23412 2592 37290 62916 7423 12875 65604 81052 54943 69476 
10974 50386 23559 28380 22068 96795 28944 71211 25415 59979 74366 3754 39740 72995 7745 96173 83451 52636 52536 70243 78642 92299 89186 32283 55215 96609 45158 37170 94012 16452 6645 21337 83189 46556 49716 5256 43350 95012 92818 68764 54990 67184 88869 11082 56530 96614 7254 39980 49249 76141 26574 44242 68440 32112 76524 40006 45072 38033 77175 55435 54485 83820 76771 37673 46727 42839 59281 90076 37850 52098 
75191 9191 35633 80411 20272 92163 77024 43878 48494 42624 20018 91420 86865 4809 39883 79741 61166 84954 17773 38341 56740 72257 38512 33510 26282 85238 92700 1914 91665 30549 54011 83207 56092 5996 63617 92715 14510 56993 36592 63003 99616 72962 70774 86481 94122 10656 82573 55288 11961 345 9980 68700 88954 64843 18562 31587 66432 11261 33500 58096 58162 87510 57654 14253 93505 37622 6967 8014 94614 59911 
87369 94230 49224 74494 97062 43345 85150 79634 14984 13462 96330 24963 82162 85283 6157 723 16869 72588 11983 50368 47035 70144 54230 21040 748 64086 58662 24067 88452 53275 83977 92172 63856 33200 66665 77269 92896 68166 73254 7880 81628 69584 49194 63789 54866 55351 80863 88087 44290 9197 38454 7677 95693 9035 28716 96440 73121 87377 20506 77924 57004 20834 70095 20859 70385 53111 14480 79633 21277 87733 
87512 2904 57316 53057 83044 28534 24759 80258 16620 85401 89454 71425 93077 85146 80460 21792 97938 69932 25521 34795 47855 82524 55629 34301 19734 42365 87411 34213 21997 8687 38298 25860 27942 95613 78917 27337 24146 20027 23946 40765 5427 13400 12190 98503 14897 9001 36647 12834 78932 62167 47629 43138 61042 19609 77438 97127 61973 81200 47692 322 6239 85989 26181 50532 97953 21449 94221 22099 41476 18166 
79215 46902 31565 91404 61757 62814 16756 98403 75647 95687 76921 23275 55176 54314 59235 48965 67792 21208 30165 15483 37881 36403 17823 80413 3286 15776 1862 97506 54226 59689 15672 33440 6590 63588 41196 68346 26401 57951 83100 18400 69990 60020 41674 25165 14333 17261 90482 98477 38468 20646 13959 92700 73400 48134 73112 76685 63909 74973 90543 18134 34661 6214 67925 57603 86153 9120 42300 28906 83423 25400 
47305 53412 1771 5330 94928 32456 22590 85409 30932 77409 22406 61242 70108 12157 9375 43220 5194 73283 34544 95736 7768 85557 18301 75693 43159 4453 1164 1810 33358 84586 43561 80662 54349 45332 2344 49277 94139 24933 51037 25070 2342 73443 86311 72449 85599 95686 32020 90792 85320 66564 2879 9440 52120 21179 1484 11630 41984 2647 29791 75341 87233 73352 72355 41581 18683 74698 7209 12821 15982 58246 
54242 18323 48040 40552 7124 49990 52589 39143 40782 54261 5706 60012 80052 74177 81191 81535 2158 23174 84181 31949 14866 87765 5300 3572 45698 40334 94621 69258 69506 10603 43855 23747 28925 91894 80650 52400 41884 33239 91543 99017 3851 13600 59028 83902 4129 40218 65436 6286 79743 65968 38234 94609 70085 59885 14532 15782 218 9153 1391 69723 19755 45246 93469 65031 37139 74119 17431 79022 23709 25325 
94390 43911 38924 53418 27812 43052 9987 9599 49338 89730 91918 3923 690 62002 63808 15221 94135 64025 40725 95526 50100 60479 40771 43568 41862 77909 34038 75644 73283 74098 968 84024 18008 39891 37441 62171 99295 63780 71769 48632 69861 63687 68906 70550 42040 32713 2122 36175 13090 59199 31700 63189 19677 88822 23108 77890 83082 73498 53533 72716 47595 54500 56740 81955 10743 10532 60477 10037 74311 32246 
75020 44171 12284 43925 31072 54323 92990 49546 6849 22431 8744 38548 1971 44772 27369 41430 22662 10451 14927 92546 83166 78874 47046 56257 77180 74140 66789 37656 84176 57451 86253 59195 1622 14888 19471 49045 85563 28812 14942 92411 51242 40037 47311 53212 84809 91031 94642 23822 1481 25920 32719 999 21145 79764 57255 98324 53903 40395 35980 54430 97846 38584 29976 15819 53472 49447 81215 39034 78258 96157 
31444 45852 52545 95106 99063 37353 86137 10056 77526 3969 52328 10245 4967 73472 6360 78574 71796 76615 35320 24127 47396 33165 62710 77372 48983 16181 43170 46550 71566 21427 42706 19362 83630 95250 14467 82693 48955 603 9100 42832 4572 61427 69428 25890 34899 92140 20815 23046 85106 56135 47172 32501 89299 26233 26224 54634 58766 69393 1183 30331 7172 60240 49692 90801 71841 80511 89845 37147 81113 15297 
79979 2036 76723 65758 44278 27973 57897 65092 51018 43002 21226 14541 91855 26877 40774 18078 97862 99539 3823 15396 46221 10994 91987 12265 1794 63827 92775 7991 974 90239 23287 80952 8627 16361 63061 52904 44334 20958 17995 11703 80311 55573 26244 72165 98801 83369 6595 13014 99259 10417 28409 45479 21410 20395 57743 39555 573 66869 63897 1546 73460 87183 98849 98438 3544 61910 51341 47877 82867 85687 
75931 79529 57611 2174 68046 72763 85542 74640 85776 84800 1408 30536 46631 39169 50930 20725 78723 51503 3946 42620 69400 77405 46154 68249 75842 49697 46510 43534 13925 45728 45572 89856 25256 3183 8381 93301 75945 10275 84292 78073 11426 85699 8608 58056 24867 59538 78781 19942 27392 82726 78913 13143 76482 25066 81391 68675 91115 44252 12208 5039 89979 57779 11246 15235 77313 35979 24887 69610 46253 25531 
47682 74030 11229 56289 32086 52448 32178 27218 72389 59569 26295 51301 89064 19128 92718 86806 87802 83832 31058 16361 5223 21036 90491 32820 52622 67804 68798 93861 53765 31402 19391 1446 5432 46971 57734 53869 99418 89912 97438 88158 65832 40084 55810 54895 59211 64880 58053 47012 48711 89110 79724 70285 26497 70214 3105 79119 54369 88254 89331 8133 36008 8721 9578 41439 72043 83664 11659 87813 89927 25448 
92322 55758 65531 48132 27005 24741 29363 85057 88104 78073 90518 84179 48358 17014 54392 67814 12484 8761 56067 1814 33245 92074 26886 59175 49864 98929 42838 77874 3093 32764 3321 95414 4873 68851 59897 48229 9943 89259 49637 14398 83684 40154 98576 48393 73520 52968 16206 86003 78080 88624 87817 27676 80698 31054 86850 46913 46334 29687 24787 49426 78802 44459 61192 27 13310 21088 48255 39604 26699 14244 
54002 26734 70749 52577 75126 44268 21896 91331 30271 16327 96306 34439 44003 77003 81844 30852 40268 28178 76891 81406 77603 55692 25864 55146 55718 39173 92586 3973 95129 19284 34568 49130 46017 5316 18058 37494 49584 39954 28824 96206 56280 25129 46996 282 18484 28839 47486 75103 57016 24376 56508 50971 80067 82371 6116 52137 37896 98701 72461 33024 34336 7028 98505 96704 12343 16562 34197 61926 56515 79372 
74483 29147 20853 21478 45780 55688 50317 93265 30790 7332 33992 87297 74654 14059 86019 80770 66195 23914 95822 38655 56937 46510 45682 55441 43213 74376 88355 93762 52654 61221 73133 27136 90367 10337 48614 52499 66024 15282 62115 96813 22613 96107 461 13619 26517 86480 10740 92711 10393 22913 47717 83682 69422 9750 55474 28987 84125 43828 39100 53130 5049 12232 80266 11767 38921 45231 64265 4944 60512 42732 
18109 99476 38838 18569 13094 65354 5048 23833 74416 31793 46746 38484 15474 16167 64585 70947 61505 65061 14775 604 18191 36175 29188 98456 47941 68108 43686 28558 89403 20549 71289 7511 20024 26478 26080 33118 8183 31127 56950 82598 79271 20047 37433 94744 52566 2017 82043 14070 83429 13169 31026 1619 49343 60213 16426 97283 44672 76463 42192 34074 97011 13480 41585 17035 56309 67664 50152 64491 15142 23453 
63440 94413 43500 872 5508 96065 19240 87550 26486 2669 718 57511 20639 50060 17723 37065 63695 62394 13527 22238 96468 10538 52070 54404 43924 8378 22067 94075 72869 53560 33879 36308 64324 77378 53532 69832 89794 72771 57381 16280 91791 74451 73790 12430 40862 7865 49494 4556 86610 79372 43146 99429 89909 95215 53832 33832 3592 92250 44258 92812 45810 78137 29120 10133 71866 82651 79964 61660 71773 53697 
94291 63564 28147 68080 75993 69008 92296 25486 89916 78906 4857 49413 78334 11118 44627 32166 61301 64570 24415 21911 57382 86576 16399 86501 96709 88264 85503 93024 66275 57275 63072 76917 20838 7570 44997 96830 76578 53644 38667 82845 32549 43524 32257 10883 70993 93235 43048 32293 57804 83814 70555 15185 70390 86953 18037 83450 75217 3539 92825 57843 60814 55897 34760 81651 63466 96108 94833 56395 49751 33499 
55591 98652 93374 4199 9534 64366 97433 68933 13011 71589 69098 83565 3125 39487 70518 21162 39288 62086 24700 32113 36280 1865 88009 87391 99868 51474 99850 94700 24221 65953 28198 79811 64604 37924 84010 74137 2289 81442 59421 31651 69382 28518 31568 72507 84357 18437 93668 23644 80522 34719 72108 33153 36584 60116 20544 52803 27942 20393 47502 52162 2697 92051 31972 67300 29974 32333 41436 32263 30127 17208 
80265 99508 45726 11832 72014 46434 30268 82033 70077 27141 16752 42185 60294 69687 18652 97189 22489 62945 33933 69990 15106 36630 62040 63430 3929 92014 95762 61717 40628 25888 78924 37244 41748 41001 49076 13761 87434 95695 95794 73863 22836 28897 32399 99481 98583 51050 13021 21071 13995 63305 7412 45452 99934 85803 25233 20215 94168 37347 98283 51147 79586 93558 88391 21333 34559 53818 35094 38344 49512 47239 
12206 88699 76135 44604 4531 74717 12006 17551 12139 42352 80856 35902 4155 97141 21704 29388 33707 32224 83086 31989 83370 62671 25547 88112 84004 76457 41929 35449 14800 7793 82687 43358 96491 75173 4313 17374 66241 16318 34924 94731 75021 32131 30632 79176 45624 68687 24915 79330 910 8000 27671 84280 70670 69569 72391 71025 62377 30672 6473 93528 38464 5511 36885 51306 80683 57550 68679 63275 73867 19955 
58005 65240 68437 88636 60767 14060 57323 85681 9742 58232 10032 53764 58863 97053 23332 31254 68078 85708 78277 90902 79235 16740 12765 32472 68045 9799 90021 53076 73074 80239 73030 31078 61830 57818 36066 22596 88230 93388 24628 97971 67971 51011 51734 26834 48064 91417 74439 32493 93476 52715 23394 89062 69454 52510 21533 53850 62309 27905 23277 35382 8144 12658 66459 69973 70476 2524 8921 58705 12263 33548 
73027 80234 84559 41112 23419 48974 32528 97857 81466 26003 66923 21211 31416 52728 73721 52949 6577 36029 97205 29854 87762 21700 58863 70572 8025 29338 73096 16945 88042 1710 66844 61068 98295 67754 2179 21713 16727 51058 35921 14544 93412 2843 52107 24828 55570 25827 94128 62147 78207 91332 8352 65968 29384 67214 36539 37408 12904 25986 70704 17297 27696 37547 94717 42342 5301 13247 64055 38379 64305 99975 
69275 74068 2818 21381 98895 58387 47207 9374 36885 41765 17058 61588 7732 46441 45154 60622 83848 74409 86608 54551 91705 30655 8449 86421 72996 30101 99668 53402 84832 80324 53377 54106 54391 72546 75486 69638 47284 39044 79011 521 80808 96068 78460 4891 58860 23613 65512 59059 98021 68471 29961 6078 15477 38410 92498 4825 84862 8517 58226 69693 88840 27954 40150 43231 499 15635 12868 64135 71030 8230 
64655 68189 4298 43114 89431 79509 83079 71295 38568 97451 39765 68528 19880 71594 23289 12378 76418 8151 37246 34643 94195 26086 78949 34345 85668 95799 66331 14887 59933 37361 23116 40939 21901 43765 405 11332 23274 99835 82626 61841 97285 38742 46720 33517 26687 70009 45894 3104 94511 99491 54099 88705 25576 33047 23049 27595 28845 89380 42481 88778 43092 81949 46068 64992 25713 46472 92675 48986 46306 91652 
27178 59943 30394 90250 93459 57080 76610 55704 76536 71120 71546 30634 59824 13474 63680 99225 41068 8876 4956 99901 14005 64399 81849 60073 29390 7561 22896 38417 72899 85554 30068 16428 45496 76813 6677 55306 50245 83286 27361 26780 54405 98906 57413 30581 12379 37444 46157 69799 46319 51112 69699 60324 31862 51547 36748 61251 75459 59643 99667 48357 45196 46087 64785 7043 22899 71461 78700 73143 71099 22412 
16274 25503 21318 90038 72435 50048 27481 34943 36198 90152 2406 5896 66827 34267 73794 3574 11870 49253 79568 27888 13961 24764 73974 78745 48158 96873 66558 26858 86367 37656 49269 18993 79510 86938 9030 68297 53338 52863 3239 5887 59366 5645 28135 26192 39911 1928 46117 51780 67532 25684 79668 81493 66799 69993 60237 14957 66865 43146 58166 69584 80801 23786 88576 76663 27076 13957 44959 96765 66819 48197 
2651 26184 53841 30785 52375 10104 49065 14843 78235 16596 56879 74254 98088 23677 44247 74677 54985 27463 34174 29502 97046 14975 53288 1973 7989 96715 15930 52947 93479 99100 1143 96129 25284 71336 43266 94010 97791 92330 8853 76025 8925 65731 50279 23365 5759 10877 14393 60744 38339 48566 90245 51737 79892 59884 53709 87880 56598 85990 57178 66428 85090 58321 62557 10373 46008 22174 20734 60150 14503 29586 
36174 39779 11668 2804 79495 17427 30032 10239 94522 68371 58805 84766 20107 55048 61002 90167 59280 17599 76157 16457 84027 61246 91129 62935 87970 37136 1460 8703 97285 15962 54641 49811 72092 66308 68966 67939 86 98998 78177 94607 83720 53333 95725 3826 8381 56726 93992 67660 90676 70148 84116 91054 47745 75245 70340 52066 28732 71799 60769 42369 4112 31761 8531 92556 14420 93848 60494 14506 92845 38670 
9112 76564 92003 21188 96741 16735 94265 90733 746 1293 77232 1213 8698 24977 92809 95390 77042 21541 83540 54162 80261 87652 85922 88791 96559 342 82638 57052 31199 91835 12073 56662 84750 20427 77850 81491 37161 88466 88575 37906 89758 65806 55471 98456 7134 48279 93845 528 69819 77384 71041 66431 81387 73315 55221 77945 90008 54211 51348 21206 62397 79773 77867 63498 199 72068 61340 53712 60534 49914 
7969 66643 32072 63439 81450 39205 11718 75294 56084 97888 69030 27125 80671 66768 439 52243 61065 6798 6453 28764 28003 85201 8536 22221 48699 25087 94289 10038 95150 71174 76304 3118 37816 8375 82909 19266 63931 10978 10911 20015 25217 96292 63491 5887 63060 80281 58130 40476 87078 80934 69239 31432 82487 94127 53652 31185 19213 64292 57574 14362 35465 33877 33831 89633 42251 33091 25250 6182 60420 36160 
42548 85637 48804 22390 7875 11863 2670 82356 68690 6099 63290 37928 37530 45776 32054 91181 93312 67618 71825 50885 98331 23641 84762 48514 13273 43364 97956 38522 65897 58376 91034 8444 60364 39837 47185 68238 68051 49854 50594 36740 55952 30235 91019 9833 92362 39425 17366 85673 7042 89190 36557 21725 12830 37670 70238 42455 97386 84545 97328 63282 42920 88361 88078 3283 44549 35262 87873 28951 85116 38466 
65690 57419 85052 73061 83604 77413 12485 969 63085 35878 6510 15993 57602 35691 70015 44191 78145 67400 28736 91825 47033 88007 80185 35110 7642 41086 70372 95514 70036 71839 50331 52078 45609 35382 25138 29212 12794 53974 46532 92230 89851 69393 24574 63805 5084 10940 24347 99580 94691 69434 91404 41724 57441 71589 76833 81434 29026 63556 76947 15413 51746 27277 67490 97355 62658 8979 42918 91803 62952 5802 
384 69155 75194 41309 32959 80277 52249 73657 79857 46939 43091 71260 5014 16883 59200 98199 98316 4577 61754 91614 19990 13500 18890 87479 27206 97899 96458 70123 6053 59409 75924 22788 44915 51118 64096 77873 47746 32696 67882 27602 95987 27324 15214 1000 44206 74413 99198 58873 78990 77304 50486 98979 90803 85727 2809 18008 83625 99266 4482 6029 75027 96758 28816 19941 47875 92911 14166 11972 41959 98399 
55926 37945 25722 71139 38944 69927 61903 54494 45151 57244 31797 11988 72574 38951 97714 75383 56958 97690 91000 77791 3718 82378 74548 32533 2319 38774 41795 32836 50746 83753 31234 6671 38049 56955 77809 93345 43233 56063 47838 4735 13307 95986 16722 85880 34936 14435 61262 8245 12124 52262 86035 32193 34639 60583 81077 53309 15708 39223 2496 66453 22976 50081 89475 77376 23387 83635 70720 82971 39698 34909 
87705 53004 30894 20778 55235 82181 35212 16497 6777 63687 85110 92812 12231 36100 69746 93307 5761 85453 32530 24608 68258 71857 74689 57732 49232 14427 57719 36304 97398 97416 71212 1454 66771 18458 22232 22005 16990 73795 54853 23767 53834 39962 16578 66064 92414 2675 59371 98174 4479 8252 22781 72736 96460 13821 46820 45691 28248 20890 98346 41997 18305 69558 43450 1427 4367 82033 23431 21356 55828 94636 
61474 9661 50949 94403 75724 43362 97077 51446 57887 17908 76049 80668 90643 72508 94488 53814 34551 39087 74703 32896 81083 9359 18805 40885 10785 23171 22917 50568 60879 78744 45203 22352 88404 96151 16755 80480 55865 30183 48277 13751 48090 40678 10770 55085 13185 5258 25250 64087 60696 99953 96983 41779 25663 15787 82663 52800 55310 5579 3367 32540 675 64921 54891 5430 77423 87997 2261 33287 34532 66890 
63390 82621 7567 74159 54057 37103 95768 79307 1190 56464 95611 14524 14594 21273 30310 13608 74072 1971 35538 93790 34510 36212 75062 89401 57994 52485 93749 60254 2123 44632 27143 65512 27253 51061 56023 97661 88164 51790 76967 5705 24605 88929 20228 39198 26554 66889 69157 16977 68860 4695 10767 3369 57258 2180 9121 15251 71016 19222 91857 73139 63853 18999 55002 7457 86412 11024 5118 90927 79166 98436 
96631 3770 87365 33210 59320 13918 98 28476 30894 68957 33170 58012 88678 90428 60192 97798 22030 31207 33371 13886 20697 97224 49237 92051 4680 35648 19426 26149 26574 98591 24585 39556 2361 28301 72765 61680 58570 72862 90155 5815 58171 39677 63827 46848 46456 40370 60997 68485 87928 94368 82371 8625 7943 31607 675 28974 83606 36452 55123 26531 35043 96059 66086 53755 24359 38850 31786 99280 11711 38292 
5094 86233 77968 68920 33080 24423 25641 94077 9260 13569 4796 91630 38545 29090 39588 55571 58063 39545 92022 13185 66075 27064 25595 32160 97170 49953 71009 28955 65584 99071 67247 70678 85304 61566 39597 34735 2341 81590 45163 11600 95158 49958 19581 33702 79047 75520 89272 53462 15064 97645 66646 81138 24709 8593 29649 38230 58545 17009 67185 40481 16079 50783 11158 17734 28700 67106 52469 47392 48695 97631 
58991 43852 63941 94923 93905 59339 86794 99528 12800 1857 97173 95798 99346 38233 4390 45346 76462 79286 62354 59998 19766 94785 10780 30923 12518 55832 98029 81338 3223 46723 95321 62214 6927 59261 73488 17183 34951 60282 16711 64103 78490 30235 59900 94188 68467 80641 39533 44928 59926 1887 21278 96044 13023 32057 26966 25540 87888 41346 23230 91111 4421 18550 69676 27699 94162 59515 44881 45464 36148 77943 
9566 14638 8177 69465 8825 92995 50105 64709 54275 26383 66595 75552 22426 79617 7608 65743 21509 11848 7089 44738 19310 27861 79639 5337 55559 73800 64851 439 19263 999 78382 45181 31988 2910 14645 57164 95905 81102 21872 50179 23836 4819 25730 62613 84435 49689 28355 22295 61536 51795 83384 97197 79655 79374 2533 51565 69525 83736 52004 5140 1086 46737 50320 49425 65998 81316 6588 61902 78769 28459 
28432 2604 33277 54161 65216 34064 3850 9923 72710 81737 61717 56094 95286 57724 35467 14170 9288 4992 97905 77643 10131 15342 24379 76802 64766 6729 58117 71353 68630 36886 16164 97062 39489 49440 67574 21057 99855 87775 30979 72565 85864 92695 45010 81149 66770 96828 95318 76058 1819 9575 70052 28301 41268 10783 5102 6034 17511 63219 93738 86140 104 26253 99553 55944 92045 67127 77000 91899 54901 24330 
80815 57116 33377 25824 38264 146 22652 49934 92555 40822 59508 62607 69123 775 73389 90576 23160 90899 70146 33250 93390 86601 59502 92943 42545 51546 76421 35896 59797 47673 60226 40611 4789 9954 66435 43052 10099 5438 92985 2654 46259 68844 81612 31733 85971 55000 22309 25482 62250 92454 75083 55639 79055 50937 48581 37951 2482 41353 90198 78630 89026 50423 19241 93814 60376 2027 53217 86827 7464 62554 
