43 46 9
13426 81828 17878 69384 15026 17836 26192 21670 80705 42315 32220 56253 73584 56817 22333 51819 4775 20575 5098 90229 98040 6002 83738 14048 90719 3529 55757 85819 13724 46054 38915 43501 27881 56792 12884 59258 90980 55428 80927 88036 97742 13146 44288 87677 86314 82973 
55848 91088 19899 77297 97669 17938 83298 97758 31985 90369 17638 4093 92539 47713 50146 31454 91213 94378 4597 20449 53635 95576 92228 34561 99964 89969 64059 60603 93997 50372 43575 66196 57812 63473 43493 55480 97762 43142 69589 29747 49862 87226 33839 42401 34939 337 
73854 42503 94714 78450 62951 48349 90378 55178 99261 90341 61498 63319 67295 71847 13691 10870 38042 87854 90694 81534 59685 88456 41028 29273 34554 90889 32850 84744 33289 67788 85080 23494 10291 79794 18296 89593 44494 25025 61123 43754 31717 38972 7073 99011 27170 37115 
26232 65212 24968 16926 63097 1004 21733 4124 30276 56286 11365 63125 57381 61005 47265 42461 84499 73907 22254 19146 79851 66747 44170 40973 26852 75886 96297 33924 91248 23466 87390 17480 5029 28709 50757 84478 29712 72489 4953 76339 45126 16317 39464 2506 77322 3080 
61318 78172 76986 99923 97317 56836 83021 57838 14161 9873 33723 10457 60148 24970 50274 47538 58801 55303 92598 9557 39780 22310 98397 44732 98648 43522 77401 54463 62380 71074 57542 23697 49245 50879 23620 62913 7715 22992 20750 38227 32864 54472 48683 93012 95793 15308 
56901 54594 86962 49498 64150 26741 88159 62547 87825 3159 22420 81577 57621 1151 52650 31515 41200 1894 98745 64819 64806 22811 4162 85555 61037 37026 56378 26071 30037 52170 41379 86937 23115 28340 52786 3617 71433 40945 82515 75609 44103 4934 57185 18075 22437 9834 
65941 63636 11727 64686 44806 92884 87496 48967 78438 64885 85992 34815 90955 32380 3336 48685 35668 26451 93377 88454 46419 64809 29398 28933 56769 89852 50218 13953 7926 72654 23786 90219 36289 51864 54904 81094 44747 58751 30061 39536 23635 16052 90702 30942 64784 94037 
95978 451 36839 89354 88904 99609 70514 34653 28541 27282 24504 78759 41234 48782 51412 81371 39000 4053 49586 93903 85146 10684 69005 31558 50219 8992 63962 40920 39933 28745 51309 52262 29195 4499 41616 18099 4108 12129 52751 32648 55763 93607 27758 13348 42388 95522 
11071 81387 99574 60656 91641 1071 71340 60645 32629 21558 85988 96590 78830 42272 25334 46490 94534 54528 67340 36149 88978 71447 64629 58081 20447 20391 51687 64556 50091 10426 60077 61161 91812 76002 21816 99804 77073 93155 60448 9701 31065 46436 22642 26246 88707 64327 
89087 83240 18854 56426 35740 24184 44225 16721 98616 64671 37111 66654 45578 87201 77079 5655 48361 85242 98008 86529 85045 75080 96035 45492 1132 43451 8279 40125 69696 13338 4451 58782 12929 39657 31560 65021 63840 75784 81741 62455 56806 35203 29108 2383 22404 22538 
24389 87116 7779 38749 89996 92823 13828 86031 54666 31312 29481 79297 71436 15529 92634 92239 90662 21914 31895 22221 86934 95734 14356 68674 74540 71161 3877 19999 89896 42632 42536 30636 46099 66666 69384 36095 59488 83212 22125 30505 30875 67957 9801 18662 83485 18786 
10900 74147 57052 42794 12719 43985 54879 27075 29011 29418 98235 49239 65768 4482 91870 24655 35118 54320 91320 4501 6766 67159 4064 28890 97664 34938 13199 23816 69952 96683 58954 80851 87181 32357 23645 99900 92693 94875 26974 21703 40645 41560 87293 6412 46042 95514 
31067 81159 49834 38738 2011 56599 5897 6075 1841 19912 57364 15039 60079 27315 28073 35384 24518 15254 67740 48162 31505 76785 59388 74830 14839 32 16389 2132 6444 78782 97645 53862 76292 63830 8951 78303 20429 14847 729 38621 51110 58092 70011 27541 1759 14435 
79276 26276 29688 63368 90789 77544 40152 50176 52373 54990 50208 85114 73473 73003 63895 71118 43216 40187 34947 52166 34841 71727 83365 35569 26699 50826 93660 96709 78366 11770 11144 57642 38045 57183 21009 45185 51079 77512 95361 3451 32501 61920 88564 5974 51274 68811 
93443 94489 8997 44741 63006 43837 32820 46370 79405 59518 97196 89416 72579 91913 17538 74 65906 71934 73608 3266 17119 24686 80777 28831 44489 29630 7102 33052 35603 58375 18214 45397 69215 27210 90137 32220 87398 22956 94942 83154 98826 8489 88922 71404 401 6459 
87829 82659 78392 61436 85924 11862 86122 66701 40692 30610 96330 47793 80013 48284 22519 98227 93680 91733 41788 83816 40305 45538 23124 35246 28691 38301 43734 17612 26056 60486 40422 13884 43144 35166 75319 29068 47027 77792 12120 4071 8401 8449 68215 4766 56732 90734 
19344 66763 98818 61131 66930 39122 6668 90053 90719 51711 28353 34452 69322 70760 11290 26096 84643 70785 61261 59962 16204 8287 37753 28323 28709 62506 36771 96924 83623 9854 87657 2966 76616 86474 64096 43546 41948 87116 49950 32666 38826 94655 83470 24499 65414 11111 
50594 50057 81895 11854 26370 98099 36493 80474 26421 81553 59331 79544 78476 42953 5749 82484 45918 82365 85310 26366 42262 27257 13481 92211 59922 52306 3217 59743 93156 68631 70853 43750 35039 69100 71955 77760 67198 24799 58233 9970 6352 33916 89513 84827 76868 11614 
67311 39138 93978 68972 65503 52591 96228 95335 61153 72501 63992 64370 32244 57147 33000 19448 896 84390 88547 89203 62149 72096 14001 36733 82066 20352 70648 87930 21531 63868 99543 5193 19357 9872 74164 1211 62462 86743 96545 23615 59243 76888 87984 7838 34034 37335 
43638 51282 21724 32184 40484 224 20632 54484 36956 2697 91188 23956 6978 29070 4175 6521 34262 39883 32744 24777 41093 95206 11519 53989 35172 70761 30876 39507 94951 64909 76841 38588 16190 14916 87123 73025 31491 7754 27509 68446 26802 35048 8753 33780 64117 29279 
40300 14730 69161 89395 39506 10253 84600 67376 64241 36123 54488 11468 75629 49438 76377 68821 4377 8918 88 91500 81943 31578 15605 25803 16376 42407 77202 25128 76186 57670 54407 32837 72399 39919 22231 28256 50172 23183 11983 30764 75657 66470 42232 51286 32260 34960 
36458 36636 60229 36546 44487 58523 84475 76444 677 850 18850 77878 42330 95035 35547 13088 44223 24297 53006 66453 68904 3177 5987 80886 50293 81644 63708 8876 49281 95967 60187 85738 48954 36767 38635 9793 95290 23110 86236 12318 40311 5085 90196 82640 16471 42094 
95727 60693 82743 48733 43497 51646 68261 49484 48884 34905 47479 12591 43780 96759 24909 20318 98848 90214 57085 37483 6 52374 76944 2593 64691 17254 7677 71238 16246 40499 29684 11972 1191 28778 77056 61040 80423 45317 10523 45658 96573 58001 74600 40353 71111 99508 
77022 69958 89722 34106 7440 6079 2831 735 8672 67522 17989 32700 55111 50586 89551 1146 62557 90741 29923 39613 68132 26698 1281 95006 72355 14205 69358 63307 54557 40468 62814 31579 10426 68887 82036 34217 91318 84867 34952 16341 68740 69292 65392 23850 19877 54942 
41348 98785 62035 71270 54749 30166 14319 72381 25172 86674 86586 94529 66332 57494 34997 29145 5424 61774 14384 87460 95990 22053 72326 47293 38393 41065 32936 3784 81266 69164 75078 38965 84301 37112 10235 39049 67277 24553 27782 92448 27578 14367 86977 93909 88212 38325 
39406 93636 98 70141 81095 12439 8545 69772 76084 46937 27188 25371 67072 8453 94535 58501 47418 78835 95612 74004 34235 62889 14908 62016 71688 58838 92734 58664 52746 80946 13340 8503 74581 29789 78643 72027 42228 87187 58150 18311 50475 85337 60033 33899 10141 54567 
92399 73910 49753 88011 47913 340 67251 79173 62355 38938 38010 71441 13954 7107 52386 27293 15610 43318 57082 10604 31696 15661 14143 89845 50323 80969 75181 10355 14867 1673 64922 23618 75583 31026 27980 39847 31365 11582 19019 10072 50519 57028 81512 80824 64135 50249 
8117 96096 93566 81550 6699 41613 97210 20841 31457 63884 18162 22989 74238 33028 24661 55511 72997 16595 86537 17328 56442 34253 28909 91812 44324 79428 48840 42187 60251 29326 92435 84719 25421 2352 82620 48471 43964 96181 85664 91772 60064 3825 14760 34302 36852 55773 
89812 26201 88719 92700 43528 45160 43305 88789 36972 87628 84568 2163 29815 61170 47840 38601 62241 73260 40953 44860 21730 84916 41041 7393 76688 1104 27569 7799 51757 80773 79923 57921 6973 68642 50620 66852 30153 93924 71992 83476 97904 56559 85638 44070 17729 33477 
82670 79969 23088 39974 41180 61170 41242 82220 84914 34281 99676 12483 42079 51432 93255 38354 9352 227 23347 76324 83430 53499 86599 55422 36975 84502 11980 22612 44923 46060 72441 43945 42380 95528 83918 83560 56697 25159 65779 41611 59439 65454 70445 17870 33238 63699 
56223 42589 80277 95921 18912 63706 49419 5511 35479 86393 6364 63811 25357 51287 9870 14149 95231 68602 9676 95500 52161 82725 20659 34291 40687 96449 16097 11131 30670 49334 91181 86892 91922 71457 82812 27186 51514 48583 32696 86993 51327 39059 50803 93035 6697 77024 
7183 18279 45625 33211 13779 14137 15935 50789 48428 72973 47237 64524 455 77907 13857 91635 81150 22130 79443 80314 49315 30956 45248 82010 34300 96574 37421 1454 89609 60469 78478 96791 78748 40454 30001 92526 70943 62287 43314 19370 51611 6902 245 52065 1160 30453 
60051 98662 52582 39493 95327 18249 70449 40574 16610 4748 37147 70382 6202 43107 30851 1031 39898 9598 57836 86250 2123 28778 64889 61788 64499 16499 68689 81095 84916 86201 11547 44966 84862 80481 84459 80188 98729 71259 20761 31690 92358 74259 2072 14911 17366 32922 
15941 73615 42519 90129 76216 44641 35258 57456 22780 16109 73955 7820 97203 58870 94020 8750 20187 78881 5582 4645 75420 4310 75903 12532 35999 68261 86791 54422 83171 20508 87343 15464 10474 29861 21944 3041 90853 57201 60497 13632 73309 34451 21452 86864 9672 31823 
95613 29858 10704 17546 50855 2475 21855 43109 15007 74205 11369 18149 44979 10892 38656 32321 42707 65481 78534 81002 68521 69386 54554 29017 99370 44215 63467 37173 31078 89490 68995 43042 35700 96050 60587 86554 98525 98793 29662 13531 89349 57383 31679 34327 68274 86686 
66648 27332 52166 45181 8333 20686 30918 62886 49703 46639 7100 29521 83811 54529 19011 52806 97570 54710 65207 58156 57615 63731 56948 87276 93613 46297 44658 25291 96975 29283 28328 63622 72966 80493 25154 81298 1179 72424 60536 67233 19062 83987 96753 2873 38516 32115 
72030 52437 3176 37236 10593 60790 17319 83892 48066 10931 46540 92723 52574 43515 38358 80901 23488 11323 77746 64994 8973 78924 37417 69508 62508 56478 69846 59260 59350 24713 7727 47731 93502 10902 84967 4094 88044 18637 4337 36109 29567 50877 45183 82140 10743 83540 
79393 34230 94863 57138 15575 3835 52413 52991 89694 14920 9469 75891 90531 85170 16956 98257 49253 10457 25511 50571 30902 13554 69207 35238 66014 98773 2466 11196 97265 13208 11088 93009 63790 22302 50146 95716 42488 18910 48707 48533 50181 74527 24423 40711 76048 57730 
55320 25300 68186 97182 75870 15439 27087 45076 50677 93100 60201 69494 20647 73817 99054 48086 66825 62843 70387 33322 58558 29226 68583 23616 77758 18763 98142 18533 59473 74190 76262 31144 99489 60800 44677 91711 76238 71763 36786 43266 81214 96986 12760 1861 87154 11813 
66298 53978 91007 36685 3651 65916 82262 72233 89532 60020 90995 4025 78552 66820 78214 71165 14315 94055 48316 58992 85765 24554 30754 38902 67819 11968 52240 96930 30180 39393 8742 96477 9723 99748 49513 13373 65664 31775 85606 71547 91794 92952 75571 86697 59771 70137 
74213 74086 80543 22529 33077 82659 63434 80182 21560 47604 92149 90151 44534 22328 29544 53275 18805 55618 69375 84669 68990 51390 16443 70947 22936 24588 80251 14858 27636 40021 1346 1849 30458 98240 40729 79886 80898 4162 60068 18810 68117 68568 25312 12650 90896 71207 
65925 26052 26824 51651 10720 12166 3040 43515 99464 42327 68102 79714 73536 12090 36087 74882 13938 66544 89473 71018 62782 70371 91531 22849 5532 59647 91416 30843 72297 98663 2050 54573 41066 28873 6223 68138 57390 25614 11652 56854 84292 96105 36567 57827 8194 72653 
49060 22131 55549 38533 9500 18330 25255 1030 41178 47138 60677 48945 77980 49325 63960 96381 20249 5025 41606 42823 73162 98995 68436 84813 55848 52727 80918 8767 26905 89111 81419 92317 27594 36967 30849 37093 71648 72455 54475 29177 19592 31503 78122 13923 80827 42081 
