65 12 10
26695 25273 29966 35504 82637 3039 23921 29131 41257 33594 71540 86997 
36485 76852 17084 48357 85420 50654 4541 53442 68646 49462 83788 35766 
98688 15770 55746 84408 6134 21309 65017 49180 46581 94982 84683 29218 
14372 24955 74700 71980 74901 46239 58977 27737 39442 92412 76093 24861 
43065 96986 78302 28062 46447 78442 63828 61486 10563 35925 45893 16696 
57234 27261 82227 3814 22242 66909 33031 52965 8215 7730 24945 99467 
70320 273 27204 9762 92684 3296 50974 52100 16633 45628 80162 63080 
24069 60341 40917 34631 12617 3162 67678 69850 30422 49904 90016 69016 
33164 39398 21980 57730 63480 63276 57197 33799 63548 84400 59912 56231 
4047 27238 24683 20680 72865 21196 111 13285 81536 41027 64267 10504 
44188 48296 96706 90962 98199 86721 59977 47714 26118 98308 5443 5949 
61584 78991 56100 41483 63390 16011 14066 83789 43248 38748 4468 32464 
59943 4578 45748 57830 61956 10014 68333 22496 58309 81390 29809 72859 
68110 89785 36924 10580 4444 58719 16528 66027 37709 72627 7510 17451 
4990 37927 1239 64589 76674 22058 97053 52968 26635 59152 27149 4942 
85518 11833 43789 60178 93223 73597 49389 61332 63381 86312 88263 67825 
61382 21143 50203 15443 10121 74064 32893 15110 11990 50483 96051 5015 
72540 9455 57982 99174 68606 1482 20467 70475 13315 64256 30653 6537 
37852 96393 84220 17585 99056 72483 1761 60438 9977 51963 75880 20097 
42379 25124 51559 54368 75606 47609 75735 48145 57063 50068 63670 42020 
51550 84136 28847 64864 64743 75851 87752 2595 72243 71971 36531 71298 
60805 38291 48087 70781 6605 23966 90878 48983 65441 58788 19703 41046 
6396 95437 89190 79810 45504 69211 38181 13405 53347 67027 78268 34441 
42877 82371 53387 15119 54342 89917 2769 31498 44559 50855 2279 51164 
91173 9508 16498 56613 68295 36200 14011 91042 47988 19552 70851 9844 
88763 25383 23248 58461 92410 17868 92901 51638 238 46288 83109 70931 
36204 85877 2429 80763 53083 21059 48278 44255 46918 64775 17220 31564 
975 31230 22605 65314 50781 9807 91509 39543 35189 14757 98003 43950 
48976 90904 95588 65565 53543 78696 52848 89746 80924 71628 86860 34006 
9038 35137 78261 55955 99912 11832 87518 17238 43061 26474 82551 10193 
36280 90412 49736 87820 5168 64090 31770 70495 71345 27357 52411 24887 
22404 5258 30985 3327 93237 17844 37332 2274 52981 31944 74580 52892 
43775 62097 86481 3187 4922 85383 13380 41201 75794 79467 29021 97313 
43556 77142 67807 31253 20850 36570 72491 43253 58179 3475 62931 51416 
21319 16614 53689 74299 48558 28269 43542 8684 6717 46374 11871 27991 
31756 25250 69191 7550 4716 14563 4862 64623 8056 89021 12227 28905 
25590 84718 88509 120 88192 51439 51535 25862 68053 21576 16512 16610 
66196 60053 25293 72912 22778 53515 17254 54534 78764 86445 78435 99831 
17359 83296 80806 25415 88668 93032 70671 30609 94101 59180 30729 82293 
10618 98615 24506 78670 20190 41018 11631 86385 1070 53276 75649 40200 
23142 92902 94733 1906 95698 73167 18088 13057 72814 15245 54823 77834 
24629 41845 8442 18729 1024 55522 17373 27994 54137 41879 23015 74326 
82896 50998 60711 317 4273 52711 40516 27414 45612 51600 45671 41310 
24766 80111 70718 97580 95355 41892 91765 36335 83736 206 55064 1112 
55728 88788 29105 26216 47018 68471 541 29913 19468 77603 46582 40092 
30313 3449 67506 92277 55049 29528 33586 79814 25990 20655 93745 21345 
62546 85509 74031 62633 2067 45446 80096 74146 34234 25552 361 81251 
94023 17253 27516 13490 94856 90449 53582 41520 93897 37439 33796 48945 
66966 83733 45111 92956 4387 55207 30652 83284 57068 4682 62269 75486 
50128 42364 49631 713 67916 66343 98315 78290 83595 25830 91779 94802 
16278 61712 52674 26527 99150 2821 75471 82468 86554 36933 91775 7292 
8492 38778 90576 65559 43459 52844 41044 9938 11559 7026 27002 95826 
73368 25317 74115 73314 67498 65894 84468 83776 27605 37141 10302 43107 
39961 2124 25574 42866 55409 17348 50158 63900 56125 40733 45810 15935 
9928 86853 42225 37838 10230 69226 33664 99949 10894 7778 73262 78392 
90023 74081 78519 33980 11221 5172 93438 67534 23647 19011 10399 79055 
52710 60556 42954 8834 17640 88763 41120 27567 91967 99696 81757 18548 
85274 15420 18496 96167 39549 91758 90910 45924 82190 69428 96255 93411 
74599 89692 77296 14598 8702 87694 93652 61411 64602 52958 86596 82241 
58072 44067 26160 66391 43763 24268 84938 29036 39687 3434 25202 95587 
11543 16112 41510 93732 1891 37764 3494 92842 43807 80789 7439 52508 
84835 17442 30270 65788 86751 33217 64380 44823 93636 6891 27565 37398 
31158 12502 82785 70844 32287 7986 82783 60181 40449 24292 53913 58692 
78408 73758 51533 22214 70899 75323 91074 55733 9116 37695 37872 95867 
87264 2251 40689 80899 9142 68253 34648 56651 97106 17432 43847 29393 
