18 40 18
82138 45576 2272 37541 10863 78311 72659 43330 72275 96483 30047 22291 41812 41616 24157 85170 24973 53085 72407 30153 12125 25650 48093 43416 65302 32298 52658 86677 13015 97350 76996 11504 42925 95620 65397 70139 73930 38055 29821 62556 
34538 59867 1198 92701 17834 25355 94222 59159 94791 66629 5663 6915 92278 53755 66682 57579 2404 19339 60607 15418 33040 37602 43274 92317 33221 8670 62455 23502 63076 8627 2409 97613 84846 3607 6666 19031 45313 887 78189 40103 
67515 83852 63369 59792 53958 30050 33722 56362 65740 94328 88131 98780 48282 31404 7448 97854 56425 86254 37708 35853 94881 40116 49817 79726 43722 56482 15108 5386 57369 93297 45488 24883 93500 25208 1027 47457 55257 51100 20170 37349 
61780 8301 36128 10061 56056 59927 24266 28833 46180 61973 64685 41060 2089 14501 37137 62162 70983 52245 83900 44703 61893 29387 85937 71744 70947 86963 19200 26203 54415 39370 63551 16194 64022 16030 42606 20077 92308 66871 65261 38488 
28844 29945 95899 47284 60798 49388 9445 31780 17984 9696 92834 79876 39083 78770 67971 26381 82085 87170 68935 36499 42891 32486 52692 23264 64867 11649 59693 57175 78519 24953 12014 23714 71250 7912 70997 32047 73651 96794 80178 91634 
6489 73011 87861 61923 51780 55831 88303 33864 59353 57238 86714 18595 6075 55757 41859 87293 67405 1551 60819 62276 42855 72832 85989 14104 97096 73338 46150 70746 70131 26327 78732 92971 99337 66592 71246 67469 38775 75900 17684 98127 
49489 4398 16721 55563 76506 74931 59208 43911 76481 36378 6186 19336 9210 8526 33439 22657 81863 95941 9754 68345 38619 88485 77668 37956 71429 48913 21776 10203 24812 39459 24681 74301 60208 57753 46215 36714 32684 21774 96976 9164 
58152 3161 44851 83713 28038 94642 6369 9901 90582 32474 94597 29200 20959 72264 83507 8739 37528 5282 18941 62340 61093 59973 52992 21300 17725 15558 74365 50408 53684 71340 59572 11835 74500 20774 11899 18890 15415 34619 45142 22348 
67092 39738 67900 4402 28354 67758 13140 65881 89392 48432 44572 50484 8404 13915 88135 26129 29473 62500 76536 99508 33839 52459 11342 24691 73233 39592 43580 4999 74210 88721 27347 41301 44810 95246 62055 73163 79355 75194 39044 68746 
23626 83615 19229 32029 97530 23716 58157 43354 86215 34693 42861 20053 87151 70554 61095 76735 10145 4674 81734 706 9746 25432 58358 54556 20677 20412 27718 16383 11958 83113 85129 35583 66728 20709 83963 80609 44424 42120 23962 30638 
93164 83174 67043 96666 53727 28137 89753 80223 49163 71486 97280 75260 96917 55637 29815 33945 92401 73885 50327 4358 56997 35455 39940 40076 72516 23902 20684 16939 82373 44645 63929 91888 27818 30971 4906 97896 75459 94658 94470 40973 
66143 91749 16233 63059 47386 62399 13355 39786 52635 63681 60495 9632 15488 434 49707 88003 40687 70391 21293 39412 31387 85221 47651 75557 32543 52556 73452 24354 47213 67922 81678 13355 76022 14262 92765 23407 76661 22471 79544 29295 
2504 40038 55278 17991 56823 4985 22345 13862 91727 59989 69625 23113 45210 17275 98669 94104 69831 88473 34809 17043 72746 16487 46750 48767 30748 55866 88526 7408 78337 84421 53055 80840 40811 8332 15182 97633 29668 53878 27846 21394 
13866 97470 60859 75427 14745 75879 85883 84575 64351 20691 17969 53448 37177 64718 18567 67925 36936 7092 91684 15272 7864 61090 12463 48674 69422 27644 46307 15441 97873 74152 36835 28090 71622 14045 3517 2718 89923 5751 87292 70626 
26441 5260 24073 63618 86330 42639 47894 23265 66082 55929 54888 73946 17019 67350 38971 2792 11345 85277 18232 9217 75781 55066 37306 63754 85462 57174 66471 75385 62924 70114 46010 5717 75373 86434 85686 78054 45425 33579 17670 11506 
5859 72557 1803 22877 39906 40774 25668 51250 42402 60252 76818 34534 15317 30476 98287 17131 87649 81109 92515 66925 51222 54876 72641 42947 41309 58326 37352 86733 8256 55022 14591 30466 27578 16393 53343 83836 73518 95362 35085 32272 
55613 28255 66805 87282 58730 81444 4412 62730 78904 96926 29654 30126 51801 18646 89424 9461 93323 26775 96194 1578 98148 10784 32044 25726 43528 1738 9561 33398 13451 60997 65669 69064 89251 32473 72697 64332 30268 77108 27062 9172 
90385 56715 55649 58537 75361 61424 67997 68683 88198 80542 86613 2698 7677 35008 28423 51205 53097 54335 84602 66547 31683 66622 51962 37286 15446 24658 1617 45714 1765 28678 71237 8501 1745 26885 83389 93457 4660 67738 78491 9209 
