33 97 20
56109 20145 66574 78759 93813 3176 34223 38473 48867 33622 49683 89341 10462 99345 72250 62697 21423 24761 15577 72746 99112 58657 12414 9154 35040 68441 61265 64524 99674 79013 18257 72134 99158 1182 50892 9322 20710 1467 47794 85928 35088 97477 75268 61901 13173 63869 24598 34595 4982 56526 23692 4093 15183 52457 13246 50222 20898 90862 31097 36923 69875 65705 25408 85384 83238 76300 94705 3947 94118 58850 6227 29205 72678 81494 7457 2202 61715 48406 36796 66696 4932 76840 87140 36466 29296 16737 3039 50193 7599 50487 3467 93825 16191 28875 79208 99428 21526 
90264 19727 15643 65465 25953 61199 54495 23798 68655 56696 85512 17061 9844 68559 38344 86683 55698 74809 15978 72435 94199 82523 96385 44685 85989 6561 77227 31215 2120 76654 52740 92383 12732 68382 74199 38684 45932 28693 78834 14587 1741 80697 47999 11584 49256 86342 14618 21305 77502 46947 10091 71700 29469 6475 32736 31810 13035 9962 63024 15154 86615 32116 23888 15699 16849 98087 70734 62781 43131 49567 77367 44871 30264 25365 72806 95871 28058 87423 33527 5559 34370 43618 93610 80190 66444 26345 11999 95831 36306 91375 27336 39272 23490 51224 54970 40338 65662 
25704 3118 25144 91622 96836 70015 38237 22200 59172 34107 66609 62947 83986 88519 13668 27603 98480 93857 94046 24824 22208 89876 77481 13582 17212 16753 37071 84787 88074 93760 66800 30129 96878 91943 21751 93713 78309 59987 32265 53833 10446 15225 16779 94431 3744 30446 38385 2223 40654 48782 43399 62861 38658 20879 92794 72221 53983 46216 73359 58409 39976 40158 88537 53205 48452 26639 63269 43113 86626 95533 96945 13423 10758 13723 24205 30853 60520 62589 33075 1173 11370 76473 80386 66379 13704 89531 54951 67686 52099 44661 26094 8426 1170 30983 61630 49622 57621 
41250 9086 60598 36783 6030 74020 63892 36104 14576 94744 96623 93516 44170 14147 21238 36995 10884 3968 50698 16767 58919 34735 68865 3579 77181 77290 4749 8163 55271 70722 65783 96520 79807 42733 49654 2188 33104 29897 38291 47680 24640 51265 57547 85162 81763 78784 22156 92647 82752 72853 25765 58022 23939 94629 77952 1119 88270 99052 25633 59892 86125 7768 72763 65931 50500 38769 84470 83603 68665 39112 47634 9657 90376 5181 94818 88491 83964 16973 97489 83067 6177 23253 57440 46467 17881 35392 63938 22502 34443 89570 98745 20568 13689 71507 2850 64188 26627 
3672 64143 95292 42783 11776 4948 49511 33308 16117 38001 33624 49441 35489 16690 71969 58741 74130 18435 92973 25873 82372 31826 76667 88294 30570 97234 1982 18428 16436 82522 45055 20107 46664 40346 79241 74791 61645 28751 8099 94113 66751 58074 43553 18591 74763 15521 77331 65244 33955 86655 7468 32679 18480 84135 20972 65401 81368 22953 83829 14155 5474 28883 50613 68489 85580 29854 59632 63576 74956 67730 57688 58059 42155 1240 76649 16917 16760 70332 98513 67066 73338 5980 99744 91818 90114 37067 73570 87834 60020 57398 18340 81845 2632 85305 66686 88211 31510 
26317 68138 6465 10398 25825 64523 52552 43416 57524 85820 76527 44207 84332 43593 17544 6664 59688 25713 13129 96755 99283 17314 73126 73032 52006 54970 75664 37310 38007 80226 68819 64323 48364 75283 74720 90540 56158 27271 50308 30033 13091 26834 74239 13774 86778 8134 20437 46466 50199 49918 59572 49481 83583 32697 38864 35588 4018 14527 72897 42025 11105 41715 6347 75820 33350 81067 82711 5859 24689 33018 35891 37779 59852 26481 51553 46629 50966 88341 9446 1164 54610 69017 50644 38193 1713 89508 73780 5731 20386 46677 64107 47842 4743 70453 23661 38092 67871 
6372 60302 92560 39389 96192 46690 99240 39024 98242 62221 89990 2935 71666 91153 57544 40683 58149 95736 42395 64008 69516 64477 745 32544 44935 48587 37286 15388 72247 91730 99610 78618 52031 8521 34359 64575 55211 49950 3598 69804 12170 9939 89090 83836 1092 46634 40870 75592 58721 99616 39599 44588 80445 56695 77131 25379 5281 30769 57118 77528 22498 56728 72497 90880 81600 23207 55454 36810 73157 75404 22966 85326 85342 12055 85513 2785 75040 42734 78376 33761 42350 34326 94700 22794 91021 88183 48172 96301 18951 5290 90180 57800 78369 79029 48679 59968 18587 
20485 13130 91743 95888 36095 93421 81229 64501 95285 84014 39541 38019 78741 89653 80368 13067 84352 19513 20439 72534 67684 33091 7836 89325 39623 65635 84045 18651 30666 44013 53589 51150 73494 45332 47037 25940 38752 44617 90440 50388 28630 46332 88406 23723 35984 85125 36789 36688 4637 57227 25573 88673 6669 49761 94349 46291 31747 78394 81293 62412 38758 34882 29913 12251 80213 93301 38190 35316 37918 44981 85703 82899 91313 90461 6621 43648 75585 59761 96687 80222 33339 22260 85246 40008 88372 79594 86298 20118 57987 67591 82530 96744 2472 28794 25346 99036 22095 
79887 34351 60012 24868 36405 59262 32532 43217 65883 76179 18802 41995 72866 15375 75334 11477 620 15341 99848 80213 1638 36317 54552 85580 18846 51295 88051 63992 92993 87086 86086 72879 37788 62449 97746 90545 38062 30277 33761 20296 22808 68914 62291 12025 84288 37624 39853 84907 69316 39700 81472 87305 92368 36023 72885 11214 3669 77287 91557 96661 64373 77642 69540 18512 56442 83637 25408 94503 30266 59169 14799 53073 28082 77089 81449 28722 31064 21301 13628 379 77352 11451 4035 69719 47473 76919 97284 67494 54206 88840 64154 34930 82833 50045 53441 39274 50034 
95201 50129 80299 54369 81279 49723 98802 74719 31171 27523 5782 52471 57503 22512 29822 68953 42898 99540 32778 19817 96824 271 90374 85663 80776 25303 84848 47173 95095 40473 97206 90295 90601 77504 61015 71879 27226 59817 62949 74748 87339 85082 27218 61193 7593 57039 30146 66843 72930 79275 86659 69753 95897 77032 71768 76672 18686 72967 40196 13780 13439 37401 20427 4040 31256 81441 92270 74833 41257 55219 49580 44948 40300 76797 6140 64245 50187 52637 31087 39469 48263 34097 9221 44159 27480 97340 37183 46165 70306 77378 76296 83745 14779 96722 4136 62386 78163 
12757 37219 35771 67975 3150 80718 24627 79947 3210 5223 46485 72198 36309 85953 20461 86757 11526 64619 14236 25217 1801 60400 11875 95531 53047 11971 10309 49769 16106 89046 27931 28862 26264 63701 13189 29414 60771 54167 25712 80332 59389 88548 52529 12049 90853 72989 98805 2378 53960 29392 43946 72112 6143 55820 67642 59189 67790 94302 8957 247 83348 36887 45461 25963 16940 75001 55376 94062 29167 97439 74393 88555 85987 26921 16955 76839 16262 15759 95568 86573 45150 39513 75036 67644 95333 42678 26832 79474 53331 35789 96073 53030 89027 41533 78993 22318 16533 
34368 16379 62051 31807 7123 50605 34145 50396 83911 10983 66657 99669 6550 69581 61170 46062 44616 28813 57746 3645 55644 53572 73328 7784 49644 26357 96811 7528 5349 35480 40412 56069 51859 2462 4227 58981 69418 38371 9376 53328 49353 92384 69348 55902 78316 30517 18315 22932 75681 92413 42928 47676 45984 16255 55460 95627 58964 68622 19506 64312 4101 59917 36732 72311 62378 40958 31292 48147 79328 57019 1474 45032 49403 70821 17285 44070 17689 35600 83353 93369 28012 26281 57396 90347 58887 29207 2325 17850 97828 21830 98514 1929 81746 35245 90591 60475 92555 
21882 8621 71882 78901 10094 33266 44655 97266 50550 5076 14954 2501 88429 24674 30512 31061 98421 37210 89947 27628 39534 24149 25455 61363 39014 43735 43108 74258 34326 3582 83164 72559 28554 55046 67811 38647 4663 28817 52264 55212 33893 67217 57713 22321 8242 4576 53381 6663 41786 59679 34290 81319 83827 76096 42682 22840 19831 2141 13450 70508 22075 96613 43066 50628 68010 10877 5627 72672 39693 57890 27884 73585 41459 1948 12257 49700 6523 65637 72714 64660 25316 23355 45979 25494 99451 5012 64686 19281 23504 78135 6140 45578 91099 49205 12558 75461 76433 
18184 48132 16126 76073 92367 6062 33883 10666 18319 83583 33541 83955 72648 98200 25622 96003 60530 51116 95453 81893 32153 31085 5397 10287 37224 67326 17737 2780 79883 93197 79213 98066 57681 95338 90491 50047 17751 24373 77065 36069 24307 10605 36376 13307 8804 78349 9309 69334 45816 21113 67578 77968 52197 72974 4606 5772 40300 22343 24903 36534 31891 4115 50952 89571 15804 41442 55970 33555 82166 33034 85975 22825 43638 38702 36131 68793 17051 45439 38126 62866 82903 22056 40834 51451 95029 45439 57222 51680 84133 98476 88214 16024 2591 39165 21946 34746 96958 
77915 84652 95475 27300 70627 18299 70937 25680 70781 39730 42730 16219 94207 21948 15473 16262 62781 66923 27643 24571 40496 79322 25056 38972 83887 57431 57914 39403 79376 92659 36360 73643 77311 31835 942 64289 66485 71879 89968 37266 27960 49050 69836 22166 70997 85309 54780 50129 52231 82422 91051 9079 78095 16106 48050 61982 73536 5963 1384 69264 14973 54096 42906 92283 85930 43847 72923 68766 32077 62891 6031 60036 28292 92219 98554 99288 77527 53333 49416 46109 52106 40466 55187 30200 72924 19588 8533 62811 25550 9917 32074 40523 64012 91331 49157 66293 35178 
22080 51410 83606 1322 57441 43642 29613 66011 58547 28900 59889 11879 94667 5997 80336 51484 77536 26887 24407 97123 35420 3570 22673 45336 35643 79547 25699 43326 45055 8343 94855 67134 59752 78460 84807 33544 38453 30771 99554 96999 76022 59442 25229 70688 81791 5564 22172 59326 32451 62930 56448 84222 66499 95472 29557 18494 91370 71607 61819 36425 79949 56673 19910 39700 51484 21069 89596 89937 51839 89149 86935 27861 64943 28516 14900 46733 34079 53423 22410 82881 16353 95209 67102 99203 90681 13010 17696 98402 968 95866 51178 80916 68890 71088 36968 20374 92156 
26563 10310 60346 32063 13596 4558 97005 42111 19458 60089 92542 72880 82498 91774 5584 77707 75228 21139 84739 4589 38834 99492 5557 51052 50670 86472 19941 21757 39791 40314 30264 66353 66975 6961 14768 96923 11519 28124 55385 30976 88213 47926 20207 87062 56052 42143 81120 47631 63281 65858 52219 18466 65350 57775 69517 32371 60599 89458 70479 389 46123 742 83094 29450 24054 97861 26372 35572 25984 81756 82899 30548 46034 19458 17610 18437 61600 98729 66067 41232 80939 18285 59697 62640 92412 29214 95010 53010 35023 65488 53398 97497 82581 52843 26946 6634 50703 
53317 58558 76687 51425 41456 23586 97458 77265 41195 32246 55216 56276 98312 96447 37214 32948 56144 16205 25359 1709 11214 78368 53083 76701 48118 50579 75633 960 77525 82266 51663 47193 40823 44701 98617 98631 84638 12426 92247 25833 44671 47463 98460 42982 43909 52025 75930 16404 68229 1288 34464 79442 96008 87546 72494 60477 38125 48126 61436 32001 46743 29450 79193 3918 90502 94162 18900 75140 6587 11146 17324 51258 58608 15783 10591 18869 84159 2872 51624 52387 20512 86088 48180 16519 73633 20673 93347 28109 85150 54782 76461 31892 584 72006 35809 7437 66167 
71060 98928 89105 82206 16251 56714 57165 48385 83657 76033 32543 86528 27657 1281 7039 30096 49460 39909 20080 70132 33255 64541 71633 4389 41001 3525 21324 13006 55685 28760 95524 26745 27688 981 25302 60290 57694 82466 25027 41350 74851 73921 44230 18859 75202 67620 48954 24661 7529 85385 11145 57135 49925 82777 77875 90926 2653 15550 20283 58338 44310 32159 1434 88349 33139 26735 64990 7184 25552 90016 64886 16754 63937 9115 51964 39138 76734 17269 80150 614 2654 91294 74101 52578 74071 68327 59855 76723 83877 96490 51412 44538 28648 69197 49238 78138 12283 
14227 1673 37835 20595 66558 70940 84531 92024 22904 40020 85110 40172 20169 2075 42825 11463 92527 11755 1885 60854 87961 94959 61082 84450 46371 21971 29449 15567 87560 23938 27850 18138 25611 82036 38732 8520 52975 39614 16896 92230 79633 2005 48754 16154 20431 7930 27616 12958 19684 45852 90163 7645 40810 67596 92094 3532 5918 37895 35451 93477 61832 63300 11614 3794 61687 50346 28666 31013 6311 45561 23243 85944 63917 71996 2097 84347 79925 46064 13656 15961 8267 20170 39957 49076 87765 48402 68960 93682 86296 4410 87158 64480 84061 15124 68273 45747 65469 
96938 93111 71779 42498 32705 74074 22766 21052 92522 23465 977 54937 37120 33289 63203 57290 73245 28631 61406 21646 97590 55088 7942 18351 58597 88773 2411 73720 57045 64509 55540 70335 57619 43671 29184 90324 34096 51950 11375 26618 75414 28703 81554 28885 78343 61109 2526 51587 6091 63932 89585 3680 35371 13878 38382 93967 2650 40792 84039 59694 5300 39578 30028 79270 99600 59212 85945 33696 27513 13672 60313 19278 58726 58218 48162 37069 35678 50688 88655 41768 30971 94591 45447 66341 8468 83828 76659 11117 40971 60697 87163 62622 16627 33542 58244 16226 9105 
44188 66273 36617 57859 26585 55894 16585 1155 20408 70005 36832 71095 75011 78600 18417 69602 40398 1109 78069 40578 77767 5538 81548 54816 92700 60522 87794 42593 18765 20371 51698 79304 86644 4666 37163 29580 60560 70099 30734 97319 56455 83918 84765 31465 78869 3181 1066 19266 4289 95487 59843 82055 1024 57743 53222 10075 34616 41015 69019 53380 61386 20716 32683 64381 41734 86197 93960 2293 72647 41046 15963 29101 24963 727 60566 3831 3907 77983 39448 8195 89821 99291 6601 7196 73385 76175 33622 8000 17189 2641 77731 94926 39708 10413 59306 81441 12962 
53266 85 85608 94311 16047 14709 35625 16773 91626 39455 20679 85960 95254 45225 75781 10896 68178 82976 84280 44352 16598 8631 77892 19238 86361 72818 58945 13126 32123 40386 26087 85388 56822 28046 96050 72869 59106 31674 89641 67083 87480 26672 53043 82734 88248 28823 93629 56425 28150 94261 17128 44747 2891 95020 80336 5604 67837 39281 35081 99959 96018 77519 1699 52839 5564 14100 42059 81022 45774 31700 48104 49605 74723 1146 48690 62970 46320 42319 35747 74470 52931 52874 19216 72173 47893 99552 94128 32081 55184 29208 32040 67553 23078 50090 36743 44994 64189 
78802 26015 26314 26853 74118 75919 17927 91616 40960 80896 37935 83278 32994 12404 52560 2220 47972 24733 50112 63875 18860 98545 35410 64420 46936 2962 87497 97025 56056 32490 77565 34857 74856 3879 78061 48974 96149 95987 56941 37108 93235 94875 36738 42580 23631 89297 44799 71602 14029 11263 35476 49241 9807 70885 13660 56742 90198 17508 70118 46253 49998 47682 97462 24853 51560 91874 90178 64060 4213 47118 1168 13799 58345 54257 56378 81975 43553 1177 69928 73934 12439 21755 23174 22245 8991 53185 78986 99188 70692 65455 61792 37041 13136 75605 78246 81048 67479 
84775 45107 88043 31893 62626 1841 90237 16882 58218 88563 76787 59394 58490 50720 71832 80244 90245 10428 89234 43429 5765 4773 30472 71219 66564 67513 84355 42169 62110 81754 25999 46884 43212 14041 95128 5838 15881 1716 39071 90450 90278 15857 49844 48767 66576 38027 29010 56820 64807 34595 16600 70571 39367 47072 58142 5931 30936 58848 64451 93045 40601 6801 56280 83812 20841 51408 6001 53073 53123 45072 59874 59753 60928 26069 8519 43856 64096 53881 17027 28902 88475 33627 15824 44194 80698 73965 66476 27985 32812 30926 37381 89764 54078 93660 73576 91270 61419 
79576 44342 30894 40999 20567 90646 1927 46636 99164 62134 10731 69396 79160 55984 74223 12786 88159 18416 9835 62124 84891 54171 11287 32168 91551 1051 86245 1563 90978 77514 62981 70553 38207 93874 27904 58773 84519 46182 21760 35 8315 32490 69430 87474 4825 60004 16612 9336 78419 26446 87811 79661 80617 99097 28180 88519 16499 30776 90081 7476 24641 69414 94381 62847 79639 22284 37972 64158 68465 76083 80544 76779 24925 66325 80604 29749 26329 97215 55436 21099 40013 43246 17112 36981 42343 45291 25499 75193 76067 31932 82669 707 1345 93401 79906 80983 15684 
34229 61492 84148 10311 58387 77278 35235 24712 74233 81336 51040 71448 36771 88490 27812 80017 5601 64792 38711 67244 6642 13903 43310 38573 12923 60368 56269 6323 56625 37252 38358 7205 15095 38857 17516 73482 16134 69102 98193 6719 66789 65584 78166 19912 70425 5977 16280 76026 87120 71342 43269 93761 1596 2930 48686 14519 63297 4954 37193 36274 58557 75551 43478 73652 14407 77345 47133 46893 62799 61677 53611 29587 43612 48128 49498 14036 70456 82129 6413 57575 53470 49681 67687 55066 68962 16372 85936 48611 21326 23128 84884 96234 98678 28361 69885 29437 22058 
33369 92681 84856 11397 46291 14442 55008 10770 80292 85396 81225 78772 91808 55151 32242 57841 22837 87307 26802 39209 73242 91764 76886 12721 76647 73119 27751 21360 59356 57187 43417 9076 49867 28272 20473 12509 59065 91832 23278 55708 77227 20854 34480 85387 76004 66721 43227 98840 70379 86380 54400 59972 78144 47637 72692 71142 37108 442 8853 96463 73980 68621 21890 23846 96892 42362 52706 72309 34194 92335 44368 27772 13188 78847 13158 89191 61919 72736 4383 32297 75468 58782 92268 69963 6419 81312 57456 43526 81753 66309 56340 55733 34929 78229 95930 48173 36943 
64988 36833 87488 57322 81200 31611 86862 60047 61121 76052 38317 33856 80434 70614 25675 55568 79233 95637 61986 76896 53093 21863 58649 35753 94554 30733 87033 89134 26662 35205 26076 91649 72037 29915 65323 69589 61526 52184 45987 22646 44587 84303 72853 25021 54916 98528 96940 50501 10516 58925 27396 63608 97139 2396 15712 91692 33128 2745 97177 76142 54301 39605 84142 26338 69519 49464 12278 47396 17999 58264 70041 62586 42566 59246 3958 13834 57773 897 80686 84640 76173 8081 48248 73311 26829 80311 81354 59956 83055 78530 52449 37356 34486 36591 80045 4005 2406 
92322 51400 20405 50585 37793 99342 9502 13390 19651 23335 87514 36899 4020 72153 13071 28453 36752 2733 55281 17063 438 31588 117 95319 84037 53824 29805 36979 33868 50161 39384 42541 17912 76140 9477 72056 75481 18979 85445 11483 42313 72958 48381 62685 45111 77803 91137 81862 80535 62769 98924 97324 10708 15393 8995 94744 69216 38799 48074 3084 5311 87458 61976 23222 63597 71453 95278 55430 90431 80722 66912 49095 70032 15293 11779 15142 93095 19267 13355 89982 98387 12279 3657 9095 27671 12651 20190 13238 67801 68264 32673 73111 55721 94649 96333 35669 66101 
7962 91098 72883 5035 58010 21977 75066 73302 50108 6559 82748 85726 19914 72729 84113 32192 76386 93207 76214 89036 13396 89451 73189 98011 38476 46299 70083 33124 58983 5752 15576 83296 96849 88458 88331 54858 26786 79748 44511 93245 86307 27259 78971 6220 16339 63083 54763 9076 72641 47328 14464 2388 53130 87652 399 91605 33950 70481 41080 9285 76232 56655 92580 89433 61464 80910 60642 4602 77010 5153 97846 63316 48763 93168 85887 81453 72602 57001 90529 45242 20680 4992 47630 73809 8995 64380 81766 42944 51212 39197 68580 43796 12204 61160 33228 90019 58421 
93869 94620 35430 15373 8818 15097 80487 18337 983 61940 90939 74335 68820 36180 95014 90163 161 85175 99157 64540 83292 58452 32104 22488 27032 75899 34691 4543 9126 24710 62963 19346 35681 14745 51071 60850 29841 47909 79187 47176 9848 70125 21510 95019 22656 16524 85181 22817 18050 84337 3708 1341 59141 35811 40180 86172 11709 91223 90714 37186 15932 70028 56532 67964 84772 23954 28814 14613 71862 8000 61788 98062 94476 83297 93080 17131 16172 94613 39947 34221 95301 60007 51913 54441 12169 92093 40612 23878 83315 47677 77415 15598 17705 50298 83561 2476 74251 
28726 17088 62465 53077 95227 60526 47552 78524 69957 64683 11047 64569 20981 61620 59870 80987 13532 14310 93156 21976 71274 33385 21642 18950 10799 37239 36654 61097 37152 55482 35347 82229 72569 14163 35306 67796 74688 82857 62671 60997 47539 73717 25565 84872 35336 1786 65858 65220 32448 75365 87195 3721 25101 8837 39022 35900 62427 92028 96996 15930 47509 48694 98159 36429 62857 33464 4224 53896 32672 83246 14892 96563 56963 56809 81434 8650 58594 63643 90221 7393 55360 93768 27465 80460 18956 66487 16359 81382 58514 29706 13664 22374 94752 11822 58802 73960 61637 
