548 9 4
13 69 99 8 19 42 32 3 65 
23 23 43 19 60 1 82 28 91 
37 100 78 16 70 97 54 55 69 
91 55 29 68 67 97 19 27 67 
60 58 69 76 81 43 19 51 55 
71 84 34 61 20 34 91 35 3 
87 40 9 55 82 63 84 2 82 
32 20 8 99 31 65 19 7 97 
14 77 99 68 99 82 1 59 53 
86 1 39 88 88 30 49 94 12 
63 29 65 44 61 84 51 11 66 
68 29 24 16 42 52 15 61 50 
96 14 9 49 99 61 87 39 48 
17 39 94 80 1 22 44 45 82 
79 95 92 96 14 73 20 30 66 
71 44 27 73 39 92 33 87 90 
93 26 80 41 42 18 34 73 71 
7 68 15 89 46 61 32 93 27 
4 12 56 22 35 99 48 59 89 
39 91 76 80 83 53 12 75 94 
81 60 18 51 19 85 17 7 82 
30 90 74 56 46 38 11 67 24 
61 66 82 49 56 24 76 35 6 
28 98 33 73 31 44 90 81 62 
74 50 20 7 31 62 81 86 7 
70 48 25 93 60 90 26 60 97 
49 36 83 6 15 81 38 88 11 
34 29 43 47 55 44 67 61 74 
80 41 11 38 10 10 62 54 69 
3 79 81 99 27 16 81 33 30 
13 22 69 75 7 98 18 54 52 
61 72 64 87 51 5 97 88 66 
59 49 20 27 3 98 7 53 77 
74 85 9 56 98 82 76 72 89 
25 41 42 76 54 13 92 40 63 
96 88 2 13 46 2 84 25 4 
34 83 8 10 57 92 70 64 41 
51 39 65 39 64 5 32 91 10 
96 82 49 58 29 89 59 42 34 
60 77 58 15 10 93 22 19 49 
66 40 64 6 91 2 22 81 65 
27 13 8 36 8 89 37 18 70 
25 28 63 10 40 39 20 6 49 
12 28 19 12 45 59 75 50 49 
76 72 81 93 50 45 100 37 5 
40 25 74 61 1 1 23 11 92 
62 30 98 10 41 25 28 4 21 
38 78 70 86 53 93 19 97 94 
63 48 31 67 40 7 40 100 8 
93 23 70 84 84 51 33 45 43 
9 24 46 29 62 23 99 99 75 
43 17 24 37 32 71 19 50 62 
25 90 62 84 34 36 53 69 19 
3 2 15 97 10 90 42 39 51 
64 89 2 91 83 18 14 71 49 
36 89 99 98 66 40 59 1 25 
46 6 45 64 60 46 30 57 8 
19 98 98 22 62 38 23 52 20 
92 17 43 93 52 31 91 1 48 
82 11 49 58 56 54 2 71 13 
100 52 21 59 71 19 8 44 80 
45 66 83 16 9 51 58 1 54 
41 43 55 88 76 17 88 33 73 
93 35 95 58 86 47 78 44 69 
96 51 12 27 47 29 61 62 37 
11 72 90 65 12 32 71 51 8 
87 39 40 59 83 26 6 40 63 
52 18 6 20 65 8 31 44 54 
11 4 68 47 67 39 36 31 2 
20 1 4 27 87 94 18 98 77 
96 3 16 58 6 85 16 25 2 
23 7 45 29 17 100 96 15 66 
86 51 48 87 22 48 90 48 87 
36 17 36 12 12 90 79 70 95 
64 37 19 17 59 25 13 87 93 
12 34 7 30 19 9 77 57 30 
25 99 29 63 34 46 50 45 57 
39 23 78 33 38 14 3 54 25 
79 66 63 71 30 97 29 59 15 
38 35 72 19 11 70 48 25 55 
93 74 99 49 12 73 79 96 11 
44 98 16 68 76 82 31 98 63 
27 27 21 93 16 55 16 34 18 
37 81 42 91 73 16 89 74 79 
62 4 75 24 47 72 39 67 100 
72 97 97 34 75 75 54 19 90 
61 35 24 78 71 4 71 62 29 
38 2 2 17 63 5 91 38 3 
14 77 69 13 48 65 62 82 91 
36 87 10 26 47 96 49 76 18 
4 99 79 32 36 81 33 52 95 
89 94 85 92 8 61 60 20 60 
77 81 41 19 69 80 80 94 78 
75 94 6 93 97 4 23 29 39 
55 13 43 2 54 36 86 45 95 
46 56 15 5 32 47 98 51 15 
29 82 60 6 57 53 11 1 2 
14 23 82 5 78 94 99 79 47 
86 16 43 81 61 99 47 17 82 
45 66 84 12 94 66 71 100 22 
76 10 74 77 76 96 58 32 25 
3 82 55 50 67 70 44 47 82 
42 93 99 76 38 64 59 1 58 
24 71 9 97 46 70 70 74 97 
18 83 28 42 86 61 97 87 28 
18 30 74 100 24 19 50 99 8 
13 9 8 22 33 30 30 81 28 
52 3 1 48 72 36 28 13 21 
88 61 59 15 31 40 41 30 63 
11 79 13 70 43 22 29 65 6 
58 46 38 85 97 40 38 45 63 
73 24 76 45 11 88 3 78 18 
42 18 99 57 80 77 21 49 72 
42 77 88 99 86 33 37 23 82 
28 60 78 91 84 1 18 80 63 
57 34 40 27 27 9 25 35 88 
54 56 88 25 97 16 12 48 2 
96 36 24 29 63 35 6 5 70 
58 74 49 21 31 34 12 57 60 
21 81 95 60 86 50 48 62 98 
15 25 45 16 21 80 91 1 95 
25 59 51 94 16 25 94 88 55 
27 100 63 39 72 95 33 83 81 
34 30 42 31 97 19 28 12 91 
59 55 91 5 79 49 56 25 17 
80 70 56 86 97 7 100 35 78 
94 19 61 26 52 42 20 34 90 
38 61 2 28 72 56 18 76 86 
19 31 62 87 62 32 42 99 28 
1 98 14 30 92 32 90 69 35 
84 88 68 73 77 81 26 4 52 
33 74 27 71 44 10 32 30 71 
63 23 70 42 23 67 55 53 10 
38 94 31 24 29 18 44 54 47 
24 31 50 27 64 75 5 86 70 
14 17 51 85 80 26 6 73 48 
24 80 52 34 69 98 64 93 78 
33 36 83 79 11 14 81 89 29 
7 93 14 77 7 30 79 43 61 
4 48 34 4 23 65 7 56 33 
56 71 25 34 56 12 16 86 22 
29 66 62 9 25 55 22 53 13 
4 31 55 64 87 54 49 90 76 
13 96 84 98 52 6 22 37 61 
34 52 47 7 33 64 69 41 88 
75 15 92 87 18 23 93 33 9 
98 34 50 25 98 45 60 95 48 
66 17 84 78 2 88 24 60 72 
40 80 64 27 54 78 71 92 95 
45 84 28 5 33 61 54 58 58 
50 69 53 50 34 21 33 12 74 
72 87 33 95 26 13 59 5 18 
36 75 10 83 19 45 62 23 78 
74 28 87 83 77 55 87 26 41 
7 11 4 80 34 90 65 29 68 
29 87 72 46 74 98 7 8 16 
52 69 90 81 42 17 19 25 45 
25 63 23 65 70 33 68 1 66 
10 17 46 77 45 32 48 43 58 
97 49 65 12 52 86 53 84 27 
21 2 3 17 27 66 39 43 87 
71 11 39 89 20 56 34 48 52 
18 95 94 27 91 95 91 54 46 
76 58 30 55 30 83 9 46 9 
74 85 52 12 7 14 3 47 85 
58 81 32 61 50 78 55 76 68 
49 66 73 46 94 82 75 48 11 
10 8 8 18 34 44 21 45 51 
86 47 97 70 56 29 1 69 78 
78 75 5 97 23 71 21 20 16 
2 47 15 64 56 22 72 73 55 
15 46 52 17 31 50 66 1 58 
94 53 26 24 83 100 28 31 74 
50 52 93 65 5 39 31 69 46 
53 92 19 59 6 16 10 23 98 
60 40 50 17 33 3 94 8 37 
93 88 67 66 37 18 10 54 75 
1 84 43 46 36 34 16 95 91 
31 56 65 29 15 4 30 83 89 
32 76 96 20 20 83 87 85 72 
56 47 25 30 47 60 72 92 96 
57 60 42 48 90 49 12 70 16 
68 100 98 56 83 26 3 3 45 
38 41 82 9 96 28 85 26 26 
44 49 69 91 58 28 84 5 70 
33 68 39 48 35 90 97 90 25 
22 45 27 19 82 67 100 90 14 
79 74 39 56 17 40 24 8 97 
4 43 53 73 75 20 63 22 7 
53 71 48 77 92 92 55 62 73 
73 13 14 86 91 87 77 46 56 
68 22 15 16 25 57 68 97 32 
39 59 5 45 63 27 93 91 19 
84 97 32 9 69 45 22 7 35 
61 35 33 16 2 6 82 17 30 
38 36 78 21 74 88 78 19 3 
4 63 45 74 98 42 6 6 62 
2 28 68 88 88 54 20 55 55 
77 88 23 58 25 58 87 98 32 
75 27 2 29 30 64 73 56 61 
14 13 67 76 14 46 95 1 85 
49 73 91 55 49 78 78 7 54 
87 45 3 70 19 29 71 99 11 
34 72 66 47 37 78 13 12 43 
10 59 43 46 59 67 36 13 16 
13 42 74 18 81 18 21 50 89 
49 21 87 11 54 58 76 100 47 
5 64 58 99 25 68 42 70 26 
8 5 91 75 69 84 100 39 64 
70 59 14 58 59 34 96 70 39 
6 97 91 52 2 6 61 100 31 
29 93 52 6 53 9 48 79 77 
32 79 67 95 48 25 60 5 36 
93 52 5 84 57 1 74 8 54 
31 69 6 13 49 50 65 6 2 
73 54 81 1 37 11 68 83 58 
44 43 14 79 35 65 35 70 74 
36 95 81 41 26 1 46 38 1 
96 2 7 49 74 12 81 27 48 
91 94 30 48 89 24 13 68 59 
78 2 80 51 89 75 83 30 100 
36 27 37 36 74 91 94 23 16 
57 3 42 56 94 87 86 93 76 
9 6 95 19 83 48 99 85 89 
73 19 70 24 54 96 12 90 22 
2 35 44 18 92 98 11 47 91 
50 84 84 77 45 41 71 15 75 
70 65 59 10 89 77 79 12 83 
27 24 72 48 25 58 91 94 49 
88 5 48 31 54 31 66 82 27 
6 52 42 32 73 6 90 83 95 
18 61 58 100 39 81 23 86 58 
33 28 51 81 68 7 80 98 12 
11 15 93 89 72 96 30 3 21 
88 44 3 34 13 15 91 65 54 
24 87 91 81 19 19 83 52 86 
42 31 35 53 93 1 98 82 72 
45 63 26 65 50 69 67 35 81 
34 26 97 39 49 84 29 81 54 
47 63 57 84 4 40 18 9 84 
18 58 65 41 2 80 66 67 81 
86 85 16 19 70 93 15 8 93 
50 37 25 4 35 87 12 19 43 
51 88 3 35 58 60 51 98 13 
82 16 31 63 1 16 30 19 85 
74 34 93 66 83 81 90 38 15 
28 2 85 22 52 73 76 38 82 
87 41 79 100 74 46 30 88 99 
97 17 17 82 90 2 26 7 37 
6 48 26 72 28 27 57 1 31 
81 29 20 62 15 60 92 66 86 
38 48 73 88 44 90 4 77 31 
58 54 90 46 11 89 71 83 16 
98 91 69 28 71 97 47 84 11 
59 75 29 44 64 76 16 51 19 
57 7 48 40 16 1 29 61 12 
17 31 94 85 80 36 5 59 58 
1 58 41 63 16 67 91 11 83 
66 78 33 37 87 91 84 26 6 
84 6 18 95 74 1 40 58 80 
27 62 39 84 14 96 24 77 63 
91 19 25 73 37 54 57 73 40 
100 56 65 57 91 22 75 38 96 
75 29 53 6 56 67 44 39 32 
91 15 8 53 57 79 29 29 15 
83 37 87 22 88 94 39 45 36 
60 71 73 55 97 54 60 2 9 
26 98 99 9 88 13 17 93 69 
47 21 49 61 55 38 99 77 25 
44 67 69 79 26 91 4 33 87 
57 92 89 17 69 38 15 77 77 
80 45 69 48 91 42 49 51 96 
86 1 24 10 44 90 31 75 16 
21 78 48 8 86 91 48 54 59 
37 68 35 13 47 80 82 47 22 
75 95 25 70 32 25 46 41 69 
35 71 43 2 44 72 49 3 9 
39 2 62 49 38 29 36 50 28 
15 83 26 88 57 72 12 79 3 
37 24 43 57 58 66 51 60 9 
74 60 63 82 51 64 43 99 1 
23 34 50 50 100 33 27 40 41 
98 51 19 100 39 94 95 47 4 
12 97 15 72 70 74 34 51 76 
97 45 27 97 68 12 98 17 64 
82 96 3 75 93 5 93 45 44 
39 39 90 42 50 39 56 21 60 
81 6 63 9 2 7 35 50 74 
98 99 43 61 33 38 63 7 82 
20 51 26 63 89 16 4 30 17 
94 37 89 54 70 94 16 78 47 
74 64 48 100 61 47 42 74 79 
31 88 85 12 7 35 90 69 76 
5 25 5 74 18 94 62 23 15 
8 90 92 54 64 7 2 63 19 
100 56 92 78 86 80 14 49 86 
100 38 7 75 95 83 32 68 100 
25 29 75 39 88 64 82 42 79 
88 95 93 6 94 48 50 23 85 
29 36 34 66 35 71 24 10 65 
6 41 84 58 17 65 32 7 52 
47 88 45 26 27 39 70 32 84 
18 33 6 54 61 93 87 79 28 
10 2 89 26 8 81 10 65 97 
74 48 3 77 94 42 22 19 68 
12 41 51 96 58 84 53 11 96 
46 50 74 25 59 76 13 84 83 
45 45 99 41 70 46 95 47 39 
88 20 10 55 83 50 57 78 59 
40 31 21 36 28 70 61 52 80 
36 64 64 70 8 60 20 100 30 
65 46 28 56 33 47 65 39 29 
66 95 59 76 87 41 96 74 68 
18 34 19 97 22 34 12 91 93 
72 63 44 1 27 41 28 82 73 
26 98 63 6 15 57 64 90 43 
56 38 16 23 55 2 93 51 23 
78 63 65 22 86 27 17 86 54 
57 65 87 81 42 37 43 47 51 
52 11 93 94 66 30 62 41 36 
63 85 38 85 63 52 49 36 37 
28 53 74 33 9 90 71 90 31 
7 84 78 10 35 40 54 81 57 
35 42 97 70 4 34 7 40 96 
11 40 31 47 67 83 73 99 44 
62 70 85 93 28 68 70 37 3 
61 42 83 17 76 76 66 45 79 
99 4 70 94 14 9 76 12 76 
11 84 26 6 46 47 90 90 75 
57 59 63 11 19 5 45 35 32 
20 52 29 50 50 32 19 43 97 
80 71 60 55 33 44 32 38 41 
79 27 30 53 35 40 67 98 10 
71 42 96 55 14 48 83 15 97 
14 86 92 62 65 62 73 71 94 
16 54 31 8 32 9 89 36 43 
28 3 40 37 25 34 33 79 99 
80 61 65 28 26 50 19 39 66 
80 12 88 25 79 42 55 39 73 
15 27 61 58 7 63 49 43 39 
34 27 70 32 58 82 97 86 8 
98 56 98 64 36 9 51 60 40 
92 67 78 17 33 56 77 90 62 
91 91 57 29 24 83 50 8 93 
32 4 30 91 53 85 88 16 72 
49 19 84 40 62 50 17 78 34 
72 6 76 86 96 66 42 77 41 
76 26 48 68 57 3 49 47 56 
34 87 23 5 87 41 88 26 3 
89 42 32 75 65 38 50 50 33 
15 43 9 7 19 87 55 86 43 
9 87 42 16 20 28 39 76 14 
31 16 91 33 56 84 17 30 48 
54 79 50 38 45 92 99 52 10 
85 58 48 27 66 34 20 82 5 
99 72 80 64 2 47 54 87 3 
37 55 84 37 8 63 38 45 7 
29 95 10 91 79 67 90 58 85 
75 77 66 79 28 89 10 91 42 
57 97 80 11 33 34 94 21 41 
8 58 38 15 39 32 24 29 63 
43 70 20 27 44 48 44 74 75 
32 83 66 25 91 62 5 1 46 
38 47 67 31 54 24 20 20 14 
51 96 94 13 38 63 84 64 58 
32 59 31 6 90 14 23 66 4 
84 70 57 82 60 3 100 90 8 
23 9 28 37 11 23 30 76 60 
45 59 75 2 90 33 33 48 74 
98 70 39 53 6 9 9 39 20 
63 38 9 71 60 69 98 48 79 
20 30 6 31 26 65 5 27 6 
37 11 5 62 8 75 100 61 32 
60 21 70 79 36 7 39 6 18 
7 3 18 38 74 99 43 4 24 
59 60 2 17 48 65 21 9 24 
47 60 36 78 72 57 99 50 92 
57 41 49 27 47 3 44 36 76 
94 79 31 69 89 42 22 5 89 
86 26 49 62 72 8 97 2 79 
5 52 81 96 9 21 96 35 19 
98 30 55 73 75 85 55 43 73 
48 16 78 36 2 55 36 63 26 
96 11 79 26 16 31 58 63 91 
30 59 25 49 56 6 55 81 80 
91 87 74 15 35 89 44 22 42 
98 58 56 76 53 67 54 30 82 
36 88 96 26 17 54 50 17 10 
7 23 42 38 13 28 11 80 62 
100 23 84 93 21 93 49 96 45 
67 1 26 100 37 13 95 62 82 
49 64 98 10 70 21 51 8 85 
30 70 16 92 69 39 27 14 59 
19 62 6 15 80 6 40 79 42 
5 73 4 86 73 67 83 82 88 
55 84 47 92 14 17 7 57 37 
97 83 50 55 53 63 12 67 42 
18 6 20 11 10 93 14 47 17 
32 30 99 72 36 34 18 79 47 
34 38 55 23 34 89 72 41 41 
35 52 7 28 21 65 48 32 26 
92 97 73 8 81 54 58 52 41 
44 21 20 90 7 9 97 29 42 
85 100 34 26 86 38 84 66 58 
100 65 41 26 56 90 50 15 70 
3 25 73 95 68 93 66 9 99 
74 5 79 68 42 31 1 67 16 
38 2 33 48 2 97 88 79 4 
77 28 71 98 82 95 70 76 14 
15 94 74 65 67 31 44 86 72 
74 87 90 41 76 91 74 23 44 
70 63 22 26 91 49 96 89 82 
42 10 10 55 24 3 80 89 69 
10 84 55 81 57 93 22 97 68 
65 22 43 8 44 5 30 69 95 
30 64 35 12 5 45 21 11 20 
23 90 60 43 100 43 49 32 99 
93 54 48 61 18 21 55 77 64 
59 58 32 5 88 95 40 51 51 
84 23 61 3 97 51 15 39 2 
57 40 33 8 32 38 7 44 7 
27 98 36 91 8 93 22 13 80 
69 52 82 19 87 4 80 41 100 
82 55 91 83 12 82 67 71 65 
57 77 9 15 3 58 50 45 66 
43 67 78 74 87 81 56 5 67 
11 36 59 63 17 14 53 51 77 
86 70 47 50 78 23 10 92 77 
68 42 22 33 36 40 62 9 26 
42 16 82 60 27 18 18 89 86 
31 93 37 59 30 58 5 79 35 
79 41 26 8 8 19 81 92 54 
20 53 15 97 46 30 78 5 8 
47 22 96 33 5 40 69 63 21 
26 20 100 60 50 92 37 57 51 
56 37 42 61 8 46 75 56 91 
57 34 95 64 32 68 12 64 72 
3 84 35 24 9 6 75 20 55 
66 9 12 16 16 100 9 76 60 
54 3 15 96 59 100 42 74 32 
9 85 95 81 88 79 67 63 39 
72 37 11 26 2 71 89 69 86 
41 77 13 100 82 15 66 77 25 
66 70 99 49 78 35 43 10 22 
73 28 84 64 99 72 26 77 73 
48 17 93 33 57 21 45 8 2 
12 74 30 36 91 99 86 39 29 
21 33 38 94 58 18 30 21 16 
1 98 44 26 45 61 70 29 69 
91 25 77 92 36 2 74 24 92 
24 61 30 52 81 62 42 27 19 
59 56 91 26 8 40 70 85 36 
82 55 64 2 45 89 30 88 76 
31 61 99 74 85 60 55 88 92 
17 29 18 87 87 25 30 65 33 
69 34 69 57 67 23 20 20 67 
60 50 7 36 32 67 34 6 3 
45 60 91 89 28 19 6 67 58 
83 96 22 67 16 7 35 72 25 
58 44 44 76 3 45 82 38 77 
1 24 34 3 20 45 45 8 25 
16 66 91 25 48 38 46 66 5 
4 52 29 80 61 72 23 37 26 
68 70 64 96 22 39 81 25 58 
25 21 66 1 36 83 43 12 82 
80 9 47 37 12 98 17 91 59 
88 66 47 65 85 68 80 80 90 
18 12 66 28 36 86 93 89 74 
27 31 85 8 63 46 6 99 57 
55 15 100 13 54 65 11 70 1 
79 50 80 20 67 91 85 94 78 
22 38 66 47 16 49 84 23 11 
29 80 61 37 35 27 36 99 32 
52 10 1 52 40 50 83 11 69 
25 95 14 55 68 4 72 15 19 
20 98 94 82 78 73 42 14 7 
68 2 6 99 53 67 100 57 58 
1 91 68 21 68 14 35 22 81 
90 45 47 8 17 96 1 98 73 
26 40 39 84 59 40 41 58 44 
7 9 52 16 61 43 83 82 62 
48 68 83 81 57 79 27 64 95 
75 17 93 99 94 84 37 77 42 
28 18 51 72 76 11 23 92 72 
17 26 5 78 26 72 12 6 28 
91 84 43 37 58 11 29 9 56 
64 45 85 6 73 2 56 96 29 
67 70 72 90 39 98 94 68 75 
17 80 80 44 22 15 38 58 25 
1 39 33 8 2 29 92 59 53 
45 67 48 74 85 70 45 74 8 
94 67 75 68 83 6 99 78 79 
66 67 37 90 19 27 74 27 80 
2 70 39 7 15 5 6 88 41 
75 84 14 34 30 32 61 49 14 
66 100 43 45 65 61 33 6 80 
11 79 58 90 32 27 80 38 41 
36 44 80 76 70 64 89 4 93 
20 16 41 85 81 92 79 77 56 
40 61 61 71 71 91 28 13 75 
54 92 64 47 28 7 26 55 29 
41 44 32 85 15 47 78 100 79 
69 78 8 77 69 20 89 39 43 
80 66 55 6 72 46 69 70 25 
76 47 80 4 40 75 87 24 89 
85 53 40 15 74 70 22 50 38 
94 38 77 36 69 94 90 74 17 
87 43 38 64 70 85 95 73 76 
69 11 51 9 95 4 49 61 77 
18 35 78 55 28 15 83 15 84 
29 56 9 97 42 51 35 57 20 
71 51 44 46 71 6 96 80 52 
51 80 13 79 97 47 56 3 26 
23 38 40 58 18 95 66 14 88 
69 48 45 88 70 47 84 67 70 
89 63 1 93 65 80 5 96 28 
3 3 82 28 25 71 67 34 88 
13 52 2 100 20 1 96 59 71 
95 94 89 64 83 51 16 75 68 
95 31 63 74 33 65 55 12 42 
26 78 75 13 42 26 66 41 97 
19 37 56 41 83 49 29 46 83 
80 61 9 99 7 39 61 80 23 
77 86 34 18 11 63 93 76 4 
70 93 45 67 11 33 74 51 15 
22 80 12 57 11 24 65 9 30 
56 21 61 78 97 46 12 15 9 
74 59 36 30 80 28 74 46 91 
58 19 41 24 93 20 35 49 30 
58 65 90 39 20 10 51 98 7 
48 61 73 8 86 31 43 15 10 
23 40 8 13 97 78 5 20 70 
25 6 70 6 15 35 96 53 54 
5 55 51 11 3 63 83 10 49 
65 5 15 75 79 55 34 43 3 
11 47 23 81 71 80 50 77 95 
84 24 99 90 28 54 92 91 8 
55 73 69 55 90 73 69 16 3 
75 49 45 78 59 44 52 39 66 
31 41 94 25 76 17 76 65 45 
29 57 35 36 63 59 4 69 100 
29 37 15 31 64 63 28 93 22 
71 44 12 36 26 4 30 3 32 
98 78 96 42 6 4 28 93 18 
39 96 86 38 76 75 53 59 38 
67 86 30 40 8 25 4 95 50 
59 76 4 90 74 81 38 67 38 
93 95 30 11 33 78 48 22 5 
