169 155 85
55 12 35 21 40 96 73 18 94 14 34 5 74 6 53 48 64 40 77 18 17 23 14 97 85 15 87 90 83 93 29 89 5 64 9 44 11 34 14 57 47 47 61 72 52 66 20 67 5 48 85 73 23 50 69 7 64 7 97 99 100 77 39 56 92 48 51 3 33 64 59 79 10 71 51 61 36 22 80 92 69 16 65 43 65 85 50 28 44 98 78 43 74 17 50 66 16 100 20 48 64 78 78 25 100 28 38 36 1 17 79 22 32 95 64 96 80 13 75 75 10 5 69 36 21 18 53 36 69 72 35 84 1 12 9 100 92 46 87 92 62 66 13 45 12 77 40 91 41 66 17 3 70 85 38 
42 2 90 77 23 61 63 6 13 75 66 12 18 11 51 9 24 16 74 68 27 50 59 70 42 77 38 44 46 23 33 88 76 22 16 98 34 79 56 46 5 21 10 22 32 60 82 7 27 55 27 5 56 85 26 98 61 64 93 59 86 26 46 13 99 13 11 85 43 66 30 47 86 91 20 69 50 2 28 28 56 54 33 12 38 10 61 51 73 53 9 10 78 6 23 77 70 85 61 13 2 42 59 87 85 79 8 34 80 35 14 87 88 98 98 77 7 58 79 32 63 87 41 40 44 15 68 14 99 80 78 100 74 88 39 58 66 98 43 97 84 56 36 71 5 85 99 12 43 78 95 57 16 35 48 
12 2 16 77 100 47 54 52 20 41 42 29 59 39 72 7 22 79 42 44 84 27 94 47 21 71 41 77 39 27 24 50 80 91 26 80 38 31 83 9 71 24 38 81 14 61 88 87 91 29 30 26 55 75 72 27 46 64 3 36 43 79 85 22 69 62 53 58 92 35 67 14 10 56 95 75 68 34 61 58 62 42 84 69 17 7 95 62 71 50 49 13 80 33 34 48 46 87 6 89 73 24 54 35 31 100 9 98 33 70 55 47 11 90 15 79 97 61 92 67 62 40 31 41 24 16 41 69 54 98 9 27 21 63 13 3 14 21 100 47 42 6 93 5 96 59 83 44 71 75 10 33 14 92 25 
38 7 65 58 61 62 19 39 82 81 51 36 46 23 35 92 65 93 36 69 88 46 3 31 17 77 92 1 43 35 25 32 41 90 89 53 51 7 91 85 39 93 20 85 16 7 28 32 99 64 52 38 61 54 20 77 83 11 77 25 97 2 56 37 43 44 42 93 3 32 29 93 77 1 29 92 7 57 23 57 72 26 94 32 79 13 9 61 75 37 85 71 90 92 59 32 36 100 77 90 84 57 82 60 57 11 51 15 19 25 71 90 50 64 73 80 28 33 41 2 70 77 24 59 69 83 43 56 82 19 97 65 75 78 76 84 40 78 98 10 2 21 51 3 36 24 35 64 8 75 17 77 3 41 88 
71 23 30 78 56 100 74 73 26 4 48 9 95 26 59 5 79 31 55 34 66 30 68 81 38 94 98 66 96 90 53 19 12 34 96 19 85 22 91 11 25 39 71 19 16 81 75 94 11 30 79 29 11 46 9 48 39 58 14 87 47 18 57 10 4 4 29 40 25 71 2 49 61 73 20 76 5 94 22 68 75 100 96 86 98 56 33 88 14 98 74 12 68 30 22 71 34 50 62 10 72 64 11 33 88 30 8 92 23 29 59 50 81 6 35 78 62 67 65 75 17 91 86 84 72 59 6 5 60 67 67 32 30 77 64 69 6 71 61 80 52 71 29 84 77 15 61 38 34 77 64 50 67 1 85 
39 60 90 95 19 8 61 50 90 89 13 58 94 36 18 26 87 41 6 22 17 21 34 6 54 10 21 55 29 21 39 19 80 80 65 99 87 78 48 76 66 61 34 12 48 3 37 86 43 94 7 11 14 40 68 19 49 88 73 29 9 11 47 88 90 12 38 29 41 86 4 6 98 89 17 45 92 5 30 86 99 88 49 64 27 68 83 27 56 55 56 16 18 54 55 59 17 93 87 57 30 91 63 27 79 31 23 22 36 4 60 86 91 60 49 69 27 83 95 82 90 2 49 7 56 4 65 72 96 4 29 25 94 43 3 24 73 25 98 60 80 9 97 22 68 46 90 94 80 36 28 69 38 76 27 
93 79 44 16 26 47 44 50 92 38 52 67 63 28 64 22 59 72 19 80 91 16 21 37 95 57 64 16 94 91 94 38 22 37 53 47 35 49 49 26 86 100 93 48 80 8 22 38 32 40 70 22 7 90 58 53 98 73 20 91 64 14 28 37 2 33 83 37 81 31 14 18 83 58 66 14 66 87 3 97 78 72 18 36 14 28 88 11 100 8 54 15 21 33 3 22 65 38 10 97 20 24 15 2 33 32 67 98 70 70 94 99 93 64 34 58 43 21 69 94 28 74 61 100 58 63 74 75 100 35 71 20 58 37 73 91 68 40 40 89 61 86 87 53 1 20 11 43 41 31 36 20 56 48 72 
13 11 45 87 62 79 10 33 89 98 6 31 66 97 22 6 57 7 93 61 7 64 23 1 56 53 89 76 8 36 99 73 98 95 11 60 73 72 92 13 70 49 95 87 97 17 92 5 75 36 66 34 100 40 34 55 93 22 82 52 58 80 76 7 74 39 66 99 10 10 63 31 10 58 17 7 26 61 63 100 96 80 33 47 20 19 2 12 40 35 15 49 15 91 56 40 81 73 38 90 82 1 21 44 10 89 50 35 49 12 86 97 44 71 43 63 89 96 26 80 31 40 29 97 82 36 36 62 60 74 4 42 26 24 85 35 64 86 21 13 49 58 61 92 28 55 54 68 3 31 48 85 71 28 81 
4 15 16 18 74 41 21 15 18 96 51 4 59 88 24 71 89 82 83 80 61 38 86 29 92 68 76 76 38 3 56 94 17 23 11 90 16 31 57 33 78 59 37 36 99 12 59 87 45 41 18 6 30 55 34 21 23 61 48 12 15 3 5 83 78 67 24 93 97 32 77 26 91 13 62 89 77 20 27 21 12 44 78 94 51 63 66 73 23 14 84 89 68 41 71 45 7 95 89 56 26 66 81 68 30 42 8 6 13 34 79 77 30 8 70 80 71 87 4 45 52 87 34 20 79 4 16 86 50 5 41 28 70 21 47 99 15 55 57 79 40 87 55 69 94 76 100 64 15 3 61 66 42 94 37 
20 49 53 57 51 9 97 78 78 70 24 28 36 30 84 14 70 22 21 90 16 48 42 31 62 96 91 80 89 84 16 9 85 20 17 35 28 66 64 57 35 39 85 70 69 20 35 90 42 7 79 57 55 72 87 68 68 78 99 56 13 15 16 49 34 33 35 14 98 98 70 84 89 54 5 57 26 39 98 67 98 28 75 4 100 13 71 67 42 70 74 7 36 90 55 21 74 90 34 71 39 56 54 27 9 58 35 86 48 84 4 45 12 78 100 63 43 71 29 84 92 54 42 79 43 97 51 16 38 37 38 28 92 43 7 52 52 93 38 100 77 41 96 40 71 96 2 13 18 82 48 61 35 90 91 
30 38 41 45 27 77 35 54 20 77 60 72 29 53 9 80 81 1 75 20 71 22 21 35 91 54 35 3 88 24 93 17 13 86 14 39 14 48 92 34 24 4 57 4 8 17 83 88 17 10 59 40 83 31 26 74 84 60 28 23 35 73 40 47 10 5 85 23 4 77 8 79 32 16 83 39 32 65 78 1 74 36 92 9 18 17 82 53 29 9 75 63 33 66 10 42 70 46 65 73 22 24 4 5 40 86 43 23 2 72 23 28 59 14 36 76 83 17 28 11 77 55 25 10 20 34 3 42 80 19 66 53 43 69 10 34 54 4 56 56 76 31 83 34 96 70 62 30 86 41 92 14 95 17 75 
67 50 78 8 81 96 25 86 90 94 95 75 99 98 83 6 73 13 40 59 60 9 72 90 46 12 81 60 59 97 86 25 99 15 84 31 11 8 16 52 53 62 27 4 12 9 61 84 73 1 94 32 61 65 73 7 29 6 18 87 54 55 63 52 70 98 35 32 57 2 83 10 64 61 65 75 21 25 10 93 25 56 77 38 72 49 96 100 54 65 38 8 19 52 11 40 49 97 71 6 99 6 67 14 66 31 40 87 7 49 31 32 56 7 21 28 8 16 79 61 80 69 20 50 20 83 90 21 79 60 78 29 65 96 42 83 78 81 69 84 82 99 67 89 58 87 16 65 2 47 77 33 15 49 83 
86 31 24 6 61 83 35 90 100 30 83 82 59 16 2 43 49 52 9 37 9 96 5 73 49 51 50 82 17 98 16 2 80 91 60 92 73 94 33 24 76 16 57 34 83 58 76 31 62 37 19 70 32 23 95 32 25 96 65 41 45 80 95 76 70 54 67 95 99 100 70 26 67 27 12 49 36 39 31 97 75 49 67 58 24 13 90 48 8 54 41 4 86 35 79 7 88 45 1 86 96 23 64 62 49 75 62 84 13 92 81 88 93 99 45 16 63 86 15 70 40 55 73 25 89 51 31 76 47 84 14 43 58 77 56 6 3 18 41 15 61 21 54 53 71 51 20 33 36 35 54 75 89 26 51 
30 28 34 5 27 69 70 69 26 98 24 31 100 41 23 67 54 44 20 6 66 70 78 99 58 12 4 32 52 82 35 81 9 68 38 87 88 7 55 13 57 31 95 56 23 17 22 76 12 94 34 78 15 11 28 72 22 83 56 25 64 90 6 25 9 95 11 96 53 66 60 9 96 54 65 18 22 38 46 34 83 79 63 98 89 42 69 62 24 76 86 88 65 43 12 73 89 22 20 42 39 79 50 86 84 66 56 6 56 1 91 38 79 53 87 19 46 8 80 69 83 17 8 48 12 71 72 52 93 44 93 83 22 95 69 6 60 24 63 67 76 53 57 54 5 43 24 2 50 55 70 33 23 30 32 
86 100 55 38 44 98 30 27 72 24 47 29 36 70 91 54 45 43 10 50 99 53 73 100 54 79 21 38 1 50 69 87 2 76 24 45 25 5 23 96 81 69 76 16 38 66 69 34 60 31 35 58 35 59 9 88 37 82 26 38 83 46 24 84 21 99 29 98 3 51 93 83 20 21 50 9 86 71 95 98 1 29 7 35 88 16 22 76 49 99 13 31 97 88 15 69 86 95 66 89 97 11 23 68 31 73 77 16 43 23 13 95 3 20 29 42 87 2 18 35 53 82 17 49 70 31 17 55 25 83 95 22 93 18 89 23 42 17 90 84 91 55 78 94 26 58 87 64 11 4 98 63 86 14 11 
55 97 28 61 73 10 56 94 2 25 35 76 66 3 17 1 46 71 30 39 96 87 25 59 49 81 8 12 66 74 22 72 70 49 84 94 10 39 40 63 15 74 38 32 28 55 32 73 77 61 63 25 99 40 83 48 20 43 59 37 68 32 60 89 81 43 82 42 34 21 5 48 46 94 80 26 100 63 98 77 76 13 1 74 4 35 73 75 77 83 11 44 15 22 32 47 64 66 88 97 86 92 97 32 86 28 9 85 90 6 13 17 70 13 91 73 48 15 47 76 98 9 72 12 30 55 58 46 20 97 94 58 89 90 89 26 69 97 62 11 54 75 27 76 39 69 100 38 84 99 14 81 7 37 44 
89 91 53 34 11 49 27 68 89 69 8 66 89 56 28 99 61 54 78 88 44 46 88 82 29 86 47 61 44 83 4 32 25 56 17 87 57 44 6 45 64 65 63 52 20 42 3 33 95 80 72 90 25 59 71 6 96 69 66 40 51 22 71 28 29 88 14 85 83 20 82 98 84 44 49 56 85 3 40 31 82 11 20 59 70 43 64 65 11 81 56 14 2 27 41 31 66 54 67 100 25 100 97 9 95 45 16 79 100 55 61 81 65 33 39 86 75 54 3 37 35 58 50 88 36 42 70 1 48 37 52 72 36 48 32 31 45 47 61 44 1 74 24 18 6 15 3 32 20 5 68 6 63 70 94 
98 11 15 51 58 51 54 30 39 2 61 21 46 60 33 41 60 58 16 77 63 82 32 94 2 36 14 7 98 83 52 48 93 67 50 3 69 3 32 59 56 44 79 53 55 64 93 15 21 9 43 36 42 74 81 43 62 94 2 11 28 53 58 73 71 59 75 40 14 58 98 69 53 29 74 8 44 66 74 64 26 16 51 20 42 32 62 3 25 15 13 53 20 23 25 90 33 51 81 98 8 31 19 60 11 92 67 54 9 40 69 87 8 20 6 1 51 67 3 27 34 67 31 53 41 7 42 74 57 23 71 64 5 89 76 15 32 94 68 41 86 88 27 93 7 84 93 9 50 47 36 83 65 66 35 
6 25 29 31 81 3 53 97 7 94 24 21 25 17 40 65 2 27 43 46 86 26 90 94 28 88 81 62 53 99 49 10 23 77 40 55 31 44 51 37 37 74 9 62 43 100 26 44 78 21 90 63 46 31 9 25 19 89 87 71 39 35 32 13 63 71 68 93 14 70 29 51 44 89 64 86 88 41 81 65 61 22 28 59 53 88 83 23 28 21 45 67 55 76 79 69 98 98 61 63 68 41 65 63 29 28 100 68 69 80 33 81 54 12 39 6 99 74 80 78 94 24 44 1 99 75 69 96 72 30 58 91 22 23 53 51 2 52 18 70 32 2 3 85 13 41 42 63 66 21 41 60 96 36 60 
94 10 28 41 34 9 98 24 31 72 29 33 74 80 2 95 63 56 49 99 68 90 40 31 7 12 23 66 59 58 77 52 20 57 92 53 17 42 28 99 65 56 83 90 88 85 37 50 92 85 49 59 26 40 41 33 4 63 50 62 21 79 14 92 87 57 44 3 50 23 2 67 31 84 56 18 20 44 19 11 81 67 22 6 7 62 90 10 77 92 71 49 70 36 40 56 45 35 58 46 57 11 12 39 95 20 8 66 15 27 77 95 93 98 1 51 11 42 12 87 33 83 35 2 70 26 9 66 60 19 12 69 29 75 7 75 94 15 41 9 93 69 55 37 18 55 88 28 97 99 67 81 33 53 83 
55 79 43 20 38 61 83 6 90 58 65 16 3 31 56 63 23 76 18 59 93 72 98 73 20 49 39 1 81 43 35 87 21 77 7 11 38 89 68 79 46 32 94 49 14 2 63 88 77 80 99 22 4 96 94 23 44 84 75 77 26 61 63 99 38 21 61 27 10 28 57 7 12 50 7 25 3 70 13 32 49 11 53 4 58 98 27 54 33 53 82 58 14 44 8 3 65 68 81 26 96 37 84 59 38 91 83 93 12 47 24 12 9 28 16 19 25 94 72 57 98 53 66 11 48 74 65 64 93 97 41 40 85 25 98 23 67 33 15 78 31 90 41 40 17 56 10 93 1 33 1 99 37 18 61 
36 43 78 100 36 74 40 75 59 16 73 33 82 5 47 11 35 88 52 26 56 59 87 48 60 19 100 58 7 17 70 43 60 47 42 95 21 33 69 79 49 93 11 82 49 9 93 36 96 96 13 3 54 100 50 65 70 49 74 77 17 44 19 76 90 12 70 62 96 91 40 96 35 2 78 84 62 22 19 9 69 31 11 22 82 60 39 4 60 12 80 77 7 50 4 97 13 26 58 60 16 50 56 2 3 85 85 65 6 55 25 74 38 36 47 19 47 37 74 59 49 5 35 7 54 90 55 18 15 65 78 82 14 33 84 68 17 68 84 74 75 9 99 12 44 97 82 90 34 56 48 34 60 34 40 
66 76 95 83 90 59 12 72 24 96 55 43 64 74 27 37 48 35 87 11 78 84 93 19 17 48 19 50 59 4 41 24 79 35 59 69 45 70 92 68 66 98 11 81 71 89 18 71 23 56 81 52 39 73 70 7 72 40 56 83 44 49 6 74 83 16 94 80 38 85 47 55 82 9 35 5 97 4 75 71 60 7 22 98 32 44 5 3 83 12 85 78 60 43 4 95 10 97 74 47 82 72 53 15 33 88 19 81 91 45 52 2 4 25 52 35 68 8 37 3 71 74 32 31 68 35 77 29 32 2 28 65 73 80 31 57 19 2 38 62 46 89 63 49 65 66 35 33 73 24 87 44 49 18 26 
16 53 2 96 36 55 23 52 27 55 82 84 73 83 73 86 81 13 49 81 77 14 16 61 39 39 47 82 87 65 59 54 69 60 49 56 14 24 7 92 78 40 27 2 23 99 88 3 63 88 83 40 53 50 100 91 88 47 24 74 63 82 27 83 93 28 38 58 51 96 2 80 35 28 33 57 79 20 11 41 59 46 80 64 95 32 54 83 78 30 8 92 11 87 74 56 14 63 13 16 58 14 47 44 94 79 53 72 99 63 64 9 60 96 72 55 27 78 89 56 7 96 47 69 34 72 24 47 34 37 14 43 2 60 86 95 39 38 18 89 53 82 49 12 77 21 18 55 98 58 10 56 54 8 24 
39 79 48 38 64 36 51 6 37 63 43 32 1 33 49 41 85 82 89 48 58 9 18 64 58 75 73 13 80 32 89 19 10 36 56 73 23 58 30 59 20 73 90 20 5 91 60 41 72 1 40 82 61 57 45 19 32 70 83 11 1 71 81 63 58 36 87 80 94 17 91 13 41 32 85 97 22 96 37 46 96 28 27 57 85 71 27 68 40 9 30 93 32 11 55 41 98 41 73 43 57 63 56 97 46 92 45 68 87 81 13 35 61 39 91 45 61 69 64 53 77 93 45 60 55 99 1 53 39 25 95 48 39 2 96 84 45 41 51 32 73 15 66 33 5 8 29 66 76 92 18 4 37 14 16 
43 12 68 47 2 92 42 49 30 95 45 13 40 85 16 23 9 82 40 42 87 99 22 4 26 66 73 29 54 86 96 96 97 63 43 98 54 36 99 35 82 43 100 73 79 67 95 39 48 34 80 34 84 54 89 9 19 61 90 72 46 85 19 94 48 61 44 53 48 42 40 30 36 39 2 14 57 97 52 4 82 84 90 66 89 78 74 7 91 63 30 36 100 48 30 47 9 73 51 56 66 90 37 1 80 39 66 36 87 69 40 68 52 81 85 40 10 11 98 100 25 27 36 24 27 17 70 87 41 21 94 6 62 31 58 42 69 23 77 55 91 68 74 95 48 59 86 10 21 84 9 45 62 96 69 
88 64 90 26 4 10 20 61 72 50 18 65 70 92 41 76 83 9 49 77 8 59 62 17 79 97 78 24 59 73 44 98 37 33 24 92 95 43 5 66 44 22 82 13 14 22 88 48 82 36 24 42 47 37 10 77 34 87 52 92 60 95 41 48 28 64 91 22 6 95 39 49 69 20 13 34 93 100 81 27 88 4 68 86 92 77 62 25 64 14 16 75 8 9 74 87 72 64 60 30 59 98 30 27 69 43 60 14 94 40 40 81 95 7 66 38 35 80 63 50 93 30 76 52 38 49 91 10 65 50 91 23 100 20 1 20 62 12 33 56 3 72 88 97 30 6 34 17 85 48 66 29 78 94 80 
15 94 22 76 58 72 66 32 23 86 32 42 99 43 75 6 45 98 94 93 80 99 79 48 35 26 65 63 55 58 42 70 52 16 97 9 87 15 41 9 100 24 2 50 67 28 56 63 26 1 56 57 51 86 4 85 11 68 99 18 78 92 39 29 7 35 89 93 49 81 53 100 5 7 50 23 34 57 85 11 9 92 67 11 77 22 47 40 90 45 57 67 36 95 47 43 81 35 87 30 16 92 81 72 98 82 94 31 38 78 42 98 22 60 60 98 82 6 89 23 50 45 89 38 91 87 80 72 73 66 1 88 57 33 11 6 15 4 37 4 34 30 2 55 89 61 4 70 19 93 92 68 89 32 5 
80 18 36 3 91 54 55 30 62 87 93 68 1 96 56 5 81 85 6 35 73 18 91 95 36 83 86 56 71 70 12 2 39 100 4 81 53 58 63 14 45 55 33 45 50 88 49 31 72 6 17 97 76 7 91 63 41 28 18 64 97 82 65 36 81 21 16 33 30 78 98 74 32 83 71 34 70 71 16 94 29 84 42 4 43 32 66 83 59 36 46 8 69 63 95 49 35 10 33 64 40 82 38 23 64 60 8 86 30 75 31 58 59 72 13 1 55 31 35 65 18 33 72 86 95 66 34 29 28 18 44 19 51 33 41 67 92 49 52 22 23 34 31 33 57 96 85 11 26 20 27 43 52 99 28 
98 16 13 78 95 82 21 13 32 54 54 98 45 54 1 18 28 86 1 13 42 96 97 52 21 16 79 63 19 29 42 68 96 54 45 91 87 18 3 18 71 8 68 67 61 68 37 41 54 37 53 47 84 1 51 56 69 29 70 87 9 11 55 4 16 51 46 2 68 49 71 38 56 38 57 69 58 45 61 63 81 65 9 16 65 59 71 33 39 40 20 47 50 26 3 17 76 100 18 44 48 40 33 56 78 41 76 35 85 36 97 17 52 57 32 16 16 2 49 54 93 20 53 94 45 7 10 72 6 79 67 6 19 100 61 96 40 88 82 25 75 30 41 26 86 25 41 1 78 41 7 71 60 59 64 
56 17 26 80 22 4 46 27 74 45 39 69 37 26 2 13 100 31 5 77 17 29 18 69 7 10 75 77 70 85 92 77 1 17 8 23 73 54 1 46 50 40 67 38 17 68 50 69 51 55 45 67 83 14 35 41 24 62 69 45 46 61 73 47 29 81 21 1 86 21 99 35 12 65 25 81 84 74 1 34 28 45 52 63 11 39 55 86 100 24 30 45 36 54 43 16 86 63 69 71 84 67 58 47 83 82 27 66 7 27 52 87 24 3 49 86 41 55 71 40 30 52 37 17 5 79 85 43 42 53 13 77 71 22 23 5 55 2 70 62 80 73 48 55 76 48 40 16 2 62 8 84 13 44 100 
70 22 84 64 15 88 28 91 58 50 66 62 4 19 84 65 98 56 64 5 83 11 96 99 13 58 58 96 22 1 47 43 74 31 6 89 18 34 79 28 35 96 41 90 14 76 55 64 32 18 68 14 81 15 64 93 72 21 40 46 73 38 40 47 68 46 87 38 31 65 17 65 13 57 54 26 33 60 89 16 30 8 81 62 23 97 54 46 69 45 43 42 82 83 40 2 80 26 91 10 42 7 26 54 15 31 80 99 43 20 66 24 80 47 85 2 95 90 99 63 86 42 56 67 24 95 20 55 20 10 64 14 68 41 67 35 71 98 33 65 70 99 88 49 97 24 2 91 13 100 5 98 93 61 17 
68 7 88 22 79 50 37 92 17 77 10 51 100 8 36 64 29 34 4 77 30 27 78 72 92 29 76 41 22 88 57 89 95 97 11 73 46 47 16 14 76 25 65 75 32 52 38 60 85 41 88 66 20 17 89 11 46 16 51 67 4 60 7 50 56 69 22 53 68 37 66 43 13 82 17 97 33 6 8 69 99 96 34 18 12 74 80 57 90 82 75 45 41 82 94 48 2 67 100 69 55 18 11 67 99 79 63 84 37 71 52 35 18 38 4 29 11 35 38 52 16 12 96 57 45 89 56 47 7 56 67 61 25 78 80 23 8 94 6 44 64 10 30 33 47 85 62 57 19 51 9 87 14 56 43 
59 45 50 57 3 57 23 64 81 52 95 56 12 88 61 7 4 22 37 36 68 73 49 77 44 51 37 30 65 92 24 75 88 73 31 91 30 5 6 62 57 100 17 68 39 30 26 42 51 14 30 19 87 78 95 82 29 31 63 45 22 86 19 62 10 1 52 91 5 57 53 13 8 69 32 46 98 58 40 1 71 69 19 57 98 65 90 78 47 52 22 20 89 92 81 99 92 84 41 97 40 93 9 99 14 41 97 63 98 36 63 20 4 33 29 53 97 18 31 95 70 4 15 58 96 47 8 87 31 49 35 22 93 44 21 6 36 17 21 85 52 83 4 7 16 32 11 64 50 93 11 71 97 77 28 
44 23 88 82 5 36 17 27 80 60 99 86 47 15 58 31 18 40 34 76 7 66 86 23 15 79 33 85 27 61 64 70 83 51 3 88 38 19 66 70 30 64 55 76 78 12 6 47 3 40 22 62 5 59 84 19 37 68 55 15 28 18 36 62 21 39 49 10 57 66 79 39 29 85 14 6 48 20 4 51 59 25 64 63 84 47 33 72 66 39 39 45 56 74 6 28 64 7 38 73 72 16 11 1 53 24 58 100 95 62 2 53 38 65 67 73 63 51 97 80 89 35 24 97 60 82 24 76 88 13 48 11 81 10 63 33 33 21 84 28 34 86 32 71 2 51 44 17 53 92 96 42 26 72 90 
37 53 65 12 92 78 11 2 58 20 17 42 5 37 25 84 22 10 15 92 64 17 87 80 70 78 27 63 55 98 4 44 2 68 7 93 45 18 47 54 37 63 95 41 51 72 76 72 33 43 15 96 59 54 27 80 83 54 94 90 51 97 85 53 17 91 97 61 8 43 67 97 57 13 89 59 84 65 82 17 7 49 12 17 2 39 97 36 44 42 77 46 39 61 50 55 52 47 67 59 41 85 7 98 98 96 8 81 60 90 97 66 38 61 82 91 51 30 78 94 72 55 39 62 67 89 68 18 35 34 29 27 71 35 76 68 82 84 48 41 25 97 58 62 57 40 4 7 21 81 52 92 87 90 5 
54 30 72 23 16 58 3 43 28 90 18 95 71 53 94 12 77 90 21 90 98 12 93 56 33 74 59 76 12 49 81 17 78 52 40 94 9 42 88 36 31 5 82 54 10 76 65 86 17 85 76 67 97 20 74 81 93 33 56 57 81 36 73 10 40 64 55 48 6 42 36 88 99 17 41 8 44 57 93 61 94 20 79 42 40 52 22 84 84 29 92 16 17 65 26 56 28 80 55 85 22 42 25 20 59 65 79 54 74 23 66 67 43 44 60 34 96 81 69 31 61 61 47 77 25 72 84 4 3 39 89 24 80 13 95 90 29 25 96 2 48 61 20 42 57 79 75 52 11 43 34 72 55 80 100 
31 3 84 35 6 22 75 81 53 39 76 95 19 52 90 21 99 2 92 40 58 23 66 61 33 61 95 56 15 74 56 46 77 39 32 34 12 6 14 16 44 41 10 62 93 51 34 91 53 78 83 62 100 48 23 84 8 17 40 23 42 95 68 70 85 99 3 48 56 17 63 51 9 25 64 1 75 98 44 79 27 26 41 26 73 15 9 81 31 100 55 24 46 22 94 30 72 48 29 79 16 92 29 25 16 92 77 42 41 20 73 67 45 65 44 70 79 5 50 9 4 56 84 50 77 29 31 100 77 60 78 44 3 58 20 70 49 97 63 42 68 35 60 65 99 4 34 29 60 35 89 15 90 73 16 
18 1 47 69 29 58 98 25 12 55 44 81 55 92 95 48 60 30 8 76 80 63 61 9 22 95 49 36 36 21 52 5 74 50 25 54 59 22 78 70 28 74 2 34 65 96 34 76 77 41 51 9 55 11 69 28 57 17 63 44 90 66 100 63 67 24 16 25 97 46 46 76 19 99 10 35 95 95 11 23 35 13 83 41 24 51 68 32 20 82 76 9 48 27 23 66 51 90 91 47 35 88 75 5 87 84 40 33 78 50 55 64 62 38 4 37 40 23 21 11 4 48 19 51 74 93 69 24 83 11 23 69 98 97 74 36 32 13 68 61 14 75 76 27 64 31 16 3 53 36 14 56 83 84 59 
8 77 27 84 59 37 6 27 86 54 52 22 37 16 41 49 81 15 24 8 78 54 75 33 58 62 98 13 96 33 23 3 9 49 86 19 37 43 98 23 48 1 96 84 17 36 32 97 51 7 56 80 60 30 12 17 91 61 82 86 94 4 41 54 5 26 25 41 21 22 15 68 22 10 4 90 46 87 87 48 94 42 27 5 72 91 22 14 3 55 100 96 10 92 2 14 17 26 7 89 99 21 57 72 31 60 62 28 98 48 27 91 41 53 96 12 95 69 78 98 23 29 45 32 20 46 98 36 23 4 77 21 24 33 45 6 44 6 85 41 5 11 32 45 16 79 9 10 47 86 59 21 14 56 4 
33 53 1 20 76 4 96 48 80 80 44 37 75 49 22 16 5 84 99 2 99 77 10 61 75 47 71 95 60 26 98 44 31 99 15 58 54 63 57 85 42 1 22 69 1 95 36 6 30 34 59 81 62 68 41 88 14 63 82 25 41 79 20 71 29 86 80 35 48 36 19 42 36 92 10 89 38 45 46 20 30 4 100 43 23 92 30 36 54 11 12 46 41 31 68 22 16 47 56 16 83 26 57 70 70 18 10 59 62 55 78 43 10 77 85 32 68 66 19 74 28 30 19 68 12 87 41 80 85 48 95 19 26 3 41 95 20 50 5 81 57 83 75 66 11 59 98 79 24 16 4 3 98 74 70 
9 12 63 88 97 10 34 15 35 36 7 81 55 57 86 87 65 20 61 30 30 71 79 60 46 47 63 48 44 37 70 52 100 32 92 96 93 25 63 28 61 69 60 67 77 45 54 41 16 66 71 46 37 1 5 34 47 20 82 90 8 3 94 7 86 37 55 78 61 17 57 73 37 17 40 14 13 45 54 29 10 76 26 98 29 30 84 75 1 17 17 8 19 62 67 4 98 21 33 10 89 90 35 25 58 26 38 22 70 44 2 31 71 27 81 99 9 64 74 9 80 42 69 50 3 35 5 100 7 37 61 95 78 95 19 35 20 9 57 41 52 58 72 74 37 4 73 45 67 98 53 98 39 21 47 
41 7 51 92 13 39 52 59 17 47 78 3 18 38 59 59 41 69 82 14 57 85 86 1 3 83 53 100 73 26 98 13 84 100 56 49 38 8 7 54 6 36 57 23 73 67 81 13 87 14 79 43 98 64 43 100 99 48 51 71 25 48 36 8 47 91 8 37 98 15 90 55 50 98 78 75 17 10 39 55 24 17 98 73 33 92 73 31 91 23 53 15 23 88 75 21 31 82 57 80 48 99 35 98 48 64 24 64 25 62 19 48 31 68 73 63 59 45 45 2 19 49 16 41 89 42 14 19 76 70 98 23 20 84 72 68 47 95 31 72 9 1 71 91 68 43 5 79 39 1 80 10 49 47 2 
37 41 15 7 16 37 57 38 56 40 10 23 39 56 6 62 16 6 84 6 26 27 10 4 17 10 35 26 11 33 28 99 73 42 58 88 78 14 78 34 53 87 8 43 94 13 4 10 71 88 15 96 66 77 51 82 38 85 60 48 17 87 99 90 80 56 29 10 69 6 95 73 44 2 68 38 67 71 47 37 10 13 84 75 89 34 9 79 70 20 26 86 58 76 27 37 31 56 46 51 13 40 76 57 94 43 94 60 65 92 48 75 4 31 1 45 16 61 23 85 80 100 70 37 76 49 26 58 56 23 61 68 15 36 24 8 30 69 19 94 60 18 20 16 48 73 60 15 85 82 99 65 81 68 53 
8 68 30 66 23 53 78 91 19 13 66 78 42 87 96 87 98 65 59 13 64 31 72 78 15 5 76 31 38 95 36 97 63 17 62 85 69 39 27 39 3 93 16 96 31 63 35 28 27 93 41 90 75 64 67 89 21 94 72 10 89 59 6 51 75 20 35 96 10 14 34 13 58 50 60 88 12 94 15 91 38 7 80 12 23 99 53 43 92 24 52 32 34 9 82 8 28 69 55 38 82 89 50 39 90 61 26 53 55 92 43 92 51 75 56 73 25 8 67 68 83 70 100 16 78 33 75 6 1 30 95 82 70 96 72 59 56 49 11 62 41 6 54 91 32 61 15 56 68 33 23 2 2 74 17 
31 7 91 88 7 72 82 41 41 77 12 99 33 13 62 94 53 19 99 95 50 59 61 5 78 93 79 79 46 53 47 76 59 90 64 65 61 45 57 2 22 21 52 6 33 65 99 37 83 50 31 32 60 43 88 38 35 67 16 80 19 63 7 29 52 70 45 64 15 2 17 88 22 21 93 54 85 91 90 20 92 72 3 52 14 91 89 100 9 56 31 79 70 37 59 73 7 3 37 73 4 5 60 77 25 52 82 10 94 71 81 86 94 83 37 59 25 77 10 85 32 40 15 54 29 73 26 35 76 14 59 31 19 18 8 43 21 89 4 14 12 36 51 57 71 39 16 47 15 25 32 47 17 98 100 
45 71 77 31 98 91 89 28 9 58 35 3 78 76 59 43 39 94 94 95 64 32 10 11 47 87 94 45 55 91 96 99 61 72 81 58 14 69 38 74 78 24 77 55 99 35 97 89 28 42 84 44 26 45 54 24 83 47 68 37 89 15 87 2 86 67 11 52 87 48 25 64 72 1 70 22 87 19 11 67 60 46 10 85 90 15 8 73 13 27 61 1 41 48 2 79 66 65 30 5 12 6 20 35 7 90 9 45 8 71 11 19 16 72 56 57 86 15 81 50 42 42 51 34 41 4 64 58 68 45 62 32 51 82 66 9 23 26 53 82 96 16 100 63 87 55 20 25 70 100 74 63 41 76 96 
33 32 12 91 51 56 52 82 58 85 100 66 59 25 71 40 73 86 92 35 72 46 54 48 67 6 22 81 46 97 29 31 80 40 21 31 95 72 12 53 9 63 70 67 40 40 59 12 25 50 46 49 47 52 96 66 57 17 46 54 66 74 84 97 13 4 27 60 28 91 64 88 53 33 54 92 73 64 55 49 13 1 97 60 52 45 25 8 13 22 61 78 96 97 27 8 100 53 19 79 43 82 66 48 15 72 91 39 35 46 87 48 46 36 59 49 80 35 8 92 56 20 22 51 16 48 11 68 52 29 46 95 63 12 94 77 83 84 67 69 81 5 68 78 40 26 26 71 12 85 15 20 5 88 22 
20 35 32 87 86 13 85 32 75 96 77 3 30 13 21 98 93 25 66 23 17 43 48 39 7 33 53 26 89 40 47 8 26 31 47 12 43 31 95 69 78 72 23 7 36 43 56 28 67 73 50 83 68 50 22 74 34 26 99 22 66 97 81 91 27 79 54 21 9 1 41 86 24 63 44 59 5 52 38 72 24 88 6 43 89 79 16 74 5 66 47 22 15 27 64 41 58 18 14 66 70 54 4 93 69 99 51 73 2 88 96 26 27 54 20 15 32 36 40 88 53 86 61 67 13 25 60 70 94 25 87 63 78 42 55 98 93 57 71 94 44 18 71 23 71 91 37 55 78 77 42 30 14 3 49 
78 79 8 99 72 32 86 86 61 79 40 59 71 96 81 65 91 98 35 13 21 25 2 75 2 30 16 84 43 70 32 21 48 91 19 71 22 56 56 34 87 47 44 57 94 24 21 85 74 8 49 94 84 2 20 38 31 87 21 26 57 4 98 56 94 68 79 67 24 34 100 62 33 96 18 26 71 91 62 44 98 11 89 81 64 8 70 95 47 90 72 3 93 69 10 38 36 88 4 11 74 56 72 6 51 42 31 21 32 45 17 81 7 5 13 70 65 83 16 11 72 87 65 17 7 26 54 43 66 58 5 39 13 77 96 15 70 78 35 1 22 51 81 28 8 45 98 24 27 65 86 51 52 2 67 
58 27 72 52 44 81 57 82 93 85 29 7 54 59 94 6 80 44 38 60 3 82 9 26 9 73 11 11 24 12 29 34 91 100 85 34 81 93 68 25 29 48 84 34 6 77 39 86 72 76 45 75 10 53 52 70 25 63 80 1 26 8 34 68 59 70 2 39 15 21 16 43 68 51 77 74 79 67 11 50 43 7 76 4 11 80 73 87 42 4 87 19 11 72 39 69 42 40 60 56 12 27 50 79 77 26 4 55 93 14 56 87 20 84 90 30 63 14 17 56 17 55 26 79 27 64 99 20 55 58 27 66 36 76 97 64 54 100 70 98 66 78 36 37 61 77 67 75 90 35 30 6 41 7 84 
67 71 34 38 25 44 16 43 79 44 91 43 97 42 12 46 7 89 81 44 1 57 62 75 46 48 56 3 88 63 38 7 85 71 44 61 14 12 3 93 55 93 87 3 35 50 48 93 91 28 88 91 84 49 18 81 48 73 83 36 87 72 94 71 42 89 32 8 100 86 52 54 31 90 56 17 39 3 9 29 82 49 72 65 97 89 97 97 13 31 32 100 2 25 22 96 13 5 3 13 91 6 18 73 95 26 89 33 28 49 14 62 49 37 78 46 25 75 94 89 5 25 40 7 1 62 54 13 18 8 77 60 13 47 32 7 72 72 91 51 73 56 12 21 92 90 18 68 64 11 57 68 87 48 26 
87 61 79 52 79 86 80 38 50 26 70 56 97 93 99 100 17 54 11 38 46 52 7 65 15 18 21 35 56 21 12 43 81 43 46 59 80 25 97 30 3 18 37 51 62 87 50 79 41 13 68 38 64 74 2 31 43 75 17 99 95 28 93 27 22 38 86 2 14 34 83 16 3 71 67 64 58 16 94 98 28 61 87 44 35 40 74 29 66 90 27 12 69 19 39 91 8 24 44 22 9 26 37 11 96 3 26 53 71 20 2 50 32 40 93 18 80 66 47 45 55 73 57 24 44 95 66 3 70 9 24 30 34 13 40 81 67 17 86 37 88 39 87 20 79 31 37 58 97 35 54 3 60 10 78 
55 56 43 57 77 51 81 6 36 45 97 69 11 14 54 100 53 44 86 72 22 16 61 31 64 47 85 67 6 46 96 60 54 39 17 82 41 49 88 77 93 36 45 55 49 50 54 54 45 91 77 67 59 37 49 22 36 85 40 41 83 36 1 36 26 69 69 66 17 56 42 61 92 38 15 92 39 21 45 84 11 22 2 21 10 50 43 45 35 34 38 69 21 38 4 46 6 24 12 74 80 5 86 23 43 52 66 33 72 11 16 35 84 69 55 45 19 49 42 5 83 79 73 55 16 28 1 73 51 12 98 82 16 83 4 10 34 22 43 58 32 10 92 67 79 46 11 49 47 52 53 29 30 77 35 
97 56 35 21 6 98 18 40 66 52 43 27 86 16 69 95 47 31 86 65 61 83 28 9 29 79 13 9 61 41 44 9 96 78 30 1 28 99 92 93 51 87 19 88 2 40 82 49 70 67 65 82 1 92 90 30 23 54 90 35 94 33 43 89 63 24 41 90 75 33 82 25 19 100 64 20 91 45 20 12 63 37 93 63 28 82 44 50 87 34 36 80 66 31 20 80 54 61 69 28 45 50 4 63 2 67 34 92 63 6 4 25 42 96 40 69 30 35 71 16 68 58 48 86 88 67 65 42 79 34 21 23 35 77 37 88 95 71 80 58 76 35 34 69 82 73 89 11 60 59 79 27 17 78 64 
56 44 81 49 23 66 22 97 100 98 34 88 92 4 19 1 31 53 35 99 86 59 39 49 18 98 27 97 66 56 12 73 51 92 22 25 57 43 22 9 40 55 48 83 10 18 84 92 22 70 90 7 28 80 55 46 77 33 94 94 88 5 67 39 97 40 63 5 82 84 65 73 90 64 55 99 81 90 90 2 59 31 9 39 11 63 36 39 48 29 85 35 33 3 25 81 42 40 38 75 75 2 47 65 66 53 15 98 43 57 100 53 87 60 91 49 74 26 40 21 6 24 8 39 26 32 71 19 71 60 93 98 62 39 62 79 43 28 28 37 84 27 90 71 86 32 71 12 58 10 32 63 85 39 53 
10 23 76 80 93 35 72 42 48 62 3 78 57 31 6 93 66 32 82 36 70 14 59 81 23 68 64 37 53 3 42 14 25 17 46 69 3 17 11 51 31 65 28 87 47 85 79 13 17 13 100 38 78 58 70 52 78 33 88 82 35 81 95 11 49 92 32 52 61 94 54 91 58 33 29 57 18 59 69 34 23 68 23 100 78 92 51 55 76 91 36 63 23 82 73 72 26 56 75 86 49 28 76 7 60 56 63 77 14 83 62 89 2 36 88 79 27 91 85 55 33 72 17 55 6 89 78 31 45 52 16 45 31 43 51 91 98 65 19 63 99 81 51 1 68 91 79 47 81 16 1 65 87 17 19 
92 57 49 22 53 100 89 98 31 31 100 73 80 65 91 95 63 23 45 15 91 87 46 37 19 61 37 83 47 53 54 91 61 2 64 14 53 53 11 83 35 10 7 15 26 98 9 41 72 5 55 62 92 100 50 10 60 86 45 59 90 98 49 51 99 12 64 51 16 26 86 51 35 92 65 61 41 25 1 65 81 7 78 72 7 28 34 66 65 78 24 7 75 24 9 25 36 72 27 3 49 12 53 83 56 69 95 48 45 47 12 26 54 42 49 60 69 34 77 85 11 53 91 37 76 99 13 63 22 40 66 70 51 70 5 58 39 99 58 83 46 21 8 99 62 57 10 82 90 38 67 53 90 57 41 
18 8 54 80 29 93 97 51 95 67 55 5 5 5 62 39 2 82 99 52 96 7 61 77 96 51 43 100 40 52 93 57 59 46 89 39 90 37 89 36 3 95 40 59 52 53 98 53 87 96 5 82 2 17 58 49 67 1 1 59 52 93 67 62 90 7 100 31 44 41 18 46 87 58 57 38 62 6 43 48 53 99 29 54 67 87 54 86 39 6 44 42 50 62 3 91 69 54 21 12 46 39 9 33 48 65 22 9 22 16 9 74 14 37 79 81 75 85 66 13 90 61 6 40 22 8 30 90 14 3 53 59 93 62 43 40 78 17 100 100 32 8 25 46 45 4 78 71 88 43 36 29 55 41 20 
76 1 50 18 14 4 70 24 96 31 19 35 61 35 86 12 66 94 36 63 90 39 40 60 78 34 95 7 88 88 26 16 88 27 33 53 82 2 76 77 85 94 63 97 28 49 8 46 94 95 8 83 86 48 94 63 81 41 21 21 28 47 36 67 25 20 19 7 73 46 35 9 40 98 5 19 98 64 64 91 59 24 25 44 71 70 58 3 10 79 75 89 77 62 55 1 81 25 59 6 71 94 14 62 43 71 80 92 34 96 82 44 19 58 39 41 27 97 95 89 75 70 77 51 31 84 3 64 8 14 69 78 59 34 39 53 4 71 44 90 66 77 85 36 34 24 76 12 20 70 100 46 91 77 48 
74 60 2 37 19 15 57 49 25 90 39 77 46 9 20 87 26 48 71 13 81 46 88 93 17 10 44 62 52 20 61 25 31 63 13 2 29 69 50 54 11 88 30 56 49 2 94 74 49 16 87 82 62 26 26 78 87 69 92 39 41 52 15 71 14 28 72 43 48 73 96 58 61 77 65 9 78 58 34 79 26 72 60 87 50 85 16 36 5 7 26 45 11 41 16 76 20 39 70 67 12 65 77 24 94 41 84 23 51 17 1 76 41 12 14 90 48 29 25 53 88 3 97 50 95 64 25 66 55 95 32 18 11 8 41 4 1 76 79 51 92 79 78 84 43 91 73 90 71 50 42 10 52 91 59 
98 54 84 63 8 78 94 77 88 54 17 44 6 92 22 8 36 52 85 19 94 27 44 84 97 93 77 7 96 67 65 93 73 100 55 32 77 100 9 17 5 77 12 10 21 85 17 8 88 53 78 82 79 21 17 76 13 45 34 60 12 50 52 36 50 58 67 78 10 75 94 14 4 57 24 24 41 92 31 29 45 8 62 23 29 30 50 93 74 83 53 37 85 56 72 34 66 91 11 75 17 57 88 20 13 63 43 54 55 73 34 51 81 47 73 61 76 75 5 1 9 9 90 93 65 13 26 30 3 89 4 20 45 43 39 57 6 34 62 12 58 47 62 90 93 86 50 20 60 55 21 21 63 10 13 
79 74 91 60 77 79 15 48 75 10 38 83 15 71 45 78 29 43 39 70 36 76 20 7 88 26 27 8 40 88 72 71 62 14 82 90 44 97 37 18 6 74 1 72 97 97 49 77 91 39 46 78 66 17 85 53 94 11 12 86 51 36 56 12 49 37 53 93 85 89 62 90 14 14 13 62 62 13 38 53 51 36 30 69 52 14 21 98 77 85 83 27 20 90 90 20 26 42 64 63 82 26 4 95 91 17 9 53 29 46 5 32 33 86 52 37 100 24 34 76 8 16 54 79 5 95 99 82 88 62 44 69 39 100 15 30 16 23 82 96 21 38 79 53 23 30 89 22 54 22 49 13 89 54 92 
45 48 42 79 35 3 74 55 94 73 70 23 40 44 56 36 64 93 66 17 67 96 57 89 1 79 89 13 19 43 4 64 42 45 94 29 100 67 83 93 92 4 67 31 48 22 18 63 66 84 79 32 31 36 72 31 66 61 43 36 55 99 51 48 95 44 76 46 63 11 90 54 14 56 84 13 29 2 76 94 85 6 26 15 93 49 97 58 61 39 94 15 89 44 15 84 40 42 81 2 52 71 55 18 78 38 82 7 91 9 100 75 15 77 41 7 26 37 17 86 28 62 53 16 57 19 51 96 60 32 97 64 54 3 33 31 93 14 37 83 23 89 10 89 17 50 95 94 39 63 80 66 24 84 33 
81 2 84 28 61 67 77 76 72 79 8 2 71 74 91 6 96 31 15 84 47 64 30 41 54 93 72 19 68 55 4 48 8 39 76 20 5 4 96 28 82 55 29 5 28 71 10 23 1 76 58 100 39 40 40 45 32 11 63 99 17 18 99 24 56 26 43 60 29 90 39 62 45 68 18 72 90 79 47 43 54 56 42 45 95 81 89 78 43 3 29 11 21 27 34 76 4 28 88 84 18 26 45 14 45 15 85 35 93 31 29 47 87 70 43 33 50 31 11 44 33 39 54 5 17 39 81 20 66 20 55 35 45 99 48 42 65 33 28 58 15 56 56 53 25 98 86 26 80 96 21 64 86 74 69 
2 12 1 73 29 20 27 64 16 77 63 9 42 47 36 51 62 43 58 14 19 7 51 44 86 98 64 1 83 89 21 36 52 21 8 33 92 86 48 60 63 10 68 56 57 56 58 70 50 67 35 69 73 86 64 10 83 80 10 66 68 31 53 72 3 61 4 47 98 51 6 12 12 25 67 20 32 76 89 82 42 24 2 14 9 65 75 43 44 37 60 64 67 13 87 21 25 42 67 22 44 24 34 55 49 52 75 32 28 15 65 21 38 66 87 98 31 61 93 26 97 52 41 15 64 79 36 88 20 54 62 63 78 95 70 78 46 96 9 25 10 74 46 100 91 32 49 73 44 41 99 41 93 91 55 
56 70 42 96 41 96 57 56 25 3 25 2 48 72 62 25 33 35 22 32 26 5 81 98 48 73 48 88 65 91 95 73 12 36 20 52 83 76 7 7 78 83 60 77 54 22 53 87 56 74 70 33 78 2 83 26 75 82 65 91 72 59 63 83 47 82 87 29 9 45 88 38 28 47 67 33 68 19 71 76 45 41 60 22 94 94 99 20 76 16 11 99 74 25 34 20 59 20 1 67 64 88 57 43 86 23 76 54 41 46 81 85 38 40 59 84 34 9 3 61 24 65 59 50 90 92 21 48 63 21 66 79 60 22 21 46 44 48 51 37 46 83 21 35 74 31 18 7 92 73 19 15 37 78 64 
26 21 85 73 36 57 91 14 17 12 86 14 56 34 16 92 79 98 64 13 23 47 83 30 38 55 100 4 91 29 68 69 2 4 93 37 12 83 2 80 95 87 93 50 20 60 93 50 9 56 15 32 54 97 13 91 51 12 95 93 93 14 13 94 69 6 30 80 88 31 60 34 17 4 35 89 16 27 38 24 35 52 7 88 100 71 31 2 83 77 95 27 90 7 20 10 64 49 89 4 79 100 37 47 56 72 87 71 50 77 46 84 28 5 24 80 75 6 81 9 82 27 35 23 86 54 32 49 2 72 52 32 24 41 31 79 12 17 1 61 93 98 97 73 2 72 52 77 29 84 85 10 11 20 84 
96 25 15 96 27 38 100 10 13 40 40 43 51 9 43 63 1 41 11 25 42 34 28 70 62 12 55 23 74 26 6 21 50 72 16 28 62 15 38 74 54 29 17 56 37 11 71 90 3 33 66 97 67 94 66 80 57 72 3 30 49 8 50 99 80 17 78 41 32 67 14 37 96 82 45 84 93 15 25 47 99 91 43 65 36 9 45 92 32 47 21 81 6 22 31 85 38 8 77 21 75 43 58 22 24 54 57 68 20 82 15 18 24 57 35 11 17 31 2 49 29 74 29 34 95 59 71 32 18 47 5 92 89 62 65 65 67 22 32 86 3 98 55 78 7 89 88 23 19 41 71 47 14 51 33 
60 61 3 91 79 1 95 22 90 8 87 6 26 8 37 63 62 87 18 39 93 58 78 15 77 18 38 75 31 40 7 90 1 61 32 31 62 79 52 3 38 38 8 64 97 96 26 10 82 95 48 26 53 77 41 29 94 30 55 76 69 14 17 69 74 49 99 87 79 3 89 16 92 48 31 89 44 9 98 77 3 98 3 55 26 95 35 20 24 42 95 92 55 64 13 80 12 63 19 42 65 7 57 57 7 40 97 50 48 46 26 2 95 80 9 21 74 43 40 49 36 86 41 90 49 5 22 12 67 40 53 32 98 62 40 4 53 36 5 52 33 83 53 28 62 13 48 88 56 39 36 43 76 28 33 
77 32 6 40 51 45 45 34 94 6 73 98 10 60 2 61 92 84 65 19 98 78 18 85 85 56 20 27 32 48 11 60 31 16 99 81 12 43 14 6 100 86 3 9 97 56 21 89 40 38 59 37 67 77 73 51 84 92 29 67 39 40 26 70 7 77 50 19 19 16 76 71 53 30 79 50 85 52 90 76 89 100 64 55 28 36 57 12 28 85 78 18 76 56 39 35 32 41 5 2 56 80 72 8 9 3 9 93 6 50 21 94 50 84 100 77 20 8 40 99 44 70 16 20 25 55 6 8 95 10 61 2 41 33 9 49 87 70 93 92 19 13 37 68 49 36 97 68 95 36 66 38 5 33 57 
81 87 14 40 33 23 1 34 15 85 95 63 23 64 8 14 82 72 2 2 20 89 50 39 83 85 56 20 42 89 77 74 75 42 66 60 65 18 93 79 54 87 94 76 50 53 41 84 24 42 37 96 30 86 34 12 22 42 31 15 30 59 89 56 1 6 15 17 23 8 47 76 94 92 3 96 44 43 31 20 36 67 67 17 52 52 28 73 93 10 40 22 21 28 78 21 85 92 89 7 51 87 34 97 79 88 44 74 82 74 45 17 40 11 33 43 63 12 67 55 21 6 77 93 85 6 65 69 49 53 27 100 92 12 96 22 99 39 95 80 64 40 48 3 2 32 97 64 43 63 71 16 21 99 8 
5 4 73 26 4 77 52 3 68 64 50 89 14 40 36 94 3 27 93 57 28 25 5 44 19 20 14 34 40 64 94 96 67 66 21 70 42 25 25 62 40 26 50 53 66 85 98 20 11 91 29 91 67 33 34 85 4 99 71 43 62 64 91 80 29 63 1 22 87 77 83 26 3 85 31 20 21 28 91 84 70 19 74 36 4 59 21 7 9 91 2 70 54 92 1 34 54 53 7 93 30 90 70 32 26 100 3 46 28 93 29 97 64 54 33 67 64 5 25 72 47 26 93 52 69 93 85 75 46 91 67 27 32 36 10 9 36 12 55 63 4 35 11 67 89 95 85 4 99 10 76 45 35 68 96 
4 13 32 78 10 75 96 36 6 83 45 15 18 8 21 32 11 7 95 30 47 89 14 51 88 23 26 32 10 45 80 65 9 11 94 18 85 89 5 43 71 1 9 41 8 81 24 71 87 18 100 34 7 65 84 94 88 61 77 49 5 8 13 66 19 6 35 55 46 40 49 68 92 9 8 100 89 32 70 76 49 21 61 55 85 44 100 24 56 29 72 12 36 84 77 6 41 12 61 38 3 61 6 94 70 13 93 58 96 14 85 97 86 45 3 71 40 3 94 95 83 66 7 18 1 83 24 94 46 36 31 48 96 36 42 65 1 86 75 48 52 11 44 37 56 99 7 47 53 53 42 35 70 48 52 
22 82 75 15 28 10 46 75 58 33 68 22 85 54 48 33 5 59 28 93 66 26 52 12 78 4 53 64 25 52 16 46 86 42 13 13 52 10 39 61 42 7 82 27 12 82 59 68 40 38 60 57 64 11 68 93 66 73 57 42 76 24 88 61 65 52 73 68 61 64 28 2 70 62 80 81 43 90 100 34 28 59 42 91 22 9 35 87 33 91 81 9 66 20 69 31 71 94 50 31 57 30 84 78 91 64 10 85 53 9 70 80 67 11 22 40 71 9 79 4 51 59 64 17 78 32 99 48 77 48 78 85 77 61 62 19 76 23 3 81 31 24 60 50 34 34 89 57 42 67 12 92 25 75 60 
54 58 58 1 35 58 30 71 86 43 33 5 18 55 59 98 38 83 10 87 68 43 27 24 36 94 35 79 70 61 39 24 19 48 76 5 5 6 75 91 48 59 95 65 66 5 15 55 87 24 93 7 18 19 30 5 64 17 83 86 77 73 9 47 21 84 3 77 41 30 67 88 40 13 5 57 18 19 11 56 94 3 62 63 74 44 67 37 60 1 22 88 26 82 87 98 18 89 74 58 70 93 98 10 5 54 66 74 24 29 82 17 83 43 79 56 86 97 45 97 49 66 37 74 100 23 71 69 63 97 78 33 89 75 42 45 28 59 19 51 39 100 19 22 94 49 77 32 97 21 80 46 39 16 19 
90 38 42 58 1 38 35 85 78 62 78 22 89 88 92 92 27 43 62 48 37 11 76 68 59 97 47 4 87 15 75 76 52 68 85 4 5 19 40 34 80 17 55 21 5 47 64 31 89 25 30 77 87 5 96 46 53 43 49 39 9 75 66 12 42 50 16 98 21 55 31 100 24 86 20 28 84 83 10 72 60 39 49 46 95 44 91 48 38 92 38 46 66 56 58 60 5 25 57 25 31 88 77 54 25 48 33 8 83 94 31 42 84 79 87 79 75 30 26 12 73 15 10 90 70 19 49 27 43 6 3 25 45 79 31 69 27 15 28 9 9 58 50 92 89 88 70 63 69 47 26 41 14 87 31 
83 5 79 9 99 36 12 76 80 42 6 100 68 20 79 28 28 89 77 72 77 17 93 91 37 40 16 30 53 55 60 87 59 90 48 10 78 59 85 9 52 42 61 20 61 39 47 41 27 76 12 55 44 4 45 80 95 13 61 99 67 72 86 77 14 33 38 91 43 22 51 94 63 11 65 76 2 64 16 80 91 79 35 34 34 31 65 29 43 26 79 61 97 64 38 10 48 75 52 90 49 3 36 63 65 100 38 66 15 5 46 5 35 80 90 69 10 55 49 5 32 27 65 80 43 54 42 90 81 45 32 81 47 67 43 12 18 33 29 85 37 74 89 72 5 79 92 67 85 92 71 68 70 87 47 
64 41 40 54 73 85 37 53 83 55 47 94 24 79 23 8 16 48 97 39 53 27 82 19 63 25 41 30 94 27 28 58 19 68 63 91 4 51 95 86 5 42 80 28 20 54 88 87 53 84 77 5 62 10 75 24 34 15 5 28 94 32 37 12 99 51 55 54 1 49 40 57 42 71 36 14 24 23 100 28 58 29 85 71 38 59 94 72 26 98 51 19 82 39 82 32 41 36 86 93 37 25 49 30 95 36 43 70 59 95 97 68 23 81 39 12 92 84 35 17 34 37 87 15 75 20 46 67 56 31 59 44 55 59 73 1 95 16 70 5 62 67 24 36 99 62 47 90 46 82 58 79 18 96 45 
45 16 90 63 23 21 22 66 27 32 90 28 26 57 49 82 18 15 6 53 66 19 100 55 16 33 65 46 2 60 90 98 27 80 61 49 52 34 66 30 65 56 9 43 64 58 76 82 24 81 34 89 52 85 96 67 69 60 13 23 71 2 20 98 33 32 98 84 65 16 66 82 23 74 24 86 31 99 67 55 32 53 95 83 89 90 1 10 1 13 32 72 67 3 21 99 87 18 35 51 33 100 84 55 73 7 41 56 58 59 62 89 11 56 23 52 98 23 61 98 88 44 69 54 98 89 4 84 59 38 87 91 37 70 98 62 29 38 17 86 48 30 26 11 85 100 62 34 22 74 32 61 17 52 66 
14 93 70 50 51 59 36 93 96 5 90 9 33 79 77 70 79 6 95 89 42 94 2 76 68 75 59 80 43 62 46 8 54 67 57 56 25 44 1 72 49 42 80 33 21 8 3 51 13 49 39 7 95 40 34 62 66 92 93 60 53 38 19 59 4 76 14 29 19 14 100 19 56 32 52 28 39 6 78 4 54 68 10 48 59 43 61 76 86 54 35 90 91 5 48 47 80 14 27 51 79 78 21 86 9 24 13 100 29 42 3 35 61 64 34 71 58 95 46 43 100 32 32 42 37 32 88 68 45 66 70 75 44 91 61 4 66 25 3 47 19 57 81 79 20 66 50 77 60 47 71 59 79 3 53 
67 86 40 34 82 6 4 56 1 46 16 4 63 41 7 9 59 63 41 89 35 7 90 11 18 37 82 29 67 36 81 33 73 72 18 54 77 73 9 77 70 25 81 33 17 39 93 27 53 34 15 87 92 57 50 9 93 83 37 11 18 17 95 90 41 12 95 17 37 3 46 6 79 78 90 95 68 83 21 20 16 88 7 7 44 56 67 88 90 4 50 59 72 44 48 12 7 94 81 43 96 78 1 75 7 90 69 74 72 42 93 39 81 51 97 24 58 64 63 47 67 12 5 90 55 4 54 13 97 34 8 93 63 8 19 69 49 87 42 73 80 86 11 60 37 8 35 46 71 97 93 89 8 97 78 
14 1 31 79 49 16 86 41 78 93 59 98 93 98 39 65 29 77 76 41 65 35 75 10 5 24 2 45 83 99 22 49 51 5 27 51 72 12 92 2 56 2 99 48 51 38 13 32 66 40 72 30 74 98 39 78 21 41 22 56 91 95 4 93 51 30 43 23 41 86 24 48 40 22 95 90 11 59 21 76 98 44 57 71 42 96 100 14 36 73 69 78 68 24 70 70 53 64 92 45 50 67 44 89 41 39 30 51 97 3 79 47 46 35 17 39 82 17 5 69 41 25 46 8 49 67 78 53 83 21 50 32 88 93 72 80 83 1 30 32 55 60 78 53 47 94 91 80 62 47 49 3 24 46 62 
72 65 91 76 47 12 77 30 51 70 1 30 4 53 11 35 60 23 12 12 21 58 54 100 71 1 48 25 24 46 87 47 10 29 74 56 92 51 37 42 72 89 23 75 41 86 10 100 60 21 63 80 30 17 79 1 17 79 25 92 76 63 38 85 92 11 92 83 13 28 77 84 16 51 59 8 36 68 60 95 40 22 26 70 90 57 70 6 35 94 49 10 9 86 46 100 49 89 34 61 16 62 45 83 13 3 42 48 22 53 95 61 27 20 30 16 76 99 74 62 45 22 23 53 60 20 4 60 8 89 20 75 51 16 9 63 70 51 62 91 55 56 52 33 28 81 1 55 32 74 17 28 47 91 80 
58 11 35 17 18 75 89 45 25 4 53 87 74 55 1 64 10 8 67 94 35 100 94 42 31 19 10 58 66 100 89 75 62 75 92 32 49 80 76 74 35 28 12 60 83 12 76 44 20 42 37 6 41 31 47 71 49 56 80 66 56 68 93 69 42 84 100 91 15 27 64 49 55 27 61 89 39 36 32 58 77 68 63 70 50 10 92 51 17 72 16 72 39 60 93 33 43 92 23 9 71 38 10 25 64 70 65 54 5 96 63 33 15 26 2 17 87 94 67 3 65 34 27 55 94 19 87 88 62 61 97 32 50 6 8 66 27 72 19 83 19 82 15 86 59 69 2 45 14 68 99 78 53 77 84 
46 47 23 34 61 83 82 92 33 39 52 98 65 75 68 47 46 49 13 31 7 81 32 3 94 51 54 23 3 30 59 1 77 81 86 37 15 67 80 99 5 83 48 21 58 16 67 55 16 31 85 75 64 68 77 57 70 30 32 24 12 42 24 88 22 9 76 88 75 7 87 31 42 34 51 99 1 69 53 17 100 89 91 63 56 19 71 77 49 54 100 12 95 24 51 68 84 26 56 59 84 42 41 25 27 92 75 28 60 79 96 59 67 86 73 74 4 44 50 4 97 50 15 44 25 65 11 8 42 18 18 78 59 59 54 38 2 29 17 61 59 12 72 26 97 96 51 52 39 53 8 88 54 74 31 
30 91 93 37 32 11 7 61 21 17 15 58 70 95 74 30 53 37 53 30 85 49 81 37 39 85 96 78 38 69 60 19 59 53 55 43 15 13 3 35 81 69 45 50 63 70 32 16 7 84 45 91 84 77 79 23 13 74 100 2 95 60 20 53 64 75 95 78 39 50 64 20 70 60 69 33 30 100 100 88 36 96 30 71 73 61 45 85 86 45 87 80 56 58 33 71 84 79 100 23 80 63 94 50 75 62 34 56 14 33 95 1 28 24 71 52 84 16 89 22 12 27 1 19 84 85 89 68 16 40 90 95 54 83 96 28 96 81 83 61 13 77 61 41 53 84 44 88 51 32 9 62 58 10 32 
42 46 72 9 61 11 50 8 64 84 55 92 31 36 26 92 48 55 4 40 7 39 36 94 89 67 55 50 25 16 33 18 61 4 78 74 14 79 33 78 62 87 21 92 74 46 35 22 52 39 13 58 77 48 4 18 67 10 19 43 25 52 60 37 55 89 10 69 67 42 98 80 81 70 23 54 67 58 27 19 48 92 28 24 91 31 93 57 40 12 99 16 63 10 53 17 50 14 37 68 8 86 47 88 55 70 93 22 27 20 40 26 63 67 1 53 50 94 62 41 5 12 57 67 22 61 83 23 74 72 91 33 57 37 20 64 58 13 85 36 84 76 61 46 94 62 98 43 55 59 36 59 71 44 77 
44 4 11 18 29 82 8 62 91 97 33 54 6 97 90 42 80 65 2 77 58 15 27 53 21 37 40 79 59 83 7 54 38 18 72 18 99 31 31 41 79 64 94 85 12 83 26 44 99 79 20 9 46 46 13 66 35 52 97 93 34 3 99 23 20 70 92 19 52 23 11 31 38 5 15 49 39 40 92 90 70 64 98 15 61 10 81 95 61 29 40 46 31 38 20 51 59 11 21 10 85 31 40 22 87 54 23 78 45 14 67 67 29 64 81 90 25 13 36 85 41 75 82 72 64 53 74 22 63 94 32 48 76 23 21 15 77 43 92 73 9 58 39 37 73 72 78 97 36 14 33 77 88 66 100 
4 18 25 25 80 70 8 79 45 31 100 59 59 94 2 83 2 59 22 91 31 45 68 79 80 81 11 56 21 76 7 76 93 31 100 25 52 60 55 97 42 6 7 52 100 9 34 53 19 7 43 2 51 63 80 31 95 91 38 67 18 97 42 63 79 94 39 31 53 93 27 46 99 85 97 50 45 82 2 64 89 97 65 91 59 44 21 53 86 11 72 56 7 13 70 85 6 8 15 10 100 93 7 50 78 3 99 74 37 1 37 25 97 53 15 7 49 88 11 86 98 82 41 56 47 10 40 52 17 55 14 69 99 20 18 28 75 17 2 11 69 90 87 65 43 53 23 91 92 33 76 89 67 69 44 
13 78 36 16 47 90 81 15 40 1 84 68 27 100 69 89 68 58 75 84 52 79 58 42 71 43 70 11 9 38 7 73 67 42 88 65 83 21 31 22 21 15 41 99 66 9 87 34 19 13 69 70 43 27 64 65 69 33 76 29 22 34 1 40 27 40 57 61 60 87 34 32 1 75 30 67 83 68 52 53 32 72 23 75 98 86 39 18 70 66 46 43 99 98 34 77 38 90 37 97 77 71 81 29 97 62 95 79 30 98 32 13 70 6 87 19 43 78 37 12 43 34 54 94 32 87 70 21 77 7 69 5 29 49 33 25 11 80 55 92 77 38 4 98 43 43 17 85 20 5 48 14 90 53 7 
73 92 29 93 20 87 62 24 15 62 56 91 72 35 97 15 64 35 19 61 29 61 29 66 32 85 13 45 27 18 4 99 9 32 92 28 18 5 51 84 66 58 26 90 45 22 4 8 56 22 20 37 34 1 2 17 37 66 14 63 35 17 62 43 100 5 22 69 61 72 4 26 82 29 15 26 50 19 85 58 92 56 46 78 8 47 46 45 64 59 59 99 27 72 93 78 28 15 46 88 38 1 14 71 29 80 48 31 50 32 88 94 40 33 23 99 31 68 95 46 79 54 96 5 77 89 35 5 55 80 44 92 81 9 63 61 89 10 91 90 94 30 83 85 14 5 83 96 25 78 42 3 83 89 59 
11 77 93 67 83 25 11 75 57 19 89 17 59 50 60 49 95 41 83 79 55 88 14 50 64 43 43 66 25 32 76 87 60 21 54 43 45 64 69 53 34 57 21 93 58 80 41 53 21 75 83 27 62 96 76 77 90 71 42 66 2 70 53 61 90 6 3 86 69 71 38 2 79 58 46 89 90 38 41 62 13 75 40 26 71 15 3 60 85 96 78 38 65 30 99 6 35 53 91 55 76 80 8 54 90 54 42 31 43 34 92 55 9 31 81 31 97 35 42 34 30 19 23 47 48 21 4 34 26 47 88 1 26 96 54 67 1 48 97 43 81 88 50 41 70 82 71 19 16 65 4 97 83 26 95 
83 47 99 16 24 45 56 24 22 3 77 89 3 76 85 97 9 25 46 49 46 27 72 64 94 88 67 91 22 45 85 4 43 35 72 66 79 27 89 53 29 17 41 83 93 25 79 1 49 77 1 95 55 24 10 49 11 29 91 33 73 75 36 15 62 59 80 92 85 68 44 65 84 84 47 28 9 78 80 9 54 81 55 60 56 65 8 67 45 98 99 17 25 86 83 86 97 62 77 81 81 21 98 16 4 44 96 64 73 75 73 78 55 79 38 63 95 97 29 39 95 79 7 19 16 89 56 12 2 32 45 82 4 42 50 8 37 45 23 10 19 95 39 26 26 28 88 20 25 16 59 19 46 65 89 
61 54 44 25 55 27 69 89 31 10 38 38 98 34 12 59 52 7 98 29 84 25 16 3 49 83 13 19 28 78 7 41 83 50 65 89 29 33 29 59 94 66 48 43 99 59 2 3 17 51 31 100 75 99 3 76 81 15 94 61 44 53 1 78 54 17 67 82 1 95 40 94 13 87 36 63 46 89 65 62 39 48 14 66 46 16 41 78 82 86 38 78 38 90 55 44 58 21 25 58 68 65 3 80 3 91 42 100 79 59 14 18 58 27 35 55 94 75 32 75 12 22 52 2 63 59 45 73 79 21 30 98 85 85 77 40 75 71 39 53 81 52 22 90 78 56 44 23 82 27 98 94 100 1 47 
15 59 91 87 90 11 68 87 48 52 16 39 26 86 77 31 18 81 4 7 10 60 50 33 93 28 82 38 28 34 84 42 45 26 80 86 89 47 72 88 99 39 26 76 24 54 6 93 86 10 99 48 21 100 80 65 28 13 3 55 46 38 48 42 16 27 27 4 73 51 43 23 89 20 99 65 73 4 57 11 65 56 58 37 55 37 2 82 1 56 88 98 93 35 40 60 13 66 63 38 16 57 60 5 76 58 69 49 14 25 11 30 32 68 19 87 56 20 20 56 27 8 53 71 94 44 31 7 10 45 44 77 2 3 33 77 13 1 77 78 78 87 59 61 54 77 47 61 96 19 16 74 26 21 45 
19 64 75 77 25 19 20 2 20 75 34 49 39 87 77 16 64 64 74 24 69 3 23 82 98 41 97 72 18 69 68 88 33 42 65 57 60 36 10 32 10 44 32 48 82 8 15 45 23 41 20 44 43 94 25 92 86 73 15 55 42 82 43 26 23 59 34 35 46 96 18 8 39 1 7 20 8 22 16 83 14 87 26 56 33 2 99 18 26 14 73 19 47 67 44 70 77 30 56 74 25 25 81 15 25 88 86 32 61 53 66 74 39 43 29 23 44 79 41 22 92 65 40 39 83 36 60 11 65 67 84 89 91 17 55 15 4 40 98 64 92 16 37 82 58 17 5 54 95 97 75 39 61 14 29 
95 1 40 5 65 6 40 5 96 56 59 62 11 50 11 74 41 26 62 75 84 30 79 89 77 75 63 15 87 28 95 33 29 34 89 45 39 28 50 86 36 60 47 46 62 9 72 54 35 33 28 70 63 58 58 91 84 72 5 70 51 51 54 31 84 42 76 22 22 77 7 57 88 5 54 49 65 25 3 99 10 82 20 24 40 29 14 23 52 70 45 55 20 98 85 3 92 12 76 13 40 34 21 80 38 74 28 54 99 82 5 8 64 24 31 55 5 96 29 56 65 73 10 84 23 47 38 14 58 13 78 50 46 98 29 35 71 8 88 21 90 92 28 5 68 10 11 72 5 39 79 21 12 41 4 
86 87 41 99 96 5 76 45 50 73 25 84 95 33 24 16 22 67 95 78 34 57 88 57 13 26 36 34 89 76 89 74 14 30 24 61 86 51 58 36 75 82 71 70 14 94 37 35 61 31 64 46 39 51 3 52 29 38 37 69 65 25 43 30 6 18 90 92 69 47 27 43 29 49 64 42 43 100 29 55 83 44 100 21 95 2 24 75 91 60 43 55 37 37 84 42 55 74 33 75 72 11 17 100 60 33 94 54 32 22 8 66 17 59 39 11 61 14 37 51 74 32 58 62 68 41 3 22 66 88 96 38 50 65 89 61 49 82 14 80 55 73 98 72 32 88 34 44 1 23 46 26 54 3 87 
21 96 90 95 61 29 42 50 78 58 91 39 6 24 4 38 79 29 35 2 12 22 87 7 22 61 52 100 14 55 86 87 2 75 81 14 55 74 64 33 32 6 23 37 29 78 26 59 6 60 12 69 33 99 75 7 59 27 6 25 33 91 11 34 18 43 99 72 16 14 56 47 19 30 36 48 8 61 6 65 73 18 34 57 68 8 63 78 86 20 2 18 63 64 3 32 6 2 3 22 15 11 20 34 40 7 33 99 68 90 16 92 59 49 48 26 8 63 56 94 34 9 63 96 73 66 27 30 19 82 3 85 44 23 70 35 81 2 34 100 92 49 91 50 49 91 28 56 53 83 1 38 91 64 34 
15 81 12 45 99 45 99 83 88 21 53 23 54 6 8 53 97 8 44 99 8 86 26 63 90 60 16 27 2 79 12 69 59 24 65 9 20 63 43 8 36 47 82 89 53 41 41 1 100 36 51 7 21 76 21 10 87 36 89 89 66 100 9 24 75 73 84 95 35 27 2 70 25 35 58 77 27 51 30 26 86 80 84 59 8 4 20 46 92 8 34 57 8 94 33 82 66 16 76 1 94 29 22 19 15 80 47 41 30 76 18 67 8 1 25 15 57 45 60 48 52 46 56 11 91 88 45 57 4 72 57 49 1 30 67 67 9 66 60 90 41 29 57 100 82 33 66 38 77 78 37 81 23 92 43 
13 32 87 21 87 59 29 35 11 59 54 29 67 19 88 9 11 69 17 11 50 49 76 39 26 53 75 58 27 18 52 92 49 39 64 87 49 93 22 11 51 27 39 69 45 79 77 7 47 93 17 96 94 45 34 71 49 60 28 28 29 79 19 30 69 82 16 69 26 37 79 76 63 70 97 59 48 25 66 46 70 34 93 63 78 78 33 79 37 12 6 17 42 76 46 11 9 62 79 35 98 10 62 13 79 58 23 26 83 88 23 52 22 15 66 51 92 98 29 80 9 86 96 50 61 42 12 70 55 43 4 52 52 65 16 30 23 39 7 57 78 81 60 51 95 25 2 38 22 82 17 82 68 64 83 
28 57 95 49 11 37 52 15 40 17 30 21 91 20 79 99 98 59 58 48 53 34 1 42 55 35 10 88 54 73 70 33 30 16 82 92 4 33 6 43 1 88 15 43 7 93 41 56 51 50 56 55 83 56 96 37 42 5 76 95 30 46 28 11 61 9 2 65 93 60 59 94 47 74 36 5 66 29 61 69 78 68 75 61 23 23 49 65 79 25 11 8 22 38 70 82 98 24 98 91 83 57 84 81 30 71 37 47 99 97 15 77 16 90 37 39 64 37 55 42 61 17 2 82 55 71 16 52 94 13 42 76 21 77 8 50 48 45 49 46 93 63 74 9 4 62 99 67 99 5 61 11 21 62 45 
75 32 60 79 26 24 72 53 45 49 61 46 48 57 94 45 49 9 19 57 12 80 55 31 78 59 43 41 80 4 85 6 35 96 36 12 19 8 17 15 8 29 61 55 85 54 99 33 14 17 42 26 49 96 8 78 7 50 18 38 5 2 95 91 97 31 3 68 38 19 82 97 47 94 51 31 100 1 15 13 70 56 90 18 4 97 95 10 98 13 99 54 66 93 45 15 23 47 34 12 17 15 8 15 61 10 97 60 11 11 72 32 67 62 49 70 10 95 31 60 59 29 13 77 73 57 91 96 55 24 59 71 90 19 37 50 28 33 61 90 44 33 21 62 46 21 83 7 16 13 18 26 93 83 2 
65 91 44 12 46 19 23 68 9 41 5 10 68 89 71 10 32 55 30 45 52 3 27 10 70 91 80 95 35 62 49 52 52 92 63 49 11 37 69 71 77 73 80 97 13 2 6 45 8 87 41 11 89 68 21 58 10 100 5 45 13 53 96 16 96 10 17 58 47 85 28 75 9 60 71 21 13 28 17 21 15 58 31 55 77 51 65 86 2 69 82 66 73 77 82 20 39 50 78 37 34 57 11 42 16 34 14 29 61 31 49 27 40 31 82 16 34 46 53 87 66 35 53 90 63 86 9 1 35 38 37 68 95 100 61 10 33 26 90 93 56 38 20 95 21 53 62 54 50 15 40 15 1 44 56 
63 29 64 16 63 54 4 82 48 3 94 57 35 20 47 80 27 36 51 74 56 3 35 61 52 1 1 18 53 44 73 68 25 88 35 39 41 38 73 88 93 66 97 79 37 95 58 16 30 8 89 38 62 75 98 13 28 50 30 80 46 54 99 70 94 33 8 86 23 80 74 15 98 22 93 86 16 51 1 97 10 89 86 72 16 36 36 43 85 18 22 82 71 73 51 16 5 11 2 27 42 75 93 91 48 86 77 15 88 29 11 97 18 49 20 33 84 56 27 20 73 48 2 95 72 4 11 77 66 12 55 60 38 48 50 85 33 78 99 72 7 61 68 24 61 40 8 44 95 34 16 19 33 69 13 
5 72 23 33 90 86 87 49 23 86 98 59 70 76 57 41 82 70 61 57 30 100 16 26 46 1 41 64 85 9 28 41 32 51 73 21 88 12 21 11 49 19 69 19 46 78 59 79 47 19 87 28 70 54 53 15 6 45 30 90 5 58 31 37 60 55 9 47 18 82 57 67 100 78 85 97 55 95 27 53 14 65 80 35 18 85 50 23 81 79 64 86 36 94 74 95 1 34 94 18 15 50 36 66 27 72 62 33 67 40 85 32 4 17 66 73 1 15 47 33 46 11 18 33 56 43 80 56 77 73 26 91 74 61 57 53 85 70 85 51 10 70 34 65 86 99 38 38 66 36 70 11 46 40 95 
2 82 74 57 58 46 34 49 72 47 57 24 31 26 8 81 87 77 66 4 14 64 93 51 29 28 73 91 74 12 86 75 45 11 83 3 9 69 3 80 15 11 3 45 36 10 77 75 87 42 78 52 57 22 55 86 49 27 28 22 90 65 48 86 76 83 88 36 51 42 15 65 52 17 61 40 26 37 66 64 30 95 16 86 16 22 23 64 48 3 38 89 19 37 74 94 19 14 81 21 7 95 37 11 11 97 2 89 85 67 52 14 61 19 52 28 40 26 91 39 28 80 79 47 17 5 92 87 70 73 8 76 67 44 86 30 93 87 18 77 5 21 43 17 92 46 44 83 71 87 74 51 66 52 97 
34 8 40 21 77 64 80 53 31 75 90 12 67 29 29 96 85 1 90 2 92 35 45 75 57 31 48 7 49 51 55 82 59 95 54 35 58 33 39 40 8 81 51 26 9 31 21 45 32 62 46 75 96 43 49 53 73 48 11 73 99 66 55 57 60 8 43 69 41 82 9 100 14 11 77 74 94 98 18 77 11 64 51 7 6 100 11 30 99 21 3 97 86 57 5 97 16 48 66 8 81 26 7 94 88 84 19 81 33 36 57 43 99 8 1 56 59 63 86 57 36 40 6 73 96 10 70 63 9 87 71 41 64 29 86 51 12 4 84 96 40 92 91 90 51 43 46 61 6 83 70 41 22 75 65 
69 36 34 31 45 72 1 37 35 82 23 38 45 78 73 41 17 16 83 59 67 25 56 27 82 38 48 74 11 22 39 79 10 24 61 6 96 62 42 82 43 16 71 87 94 43 79 62 11 13 20 77 90 27 55 71 64 3 97 74 76 87 4 85 10 65 90 57 78 32 91 72 99 61 10 92 56 89 54 66 53 25 94 42 52 48 65 67 2 61 93 78 99 96 62 8 60 4 17 89 35 7 60 85 67 70 77 74 10 82 39 62 58 84 4 61 32 20 28 33 80 72 62 78 67 24 37 79 27 5 67 13 11 27 49 30 48 25 3 57 58 94 70 16 77 25 76 60 44 55 45 23 26 6 52 
45 81 41 23 59 45 89 23 8 67 72 37 14 48 91 22 6 36 92 21 65 16 48 24 60 55 20 34 80 26 38 24 58 30 46 17 74 87 91 81 5 62 69 71 10 60 92 15 95 35 87 59 3 86 35 62 40 54 47 20 31 36 95 89 65 93 5 91 31 95 23 35 9 92 57 18 3 1 84 49 35 22 8 37 7 94 50 99 99 49 70 30 84 64 18 1 8 74 91 38 20 13 25 28 4 33 97 58 33 32 7 68 5 66 56 64 59 6 62 57 54 31 38 89 46 55 89 6 80 79 95 100 44 71 79 47 4 76 57 36 59 63 3 64 28 11 27 86 16 40 94 21 22 32 61 
67 38 50 24 18 80 19 69 23 89 47 22 92 74 78 28 33 40 82 48 67 92 26 4 59 65 49 79 86 32 92 4 70 41 28 39 72 46 7 95 86 5 68 78 79 45 57 63 36 38 10 54 82 35 9 40 51 57 71 36 41 62 39 10 54 66 100 25 63 6 71 49 10 38 78 40 34 34 2 21 71 63 74 4 49 82 44 99 91 14 34 31 27 25 92 80 42 91 56 57 48 27 5 57 16 82 49 50 67 50 22 37 65 96 41 13 29 36 64 19 1 97 1 27 73 92 58 67 82 13 23 29 39 27 38 7 60 86 56 26 87 29 14 51 24 6 16 53 93 79 23 93 27 76 71 
100 67 28 66 1 41 88 81 79 66 70 37 77 7 44 54 94 73 19 96 96 77 11 100 69 41 75 62 68 50 32 67 68 12 84 20 52 23 53 82 40 22 19 68 81 62 21 26 34 39 21 82 15 84 81 36 24 7 49 91 56 80 9 76 91 44 95 94 18 99 76 57 73 94 24 53 7 96 78 41 35 50 22 1 33 54 36 9 61 84 51 68 16 12 43 58 7 90 4 25 88 79 33 60 24 57 64 30 52 41 70 38 91 91 91 75 45 78 83 57 14 86 24 81 97 19 38 3 8 41 79 47 71 12 59 94 20 22 24 23 63 45 61 5 88 3 79 84 80 14 40 45 99 63 25 
47 81 15 1 40 55 80 87 78 91 45 71 10 66 46 32 80 91 44 84 30 98 15 13 30 28 52 74 26 66 99 24 99 13 24 38 19 3 76 96 45 20 19 6 38 16 38 69 58 33 5 87 31 19 99 12 46 2 85 23 68 83 46 18 47 69 55 66 24 31 13 68 2 83 74 91 99 63 60 8 47 64 95 29 82 45 40 79 99 25 1 18 59 98 35 6 18 89 23 41 71 35 61 73 70 86 63 20 48 74 27 46 37 73 75 70 70 14 100 68 90 100 85 49 49 19 6 67 59 28 59 30 14 19 2 83 56 16 2 55 90 81 1 78 53 75 100 74 40 99 41 82 51 77 30 
99 47 35 17 6 14 76 87 27 46 88 10 2 55 63 56 96 95 56 74 100 82 73 73 74 23 66 55 73 42 36 24 89 70 40 46 35 15 32 61 13 71 22 14 25 85 21 21 31 77 46 30 10 70 3 83 92 68 89 17 61 24 40 49 45 31 94 79 98 77 40 10 47 61 75 72 97 95 44 28 71 89 9 33 58 63 67 1 82 56 17 43 79 8 43 24 39 37 2 36 65 41 45 12 54 19 35 2 65 78 81 88 18 90 20 27 52 86 27 34 41 96 28 20 3 70 95 41 58 96 28 23 89 24 34 94 94 68 95 59 97 76 46 14 17 65 40 68 2 18 53 43 13 80 14 
16 50 60 8 7 55 88 29 95 11 14 40 5 81 87 63 77 62 8 42 30 24 81 49 25 99 2 67 63 33 32 78 34 91 38 93 98 25 73 44 35 87 84 91 19 70 53 96 83 12 89 64 35 70 12 60 20 13 78 82 98 10 12 31 52 49 23 49 25 48 45 11 34 28 2 52 49 6 99 83 18 88 46 52 9 57 63 28 22 41 9 71 2 72 53 53 20 28 54 96 75 98 7 8 77 60 11 77 65 62 11 82 1 8 86 9 16 48 88 37 40 48 59 93 20 12 46 39 39 51 87 13 100 93 72 28 52 34 4 68 95 14 50 95 21 87 55 36 86 42 25 26 90 35 18 
61 46 15 51 84 17 37 48 16 29 19 43 32 53 46 100 99 11 1 46 83 39 100 71 24 94 47 49 35 81 19 95 79 33 45 14 50 34 62 17 62 80 60 46 84 57 97 35 20 49 80 54 87 31 76 10 76 22 11 62 55 29 8 33 13 53 46 14 86 59 31 99 91 42 96 26 50 44 60 21 92 91 75 30 22 50 40 49 24 50 11 78 30 18 62 94 22 59 8 59 70 90 10 60 83 5 85 32 1 45 53 92 35 79 22 8 28 13 57 51 14 19 80 95 88 93 88 10 4 47 20 73 36 29 32 70 86 16 54 86 12 58 29 99 36 2 58 15 66 14 18 79 84 49 25 
72 42 13 33 45 59 52 69 47 81 100 68 18 67 21 55 31 78 83 29 65 37 86 80 2 52 49 33 35 97 57 58 38 21 90 34 32 42 2 78 74 53 97 43 72 18 97 2 47 31 30 12 67 67 43 69 70 91 53 57 87 9 14 77 30 56 62 61 49 16 90 74 68 86 16 39 55 12 92 54 42 73 17 61 40 59 81 61 1 33 17 39 41 31 67 22 86 29 34 86 44 23 59 63 61 74 54 67 37 45 20 30 18 36 90 9 46 70 69 46 54 86 37 47 68 3 68 5 83 54 90 78 28 48 93 88 73 46 7 9 42 26 90 11 62 80 19 59 1 40 5 55 25 93 53 
44 47 72 100 30 25 89 59 53 88 51 92 12 48 98 20 90 76 61 100 89 40 71 47 93 10 3 99 86 95 51 29 42 74 28 23 99 68 81 3 55 84 94 18 31 44 89 20 71 49 72 59 41 42 5 33 51 8 83 36 54 33 16 47 58 43 21 56 62 54 10 68 37 4 85 19 99 73 91 69 21 62 27 61 55 83 93 5 42 27 92 96 11 7 94 69 1 15 24 62 68 34 29 4 89 13 74 39 85 64 59 57 25 37 18 79 19 62 35 61 89 26 8 99 84 1 67 84 15 43 97 82 76 25 37 16 89 11 6 25 26 64 82 51 100 99 81 18 12 68 30 100 93 37 99 
29 90 65 64 4 7 61 38 34 37 26 1 78 88 6 2 14 69 35 16 68 85 96 38 97 15 19 96 60 56 94 88 45 11 51 100 69 63 89 55 52 15 7 81 2 13 82 67 33 69 82 53 53 30 90 49 44 60 45 3 15 90 42 11 52 93 63 73 7 51 79 10 17 85 90 71 97 24 37 30 92 71 82 44 100 23 93 95 82 89 98 49 30 39 11 34 83 73 6 42 76 36 51 92 20 93 14 69 16 51 98 7 21 31 50 72 5 94 66 86 34 15 86 16 6 49 49 40 73 6 33 48 41 84 92 12 76 5 80 91 7 77 49 27 59 50 50 63 96 16 1 29 82 38 96 
39 86 44 79 59 1 11 58 93 46 49 5 73 6 84 15 12 13 63 91 71 13 40 86 8 7 38 88 41 75 84 79 61 79 57 71 80 20 28 72 65 29 28 38 34 12 52 97 76 15 87 46 79 79 83 86 37 20 25 77 47 8 8 59 87 64 29 18 35 8 41 100 36 69 89 21 32 40 18 7 6 4 4 36 34 87 73 71 58 98 99 56 5 6 14 43 22 94 60 56 2 1 7 89 21 95 10 52 87 27 58 44 82 61 80 16 99 52 38 57 49 88 12 6 46 78 48 67 71 60 74 24 60 33 65 80 79 74 83 65 52 40 61 33 100 40 100 99 43 89 7 44 77 70 49 
22 99 48 40 22 7 65 45 18 97 9 49 76 34 31 92 85 70 52 18 22 43 69 72 38 58 78 81 86 99 81 7 98 28 98 19 87 62 15 56 11 76 5 86 9 87 29 94 9 33 63 30 27 31 53 64 40 82 96 25 80 76 83 77 56 80 47 42 94 62 97 4 37 53 41 45 92 69 90 100 53 52 81 80 35 33 95 74 14 91 99 45 18 81 74 73 61 20 66 6 81 15 9 69 19 1 66 10 21 55 9 74 59 89 5 93 73 99 66 86 41 64 83 59 97 56 31 9 75 49 14 8 63 74 76 81 74 93 43 46 48 51 19 6 92 75 50 16 74 15 54 14 31 36 24 
79 91 55 87 17 55 52 24 69 25 52 49 50 44 43 95 43 94 66 48 37 40 97 52 13 64 5 79 46 40 2 24 82 8 62 99 62 13 22 30 37 25 31 38 69 73 32 11 18 49 11 6 89 59 58 53 74 14 31 19 6 85 94 87 44 55 85 6 67 59 87 55 83 69 44 3 94 28 66 11 76 76 69 64 34 78 17 60 91 99 78 96 35 24 35 79 78 71 36 97 81 74 3 16 43 99 70 36 26 35 98 1 10 66 65 96 43 33 55 86 83 84 33 70 59 67 48 89 90 35 37 22 8 39 37 2 89 7 89 14 41 87 15 3 4 31 50 99 15 56 84 49 91 16 18 
50 35 17 38 76 51 74 97 11 64 86 12 53 92 1 66 84 39 80 38 94 62 87 92 76 94 75 25 85 43 94 34 29 11 71 4 61 44 52 23 7 37 87 11 80 39 77 64 77 8 53 70 70 92 14 97 85 40 73 69 82 67 54 10 77 24 65 89 19 17 12 78 53 98 88 85 36 16 100 64 24 52 85 45 43 98 93 28 38 66 48 71 84 2 33 12 77 97 100 96 65 63 25 70 12 64 54 99 80 53 14 3 4 99 99 99 48 91 78 37 56 25 60 91 78 92 2 55 40 2 2 5 16 26 74 28 89 79 78 20 31 92 22 86 42 20 84 89 63 13 78 70 38 37 61 
15 80 62 21 19 15 22 75 83 99 100 10 40 78 39 59 60 30 33 98 71 4 33 12 66 46 89 36 83 77 96 49 56 9 22 26 24 43 1 58 94 52 67 85 30 5 95 41 87 27 38 57 31 71 68 48 16 8 83 50 84 30 50 91 39 71 69 14 66 21 71 59 72 89 95 53 45 89 94 31 16 83 40 98 5 7 45 20 67 80 21 50 9 71 93 99 41 61 12 6 81 34 16 52 22 10 57 19 99 2 1 66 84 40 15 89 99 11 60 65 90 33 66 51 3 58 49 95 70 13 53 50 46 20 54 20 30 10 90 80 11 90 97 46 82 11 86 80 73 46 96 63 30 61 65 
84 71 65 78 40 77 82 90 75 2 95 46 83 56 87 14 18 76 62 63 9 72 49 40 44 46 35 58 75 96 74 58 18 39 87 57 15 21 98 41 74 92 38 8 47 24 73 64 52 34 79 60 5 79 100 100 24 34 10 50 81 83 59 98 21 97 7 88 17 4 80 90 48 18 49 46 41 21 62 92 54 40 4 10 18 3 10 93 88 19 94 69 53 52 18 74 48 24 61 17 80 40 58 27 9 7 24 50 27 85 93 33 76 96 42 93 50 3 37 38 73 30 6 26 33 75 51 81 51 63 97 82 54 6 8 63 12 83 64 91 68 56 23 43 4 16 88 53 19 24 90 43 6 47 68 
38 74 70 70 24 32 18 5 86 24 64 48 35 46 11 77 65 66 51 8 21 67 95 74 37 70 63 31 27 62 51 65 35 20 86 10 52 4 14 37 27 29 84 13 26 46 42 91 63 92 50 84 10 96 57 98 17 71 29 44 32 79 60 18 50 45 27 1 48 92 37 26 72 72 91 98 17 32 40 80 75 89 63 85 36 71 34 52 41 14 95 25 44 54 94 94 99 21 94 98 64 83 24 36 6 66 85 23 97 24 54 71 64 68 7 99 38 93 50 30 6 97 6 50 50 100 95 100 20 88 98 35 22 73 70 28 38 54 2 86 29 55 56 92 22 15 90 11 7 92 40 64 88 46 13 
89 45 7 89 16 47 38 50 20 10 72 47 99 25 48 84 6 54 91 97 75 5 39 37 63 30 77 27 69 22 91 57 18 50 45 85 48 82 86 67 43 57 14 41 34 13 76 39 67 67 35 93 23 73 30 86 54 58 64 22 31 54 79 100 55 75 84 2 9 69 69 51 26 34 44 11 46 71 49 64 37 35 9 12 60 90 97 13 99 12 87 29 17 17 28 72 91 11 73 99 31 93 2 56 26 97 18 24 67 66 87 56 1 47 67 60 88 15 24 86 26 10 66 94 26 93 65 69 55 90 67 86 82 20 93 60 16 11 83 35 28 21 90 28 68 8 39 7 22 63 93 99 24 10 92 
50 3 9 70 9 98 36 46 31 56 91 90 23 1 72 57 80 45 98 8 12 5 98 70 26 60 14 76 36 24 68 37 78 28 6 86 77 41 32 7 48 74 49 23 74 72 79 5 16 77 12 79 81 62 49 59 21 62 34 8 37 53 44 14 80 49 52 56 42 35 15 89 8 15 63 33 86 42 37 2 70 1 80 2 62 80 12 34 94 98 42 30 50 85 96 82 34 47 89 27 33 3 15 40 69 78 24 55 71 60 56 92 12 87 45 73 67 57 7 60 54 100 41 55 84 36 36 69 34 25 95 66 79 62 5 48 91 28 54 13 40 9 4 51 47 48 76 13 56 34 24 9 33 65 16 
16 100 51 37 34 27 83 51 6 44 56 5 86 35 58 98 26 18 53 29 64 53 4 29 8 37 52 69 69 68 84 36 20 86 24 53 13 7 3 18 50 10 74 36 97 31 85 74 100 38 2 63 90 57 91 49 93 95 17 13 62 52 1 81 38 24 85 50 30 40 19 32 1 92 19 49 74 3 23 25 40 76 87 81 33 30 30 77 24 46 42 37 98 42 70 87 17 6 36 99 45 6 30 98 49 100 46 74 2 68 98 94 44 84 74 28 65 3 4 40 1 45 77 50 38 98 36 55 3 23 53 100 28 34 97 76 85 42 1 86 62 98 31 57 33 5 84 98 59 87 37 59 84 65 8 
21 62 95 27 17 17 79 16 96 64 12 23 48 53 23 86 66 20 16 22 53 72 5 50 83 44 38 41 27 55 1 99 16 95 26 32 64 56 99 59 72 10 82 71 15 4 56 80 76 24 2 28 47 58 29 29 53 18 22 31 72 22 30 40 16 7 23 79 14 22 90 85 31 71 56 97 26 63 77 1 38 30 80 85 39 60 65 92 78 86 22 1 7 3 40 75 61 15 5 75 36 94 59 18 16 66 15 42 29 43 94 66 72 74 2 62 85 67 53 14 52 27 15 11 81 6 37 42 20 41 68 7 87 78 77 2 44 43 95 24 85 89 89 8 62 43 69 46 61 74 60 12 52 26 74 
32 83 10 25 55 3 44 61 89 22 89 42 65 31 37 88 15 25 28 22 38 22 43 35 82 16 46 46 19 23 19 2 6 81 79 60 35 22 72 23 43 61 16 59 91 4 98 6 80 78 79 17 51 73 4 33 88 1 78 6 24 48 60 29 80 38 88 14 59 11 88 54 71 4 64 62 59 14 19 39 91 49 7 41 22 10 25 9 11 54 67 34 2 78 14 33 15 53 47 73 63 34 78 34 89 42 47 48 55 17 38 97 65 44 89 86 54 14 47 16 67 65 1 20 42 14 53 56 66 99 80 80 84 58 65 25 51 11 72 57 27 9 53 44 4 41 29 57 6 75 24 73 91 24 92 
32 37 44 39 54 94 19 34 30 28 50 54 78 61 77 86 39 37 38 82 40 30 63 49 36 89 72 60 80 96 51 63 84 47 2 90 92 20 75 21 99 24 74 28 36 50 13 27 86 50 60 78 31 22 26 66 11 97 25 42 44 28 4 80 26 57 69 69 76 95 90 26 70 15 53 6 17 65 32 54 66 43 31 49 65 56 14 27 53 91 20 48 70 75 27 47 32 47 15 7 93 56 85 63 23 37 20 39 54 3 92 71 45 23 19 61 30 85 87 34 27 58 82 48 33 60 94 64 59 60 22 51 68 6 65 90 95 84 80 100 86 23 22 31 97 41 91 27 77 30 60 55 87 93 2 
19 53 47 34 63 6 56 13 25 61 30 66 7 13 45 6 99 68 28 81 16 20 71 42 48 52 54 2 39 46 3 9 50 49 43 12 6 50 77 31 62 6 96 69 70 93 26 68 12 5 48 27 76 71 21 23 22 74 76 12 71 78 73 73 78 67 84 36 16 12 18 29 69 65 49 39 57 75 58 20 31 6 47 7 28 19 81 1 44 57 65 14 86 37 86 16 55 22 51 22 85 68 50 54 84 99 92 41 25 49 12 55 6 58 61 85 28 94 86 71 50 50 37 35 38 22 2 92 95 52 13 80 71 14 33 55 12 76 47 36 76 58 43 34 68 55 18 47 48 3 18 97 4 54 84 
41 27 85 32 22 89 96 53 11 10 85 17 73 12 63 61 87 73 3 72 92 57 90 38 57 44 55 5 48 60 40 88 87 77 72 60 65 19 12 27 80 48 44 53 59 58 65 97 30 67 69 73 75 10 11 83 53 17 88 52 29 27 40 67 3 63 26 19 81 37 46 13 36 89 65 46 46 29 42 28 47 62 52 73 23 14 56 76 31 95 27 11 21 18 77 76 32 2 94 65 90 39 77 77 79 93 22 77 21 63 4 19 77 55 43 99 21 50 26 51 44 5 13 17 74 89 92 6 42 37 70 83 28 46 59 6 90 80 82 62 94 37 80 22 44 74 21 64 24 98 66 19 2 78 35 
28 18 78 33 59 15 54 41 42 99 51 99 40 30 81 1 75 69 80 97 12 5 69 27 28 66 92 47 20 21 33 47 38 63 31 48 77 84 40 70 34 90 68 73 71 100 73 46 21 4 94 32 8 62 11 36 79 54 34 50 75 18 48 64 80 78 12 8 61 51 77 46 93 97 18 63 48 90 60 68 93 53 52 1 66 62 88 97 15 73 46 41 90 46 5 70 23 68 29 36 18 6 81 10 54 51 25 1 40 36 21 85 41 72 85 58 85 24 54 51 96 52 92 37 97 48 6 71 15 35 6 84 92 39 46 97 89 22 49 80 57 69 64 97 92 100 55 76 23 60 27 70 11 70 7 
59 69 64 30 83 50 87 18 41 25 63 89 65 36 38 45 93 6 8 41 50 60 47 25 82 7 3 52 69 24 10 28 92 73 9 26 23 95 44 15 72 58 4 36 94 41 32 38 98 92 30 47 51 77 24 84 35 26 87 55 50 96 82 41 69 42 19 91 37 62 57 60 71 60 47 16 52 79 53 50 70 83 48 72 11 71 55 45 49 42 51 50 37 85 42 57 26 60 99 14 73 56 73 44 15 20 11 67 98 64 68 19 98 67 90 60 90 44 56 38 37 6 87 26 90 28 82 16 40 33 29 12 88 54 7 54 73 18 72 22 33 91 40 82 58 81 41 47 76 96 36 13 1 74 38 
43 53 71 58 92 3 38 4 42 43 62 48 15 79 19 88 63 10 27 44 19 59 84 65 35 31 52 47 84 25 36 26 77 6 35 69 61 24 24 54 67 85 1 33 16 72 21 78 81 99 22 99 58 57 15 92 88 18 90 23 42 25 48 18 82 34 38 94 57 61 48 75 98 100 8 13 71 28 90 3 26 63 53 83 72 67 26 11 84 15 33 77 91 32 95 73 65 84 18 21 45 17 48 42 17 55 6 87 82 47 90 59 10 42 94 33 61 19 43 96 86 75 25 76 6 19 100 70 2 70 42 98 86 89 91 2 43 96 41 76 43 82 35 4 75 80 36 87 98 78 35 35 4 59 11 
9 29 62 30 30 31 23 80 17 12 70 70 6 18 62 34 12 43 20 67 70 99 54 56 48 83 90 83 86 48 45 46 76 6 75 58 37 97 89 5 60 10 26 18 79 88 51 90 82 70 8 51 20 61 7 67 43 48 49 80 48 93 25 75 51 51 32 39 100 72 43 11 82 20 28 60 7 30 2 89 51 61 91 70 22 49 89 16 97 37 48 96 82 24 70 32 75 54 70 26 25 64 36 58 83 16 70 42 45 71 82 96 31 72 17 4 21 5 72 69 94 19 64 27 94 85 58 68 38 79 45 15 94 81 72 28 96 93 21 92 63 2 87 46 74 56 1 46 60 24 66 5 94 81 31 
88 65 40 55 55 70 100 69 15 32 92 43 79 85 63 70 99 17 9 44 42 64 97 87 75 20 4 32 14 84 62 1 100 54 7 54 23 58 22 38 41 14 32 19 98 46 89 96 62 49 92 3 12 40 41 38 11 44 69 76 79 83 28 79 36 35 32 10 44 54 99 85 19 30 55 68 28 95 15 89 43 58 44 6 97 84 44 60 80 64 35 58 46 63 88 33 49 20 43 92 25 93 28 95 23 35 62 2 29 28 90 72 86 33 29 34 69 24 93 48 88 80 57 85 42 45 18 42 16 12 33 40 4 13 86 78 47 47 79 27 74 21 50 11 5 79 45 73 2 89 72 41 68 81 26 
61 25 43 2 92 6 87 83 9 99 68 39 97 14 17 23 39 89 25 2 94 3 98 18 56 86 90 97 6 22 22 66 98 16 68 89 21 54 71 81 4 38 19 52 3 88 26 93 28 50 94 21 4 91 39 60 29 80 8 34 1 29 99 98 96 18 38 68 23 8 100 78 97 71 29 99 10 7 43 37 56 37 58 60 79 48 71 7 27 78 40 79 58 91 28 5 8 65 72 31 24 23 8 20 93 89 70 2 95 12 39 2 48 48 61 79 95 83 85 73 60 25 3 69 15 30 73 74 46 96 4 69 71 64 88 63 4 57 17 98 68 7 99 68 54 12 46 100 46 30 72 58 6 74 26 
72 55 51 46 100 98 1 68 68 16 7 83 19 63 99 68 82 57 19 1 10 82 98 9 27 80 32 84 85 57 62 9 63 12 54 62 61 6 81 29 22 87 63 40 1 61 8 34 17 78 87 78 59 84 38 85 63 21 21 100 77 82 8 39 45 13 52 5 18 32 85 39 70 47 31 22 59 38 55 27 67 41 56 25 77 93 61 39 13 81 90 41 14 97 31 58 61 82 15 79 65 99 17 86 98 47 7 56 36 14 35 54 6 90 78 82 83 39 73 47 71 62 40 85 11 70 42 71 4 56 1 20 7 70 6 4 16 12 11 4 77 45 57 83 87 87 16 69 77 88 67 47 2 6 31 
64 28 25 34 31 32 87 50 38 56 7 93 23 71 4 78 47 100 35 81 86 73 97 6 49 84 73 95 85 30 78 100 9 2 34 39 33 72 41 23 27 99 15 49 69 70 79 68 70 65 48 7 37 44 13 85 80 37 31 16 18 8 16 27 61 1 17 94 72 9 68 98 8 34 98 76 4 28 43 25 92 43 31 28 86 95 64 65 31 95 81 1 54 96 27 15 96 95 8 19 4 27 68 11 60 17 38 15 45 33 39 36 75 22 64 12 16 79 77 99 73 9 99 27 56 77 41 3 71 100 21 26 26 88 88 37 4 78 52 48 10 90 36 36 63 51 47 79 29 75 29 2 35 27 80 
90 55 72 92 77 71 64 3 48 51 42 36 7 19 87 6 28 29 41 15 91 43 14 21 72 88 49 25 75 27 4 64 81 27 8 58 49 71 12 48 74 53 83 80 72 22 85 51 50 78 18 92 20 31 13 43 70 13 67 44 40 22 60 20 48 67 29 96 89 92 43 62 97 78 41 20 99 78 22 100 7 39 91 78 69 55 21 91 68 87 86 7 61 45 78 8 11 59 56 100 50 50 13 98 27 54 17 77 83 39 76 41 77 67 18 98 21 38 40 88 77 25 46 37 70 24 96 32 82 3 83 83 53 96 81 31 1 97 8 35 87 83 75 16 1 92 13 74 82 4 61 10 28 59 46 
97 82 93 81 15 96 63 97 100 10 29 82 10 78 89 44 64 24 70 79 76 62 43 49 95 46 62 4 26 20 1 22 1 93 54 67 40 17 15 39 78 44 21 88 73 61 83 36 36 53 67 12 66 61 60 12 59 21 15 84 40 67 57 92 59 11 10 51 79 25 41 56 20 13 95 92 74 78 27 61 82 45 72 47 6 84 58 16 4 24 99 96 90 55 39 100 17 49 50 95 25 91 51 44 3 45 35 28 74 13 89 55 10 12 53 67 95 10 82 51 85 80 98 26 86 88 26 3 88 75 97 12 17 99 55 72 44 41 99 69 6 39 24 15 3 76 81 97 38 62 99 22 41 48 48 
26 36 25 28 23 51 77 35 68 75 41 91 70 34 41 39 39 80 14 53 34 89 33 82 26 46 81 100 86 28 99 63 63 75 43 38 25 19 72 44 45 64 34 15 97 75 5 35 6 18 39 39 58 71 20 36 16 52 35 53 80 85 68 94 59 10 31 35 80 54 79 24 18 12 90 14 38 94 1 43 63 39 81 21 62 53 56 77 4 42 82 35 78 49 29 36 10 11 22 89 65 100 64 82 64 54 47 1 99 47 44 62 38 76 34 99 80 89 75 84 82 8 18 59 56 98 46 17 9 67 5 25 67 69 58 30 74 4 82 24 3 25 85 40 53 70 90 32 58 16 15 39 24 85 97 
31 34 94 48 94 61 4 18 27 72 75 8 97 31 89 21 85 66 57 76 18 27 65 1 36 80 68 75 3 52 23 86 37 17 33 31 29 36 48 55 60 75 14 56 5 54 28 89 19 85 16 88 11 80 89 46 59 56 72 14 59 47 99 95 15 31 25 43 18 25 97 77 99 62 85 55 15 12 95 34 96 10 73 58 89 61 4 99 68 27 12 78 73 10 73 87 92 49 29 10 25 77 86 23 38 22 77 53 34 23 38 29 32 62 87 72 23 42 71 42 68 82 72 41 92 96 79 35 44 8 44 69 84 82 43 22 3 72 26 36 94 15 17 78 76 55 49 50 48 19 44 15 53 15 7 
96 10 86 30 5 45 74 25 28 7 68 1 9 91 78 97 84 92 65 13 20 19 62 69 66 32 12 32 84 26 91 79 87 28 61 92 72 86 16 51 92 83 4 52 73 33 48 9 25 12 21 96 82 34 64 47 66 28 31 1 5 73 32 92 100 92 83 23 29 98 73 20 33 28 71 57 61 71 17 37 82 38 32 64 23 47 62 40 74 44 41 79 16 72 70 67 15 4 89 43 1 14 14 85 41 36 42 53 6 58 89 40 47 72 55 70 19 68 9 44 12 1 22 79 24 43 46 38 98 86 32 51 99 97 35 92 33 28 96 90 86 37 29 84 8 35 53 78 3 14 22 66 14 95 96 
38 90 41 27 87 27 11 37 77 7 24 20 91 51 16 33 36 52 13 20 59 48 24 89 50 89 10 67 3 56 62 92 45 55 70 84 33 32 20 9 91 43 29 81 94 96 13 81 47 26 52 57 25 76 45 26 16 54 92 70 10 53 61 6 59 83 89 91 14 61 52 4 3 32 37 48 27 1 29 73 78 32 81 2 59 26 27 75 31 18 44 92 23 5 98 33 39 38 24 52 98 75 8 1 58 44 100 84 96 80 8 74 12 88 75 70 13 2 44 44 71 88 87 45 44 84 78 34 22 53 37 19 79 44 71 36 39 23 19 35 2 78 8 65 65 34 35 30 87 30 25 10 69 11 54 
12 47 83 45 68 35 82 38 13 77 9 100 16 83 18 2 84 47 9 49 12 94 35 93 81 64 17 90 33 79 95 96 25 30 93 44 16 26 82 81 2 42 80 69 24 50 70 7 96 30 7 7 24 41 51 56 57 19 45 89 98 91 84 22 20 28 18 36 53 99 16 55 40 95 75 15 44 45 73 92 26 80 98 1 72 1 56 28 19 52 68 16 43 4 90 14 31 7 1 84 57 68 90 48 15 16 62 10 12 34 1 38 65 99 38 37 51 46 16 69 97 36 37 91 39 78 57 69 36 57 4 92 25 45 39 91 13 52 100 24 85 1 13 2 51 3 90 1 48 57 69 96 92 5 87 
30 34 95 51 69 51 6 60 27 3 50 17 15 1 17 90 38 17 3 39 19 5 80 19 52 36 87 99 28 44 85 57 77 31 59 98 34 65 57 12 67 7 29 33 59 97 22 96 65 76 34 83 80 65 1 83 1 39 82 28 34 18 84 63 1 43 60 34 59 68 45 77 74 25 9 33 21 82 80 37 58 66 71 89 30 23 24 30 14 57 57 47 26 93 61 26 87 72 59 45 40 4 21 65 28 81 49 1 14 29 89 23 94 60 12 75 34 87 5 47 43 61 46 68 5 6 94 91 30 4 35 69 7 7 33 87 39 82 39 53 10 27 75 55 38 38 29 72 24 85 18 66 98 63 86 
2 21 31 93 50 34 79 70 93 38 2 31 76 35 69 28 96 95 3 50 33 40 31 56 16 15 73 81 12 88 18 66 8 48 58 9 34 88 78 26 25 31 56 1 66 76 80 61 22 34 63 6 74 93 61 41 59 34 21 23 21 91 88 80 38 45 40 23 84 69 48 9 99 55 61 64 82 40 77 4 74 39 9 99 83 70 39 41 55 11 15 27 1 2 58 91 98 97 13 82 65 13 42 15 19 2 31 1 93 7 4 66 45 64 16 79 85 54 71 39 17 86 65 69 87 22 59 85 70 24 18 86 36 59 1 6 12 31 6 4 37 61 22 33 77 37 63 61 43 33 52 11 18 68 79 
5 42 90 41 11 13 10 97 100 68 49 5 31 31 63 34 19 23 7 51 99 96 65 12 38 97 63 100 15 30 78 71 71 19 63 34 31 72 30 82 91 30 87 21 60 1 6 78 23 13 80 74 8 44 85 97 92 99 96 6 28 25 28 51 44 90 84 26 13 65 8 3 94 46 23 5 46 81 34 20 93 13 93 52 8 29 48 99 27 95 57 7 19 84 9 62 26 92 40 38 56 47 93 1 44 15 57 89 47 90 8 39 54 53 90 61 81 89 11 60 83 67 18 2 3 26 15 80 69 54 17 24 52 9 76 95 76 32 83 22 73 43 13 26 95 54 38 27 43 48 38 25 67 7 26 
21 32 93 100 100 46 68 75 98 29 2 44 56 33 27 77 5 21 41 82 15 95 19 93 37 19 31 13 37 37 39 9 21 31 8 72 28 27 47 77 55 48 21 10 33 99 39 89 19 79 71 85 25 41 29 13 11 11 26 47 100 16 55 20 98 14 91 25 41 89 54 95 89 26 57 73 24 95 61 94 25 83 30 2 24 10 14 34 21 91 33 20 6 87 91 55 53 33 32 93 22 85 39 62 10 47 34 85 93 46 30 70 29 11 71 4 20 36 89 40 79 21 11 36 60 1 91 12 34 22 56 7 58 46 20 67 93 53 3 85 98 84 54 78 46 76 81 65 64 70 57 42 90 19 77 
1 20 19 12 5 40 19 63 97 65 82 15 57 86 69 93 83 52 99 61 49 74 93 14 89 62 22 30 4 40 59 4 11 77 68 67 69 86 81 65 2 62 32 10 99 100 3 82 4 53 94 52 78 86 17 67 100 90 48 3 30 58 58 92 87 77 11 55 15 91 19 16 5 2 26 3 2 80 36 5 32 29 8 61 67 25 27 66 14 27 20 95 84 77 39 70 54 1 76 68 91 47 35 95 48 12 50 49 43 85 5 26 66 13 87 32 89 65 49 54 91 68 1 27 96 91 96 1 91 24 20 81 70 55 28 17 18 29 66 61 13 22 86 78 86 72 61 26 37 61 80 79 28 32 5 
76 22 53 28 12 76 48 44 45 54 23 61 71 51 78 83 64 100 69 93 37 92 6 63 80 66 94 59 46 25 63 21 98 15 48 9 42 47 4 86 52 27 99 75 77 76 57 40 27 25 85 64 69 90 26 48 55 71 6 100 95 21 72 92 87 72 52 29 18 55 66 22 81 64 96 58 40 52 49 18 29 85 33 97 74 58 96 29 80 2 80 74 22 52 17 8 23 68 88 92 75 54 13 7 17 8 16 8 12 65 26 92 49 58 40 75 68 35 3 47 88 82 73 9 85 89 69 7 9 56 99 35 9 63 41 78 71 57 85 34 73 62 25 73 72 64 47 91 98 49 37 38 83 61 46 
67 2 66 26 62 74 76 96 34 38 36 11 60 92 48 93 64 61 69 37 32 32 35 22 82 84 11 19 18 71 16 36 24 34 13 85 7 88 80 40 78 16 3 37 59 2 82 75 62 50 63 46 82 97 67 15 32 29 33 1 52 100 37 75 33 1 60 91 89 39 31 66 6 85 54 17 38 35 91 99 85 53 44 18 49 63 32 33 91 16 33 42 67 21 17 100 22 28 90 62 18 72 79 24 8 32 40 45 67 30 96 3 34 91 20 34 53 3 66 96 18 99 37 36 19 5 35 92 84 77 53 2 48 31 25 8 63 16 52 81 97 99 83 30 90 54 15 42 56 81 37 25 31 26 60 
1 82 47 93 18 23 45 19 22 76 95 81 90 10 85 70 6 83 4 87 72 9 53 66 16 33 2 40 15 79 51 16 13 49 8 30 23 4 100 45 31 94 77 20 3 61 41 60 44 96 98 15 4 50 80 19 35 34 10 49 64 13 16 28 61 75 57 84 79 56 80 61 1 56 81 3 17 73 14 60 69 63 26 24 65 58 43 99 43 52 99 6 64 15 34 77 41 42 60 71 50 39 32 50 94 64 5 62 36 70 21 56 33 99 80 49 56 22 47 98 25 97 55 41 63 88 17 4 82 28 74 83 66 5 84 11 68 88 73 56 10 45 11 94 43 90 42 98 63 40 47 88 36 2 80 
99 41 96 2 22 75 75 56 92 32 40 2 51 79 26 58 88 23 69 81 65 10 74 15 73 13 61 12 49 62 91 47 3 38 48 76 64 74 32 55 57 71 56 60 49 34 17 89 56 37 21 20 47 95 86 71 7 47 34 55 60 76 53 62 13 52 90 76 78 21 82 34 43 37 45 43 22 62 83 77 98 4 49 96 98 34 18 4 32 51 11 92 26 63 5 90 15 94 17 92 66 98 77 60 87 22 55 8 35 37 37 32 40 85 80 37 70 97 93 2 48 55 45 25 17 1 15 83 47 31 74 12 29 51 24 15 24 78 74 58 14 10 41 54 94 20 42 16 69 86 69 68 40 13 92 
57 65 6 39 11 37 65 75 17 15 98 83 90 75 56 47 40 66 87 93 11 59 87 26 27 72 46 94 12 58 85 68 75 43 58 85 31 22 59 47 88 8 81 77 34 88 75 74 53 62 18 16 20 4 93 98 76 39 91 39 48 27 58 22 69 15 7 99 89 17 97 76 25 77 5 58 65 79 31 69 92 49 36 11 4 29 8 79 67 50 69 66 77 26 88 97 41 46 96 81 62 44 8 38 21 12 96 37 43 78 57 34 78 93 97 82 21 56 12 39 6 81 56 34 6 43 30 98 88 77 78 2 21 86 39 93 49 86 81 91 64 37 77 93 29 73 74 1 28 38 91 85 70 99 18 
27 41 100 25 81 76 54 82 48 39 72 92 40 58 72 82 73 9 58 65 89 30 91 42 58 28 84 42 49 82 12 75 75 11 99 55 38 5 88 86 95 11 77 34 68 1 16 92 9 73 57 49 55 47 42 64 26 26 57 74 59 68 100 33 78 51 39 68 55 26 53 49 89 81 35 56 81 50 48 41 74 56 42 28 54 83 91 79 60 100 4 19 67 3 51 97 53 42 64 59 19 16 8 7 48 94 15 29 95 14 21 68 69 62 48 22 45 90 52 4 89 7 74 8 61 77 4 66 18 67 24 36 34 83 43 81 76 9 61 70 22 82 90 42 43 89 63 39 78 66 43 19 24 16 26 
84 92 29 49 61 47 25 97 80 59 91 12 87 99 25 8 20 6 97 61 100 37 75 39 67 92 33 85 15 100 62 50 44 42 51 4 88 27 52 19 85 42 82 71 40 6 79 11 63 27 23 63 64 49 53 30 92 85 66 58 36 79 60 79 20 10 83 59 36 86 29 72 28 10 95 19 16 25 82 30 51 56 92 66 5 96 47 48 32 64 6 68 42 65 98 13 26 80 71 13 18 99 84 45 9 30 63 76 54 96 5 5 52 49 22 56 96 21 55 28 84 60 95 26 76 92 90 53 24 61 65 41 59 1 37 19 30 51 46 84 47 3 40 98 3 13 5 98 33 59 77 17 19 23 94 
46 67 83 99 42 95 15 34 6 15 70 24 97 72 22 32 18 76 71 15 78 35 19 27 68 30 56 36 100 78 29 45 44 63 95 37 58 10 70 63 24 91 38 72 63 11 3 80 86 25 47 15 60 17 94 79 46 49 14 45 26 94 90 22 56 36 10 65 45 80 79 21 22 69 92 84 79 47 16 17 71 62 31 30 30 76 8 76 24 73 20 2 66 61 75 74 49 84 38 93 15 69 65 37 37 57 72 15 55 87 83 25 100 66 7 30 41 66 57 17 39 28 70 4 41 44 29 89 79 67 81 46 35 46 34 71 54 5 37 8 44 72 84 95 37 42 76 29 8 32 45 98 60 14 53 
52 9 82 40 40 48 72 85 34 69 18 56 22 74 44 81 69 15 17 64 3 58 39 32 65 23 28 14 34 42 67 85 2 48 24 41 47 95 77 32 64 46 87 37 72 82 70 40 49 86 3 51 95 94 34 12 16 62 25 49 55 91 33 56 38 8 49 36 2 77 67 17 23 53 54 94 87 23 33 35 60 88 85 54 81 19 17 48 32 42 48 86 32 80 93 22 39 93 57 40 70 24 57 44 28 62 37 14 36 21 48 47 8 85 100 40 55 17 39 86 10 86 23 41 17 15 14 55 60 71 95 29 46 3 72 73 16 60 87 51 80 86 97 40 70 48 31 76 16 70 61 25 55 35 18 
72 50 31 26 61 53 72 89 98 26 12 23 41 71 9 91 2 46 39 41 68 87 72 43 54 93 56 79 47 90 48 70 91 78 96 51 83 19 39 80 45 2 2 85 72 62 28 26 60 18 66 27 56 89 69 10 81 76 40 80 66 87 49 56 16 96 7 98 15 97 30 11 99 83 95 22 97 74 47 56 92 65 34 99 5 54 8 38 30 99 17 95 37 17 50 53 13 8 2 79 5 83 89 55 66 35 76 14 9 75 69 52 39 2 50 43 7 10 80 36 8 48 30 45 65 32 49 29 39 2 7 43 37 95 97 54 81 25 67 89 99 87 92 89 40 94 83 46 55 15 82 14 62 63 58 
78 94 58 6 33 12 12 27 48 58 76 1 39 100 19 79 50 5 71 90 44 16 72 41 70 86 22 83 100 85 93 77 78 2 83 62 13 94 41 12 4 16 64 42 67 34 20 68 38 42 57 33 57 28 74 78 66 47 13 65 31 5 41 61 58 23 74 23 69 14 34 72 29 50 65 47 83 84 14 73 78 70 5 86 50 30 64 15 77 28 79 59 84 71 71 41 94 45 63 14 58 49 37 87 50 53 33 32 88 47 56 65 68 13 51 17 42 66 31 70 93 61 29 76 32 99 68 77 43 83 42 1 31 78 39 32 30 23 63 17 21 71 34 89 83 36 57 24 1 88 46 45 100 74 72 
31 24 91 7 19 73 48 71 3 77 9 34 58 83 49 27 4 71 60 44 53 95 100 76 47 39 21 43 39 46 66 21 22 56 80 40 29 79 62 83 8 22 69 65 4 69 43 59 39 2 2 91 48 54 18 46 92 91 88 82 88 5 55 9 61 86 100 89 64 61 23 71 82 91 88 86 11 30 44 49 84 98 39 31 51 9 29 94 99 68 28 38 73 34 47 33 19 98 73 34 59 95 57 40 38 44 77 48 25 73 49 8 22 39 91 24 47 19 17 97 86 96 35 10 81 33 42 99 30 66 85 40 13 41 80 50 36 8 49 60 32 49 68 53 88 10 76 86 80 45 83 17 92 69 27 
73 53 68 23 82 86 7 74 98 99 5 99 34 12 47 94 44 96 13 48 35 22 24 20 1 20 54 17 11 22 95 35 74 63 58 8 100 16 81 97 15 85 95 48 48 93 93 43 40 5 43 74 78 66 94 78 37 47 47 47 21 41 82 46 55 91 53 54 6 85 2 72 21 96 20 21 89 64 63 28 69 5 54 46 22 99 76 10 45 74 57 17 66 90 63 21 32 67 26 89 52 28 61 24 75 32 44 63 95 59 43 15 63 48 61 37 46 88 46 42 61 54 59 26 95 21 98 26 39 76 67 90 3 27 66 29 10 9 92 56 67 86 71 82 33 83 70 78 70 67 71 30 21 29 7 
67 1 5 45 40 32 11 81 86 37 46 14 98 7 57 53 73 94 23 6 26 5 75 55 26 94 26 7 14 6 14 80 7 70 24 98 1 86 78 38 74 76 51 71 82 8 24 6 1 98 12 79 55 38 85 32 31 10 39 96 16 4 28 74 73 3 71 25 89 48 62 62 75 64 33 56 71 8 62 24 57 25 2 63 14 86 95 45 48 33 92 15 36 19 88 60 22 10 36 62 9 97 23 84 60 55 39 83 14 52 58 23 76 11 85 90 48 79 86 95 63 77 61 50 48 48 9 21 9 44 82 18 92 4 1 4 11 91 38 76 43 95 98 70 5 83 59 52 13 96 47 76 25 59 25 
