121 51 40
18 84 4 93 93 5 5 86 20 2 19 8 4 97 69 97 7 2 26 95 19 47 42 1 21 50 92 9 22 95 98 39 78 53 83 23 57 40 8 76 41 79 84 44 75 4 92 33 57 70 28 
75 16 21 28 89 22 71 97 44 65 47 34 95 99 17 17 56 56 76 83 48 54 18 43 81 21 87 65 30 56 44 56 71 65 83 59 86 6 8 81 22 54 15 68 4 31 84 11 38 12 94 
85 65 11 27 97 84 65 62 13 20 5 68 43 69 3 53 7 8 60 39 81 65 53 49 21 35 84 31 24 95 24 8 12 87 87 8 70 51 69 34 71 26 1 65 46 55 17 52 62 29 43 
95 45 95 43 65 82 26 96 5 73 19 65 84 5 51 43 26 53 64 59 75 89 12 39 34 66 8 38 80 36 80 74 32 26 16 97 7 93 44 64 17 14 28 52 71 30 47 96 34 10 7 
9 98 18 99 83 83 6 20 62 93 51 35 25 77 2 73 35 47 16 50 15 29 29 67 99 58 13 47 44 74 53 52 23 70 50 5 52 8 77 66 100 27 52 76 55 54 100 90 52 67 91 
66 96 20 84 46 29 48 44 72 21 96 23 43 17 25 48 21 84 76 86 35 2 37 63 57 42 62 98 45 29 88 11 76 7 46 73 88 94 17 59 66 64 34 9 81 10 8 1 93 35 38 
79 36 26 41 44 20 3 93 64 31 81 26 58 39 72 30 26 17 46 37 82 10 22 42 42 31 1 94 75 35 31 53 23 8 94 66 27 96 59 91 78 91 16 35 81 39 64 59 55 62 95 
37 71 16 30 64 98 31 57 72 17 87 24 39 46 69 57 73 64 67 15 93 57 82 79 89 21 95 47 27 56 93 15 78 60 45 41 57 27 97 80 43 35 4 34 32 24 90 4 40 8 70 
32 64 52 11 4 24 57 51 50 12 43 65 41 55 9 81 11 87 29 91 29 15 46 14 46 69 55 2 8 62 71 92 77 74 54 81 97 10 83 47 73 77 11 13 31 71 45 42 57 25 84 
37 39 81 51 36 49 57 37 9 19 60 100 47 33 53 79 30 14 61 28 86 38 38 98 20 60 42 13 16 18 96 4 56 76 54 91 77 63 80 37 81 39 36 79 23 40 58 4 53 18 31 
38 7 20 87 27 79 80 39 46 97 87 50 52 14 55 94 90 17 25 26 49 15 13 28 38 52 85 41 56 2 24 93 61 43 31 87 74 10 25 71 6 63 20 9 77 27 3 18 43 79 96 
92 94 8 71 83 12 55 75 19 8 98 64 68 93 94 6 66 4 83 36 9 45 8 18 21 34 72 39 28 50 86 71 95 93 41 77 56 95 52 75 55 1 38 22 93 31 80 58 86 62 46 
95 6 53 64 79 38 35 69 65 36 54 36 83 98 28 11 54 23 14 80 29 15 69 2 59 51 81 17 37 42 14 83 48 18 46 26 55 32 94 71 19 99 6 1 96 34 12 1 8 77 80 
36 43 100 89 2 51 70 18 39 11 83 21 10 100 66 35 6 97 80 76 15 78 34 68 74 19 31 26 78 7 58 65 50 57 53 51 59 22 20 97 33 2 17 42 53 82 29 58 30 60 33 
97 38 18 64 63 36 94 88 13 52 97 77 1 54 82 3 12 3 22 9 87 75 77 81 27 11 61 84 40 20 69 36 9 86 51 23 74 96 63 86 48 59 15 100 12 48 3 24 50 24 84 
89 51 60 69 77 70 29 13 62 48 81 49 9 18 100 31 91 95 93 29 94 52 95 94 63 42 96 38 43 71 73 31 21 33 99 50 54 79 62 15 79 94 16 87 11 15 17 54 61 10 82 
55 13 28 48 75 69 95 65 11 65 37 42 38 21 92 87 75 23 100 41 1 93 56 39 55 22 7 8 35 68 41 41 80 68 88 55 88 34 71 99 98 7 92 35 28 35 73 54 9 72 46 
61 16 54 99 71 75 6 30 61 25 23 1 5 42 40 11 30 73 81 80 23 87 23 9 66 57 82 19 66 5 17 78 21 70 77 91 96 34 72 57 58 94 57 14 88 49 24 17 21 4 48 
43 43 70 52 60 78 85 79 95 89 95 73 9 16 1 51 11 34 75 67 43 68 76 57 7 76 32 23 96 88 22 91 30 91 94 89 69 78 19 15 66 65 87 27 80 87 77 91 72 51 9 
67 71 36 75 77 11 6 52 59 93 73 49 74 16 42 15 36 19 85 50 36 50 37 62 81 75 91 23 47 93 84 65 15 19 39 44 82 96 47 40 41 71 40 14 86 81 80 21 51 65 71 
38 66 59 100 98 85 42 21 83 86 4 47 53 74 85 96 7 33 94 46 73 64 85 86 2 17 18 22 19 34 44 57 99 54 8 48 39 49 68 21 86 23 20 38 97 56 85 3 88 78 1 
60 94 37 98 95 6 15 68 24 100 64 80 50 69 87 97 59 87 65 32 73 39 51 62 87 6 99 42 46 76 42 5 21 30 54 67 35 20 35 59 19 50 90 68 18 29 65 29 15 81 60 
39 19 10 53 6 67 51 47 12 78 40 69 99 69 22 65 56 42 51 66 60 52 55 80 70 83 44 50 50 24 9 40 94 70 92 99 36 42 97 100 72 36 20 22 57 41 86 12 34 89 77 
46 40 83 25 61 66 20 10 67 95 70 6 88 39 50 39 27 43 35 26 14 23 97 35 79 89 73 42 23 61 18 20 52 100 96 65 17 15 26 35 9 96 41 48 34 90 86 60 32 73 37 
98 95 33 32 25 22 56 66 96 68 35 67 20 86 62 36 3 76 61 37 36 8 29 83 42 70 21 53 54 93 90 51 39 74 34 63 47 90 80 94 57 14 60 28 99 21 63 53 48 76 42 
83 83 22 18 24 92 38 29 45 82 70 47 20 43 80 34 42 21 65 35 78 78 47 5 28 67 20 33 67 95 26 1 77 47 18 53 38 7 81 34 40 50 32 11 44 12 96 85 32 60 72 
61 89 18 66 17 36 85 1 54 79 26 55 7 72 24 59 62 83 39 47 22 40 79 33 84 90 28 20 73 88 91 34 28 60 51 96 48 35 96 53 65 21 7 71 45 83 82 58 65 20 4 
86 60 82 70 95 23 50 14 96 89 57 81 16 68 31 12 15 17 7 20 33 80 26 3 76 8 36 33 24 56 88 10 67 70 31 61 44 80 26 39 20 82 71 36 2 53 47 68 69 5 87 
1 36 13 56 63 72 91 47 96 98 35 57 16 56 87 28 99 19 54 90 38 87 60 73 88 13 71 56 33 28 42 86 15 6 93 78 78 35 24 25 85 10 81 100 65 19 28 64 89 33 5 
27 19 16 51 7 80 74 14 13 53 7 50 67 13 94 96 42 28 72 66 64 81 98 64 98 68 43 13 57 75 17 35 45 32 37 3 12 10 16 76 62 23 77 81 87 70 76 28 49 47 45 
13 80 94 76 77 61 70 41 69 44 57 3 40 40 92 43 3 1 58 78 15 32 6 47 18 75 74 97 24 21 93 36 52 86 63 80 99 84 20 67 79 76 22 18 67 13 60 70 65 70 99 
31 1 5 77 71 79 51 67 54 23 60 41 26 97 55 5 95 38 24 14 16 51 87 34 69 51 45 38 15 14 37 98 15 93 26 85 71 28 3 77 2 14 17 27 63 72 31 57 9 6 22 
77 8 8 62 77 58 6 14 25 20 2 74 86 94 99 22 17 79 24 93 80 90 61 7 52 84 89 60 93 47 82 21 54 41 82 30 51 39 96 27 58 49 52 95 95 2 16 63 80 92 7 
60 81 67 18 84 51 6 95 95 4 76 67 58 69 48 39 71 38 86 97 48 87 48 42 81 49 58 95 81 49 1 40 81 67 9 64 69 66 58 15 70 86 81 27 6 80 17 76 18 55 24 
65 41 23 6 73 23 15 67 3 63 67 42 95 85 2 58 6 68 68 20 37 5 1 15 62 80 31 37 97 37 12 13 77 34 19 49 56 85 67 59 48 33 52 42 70 6 52 75 73 71 94 
9 27 46 75 88 26 57 76 74 94 87 87 70 20 57 71 27 41 37 37 40 22 41 34 43 46 85 17 70 7 62 78 33 8 4 20 85 60 95 58 53 81 96 75 52 4 97 30 97 33 19 
36 6 59 69 100 56 5 68 25 11 30 54 43 89 57 62 73 68 8 82 21 88 30 47 91 33 43 21 29 27 39 17 33 49 37 32 56 42 100 80 4 81 85 47 21 93 60 93 60 68 26 
80 7 55 78 98 40 20 70 68 47 60 36 31 60 73 62 15 14 13 46 17 45 30 15 65 22 27 9 81 94 87 13 52 41 90 49 80 10 70 100 8 81 35 38 40 7 51 54 72 16 51 
41 60 80 7 77 1 33 85 34 26 23 46 78 64 87 78 95 48 100 46 55 80 33 92 72 91 95 77 15 10 28 55 69 7 61 97 60 94 34 93 71 56 90 100 71 28 30 18 76 81 63 
82 12 47 26 83 38 20 60 52 29 39 58 49 97 70 46 56 15 31 100 38 86 41 37 57 21 18 26 96 98 40 29 10 87 54 92 76 25 3 27 53 93 36 54 90 5 51 97 72 81 49 
9 66 89 45 74 9 15 51 56 12 91 37 21 77 90 65 4 15 19 82 19 12 17 72 53 73 74 49 44 54 97 52 72 38 49 97 98 63 48 6 26 90 42 99 18 31 15 21 97 33 2 
16 96 70 39 100 42 13 49 38 18 97 89 89 34 89 38 84 3 85 89 81 74 30 79 91 12 93 63 61 77 64 28 25 33 66 24 26 30 72 63 48 21 4 88 6 44 25 89 47 9 29 
79 34 10 57 76 22 1 38 34 29 53 61 53 37 26 77 63 8 100 25 55 20 80 42 78 24 19 66 22 27 47 100 13 56 8 40 29 8 78 62 36 82 22 89 19 100 17 81 7 68 57 
13 40 89 54 17 12 72 34 33 51 80 84 15 36 91 54 16 98 83 78 85 65 99 25 35 50 41 15 56 9 23 68 48 11 74 16 74 97 49 58 99 81 41 13 68 83 19 83 80 1 60 
17 17 11 41 51 60 82 17 16 42 92 35 41 54 8 56 28 57 56 85 55 36 78 20 3 60 38 86 92 90 97 8 59 7 48 9 67 81 78 34 22 69 68 14 22 28 21 1 84 77 86 
90 64 15 9 19 74 98 56 65 88 4 72 98 11 72 6 29 52 35 62 26 55 29 39 29 8 60 29 91 88 66 33 3 80 41 73 54 91 80 70 30 84 94 27 94 65 84 22 16 19 35 
41 25 63 32 53 23 91 82 65 30 47 97 84 79 90 57 84 80 36 53 9 19 46 87 64 10 70 37 78 40 71 18 65 86 1 17 8 43 98 72 72 97 21 56 27 10 64 10 89 51 62 
49 70 8 35 85 69 4 22 46 44 44 16 60 29 16 76 36 59 26 60 82 74 80 89 100 89 52 9 29 3 70 29 24 29 63 60 98 18 81 95 13 25 10 72 5 78 48 93 88 25 52 
69 98 83 58 97 23 61 57 3 63 26 31 38 7 93 98 56 62 78 50 75 54 12 46 11 89 45 3 28 69 6 96 66 88 5 14 62 66 70 64 80 48 94 18 54 38 15 61 99 44 10 
73 50 73 71 60 13 15 14 40 84 19 88 1 58 92 67 19 9 36 82 89 35 27 6 40 64 72 100 62 15 10 87 16 34 57 27 47 71 40 86 6 58 73 59 67 17 25 85 25 12 18 
13 47 44 70 86 59 41 86 73 8 47 59 23 80 15 50 78 85 89 64 91 99 88 49 65 4 25 2 29 36 71 41 82 67 63 20 25 3 57 97 10 3 55 85 34 69 34 12 6 74 27 
48 24 14 48 89 70 72 42 98 7 12 90 41 78 52 12 3 7 68 51 16 70 58 100 55 26 85 66 31 11 44 78 34 58 25 74 79 48 15 76 7 79 17 47 56 21 10 10 27 77 61 
94 98 18 46 52 95 82 70 78 92 13 7 26 22 84 51 100 31 66 27 37 96 96 35 51 16 96 13 94 72 73 87 69 42 84 73 88 66 42 65 9 54 24 86 28 7 37 27 89 54 54 
78 49 1 64 51 16 60 63 61 31 35 47 52 28 83 24 68 100 65 84 8 70 7 94 97 65 82 76 54 35 81 83 35 81 46 85 96 57 48 56 88 34 54 91 14 88 66 81 87 82 64 
47 51 71 40 100 87 73 75 40 7 55 22 93 35 20 77 82 76 76 89 15 10 94 5 23 82 22 55 20 3 18 66 54 40 57 5 27 29 79 18 87 85 92 79 19 11 8 52 86 83 92 
53 44 85 9 66 18 31 72 38 33 90 55 38 81 12 42 7 92 72 77 79 56 68 9 26 30 16 77 15 51 68 19 94 5 28 12 22 58 83 11 42 24 18 80 5 29 73 63 20 45 91 
50 100 58 11 26 87 78 54 54 28 74 72 74 30 51 85 51 60 19 14 2 43 31 33 99 11 5 13 82 1 4 32 1 13 94 78 52 71 31 5 99 56 28 24 85 31 8 88 90 78 53 
43 72 83 27 70 45 84 35 26 84 90 9 36 2 2 13 53 73 96 9 23 51 89 46 36 71 5 75 12 82 27 7 54 9 33 75 5 16 9 30 52 98 39 87 52 92 100 56 64 95 17 
38 97 57 83 84 27 87 58 38 21 84 44 74 44 29 48 48 96 9 78 47 58 68 34 9 11 85 17 75 79 33 64 27 41 47 11 67 85 68 56 5 52 52 30 47 80 78 95 75 86 24 
22 95 43 7 56 53 91 72 79 21 56 43 47 96 41 57 14 77 25 69 82 28 20 11 74 99 40 20 26 77 43 47 72 37 53 27 90 43 50 68 63 5 62 61 100 2 18 65 31 94 33 
12 73 53 74 98 3 66 18 28 42 12 26 65 49 78 43 90 72 92 9 86 96 71 47 47 24 64 11 54 9 96 17 81 100 91 78 2 8 47 82 49 11 7 66 11 37 8 100 8 100 8 
46 47 30 92 94 54 7 56 59 15 51 76 95 2 18 24 4 25 23 37 25 33 95 90 43 31 98 94 91 49 1 36 95 83 27 40 36 33 96 46 99 98 73 45 100 42 68 55 66 42 43 
43 74 37 84 68 68 81 61 58 29 14 45 76 96 71 15 83 55 10 28 53 60 53 97 11 94 16 17 12 58 59 54 83 95 37 51 14 70 63 23 50 28 67 25 23 37 40 57 43 1 37 
95 12 89 43 22 82 59 38 93 16 48 46 50 43 35 52 8 56 15 31 5 42 97 82 17 86 73 25 28 73 61 75 85 49 17 58 31 75 48 75 42 95 73 92 89 7 43 97 14 9 79 
70 3 75 51 19 60 23 43 40 48 56 14 84 4 30 93 86 57 40 61 98 35 85 41 75 91 36 23 56 44 1 25 46 76 76 16 87 50 11 78 49 66 91 84 69 73 77 7 29 68 19 
78 54 3 71 29 45 6 51 100 49 4 24 47 79 51 62 17 53 72 47 1 37 89 37 58 61 65 16 41 32 34 71 86 36 41 66 32 46 68 31 46 71 6 92 1 57 54 70 9 77 16 
61 66 4 97 23 17 13 90 57 45 23 79 30 10 19 47 41 16 14 23 62 85 28 5 85 36 10 54 96 87 21 57 52 25 5 26 41 18 15 49 14 89 28 95 50 98 41 42 14 54 64 
27 90 43 31 27 79 41 32 26 79 53 82 30 77 39 7 17 8 73 17 21 61 44 67 10 42 7 51 7 12 66 33 2 8 15 80 38 55 11 64 85 63 97 14 39 87 72 7 46 44 24 
18 4 19 84 65 60 90 67 66 54 32 50 7 92 65 86 81 71 96 96 56 11 93 21 49 31 93 8 77 36 83 46 92 1 30 56 13 71 75 30 24 6 32 82 49 96 67 30 66 15 25 
73 25 69 94 25 52 86 32 80 73 66 25 64 19 54 72 31 25 46 12 100 3 43 82 4 90 100 85 8 14 61 80 38 82 25 63 33 10 46 12 35 12 36 98 82 42 21 12 18 18 75 
17 21 70 98 76 59 98 60 66 63 20 98 53 53 22 15 85 84 12 48 18 75 84 67 56 77 88 19 94 5 46 10 77 15 60 4 25 9 63 43 23 35 40 75 87 13 41 24 96 53 71 
13 79 6 32 35 82 19 5 27 75 50 37 52 16 48 55 41 8 70 83 30 56 74 5 42 86 45 17 82 49 88 46 28 45 77 14 27 47 18 53 22 20 41 25 87 40 31 27 47 100 61 
29 55 34 85 49 20 29 65 53 78 4 98 57 49 27 70 27 73 39 31 46 10 24 70 97 63 1 75 62 52 36 42 59 69 26 7 88 54 23 40 83 79 90 91 27 68 60 5 92 51 87 
38 12 10 59 8 25 59 83 38 11 18 79 69 38 4 27 26 9 1 17 44 79 58 34 57 77 46 61 69 48 48 58 59 9 16 19 85 27 53 22 89 22 52 9 59 7 35 36 68 87 5 
11 66 14 96 22 91 93 35 11 40 34 68 51 42 35 69 79 61 73 52 49 94 4 57 4 62 43 40 29 30 96 91 47 9 39 68 99 31 2 9 23 87 28 25 81 63 45 59 23 17 10 
24 62 13 32 65 27 27 4 55 56 99 98 54 60 36 21 58 18 75 19 40 61 46 64 41 60 8 51 35 76 61 58 37 25 41 2 51 67 57 58 74 8 55 27 67 90 100 76 7 74 94 
99 86 92 14 79 3 74 81 37 49 41 46 86 18 87 39 20 5 95 77 79 54 31 5 20 72 56 48 31 81 41 29 67 84 94 97 87 67 77 75 68 70 21 5 39 7 43 58 11 89 35 
41 43 17 98 14 89 53 61 19 34 54 99 52 89 92 100 27 59 28 2 26 97 22 30 35 80 24 45 42 12 79 35 6 95 32 72 83 84 84 53 69 89 51 20 30 95 19 56 5 47 9 
82 95 30 11 82 61 86 26 55 49 4 41 7 50 72 78 85 7 13 37 76 2 40 95 83 86 66 38 90 12 47 71 58 28 33 39 41 18 64 47 66 19 87 24 21 58 1 5 64 66 93 
91 19 84 38 1 69 3 90 58 66 36 28 23 16 60 62 8 29 77 54 47 96 40 70 68 49 23 72 64 88 16 55 6 100 92 58 68 94 47 78 11 35 5 33 50 17 94 9 97 71 62 
43 18 1 13 85 1 87 8 64 74 23 70 31 22 61 40 42 6 86 19 16 72 75 49 73 43 94 81 40 16 42 82 33 94 46 69 94 84 76 10 9 51 79 39 24 40 30 65 97 16 35 
65 39 62 65 12 4 58 44 43 74 86 77 58 31 74 79 77 58 6 86 66 56 64 57 80 55 86 96 4 53 31 68 92 92 32 55 47 41 98 90 14 35 18 24 66 91 2 42 100 7 79 
66 15 42 74 94 49 59 41 52 64 23 19 7 66 2 61 13 42 58 54 8 45 71 31 10 13 84 3 13 90 81 30 56 74 3 49 22 13 42 73 76 64 43 82 30 96 42 42 38 52 95 
97 48 17 27 57 29 62 11 93 51 91 22 59 64 76 7 86 89 100 10 16 64 53 98 45 100 91 86 37 94 32 33 41 100 11 49 80 72 59 73 75 1 46 33 65 22 91 2 62 43 11 
77 6 15 26 50 15 69 87 3 62 70 88 55 69 50 3 48 74 14 72 100 14 18 84 78 91 74 31 4 16 42 32 73 8 58 74 74 26 60 77 39 81 16 93 49 65 48 49 38 61 20 
37 26 89 20 4 79 46 86 34 13 79 66 86 87 23 11 60 100 71 88 90 51 3 35 52 20 34 100 57 94 71 46 19 60 65 74 90 62 12 24 75 90 89 12 76 63 22 88 14 44 27 
55 47 82 89 98 1 22 49 9 67 71 54 38 30 71 63 72 32 74 95 6 64 35 69 91 49 91 30 14 34 9 68 80 90 9 29 42 82 29 50 49 100 56 38 29 26 52 52 57 26 98 
15 41 32 83 83 32 73 65 97 59 73 65 90 14 25 19 55 6 47 56 6 46 11 95 27 36 47 78 93 24 28 7 16 59 41 98 43 14 62 39 24 86 55 13 99 79 83 5 85 82 61 
42 79 23 37 5 59 83 35 3 6 62 61 21 72 1 70 66 66 84 5 89 69 11 2 20 90 36 24 26 17 36 67 96 11 3 52 69 37 86 23 42 99 35 14 23 87 84 88 53 67 44 
41 87 7 94 58 96 30 34 21 46 69 39 41 31 94 93 51 30 30 73 24 81 7 37 55 94 72 42 98 90 38 90 29 44 84 86 91 65 19 63 62 40 1 55 70 46 99 21 76 80 45 
51 60 4 87 14 49 11 8 46 52 97 35 80 92 70 66 82 86 36 96 48 75 48 2 45 94 52 17 21 31 61 71 91 64 9 56 12 19 15 9 71 11 44 50 2 65 67 35 51 3 30 
50 29 78 51 73 71 54 41 91 84 2 13 26 17 21 82 29 40 96 37 62 59 32 63 60 97 82 47 99 84 76 48 12 5 50 37 27 3 77 69 86 30 81 64 47 2 45 27 93 92 15 
54 50 47 68 62 95 49 8 93 32 35 92 96 92 41 84 18 95 12 87 32 42 67 95 40 20 91 66 12 83 32 17 84 78 85 45 24 85 4 68 17 91 59 64 82 51 47 99 45 10 37 
77 3 56 23 42 75 14 59 39 48 91 7 31 20 43 28 44 28 83 11 96 73 22 59 6 72 57 57 69 18 93 97 21 48 19 14 75 84 73 65 31 15 23 62 86 66 89 29 93 71 92 
88 96 65 98 1 36 6 57 56 23 2 52 43 1 71 9 75 54 81 91 37 47 14 98 32 31 38 13 75 8 56 14 3 20 11 56 7 68 12 63 42 13 14 85 14 36 45 40 42 25 83 
78 23 48 75 54 78 12 18 4 71 73 17 26 44 79 81 51 46 44 13 87 9 26 23 74 14 67 65 55 43 99 32 65 46 58 71 75 21 40 78 43 13 94 68 8 72 100 58 69 44 22 
56 4 48 30 77 13 97 93 67 39 92 50 56 89 59 78 64 79 17 93 21 81 39 41 89 62 40 98 31 35 20 38 90 67 67 18 31 15 11 97 6 2 98 61 90 56 38 5 86 6 98 
58 87 88 98 75 49 90 72 31 76 91 20 66 9 87 83 91 53 45 87 58 98 36 70 88 43 7 44 28 65 93 38 51 80 35 77 81 76 100 11 4 43 83 21 51 69 55 94 73 100 80 
31 97 68 100 36 10 59 32 38 23 24 75 25 56 61 1 36 89 100 98 44 42 80 64 45 100 18 38 73 17 69 55 66 36 6 53 46 64 84 35 38 8 61 62 63 73 14 50 13 14 47 
56 7 79 19 51 78 37 88 2 5 9 56 22 96 62 75 41 77 58 27 67 17 39 28 79 12 94 28 76 7 27 32 13 5 50 16 34 38 55 36 95 63 91 16 59 4 90 51 81 100 30 
47 16 68 26 47 31 19 26 7 77 52 38 42 8 39 57 42 77 11 77 71 26 67 38 84 23 28 86 3 27 15 1 94 35 78 40 17 97 66 23 25 69 12 66 77 3 74 70 79 85 46 
1 10 64 38 45 86 17 30 40 95 97 40 89 31 18 28 47 66 45 22 42 14 33 8 42 87 81 11 65 17 8 17 78 71 55 22 9 23 4 48 18 100 40 6 82 9 85 28 74 30 1 
15 95 86 74 88 72 7 50 89 23 57 5 1 79 11 74 39 34 77 87 3 28 78 8 9 86 44 89 59 25 89 25 19 26 99 58 98 57 59 86 79 67 42 31 46 5 5 36 38 33 74 
92 61 51 99 69 36 42 9 46 67 98 71 37 75 21 47 72 77 5 9 7 72 3 38 69 7 94 56 96 26 30 87 86 80 37 7 16 30 15 13 96 64 35 85 39 55 83 62 83 39 71 
42 62 25 31 82 31 24 38 26 1 67 12 87 46 48 45 13 77 59 26 25 75 60 61 13 67 95 26 1 33 48 42 95 72 24 76 2 47 65 79 48 31 90 86 29 89 82 41 18 92 18 
94 66 30 6 30 48 52 56 100 84 3 94 30 75 17 58 28 16 22 7 15 53 48 100 81 37 33 73 6 24 43 51 90 24 8 71 71 59 26 22 42 29 15 24 55 32 81 82 47 54 88 
61 6 88 12 38 24 44 63 81 19 57 83 8 80 90 31 2 48 56 23 41 36 90 16 42 21 96 24 67 2 63 79 59 50 90 49 25 85 11 57 3 19 39 63 50 80 93 3 27 48 25 
20 36 66 35 77 86 83 52 4 84 67 82 42 16 71 90 93 7 52 1 10 22 40 72 71 19 16 73 98 63 50 69 50 15 3 27 53 37 78 56 20 44 38 14 12 60 55 56 67 59 56 
28 80 47 51 51 66 66 75 15 80 24 83 30 91 37 56 43 74 85 98 45 81 87 58 44 99 65 99 17 23 54 44 2 1 94 4 18 59 79 84 90 54 66 19 96 2 26 38 27 11 88 
72 43 26 29 86 24 93 36 40 67 41 35 69 93 80 24 10 90 54 45 80 8 10 98 3 64 24 93 90 86 32 61 80 57 42 65 33 86 52 24 53 92 59 73 85 90 96 46 80 50 91 
59 9 52 8 63 15 83 55 5 20 38 17 99 95 10 15 79 96 66 2 48 58 60 72 94 50 67 39 81 16 81 39 76 33 98 39 47 81 45 3 100 83 72 99 29 81 65 7 76 31 8 
75 40 20 46 33 69 65 23 49 32 4 39 8 36 88 46 34 20 90 89 20 24 60 70 52 92 34 58 68 16 18 94 55 37 40 87 5 56 62 5 87 65 95 94 52 82 39 85 2 81 25 
73 4 84 94 56 76 79 65 95 95 82 40 49 18 31 88 74 86 49 30 73 65 76 66 16 58 57 52 11 37 77 35 40 60 28 47 87 58 64 33 52 97 73 53 67 3 92 40 89 92 22 
13 56 97 78 71 6 34 22 68 22 98 2 14 10 81 60 48 39 75 33 42 72 5 94 38 59 37 29 99 28 2 11 83 99 41 5 56 74 27 24 96 76 77 9 37 10 20 85 100 47 17 
41 18 73 87 7 83 23 87 82 3 89 44 85 39 84 90 94 58 68 69 5 95 98 65 32 7 36 68 6 82 36 46 51 60 84 9 42 59 96 75 61 36 19 45 74 2 86 19 11 5 88 
67 100 85 31 31 43 67 50 48 100 85 45 3 44 81 11 37 39 58 12 99 93 30 95 66 83 33 85 94 37 24 60 36 60 43 18 2 61 19 49 60 3 45 62 98 25 25 35 63 82 98 
13 75 27 60 92 9 92 28 54 28 3 14 16 62 56 85 63 16 4 63 27 58 60 41 8 84 65 94 99 46 91 63 72 17 22 64 77 13 43 31 93 46 44 8 7 51 44 22 18 47 84 
44 57 95 84 64 79 48 57 29 46 47 43 17 15 65 32 91 29 75 73 21 72 68 80 78 18 24 51 87 22 35 31 78 29 66 93 59 66 49 39 11 47 82 79 13 46 63 56 26 89 28 
47 60 96 78 89 65 1 40 52 75 26 34 52 6 99 97 65 16 97 55 78 44 36 57 8 33 19 63 11 7 43 57 18 90 34 6 54 87 45 57 61 70 90 64 76 41 60 92 56 57 98 
86 52 86 42 59 70 12 74 80 70 68 36 87 57 22 44 62 60 89 19 20 10 60 35 37 100 47 28 8 3 26 93 6 11 86 16 80 49 89 60 70 56 47 8 64 20 51 26 79 91 44 
50 1 3 37 37 55 83 17 14 85 94 58 42 56 95 57 35 95 98 46 64 5 45 71 69 64 73 94 95 64 89 96 16 43 32 4 97 14 20 62 50 65 71 91 20 65 100 7 59 97 52 
