14 90 1
15 11 92 82 79 46 73 52 81 28 8 30 14 21 42 69 39 23 36 29 1 75 20 39 33 62 51 86 27 92 26 93 2 17 75 80 14 99 84 46 27 43 76 92 16 17 60 6 91 95 34 91 21 53 81 54 66 31 91 44 74 16 37 75 33 11 6 46 9 41 44 87 84 19 31 99 87 90 56 29 37 90 19 57 94 99 62 12 81 52 
55 54 68 91 80 100 1 37 97 62 78 40 100 13 10 30 63 48 20 18 76 56 7 94 64 53 44 26 64 76 77 18 29 44 9 60 95 9 97 44 22 26 83 22 38 45 51 52 92 22 69 68 29 28 13 45 80 57 70 95 32 98 12 13 42 20 72 88 81 68 31 2 93 66 23 82 10 26 33 53 99 54 72 80 33 85 24 12 93 93 
58 76 42 69 88 83 41 12 23 21 31 5 74 76 70 49 9 31 26 42 84 24 47 55 3 79 91 26 42 83 70 99 11 12 67 50 46 59 61 20 79 44 25 5 19 94 53 27 77 78 20 60 1 66 66 56 44 9 33 37 43 55 35 53 18 54 3 15 12 15 35 43 10 59 47 28 4 99 7 80 28 78 91 28 96 9 35 91 17 20 
28 59 74 62 64 91 67 18 5 79 32 91 73 42 49 19 21 5 69 79 84 96 57 27 75 4 35 10 94 3 81 21 13 54 35 76 96 1 93 100 31 77 91 55 70 91 73 42 95 93 21 31 88 29 57 15 32 43 76 25 97 56 98 9 9 32 37 4 84 81 55 67 57 97 21 78 88 46 20 34 38 92 64 78 20 72 92 3 66 67 
27 62 22 24 71 30 7 59 85 43 39 39 9 48 36 81 25 75 26 44 8 64 35 24 41 6 95 84 8 61 50 87 74 71 62 44 100 69 54 36 63 93 74 71 40 61 51 64 87 29 60 47 92 46 70 84 52 64 67 11 76 68 97 50 38 59 45 89 79 99 24 41 43 49 63 82 62 13 97 48 93 8 94 84 54 15 19 57 31 37 
67 6 4 64 7 93 22 4 81 52 54 56 92 96 5 6 29 18 70 25 65 63 85 11 98 38 25 17 94 7 5 60 13 61 23 71 53 96 74 34 99 27 89 42 74 45 47 2 62 17 79 79 79 63 89 76 100 65 44 45 72 49 4 36 61 79 58 13 26 32 46 77 10 87 18 84 31 65 85 45 33 15 23 11 77 63 38 28 79 82 
24 2 82 28 37 42 58 47 54 35 78 52 63 39 90 81 22 20 97 59 16 29 25 38 91 54 100 28 81 79 61 5 80 42 84 69 35 93 15 41 79 44 44 42 34 33 74 8 4 70 18 20 50 42 57 40 95 9 19 28 87 80 32 18 73 67 38 60 11 4 100 89 99 43 82 33 27 55 40 30 76 57 49 25 50 58 16 45 66 35 
72 4 66 55 73 90 21 11 1 31 66 100 71 65 94 53 97 20 59 88 2 35 44 50 59 45 59 75 89 24 61 12 79 78 66 52 19 38 62 20 20 27 19 91 43 65 95 91 36 53 78 37 87 73 39 46 18 97 72 6 73 84 18 51 61 35 2 79 73 15 98 92 94 69 34 36 33 28 27 68 81 56 57 19 29 95 16 46 91 87 
3 63 70 72 66 82 7 67 61 31 34 10 74 79 78 8 14 62 87 92 82 19 100 38 38 28 32 5 25 74 92 79 89 13 51 54 95 9 72 7 91 57 16 64 35 46 23 1 7 10 44 88 80 43 77 17 22 60 74 46 34 65 25 74 29 27 79 75 35 2 81 77 59 49 40 45 94 63 45 52 24 41 92 3 83 20 72 5 80 45 
2 65 61 78 38 89 4 16 16 90 17 96 66 27 96 58 72 41 20 68 93 95 8 36 97 91 55 20 47 34 64 100 98 76 78 87 65 33 54 32 23 23 79 40 49 75 97 72 15 68 40 59 14 47 46 11 89 1 82 87 86 98 87 36 73 64 22 89 96 28 20 70 50 99 10 98 25 58 70 39 78 61 50 91 59 95 53 48 47 35 
34 85 32 20 20 56 35 93 45 31 20 16 100 69 14 61 19 38 71 40 29 48 100 30 38 58 76 43 57 23 77 43 59 60 14 78 15 49 22 11 31 42 27 82 62 92 95 80 82 65 19 62 64 70 91 1 80 66 43 88 40 71 30 98 82 96 27 49 96 49 59 78 42 37 59 3 81 5 35 14 21 5 75 84 75 65 85 6 82 79 
45 22 2 27 71 83 22 50 31 69 98 42 46 39 30 56 93 62 61 27 75 81 32 49 65 58 65 1 15 99 31 59 72 32 85 42 67 58 91 49 26 40 42 71 30 72 27 23 85 39 1 60 71 32 60 87 41 77 39 7 75 70 66 46 53 50 87 71 8 30 20 85 69 61 56 99 84 34 73 69 72 73 80 94 57 91 81 49 67 19 
56 41 40 21 38 45 22 77 15 81 6 34 66 26 47 73 76 82 6 48 2 29 73 81 22 29 72 2 77 90 73 84 83 12 4 20 56 78 96 71 10 1 56 27 79 54 99 54 36 4 2 89 84 26 70 6 54 93 59 82 82 31 66 64 95 21 36 50 50 31 72 60 32 80 86 10 33 37 15 20 92 68 9 76 93 30 33 46 74 91 
80 7 74 97 71 68 17 58 17 19 88 41 78 71 20 15 32 4 3 47 76 95 14 36 70 7 65 2 4 38 44 83 44 17 31 66 84 48 23 53 66 63 93 95 33 64 61 65 67 64 11 94 58 76 29 79 82 45 32 38 34 75 72 30 44 3 47 27 2 22 31 19 84 23 13 16 38 25 32 57 88 42 50 97 70 31 75 51 75 58 
