63 3 1
67 87 81 
16 2 98 
57 46 33 
62 60 97 
80 13 32 
28 31 73 
42 83 89 
27 99 78 
60 74 58 
5 37 12 
100 3 98 
81 70 99 
30 79 97 
14 92 8 
10 71 73 
42 50 3 
66 91 85 
6 17 35 
83 77 8 
40 33 96 
51 32 51 
1 12 72 
51 42 50 
99 55 41 
7 65 12 
79 58 61 
33 75 52 
17 80 20 
3 15 48 
62 6 80 
58 57 64 
8 9 75 
79 11 68 
29 10 75 
69 68 39 
32 46 48 
93 30 74 
96 46 53 
67 100 19 
15 61 25 
46 70 33 
9 77 41 
36 8 3 
3 36 12 
77 56 79 
67 88 76 
66 32 5 
39 27 2 
44 45 53 
14 59 66 
38 57 35 
70 65 64 
62 52 71 
65 55 58 
28 83 65 
59 2 52 
34 67 35 
91 58 13 
44 53 58 
97 66 68 
62 4 24 
48 25 41 
63 39 92 
