514 37 21
87 19 72 12 9 73 67 82 16 94 5 50 98 79 92 55 70 53 67 64 46 8 78 25 19 36 51 65 1 87 12 87 57 36 50 65 8 
17 98 24 62 54 25 59 32 68 65 54 73 31 17 18 90 94 94 8 81 44 73 81 82 36 20 38 71 69 54 31 85 51 6 98 4 30 
56 36 98 20 41 22 2 57 39 91 2 84 51 82 27 23 14 8 10 33 45 81 2 50 11 38 100 16 36 3 97 43 90 46 15 30 67 
68 38 57 59 39 40 9 72 18 83 86 25 92 18 21 24 71 70 86 61 21 53 48 76 2 90 65 47 56 47 66 24 84 22 34 75 14 
94 46 31 28 83 56 71 53 28 95 23 50 32 35 70 85 82 45 86 24 62 84 79 8 49 54 43 23 87 69 36 32 15 66 59 49 73 
30 1 53 76 76 2 7 10 71 43 92 68 28 15 29 64 45 88 64 99 30 86 37 51 73 69 65 91 79 65 63 8 66 67 83 93 68 
90 54 91 84 45 58 64 11 38 27 8 25 90 6 6 76 94 56 100 14 72 90 93 89 53 100 6 19 35 98 39 76 51 81 59 48 90 
22 10 27 48 17 3 90 74 60 17 68 68 16 33 39 6 25 79 10 77 84 80 11 81 18 38 84 98 96 31 87 70 92 65 17 9 67 
58 82 79 74 1 46 90 86 36 95 62 15 56 38 98 35 100 31 53 37 14 2 85 96 41 54 87 5 22 47 24 32 81 2 5 33 47 
46 18 34 92 80 48 47 69 46 82 69 76 86 57 41 87 93 88 79 98 74 84 20 73 59 51 53 60 7 85 58 53 55 91 44 34 91 
91 54 36 72 22 63 9 31 55 95 23 42 26 21 67 9 92 39 19 94 91 30 100 28 87 4 34 29 48 67 19 90 20 6 13 94 20 
21 24 74 67 98 67 92 70 34 52 61 24 70 6 67 99 6 94 37 61 27 18 8 45 36 49 16 94 61 61 13 81 36 39 48 34 57 
91 55 90 43 16 66 12 73 32 11 78 77 99 39 55 16 98 51 4 47 66 97 59 79 61 92 14 51 39 99 8 81 6 49 23 21 14 
35 93 97 97 23 73 47 13 27 63 62 29 66 60 47 14 19 25 26 10 90 77 100 41 36 80 46 36 55 66 50 41 10 98 89 84 71 
35 48 49 97 62 78 14 21 24 79 91 100 5 100 89 33 51 29 68 83 74 3 37 91 4 77 53 2 65 88 24 99 36 72 48 97 1 
13 69 24 92 60 75 48 11 64 80 62 44 47 44 18 1 32 60 5 8 12 58 24 52 81 74 87 52 73 35 5 86 55 80 29 14 55 
76 77 18 55 90 13 53 85 30 53 16 42 9 75 53 66 98 56 98 23 42 2 96 28 6 33 35 85 13 100 39 88 76 8 94 65 73 
98 49 2 2 16 95 11 90 48 28 39 3 26 62 97 79 9 76 84 41 62 20 53 62 59 92 37 18 37 54 90 34 54 44 35 70 38 
97 59 37 77 50 92 54 11 40 32 19 67 15 11 29 34 15 42 44 58 30 14 94 83 55 79 89 50 65 58 40 62 68 28 90 17 71 
43 27 62 26 97 29 40 59 9 25 73 2 21 30 31 86 75 66 92 53 54 42 18 11 33 31 30 12 20 47 83 14 25 44 39 22 24 
78 32 84 54 5 85 26 86 16 11 61 33 3 13 86 96 82 48 80 12 77 91 31 75 73 44 100 69 34 73 44 11 4 28 17 60 12 
42 46 79 5 58 11 59 70 96 6 4 95 85 15 72 27 98 46 52 93 97 20 27 69 63 89 73 42 57 32 54 51 29 32 55 86 95 
65 8 90 70 11 85 6 25 8 84 74 5 35 67 2 6 45 22 21 33 94 62 90 78 67 40 6 51 46 44 45 62 51 34 83 61 70 
40 37 29 23 11 34 10 29 87 15 73 8 87 57 54 49 98 83 67 89 40 17 86 83 61 47 33 47 29 45 68 68 82 97 43 44 82 
52 24 20 18 96 79 5 4 32 5 2 66 71 90 6 40 76 88 100 74 73 46 3 17 66 22 50 62 64 45 95 15 68 14 33 15 92 
89 19 76 93 72 41 15 61 46 54 88 86 54 62 58 51 16 26 16 89 76 29 53 20 23 19 40 36 3 54 28 91 72 55 35 43 95 
50 56 41 3 95 78 8 8 35 11 75 12 78 64 39 7 68 11 29 86 50 17 41 3 96 83 27 50 18 21 44 19 76 36 73 23 13 
81 30 99 91 57 11 20 20 49 26 87 11 7 24 60 75 64 63 70 99 41 71 16 61 66 86 37 2 58 11 66 38 92 17 80 48 79 
100 67 79 77 5 90 83 81 49 57 96 63 78 94 3 48 61 64 66 46 52 19 4 62 84 93 5 52 25 53 30 24 71 9 52 76 50 
35 8 98 43 3 61 73 97 15 72 57 78 37 55 81 55 58 42 91 2 47 42 26 51 24 1 21 32 53 48 81 39 55 30 33 58 42 
5 6 57 29 62 86 65 16 67 72 25 60 62 79 58 55 4 8 78 5 81 61 9 28 93 47 83 23 79 92 16 36 97 24 64 10 62 
80 78 28 3 2 39 16 32 97 71 36 4 48 92 84 61 100 64 53 46 98 27 76 89 43 11 85 18 26 46 79 58 23 58 60 77 97 
76 8 93 46 43 48 45 34 84 5 33 47 10 30 44 36 6 32 30 68 68 48 46 13 78 3 88 36 62 64 32 37 71 24 34 66 23 
31 51 6 35 36 52 44 65 95 32 22 78 61 42 45 60 87 10 38 89 97 25 2 12 56 39 82 31 24 99 53 54 50 59 41 85 10 
36 1 57 19 75 34 80 16 31 91 2 92 80 90 88 4 91 51 59 81 32 89 57 83 94 62 32 52 54 68 13 90 20 69 8 94 3 
39 9 85 82 10 76 61 51 15 65 94 65 23 26 48 64 82 30 57 96 13 8 49 32 20 38 52 41 98 45 43 88 6 79 69 15 54 
30 18 20 94 63 36 68 88 83 31 22 65 39 17 29 98 17 61 18 7 12 58 4 8 52 43 13 82 12 80 87 93 49 6 38 11 41 
5 98 75 88 71 39 26 39 68 24 56 80 93 62 91 2 17 50 5 59 63 86 22 94 72 14 42 77 51 52 69 8 1 43 47 72 34 
72 62 1 47 17 32 91 78 22 92 46 23 96 5 37 33 78 30 4 92 71 32 94 74 100 53 75 95 99 98 28 23 59 80 69 28 11 
12 57 84 3 3 6 51 59 43 83 36 24 87 79 95 70 25 20 22 29 46 16 28 43 95 2 54 26 22 33 36 33 89 71 36 43 28 
38 1 22 20 89 46 58 19 92 28 95 11 49 24 57 16 3 51 62 4 56 87 77 88 74 10 29 44 97 71 23 34 24 45 53 64 42 
63 82 33 90 77 95 90 52 3 5 54 6 18 9 61 4 85 1 77 94 29 72 42 51 94 75 26 38 80 89 79 42 23 63 31 51 58 
72 54 12 28 7 17 45 15 30 48 51 30 76 45 58 47 86 60 40 13 86 78 92 26 8 33 100 71 15 50 80 38 3 43 65 61 60 
9 27 89 8 78 70 83 74 27 29 11 38 68 23 23 97 66 1 5 50 100 27 64 2 6 53 56 48 17 17 59 77 95 99 36 72 68 
18 45 46 98 56 36 18 30 58 14 96 58 70 45 10 96 61 11 53 13 66 53 82 82 63 58 77 14 94 100 33 63 97 79 13 4 14 
30 33 23 95 80 33 17 25 42 64 37 52 69 49 17 21 30 51 35 40 79 48 85 78 81 99 26 11 11 29 76 92 14 98 87 93 82 
3 69 23 18 5 26 86 54 95 58 35 45 93 26 75 92 10 4 24 9 30 34 71 10 9 63 23 59 49 16 92 3 84 67 20 89 92 
6 94 86 63 80 82 7 6 56 99 67 60 22 27 89 8 98 50 68 60 73 78 60 40 70 14 23 36 85 63 27 42 8 65 57 88 46 
63 45 54 13 11 13 87 90 53 94 87 2 61 98 74 39 9 13 60 22 88 95 58 2 73 100 62 89 56 1 87 18 45 40 83 7 52 
69 96 56 62 34 57 74 31 83 64 91 47 23 12 86 69 70 88 94 21 1 82 76 1 68 93 97 59 75 3 10 95 51 65 56 36 74 
30 19 56 45 9 2 20 73 88 88 42 27 33 14 27 67 89 79 86 33 75 45 8 29 54 2 79 71 10 67 44 91 85 51 35 93 4 
54 65 43 94 58 21 26 71 99 44 59 77 30 92 51 74 51 80 79 4 10 1 65 76 96 55 60 46 42 5 2 47 69 44 92 27 17 
70 49 15 13 60 92 42 51 42 15 53 73 46 8 83 46 73 10 42 79 22 39 20 26 40 19 46 36 10 24 52 79 73 66 92 32 57 
85 34 51 100 86 23 97 93 57 42 17 67 35 96 40 74 67 65 13 37 10 100 47 34 51 77 58 17 20 89 25 5 22 75 56 59 50 
52 3 6 45 20 24 80 15 63 53 33 79 17 70 89 17 68 74 19 44 31 87 16 19 12 72 92 86 27 2 35 30 4 93 74 23 16 
5 89 79 57 74 9 26 43 97 94 10 22 12 5 52 99 72 22 62 43 65 99 69 66 86 98 70 78 24 44 45 28 85 75 37 58 84 
14 52 80 7 61 2 70 17 5 20 41 27 81 83 43 32 4 9 17 53 30 94 76 73 38 56 9 13 92 66 96 5 17 27 63 29 80 
84 98 85 4 38 63 36 72 5 67 75 65 35 28 94 80 3 19 70 10 27 34 1 45 81 57 61 7 19 42 39 3 91 75 58 28 37 
45 99 93 64 26 58 98 53 51 78 7 21 47 17 48 80 17 92 60 26 4 18 96 97 8 50 87 82 7 66 70 4 17 63 67 42 72 
64 94 74 93 52 95 39 68 94 70 37 85 81 62 40 51 57 37 58 59 23 40 17 89 61 20 57 23 86 98 46 2 43 72 94 94 18 
33 62 11 54 50 95 35 11 34 85 19 22 94 29 45 33 46 85 94 65 41 68 3 90 66 4 32 37 97 77 54 81 90 16 35 39 62 
21 1 47 57 20 69 50 100 13 35 45 49 80 10 89 47 64 78 64 67 61 52 15 89 5 96 79 72 82 17 33 2 70 80 58 41 48 
59 40 60 93 85 8 72 46 48 71 9 77 34 27 89 86 41 77 42 36 55 14 17 24 46 18 93 25 27 33 72 86 72 83 30 8 42 
2 53 89 72 13 17 57 39 5 42 80 82 84 15 88 97 84 63 94 53 7 19 80 91 42 17 15 25 46 22 66 99 27 7 22 39 23 
79 78 28 20 9 61 55 75 100 3 58 63 97 11 69 67 42 60 8 10 74 84 7 47 2 6 73 60 27 12 82 57 41 61 29 49 73 
83 23 73 38 81 87 34 43 7 52 36 66 11 45 91 47 51 38 48 8 62 59 87 73 40 43 65 53 71 13 77 6 36 1 43 68 87 
28 62 94 79 97 11 41 41 2 87 43 91 86 51 52 44 37 77 36 31 41 88 54 54 16 59 41 17 1 60 3 28 73 48 58 69 59 
98 61 12 85 3 54 70 53 57 14 41 33 49 72 26 88 25 31 55 35 23 71 35 82 26 14 54 73 71 74 31 20 34 94 56 36 47 
26 41 4 91 81 36 91 4 61 30 80 43 84 14 65 55 100 46 80 13 51 4 35 76 35 7 9 28 62 97 27 39 37 30 29 69 17 
71 25 30 100 4 72 36 70 37 42 69 34 21 34 37 24 20 12 10 26 73 90 88 69 16 26 57 97 7 77 65 77 1 46 29 57 18 
64 26 6 5 46 39 77 79 27 52 99 39 14 24 63 55 63 83 22 89 39 18 47 67 34 75 68 80 3 76 97 18 1 54 74 46 44 
2 77 71 6 75 61 71 50 23 25 13 5 46 53 95 15 99 61 48 25 80 79 28 7 27 97 59 80 23 5 24 76 33 46 81 7 6 
51 56 80 27 20 36 24 72 82 38 22 94 38 47 26 16 26 32 43 74 91 74 96 47 49 72 79 94 4 37 51 7 44 30 33 64 17 
57 87 98 46 9 92 35 7 17 51 32 100 45 5 90 18 53 88 67 24 66 12 79 2 63 85 46 44 18 61 61 26 47 10 23 55 1 
58 13 69 60 44 21 4 1 10 73 53 50 91 76 15 55 54 69 17 91 66 60 60 78 72 85 24 82 59 31 34 16 43 55 75 87 75 
30 87 36 3 91 85 45 66 52 99 71 20 67 13 37 27 72 14 50 8 37 31 67 19 65 82 62 19 57 100 45 86 38 80 40 28 65 
37 45 16 87 67 87 54 80 23 32 51 36 81 59 24 64 25 43 28 6 56 98 14 7 42 52 44 21 43 23 37 79 67 52 66 33 38 
19 12 12 2 15 47 82 73 23 45 49 17 24 54 24 73 20 30 66 71 73 87 13 95 75 92 13 27 9 97 16 79 61 28 80 75 26 
13 99 48 10 47 16 33 100 39 6 71 20 71 41 92 9 54 38 84 97 2 62 57 99 77 35 59 4 66 33 82 78 31 81 87 77 97 
72 28 87 29 51 7 51 91 50 60 96 40 95 44 41 8 100 91 84 86 49 40 3 33 21 33 15 1 71 43 49 42 23 36 22 73 94 
73 63 95 84 11 34 30 54 27 37 6 17 20 43 66 11 98 50 31 30 65 84 100 59 32 94 81 19 15 53 12 39 68 7 22 78 92 
51 83 18 87 40 35 59 35 52 69 32 1 52 61 17 35 12 76 66 57 8 37 24 61 100 62 80 58 84 9 50 86 91 67 73 83 53 
83 17 4 51 48 57 2 60 25 88 23 52 54 80 60 42 3 72 41 64 51 99 99 59 48 85 1 66 9 35 19 91 51 74 93 50 82 
47 61 59 34 84 10 39 63 69 80 65 92 21 80 42 19 79 52 18 63 5 83 23 91 53 13 42 79 57 43 12 3 4 70 37 87 80 
75 1 100 7 17 92 27 96 85 97 74 37 66 88 93 100 10 83 53 74 76 83 83 19 94 85 74 64 73 60 95 100 12 94 6 28 85 
84 23 22 80 49 58 45 88 2 44 50 84 48 23 60 82 57 30 76 42 3 91 14 14 85 65 77 30 70 4 67 53 26 88 84 26 97 
80 14 98 76 63 33 75 37 44 57 94 73 84 87 27 74 100 92 10 17 68 39 86 71 57 91 49 44 74 74 92 6 39 89 33 1 22 
7 90 65 63 35 90 46 21 16 71 72 60 80 88 27 71 74 50 79 16 98 75 41 23 66 46 62 55 78 14 28 85 55 92 99 89 33 
97 61 1 19 33 60 51 20 38 21 45 87 51 60 36 25 1 11 91 98 24 45 28 37 24 64 44 67 62 32 100 10 93 100 29 77 59 
79 48 48 51 93 35 1 4 22 78 56 32 68 6 55 64 33 44 87 96 39 53 9 22 4 19 66 3 99 42 13 29 90 61 79 34 47 
31 37 68 8 45 52 27 50 58 90 82 53 76 77 91 81 37 13 84 55 78 39 5 72 51 33 61 63 63 94 9 94 82 29 53 26 80 
80 27 89 21 8 42 49 36 32 29 73 44 64 79 74 2 84 45 5 16 5 67 31 50 28 76 83 56 28 61 87 59 87 75 32 95 16 
80 82 100 60 54 43 23 85 68 77 68 12 81 35 68 99 65 69 26 40 52 81 20 12 19 30 50 94 61 96 61 40 78 60 51 83 55 
74 67 74 2 86 86 82 21 5 32 37 74 58 29 77 90 100 88 61 81 89 6 42 85 66 33 62 78 84 96 84 9 63 57 10 48 42 
43 20 47 74 9 72 83 37 48 25 88 87 85 68 75 90 61 59 55 94 72 84 29 68 67 37 82 24 46 29 17 40 1 15 13 9 86 
48 97 33 72 84 71 56 3 46 45 64 4 51 9 28 35 37 95 53 73 28 76 70 8 45 9 8 59 73 68 97 20 64 81 91 99 52 
98 2 97 42 17 52 45 25 79 79 61 25 31 85 52 59 6 12 3 14 19 13 38 87 61 10 2 42 100 53 93 50 6 89 91 22 92 
35 98 23 65 58 99 48 94 3 58 99 14 12 64 32 24 1 70 85 10 72 26 62 76 70 63 81 10 5 2 1 40 99 75 56 8 74 
55 53 76 12 3 89 23 66 72 99 18 42 83 80 65 60 93 40 81 55 20 90 59 73 42 50 23 17 58 82 90 12 34 65 24 36 5 
46 53 76 44 70 69 78 1 33 89 93 72 69 99 43 10 58 15 52 59 89 68 16 70 9 28 55 25 51 42 29 48 94 56 44 16 25 
21 16 57 10 61 81 30 59 75 40 68 42 91 27 30 10 94 100 18 73 6 42 75 48 22 23 41 77 66 8 1 38 24 10 47 36 42 
29 94 16 68 14 57 58 92 87 19 85 38 36 58 43 29 32 90 2 6 83 30 23 90 31 61 65 92 59 100 33 87 46 48 54 59 57 
63 50 43 81 86 32 68 95 74 48 79 16 49 84 50 79 7 39 61 19 56 52 77 55 36 64 100 35 17 10 91 32 11 33 12 97 16 
32 91 90 79 69 57 28 53 6 58 11 96 18 29 3 21 5 58 8 20 9 42 89 71 33 20 81 17 83 77 33 14 20 74 93 88 82 
72 92 87 81 54 34 50 82 89 70 39 98 77 10 6 70 98 28 2 17 9 71 100 37 3 65 56 28 9 44 9 80 35 47 60 89 80 
61 22 68 30 12 65 58 22 23 28 19 2 81 88 10 51 39 47 5 3 2 32 12 97 40 43 84 86 55 24 18 15 45 37 45 9 54 
54 30 28 33 100 29 66 87 39 68 25 37 73 28 90 56 91 87 96 33 70 33 87 45 2 2 89 39 98 49 44 51 78 71 36 30 99 
1 16 89 68 93 77 92 72 67 48 62 5 95 94 26 27 81 70 81 82 58 19 31 59 62 81 36 84 16 17 34 68 85 23 36 77 51 
27 48 17 74 9 21 20 54 46 47 86 15 27 19 25 97 49 83 10 30 70 93 97 87 78 65 71 100 52 99 51 30 46 19 4 6 92 
23 11 37 21 97 4 99 15 80 47 64 62 56 45 83 100 93 21 78 9 43 29 60 93 31 90 90 50 45 95 41 19 58 29 92 54 84 
90 68 63 37 83 76 44 79 11 96 72 31 73 80 26 53 40 18 84 81 8 85 25 54 77 43 11 5 34 64 41 76 84 3 64 18 79 
59 97 41 54 68 71 78 99 48 31 38 18 66 70 25 2 94 30 78 89 41 34 74 56 74 1 91 29 64 9 7 23 57 47 28 76 69 
6 74 69 88 64 86 53 33 10 6 79 91 83 67 31 68 92 39 42 93 29 70 8 89 28 82 97 26 10 72 46 15 46 14 54 9 99 
58 41 60 63 19 51 97 37 33 64 81 23 57 73 52 78 32 92 5 14 89 82 75 12 28 41 57 93 94 17 44 51 58 55 65 28 57 
61 17 90 24 97 12 33 21 15 10 52 59 15 17 99 48 91 10 27 31 67 20 76 83 15 26 92 69 42 72 26 2 88 67 78 36 30 
10 56 97 19 59 55 85 28 5 33 70 14 11 1 32 30 76 67 96 54 10 65 95 81 42 49 20 8 26 55 89 87 62 85 5 21 91 
42 100 95 26 69 61 36 69 92 18 97 58 13 2 68 77 48 100 70 96 20 29 73 74 18 59 36 54 16 8 45 9 7 91 34 27 51 
21 48 95 38 44 4 51 97 23 79 96 23 49 92 42 29 16 67 46 27 54 52 94 13 96 2 71 38 87 98 41 7 45 35 45 40 38 
47 36 61 77 31 83 77 74 76 6 42 94 51 68 48 54 61 12 49 62 83 39 48 80 79 54 76 13 50 15 50 96 2 62 73 84 44 
49 58 71 6 51 65 57 18 64 10 78 75 11 91 9 1 90 88 79 95 15 43 97 29 44 44 82 6 16 66 1 17 75 72 22 25 36 
30 94 51 92 23 25 54 13 34 6 54 73 36 100 88 78 96 68 21 40 2 78 7 67 79 75 93 50 97 17 37 78 62 87 21 84 11 
26 48 96 31 1 69 66 100 8 43 48 27 16 87 28 93 45 94 23 20 38 72 68 6 60 45 67 46 18 50 9 43 97 56 74 97 76 
91 49 83 34 48 62 1 86 89 45 30 35 68 49 72 91 16 78 51 13 44 48 30 46 8 72 42 64 97 91 39 88 91 74 73 38 35 
25 23 75 69 52 9 88 53 33 79 68 62 81 80 5 80 61 50 40 33 44 3 81 34 93 20 76 66 92 13 52 16 87 27 37 90 35 
24 42 19 54 62 80 34 93 85 66 54 86 5 38 81 59 18 66 51 38 41 69 81 5 20 97 91 46 85 33 33 8 26 51 62 87 31 
47 80 67 12 85 4 68 22 37 26 91 2 29 80 43 97 13 47 16 61 90 14 45 74 98 52 99 100 13 86 30 12 17 48 75 1 4 
43 74 40 20 16 41 48 96 35 44 8 34 12 68 75 77 12 48 74 15 46 73 28 83 55 91 99 54 65 51 57 7 24 48 27 40 89 
26 87 75 22 46 60 33 65 34 61 76 81 34 42 79 58 69 13 12 59 12 66 76 14 74 82 90 22 60 81 62 38 67 36 59 64 96 
91 28 81 3 3 14 36 44 92 45 65 4 57 75 67 74 50 81 47 84 22 20 95 2 81 32 20 17 90 83 64 32 10 44 34 64 57 
21 59 100 66 75 56 74 2 22 47 3 54 45 38 75 65 33 28 45 64 99 13 6 81 28 37 42 72 23 57 80 43 16 32 60 42 87 
33 43 8 31 98 14 76 35 40 40 67 68 36 83 66 49 40 99 76 28 40 99 50 97 31 45 64 62 56 5 48 89 100 7 19 97 72 
46 83 12 37 2 31 73 36 48 73 75 46 48 2 38 99 4 86 29 100 1 42 55 57 41 95 8 47 66 56 71 11 39 82 48 92 64 
20 27 11 92 1 9 91 54 98 41 9 35 21 8 35 62 15 43 54 9 51 53 74 6 23 85 96 4 84 87 67 55 13 29 46 65 37 
88 71 86 81 79 20 1 39 54 15 53 97 68 13 99 20 87 4 94 23 100 49 6 86 67 12 51 96 57 15 84 96 85 70 76 16 89 
29 54 95 43 58 91 10 70 41 82 8 44 75 82 95 24 39 33 42 50 83 37 58 97 21 54 34 42 81 1 30 9 6 24 3 63 66 
65 84 6 46 44 2 72 25 96 47 64 28 89 13 10 77 71 59 97 76 44 38 8 96 20 17 1 43 19 63 61 83 98 18 80 41 19 
4 66 15 2 81 94 90 93 56 67 15 66 15 42 9 5 2 4 24 18 56 18 88 70 30 23 67 48 54 8 66 9 25 32 11 5 78 
52 49 33 18 16 98 85 9 58 41 10 13 64 79 68 33 19 37 63 41 3 62 46 62 27 55 38 11 17 42 88 68 43 20 38 10 69 
22 18 26 62 28 90 77 58 57 61 76 93 75 68 47 36 14 61 15 20 98 25 36 92 12 3 34 83 40 43 3 13 60 80 26 39 69 
54 97 25 15 72 69 41 92 67 77 5 27 91 76 25 67 63 16 30 65 1 64 57 43 66 21 54 45 47 45 13 100 93 89 66 16 57 
7 7 75 83 63 2 25 38 78 91 100 45 72 17 45 35 25 39 100 45 44 44 91 88 8 91 32 96 56 48 4 14 54 78 96 17 31 
20 6 60 62 58 4 33 26 100 67 50 38 18 94 82 13 37 21 20 27 53 67 34 100 22 48 5 52 95 73 34 67 31 94 80 88 97 
13 65 97 31 14 34 49 59 67 13 95 40 85 21 44 3 7 95 25 6 99 28 52 24 61 18 54 54 98 93 51 62 57 99 92 22 84 
92 80 3 5 75 42 41 47 85 43 5 79 67 10 29 94 62 52 7 31 57 60 28 49 62 89 57 60 33 30 44 76 10 46 80 84 39 
72 82 23 15 87 53 33 48 81 27 61 33 85 92 41 44 19 42 6 60 50 17 44 80 12 19 89 9 51 24 47 22 57 21 36 43 73 
69 91 54 47 51 38 31 94 30 26 13 71 83 24 21 100 67 100 11 85 40 72 35 15 18 57 71 39 44 66 63 12 56 68 10 58 57 
40 4 87 18 16 57 100 91 77 99 57 28 62 93 67 85 80 81 2 36 4 92 31 69 7 43 76 74 4 33 31 44 36 17 13 3 25 
12 45 2 63 53 29 76 46 48 60 77 80 61 64 83 5 94 51 11 88 26 36 92 11 66 87 98 34 99 1 59 10 97 60 72 50 40 
99 47 39 58 23 19 71 86 1 75 31 52 37 19 77 72 10 87 38 96 85 23 46 37 81 7 33 92 31 34 84 29 32 22 87 54 40 
57 91 41 83 22 92 19 40 68 42 1 7 31 48 91 54 93 79 34 99 11 78 81 97 61 10 28 82 96 34 22 4 24 14 86 97 5 
56 88 24 49 88 30 80 87 72 33 31 50 18 82 13 95 62 61 7 71 88 89 18 21 62 73 97 75 10 45 31 65 33 6 14 72 36 
45 59 59 77 41 61 46 22 25 93 84 85 99 6 72 39 24 45 52 96 93 78 58 37 8 22 69 14 87 93 1 83 3 11 11 43 71 
57 65 95 1 48 79 99 5 3 90 80 47 41 28 39 19 85 75 78 58 96 43 45 88 95 27 42 6 38 84 28 46 48 23 46 47 53 
96 52 55 85 31 53 78 58 43 48 94 70 77 52 17 20 96 56 66 74 97 71 63 80 99 60 28 73 5 26 77 53 77 84 89 60 36 
18 69 31 65 63 100 94 14 16 13 61 71 78 86 67 1 1 98 51 60 25 75 17 51 51 21 79 34 9 90 22 27 11 52 43 73 3 
36 38 70 100 50 92 30 87 10 30 87 7 32 99 84 6 67 34 56 87 64 42 47 6 15 73 16 18 68 40 20 3 77 41 3 26 32 
84 64 41 65 51 47 96 1 30 1 67 15 8 5 31 1 51 36 15 76 3 32 43 42 3 45 18 95 99 95 26 34 58 18 98 60 17 
93 60 98 45 78 65 5 82 95 57 33 82 72 8 36 55 50 77 10 46 46 4 97 92 30 30 1 99 28 61 15 72 72 13 69 50 77 
25 31 23 81 15 56 4 22 91 59 23 67 20 69 64 23 65 55 4 94 55 3 73 67 69 45 91 81 13 92 9 37 22 31 17 89 86 
73 10 76 31 33 94 50 53 57 24 17 63 28 10 70 82 35 36 50 79 78 83 43 69 91 31 43 22 99 31 59 71 92 87 1 76 80 
2 28 89 78 44 51 57 6 20 38 40 8 39 70 37 21 12 6 12 42 100 85 40 30 43 11 73 29 63 49 61 65 76 49 94 20 51 
50 77 23 87 68 30 77 37 66 98 48 23 61 89 22 45 80 3 39 90 76 68 53 76 28 69 51 28 62 22 30 11 98 52 49 65 81 
25 1 99 74 100 73 34 40 47 30 20 49 69 9 76 88 13 51 67 81 2 46 94 75 75 56 25 27 4 89 59 81 42 9 6 93 82 
92 33 28 21 52 28 41 12 4 80 25 6 46 57 59 91 51 34 18 58 58 44 62 98 54 94 91 63 99 84 44 90 68 23 63 19 2 
55 30 57 35 6 63 32 63 21 75 65 54 92 22 63 87 35 61 40 80 3 2 79 86 97 20 53 71 34 23 73 89 5 29 75 10 91 
6 24 64 80 40 69 23 62 32 9 48 44 49 28 46 2 58 84 99 29 36 69 63 11 93 3 67 22 29 28 64 34 52 27 66 91 48 
88 4 79 49 4 22 97 31 67 98 40 50 48 68 38 17 82 100 61 36 66 82 64 93 98 98 96 76 15 87 23 2 42 1 2 45 74 
98 27 93 48 66 94 95 86 83 63 19 82 24 55 99 57 18 92 54 67 87 82 81 25 4 35 19 57 36 15 30 86 42 74 33 59 68 
79 96 50 42 15 84 17 69 82 73 38 73 79 57 12 60 37 88 15 23 6 71 11 21 53 48 14 26 80 72 45 10 68 95 51 82 78 
67 2 11 92 91 84 70 47 47 29 84 86 43 58 92 66 20 64 18 67 77 95 98 100 40 8 19 86 10 52 15 77 53 25 68 44 60 
89 42 58 17 77 44 11 35 35 28 6 50 97 73 78 92 22 77 83 81 96 20 91 99 34 67 4 58 86 99 70 74 40 27 42 17 70 
4 51 56 32 8 5 80 32 82 23 54 11 5 34 58 24 24 56 57 42 59 67 79 57 88 4 49 14 45 65 36 1 67 91 84 74 96 
63 6 29 86 59 91 42 44 48 66 20 56 74 61 14 92 92 23 79 95 71 45 92 35 80 44 53 70 27 26 17 41 31 98 78 41 88 
20 85 36 37 4 91 62 16 56 54 7 30 84 54 52 28 45 38 59 88 90 81 66 16 97 6 98 46 84 39 34 55 75 21 91 30 11 
52 45 18 57 4 100 41 9 51 20 53 89 31 92 30 11 9 45 59 66 43 5 1 33 38 55 7 58 97 36 20 1 32 89 57 87 88 
49 95 91 21 99 79 51 42 8 13 50 5 71 68 99 75 68 83 64 75 89 73 71 76 44 71 59 33 80 46 72 28 92 62 48 91 92 
50 32 52 62 34 56 33 1 6 59 68 88 75 42 28 47 65 55 91 35 13 75 14 10 46 94 2 8 93 92 99 43 75 50 56 8 57 
40 60 62 99 80 1 25 21 28 71 85 34 61 72 99 87 37 8 33 30 61 40 23 4 90 17 79 40 72 38 48 12 98 62 62 77 62 
86 49 42 8 86 75 21 9 73 7 45 81 39 75 41 30 49 97 20 65 75 11 88 64 10 99 13 71 12 41 33 49 42 74 9 27 48 
29 35 73 87 31 53 78 5 45 7 5 41 78 69 67 40 57 83 50 7 95 72 71 36 4 71 77 29 79 55 29 59 41 1 46 71 5 
23 28 1 81 32 94 11 53 60 50 61 94 51 67 89 23 89 24 78 60 52 59 38 6 87 49 46 87 94 68 43 68 95 43 48 79 36 
10 31 48 60 91 41 62 9 29 36 98 4 66 57 7 24 46 64 10 94 61 48 39 29 90 6 75 32 6 53 20 15 83 67 26 25 59 
40 34 40 27 83 95 92 39 2 15 36 65 76 30 26 23 20 6 64 78 80 96 83 33 67 49 67 33 27 44 43 18 77 82 44 11 77 
36 49 30 2 36 46 30 17 23 4 37 28 68 14 8 15 48 92 81 48 58 65 74 1 59 91 29 41 35 39 69 22 39 50 75 75 95 
4 91 18 8 27 97 27 92 4 41 91 95 73 39 5 37 64 5 95 55 86 87 41 76 7 14 15 8 88 89 3 44 31 72 51 10 20 
77 1 24 69 92 70 41 82 74 29 45 31 75 51 68 14 91 43 20 56 9 28 44 49 82 39 80 5 89 41 24 17 93 99 37 36 69 
77 17 94 57 62 76 31 12 95 96 55 38 68 10 46 95 5 95 28 43 26 84 83 66 7 51 58 58 87 94 78 15 10 23 71 23 99 
54 35 45 49 41 82 16 50 80 62 7 26 41 1 51 24 84 68 83 86 25 40 25 70 69 39 32 91 62 54 41 15 40 86 15 80 67 
83 82 98 96 40 23 37 40 25 12 75 92 46 61 69 37 85 38 5 75 69 96 36 75 36 2 14 21 69 46 40 51 27 37 98 66 12 
86 5 36 98 32 80 95 92 100 32 28 37 88 2 58 83 90 32 71 91 97 43 59 42 82 61 68 71 59 85 82 44 42 69 93 73 100 
88 16 99 71 95 88 58 96 97 41 37 28 63 28 76 5 38 18 39 99 37 9 57 22 42 52 15 62 45 87 14 84 54 12 54 48 51 
11 95 47 3 32 26 65 11 2 22 48 19 60 98 55 20 6 28 61 58 42 74 54 80 87 37 85 51 90 84 1 52 79 48 7 62 25 
23 24 26 44 23 44 55 21 51 74 26 30 86 35 24 60 88 55 46 76 40 48 17 23 49 69 53 48 75 66 72 97 89 98 93 64 93 
47 84 95 21 61 25 6 96 48 17 35 54 15 11 93 62 27 68 62 47 20 9 21 38 33 70 78 82 62 41 26 60 24 21 80 37 97 
38 32 96 54 66 49 20 76 42 82 3 9 95 1 80 4 22 17 88 43 95 69 56 87 46 15 63 66 47 99 14 36 30 9 41 47 58 
61 75 51 94 29 11 88 29 42 43 2 11 82 44 57 50 51 43 48 66 5 13 64 3 27 51 84 87 91 83 96 3 57 98 96 85 8 
36 13 2 78 15 12 12 10 68 13 61 10 60 78 67 73 93 21 51 43 5 89 85 39 85 88 95 82 35 79 42 70 43 43 100 9 54 
11 19 73 23 79 82 83 56 48 7 100 69 9 42 25 49 26 63 33 65 9 67 100 87 8 21 81 2 72 90 7 82 8 79 57 38 12 
91 45 60 49 44 80 9 85 56 57 62 70 42 27 78 8 26 16 67 98 96 68 70 37 26 3 96 4 59 33 15 1 29 26 1 72 57 
9 8 64 18 22 33 59 48 10 66 25 25 84 22 73 3 91 9 28 46 5 83 4 89 49 57 18 75 9 41 83 18 49 47 87 70 79 
45 69 41 62 93 17 45 66 89 47 9 50 26 54 6 8 9 46 56 17 63 30 26 4 65 43 4 11 29 25 41 25 93 81 86 37 98 
82 2 38 28 62 39 53 15 44 60 76 42 67 92 4 49 17 59 13 11 14 23 91 38 15 15 30 96 52 18 45 33 20 82 60 33 21 
64 48 16 23 23 57 42 14 13 90 83 23 2 93 37 76 84 74 90 98 56 85 50 73 81 82 44 63 94 77 35 57 76 2 32 50 11 
73 15 75 62 97 97 63 90 85 90 25 59 79 74 66 16 75 38 96 57 34 10 2 62 44 10 37 98 41 38 60 65 52 34 26 1 82 
40 42 67 81 66 77 60 39 42 75 14 31 22 22 16 32 75 77 27 84 65 24 25 2 35 41 6 68 67 6 50 58 47 68 91 64 44 
50 54 85 76 19 67 97 40 83 80 14 59 7 50 76 82 74 77 17 14 82 36 32 39 37 42 37 4 32 52 47 33 6 83 8 24 2 
56 16 84 88 81 94 94 30 69 75 55 46 43 69 79 79 52 70 15 45 6 19 76 58 17 60 15 52 19 38 53 75 5 88 62 86 81 
7 15 50 33 70 47 76 90 25 6 41 46 20 86 4 90 13 13 59 73 27 10 91 16 14 17 21 1 30 6 81 88 72 30 21 41 28 
48 82 5 53 23 50 72 60 53 14 24 65 72 48 43 33 91 59 46 7 79 46 89 36 78 76 7 60 48 48 87 95 81 91 47 3 93 
71 14 45 84 90 62 7 37 4 39 27 14 84 86 92 81 26 27 58 1 86 17 1 85 56 95 65 46 94 20 90 16 33 35 51 74 48 
57 11 3 95 89 17 30 74 60 10 99 39 67 52 24 36 4 8 91 50 24 88 43 43 78 58 28 64 60 1 63 16 11 65 10 100 33 
39 25 45 100 76 35 19 79 58 54 82 17 96 31 92 35 26 35 64 35 62 79 95 62 41 10 73 58 72 24 42 62 100 86 62 27 20 
80 5 29 85 38 97 32 21 89 66 98 23 82 32 36 60 78 97 53 40 21 10 11 96 3 24 96 41 37 22 60 68 79 41 52 68 89 
83 88 77 1 85 51 82 69 86 93 46 83 45 85 55 6 47 51 9 71 98 49 7 19 60 27 49 52 78 17 41 13 56 69 65 93 20 
46 61 57 90 6 91 35 43 46 40 89 96 100 11 45 100 70 63 12 96 64 63 25 32 55 37 87 24 1 79 95 98 39 3 88 97 94 
74 91 91 65 31 38 65 42 82 16 11 96 27 58 59 42 82 90 96 71 77 71 71 7 17 21 98 20 60 46 65 33 36 55 97 66 92 
13 59 73 29 21 68 7 78 79 48 60 68 96 30 96 18 52 3 87 24 52 6 83 97 22 67 84 76 16 1 19 28 60 43 8 32 10 
15 10 40 14 21 8 61 2 55 79 5 9 17 81 60 74 63 8 95 82 91 22 97 44 40 76 55 82 84 86 43 50 47 83 63 19 42 
24 72 96 54 77 57 70 57 16 43 71 76 89 52 18 10 100 61 49 76 15 82 11 53 24 60 51 58 74 70 99 49 41 47 54 69 3 
23 25 70 17 48 45 5 51 63 66 51 75 14 78 42 95 40 94 71 51 96 28 24 65 27 73 58 25 26 26 27 1 3 96 69 50 93 
26 100 7 91 2 81 57 79 22 51 18 67 73 68 63 1 44 79 79 68 88 3 93 14 81 45 16 28 66 17 20 91 16 26 81 18 59 
37 48 32 40 18 51 12 37 65 64 80 43 42 47 31 44 92 96 24 88 63 52 53 79 23 43 46 1 76 63 59 64 63 42 55 80 92 
19 16 56 82 48 51 24 46 33 19 89 80 95 77 42 46 29 72 20 24 17 20 51 32 30 66 46 72 21 25 63 39 92 71 72 91 21 
95 37 5 66 25 84 60 53 25 57 34 48 76 9 64 48 59 47 77 76 92 100 96 68 15 86 60 85 58 2 57 4 90 61 21 15 44 
80 19 68 88 52 15 16 12 30 63 70 29 91 46 20 91 93 88 5 31 99 89 40 52 45 95 42 5 16 8 100 95 26 67 83 30 33 
98 41 14 12 63 42 2 60 14 92 52 53 48 34 3 88 73 54 84 68 95 40 35 2 39 29 80 57 63 9 41 12 1 55 75 63 48 
77 22 61 20 26 13 20 59 15 7 84 21 91 3 15 30 37 69 69 17 100 77 32 60 18 95 60 72 70 23 19 98 96 32 17 21 44 
88 32 11 95 67 31 37 69 97 66 57 65 86 73 16 63 56 75 32 51 35 3 20 9 73 17 4 4 85 77 100 25 60 10 19 26 92 
55 46 88 72 2 5 10 26 20 24 34 95 55 84 81 9 55 89 33 71 92 37 7 20 36 31 79 97 1 4 88 7 1 75 31 2 31 
92 80 51 15 13 97 21 48 77 29 2 65 13 24 8 49 82 28 36 13 6 84 65 62 23 72 62 50 54 16 80 45 47 30 59 11 78 
31 58 54 11 59 70 23 34 78 24 15 5 59 79 62 95 44 23 17 67 37 66 20 52 46 64 50 27 74 60 5 56 17 10 66 27 80 
88 60 57 63 74 13 74 53 74 68 48 49 84 14 37 50 85 40 47 48 89 25 73 48 29 28 64 39 45 42 70 84 1 26 47 74 90 
20 78 15 39 25 15 22 38 51 23 22 90 21 21 78 46 45 25 26 24 40 16 68 33 85 4 33 62 50 59 51 21 36 66 59 13 80 
32 50 83 55 24 72 75 96 2 72 93 26 98 16 18 13 36 50 98 39 35 59 40 93 62 60 80 27 18 92 58 49 94 40 55 69 64 
82 64 65 53 8 42 2 24 11 15 59 13 64 49 47 22 88 91 83 47 70 61 16 14 71 16 7 62 71 27 77 4 90 41 8 98 35 
10 73 45 24 83 57 87 31 3 60 70 45 95 68 15 7 83 80 77 50 38 91 20 64 67 75 53 60 83 2 94 92 26 38 15 60 95 
53 90 49 12 11 94 58 78 60 65 60 91 93 10 28 83 81 91 2 8 95 61 90 49 6 81 74 43 47 34 89 51 75 90 14 86 35 
72 15 46 36 27 36 28 36 63 63 68 53 16 27 47 28 16 95 33 48 21 27 46 6 16 96 80 5 10 17 91 81 32 36 68 58 71 
47 45 33 9 64 37 76 91 83 3 58 30 35 6 50 62 51 7 29 47 86 85 8 55 75 88 86 10 55 95 32 1 39 64 62 54 100 
37 44 34 92 2 15 26 59 16 39 9 22 67 7 8 3 14 14 77 53 99 38 59 93 69 60 83 84 73 36 83 61 32 69 52 33 83 
30 91 99 68 51 20 87 58 79 41 23 92 18 76 42 7 34 34 76 45 68 59 69 56 94 30 87 62 33 71 96 62 13 94 82 63 66 
20 72 44 60 95 36 29 22 77 36 55 63 63 52 82 73 20 37 18 49 23 31 82 93 27 95 5 72 76 20 37 47 91 81 7 37 68 
87 58 44 22 13 58 36 64 40 61 83 76 78 84 51 9 17 43 87 11 100 58 39 19 95 85 61 27 43 98 94 30 55 89 3 19 47 
39 34 38 51 69 13 28 4 63 88 20 58 74 30 9 84 20 79 78 5 39 56 99 88 1 28 95 89 31 65 87 21 99 24 71 19 89 
50 22 3 38 41 12 63 22 20 46 42 98 75 98 89 30 96 28 30 76 22 71 58 39 57 30 89 33 100 7 73 1 80 75 38 20 87 
53 93 58 98 86 8 73 83 96 54 31 75 36 6 97 6 63 35 14 92 75 46 43 81 18 95 60 45 33 31 83 37 75 40 34 61 47 
58 95 94 12 25 69 99 82 17 4 44 3 69 87 77 67 81 9 84 76 20 80 60 2 62 96 76 54 81 88 52 39 83 98 2 59 18 
100 41 34 55 36 88 23 75 16 89 55 24 25 82 43 56 41 96 18 36 71 23 69 11 26 7 93 23 8 3 40 59 95 25 13 31 12 
87 57 27 76 63 50 52 45 44 7 85 39 76 73 62 98 41 72 24 99 16 98 58 18 38 16 65 62 80 47 74 66 3 52 93 65 54 
44 9 97 3 46 88 78 70 1 28 10 72 51 60 39 100 17 8 37 84 72 51 63 18 76 80 20 27 25 37 80 68 45 29 70 42 68 
100 11 68 27 72 91 29 31 29 28 99 88 65 82 60 67 96 29 42 28 49 20 52 37 52 71 33 32 93 75 99 92 37 18 18 9 8 
46 91 88 73 42 75 89 23 86 7 71 15 100 98 15 20 1 51 71 71 83 54 63 9 52 6 46 69 23 54 28 20 96 67 45 37 41 
85 12 79 92 34 45 91 31 59 62 31 61 32 53 43 85 68 52 88 73 97 8 48 2 35 67 49 1 11 38 94 48 49 24 39 82 68 
81 64 26 43 46 86 26 98 80 63 65 83 50 90 79 58 37 32 44 3 33 97 66 70 90 13 70 13 3 3 32 83 66 57 25 63 94 
3 12 25 65 29 8 66 18 38 23 54 22 19 8 54 15 25 75 56 89 44 20 91 46 51 26 63 59 2 25 4 4 36 28 20 64 35 
86 33 25 60 86 46 78 46 99 44 70 73 99 59 68 70 1 65 20 78 27 30 32 3 33 35 90 13 7 54 47 92 86 71 51 24 68 
29 69 66 24 90 90 23 100 9 92 53 73 64 30 99 93 61 53 78 48 43 90 54 96 88 45 33 11 47 8 78 27 28 96 51 70 37 
25 69 46 68 21 18 31 3 69 76 63 21 5 62 63 94 67 10 33 63 95 43 10 2 73 36 82 68 38 51 56 62 19 1 30 92 19 
12 94 39 39 8 59 43 70 22 88 36 83 21 99 77 15 60 31 39 95 12 58 33 14 14 46 84 14 75 75 84 39 20 22 77 28 81 
72 97 54 11 84 36 83 34 65 98 93 95 88 40 58 46 24 71 59 21 6 72 96 81 8 86 52 29 14 79 61 37 27 66 48 63 54 
30 96 18 79 41 12 67 32 21 12 55 91 70 27 96 93 22 28 100 59 32 81 73 10 93 61 89 11 8 51 64 38 98 33 16 38 96 
82 21 16 45 27 58 66 54 5 59 27 33 10 86 64 42 10 25 87 70 13 97 78 15 12 67 13 44 34 2 39 68 75 54 12 1 11 
78 54 15 88 81 99 97 18 14 91 79 39 77 100 3 73 29 70 84 95 34 79 81 35 17 48 9 70 11 62 32 88 15 46 27 47 97 
76 16 10 66 94 100 42 94 55 66 74 24 1 69 57 79 49 43 47 48 4 68 58 65 99 98 31 96 24 30 92 99 97 54 64 91 5 
57 36 59 74 61 34 26 29 42 56 29 37 2 76 40 69 86 56 19 83 38 15 6 19 58 57 16 63 72 58 68 29 45 78 54 5 64 
80 34 5 35 14 41 89 42 32 57 27 39 76 61 77 42 18 47 51 74 62 66 46 19 85 74 63 62 79 68 25 58 53 82 45 18 74 
33 11 6 89 89 96 16 49 24 9 67 71 12 40 32 77 85 3 61 10 17 74 41 84 51 98 88 84 42 58 57 26 68 14 67 57 10 
34 57 33 43 23 3 6 15 87 34 51 89 46 13 5 19 53 41 21 50 80 4 44 37 13 21 57 26 87 65 87 21 21 20 15 96 74 
20 10 60 53 12 100 98 24 5 68 76 97 41 78 76 44 73 65 56 93 73 34 80 37 20 52 9 91 66 4 17 37 65 28 89 77 28 
38 100 84 57 28 80 97 5 7 93 77 23 48 69 95 33 100 31 5 51 92 95 68 95 63 4 12 91 44 88 70 33 39 53 90 66 84 
38 70 90 30 98 13 30 19 59 62 18 90 18 21 81 65 88 27 27 92 38 17 87 77 86 20 68 90 61 33 73 98 55 15 28 52 79 
9 22 37 70 40 78 88 12 58 52 99 37 30 42 26 47 29 3 84 100 22 74 60 54 98 57 60 12 36 12 42 44 85 79 66 24 56 
5 87 66 8 86 54 37 79 79 35 59 33 19 10 54 44 69 60 93 78 19 5 13 82 98 9 67 76 74 90 84 78 29 49 37 14 2 
73 44 32 8 55 65 78 64 70 73 33 29 65 62 48 21 74 29 19 34 95 94 7 37 77 36 65 77 24 30 30 97 25 62 56 79 26 
85 43 95 57 27 76 73 88 23 46 13 51 64 47 98 9 5 34 38 93 50 66 16 31 96 64 55 57 19 34 34 55 76 80 63 2 55 
36 41 29 81 53 80 96 99 29 4 4 62 93 48 63 59 63 93 54 27 47 62 97 80 47 52 7 26 14 60 33 1 100 61 33 5 92 
28 3 20 84 58 33 76 5 95 86 20 39 39 98 86 52 94 17 98 45 76 24 11 87 8 63 39 68 96 43 60 23 97 31 6 55 64 
34 11 10 19 82 49 10 79 86 61 73 2 59 69 29 34 31 16 41 94 54 60 89 96 71 63 92 2 69 98 17 54 61 26 72 42 74 
81 21 59 42 45 13 52 65 41 37 96 8 29 41 61 88 29 8 11 91 52 64 11 49 80 64 61 57 88 3 83 68 75 93 61 71 5 
64 35 98 100 82 57 28 22 70 16 2 77 78 45 28 93 55 29 72 71 89 80 58 43 62 77 17 55 90 87 11 53 74 60 53 7 17 
80 29 86 47 82 62 76 26 42 68 33 22 91 55 10 71 64 53 32 40 21 38 29 60 49 34 33 60 86 91 76 17 71 61 16 53 75 
91 30 68 59 62 89 49 68 50 19 31 2 3 71 75 92 51 34 92 84 18 52 21 8 27 38 79 40 53 83 66 43 12 33 53 26 21 
2 93 22 72 24 24 26 94 50 70 96 83 61 32 100 12 52 59 91 89 89 82 93 71 47 88 83 79 40 60 51 93 52 72 65 75 47 
42 20 96 11 68 30 72 99 81 35 50 40 77 91 28 58 83 51 4 70 85 34 62 44 84 54 95 8 70 22 6 12 41 2 22 8 31 
45 6 64 32 8 3 8 98 82 66 32 84 21 2 68 55 15 11 38 68 6 97 38 27 3 1 19 56 74 79 38 19 36 1 2 43 3 
9 40 37 26 24 20 47 77 88 1 91 50 90 58 7 39 47 33 41 47 4 96 21 82 33 91 17 86 92 12 88 52 3 76 78 26 48 
76 2 87 76 92 36 17 2 43 55 48 27 95 95 82 42 15 63 27 5 32 12 48 95 51 99 97 79 28 23 26 3 24 12 30 68 99 
47 69 93 1 16 20 48 62 1 41 76 16 67 32 99 30 31 45 33 30 41 11 9 63 36 12 39 99 41 58 97 87 26 90 40 41 61 
39 3 13 79 30 80 98 14 30 27 44 74 59 25 15 21 34 29 56 45 19 54 37 76 3 76 1 44 15 94 4 5 48 68 83 29 48 
80 94 77 59 38 51 69 14 17 90 47 97 97 43 16 3 32 43 5 7 96 48 73 41 3 77 88 70 59 68 69 91 62 46 1 51 48 
21 64 16 10 63 12 59 57 79 61 88 22 17 46 69 64 18 9 18 46 96 39 57 15 8 99 76 53 99 26 52 71 90 19 81 4 30 
91 60 61 51 100 34 67 45 2 82 15 10 51 60 57 89 16 71 96 66 99 100 64 24 51 35 65 69 67 68 51 9 80 63 59 79 96 
77 23 49 58 37 58 8 49 66 96 16 88 44 82 86 43 97 62 46 83 78 66 1 98 16 9 77 30 19 55 25 95 77 73 52 66 82 
11 66 47 59 81 87 2 14 24 44 11 37 89 45 15 55 46 12 22 6 88 52 25 94 28 19 22 1 23 39 34 33 4 33 91 37 19 
44 2 94 88 64 31 28 9 97 34 6 8 56 11 47 59 87 40 38 6 13 38 80 52 72 12 55 56 55 43 74 98 45 19 37 8 49 
65 16 45 98 73 4 5 84 2 15 70 93 53 27 6 42 6 9 65 70 63 20 76 58 45 73 2 64 62 61 12 26 77 9 75 1 64 
32 84 18 98 6 10 50 84 67 92 90 75 8 11 90 28 86 47 72 10 100 35 71 60 99 48 88 59 75 89 22 6 24 39 55 81 1 
5 65 19 48 6 94 55 16 35 34 53 81 58 62 32 44 85 91 42 84 31 52 58 71 74 15 94 64 70 75 64 26 91 83 25 96 28 
79 63 62 65 15 94 22 28 77 17 64 19 59 48 49 10 57 19 35 72 65 99 93 39 14 18 81 48 42 76 27 72 90 88 88 56 33 
61 83 9 78 47 28 88 46 28 49 2 47 84 73 11 34 17 1 99 34 81 99 27 8 25 99 97 65 38 52 97 99 86 58 76 84 37 
63 29 64 11 83 62 46 7 24 79 24 76 30 9 56 28 36 15 52 86 11 16 23 14 65 21 100 74 96 35 10 58 64 25 21 98 87 
66 4 10 45 27 38 74 36 93 53 23 60 4 8 70 72 30 36 88 3 87 61 98 21 22 8 36 98 80 33 84 45 37 46 41 63 83 
66 50 27 18 72 86 74 79 8 45 61 43 84 15 29 96 64 49 69 23 85 66 2 69 50 47 5 47 87 20 81 53 69 7 22 41 45 
95 71 52 91 83 46 26 49 74 21 13 74 41 35 10 7 37 79 8 83 35 54 21 54 86 25 23 44 47 15 88 93 37 91 36 72 36 
61 20 61 34 32 87 74 67 96 80 55 26 39 89 61 44 9 14 29 86 88 73 84 2 12 76 91 3 63 62 38 24 81 51 9 65 37 
82 83 32 14 37 10 52 25 70 96 85 83 76 70 23 48 53 24 60 81 66 14 43 27 3 18 60 53 26 76 89 60 58 73 25 94 82 
76 70 3 23 54 37 99 24 59 98 28 35 9 8 100 22 3 79 25 72 90 29 50 65 18 9 74 42 85 19 23 12 88 25 35 93 61 
85 68 72 34 96 6 43 55 5 16 9 35 92 81 24 21 30 40 90 90 13 31 74 31 5 85 18 29 71 63 41 7 30 12 41 25 17 
35 32 74 50 40 8 94 20 84 14 49 23 3 90 36 33 15 66 37 52 36 17 22 98 9 81 27 73 73 4 89 7 35 14 8 74 74 
1 94 57 66 94 79 68 36 14 52 50 32 88 1 19 56 75 16 65 55 94 37 27 97 77 85 31 43 92 57 16 45 2 24 10 95 2 
78 30 68 81 32 51 21 32 69 76 6 36 92 12 29 80 38 78 9 22 60 3 66 16 18 10 17 93 71 12 94 48 93 13 81 24 63 
1 8 31 76 65 66 20 77 47 99 14 24 59 88 83 61 53 99 30 14 15 22 84 78 68 84 23 80 64 98 43 64 57 25 91 22 43 
62 98 89 13 63 12 71 50 46 84 54 44 13 19 11 35 3 40 54 38 62 33 53 12 27 68 68 4 58 89 46 20 38 34 84 1 97 
54 2 42 37 56 38 2 74 48 88 28 39 41 65 53 73 69 64 52 36 83 55 46 24 52 17 61 85 100 61 33 53 63 26 42 70 63 
43 95 62 30 23 1 70 39 53 94 8 68 45 95 50 51 40 73 2 56 86 38 55 98 22 8 12 48 1 81 62 43 28 76 72 50 76 
93 40 80 86 99 47 83 94 48 33 33 73 87 89 58 24 43 55 46 2 67 45 2 99 6 44 26 81 67 27 8 59 67 39 97 17 37 
79 10 85 63 95 9 49 83 66 25 77 72 70 79 90 66 32 89 71 28 14 4 94 93 11 5 11 50 53 27 86 83 37 22 45 31 30 
46 65 95 22 41 19 91 71 8 8 55 96 78 82 62 81 27 6 44 83 16 45 35 42 30 17 30 4 14 60 33 11 76 80 32 69 98 
74 39 5 81 45 53 58 26 66 91 5 71 86 39 86 30 74 27 11 42 57 14 55 68 47 65 96 26 96 64 75 69 54 79 1 99 83 
59 76 100 1 32 70 86 71 7 67 96 34 77 37 42 91 44 61 37 60 8 14 56 71 88 76 77 18 77 75 53 87 2 52 39 34 74 
76 56 80 42 51 13 70 87 6 60 30 19 48 90 26 13 97 49 52 24 25 70 52 99 74 90 52 77 28 85 50 55 40 30 96 42 42 
66 29 100 77 10 70 25 51 95 89 99 95 41 75 19 62 26 69 35 16 21 11 95 57 61 50 49 90 97 90 83 62 70 34 91 80 3 
15 82 50 3 81 44 43 55 15 56 32 35 90 99 55 53 94 64 13 95 64 54 91 53 88 5 23 22 95 54 76 61 35 25 15 67 21 
10 73 87 65 57 21 55 55 28 59 100 91 71 94 54 76 37 58 63 93 32 84 87 85 60 99 72 36 13 90 8 22 63 94 87 19 15 
93 25 42 51 25 84 73 70 37 48 58 94 62 50 26 46 88 62 57 86 85 44 99 75 52 72 89 45 10 7 59 2 83 52 4 59 35 
28 29 71 27 38 17 89 88 94 86 27 7 94 13 92 37 63 66 88 34 54 85 96 12 43 49 94 47 53 5 81 32 33 4 59 70 72 
47 9 65 84 36 23 77 100 14 13 62 31 1 47 36 37 42 47 79 91 93 25 95 97 58 26 81 61 84 2 32 82 63 48 65 50 70 
41 49 36 6 10 18 58 8 54 94 50 52 24 40 96 1 86 44 58 11 24 70 47 78 1 28 40 100 45 41 21 37 89 8 42 50 26 
51 57 79 44 6 82 68 97 78 20 82 21 77 45 97 46 91 26 98 70 65 97 14 5 69 3 45 77 96 94 2 47 50 32 42 8 13 
61 56 90 80 38 63 56 82 59 53 72 84 50 41 100 98 7 56 67 9 52 95 56 45 96 2 46 27 96 53 91 56 9 33 36 98 95 
91 31 5 96 2 40 97 94 91 47 52 46 65 12 97 59 68 93 54 21 38 32 16 43 74 72 3 6 7 100 100 49 30 56 96 83 95 
93 28 85 39 32 82 3 43 30 13 62 22 18 83 12 49 50 6 74 21 8 80 79 59 31 80 88 87 75 22 81 19 1 66 57 32 47 
11 75 77 23 88 50 40 70 13 40 20 18 66 92 25 45 71 83 75 50 22 61 76 95 94 95 96 11 3 27 57 66 53 85 88 41 87 
80 62 99 71 33 17 36 25 41 32 47 76 59 48 97 71 23 92 64 69 39 74 72 65 83 37 70 19 76 62 5 7 75 56 30 8 72 
65 32 64 49 30 39 7 77 88 77 99 31 93 68 69 18 91 85 52 27 54 71 54 67 27 61 42 82 90 49 5 6 32 69 54 61 59 
12 37 98 41 87 28 33 6 96 2 96 33 54 74 38 76 28 5 2 88 98 36 29 46 40 34 29 60 40 41 71 51 29 68 43 67 48 
27 73 95 29 20 27 34 94 65 9 73 21 62 12 18 97 40 15 89 25 95 100 64 35 22 67 63 90 9 81 89 36 53 83 16 25 10 
49 70 26 57 42 98 70 53 67 67 44 81 7 68 27 58 32 13 80 50 27 21 58 7 9 45 60 91 60 84 52 60 53 29 68 46 26 
38 50 44 56 93 76 14 12 2 71 95 14 2 44 40 22 54 47 30 98 58 73 10 93 76 21 97 57 89 42 34 78 43 78 33 87 53 
98 98 55 68 93 20 70 88 12 43 41 58 25 91 67 97 100 59 24 20 55 80 60 48 14 37 42 91 21 28 43 18 25 49 38 69 21 
59 9 32 1 49 89 25 91 7 73 42 65 49 14 71 28 73 70 93 62 11 35 82 38 30 100 14 78 89 35 98 47 43 29 47 43 69 
24 34 75 48 75 91 96 88 13 76 13 82 68 74 44 3 55 33 32 6 47 61 46 33 11 92 27 91 91 69 60 14 54 86 13 81 77 
9 20 41 84 32 23 3 5 66 57 12 99 40 69 97 1 15 81 63 58 7 53 48 27 64 13 33 50 26 13 78 86 84 18 21 16 92 
23 72 58 32 35 8 71 56 56 23 70 36 85 79 94 38 27 20 1 39 52 2 16 16 31 1 100 49 21 67 92 96 38 49 27 25 8 
49 80 63 72 1 50 56 79 43 45 57 15 98 48 66 51 63 34 82 64 85 82 36 51 73 31 40 74 9 64 81 58 95 96 29 47 97 
36 26 40 81 82 54 30 81 71 80 44 56 61 59 40 42 94 90 15 25 82 88 33 45 20 90 92 67 70 38 64 6 15 55 38 49 8 
67 29 30 98 72 86 59 30 25 52 76 67 18 52 48 57 84 44 77 26 35 43 47 25 58 52 91 12 89 39 19 7 20 1 5 43 86 
15 73 62 18 100 28 36 51 27 92 86 71 20 63 57 15 10 33 72 61 24 84 2 14 2 60 33 54 16 76 91 30 100 53 100 99 32 
35 1 59 78 86 81 98 49 89 12 58 74 83 70 97 66 23 62 20 35 95 25 50 22 16 32 21 68 31 71 51 17 71 61 94 8 93 
91 56 82 54 65 55 89 87 3 54 61 64 25 95 10 50 97 31 65 28 3 84 10 73 86 26 95 47 19 3 39 62 10 72 15 75 78 
55 13 80 61 25 96 85 20 5 86 16 88 2 95 90 37 4 15 23 81 61 21 99 15 59 12 25 83 79 51 60 33 63 92 93 87 87 
30 58 43 15 25 30 69 71 72 57 26 38 79 6 98 99 5 13 10 16 89 44 94 39 3 79 53 94 71 91 32 100 1 75 67 25 4 
87 48 27 43 73 64 74 79 14 72 83 78 33 50 66 76 96 4 31 74 8 24 96 98 56 48 98 30 66 75 85 52 22 12 46 94 27 
19 72 40 91 6 17 75 8 34 3 55 37 33 28 96 56 75 94 63 22 43 44 87 69 81 90 42 44 36 88 70 54 11 62 96 17 30 
71 76 64 73 30 52 57 9 48 12 83 93 27 5 87 22 43 56 2 33 49 45 68 36 67 73 47 28 69 15 57 91 90 72 15 71 24 
71 79 71 34 61 63 60 17 49 82 12 56 83 96 5 80 15 40 46 87 38 25 55 52 33 97 93 5 11 63 28 81 93 50 15 6 12 
74 22 12 7 85 68 42 80 24 21 46 63 18 33 1 42 39 4 26 36 97 30 46 11 9 79 4 58 93 9 69 18 82 33 25 67 100 
66 98 23 38 44 37 7 28 89 48 66 93 25 53 41 55 51 51 63 29 54 21 73 62 41 90 96 73 66 62 24 31 11 98 20 6 35 
26 33 23 25 51 67 50 55 7 56 5 58 18 85 63 90 9 25 83 99 72 7 64 33 31 47 95 28 18 1 14 44 33 37 20 35 3 
21 90 62 76 46 19 46 83 81 87 91 57 21 41 28 28 5 12 58 3 7 37 20 59 51 15 43 39 87 78 93 7 19 54 35 16 72 
80 98 5 18 89 13 39 29 41 66 85 4 75 87 62 63 59 20 13 73 15 3 59 44 96 18 62 49 52 77 73 83 27 77 100 67 89 
38 95 81 55 32 85 81 70 98 44 28 18 8 53 32 11 63 27 6 80 88 6 31 16 30 65 42 6 65 8 47 54 55 79 9 86 15 
41 7 13 84 35 82 92 39 65 54 1 91 11 81 30 16 63 45 46 28 87 3 44 94 1 97 48 32 57 85 46 98 92 10 81 78 91 
24 16 7 77 16 97 87 48 78 55 63 23 52 90 9 54 85 54 7 81 54 38 38 38 35 87 81 45 19 58 87 43 25 94 71 93 42 
10 92 20 16 54 94 67 95 2 72 79 7 78 60 60 15 49 50 50 87 30 46 5 40 32 99 16 77 22 8 71 31 100 42 46 5 35 
64 100 36 35 30 94 13 41 54 79 89 3 80 27 84 25 32 23 9 82 91 37 3 50 7 85 1 48 82 6 82 45 57 69 80 86 63 
44 27 16 22 67 70 2 94 53 78 77 28 86 10 70 23 13 19 81 49 20 29 31 25 62 27 33 31 58 18 45 1 96 60 75 63 81 
28 8 85 5 36 12 43 45 33 17 9 52 97 58 71 77 40 47 39 66 79 21 76 48 65 76 44 76 2 58 56 29 65 92 34 52 4 
28 96 88 44 5 39 92 62 9 69 53 55 59 70 85 79 45 33 43 73 76 70 74 33 25 3 49 16 36 100 71 63 47 59 58 51 49 
49 64 58 69 68 64 27 38 1 57 82 33 99 6 60 20 80 44 96 82 92 12 69 43 34 83 41 44 92 92 45 40 7 54 61 75 17 
87 64 69 44 45 1 94 51 12 14 82 55 9 15 98 72 35 92 58 17 33 53 60 24 97 51 82 50 11 8 19 98 71 87 93 16 40 
38 18 51 3 51 58 64 65 55 35 99 47 44 67 79 97 26 54 45 28 35 47 39 43 65 88 13 3 32 80 94 69 49 97 72 51 54 
35 15 8 21 65 6 17 83 84 65 60 37 9 88 24 55 26 18 71 65 82 26 96 14 71 64 62 67 87 13 20 73 79 80 46 96 85 
62 78 21 26 90 9 86 77 32 93 54 1 15 18 83 40 13 96 11 28 9 29 67 73 49 39 4 80 36 99 64 97 76 36 74 65 45 
12 93 76 4 46 29 18 63 11 10 27 58 72 55 18 100 21 91 100 11 94 79 47 44 95 95 19 30 21 36 74 32 80 2 87 26 82 
4 40 92 65 67 1 36 73 18 36 45 60 35 7 5 66 53 48 12 100 19 41 72 54 67 3 33 20 41 10 1 44 2 44 61 20 44 
96 92 13 83 88 73 70 94 77 35 99 77 46 50 95 38 21 48 4 75 32 75 15 94 75 10 95 70 70 14 13 66 57 78 48 44 2 
17 37 30 3 87 6 100 36 100 38 56 99 93 30 83 68 44 76 94 54 70 64 23 35 28 40 91 5 88 34 58 56 22 88 59 9 93 
58 44 93 47 52 91 40 81 25 59 77 100 52 30 21 67 4 55 95 44 97 51 83 82 9 38 4 96 48 64 88 6 59 32 52 10 75 
43 43 99 1 19 51 5 100 71 71 3 78 65 98 74 16 80 56 76 18 11 71 17 74 10 22 84 94 26 94 68 20 36 18 21 6 68 
25 5 91 95 7 68 12 5 41 79 36 48 54 5 58 76 22 31 37 95 15 30 72 60 49 92 47 67 64 52 34 88 56 76 34 14 43 
97 70 36 75 6 83 80 10 41 55 31 23 92 26 89 73 97 100 22 40 46 88 3 97 73 42 4 49 28 18 91 24 87 78 99 44 61 
30 54 1 37 36 75 80 13 16 52 62 15 73 1 61 12 4 9 85 97 13 85 24 30 27 48 68 5 98 12 65 27 17 17 63 52 43 
42 17 58 46 78 73 70 30 33 82 33 41 18 82 5 2 5 34 28 4 54 84 1 65 100 80 33 16 94 84 59 36 52 68 33 29 40 
2 59 24 83 43 17 100 24 21 53 81 7 33 84 60 16 85 76 16 64 60 83 57 43 93 44 95 61 76 75 52 30 33 76 12 28 44 
64 51 64 68 31 22 100 15 33 68 51 60 35 66 19 17 22 14 62 18 60 22 45 34 25 74 19 100 38 46 95 53 48 59 20 31 32 
20 97 65 87 47 24 73 12 43 89 85 8 50 54 67 23 99 100 48 24 70 99 61 15 94 13 15 4 85 45 87 4 41 51 42 39 27 
14 2 21 54 38 28 56 92 94 78 42 45 77 65 15 28 78 81 21 42 95 76 26 39 62 81 31 65 74 21 91 87 22 63 93 12 90 
48 3 35 77 96 79 54 12 45 81 41 26 53 83 20 80 60 59 93 41 41 57 14 62 99 53 83 61 45 94 50 44 48 36 20 95 15 
73 7 59 5 47 84 9 81 56 88 41 14 81 33 6 37 98 67 36 50 2 48 46 47 50 41 95 85 61 41 51 85 47 10 42 46 45 
50 26 100 38 18 65 18 2 23 6 100 89 93 1 90 41 99 37 90 39 83 26 51 23 77 36 22 38 77 67 34 78 44 86 15 14 2 
84 15 24 90 14 13 82 67 54 74 65 42 15 3 76 41 54 51 69 41 24 6 17 42 91 46 85 76 61 50 78 44 65 53 85 30 17 
67 96 71 92 60 64 7 63 40 99 68 42 67 8 65 24 76 6 14 21 42 42 81 92 71 77 8 23 61 37 40 79 85 62 71 44 25 
29 58 16 27 77 9 45 84 73 68 59 30 33 32 72 74 64 15 44 40 22 19 53 10 58 31 94 19 53 90 95 81 47 63 59 24 71 
3 59 44 70 70 73 55 1 96 28 64 10 24 56 83 94 8 93 51 38 86 21 43 75 15 23 74 29 82 49 100 84 7 43 6 76 67 
12 28 15 91 92 76 66 47 59 59 6 51 9 95 88 81 37 15 48 60 40 76 93 88 75 28 46 69 85 22 88 96 49 2 87 92 77 
52 90 87 11 95 89 71 90 77 52 78 43 99 37 82 74 81 69 1 9 14 69 93 87 56 89 88 9 75 31 86 78 21 72 88 67 13 
59 8 89 62 86 83 60 74 64 85 55 84 85 63 49 6 7 88 61 95 75 70 21 5 7 51 77 30 38 96 42 48 3 82 61 40 64 
72 14 27 57 20 62 93 82 11 50 40 98 11 35 24 32 7 28 38 57 57 19 47 52 61 46 54 42 7 94 58 30 59 36 38 78 98 
31 11 8 80 50 5 42 36 28 73 95 7 62 51 15 81 49 66 93 47 72 86 5 17 43 34 75 79 72 4 28 54 14 35 85 15 91 
27 51 18 51 45 76 65 47 91 97 48 8 41 94 79 26 98 95 21 31 21 51 54 24 78 7 89 12 44 4 54 22 54 23 24 50 98 
88 96 40 36 95 48 76 88 78 2 37 73 74 20 45 24 73 69 53 32 9 16 75 12 69 96 65 91 19 66 88 59 14 80 94 8 27 
22 96 4 75 84 28 48 3 73 23 28 93 75 59 1 90 85 65 58 32 81 48 2 47 87 60 60 66 6 67 44 27 14 48 1 50 27 
100 52 51 22 31 95 96 41 48 37 25 12 46 8 92 93 10 38 31 21 49 49 26 68 92 4 81 91 4 82 18 3 34 68 76 16 63 
23 57 10 59 33 73 4 41 64 48 50 54 31 70 2 79 96 69 70 51 2 13 55 83 30 9 68 49 37 36 63 59 92 24 70 24 96 
25 64 12 25 13 65 55 35 18 85 82 39 6 32 40 18 38 74 99 99 94 100 35 29 14 45 72 90 66 95 37 91 59 48 67 23 64 
73 57 34 57 90 72 14 22 63 32 59 88 82 57 81 81 43 61 47 40 32 36 5 79 72 95 37 20 13 11 35 85 20 68 41 9 39 
55 30 1 38 41 41 71 49 21 52 44 34 50 83 17 85 87 95 56 34 83 27 46 94 62 31 65 29 23 73 20 77 55 72 66 47 12 
37 95 33 40 38 18 89 20 34 73 59 29 80 92 11 7 37 56 68 19 72 48 42 97 67 70 51 39 36 49 50 24 43 34 15 33 51 
3 4 37 27 62 65 6 5 27 12 94 35 31 12 6 79 53 2 45 23 4 35 10 52 85 85 47 18 99 31 21 53 34 57 79 48 73 
84 4 51 48 97 37 78 9 95 8 61 48 5 35 4 39 96 7 23 80 53 93 30 35 65 82 21 73 60 20 97 96 23 47 95 20 36 
24 28 30 32 40 77 36 27 80 26 74 87 1 6 91 45 35 26 9 17 98 33 28 17 29 75 39 27 69 10 62 93 37 91 76 29 20 
63 7 51 40 80 37 40 85 80 84 72 57 92 40 54 24 67 70 4 42 60 31 62 70 92 6 58 35 81 86 54 95 44 56 35 76 93 
74 60 24 10 83 80 53 22 33 29 41 54 32 34 13 62 95 82 6 1 92 40 33 77 45 80 73 100 66 48 44 91 59 67 100 42 98 
53 15 30 81 55 35 12 88 100 26 35 81 31 35 72 22 19 1 18 98 25 69 63 72 65 54 30 31 53 23 81 57 38 62 37 44 97 
1 32 96 26 66 28 8 52 52 29 70 4 98 20 28 66 34 99 30 87 80 13 92 3 93 48 92 54 37 35 50 89 18 97 14 35 25 
21 86 28 1 8 31 98 27 58 15 60 8 45 99 87 57 42 41 1 41 32 54 77 67 56 65 36 4 30 71 28 2 56 7 54 15 37 
3 93 46 18 53 53 14 3 40 22 44 80 22 84 64 27 13 82 82 29 17 86 59 87 65 12 95 72 18 61 60 20 54 6 37 58 58 
50 60 49 71 55 81 44 38 44 71 2 25 52 31 93 89 41 80 6 52 26 29 69 86 40 41 39 45 77 96 3 79 7 3 1 61 83 
45 51 78 67 52 54 70 82 47 59 22 78 16 26 3 96 46 40 35 38 31 80 15 78 34 45 85 88 97 97 71 93 47 100 59 99 54 
29 32 100 39 54 29 54 31 83 1 28 22 35 66 52 66 32 82 51 28 18 39 24 14 9 69 61 8 27 11 13 55 42 64 45 47 92 
50 29 74 50 57 96 37 74 99 2 5 32 53 84 49 91 59 63 51 27 75 10 54 37 23 60 78 86 5 77 30 54 5 3 56 13 50 
92 38 1 93 94 32 45 77 33 87 36 95 37 62 21 47 67 57 21 27 86 58 83 14 87 36 71 42 91 83 91 82 73 43 27 66 27 
23 43 59 10 78 5 98 91 25 96 58 33 16 84 70 26 66 84 12 53 54 5 96 88 96 29 60 90 55 26 16 30 20 74 39 97 78 
88 39 54 84 96 86 51 31 8 76 48 91 40 53 96 44 48 83 91 28 95 81 35 72 48 64 91 22 54 39 51 41 77 57 24 73 42 
27 3 49 2 3 91 41 55 86 37 2 21 27 29 67 7 63 38 7 78 28 80 31 66 30 72 42 86 47 66 80 25 21 80 27 23 23 
19 77 60 55 30 80 34 58 46 92 73 35 98 2 62 77 33 79 59 56 73 44 54 38 75 79 10 7 57 32 29 27 60 88 82 89 20 
15 99 17 6 23 52 56 24 65 32 8 96 90 63 68 86 69 57 12 99 19 18 55 50 98 81 10 86 14 50 57 80 48 25 38 70 28 
93 94 93 24 1 40 66 16 59 51 36 15 62 34 33 80 40 35 77 20 96 14 86 45 22 65 93 47 2 14 74 46 7 18 70 60 57 
35 27 67 37 62 82 98 95 66 29 34 52 58 5 99 23 42 44 45 7 88 43 60 1 16 6 60 86 27 71 94 13 97 61 49 58 94 
46 4 11 27 89 15 84 45 13 6 87 56 2 45 95 44 56 96 12 13 55 49 91 25 42 3 73 54 51 82 47 49 85 10 75 25 24 
10 21 36 67 59 44 69 55 38 64 11 33 27 75 39 75 66 15 69 68 87 74 71 68 21 19 4 82 93 80 5 54 1 92 20 59 35 
88 66 73 4 28 57 30 2 96 57 67 10 77 87 49 50 57 16 22 27 20 3 71 99 59 24 51 51 43 62 85 83 27 9 86 54 66 
67 55 13 75 74 74 51 12 22 53 20 90 74 46 9 29 16 59 87 39 10 37 81 23 74 63 49 82 100 2 99 67 8 63 93 33 37 
44 96 10 96 15 99 21 12 59 49 27 18 36 17 79 24 98 1 49 12 1 83 64 54 81 82 13 96 74 98 32 69 93 41 64 60 92 
37 71 50 85 50 19 72 66 97 96 15 49 44 27 49 26 90 54 59 23 67 54 96 64 37 65 8 29 80 67 20 16 90 70 1 39 88 
72 4 37 19 19 37 63 97 86 40 38 91 98 60 57 3 55 72 39 71 80 68 51 98 39 18 87 8 70 25 48 94 81 36 12 51 72 
26 47 57 66 84 100 15 95 56 70 1 28 8 72 59 27 74 56 66 43 95 25 13 71 72 6 51 7 17 1 79 95 99 87 60 82 86 
26 28 94 95 29 73 55 52 31 81 77 38 46 19 32 23 31 3 94 88 5 53 5 58 83 99 56 69 10 90 7 87 17 52 82 97 24 
36 48 6 68 24 43 66 43 27 88 25 81 33 13 37 85 69 94 19 19 50 40 28 39 46 66 7 49 47 4 72 34 51 29 54 27 23 
19 69 49 58 45 81 90 57 18 27 25 11 45 95 12 84 74 2 81 40 9 29 38 64 52 24 66 80 77 92 3 95 12 3 52 57 84 
93 65 1 19 42 63 16 36 75 99 10 76 32 1 36 60 38 99 12 61 65 43 37 8 45 83 20 48 86 28 31 31 92 83 1 85 45 
16 21 71 67 82 99 98 82 34 9 71 85 72 84 1 15 20 8 11 55 79 58 92 58 40 22 50 74 23 86 71 38 6 41 56 39 39 
5 72 25 14 43 9 37 26 9 3 97 68 14 3 47 23 95 56 63 16 57 88 90 43 58 80 48 99 35 39 89 40 10 13 5 4 21 
93 29 81 96 78 49 9 80 47 31 26 2 45 42 59 33 31 1 90 62 100 40 97 38 81 88 100 93 44 3 66 36 84 46 31 61 46 
91 92 44 22 18 46 18 11 56 50 41 8 92 55 7 83 51 97 63 90 48 8 33 50 25 68 85 22 51 45 68 41 37 11 14 6 8 
32 16 15 33 8 22 76 62 81 59 12 29 73 53 76 80 85 77 4 5 62 26 55 6 45 47 94 7 61 99 67 44 14 81 76 22 3 
52 83 83 62 47 11 34 99 38 66 36 14 21 40 75 98 46 33 94 44 78 1 4 77 67 47 42 47 75 15 1 78 50 83 39 48 45 
24 46 82 89 33 48 62 24 74 59 21 6 53 65 36 5 68 64 71 67 5 69 93 72 70 70 21 4 8 68 1 83 65 34 72 50 81 
85 73 55 43 94 12 47 58 47 3 77 10 73 43 67 94 87 38 15 56 10 18 15 77 18 98 93 4 21 42 84 5 67 90 99 60 2 
98 69 100 100 45 10 25 40 28 18 26 65 84 82 74 53 48 2 23 45 94 26 17 88 9 73 54 51 72 65 52 69 33 51 20 77 12 
44 68 39 13 94 55 48 27 80 1 74 81 23 71 27 48 39 66 8 12 19 58 83 35 9 3 67 12 74 95 75 70 63 66 82 8 20 
30 34 52 82 59 32 4 81 10 51 20 75 58 83 45 68 17 79 28 71 97 39 44 92 66 13 6 31 47 13 2 28 98 53 9 8 37 
12 41 98 14 12 73 23 94 69 90 10 100 18 80 48 8 75 39 73 88 96 55 34 60 9 61 57 13 21 17 49 32 57 47 97 20 71 
19 13 91 61 74 42 78 5 90 85 79 80 10 66 76 16 51 35 24 11 44 89 31 60 37 14 68 35 10 87 57 81 51 48 41 76 89 
18 80 30 54 58 10 15 76 85 83 26 71 58 89 14 46 71 25 35 37 44 69 46 82 78 78 32 77 18 7 17 87 38 47 93 48 56 
59 23 40 41 48 62 99 88 76 96 59 52 30 95 96 51 92 77 28 22 61 4 39 19 20 78 57 66 22 4 73 80 78 64 73 77 26 
23 65 1 18 75 52 100 21 99 50 64 76 77 85 36 32 76 54 3 53 62 21 26 65 93 5 42 57 29 19 82 51 35 34 21 9 37 
20 29 36 69 92 11 97 29 98 80 4 51 82 8 13 2 33 29 95 89 23 3 18 93 36 20 27 69 40 35 57 11 15 92 31 58 54 
27 86 51 6 89 54 40 48 18 41 80 46 87 21 20 41 90 12 76 9 38 96 1 24 53 11 38 96 42 96 50 20 33 52 78 74 5 
17 21 74 9 53 72 96 73 91 36 14 3 64 22 92 59 74 16 63 85 53 59 78 100 8 49 85 11 26 58 68 42 30 41 3 82 12 
50 6 55 85 19 57 100 93 48 59 66 15 73 2 68 31 79 19 90 28 3 1 5 12 20 99 42 60 1 23 24 50 29 78 86 99 86 
86 91 85 96 57 52 20 58 19 51 89 89 40 68 44 92 24 55 11 22 96 23 74 19 98 23 99 27 61 49 64 98 40 48 45 48 51 
64 57 69 14 45 10 6 64 53 49 88 59 12 9 55 86 83 25 83 57 75 9 17 23 72 66 62 71 10 9 22 74 66 42 39 62 3 
96 26 55 45 65 66 8 25 20 93 59 44 75 16 18 83 84 40 6 50 54 28 59 14 49 84 31 43 23 93 45 18 70 52 14 86 17 
21 10 88 13 69 31 39 84 100 73 19 91 78 68 96 6 79 10 6 62 40 48 36 84 45 6 5 96 19 90 64 92 52 51 56 20 33 
95 55 32 19 73 74 97 93 70 54 71 31 11 32 22 11 20 6 55 25 62 2 95 4 17 86 55 67 94 26 99 40 80 82 58 4 7 
6 96 76 11 66 6 22 50 28 32 69 85 38 45 98 91 39 53 7 25 7 73 18 84 23 57 15 56 66 19 62 72 14 90 82 32 47 
55 33 74 38 53 10 75 97 60 65 35 12 71 59 71 95 28 54 69 36 69 24 2 39 86 73 52 75 6 35 21 61 67 47 98 19 8 
25 15 67 89 50 31 12 60 1 58 40 6 27 75 26 2 28 64 87 52 68 13 58 2 86 70 21 84 19 39 43 43 6 62 84 7 92 
47 18 44 4 57 49 82 84 27 84 63 90 22 15 57 87 24 11 24 93 31 7 63 21 1 6 26 62 41 84 5 87 2 100 42 10 1 
24 93 27 59 56 16 32 22 25 18 45 35 41 89 65 99 51 85 52 8 63 13 48 46 70 86 99 69 28 9 69 3 53 95 13 8 63 
44 81 39 62 25 73 54 65 89 53 16 25 4 75 39 68 23 37 89 8 35 58 87 43 78 89 96 25 1 55 39 45 36 77 58 60 1 
11 77 41 15 92 17 70 18 56 38 40 92 78 100 26 35 38 21 65 27 16 89 79 22 27 75 57 55 32 69 55 95 45 95 9 88 63 
79 5 18 68 97 61 45 48 39 32 85 11 96 63 78 84 42 99 62 68 56 16 52 76 22 46 72 68 54 59 30 84 15 100 3 63 12 
48 10 50 79 47 60 26 9 37 61 2 88 74 22 95 89 73 70 62 18 41 29 23 51 10 7 65 61 61 80 73 8 89 74 38 87 34 
15 48 22 75 49 9 48 70 55 88 42 24 49 11 16 29 34 66 91 92 83 51 52 62 23 12 2 97 1 89 82 16 36 55 90 36 16 
90 6 70 29 99 94 30 10 61 58 95 27 100 38 9 51 89 22 25 100 23 21 53 11 54 68 46 9 9 82 24 98 39 45 27 89 90 
8 50 51 65 44 77 65 81 37 67 22 58 91 73 80 64 25 43 17 92 88 77 1 21 52 50 59 97 28 100 86 35 49 88 52 93 64 
68 25 52 34 46 61 76 71 41 39 95 83 8 87 22 84 39 43 36 40 53 84 68 52 21 54 53 9 5 97 72 24 21 76 9 19 36 
85 89 76 75 35 10 82 21 32 66 11 26 53 51 30 36 70 34 56 23 86 64 80 82 88 55 54 63 64 72 98 48 12 26 22 47 87 
4 19 70 21 82 47 73 84 77 8 53 10 15 27 95 79 58 28 66 13 81 80 76 5 29 75 16 6 96 14 93 51 85 62 71 66 9 
43 49 37 2 53 46 17 79 92 47 89 19 64 1 51 43 76 55 71 50 71 77 97 36 21 48 20 34 70 37 94 65 85 30 66 89 27 
34 68 70 80 8 40 43 8 91 37 35 45 8 84 67 36 32 55 56 79 74 89 49 11 83 65 47 64 30 36 91 16 55 60 47 62 100 
90 21 42 26 55 86 85 90 5 20 21 59 27 52 84 16 52 46 50 16 45 13 97 32 55 12 86 15 59 99 66 100 71 59 25 25 96 
62 14 100 33 34 10 60 85 94 27 36 91 28 3 35 40 100 66 95 11 3 61 69 53 78 68 23 36 45 47 31 58 12 83 90 98 44 
1 34 89 27 22 80 54 24 14 46 23 32 92 34 34 4 54 87 33 74 9 68 70 8 50 27 19 84 16 16 28 17 50 16 95 71 47 
49 94 61 46 69 92 89 2 77 92 7 63 24 80 24 43 49 31 44 75 1 28 43 69 7 11 18 22 5 40 69 5 85 81 50 53 24 
38 6 52 81 13 67 4 44 90 98 93 72 42 19 72 69 13 40 75 23 9 48 28 100 68 32 85 100 34 37 75 23 43 27 4 7 93 
7 50 82 5 42 5 98 13 28 66 25 20 92 100 80 91 27 80 11 10 64 10 43 52 37 66 94 63 69 100 7 27 50 40 83 43 44 
80 7 71 97 84 42 40 83 22 31 9 1 93 18 64 54 13 15 90 78 61 52 98 12 58 24 13 97 7 8 92 38 14 15 35 49 56 
74 31 77 56 91 77 48 61 92 2 73 59 91 2 19 95 99 30 4 22 43 53 80 50 96 70 15 10 56 64 66 29 46 94 37 37 23 
36 49 14 37 21 72 80 22 42 26 72 24 29 45 18 33 25 19 29 46 33 90 1 48 55 81 94 1 17 82 23 53 30 36 41 2 60 
20 75 53 97 46 76 78 90 93 10 66 11 90 11 96 80 63 43 86 44 88 86 12 69 8 64 50 96 57 51 55 28 25 7 25 22 35 
2 12 27 11 77 90 53 40 85 32 2 79 17 97 67 3 9 87 62 24 89 57 80 39 63 8 16 70 32 37 56 33 48 82 95 77 23 
47 68 7 78 21 38 47 18 56 1 26 42 62 49 82 19 29 21 81 88 36 2 19 24 57 3 24 91 97 52 13 96 19 72 25 39 9 
71 56 64 71 33 57 85 82 39 3 62 11 35 49 98 89 19 21 97 21 44 87 17 95 52 64 65 23 89 4 31 59 11 46 82 44 2 
18 77 92 72 38 2 6 86 99 46 56 20 43 76 15 29 44 62 32 8 26 54 96 81 36 6 92 81 39 87 35 56 63 26 27 100 28 
85 37 78 30 92 49 72 19 64 53 62 77 84 69 2 90 16 83 25 22 74 58 12 60 44 20 74 69 46 73 48 82 61 78 64 4 26 
87 22 41 91 83 17 27 4 19 16 19 53 92 92 26 1 56 37 44 75 10 65 72 34 64 54 46 41 69 49 67 55 70 59 46 4 76 
72 59 46 39 30 98 82 73 75 83 28 63 78 2 24 42 74 57 6 79 2 98 47 2 64 1 23 75 98 78 50 21 37 95 59 66 44 
93 38 18 75 66 80 52 19 3 46 92 11 51 70 64 100 16 65 64 69 39 90 66 16 39 39 52 85 49 69 28 41 7 97 15 24 76 
19 42 30 64 86 92 66 55 55 65 23 71 80 43 9 69 60 24 59 98 28 43 47 96 22 87 54 18 54 77 45 72 71 26 87 56 17 
52 62 71 16 36 93 48 78 53 16 38 29 75 87 56 69 33 3 91 20 57 60 25 85 5 96 55 30 82 62 47 85 76 69 52 11 14 
99 41 66 67 78 94 41 64 1 61 49 4 51 20 60 11 44 44 67 39 51 96 72 12 94 56 87 15 7 50 28 6 90 93 72 67 39 
64 82 39 24 30 42 27 49 53 89 92 97 55 82 99 2 53 10 96 60 49 62 67 98 89 24 87 33 47 5 71 62 86 10 85 68 3 
63 68 56 3 12 4 9 93 2 11 98 63 58 9 11 19 75 60 59 50 46 91 96 50 62 57 88 23 94 7 77 8 74 84 63 85 39 
71 30 40 33 79 55 42 87 17 12 14 77 70 15 74 61 11 76 74 19 63 48 64 69 24 24 94 8 86 79 46 8 60 38 41 90 44 
34 76 60 46 41 88 67 56 62 27 18 89 52 88 51 99 4 71 75 27 64 82 64 94 79 71 5 68 63 94 63 49 22 23 94 62 62 
12 69 75 91 86 63 42 74 65 93 77 87 67 55 3 100 70 48 30 92 53 98 55 98 60 55 19 34 100 33 48 11 1 22 1 87 37 
43 12 53 35 40 40 53 46 42 52 15 89 81 6 93 30 12 43 42 66 61 27 65 45 74 76 46 48 76 84 36 70 47 88 56 86 27 
8 31 20 59 97 61 92 2 53 73 66 47 14 31 60 93 48 4 18 75 1 65 2 84 52 72 30 40 79 67 18 87 97 38 97 93 98 
88 47 2 13 12 1 26 94 60 18 93 63 88 19 64 52 21 99 4 44 29 95 22 95 12 8 44 1 5 88 50 44 34 4 56 97 4 
34 43 63 3 35 77 90 54 40 94 26 39 49 69 19 43 90 13 6 98 8 7 54 96 8 49 29 11 5 78 66 90 20 80 92 6 57 
