549 30 5
56 9 26 4 88 81 84 45 3 57 12 41 90 69 69 22 22 6 13 99 65 69 11 42 70 86 75 27 35 56 
61 42 65 38 46 4 70 29 48 24 37 11 64 26 32 84 47 5 90 11 3 6 31 66 47 1 51 73 79 37 
28 39 31 44 28 76 47 97 56 46 20 44 9 84 70 40 19 68 96 8 79 98 13 9 15 11 61 18 83 39 
6 63 29 36 6 56 63 5 4 70 50 24 14 10 59 83 1 77 50 96 37 28 46 1 89 60 64 49 29 98 
88 35 60 68 70 66 24 33 22 79 2 71 2 15 33 12 49 33 41 99 29 29 78 26 29 66 37 44 67 66 
42 6 100 1 73 21 18 48 5 39 27 7 62 80 73 94 92 74 78 32 24 58 60 1 83 40 19 20 84 37 
85 77 42 36 29 14 56 47 14 13 37 40 19 50 71 43 95 62 16 73 45 91 30 56 44 13 48 62 84 31 
98 68 7 91 55 87 56 62 33 69 74 22 60 44 23 31 39 18 92 6 90 89 97 71 44 40 83 91 53 18 
73 2 85 31 92 91 18 47 53 2 68 78 75 27 22 98 57 60 15 1 65 56 89 13 26 84 52 61 27 4 
78 99 5 15 30 96 5 99 95 9 100 62 87 75 40 60 24 97 71 38 49 35 93 89 48 70 24 51 30 50 
55 8 49 59 22 30 7 26 80 53 87 31 66 25 57 5 84 80 53 54 17 1 40 61 41 39 31 65 90 60 
14 44 19 14 54 40 95 12 18 74 16 4 5 81 80 61 86 63 41 38 68 9 91 7 22 31 46 52 47 35 
63 61 30 82 26 35 73 21 47 90 94 62 45 98 95 24 11 80 38 3 69 5 11 59 12 32 42 9 35 88 
95 50 100 24 31 26 58 55 46 56 97 39 70 41 89 64 17 51 43 6 53 11 11 63 22 74 47 63 82 33 
2 28 82 2 51 64 27 60 19 72 16 15 62 37 7 2 100 75 4 94 81 56 56 43 71 77 16 17 91 49 
1 93 76 83 94 78 46 20 37 64 43 4 30 56 40 89 58 39 63 61 84 95 69 40 37 39 16 4 7 7 
4 7 99 31 89 44 8 87 15 97 2 57 52 32 12 92 20 21 82 34 34 66 29 2 5 65 40 72 21 98 
78 24 4 28 55 45 23 14 31 37 10 32 93 62 15 57 5 86 77 38 20 10 3 100 63 59 64 54 31 84 
51 60 60 55 40 14 51 14 27 81 51 89 64 95 2 31 51 58 16 80 95 87 41 50 86 4 8 2 57 90 
37 8 2 96 14 93 61 64 6 40 96 56 80 59 51 81 89 53 38 57 32 84 43 73 33 29 28 41 82 84 
82 18 43 83 66 56 27 26 71 33 65 66 40 44 77 90 76 17 95 65 73 26 49 68 50 81 48 77 73 29 
61 7 98 55 41 63 11 68 89 81 52 5 99 91 1 27 33 28 43 27 93 68 4 93 87 54 25 34 30 50 
14 42 56 11 97 48 26 59 15 66 91 66 22 41 9 22 67 41 50 62 67 94 29 70 38 67 23 62 100 5 
11 65 98 18 27 46 66 52 56 32 69 47 50 91 87 58 64 6 98 65 67 16 58 95 85 95 61 60 9 12 
16 71 28 65 89 54 11 6 58 18 89 26 16 90 68 3 47 32 8 96 96 26 63 6 20 48 52 32 59 12 
95 74 83 22 38 23 27 100 28 84 18 68 62 33 58 29 87 56 12 46 4 60 71 66 65 42 65 68 25 23 
80 71 48 62 44 86 84 71 37 63 6 6 30 19 91 39 100 29 95 11 27 98 70 49 15 86 43 80 54 67 
2 85 90 2 46 33 39 81 55 75 43 61 33 24 79 23 63 30 3 57 41 29 6 62 78 20 100 20 51 5 
38 5 89 27 6 86 60 44 66 66 70 60 26 2 83 57 24 97 86 79 5 78 7 10 92 84 82 43 55 84 
47 93 88 35 71 45 72 82 88 37 48 10 48 73 11 82 81 87 79 19 65 83 48 71 45 39 7 78 81 61 
61 79 5 1 65 76 45 36 57 85 24 4 94 71 29 56 53 61 42 83 79 6 65 27 29 61 17 87 38 50 
99 51 28 4 3 45 31 99 80 87 83 56 43 28 78 23 36 82 83 77 64 62 35 81 40 15 41 56 1 31 
5 99 33 85 54 35 29 84 33 60 71 68 15 65 47 93 87 82 74 69 11 38 82 97 70 21 11 10 29 63 
92 33 61 76 69 67 10 97 50 95 9 72 14 23 36 12 15 74 46 41 95 56 30 76 4 99 49 14 60 77 
28 52 61 40 27 82 6 89 78 56 35 38 27 48 61 15 11 27 88 56 67 82 63 48 10 66 46 10 79 6 
38 6 9 98 46 35 79 51 75 9 58 9 46 85 8 58 99 19 37 38 74 55 72 37 3 33 2 48 42 33 
53 79 90 61 28 87 48 59 90 74 67 47 83 64 83 42 74 81 60 10 71 86 64 42 22 18 74 75 66 15 
59 70 45 49 83 72 87 82 30 76 55 48 75 89 64 57 31 37 90 42 46 60 27 61 1 100 79 74 27 96 
40 85 17 84 85 99 7 72 32 89 99 39 36 73 27 99 82 9 87 71 51 84 30 77 45 82 29 75 7 55 
22 98 39 38 33 24 89 39 47 20 79 45 58 15 18 85 65 99 45 4 21 95 87 2 24 83 83 52 57 41 
6 78 38 44 68 70 19 56 8 65 75 87 10 85 53 79 21 69 29 65 72 1 60 11 2 83 93 84 34 2 
24 39 79 13 34 98 82 53 53 41 69 28 79 30 12 31 60 32 52 88 48 75 88 7 37 89 89 30 24 74 
31 99 12 61 11 98 59 92 2 11 33 70 90 11 100 53 94 59 36 97 99 84 23 38 42 60 79 31 89 54 
56 71 53 68 83 15 17 41 59 18 4 43 39 45 5 90 50 98 1 37 46 99 20 69 88 62 80 66 44 20 
20 99 90 24 18 24 38 86 17 48 3 20 90 94 16 95 83 65 44 83 2 90 33 73 10 21 86 89 38 81 
60 9 80 1 32 49 24 22 35 40 69 89 11 11 82 27 5 17 43 48 99 96 89 84 69 98 4 6 38 93 
87 97 2 18 49 33 18 73 6 52 12 27 93 75 37 26 1 41 42 95 40 41 91 29 76 11 78 79 16 68 
71 54 16 24 71 65 9 89 89 14 92 52 92 36 26 28 62 78 20 3 73 12 95 15 40 70 25 69 100 40 
88 23 94 4 46 16 20 54 4 8 20 48 59 11 83 85 39 44 62 10 99 86 21 45 100 12 15 76 33 66 
68 20 88 61 75 34 28 94 39 84 1 58 31 12 69 65 96 59 61 9 20 59 47 93 3 98 4 69 74 88 
35 41 8 22 53 82 7 80 28 46 63 28 55 45 91 75 62 38 85 22 47 5 32 45 97 34 42 52 55 15 
40 89 55 47 62 59 80 69 39 7 66 53 87 72 50 77 47 11 15 31 32 13 87 15 57 83 48 50 87 54 
17 26 42 71 24 4 30 3 24 20 62 41 72 100 12 73 28 10 83 42 41 66 6 27 80 14 62 80 64 48 
33 80 25 27 2 48 82 83 2 57 54 15 97 78 14 60 50 42 70 85 35 10 50 93 88 82 6 1 13 21 
100 45 52 24 71 6 23 4 40 77 60 94 91 56 71 5 16 20 98 85 56 32 46 6 76 85 39 82 86 51 
54 85 47 6 61 70 63 35 73 2 11 33 95 2 40 65 58 55 37 7 91 92 90 88 49 66 73 39 47 58 
89 100 94 88 57 6 57 19 41 81 21 51 13 15 4 5 32 61 11 20 67 2 11 9 89 12 74 13 50 20 
70 91 71 16 78 80 21 86 98 13 66 70 64 31 37 19 87 68 32 97 87 50 98 49 58 39 60 31 51 10 
2 73 100 73 40 29 4 12 66 1 25 31 71 40 13 59 58 99 26 89 96 64 39 45 12 96 35 24 79 38 
33 80 10 84 4 1 64 7 12 29 8 36 11 30 75 76 88 33 74 65 73 21 80 63 18 91 59 4 66 37 
41 98 68 2 33 72 2 96 78 14 24 85 1 87 66 76 62 5 60 87 21 84 8 100 47 77 43 5 80 8 
93 21 58 60 74 90 31 76 38 9 41 13 45 41 99 63 16 60 19 27 47 40 11 6 39 57 34 33 13 65 
41 57 85 98 68 11 39 99 86 76 59 26 41 55 66 39 69 34 51 88 12 49 27 22 6 17 30 39 50 42 
3 42 50 40 39 18 50 29 68 87 5 78 12 45 32 29 35 1 14 85 40 26 85 18 47 90 34 29 80 35 
22 35 76 72 74 66 89 75 47 56 61 51 85 24 47 16 4 33 68 18 70 59 95 54 76 93 44 62 21 23 
96 43 57 24 14 82 41 54 8 87 61 20 89 45 95 87 12 99 20 32 68 41 90 14 94 66 6 89 79 79 
12 26 21 20 49 86 54 42 91 61 80 51 33 21 47 27 7 58 77 78 89 96 18 31 9 64 48 15 52 26 
45 15 51 65 87 52 2 40 93 92 52 24 42 84 44 40 11 3 97 87 32 38 83 2 20 43 65 67 9 68 
92 53 83 42 17 69 45 70 60 89 61 11 13 54 95 56 93 57 10 42 95 42 79 29 95 98 72 59 16 80 
26 7 85 60 100 53 28 97 23 87 85 83 50 97 89 44 5 81 52 66 74 46 7 4 75 1 53 98 11 68 
29 89 26 13 48 26 66 28 22 88 14 58 22 15 55 62 10 11 43 61 76 16 7 35 20 33 35 24 82 98 
92 10 86 17 23 33 94 40 60 67 79 26 25 52 40 31 14 50 41 56 62 16 23 20 2 94 52 37 18 33 
86 61 95 71 77 17 55 71 8 67 89 86 44 13 37 83 43 50 84 35 57 98 3 32 17 4 77 21 92 94 
5 77 54 99 47 83 67 54 5 74 20 93 11 63 58 100 97 52 49 33 87 58 30 89 89 98 44 65 18 36 
11 23 12 16 73 11 50 92 64 54 65 35 99 28 97 8 27 45 59 27 77 45 84 58 85 24 56 29 41 25 
16 3 99 79 70 72 89 20 63 4 25 79 90 75 58 86 82 84 83 41 63 59 37 98 69 22 74 24 2 14 
48 69 68 99 47 37 70 88 8 84 43 85 14 33 59 72 18 41 7 52 33 21 11 69 19 79 42 92 54 95 
57 53 63 76 51 62 64 72 49 72 55 91 8 21 23 66 92 93 58 50 44 90 71 6 11 41 36 52 32 89 
47 40 94 61 15 44 22 78 16 70 1 22 13 8 42 87 26 85 79 83 87 75 25 57 32 35 97 68 86 80 
8 84 19 1 45 85 97 18 62 64 40 63 85 52 22 27 90 47 63 21 82 49 95 6 57 26 40 53 45 77 
84 5 13 2 5 57 86 53 26 100 16 65 14 1 68 87 79 58 34 41 78 67 42 24 24 98 1 15 3 46 
91 38 50 3 92 6 11 29 59 37 28 74 53 93 26 73 80 4 30 65 97 59 31 90 82 54 87 82 68 41 
79 10 79 80 65 70 38 75 98 96 63 78 21 68 70 47 40 49 2 69 13 50 27 95 39 60 48 78 93 67 
18 72 77 48 3 41 17 40 67 67 87 30 44 8 49 13 6 88 62 59 8 26 9 86 21 99 45 20 76 37 
87 94 60 15 41 63 7 10 54 73 76 41 54 19 100 2 83 5 41 96 15 48 22 23 33 94 22 77 13 97 
66 51 42 77 17 35 91 23 96 45 48 71 85 1 41 36 55 75 40 95 71 54 95 92 29 27 85 2 4 49 
50 21 100 44 97 16 78 88 91 25 84 38 47 20 90 39 55 96 13 94 43 83 99 37 74 79 63 10 80 18 
59 30 38 10 25 87 77 54 74 67 78 9 56 24 28 46 62 82 41 26 27 83 9 77 19 34 56 34 44 87 
51 54 68 89 15 92 27 43 45 100 10 22 8 65 97 87 62 10 68 55 36 94 37 44 70 8 77 77 41 72 
64 91 77 31 31 43 23 57 86 19 8 95 41 67 11 89 53 25 99 20 79 86 65 67 81 87 74 9 63 14 
81 78 57 9 9 87 52 83 44 37 1 3 83 93 70 45 34 22 69 32 94 99 69 10 66 49 96 39 57 11 
5 89 40 61 98 100 47 49 82 42 37 35 45 19 79 66 15 12 39 84 95 84 82 63 94 47 63 41 38 20 
3 42 8 43 2 5 42 100 5 76 42 93 62 38 11 92 55 26 56 93 61 50 77 94 65 22 93 27 14 30 
46 17 71 6 11 72 10 4 23 67 31 16 59 92 53 22 36 59 99 91 52 59 40 80 4 56 53 96 83 66 
25 80 34 47 85 44 70 47 100 93 65 30 8 23 22 13 96 57 71 94 47 74 4 38 5 8 94 57 55 28 
75 32 59 8 78 44 4 100 42 3 92 6 32 51 28 5 63 24 13 86 69 11 11 73 1 16 80 46 24 86 
73 98 17 31 58 95 26 61 94 67 15 37 72 46 87 52 3 2 75 15 39 95 78 49 67 78 64 98 23 40 
84 47 37 100 77 94 46 55 6 39 21 20 27 93 18 14 96 20 67 22 86 5 16 15 53 83 92 69 80 66 
8 15 12 96 15 41 42 60 95 47 51 15 19 77 59 36 42 54 7 8 75 92 64 43 7 69 25 50 89 56 
16 96 71 27 43 37 19 84 48 13 31 50 80 1 27 38 36 20 44 42 80 70 85 43 12 43 63 88 45 51 
44 60 98 66 38 41 54 57 24 53 21 6 3 100 6 81 90 93 100 85 86 31 54 23 74 18 65 88 5 61 
39 100 20 36 17 10 76 22 18 52 75 90 9 29 90 67 9 31 59 60 15 45 91 20 67 16 37 83 55 94 
44 93 45 15 81 14 24 56 35 93 59 61 83 68 89 24 34 49 54 44 61 68 88 3 87 6 70 76 89 24 
69 84 17 65 98 97 78 74 4 13 66 15 25 100 34 66 23 67 14 76 62 26 95 50 28 34 7 97 9 95 
21 77 78 89 93 28 37 71 1 92 83 66 6 59 18 39 24 92 57 90 68 19 15 14 68 43 47 74 91 55 
21 63 83 50 3 76 77 39 46 77 31 80 95 36 38 64 75 14 55 31 3 22 49 17 88 68 11 34 94 2 
41 66 16 23 15 19 50 44 57 47 20 87 78 66 75 68 29 1 81 84 83 83 57 84 99 44 3 62 30 96 
63 70 13 78 44 80 96 46 23 5 92 94 43 70 12 69 37 40 69 17 75 4 51 32 87 49 27 89 10 8 
37 24 77 1 54 73 80 1 18 54 5 9 48 100 30 59 68 66 50 89 34 25 92 84 8 78 85 34 18 46 
42 6 70 70 7 75 42 38 75 11 92 32 20 39 31 1 49 50 67 98 38 52 74 29 36 81 58 20 15 28 
65 8 33 86 77 91 60 71 81 87 81 72 18 52 62 100 53 62 49 71 59 87 22 33 67 9 13 25 28 79 
4 45 38 88 82 67 31 94 37 11 80 69 34 49 73 95 48 77 8 48 99 66 34 20 50 53 81 15 29 60 
45 32 4 83 19 38 49 49 31 37 59 10 5 92 10 29 38 57 5 45 4 3 63 90 75 64 94 55 78 22 
14 75 53 70 57 71 7 5 72 37 93 30 98 97 74 7 26 63 15 82 60 70 85 22 11 59 37 4 65 15 
25 78 41 77 47 97 100 53 53 71 41 45 52 38 93 25 96 70 40 10 52 99 32 88 72 42 98 8 46 62 
74 22 39 14 99 38 10 50 90 14 20 83 10 71 72 3 48 68 24 87 29 75 37 60 14 8 54 11 15 51 
72 89 72 11 54 22 100 16 71 41 29 42 23 39 13 95 93 12 14 16 98 42 43 34 54 56 93 59 67 7 
9 38 47 32 100 1 6 99 16 28 40 96 70 14 86 34 8 78 45 21 94 94 15 36 79 20 91 71 78 9 
29 38 47 76 69 98 28 74 97 95 2 88 42 23 53 28 56 61 5 52 33 50 45 99 85 75 18 28 45 47 
88 73 84 34 100 53 32 79 78 80 73 31 19 15 53 71 94 60 83 98 11 68 48 7 18 84 81 36 63 77 
82 51 50 18 36 1 70 19 80 99 50 4 30 20 70 34 43 63 94 77 13 56 44 12 15 14 47 47 49 62 
24 82 12 25 51 99 25 20 70 56 71 19 60 100 91 29 33 33 44 78 9 56 34 5 67 48 18 13 94 18 
74 69 51 37 93 2 88 70 73 57 25 43 27 84 94 17 65 79 1 8 56 62 15 89 18 81 88 87 45 34 
56 19 2 6 7 95 59 46 64 84 2 40 78 81 76 24 49 40 2 50 99 57 63 13 98 80 45 37 66 89 
70 73 59 72 78 66 66 89 63 81 24 65 72 1 45 47 24 45 38 77 94 88 86 8 100 35 39 44 71 56 
85 41 28 43 64 58 60 81 46 23 13 21 39 84 73 35 31 97 79 20 25 25 8 10 32 59 44 71 3 67 
26 39 59 6 81 22 63 93 2 8 15 66 80 5 49 52 39 31 100 17 51 25 41 58 86 25 68 82 47 70 
48 24 60 58 29 41 79 91 33 32 50 99 97 29 3 45 81 41 28 80 9 78 56 2 87 42 26 54 23 24 
76 22 47 35 79 76 27 9 66 11 40 68 61 88 96 63 84 28 55 11 60 16 40 15 17 26 8 94 32 30 
17 59 3 15 45 33 90 72 41 8 34 32 75 95 19 22 9 3 2 16 65 61 31 5 27 99 82 35 92 65 
16 60 23 19 74 68 51 16 91 92 23 24 23 49 70 94 22 79 48 23 94 12 35 76 68 62 74 2 96 17 
66 11 76 41 81 1 60 32 16 50 75 90 25 49 38 95 94 12 25 41 86 70 5 21 45 72 82 18 73 77 
86 91 39 61 31 20 61 90 51 29 91 77 18 15 77 8 61 71 19 37 11 4 6 15 24 50 39 5 19 11 
33 4 1 72 64 83 91 77 72 93 5 14 69 22 81 97 81 41 67 99 78 30 55 83 96 78 85 34 35 3 
97 67 7 49 38 22 84 80 98 55 72 54 21 92 28 1 89 8 41 7 59 70 88 13 5 84 90 89 69 76 
91 17 43 49 18 32 71 1 64 20 7 35 26 27 79 53 27 19 12 20 77 70 41 65 82 45 100 24 33 68 
99 76 37 41 24 6 25 46 6 88 66 64 74 91 43 52 95 69 22 6 40 99 76 81 63 9 25 62 32 10 
81 31 85 17 71 60 22 47 6 79 34 23 95 8 13 37 11 59 57 33 64 97 31 91 29 93 100 53 6 31 
14 86 61 50 55 84 10 28 30 67 59 16 89 53 23 53 89 85 11 97 17 26 93 47 17 21 91 68 26 96 
98 39 34 11 41 40 94 50 19 75 68 77 90 56 81 64 60 69 49 22 66 65 47 10 12 15 83 54 82 8 
2 80 98 87 90 38 26 35 39 96 9 6 73 99 13 53 62 72 74 10 93 91 27 92 52 90 6 34 43 40 
93 96 71 43 82 12 80 59 46 71 55 6 28 79 4 41 83 18 64 8 79 9 50 5 100 2 94 57 35 89 
96 28 84 66 22 18 77 53 76 74 23 82 80 51 12 35 43 95 52 6 54 83 14 4 87 65 5 33 22 91 
73 69 70 56 35 91 25 63 44 1 37 18 34 16 68 46 50 62 92 54 68 45 36 33 100 74 98 56 58 71 
47 30 39 68 38 25 59 14 88 54 14 76 71 100 43 91 45 44 52 88 49 19 84 84 4 84 10 1 91 19 
23 37 1 61 5 90 38 15 3 77 68 69 52 38 68 46 80 64 89 32 51 38 2 86 73 5 21 34 5 12 
53 79 100 53 92 56 42 29 70 44 5 89 12 8 79 31 53 58 94 93 89 96 82 91 82 55 47 2 88 4 
65 92 82 65 96 73 72 37 1 42 33 57 82 96 64 12 27 68 70 72 61 10 68 42 52 1 48 99 54 88 
2 19 79 83 35 75 56 6 63 8 99 47 65 81 43 80 92 21 48 13 92 8 23 59 1 26 59 49 24 65 
36 77 83 66 60 69 92 67 74 55 26 73 1 42 5 95 22 48 15 69 61 59 28 35 17 80 60 28 28 36 
92 15 12 26 33 23 94 24 41 19 78 67 91 31 8 47 77 81 95 44 49 55 2 28 41 18 8 100 97 87 
35 40 54 99 17 86 21 10 9 14 29 39 80 71 21 39 70 49 72 64 92 72 70 93 100 10 63 59 61 11 
97 96 51 50 46 67 35 66 29 96 79 9 86 10 31 58 1 100 6 72 15 98 43 84 42 94 93 4 52 54 
67 49 1 17 50 98 35 37 63 15 32 94 75 69 55 6 26 7 57 31 78 72 80 73 55 22 18 100 77 70 
5 43 70 57 11 19 54 98 55 68 12 38 13 39 6 20 44 83 26 52 14 56 23 45 80 30 18 97 29 47 
66 85 41 87 41 4 6 46 1 12 13 64 50 26 2 7 45 97 90 22 49 55 77 71 51 56 52 69 53 32 
67 70 16 7 57 8 10 14 53 62 77 18 26 78 95 79 85 91 76 26 12 76 80 89 46 30 96 50 50 100 
81 16 70 97 75 78 56 36 43 9 98 19 78 75 97 72 5 33 62 80 58 73 7 89 13 53 70 61 2 20 
60 34 87 81 30 13 58 86 49 52 46 46 71 23 72 19 46 76 51 7 8 8 31 14 96 44 18 17 4 71 
36 63 5 75 96 34 87 53 71 87 57 68 32 27 42 3 45 87 31 47 93 38 6 24 51 53 19 69 69 22 
39 57 36 43 31 31 29 69 36 99 56 44 19 39 70 60 94 66 99 24 64 91 61 69 66 11 21 36 79 89 
9 18 45 45 12 27 27 40 96 14 91 3 57 9 41 78 20 34 95 18 9 58 61 69 26 26 80 46 14 10 
35 22 79 31 66 91 58 45 30 53 10 20 7 19 80 47 48 100 33 43 17 41 52 29 62 78 55 41 23 68 
2 9 41 81 40 59 71 97 3 52 1 64 24 7 34 3 5 82 54 37 76 71 30 27 99 91 4 5 83 79 
24 84 39 65 16 30 23 38 78 77 90 78 92 13 36 26 67 41 59 21 29 34 43 58 60 93 100 16 98 82 
46 73 18 84 89 33 14 63 71 91 91 12 21 83 76 8 60 42 48 70 62 29 3 4 38 14 97 38 81 46 
71 26 70 40 62 11 25 75 73 47 17 16 58 89 50 33 97 9 26 96 78 88 24 32 43 14 97 91 3 78 
88 73 3 58 65 16 20 89 42 44 35 11 59 44 99 8 28 47 68 53 43 97 92 18 28 87 31 25 29 33 
54 17 58 8 26 22 24 45 62 65 88 48 75 99 91 26 6 70 72 26 74 66 22 18 84 2 56 66 26 84 
51 31 100 8 38 77 81 13 73 94 30 13 41 56 11 83 81 68 4 5 93 77 70 15 46 5 16 1 71 93 
85 21 75 36 80 64 13 12 77 37 5 58 49 97 13 59 79 94 79 82 98 71 10 19 37 56 24 4 8 94 
48 44 66 22 80 97 86 44 8 14 80 12 71 29 8 83 39 38 28 17 71 77 40 80 96 76 87 19 32 95 
64 79 38 29 1 69 25 38 12 84 3 44 47 73 72 54 7 62 43 87 79 13 63 18 92 10 45 31 28 76 
25 43 55 14 23 7 83 99 96 46 82 98 89 28 22 12 33 28 74 75 14 4 87 29 73 31 38 69 61 18 
97 37 60 51 2 83 9 36 33 4 82 15 53 22 42 74 86 27 53 59 1 19 14 40 47 38 70 36 6 82 
53 2 70 65 4 23 99 64 59 31 19 92 45 71 13 39 44 98 65 97 8 17 67 73 56 13 10 77 48 68 
10 53 21 79 17 25 54 15 40 12 97 59 55 42 29 67 32 25 17 96 73 76 12 39 1 20 3 62 96 2 
29 6 54 50 36 22 26 89 36 65 52 33 75 6 26 56 25 9 80 93 4 4 68 67 94 20 38 96 82 34 
49 10 39 3 11 26 24 36 15 12 53 66 96 27 72 21 82 96 81 13 40 36 68 7 2 61 79 92 8 60 
25 57 21 15 11 32 40 34 19 54 45 23 72 92 2 95 64 83 42 44 48 81 79 15 39 33 28 17 24 87 
76 48 43 49 14 53 32 53 39 50 59 35 25 30 27 26 76 90 60 17 34 59 97 12 74 35 96 53 4 19 
39 79 18 34 79 31 86 10 36 76 12 94 11 36 75 37 13 50 26 24 18 11 83 14 75 8 100 70 60 3 
89 50 34 58 83 12 89 69 22 76 44 85 69 6 20 95 42 84 96 20 7 13 30 89 26 4 48 25 26 7 
28 66 9 13 23 91 24 63 11 97 38 7 81 58 12 52 52 54 35 47 25 42 11 54 82 36 10 30 13 87 
88 92 52 96 4 74 87 27 89 49 76 78 55 56 36 67 8 39 72 42 38 96 35 48 1 69 36 10 50 48 
96 89 39 99 85 94 25 23 72 13 23 47 90 78 3 77 44 62 68 67 55 5 62 42 52 62 10 87 24 11 
86 71 99 76 22 35 69 46 9 41 58 32 39 99 9 93 28 4 54 95 70 61 51 83 2 54 44 63 41 19 
73 78 42 71 54 63 6 74 8 14 66 17 45 5 67 5 49 46 8 3 40 29 15 42 11 16 96 7 78 88 
77 50 65 18 72 18 32 77 44 91 43 9 59 39 13 26 96 62 23 3 16 15 84 30 56 46 97 51 52 74 
38 81 75 3 50 46 72 82 75 15 72 69 24 83 7 88 60 2 1 82 57 68 96 92 49 52 37 45 54 89 
70 92 69 96 46 18 94 69 51 68 36 75 88 11 57 94 98 16 48 51 49 56 18 45 47 67 48 83 63 53 
23 85 96 91 80 93 61 73 62 63 92 97 37 31 7 45 25 56 12 24 6 61 79 76 57 25 94 4 59 56 
8 82 40 4 24 72 96 36 96 57 99 40 5 87 70 63 32 46 19 43 69 76 55 99 3 11 75 96 66 34 
4 74 67 43 77 90 66 72 26 14 81 76 53 85 62 22 100 45 68 70 40 88 45 94 39 48 57 13 95 22 
46 98 95 12 93 23 54 58 95 31 71 27 6 75 63 19 97 62 16 16 31 55 55 28 100 93 27 8 6 21 
30 3 19 76 67 11 99 20 20 45 2 43 71 7 17 33 77 65 47 92 80 29 98 87 56 98 79 34 5 36 
55 86 91 25 62 57 87 12 28 6 56 29 100 78 87 17 62 63 81 8 55 13 37 4 51 44 1 81 78 58 
17 32 43 7 8 56 15 94 67 94 51 22 22 51 99 60 19 13 74 51 20 28 63 8 32 65 52 84 46 29 
93 62 12 88 20 19 43 86 64 62 79 14 35 52 64 86 11 82 98 84 33 17 64 47 25 47 12 28 82 9 
56 75 22 19 62 93 89 56 78 52 17 56 65 52 7 81 37 69 62 34 52 46 2 15 45 26 13 8 5 95 
16 12 21 37 30 82 29 70 89 6 21 6 13 38 9 19 18 45 87 31 30 90 77 31 57 73 9 69 80 13 
15 95 25 35 83 54 16 63 24 5 20 96 62 32 33 70 2 2 66 40 33 95 81 61 25 37 33 33 58 12 
46 72 58 22 7 40 27 74 2 2 30 73 98 91 4 82 12 57 84 77 48 16 71 28 28 96 65 60 80 22 
71 77 93 80 98 51 19 25 25 72 78 54 96 75 97 99 57 8 7 92 85 54 59 55 33 86 2 97 45 34 
70 67 62 15 46 12 65 16 88 41 39 65 47 34 40 43 84 48 50 90 39 34 95 49 41 27 34 94 76 30 
27 97 96 89 11 93 52 28 8 39 20 46 3 66 31 42 8 14 41 58 55 31 43 49 79 35 27 12 29 54 
41 7 51 88 47 13 80 98 92 39 36 12 36 39 77 66 32 37 79 25 46 33 55 40 33 34 75 12 97 55 
65 90 13 15 77 60 80 9 9 23 47 97 34 83 87 63 100 70 51 79 94 96 63 49 35 48 34 61 59 82 
15 23 71 80 90 100 91 21 8 99 43 6 47 77 40 33 91 40 3 41 70 96 88 84 96 22 31 29 35 89 
11 1 64 33 80 53 32 70 73 91 21 67 49 67 43 88 100 85 79 2 25 100 49 12 84 45 86 66 25 20 
55 87 72 70 20 52 22 3 21 46 94 41 12 94 60 7 81 59 43 12 12 68 11 60 31 46 56 68 12 33 
39 18 19 11 87 90 62 60 93 34 57 38 27 20 31 86 78 63 96 21 26 7 40 89 18 22 34 26 42 97 
58 80 66 28 90 4 18 3 15 62 89 23 51 67 43 81 4 72 95 99 44 21 57 83 9 26 57 94 51 98 
91 60 77 8 88 19 12 57 73 78 18 13 1 68 31 95 100 34 66 46 84 10 66 92 44 26 18 100 20 20 
97 62 32 26 21 19 96 32 27 20 10 44 85 62 63 15 56 14 1 21 11 84 30 29 28 26 54 97 25 25 
16 74 38 47 51 59 17 98 42 43 17 3 38 53 64 52 68 19 17 68 40 28 3 21 56 82 46 61 78 23 
86 46 96 23 44 98 33 61 95 75 55 63 77 45 16 41 48 83 59 65 2 98 92 56 19 99 38 16 59 15 
38 96 60 85 19 4 82 51 16 76 77 22 39 54 18 54 94 66 88 4 30 89 2 73 44 72 71 33 39 81 
48 77 77 59 61 47 14 43 49 29 18 26 3 8 79 20 61 24 85 100 27 66 88 80 38 84 3 60 16 42 
41 15 18 69 74 30 15 87 72 63 68 42 40 70 1 70 41 14 93 26 13 72 43 53 3 81 88 6 40 55 
47 32 70 16 100 95 45 14 81 69 29 100 62 68 21 62 38 62 27 82 39 40 53 81 92 8 13 79 13 5 
85 59 36 54 26 36 48 70 1 81 90 29 80 3 49 1 17 86 14 43 19 4 82 24 84 25 31 49 55 43 
53 40 53 88 93 78 75 93 99 76 73 89 56 4 43 4 56 59 41 69 2 60 24 83 83 8 60 65 8 14 
7 60 53 59 99 98 88 74 90 86 1 14 26 8 17 69 12 73 27 4 93 80 15 17 63 49 76 22 13 83 
87 19 94 40 29 92 37 68 65 78 6 17 91 31 25 59 51 88 83 30 91 76 9 58 44 23 6 71 96 19 
5 83 89 98 74 70 89 10 37 6 39 42 22 29 25 98 87 75 85 70 56 28 97 17 85 92 39 42 62 87 
60 66 69 1 15 42 70 3 3 58 60 41 100 34 21 24 31 59 50 68 80 58 95 76 74 31 19 64 72 80 
2 84 97 70 36 11 63 5 14 17 62 25 9 13 10 81 88 41 40 90 60 19 47 54 47 72 36 65 35 59 
97 37 94 93 58 29 4 73 85 69 41 99 93 2 11 3 82 99 95 21 40 54 92 86 59 90 9 46 6 43 
4 2 31 50 95 41 78 50 65 63 18 57 61 62 58 23 16 40 73 10 12 12 15 55 49 25 44 57 70 50 
52 26 3 34 75 97 26 52 46 90 66 15 99 78 77 56 1 92 47 25 54 11 89 68 65 37 93 61 94 62 
62 97 39 64 30 13 13 56 17 10 97 82 25 95 60 53 3 12 44 49 36 97 59 24 17 76 13 9 36 58 
22 97 54 61 12 35 25 24 42 41 34 39 23 10 85 34 62 39 45 5 88 32 54 98 8 70 25 72 30 60 
29 51 8 34 63 72 68 88 95 10 80 80 100 2 41 84 87 2 23 83 59 62 67 64 11 74 85 36 97 14 
47 25 16 7 58 79 30 25 18 76 86 97 8 85 51 48 21 37 2 95 20 60 56 86 75 18 11 59 5 7 
72 4 83 39 62 40 17 91 16 86 66 2 35 73 86 85 73 6 73 74 100 92 85 7 29 59 77 91 69 33 
97 92 36 79 30 49 70 47 91 86 84 9 39 18 33 24 2 5 82 75 78 33 18 14 92 99 72 68 89 92 
100 38 83 88 68 13 88 38 11 79 75 94 87 65 12 19 40 65 24 21 91 53 6 61 67 97 59 90 64 99 
82 15 36 64 54 56 76 42 45 86 20 19 32 6 35 95 76 74 11 99 95 54 4 52 14 70 48 24 59 63 
74 40 29 10 56 83 17 31 24 61 69 95 79 100 52 13 46 27 38 56 78 84 9 81 35 74 50 82 97 60 
44 23 52 73 84 7 7 100 89 30 60 9 76 90 60 27 54 5 5 91 61 82 75 21 62 9 95 63 91 43 
23 86 65 74 10 48 32 16 47 20 97 58 29 72 47 88 50 100 93 55 43 5 36 17 25 50 25 71 12 67 
14 86 5 30 59 66 78 90 82 76 62 30 34 90 54 32 29 3 84 21 9 26 77 97 42 54 46 18 24 9 
37 89 95 93 19 5 58 48 47 39 23 8 21 8 49 74 92 77 28 75 50 37 100 78 85 93 31 30 62 55 
90 98 95 84 90 13 41 100 60 87 38 35 46 10 94 46 83 85 22 63 11 23 51 62 53 35 54 83 16 16 
89 5 65 84 41 7 96 81 6 8 19 95 42 64 5 87 9 39 24 82 1 34 57 51 96 9 37 1 43 52 
16 32 57 33 67 97 91 62 29 48 21 47 94 14 62 50 1 22 41 24 3 41 9 11 44 4 71 80 5 14 
84 72 45 40 56 11 88 98 24 68 45 97 66 91 10 27 40 62 48 80 85 2 73 46 65 68 49 35 99 5 
48 82 29 44 73 36 6 12 34 30 79 30 78 44 20 87 70 12 49 69 91 85 23 15 30 87 82 31 21 81 
87 69 14 67 64 87 3 70 98 36 51 29 65 28 72 85 14 94 96 14 62 38 51 36 5 32 22 86 14 43 
18 1 63 32 67 26 70 69 47 67 56 97 47 21 24 19 57 90 12 4 55 25 93 5 61 97 89 34 83 2 
76 52 54 90 35 21 16 4 41 62 23 97 11 69 69 86 39 77 75 2 80 82 27 24 38 39 21 26 72 55 
28 100 6 81 89 93 53 56 48 46 70 70 94 80 91 62 65 29 90 92 83 21 25 61 44 62 99 64 88 22 
18 67 21 76 99 62 68 52 69 67 97 38 37 42 69 79 55 86 59 44 77 41 64 53 1 7 14 51 71 53 
25 40 19 97 67 18 58 86 21 27 53 69 16 41 10 85 19 64 70 29 59 98 70 22 50 22 28 15 25 50 
68 49 42 38 45 8 7 3 94 27 81 46 47 96 86 8 32 56 23 1 84 81 50 5 2 51 79 82 66 3 
31 33 51 72 22 47 32 29 49 25 7 81 22 6 29 59 13 60 66 36 13 1 16 14 58 70 65 36 51 30 
90 81 14 92 5 87 38 88 15 39 64 74 19 85 79 99 95 43 59 60 78 23 12 46 36 69 15 52 56 65 
33 45 97 98 36 53 85 74 92 51 12 55 24 82 91 54 81 85 49 91 96 26 65 8 23 100 76 89 4 84 
5 36 28 2 34 64 6 70 89 98 20 52 52 96 85 95 49 65 79 97 7 27 75 71 34 49 23 61 38 26 
44 42 13 24 95 46 39 1 15 27 50 87 30 53 82 14 47 82 31 78 31 37 4 5 60 89 5 82 1 42 
59 45 36 71 20 30 69 58 82 83 36 83 69 65 36 2 30 34 84 60 11 14 49 14 70 8 2 74 41 3 
68 99 99 3 69 18 84 37 27 66 72 62 48 92 26 35 94 7 69 29 67 79 42 67 45 63 74 98 88 14 
100 55 12 50 9 32 19 93 69 45 10 92 6 9 83 83 44 28 90 12 56 8 42 97 74 86 11 99 84 99 
64 35 5 27 37 66 58 55 58 78 52 19 69 9 27 52 44 22 79 85 85 87 92 27 35 17 64 46 67 99 
96 30 34 100 56 70 65 13 76 74 43 79 44 11 88 71 14 83 44 45 67 29 31 10 7 65 78 22 62 44 
21 57 73 54 57 80 75 73 44 2 47 86 33 90 49 20 12 62 54 8 58 20 36 40 81 94 57 58 15 18 
1 35 75 25 40 83 4 66 55 47 68 53 85 100 95 33 71 58 46 76 65 4 47 52 95 27 97 51 36 12 
69 36 98 95 12 38 77 15 55 83 13 74 88 97 73 34 29 95 43 27 22 8 30 68 11 76 94 8 27 29 
71 47 16 20 41 79 9 69 45 64 3 58 37 42 6 62 75 87 8 18 13 30 77 42 97 39 69 43 98 95 
71 20 41 39 40 33 17 48 1 62 11 56 71 100 97 76 61 24 62 68 93 74 97 69 67 46 59 36 88 57 
30 10 76 23 48 15 55 17 63 8 78 25 15 100 24 11 75 36 34 37 4 78 62 52 46 81 97 5 16 36 
61 97 46 88 71 93 3 26 9 17 85 38 93 99 37 69 61 12 4 47 100 59 24 13 63 22 93 11 26 8 
47 38 57 92 77 27 84 31 4 45 47 40 82 92 90 71 60 51 34 15 49 85 26 72 97 88 93 42 98 70 
1 44 59 57 87 36 84 23 66 39 67 65 79 100 8 68 22 67 70 55 33 18 39 58 90 88 97 34 29 95 
56 29 90 14 86 77 1 21 51 19 11 17 83 89 68 90 9 90 8 78 44 92 96 35 2 37 22 98 22 50 
44 77 78 86 91 15 14 43 35 64 61 46 80 95 86 99 36 94 88 95 24 84 39 71 70 40 7 91 37 28 
92 81 5 69 66 47 36 79 41 22 94 54 19 25 48 5 23 36 50 63 82 25 98 20 95 67 59 1 57 48 
81 48 80 85 68 97 83 55 27 23 77 20 76 95 44 76 51 66 63 53 80 44 77 77 16 72 43 26 24 51 
73 4 50 52 40 70 48 22 24 74 97 52 93 24 47 88 51 49 54 13 1 85 9 30 62 76 1 56 1 24 
59 74 28 60 25 67 29 25 41 5 98 37 56 43 12 54 30 63 3 35 27 55 20 35 84 33 10 36 40 11 
60 50 36 39 10 60 57 38 84 97 94 34 85 50 28 97 55 57 59 9 44 85 64 63 72 99 47 33 87 38 
43 46 88 78 36 97 90 92 86 25 41 80 10 25 29 37 73 35 46 31 44 89 68 59 51 39 9 49 71 95 
86 66 92 73 95 27 21 36 71 7 61 63 86 22 87 66 59 12 100 4 42 43 92 61 53 94 99 62 94 22 
56 79 87 48 4 81 26 24 17 48 30 29 10 67 50 49 32 60 60 32 15 53 26 58 14 31 3 12 92 96 
33 99 27 71 98 82 52 24 57 20 23 39 100 33 5 1 33 37 13 92 20 27 44 97 37 9 79 39 21 70 
87 5 21 65 76 18 46 79 93 2 50 16 92 49 100 97 49 32 85 61 23 56 40 18 4 76 27 83 66 99 
4 52 55 24 68 82 42 13 60 86 67 9 53 10 9 52 6 58 83 42 70 57 97 9 27 1 36 5 35 2 
3 38 5 9 62 73 91 55 37 50 40 55 11 93 65 71 96 22 28 31 64 50 39 12 58 65 12 46 69 46 
47 23 84 3 32 97 27 22 51 16 23 42 70 85 86 86 56 34 60 35 64 23 84 2 34 94 67 98 39 87 
95 37 10 30 39 93 78 66 14 28 33 36 22 54 21 59 40 76 92 99 10 7 73 46 9 58 39 27 7 77 
65 54 13 74 83 3 18 61 20 31 40 52 19 13 6 39 72 97 66 15 47 27 22 71 72 82 28 62 60 87 
38 24 40 2 50 22 57 67 34 76 98 26 80 16 38 37 6 61 33 23 76 79 1 49 1 25 30 28 86 89 
66 76 64 5 29 13 79 85 80 12 13 29 37 92 96 27 80 53 87 12 27 62 42 27 10 42 51 91 21 37 
31 87 12 95 43 40 59 21 77 90 85 89 18 73 32 65 99 11 17 38 22 43 99 15 22 61 8 72 3 28 
8 34 66 71 80 61 63 38 81 39 28 17 79 97 42 10 62 40 20 30 77 93 25 28 59 46 40 66 17 42 
45 77 75 63 99 6 23 61 44 55 51 71 72 29 67 13 90 80 4 9 10 33 53 34 12 11 79 51 28 47 
92 73 75 19 35 26 24 9 38 19 63 89 89 86 69 8 98 59 87 54 19 48 38 72 81 49 34 11 99 62 
10 42 86 84 12 72 61 88 80 99 6 42 87 47 28 55 6 77 65 92 82 84 40 19 55 72 67 88 83 17 
1 44 59 86 79 22 57 40 9 36 38 67 30 24 65 9 30 70 85 95 13 67 78 52 85 84 76 4 23 10 
20 76 53 30 61 31 52 70 70 12 57 7 30 38 82 94 46 64 63 83 10 76 1 39 79 85 22 54 40 96 
63 60 71 15 89 84 98 92 53 19 4 61 78 33 99 59 27 44 74 41 78 83 68 78 21 47 15 94 52 54 
42 67 13 12 33 54 47 30 45 51 1 100 12 78 85 62 88 63 5 62 3 35 96 23 12 17 21 26 62 72 
32 3 90 96 67 23 49 13 4 46 64 4 97 27 81 81 88 69 43 92 82 98 78 77 20 90 45 40 67 7 
63 98 61 53 94 27 27 94 92 82 39 7 86 36 33 18 68 20 38 11 63 19 8 41 96 79 30 40 70 96 
98 32 46 11 36 39 89 14 32 80 96 23 86 33 10 18 50 77 89 40 39 52 58 46 92 53 76 73 45 45 
20 94 29 65 4 16 55 45 30 87 24 77 61 62 9 70 31 10 46 20 49 85 23 59 82 14 63 10 38 59 
54 57 53 34 74 8 50 28 52 31 66 28 7 26 41 67 47 71 28 93 42 29 29 16 87 62 81 1 23 18 
60 77 27 12 62 100 71 11 27 23 93 93 2 51 70 42 69 17 64 97 61 6 77 41 73 15 54 54 15 77 
71 74 5 97 37 66 96 8 29 75 82 21 19 83 72 88 24 40 56 87 88 16 44 16 56 17 30 62 70 97 
38 92 22 42 89 59 7 36 66 35 10 99 56 28 81 79 68 4 18 23 90 58 91 86 73 98 2 55 59 23 
51 96 14 72 37 2 82 96 38 99 30 99 97 37 79 77 15 98 80 85 72 22 42 62 7 66 60 60 20 70 
82 22 66 95 46 54 49 27 49 38 26 31 88 74 67 66 51 34 15 82 70 87 55 63 48 13 28 59 24 100 
29 57 21 46 4 18 99 52 97 100 41 22 30 28 47 48 46 49 33 60 83 2 46 37 64 46 2 44 56 25 
43 36 82 15 81 85 33 32 88 29 31 28 2 12 7 100 11 52 49 44 64 31 97 61 67 61 6 20 4 14 
45 98 49 78 12 82 62 96 13 1 76 95 28 29 6 86 29 68 38 77 63 53 59 60 13 77 72 71 97 27 
84 93 24 32 70 87 13 83 35 77 83 62 71 62 91 28 47 71 96 36 47 58 88 57 69 1 33 40 71 29 
66 6 21 41 89 90 28 54 24 14 30 6 75 1 19 65 80 66 87 27 53 85 37 41 41 5 93 74 45 15 
2 62 20 75 3 8 64 82 61 40 95 43 97 21 95 16 86 74 33 24 1 85 9 37 77 49 93 69 22 89 
35 24 51 54 98 53 14 13 86 74 4 80 68 1 100 62 16 37 36 100 61 88 84 69 76 13 17 68 33 91 
57 68 66 59 73 63 11 86 27 96 12 31 27 79 31 78 41 98 67 76 97 27 15 32 47 90 44 15 9 77 
5 17 96 70 75 68 84 37 54 63 84 65 93 62 95 75 40 35 24 6 62 20 84 76 3 82 17 47 96 78 
75 1 46 70 22 73 37 6 9 42 68 45 58 12 6 53 38 97 87 13 54 49 84 37 76 86 18 45 84 66 
74 58 18 19 79 39 91 68 96 52 9 15 96 67 26 53 19 15 2 57 27 55 57 10 44 85 48 13 81 31 
78 54 89 95 72 67 34 15 86 81 66 95 96 13 13 73 17 83 88 18 39 66 73 48 28 68 32 75 80 12 
5 10 65 45 4 88 64 89 54 49 70 71 43 17 35 7 89 52 89 28 69 80 94 93 27 73 12 58 47 92 
21 3 1 85 48 56 24 11 97 78 59 18 100 54 34 35 60 22 86 1 50 6 80 95 51 6 67 62 15 65 
5 35 67 57 71 14 65 94 24 61 23 35 78 23 40 63 9 51 84 94 51 85 51 82 31 1 39 97 15 53 
61 19 39 80 28 9 93 92 55 69 4 29 3 81 3 42 95 11 44 30 56 95 67 7 76 97 59 15 94 73 
19 6 44 58 85 71 18 30 14 72 98 17 1 52 49 55 45 43 66 88 72 21 82 38 79 10 35 38 76 80 
62 46 37 5 55 74 27 73 3 40 96 52 56 48 3 4 3 99 46 68 86 70 88 20 59 19 81 45 56 8 
24 17 53 13 74 8 86 100 80 40 40 75 91 47 23 45 51 25 95 48 44 80 69 83 51 28 1 31 72 56 
38 48 25 91 12 98 50 49 97 29 88 88 55 30 35 29 26 85 5 20 84 48 51 53 31 2 80 83 84 3 
91 22 2 15 64 13 12 65 61 60 45 100 48 99 29 34 80 6 70 84 25 53 84 28 57 66 29 88 100 12 
91 90 85 92 4 100 57 67 64 17 27 8 17 26 59 97 59 38 55 28 73 79 32 8 58 89 25 86 76 25 
50 66 14 86 10 18 86 66 36 1 34 62 9 2 39 19 99 97 8 53 76 80 83 8 40 41 96 64 78 23 
40 79 41 54 65 50 23 2 67 58 54 100 72 62 2 10 32 52 59 39 56 34 71 38 93 10 30 40 25 60 
63 65 90 3 70 54 4 44 7 22 53 61 21 76 74 74 86 6 77 96 96 32 81 66 22 74 75 51 65 52 
62 79 68 52 81 37 57 36 32 64 57 84 76 30 60 1 3 97 58 80 92 54 63 24 19 84 49 46 35 14 
97 48 92 64 99 25 52 56 60 35 71 69 18 98 98 29 98 52 25 8 83 68 61 46 92 31 29 92 28 15 
5 24 63 49 39 13 73 42 68 84 76 90 52 46 87 1 74 37 53 51 96 87 70 8 32 13 38 61 5 66 
75 61 41 89 9 32 2 81 25 21 17 53 11 20 98 49 73 23 37 25 25 84 11 95 91 95 59 81 55 63 
98 81 76 90 22 84 21 23 17 98 95 33 50 5 4 99 6 76 21 94 52 98 78 15 92 68 9 2 48 15 
17 45 95 92 35 68 75 7 90 91 4 85 75 5 41 31 3 98 6 76 92 10 73 69 24 16 88 32 17 88 
46 85 32 92 76 18 60 3 77 1 45 32 37 72 37 78 2 91 27 59 66 18 68 90 38 91 5 78 74 74 
65 19 10 48 63 86 18 22 88 94 22 32 77 11 55 65 40 56 56 66 15 73 36 82 15 25 25 71 2 98 
96 18 69 6 18 31 91 35 4 30 80 77 13 56 87 68 21 26 23 28 92 89 52 79 23 66 3 47 37 57 
96 32 74 64 37 91 94 79 77 97 8 56 74 73 12 12 40 84 38 14 63 81 3 14 59 25 32 61 23 68 
17 18 51 43 34 40 85 79 18 62 28 78 17 53 50 80 64 41 15 1 54 77 81 8 43 91 84 74 52 58 
93 20 28 43 14 61 34 99 39 4 60 66 81 28 18 82 60 34 74 74 34 79 3 67 87 45 57 22 18 60 
80 62 32 7 4 45 67 90 43 57 93 54 75 25 34 44 6 93 77 31 18 11 9 20 29 47 64 37 69 33 
97 48 94 28 6 50 24 24 39 19 80 83 72 6 7 57 50 12 49 26 94 67 88 2 38 16 1 2 53 69 
86 49 68 32 28 73 33 51 48 23 21 79 5 45 85 11 1 34 74 2 59 67 68 47 20 5 14 20 58 66 
88 96 66 7 79 45 31 11 96 78 33 16 57 37 12 93 47 13 26 72 14 36 38 33 34 57 89 100 29 99 
65 16 94 83 75 72 27 5 34 74 83 66 42 91 54 53 35 52 65 12 23 30 47 12 62 33 68 51 32 48 
49 48 64 94 30 38 17 57 94 50 30 28 15 71 70 20 24 4 71 40 15 45 70 14 56 31 46 75 33 29 
23 33 76 38 26 58 27 42 14 20 43 95 100 9 18 69 28 41 73 50 32 87 94 1 100 1 84 97 76 16 
25 50 49 53 87 26 62 65 20 27 84 62 21 35 71 38 4 98 30 76 100 62 62 45 14 14 46 97 10 73 
13 87 22 13 39 60 38 100 24 57 26 59 19 98 94 41 88 97 90 17 24 89 30 37 34 44 50 79 92 60 
3 4 46 76 16 36 35 6 87 10 62 64 20 32 13 65 72 100 13 62 69 36 2 50 73 35 45 74 65 37 
33 67 40 30 94 8 17 28 13 55 89 26 18 9 58 83 25 81 82 38 94 2 25 96 52 49 30 96 23 47 
32 7 65 24 37 59 83 5 38 95 60 27 72 29 87 29 11 63 62 45 52 55 46 77 50 49 25 32 45 99 
30 28 6 94 3 94 4 85 98 42 79 9 20 51 38 58 31 100 20 44 96 72 99 42 100 100 42 76 83 86 
75 12 66 80 58 68 25 13 53 22 54 83 31 25 85 20 34 68 71 6 11 67 77 61 60 28 13 1 3 95 
39 77 59 4 8 16 23 32 28 27 6 34 10 36 10 46 7 44 13 77 49 76 95 77 88 54 4 100 55 6 
95 93 35 53 48 42 20 70 26 99 97 31 32 58 18 42 3 24 37 68 52 85 43 47 61 30 52 16 82 6 
21 76 50 7 80 49 49 51 71 74 49 19 56 33 76 73 26 30 48 62 97 99 98 91 97 10 73 1 25 54 
6 97 81 8 4 12 56 4 62 78 29 62 96 84 94 71 56 19 53 3 32 49 53 29 92 2 38 64 2 14 
69 59 11 1 18 66 12 26 69 25 3 49 86 99 32 32 21 39 50 73 93 34 74 97 62 17 50 52 32 51 
17 100 62 27 100 31 44 63 56 12 39 11 12 24 9 43 55 81 33 57 6 25 90 31 74 3 47 23 6 78 
26 23 77 87 1 28 17 45 42 25 8 80 35 20 55 95 14 10 75 47 18 32 23 59 62 96 13 8 19 71 
85 44 93 13 82 45 92 50 41 85 74 1 64 8 72 19 2 85 80 29 83 49 60 6 7 22 53 71 29 23 
41 66 18 85 30 99 30 22 49 22 6 74 22 22 82 93 92 35 30 71 63 12 19 23 69 77 96 22 47 76 
96 88 41 14 72 71 64 53 44 64 75 1 38 96 22 71 41 13 5 70 35 68 81 5 90 50 33 37 23 80 
12 18 19 53 83 42 75 47 95 70 10 69 22 47 16 44 17 8 8 74 77 95 41 10 99 82 59 84 18 33 
63 29 2 33 33 85 74 59 31 68 80 92 88 2 39 56 45 7 63 4 32 92 50 72 1 1 5 11 84 22 
43 46 3 96 30 87 80 3 46 10 23 25 2 62 26 92 17 22 50 32 78 82 75 27 5 75 27 10 85 10 
83 79 7 85 26 36 72 6 91 69 67 13 45 20 74 71 11 43 44 13 26 21 46 100 100 50 26 78 11 62 
88 94 92 46 30 17 34 53 22 24 21 89 88 66 8 13 88 71 7 83 35 32 56 80 83 55 81 60 32 44 
21 71 89 12 69 18 81 2 23 2 77 43 42 16 60 2 28 99 24 35 82 58 18 89 89 1 43 21 60 26 
64 33 49 52 96 17 22 76 70 44 78 98 38 71 13 50 72 40 48 47 26 81 4 44 69 44 96 63 65 7 
41 80 39 89 84 35 57 57 62 78 100 39 75 89 62 87 38 33 78 38 80 4 70 35 99 91 31 94 53 47 
52 93 26 43 33 61 77 89 17 90 18 68 29 92 57 90 30 46 74 60 83 5 15 53 92 13 43 22 58 47 
68 9 92 45 51 24 58 79 65 74 69 82 94 49 26 50 90 55 95 63 66 30 20 80 34 11 92 76 84 49 
74 51 10 65 47 60 41 4 91 5 30 59 38 23 7 63 72 48 70 18 10 35 47 81 15 80 43 58 7 26 
59 33 28 68 49 75 27 89 30 17 45 59 27 83 33 85 45 56 32 66 74 94 1 72 74 67 4 17 24 62 
94 82 94 22 1 43 48 28 31 29 96 76 40 75 10 72 59 6 80 43 72 5 36 24 76 61 42 31 29 17 
93 23 99 86 96 99 80 43 78 63 23 26 90 62 100 99 86 10 56 65 52 27 69 87 2 44 48 43 27 76 
12 19 50 62 56 45 12 36 39 90 50 62 67 39 23 18 89 60 27 44 24 79 23 92 17 24 88 16 19 14 
44 30 32 93 91 87 90 54 74 28 43 23 41 61 13 16 78 1 75 5 45 99 35 67 90 51 42 29 67 12 
42 62 93 73 54 35 12 95 89 37 23 83 12 15 44 24 30 21 25 5 77 21 55 11 87 96 14 80 25 32 
92 66 93 36 91 98 71 2 93 11 90 15 93 1 29 36 25 11 9 49 67 85 69 21 48 7 16 61 38 92 
92 81 58 84 17 48 81 39 1 73 49 90 39 41 43 20 29 67 82 37 67 48 73 87 68 20 45 35 32 82 
79 23 63 36 58 31 35 91 69 87 15 69 28 54 61 70 25 89 88 6 77 6 53 2 92 72 21 88 58 53 
70 36 27 84 23 85 66 9 27 86 95 41 54 75 46 14 96 70 55 84 27 31 89 31 84 33 54 5 20 64 
9 41 99 87 76 74 71 93 82 49 78 29 90 83 55 35 97 50 57 3 33 83 85 74 14 69 58 19 25 29 
82 33 70 33 19 97 6 42 90 39 90 19 19 31 2 73 66 50 23 22 52 7 4 36 32 69 4 89 88 28 
18 21 12 39 53 83 35 10 76 76 1 17 47 19 48 48 44 13 97 18 86 48 76 41 35 8 10 39 96 49 
18 65 21 30 3 74 64 90 83 39 17 83 55 63 54 2 10 97 14 6 66 99 5 41 40 40 48 1 30 96 
1 47 60 21 28 63 46 91 4 81 29 20 63 36 83 68 37 92 16 3 50 81 53 6 22 44 97 21 96 26 
16 96 25 28 69 4 90 66 47 93 46 27 64 61 62 46 28 99 38 96 53 39 76 5 44 49 49 41 70 96 
18 37 44 42 64 64 98 5 29 44 49 75 70 13 87 32 58 66 82 47 61 34 85 89 90 81 37 90 73 58 
86 90 47 29 84 10 92 81 67 20 24 15 46 93 27 32 24 37 98 5 83 10 90 20 98 80 52 35 69 24 
44 54 13 90 34 96 52 25 76 18 97 99 84 94 44 63 78 67 99 27 24 33 36 13 4 34 44 55 20 13 
30 15 18 43 57 52 90 8 28 66 77 24 16 12 70 59 74 47 78 24 73 1 9 60 65 12 45 9 19 16 
73 48 31 90 42 87 93 32 46 21 49 22 96 64 33 65 75 59 63 52 82 87 4 90 47 20 54 91 80 24 
7 52 71 89 94 65 75 86 96 20 58 96 93 54 11 77 70 85 35 85 88 69 71 43 58 17 63 63 60 42 
86 18 46 9 6 39 73 32 76 20 3 34 67 95 39 77 23 60 62 58 44 1 78 67 44 35 35 6 50 94 
99 87 63 44 95 68 34 19 51 10 90 53 95 56 99 85 33 22 44 46 31 40 46 8 6 89 94 40 94 43 
86 93 30 48 88 76 68 22 95 18 83 36 71 77 44 69 13 76 90 56 73 72 47 18 79 4 7 73 44 52 
15 81 96 96 80 36 72 47 57 18 17 39 53 87 67 96 7 79 23 49 86 95 20 33 65 99 36 71 23 31 
74 89 63 22 85 43 57 56 41 13 25 57 3 29 95 69 77 54 99 51 2 84 46 73 68 10 23 56 32 45 
38 57 34 53 78 18 95 86 25 87 98 1 96 52 29 90 72 57 95 70 8 48 6 5 21 25 66 43 80 49 
40 70 5 25 22 35 94 16 20 18 54 70 70 49 21 50 91 45 7 85 14 66 85 71 70 5 96 35 99 27 
83 90 96 39 14 17 73 7 84 93 76 38 14 45 38 34 95 80 78 53 17 44 18 1 66 87 5 61 73 55 
88 7 45 35 45 58 52 70 65 35 62 40 24 75 37 14 60 83 93 90 35 9 85 4 9 50 42 65 63 14 
20 50 72 16 36 16 73 87 85 89 74 98 81 49 24 17 62 36 99 55 25 85 63 9 40 24 58 81 88 20 
46 7 21 17 22 9 84 47 95 21 35 20 18 67 69 94 83 30 29 33 36 53 69 51 13 8 74 22 88 61 
94 33 20 66 1 93 74 85 91 69 57 78 40 74 44 8 19 27 90 47 11 77 51 80 27 15 39 100 37 27 
13 30 11 84 95 64 76 69 48 67 89 4 96 28 29 39 88 100 17 77 98 28 53 49 59 32 63 97 83 51 
75 95 80 86 30 75 1 6 95 48 24 83 3 19 62 83 9 49 34 26 77 32 5 82 32 63 13 94 11 95 
45 86 42 76 23 71 2 23 28 96 22 3 30 76 73 92 10 82 40 96 7 17 27 11 98 58 25 62 3 87 
56 99 24 49 75 98 72 76 72 99 24 45 54 53 20 26 44 82 7 36 77 65 4 55 27 1 12 51 62 66 
90 69 65 13 70 39 11 41 66 82 91 89 27 44 94 98 22 89 31 28 24 59 45 27 13 71 79 76 74 92 
42 63 13 58 75 82 48 37 74 65 19 64 54 97 60 99 94 81 87 77 8 11 35 52 89 100 75 68 75 48 
59 68 10 71 77 36 4 24 73 77 89 91 41 94 87 52 92 32 32 78 8 91 40 43 95 29 94 69 48 68 
16 58 88 77 81 64 12 84 40 84 13 80 26 53 73 64 56 16 96 87 45 55 77 37 97 71 17 42 39 64 
10 6 21 49 82 1 64 94 37 55 77 49 34 55 53 58 18 8 25 13 46 70 68 22 6 16 45 22 58 83 
37 19 41 9 19 22 10 82 15 98 89 44 46 22 98 50 80 15 57 4 80 2 25 99 75 82 66 19 55 23 
54 91 93 94 100 11 67 61 45 34 10 33 77 7 6 26 56 37 92 64 93 71 17 17 69 91 51 35 62 5 
9 67 48 54 60 99 16 78 59 12 11 68 96 87 26 2 64 81 38 56 44 30 26 60 99 47 2 49 33 15 
53 93 81 52 46 92 50 14 70 8 25 80 27 21 19 52 22 82 84 11 37 27 93 63 38 91 61 92 91 93 
6 95 37 87 47 83 78 96 96 47 56 20 27 82 92 97 86 65 78 21 76 15 100 68 29 37 10 89 80 100 
33 86 94 69 24 40 3 1 88 50 100 43 22 78 76 13 74 13 78 51 34 5 17 33 24 45 21 33 85 1 
84 69 38 77 90 61 69 92 13 56 42 12 98 15 89 73 27 14 86 56 65 71 60 81 3 83 78 23 67 62 
75 50 83 12 79 72 72 47 63 85 54 56 48 3 70 37 27 49 50 12 4 66 34 64 99 36 98 28 11 65 
41 85 14 23 97 92 94 68 90 9 4 43 64 52 45 86 40 72 34 41 35 37 59 69 52 57 56 2 36 66 
66 76 51 31 99 99 23 92 18 64 52 22 59 16 25 3 1 64 26 86 56 13 74 14 33 26 22 88 79 57 
6 44 85 8 74 83 6 48 26 23 64 78 44 22 45 20 76 97 35 2 82 91 66 55 4 98 32 78 37 10 
86 42 5 70 1 31 52 6 30 30 29 93 59 24 14 3 44 90 99 78 43 32 68 8 38 24 57 70 53 45 
31 38 39 88 8 39 18 11 45 99 92 73 92 50 96 57 52 91 98 2 69 40 33 88 99 23 63 7 44 15 
52 74 5 42 13 64 80 82 26 24 81 18 48 24 19 96 80 23 86 30 24 6 21 9 94 20 31 56 78 74 
23 81 99 27 22 64 90 2 45 15 77 77 84 25 100 3 72 32 25 57 61 100 63 81 8 8 52 90 63 30 
15 37 10 66 63 84 29 4 85 25 71 13 2 54 89 1 8 60 84 32 17 96 32 31 77 91 38 80 33 52 
61 47 89 71 12 3 6 92 7 90 17 29 54 18 82 43 70 90 2 54 73 70 49 56 100 77 47 89 57 79 
41 17 25 81 39 89 35 44 80 41 85 96 21 39 65 55 33 35 96 34 40 68 56 40 24 55 17 22 96 25 
100 88 93 76 68 84 16 2 79 48 95 64 95 15 54 60 21 38 46 16 71 85 36 26 24 59 33 92 32 28 
68 83 15 61 58 34 44 26 87 22 73 81 37 19 48 42 78 68 79 23 36 2 59 71 79 35 81 63 26 12 
90 94 94 56 6 3 41 1 80 28 74 4 60 11 23 7 4 100 27 35 75 14 36 85 84 66 19 16 29 97 
79 70 90 24 26 47 26 18 47 58 45 20 61 5 82 83 63 86 35 41 72 9 54 7 93 89 24 12 4 52 
8 82 22 49 5 99 47 83 68 93 40 13 64 52 69 98 35 31 83 69 24 6 29 77 64 73 66 87 36 69 
39 43 3 12 43 59 62 41 41 81 85 32 93 49 84 13 46 70 44 80 90 19 85 18 95 48 90 12 86 26 
81 76 20 35 39 15 93 100 55 86 81 92 17 25 40 52 38 37 73 33 68 62 51 4 79 97 51 21 9 88 
98 41 64 17 75 2 83 19 2 38 4 34 29 73 10 20 76 99 8 49 31 75 10 33 30 41 30 32 61 38 
19 58 78 82 26 4 84 9 22 37 98 78 22 78 50 31 49 25 30 56 25 12 82 35 97 11 27 26 42 39 
15 60 96 44 94 73 47 77 81 68 13 30 45 34 7 46 16 7 23 97 62 47 61 95 33 57 57 59 82 50 
97 48 62 44 91 55 17 37 31 49 56 95 31 53 80 37 98 47 96 72 44 57 19 4 4 51 60 60 10 93 
10 58 40 71 2 82 77 18 18 7 18 25 53 48 77 32 37 27 78 32 98 21 40 68 76 95 19 87 55 80 
31 16 37 22 38 90 3 14 59 20 72 77 97 24 76 25 55 12 51 84 95 1 57 35 20 32 29 90 71 35 
69 1 2 58 23 39 47 25 4 6 97 75 34 93 50 9 17 4 73 20 40 67 72 96 53 91 79 34 81 49 
68 1 2 22 10 24 12 9 100 16 14 96 42 99 40 92 7 9 47 31 80 86 98 3 33 50 45 12 35 77 
12 3 78 13 76 39 88 87 47 88 54 12 83 96 10 75 39 69 35 85 99 14 23 96 16 55 98 60 18 32 
89 82 86 66 94 61 56 82 100 3 69 53 14 3 48 24 29 38 44 63 23 42 28 97 38 43 3 87 55 21 
18 43 2 56 60 47 68 15 28 67 69 48 20 83 3 19 58 31 57 1 94 79 94 21 27 83 16 29 69 22 
1 39 16 54 94 27 1 61 93 80 80 62 80 99 96 82 17 5 12 73 57 57 3 50 30 29 85 97 10 53 
70 10 43 85 64 88 63 16 1 55 95 80 68 74 78 15 7 46 71 71 19 79 27 73 29 8 54 65 56 15 
17 25 24 12 61 39 99 23 54 99 30 1 30 49 74 7 16 81 5 86 51 75 65 29 47 45 89 52 9 44 
66 77 21 42 88 81 80 87 56 86 37 85 86 67 85 11 25 100 43 29 86 45 55 2 74 2 46 14 5 6 
57 71 82 77 64 70 10 43 8 65 80 96 1 65 14 85 76 91 37 18 71 22 63 26 75 88 79 20 1 83 
25 9 5 58 38 20 27 99 63 86 63 94 34 15 59 47 99 86 89 87 55 60 8 69 85 82 56 15 53 8 
49 29 69 6 87 58 25 65 56 39 3 18 33 36 84 43 34 34 28 23 21 82 34 80 51 70 14 58 84 66 
18 32 95 38 89 33 95 14 97 50 52 99 19 36 34 2 78 20 35 5 94 7 39 27 87 89 96 100 98 31 
65 67 14 11 4 3 43 98 16 40 99 19 90 69 55 24 22 32 95 9 37 88 15 27 14 1 15 61 100 64 
91 17 31 4 27 86 6 70 36 73 61 34 44 50 55 98 25 76 29 19 84 17 58 99 43 71 51 9 31 51 
25 21 67 7 77 45 92 34 66 27 7 26 13 50 28 67 99 4 94 79 75 78 48 32 28 42 3 78 51 85 
80 27 58 46 33 34 91 76 67 8 3 25 34 67 26 13 33 76 16 26 55 90 55 2 22 82 43 76 12 45 
60 91 23 69 89 55 2 31 83 21 38 85 97 23 3 75 35 35 50 3 12 56 44 67 9 17 100 52 92 11 
48 4 54 71 72 42 77 26 24 11 46 61 95 94 36 49 20 22 83 70 24 95 77 68 13 86 84 12 89 28 
75 36 31 28 58 2 21 87 79 96 97 76 56 44 70 43 92 89 65 27 10 88 73 39 7 85 24 43 48 12 
70 22 99 52 1 9 53 73 47 84 68 43 59 76 38 28 18 82 69 82 8 30 22 80 68 28 16 43 22 63 
6 91 37 5 42 89 13 47 62 59 30 81 53 88 56 43 68 26 24 88 59 31 69 80 62 89 60 77 31 81 
91 37 24 27 93 17 16 57 63 29 67 44 9 71 84 17 13 3 42 36 42 100 66 10 32 79 50 43 55 81 
75 46 69 98 72 13 15 39 69 29 67 35 73 28 57 8 44 70 10 37 5 51 88 23 12 19 1 62 13 56 
94 88 53 14 37 76 26 3 15 94 32 33 80 56 60 36 63 55 5 24 91 62 74 79 84 85 49 84 98 62 
91 91 1 43 4 37 71 29 40 85 74 23 69 5 30 29 41 44 35 97 67 26 10 92 4 45 28 52 29 26 
65 71 16 65 66 20 54 36 100 45 72 74 19 40 30 48 20 22 43 55 71 61 80 80 52 35 25 31 38 5 
56 55 27 24 19 92 95 72 79 94 16 50 19 34 90 49 33 61 70 75 15 40 87 46 72 90 32 96 21 22 
52 76 76 78 99 94 70 93 18 100 39 33 50 9 19 91 57 3 51 79 30 18 70 16 63 41 6 47 88 26 
68 39 53 43 17 4 36 38 48 5 37 86 90 38 95 8 28 3 62 79 81 91 48 51 7 62 91 64 8 31 
89 75 69 93 69 37 96 57 74 44 61 63 81 50 100 75 9 80 30 71 58 10 13 5 12 71 66 55 34 26 
85 74 52 53 67 21 42 14 77 15 57 37 29 90 39 81 64 99 60 93 69 17 55 82 73 66 52 90 72 38 
67 56 11 19 61 29 39 2 43 67 68 51 55 97 40 93 77 56 92 36 100 12 4 54 45 28 72 49 69 43 
86 36 99 48 54 11 77 44 12 19 10 79 69 64 27 61 57 3 16 100 90 15 11 45 69 8 24 92 56 93 
34 93 28 84 40 33 94 68 28 57 86 37 36 7 100 62 19 8 17 34 59 58 48 22 3 68 29 26 59 36 
70 45 28 49 28 19 81 74 87 8 30 24 96 17 82 48 79 100 7 47 33 66 4 33 87 6 100 67 84 11 
2 53 55 81 2 82 51 34 7 89 94 37 65 89 53 46 36 83 98 43 29 82 60 85 14 98 42 66 64 25 
76 17 30 30 49 31 63 99 16 70 40 9 58 4 50 62 49 37 97 98 31 77 80 90 61 45 87 3 10 2 
79 85 18 8 66 66 38 29 17 6 50 56 66 59 59 15 72 59 52 68 57 34 45 88 24 57 32 62 11 42 
64 90 78 81 97 44 99 87 72 15 92 73 22 57 31 32 24 2 90 27 22 98 60 18 37 83 74 69 97 85 
62 60 74 39 40 22 82 90 8 5 56 99 29 77 8 59 8 31 13 50 57 86 99 68 3 36 51 28 56 99 
64 17 58 89 7 49 11 41 39 18 97 94 69 26 23 28 36 30 10 48 31 66 85 30 33 87 17 35 15 72 
85 30 40 42 19 98 91 29 90 81 98 87 26 18 12 48 45 47 30 54 47 12 71 31 93 56 70 9 42 36 
32 27 65 23 68 83 21 10 63 62 42 13 48 20 30 11 67 75 58 48 80 56 60 51 38 52 6 59 13 99 
94 44 25 11 19 45 93 91 6 8 52 48 20 100 67 1 10 85 27 19 85 7 26 96 57 16 99 14 74 11 
64 68 7 89 78 77 33 22 67 38 81 18 37 52 69 55 53 31 92 79 1 76 85 27 23 93 42 21 58 15 
84 22 34 42 10 11 18 94 85 84 83 65 53 72 17 74 26 21 4 69 99 4 44 36 82 66 28 23 39 38 
90 22 59 23 63 20 86 80 65 22 15 99 38 19 70 54 92 48 74 47 16 25 3 12 60 84 29 39 59 67 
76 100 40 34 74 54 5 11 33 69 32 99 68 70 18 89 75 61 36 1 60 52 25 62 15 36 97 43 74 7 
10 50 6 1 35 32 55 40 42 39 60 26 38 79 47 7 68 73 19 55 73 78 58 49 91 72 36 88 15 10 
46 76 11 4 76 45 35 82 36 28 21 48 53 10 26 51 16 45 24 86 100 48 16 57 97 6 29 32 45 95 
93 91 70 3 94 97 100 80 79 87 7 99 34 12 8 12 62 75 56 37 60 55 85 75 64 33 33 92 64 77 
86 9 19 7 11 64 3 62 43 81 49 2 31 82 13 90 45 26 64 1 15 76 7 99 2 70 31 34 13 46 
63 98 54 81 4 17 45 59 78 39 91 26 40 22 60 4 11 56 30 27 8 96 2 15 94 55 36 76 89 49 
73 3 98 79 83 54 95 79 64 24 18 54 2 9 27 61 13 90 68 94 16 76 89 69 42 82 23 77 9 63 
77 81 65 27 59 100 80 5 30 43 29 99 48 30 8 75 42 20 64 9 13 31 36 1 99 77 34 73 54 42 
88 82 74 4 8 85 55 39 41 85 81 21 83 81 2 90 55 95 61 70 56 73 100 91 25 50 68 58 22 73 
51 61 54 77 65 62 61 19 100 53 3 33 74 38 13 75 79 19 70 40 88 25 64 87 15 89 36 34 98 9 
6 1 70 60 77 86 73 89 4 24 41 59 56 66 96 20 93 74 38 62 65 77 38 29 63 4 69 50 38 18 
11 43 18 32 54 46 17 78 86 20 2 79 78 9 44 25 81 36 99 18 49 15 47 86 43 9 90 63 11 79 
81 21 73 50 52 79 96 20 56 81 39 9 11 69 70 55 93 50 42 43 19 91 58 65 28 52 26 69 67 36 
47 99 8 72 48 11 50 95 30 57 28 20 66 38 88 35 44 33 36 86 75 54 28 84 71 55 88 96 76 54 
83 74 52 90 45 51 52 46 46 81 3 25 100 20 62 40 6 58 72 41 43 98 46 70 82 16 76 69 11 51 
74 93 25 77 34 69 27 85 67 24 65 69 48 17 88 62 8 93 19 79 85 13 76 30 34 9 46 9 77 8 
12 2 1 36 78 34 56 57 71 22 80 35 42 80 3 29 93 10 73 11 40 57 75 16 87 8 24 84 68 53 
91 79 6 43 66 84 29 74 40 99 95 71 85 89 50 88 17 42 49 42 4 89 98 30 4 36 37 79 19 5 
83 62 83 89 4 1 24 32 74 63 30 68 85 15 8 87 54 25 80 2 18 84 90 15 13 45 3 2 76 73 
6 58 34 40 98 38 40 21 21 13 35 3 33 20 17 40 6 22 16 85 23 33 20 65 100 85 61 2 86 36 
74 43 46 60 34 95 49 26 16 69 90 50 71 74 69 39 66 26 60 81 11 35 66 30 51 17 14 11 18 51 
99 43 93 96 2 79 90 50 4 5 71 93 55 41 67 75 32 32 1 91 64 63 77 81 92 27 97 58 38 66 
60 88 9 5 83 62 83 24 64 38 29 34 30 35 74 48 61 5 31 13 48 95 75 24 27 67 3 24 76 40 
89 35 79 49 91 13 11 73 36 74 10 16 7 92 2 32 39 63 89 22 75 88 68 50 11 94 68 13 17 95 
4 58 81 34 6 72 46 16 96 82 89 6 49 47 49 51 79 39 65 19 60 39 6 79 40 68 73 59 81 41 
5 36 50 86 22 56 9 67 23 4 100 64 61 49 10 61 51 40 100 15 58 11 5 63 90 45 31 14 55 63 
54 60 50 4 97 71 11 5 90 33 60 41 96 73 41 6 33 91 97 32 5 55 95 62 69 84 6 99 97 12 
13 2 71 63 57 67 85 67 23 26 52 83 67 47 7 7 4 39 50 1 23 54 7 17 15 75 52 72 26 48 
84 38 1 6 52 10 25 89 28 99 14 79 81 80 78 39 39 33 78 88 33 100 93 91 68 60 18 19 83 95 
18 66 84 18 24 36 27 100 76 7 98 89 85 31 21 14 69 59 47 46 98 31 97 90 22 64 49 91 82 32 
85 99 49 68 69 24 55 47 23 30 53 21 19 90 51 91 3 19 1 49 17 98 80 13 87 1 77 36 43 10 
19 27 61 19 94 29 43 49 27 65 30 80 85 100 69 35 90 71 6 90 20 22 87 51 34 74 51 62 61 93 
24 31 71 84 49 64 64 91 64 90 56 94 69 92 93 89 27 83 60 32 24 31 5 11 81 38 36 83 52 48 
27 75 78 97 10 26 12 73 69 76 62 24 21 83 15 13 71 93 47 82 76 71 64 80 33 96 70 20 30 21 
67 56 47 44 4 56 21 68 28 89 95 41 64 15 75 31 79 98 75 26 31 3 48 95 34 32 42 3 51 72 
75 17 79 21 12 83 28 84 2 7 25 96 100 88 62 74 70 40 71 45 17 2 47 16 48 80 47 89 35 97 
60 61 65 39 34 28 73 61 12 26 68 36 21 19 75 82 92 45 73 15 41 90 68 39 5 15 18 52 55 4 
100 15 65 17 5 98 44 29 58 7 54 77 94 26 95 69 59 39 65 31 53 57 20 72 95 25 86 64 28 40 
68 79 6 84 95 62 81 91 42 90 97 95 19 91 72 65 59 30 3 75 61 7 31 80 78 25 56 15 40 35 
7 7 14 12 90 60 26 22 50 67 12 47 14 82 37 85 46 47 67 1 73 27 7 3 58 37 79 66 51 18 
100 9 77 65 21 18 77 46 40 26 64 3 24 77 84 12 14 29 10 80 29 82 6 88 36 63 76 14 28 78 
84 80 87 12 96 59 29 72 56 20 98 19 22 73 96 57 85 9 38 94 88 18 76 45 57 11 59 32 77 87 
