76 10 9
23 34 72 41 3 60 99 48 97 97 
85 34 8 77 40 27 66 69 91 34 
95 43 55 70 46 12 66 49 88 27 
89 10 60 61 2 14 20 100 62 68 
49 46 54 56 74 45 34 39 13 76 
25 59 18 31 80 63 42 45 63 81 
72 52 42 83 12 44 49 83 43 10 
51 43 7 4 50 32 48 83 22 13 
59 98 23 28 28 3 91 22 47 5 
2 70 56 96 5 19 39 5 2 33 
14 4 76 72 59 77 55 58 60 76 
22 70 26 45 97 53 47 39 26 93 
96 80 15 3 75 71 22 13 75 75 
97 40 30 24 63 88 1 17 45 12 
44 67 81 69 11 29 74 9 20 99 
53 15 78 67 17 4 89 90 68 63 
16 65 54 45 88 16 32 88 32 29 
99 28 95 31 96 57 12 21 65 31 
20 17 45 49 36 13 5 24 3 72 
87 70 36 40 15 76 8 46 15 39 
74 14 18 20 96 14 28 7 34 92 
37 5 61 33 6 96 46 10 19 100 
81 57 69 69 49 35 44 56 81 58 
46 6 23 64 78 71 29 5 77 14 
97 66 19 9 98 24 4 95 85 74 
46 65 31 67 85 31 1 28 38 33 
38 35 91 12 98 68 82 78 72 11 
92 20 76 62 28 73 37 83 20 21 
57 65 37 39 83 22 69 84 1 6 
68 90 92 58 2 90 25 35 19 49 
45 10 20 72 23 100 97 59 82 16 
31 90 32 68 28 15 89 96 98 41 
53 65 31 45 23 84 86 99 70 56 
99 67 18 71 38 40 70 34 99 3 
49 29 93 81 48 20 95 36 68 44 
77 20 60 59 16 34 42 53 33 11 
61 83 77 78 53 67 17 74 100 67 
77 1 48 69 33 95 88 27 83 55 
22 11 27 81 21 94 15 62 99 99 
24 59 33 53 36 86 19 4 59 18 
23 87 70 70 55 2 16 95 80 50 
1 1 12 79 34 32 73 48 93 23 
98 69 81 30 21 68 67 39 23 78 
8 45 64 78 66 71 79 82 65 59 
83 17 11 95 96 44 26 68 91 71 
42 40 39 74 22 59 41 88 49 15 
17 56 60 33 85 25 3 64 58 19 
74 41 35 84 35 30 28 12 49 70 
82 90 10 20 63 31 78 55 70 78 
22 87 34 81 71 18 57 25 33 67 
43 6 59 29 90 45 11 17 56 59 
86 38 1 47 9 15 77 39 22 99 
16 43 37 49 75 7 19 83 31 51 
1 25 57 59 5 98 3 15 66 11 
26 51 48 26 50 56 92 78 94 65 
76 10 59 12 10 33 70 28 68 52 
31 68 76 39 79 81 36 33 47 1 
43 72 3 90 49 4 98 41 82 43 
57 57 4 16 21 14 100 42 93 67 
94 75 87 69 13 17 1 100 49 48 
52 92 19 7 33 20 10 30 60 43 
25 16 52 28 83 72 93 83 65 38 
1 58 12 87 79 77 3 79 76 4 
78 80 95 49 86 27 68 47 9 79 
90 33 46 41 60 29 64 5 11 28 
42 11 86 53 50 64 81 4 94 9 
7 72 88 53 20 25 80 87 71 88 
65 12 72 62 52 83 90 67 87 100 
95 28 63 32 33 12 95 65 15 88 
73 74 11 60 26 30 36 5 68 7 
44 84 70 67 46 22 50 87 40 36 
87 34 16 1 65 100 12 11 64 78 
51 37 51 61 48 29 43 84 85 62 
42 29 46 11 47 43 84 96 29 24 
84 67 9 99 67 74 98 30 36 61 
60 86 49 10 99 97 90 41 32 75 
