101 142 99
19 3 95 26 14 91 39 1 77 11 28 2 69 42 32 20 47 66 37 40 36 59 73 42 46 33 36 84 33 78 91 51 32 85 28 98 27 19 98 3 29 25 56 49 19 39 68 65 4 56 4 92 14 29 33 12 61 68 47 93 97 37 96 81 21 75 30 99 93 79 1 73 4 8 22 74 47 41 38 2 97 94 93 62 22 77 73 34 45 20 26 93 56 73 25 29 48 54 27 40 33 80 13 88 39 86 61 85 26 50 39 74 43 31 88 16 8 12 49 4 31 27 48 39 99 25 19 46 78 97 38 62 76 2 49 67 87 61 3 64 11 41 
90 5 24 77 73 31 88 73 86 71 99 85 9 50 9 79 95 87 75 84 100 51 85 1 69 23 61 71 87 23 12 28 80 35 56 52 17 95 76 54 65 75 38 25 24 99 3 70 85 78 54 36 80 90 36 48 13 97 70 99 71 81 78 50 67 33 1 35 27 29 40 92 3 30 68 78 28 71 47 64 100 52 99 31 42 35 78 54 31 47 4 1 80 33 51 98 65 3 33 91 31 72 34 85 53 54 14 80 76 13 43 75 64 42 5 57 76 34 62 58 32 17 58 11 49 60 9 13 15 93 56 97 16 41 34 69 94 47 48 69 59 91 
95 75 32 51 31 59 84 45 16 16 61 25 78 10 85 38 22 51 30 29 99 98 70 32 66 63 31 65 84 89 7 78 15 90 29 46 48 64 90 63 79 2 88 9 11 24 46 85 26 28 13 24 25 34 8 42 49 38 58 32 78 65 61 93 54 41 90 54 5 31 68 35 32 55 43 95 30 41 79 55 68 43 31 44 77 38 85 77 27 94 8 56 58 20 48 64 61 89 17 17 19 84 51 3 91 46 97 72 38 27 79 5 69 9 100 97 98 84 73 76 77 32 31 87 52 31 50 64 19 18 80 90 53 82 92 95 27 40 19 16 18 97 
20 38 57 19 35 6 54 59 33 83 43 63 21 46 93 22 9 64 39 40 5 43 21 48 90 100 87 8 15 56 56 87 93 12 57 79 69 63 90 1 45 32 63 65 77 8 86 37 23 76 28 27 70 48 74 59 99 12 18 66 67 73 4 11 36 60 90 4 22 79 4 18 10 19 82 38 78 19 26 52 46 53 78 16 52 3 26 3 66 44 68 84 16 71 94 52 82 83 55 4 61 11 21 22 81 55 11 58 25 36 9 71 40 38 38 92 92 63 94 9 6 13 92 74 35 37 25 16 20 31 19 32 41 92 6 21 98 68 30 74 56 90 
96 95 79 33 38 22 48 31 30 5 95 73 78 29 10 2 45 81 85 15 64 77 6 21 50 55 89 79 29 44 21 24 90 51 57 28 73 56 10 54 60 5 79 38 33 88 91 29 20 75 44 35 52 1 8 1 56 96 31 84 91 51 7 80 54 15 7 26 22 17 31 82 73 9 19 5 48 61 86 19 36 29 54 39 29 61 39 36 8 21 19 98 24 78 29 77 44 88 54 66 56 84 47 28 93 17 84 40 77 69 59 64 97 64 2 78 24 92 13 83 13 84 32 88 13 60 64 56 99 17 73 54 100 19 81 44 87 17 84 16 85 94 
79 34 57 33 63 32 24 75 66 88 10 97 75 22 8 90 78 7 6 2 12 58 21 93 1 59 61 36 74 45 29 5 30 37 37 92 20 12 19 85 52 28 81 78 2 41 68 31 47 25 32 58 82 4 2 35 63 62 70 36 59 51 92 88 39 28 32 59 40 50 43 91 29 76 68 30 16 87 60 14 12 92 23 45 95 77 31 9 90 53 97 48 55 88 88 93 16 71 51 7 20 46 49 100 73 68 30 88 55 41 53 18 84 27 14 31 3 45 39 93 49 87 92 3 75 31 95 42 1 98 48 72 43 96 72 15 15 53 54 69 45 58 
38 29 84 52 11 87 48 1 31 96 88 74 98 62 5 44 55 5 41 2 29 35 49 100 49 63 4 54 84 48 63 21 28 47 24 90 85 71 91 15 18 78 88 67 91 92 11 45 49 51 98 77 86 46 28 86 60 83 92 43 82 54 16 62 100 39 51 84 62 41 50 79 70 38 46 12 81 56 8 81 58 5 9 95 2 36 81 14 70 24 8 52 77 23 13 29 62 63 12 75 56 62 53 77 51 50 41 83 57 48 64 15 5 72 61 58 60 41 71 29 64 79 80 93 1 44 21 14 59 32 88 66 45 93 42 47 42 34 30 51 82 45 
65 38 16 25 95 27 18 66 56 33 96 87 25 48 83 45 14 41 29 1 6 25 45 99 24 39 85 5 89 66 49 5 55 16 81 49 43 98 66 50 83 61 88 59 9 70 4 22 62 84 74 19 60 71 70 83 9 54 39 97 71 87 1 25 3 81 25 97 31 91 98 65 51 37 23 11 59 78 84 20 61 10 91 73 80 60 7 88 65 46 36 87 84 36 11 38 68 87 34 50 77 83 14 80 20 37 90 78 14 26 49 27 35 39 51 14 50 57 53 14 54 88 100 38 23 62 75 42 49 61 92 77 43 57 56 62 93 98 91 59 23 40 
85 9 78 35 22 28 43 74 93 97 61 45 86 35 58 60 76 58 72 19 35 15 76 42 28 20 39 71 78 13 10 14 21 39 48 94 18 43 19 11 39 31 7 76 65 64 87 93 22 59 63 8 25 90 49 4 10 40 74 87 52 35 1 25 74 100 18 91 42 89 53 32 19 11 59 84 75 46 28 48 4 90 55 28 80 55 31 41 94 57 27 46 91 79 22 64 31 91 7 24 79 59 8 98 70 66 81 96 11 60 43 66 49 49 93 80 3 76 20 97 32 99 94 22 29 15 38 59 5 44 35 84 54 42 81 75 59 13 70 70 72 64 
87 72 64 80 52 67 7 23 15 38 21 8 11 50 74 48 60 30 91 94 65 97 87 97 71 46 9 93 67 32 8 53 56 72 84 59 90 90 81 4 79 54 63 90 3 36 89 14 17 80 8 82 28 46 78 98 91 87 42 9 70 50 62 77 21 97 35 62 39 68 65 17 21 27 6 23 14 47 88 30 26 95 11 5 41 89 54 83 27 96 92 48 45 5 25 17 1 59 78 39 78 94 8 98 72 65 72 85 11 60 66 88 54 29 92 46 69 46 29 47 41 72 94 37 76 70 5 28 81 34 19 58 27 78 56 98 42 27 34 53 86 51 
92 92 79 84 37 47 81 17 93 73 40 39 9 67 8 65 95 88 98 65 46 24 42 1 73 35 79 58 39 65 8 31 56 87 14 44 85 94 13 30 66 52 20 26 19 27 90 65 67 87 81 12 62 74 64 86 8 42 43 47 6 50 77 13 88 42 9 25 87 73 54 52 76 25 29 46 51 70 10 17 56 42 80 69 15 43 54 75 85 96 73 42 45 1 7 85 42 67 9 28 39 62 31 66 86 11 12 88 80 73 57 87 15 36 7 81 79 60 7 15 7 79 8 3 79 66 87 72 32 95 51 22 8 33 88 45 43 99 33 74 71 41 
60 37 76 66 18 6 77 24 20 83 55 80 86 85 45 24 9 77 19 59 50 26 44 37 23 38 87 7 12 10 47 23 46 22 41 15 80 69 91 51 52 45 30 89 81 75 12 89 3 82 48 52 8 43 41 82 80 27 88 91 88 34 66 86 7 6 100 86 26 90 37 77 86 66 17 19 92 81 7 94 62 6 46 21 48 38 2 28 16 89 70 4 74 87 89 81 44 40 18 70 82 6 46 19 24 15 37 15 95 44 61 56 49 58 29 97 95 30 76 10 71 97 65 96 84 53 28 27 45 46 96 26 3 94 44 26 8 81 93 54 76 53 
61 24 10 89 72 56 71 47 17 93 96 82 88 79 86 16 5 30 13 53 7 15 98 51 41 57 83 33 10 58 37 22 33 46 11 5 53 33 3 69 25 98 2 64 28 88 79 33 69 43 37 76 58 34 78 98 90 12 82 99 69 18 72 53 15 34 57 19 66 12 87 42 61 89 58 89 28 36 73 96 79 9 23 88 94 100 37 83 11 18 33 31 87 4 84 53 38 92 71 55 55 57 49 16 97 6 4 76 93 28 72 23 88 94 10 81 46 46 15 8 63 47 39 1 2 74 53 91 17 23 46 72 32 94 87 80 99 42 56 91 21 79 
14 8 24 75 88 69 21 2 29 35 100 19 36 1 92 40 92 8 15 89 79 46 82 17 77 32 10 32 74 30 62 39 37 86 14 76 6 86 77 86 72 28 4 7 29 95 99 72 55 13 60 85 10 93 2 86 76 63 70 1 93 31 40 29 68 5 5 26 42 33 11 13 13 15 72 41 61 70 64 67 34 75 52 43 67 5 28 94 67 97 94 11 80 85 40 99 89 96 24 82 80 87 95 92 1 18 84 13 87 99 80 20 73 83 62 91 39 41 84 57 90 78 68 21 14 59 19 3 6 43 36 37 81 30 81 81 99 64 45 85 15 76 
56 87 10 69 30 48 10 13 5 51 42 72 71 56 82 89 10 87 83 97 23 63 79 3 95 77 19 92 62 33 67 69 71 77 90 52 24 99 65 80 1 58 3 71 65 84 11 26 70 94 23 93 56 1 47 3 77 65 94 90 49 60 11 20 88 100 71 64 50 87 43 50 97 98 72 13 81 82 39 51 75 13 95 83 13 41 85 41 6 30 83 6 41 93 25 29 44 48 44 93 86 38 42 82 35 13 95 16 94 85 18 21 97 64 3 9 4 39 1 61 20 83 67 60 27 43 40 70 90 35 62 28 73 55 9 7 19 55 74 65 39 43 
37 35 6 91 95 62 29 96 22 100 30 40 59 57 35 51 78 76 85 92 3 9 98 12 68 17 18 41 33 57 36 69 91 41 59 86 2 39 33 76 38 62 67 48 70 1 50 48 77 87 39 31 95 36 42 62 4 12 55 36 68 90 56 58 82 66 95 84 4 27 11 93 89 77 93 58 78 42 5 6 28 95 36 75 83 30 88 86 41 42 74 60 83 29 17 65 95 64 48 50 90 10 43 30 86 87 88 15 28 44 72 8 91 8 34 73 89 21 58 81 63 83 40 97 12 8 61 58 71 60 59 61 69 1 42 7 39 29 21 67 25 45 
26 67 4 59 39 92 31 48 24 45 31 63 42 94 70 2 51 41 14 9 53 82 62 94 40 100 75 13 18 51 57 95 17 60 5 55 3 36 2 26 80 84 88 73 77 9 27 79 1 40 88 53 73 1 99 13 52 73 25 22 75 33 16 91 92 73 97 46 8 50 23 39 34 10 64 10 70 90 41 71 29 80 75 53 80 73 65 83 97 41 4 71 73 72 13 16 96 9 13 55 59 35 93 44 96 56 53 66 97 93 36 25 24 62 78 3 35 94 38 83 87 93 54 11 64 66 79 11 27 91 65 85 26 58 28 21 65 32 38 62 77 25 
38 100 87 67 55 21 13 92 55 99 36 8 9 100 26 87 10 4 30 27 40 55 36 19 27 100 2 65 13 78 41 3 30 27 21 36 99 33 79 54 83 14 13 44 65 90 30 27 93 59 53 32 65 88 50 44 39 52 8 4 81 48 58 62 27 78 49 25 11 27 30 45 93 43 88 9 84 70 35 77 28 39 8 45 78 10 88 17 13 47 72 93 46 29 7 72 6 55 49 68 34 78 13 78 72 100 86 56 69 73 84 49 63 43 45 41 52 32 57 64 30 28 9 75 56 67 47 13 73 47 81 6 76 45 35 100 44 73 7 65 45 90 
65 59 32 9 99 84 92 7 99 21 86 59 95 93 77 93 6 50 39 86 7 67 30 42 66 25 14 72 41 10 61 5 68 44 65 67 79 56 25 78 76 11 88 23 3 65 15 8 66 6 45 72 72 26 65 89 3 30 60 43 39 72 100 59 15 64 77 94 20 1 23 47 11 62 69 66 78 84 25 43 41 22 15 12 47 31 100 1 61 11 44 51 82 95 9 48 58 85 41 29 38 63 28 100 25 96 17 2 31 42 97 71 63 11 34 61 93 85 62 53 95 57 4 28 51 64 76 60 1 16 89 38 31 16 89 7 63 6 60 94 47 56 
16 61 18 50 21 11 34 82 63 81 38 18 8 88 82 35 48 82 51 88 71 33 55 59 39 17 64 98 62 62 54 78 22 23 79 43 33 64 76 48 44 14 65 4 53 46 38 100 79 40 39 49 24 93 8 62 62 23 12 23 37 17 100 10 39 30 52 72 94 80 19 89 93 35 92 45 81 82 97 11 21 87 60 97 80 19 58 93 93 21 15 81 37 67 91 28 96 94 99 41 73 69 30 65 3 21 62 35 54 10 98 27 96 57 23 27 27 80 71 19 53 86 100 89 4 42 16 99 35 66 92 8 86 21 24 41 93 37 27 47 46 24 
73 94 32 95 72 58 26 43 29 78 80 80 19 83 21 86 33 55 4 24 14 89 96 90 81 89 26 8 35 24 31 59 69 63 53 92 72 30 34 100 60 65 79 78 47 51 15 32 58 18 7 71 7 3 60 87 91 38 46 77 61 77 35 81 91 39 72 14 20 6 14 79 22 44 8 69 47 23 52 4 40 58 74 98 60 86 37 2 23 82 78 35 10 64 15 100 54 86 14 74 43 79 4 65 74 12 85 20 34 36 23 25 45 49 23 57 86 59 58 8 40 88 94 2 51 8 1 57 45 66 82 88 96 85 4 70 96 40 41 81 75 64 
6 71 64 28 27 49 38 85 8 29 24 1 30 74 60 83 82 4 100 63 43 96 48 98 17 95 37 57 76 63 72 33 34 35 12 60 35 49 96 42 77 19 94 7 45 53 89 26 9 88 89 3 35 88 1 51 82 89 60 9 52 83 41 37 18 52 48 4 52 44 46 29 14 39 87 10 44 75 88 4 14 28 6 1 15 58 3 48 47 62 57 50 45 49 86 14 1 33 17 52 28 14 32 42 5 18 3 48 44 90 51 10 17 8 10 31 66 12 79 64 74 87 13 70 35 98 35 87 82 3 39 10 69 22 3 73 40 5 72 83 95 74 
92 63 81 53 94 98 65 24 13 90 62 25 59 96 74 45 83 56 47 73 17 15 94 19 39 85 75 10 68 69 83 11 32 16 64 77 65 80 52 78 69 13 54 79 60 80 23 94 87 21 66 3 88 12 73 26 96 47 88 15 68 22 78 51 89 93 27 54 72 30 83 40 42 88 70 53 67 44 47 5 16 64 59 3 75 83 81 23 30 68 89 97 89 66 99 78 58 25 83 81 54 65 72 47 4 41 51 23 36 97 27 52 13 38 54 39 20 34 61 49 53 2 97 94 67 95 23 77 71 5 57 76 21 81 74 24 21 25 46 57 73 25 
60 85 62 13 24 81 99 36 82 51 37 30 96 56 77 18 84 47 22 92 75 42 72 48 18 45 24 15 53 97 39 12 33 52 24 8 85 74 44 66 77 32 47 72 39 23 90 22 22 11 14 96 5 37 95 74 81 19 88 33 67 79 44 99 30 20 7 14 93 2 31 69 85 78 41 24 100 82 97 73 44 62 68 100 99 63 73 79 81 61 12 99 91 7 97 20 26 55 34 19 8 16 39 93 93 31 68 45 12 64 17 56 78 37 55 76 99 80 54 31 92 17 29 82 24 77 1 49 84 86 19 91 2 58 35 46 88 2 42 52 18 59 
59 95 95 13 70 45 44 75 27 35 44 7 16 67 83 69 67 66 54 86 9 7 95 43 5 82 45 46 85 14 4 43 60 50 8 29 46 51 55 72 86 98 78 1 16 13 21 83 30 27 68 38 33 62 81 89 95 77 35 80 42 90 74 1 92 81 81 37 32 35 61 17 85 38 69 100 50 42 82 80 68 1 69 52 14 49 41 61 77 75 92 18 16 65 70 7 46 50 96 29 37 56 45 21 93 65 72 95 6 6 26 25 6 94 77 72 95 17 32 23 43 23 93 10 39 62 17 84 12 64 12 48 19 8 20 63 25 91 57 82 48 34 
7 54 80 83 77 74 51 8 48 45 82 40 54 20 2 22 56 65 85 19 64 3 27 83 18 3 25 26 84 73 60 42 78 39 76 54 64 26 13 63 22 94 3 76 65 4 49 20 20 86 39 83 40 17 65 57 19 41 83 54 65 94 96 42 84 71 47 47 49 11 9 70 4 63 97 21 18 46 40 37 83 78 19 22 94 35 79 64 76 13 18 40 6 13 34 89 35 32 87 83 43 47 53 98 10 49 18 27 46 58 64 28 87 34 50 81 69 80 96 96 92 13 35 97 25 20 37 12 52 23 94 94 69 46 91 30 47 61 57 44 18 72 
72 56 57 73 36 25 52 84 20 95 96 7 43 73 26 79 84 29 1 77 22 21 75 65 51 21 25 59 64 94 30 87 49 86 59 37 63 62 20 34 8 15 92 50 39 70 28 22 98 80 99 72 1 25 36 51 45 12 61 60 57 90 47 5 27 57 93 41 71 12 27 78 79 18 28 17 87 55 91 37 35 41 8 87 65 95 37 61 58 97 20 14 38 18 70 16 75 63 9 45 26 35 74 56 4 1 25 91 8 15 79 42 7 38 28 71 32 16 31 41 64 50 54 53 68 75 68 94 37 76 90 15 62 63 70 66 64 94 8 71 60 86 
64 66 23 43 36 6 58 18 98 73 20 3 25 39 77 92 84 14 20 73 28 33 35 49 98 50 43 57 72 54 94 35 20 68 77 7 73 86 25 22 58 96 24 82 34 1 26 17 66 97 41 45 29 75 93 79 77 87 35 48 41 81 35 60 48 63 18 21 49 94 94 58 89 18 40 74 70 17 42 35 13 82 79 93 9 23 23 85 10 10 84 50 90 18 61 37 33 78 9 81 72 3 38 60 72 29 34 41 97 27 75 9 9 5 54 17 27 28 53 36 37 88 85 78 58 45 15 90 75 75 22 46 77 59 57 48 40 42 88 36 69 14 
97 77 18 2 45 45 29 49 32 18 36 17 95 93 13 9 82 87 84 3 84 12 14 41 12 5 82 99 92 50 65 88 78 82 89 74 78 70 22 10 87 58 78 81 2 42 42 36 81 77 90 64 88 55 56 99 59 38 50 51 39 14 90 69 47 31 42 77 100 64 38 86 73 15 18 74 8 59 9 88 35 51 52 75 5 59 73 64 48 74 66 39 39 55 7 38 85 48 14 84 63 51 21 35 17 39 61 24 49 21 64 36 71 67 10 76 25 82 91 73 56 56 11 94 10 69 83 47 16 96 82 31 98 3 17 66 93 29 42 41 50 5 
76 72 71 85 47 95 19 89 19 26 44 81 71 6 49 54 52 17 1 33 47 99 87 15 64 79 44 57 72 93 61 99 16 31 36 63 78 54 3 48 31 47 29 1 4 77 6 55 93 7 39 91 57 26 6 72 56 1 29 27 45 89 78 60 72 13 74 49 66 77 96 48 75 76 100 78 53 6 84 97 64 74 88 20 51 45 91 7 97 19 85 41 60 62 100 31 74 74 31 91 2 26 90 76 54 90 5 6 95 88 54 10 61 93 29 12 37 71 70 85 42 54 25 1 68 77 31 93 50 61 36 3 38 25 30 91 66 34 48 12 21 2 
21 33 94 49 96 83 72 65 67 13 71 44 13 38 20 95 82 21 7 17 23 96 94 52 39 59 85 86 71 57 39 91 41 85 92 37 67 63 1 85 75 71 28 87 60 47 33 42 67 39 58 41 34 3 92 72 62 28 10 32 36 48 22 77 32 65 13 50 27 65 87 1 88 14 39 47 13 71 88 79 61 98 20 95 100 63 66 13 43 75 44 78 75 18 54 58 82 18 8 9 83 94 61 70 59 52 68 71 74 8 2 35 57 73 29 56 87 46 69 29 73 64 7 47 81 12 56 15 30 63 75 64 8 35 85 19 38 4 41 64 11 94 
98 67 66 78 75 5 75 95 33 47 58 91 45 91 3 1 5 84 15 79 99 75 65 83 93 3 86 85 66 49 79 15 15 96 44 89 100 18 83 33 65 93 23 61 83 77 13 87 60 80 17 10 54 81 92 98 35 30 82 52 78 60 18 44 56 61 33 7 79 67 39 95 11 14 7 93 90 20 31 2 99 99 11 4 80 55 1 66 36 34 18 13 94 87 56 1 48 40 7 26 59 98 72 69 11 78 14 52 97 96 5 47 95 68 50 26 74 2 91 9 36 60 73 81 47 80 33 94 20 39 71 30 88 42 98 50 19 11 2 68 59 58 
66 53 77 68 78 50 69 68 58 4 28 82 36 26 62 68 19 81 59 89 10 46 82 59 96 100 22 49 19 80 6 85 32 35 52 9 84 72 28 94 28 7 75 63 32 88 31 2 20 89 90 29 34 71 40 29 23 61 29 93 40 87 29 23 21 80 83 4 4 10 49 31 17 76 93 100 63 23 2 83 63 43 63 49 66 2 29 88 14 58 32 5 44 61 27 64 92 61 19 95 71 20 25 39 47 70 90 9 44 91 43 7 34 6 55 51 59 83 38 25 92 21 29 35 81 8 50 73 20 21 19 42 40 44 80 86 13 22 46 56 64 89 
14 49 46 20 99 56 3 88 32 46 9 61 81 41 20 82 13 39 2 84 81 93 79 12 30 43 85 76 50 49 16 64 97 13 83 96 68 37 83 100 83 43 12 15 84 83 48 48 73 50 31 5 94 9 17 24 51 53 51 1 1 66 16 98 78 50 45 97 87 79 48 21 22 11 87 5 45 34 52 18 35 83 22 81 43 90 4 94 43 6 46 95 71 61 92 100 10 88 48 48 67 48 20 88 10 6 44 55 92 95 72 78 29 45 58 72 87 13 17 29 18 62 23 40 74 67 39 35 6 39 83 72 38 2 11 47 60 54 1 3 1 24 
80 29 69 90 100 55 2 68 35 20 29 9 59 54 27 50 89 33 40 71 56 77 24 67 75 35 72 76 37 72 51 17 1 71 6 52 77 59 20 11 30 100 72 41 54 98 42 42 82 81 64 38 9 39 56 83 74 27 10 10 99 61 78 51 31 35 2 8 46 73 70 75 73 41 15 78 91 56 71 24 88 34 13 48 24 68 31 97 47 92 59 45 52 88 47 35 23 48 94 68 73 63 94 45 56 9 74 98 16 44 73 56 29 86 3 52 5 85 49 51 77 59 47 80 46 93 66 68 93 59 87 65 74 81 61 81 41 34 30 8 29 2 
63 57 87 18 8 44 2 8 94 30 66 93 10 12 37 27 31 29 86 18 45 11 50 57 91 42 90 20 1 18 73 64 26 60 81 34 55 34 41 48 64 7 92 25 70 29 51 100 9 88 69 6 50 18 62 92 11 4 63 12 21 36 27 47 47 7 32 1 92 24 100 55 82 92 31 51 72 34 51 32 73 19 37 23 89 51 14 99 54 77 62 26 64 88 24 10 46 55 62 38 79 61 44 12 4 75 63 27 8 65 59 80 83 47 54 23 97 68 74 50 96 35 28 11 23 51 20 68 6 81 57 36 93 1 47 97 75 61 23 34 25 33 
65 60 80 19 82 28 38 7 30 85 42 57 95 16 7 14 35 64 46 92 51 38 92 50 86 18 10 61 3 35 93 67 94 24 85 27 4 74 34 33 58 27 41 52 42 47 65 76 63 62 19 13 52 62 62 37 79 24 97 81 58 42 100 3 17 36 81 20 10 14 4 67 40 44 19 33 43 35 61 57 97 79 69 48 93 83 36 71 6 33 4 15 26 55 69 42 90 49 14 99 63 17 66 54 13 84 39 55 70 99 11 66 29 31 65 21 65 1 44 22 85 99 36 62 53 4 3 42 5 68 41 19 85 6 72 97 41 62 3 62 60 65 
80 41 95 44 61 12 96 56 33 32 54 21 93 6 76 96 48 80 63 40 98 99 97 70 47 89 83 49 50 43 13 29 35 60 25 95 71 20 3 3 52 56 23 44 62 99 91 61 78 6 100 28 4 96 49 3 84 31 51 85 73 16 14 59 75 38 54 97 9 56 99 12 63 74 8 76 24 50 36 53 55 87 80 11 34 28 13 69 59 15 54 83 30 19 42 56 8 47 52 16 54 3 80 16 28 87 92 51 36 79 55 43 66 35 5 51 14 17 20 24 83 73 7 65 43 100 20 50 98 24 17 51 78 96 18 5 34 61 7 22 40 61 
16 57 47 20 7 13 88 26 36 70 50 94 34 92 93 6 93 42 81 10 92 58 57 62 14 91 22 20 64 61 32 79 69 31 98 76 43 85 53 30 6 3 24 40 46 68 97 39 10 77 48 1 86 4 62 99 46 36 18 61 96 1 39 65 31 88 92 25 24 44 55 30 98 78 21 44 45 17 82 6 45 81 59 30 36 72 28 82 7 97 42 55 97 33 71 80 20 62 4 44 5 58 25 3 87 45 98 84 13 79 89 57 59 47 38 46 19 65 27 77 13 21 31 9 53 1 40 24 62 44 67 19 53 43 73 92 87 70 75 51 100 15 
59 10 14 96 55 84 12 82 60 24 54 91 85 58 91 24 81 5 19 100 75 24 42 47 15 81 68 41 31 67 7 90 76 20 85 82 55 49 15 15 72 68 57 56 25 99 32 6 3 50 57 77 73 98 75 39 78 42 79 61 8 86 50 35 57 86 17 12 34 31 78 58 51 34 13 75 32 44 32 87 46 88 63 18 38 90 9 67 31 87 27 91 24 28 25 33 14 93 44 99 24 73 56 26 6 21 100 89 16 84 75 61 71 90 31 8 79 39 27 9 77 53 51 1 81 76 33 46 20 28 96 95 100 52 20 57 24 20 45 91 55 20 
52 25 9 34 85 39 72 11 47 100 15 50 100 95 25 84 92 96 63 88 91 14 91 10 70 14 81 67 4 35 86 7 12 46 40 48 36 63 10 34 63 24 83 14 19 59 50 10 55 12 49 45 78 39 6 47 52 39 65 8 25 50 14 36 47 6 35 82 20 44 16 82 68 98 96 38 57 97 99 63 8 48 59 85 86 64 84 90 54 48 97 79 50 62 66 48 19 1 82 39 96 49 20 63 98 67 100 6 63 51 68 23 98 26 7 83 42 42 72 95 42 20 73 91 82 91 90 100 43 71 38 38 19 10 1 69 76 52 74 91 2 42 
13 51 19 71 34 60 65 57 55 6 77 79 48 10 21 37 9 63 60 99 1 30 8 53 98 35 56 72 25 10 65 89 60 83 60 45 95 76 2 1 81 30 31 28 39 52 16 47 66 27 97 18 57 4 22 54 91 78 77 67 39 93 56 98 28 67 95 22 42 96 22 22 77 4 1 15 55 68 13 73 95 10 90 51 65 12 56 55 41 85 22 79 77 77 28 4 43 74 25 36 21 98 9 97 2 61 11 8 28 24 80 22 85 22 24 49 85 32 4 25 16 25 55 44 53 34 100 47 60 24 82 80 74 42 77 27 2 39 34 29 14 66 
3 98 87 78 47 71 9 2 47 76 26 1 72 30 86 71 76 45 46 9 25 19 2 53 45 3 43 31 31 57 96 85 54 34 63 52 4 23 53 2 51 30 54 22 59 39 92 86 36 37 46 12 8 47 16 4 49 58 34 32 14 81 68 20 14 82 71 69 5 24 70 7 53 23 28 12 14 71 49 49 59 95 12 66 93 27 70 42 84 3 25 50 36 92 69 49 26 39 70 82 62 39 88 67 14 67 30 79 37 78 79 47 24 90 13 17 16 82 10 51 36 86 100 71 29 20 72 54 59 41 35 72 31 74 38 44 40 19 74 28 97 52 
75 72 41 87 88 8 20 49 11 55 34 62 78 63 82 49 68 40 41 3 63 71 76 53 67 68 71 40 95 19 92 21 91 84 7 30 44 78 31 54 85 64 15 62 78 96 62 46 87 2 100 50 72 27 2 90 94 24 30 41 43 73 61 85 56 20 66 99 97 96 52 81 12 19 94 41 14 55 38 1 56 37 2 80 64 55 69 9 78 98 49 72 22 10 56 30 29 74 28 77 69 32 58 32 50 3 73 15 58 10 67 13 99 68 44 14 22 13 22 100 62 71 23 84 32 79 13 12 4 92 88 24 75 97 56 76 100 80 91 57 41 9 
21 39 77 65 4 98 29 26 49 42 48 72 77 31 2 41 42 5 33 29 28 59 26 35 35 77 14 77 85 55 85 5 45 61 21 49 11 1 26 59 43 25 82 19 55 35 60 96 39 44 76 19 2 53 53 36 29 19 12 13 25 97 70 21 9 90 21 19 91 46 30 85 22 63 3 76 98 62 23 88 5 99 58 7 51 63 94 32 81 58 44 5 6 13 77 14 55 98 85 97 43 66 81 17 28 83 92 77 97 67 65 53 65 74 11 67 36 5 98 16 14 94 72 19 6 49 32 12 46 68 8 40 33 40 56 13 75 100 89 71 66 5 
75 82 79 86 48 14 42 98 82 55 91 5 73 48 53 56 12 50 24 19 42 8 11 49 20 85 48 61 7 65 17 33 46 47 18 46 13 11 95 46 17 85 50 41 84 55 97 95 4 72 66 97 79 76 46 51 12 45 11 70 10 79 2 7 26 72 4 90 82 98 35 99 34 84 39 18 38 87 64 94 58 29 90 89 56 35 39 67 80 1 36 41 79 90 99 56 61 3 45 42 52 31 92 86 15 83 55 4 21 18 97 79 99 39 67 54 73 57 73 4 57 60 96 35 49 95 43 61 49 87 3 52 70 46 37 84 80 43 39 1 13 88 
31 11 26 49 16 50 5 40 6 61 100 1 95 100 47 37 61 47 76 15 99 45 12 87 80 92 30 70 44 42 57 74 4 82 22 71 84 26 11 89 38 62 41 84 61 88 73 73 34 48 87 32 44 99 19 75 42 100 44 85 93 53 10 48 34 31 18 17 8 28 57 97 89 98 80 2 85 52 74 70 51 13 54 46 11 72 20 4 23 16 88 15 68 97 62 53 79 79 22 38 59 78 34 47 75 65 48 59 17 74 81 19 86 34 65 48 57 36 51 79 3 90 45 70 38 58 75 68 88 96 57 46 73 42 45 48 6 44 58 74 17 90 
93 2 23 9 1 79 96 51 9 99 92 53 20 29 62 94 96 50 41 52 95 66 93 91 65 51 35 22 24 3 64 68 5 86 28 57 17 24 8 25 22 51 30 93 80 91 39 27 92 79 31 87 44 23 29 8 25 63 82 49 66 45 68 22 82 96 78 98 19 37 75 92 88 4 36 19 46 74 45 38 5 75 76 100 50 4 60 74 19 93 74 84 89 94 57 70 89 86 20 59 75 94 2 62 49 37 32 94 63 76 83 19 3 58 70 4 62 29 77 80 73 3 15 61 96 71 83 36 8 54 46 82 99 47 43 47 35 26 92 49 2 75 
67 56 32 37 59 45 17 87 24 90 89 90 2 36 12 84 23 20 89 68 1 87 14 96 33 49 21 25 49 22 51 16 29 82 4 87 27 20 74 2 61 14 44 63 2 55 46 24 74 87 92 75 73 5 70 6 5 90 82 54 64 32 21 92 65 24 31 43 95 4 45 56 69 88 18 70 42 15 46 16 1 37 42 74 93 11 31 50 100 12 3 15 95 75 7 59 50 37 2 44 92 98 99 12 37 16 34 30 83 79 45 83 15 38 8 59 48 38 8 100 1 62 14 95 36 72 54 85 60 7 29 3 4 79 15 40 47 100 69 29 78 66 
63 44 3 71 2 3 60 10 54 61 71 19 55 59 43 60 43 2 66 23 57 21 2 23 60 48 22 81 28 51 46 90 94 100 60 95 54 72 56 7 32 79 26 38 37 68 98 31 21 15 54 77 36 7 51 47 6 72 27 33 22 24 22 15 76 34 62 29 5 69 88 88 47 65 25 35 84 74 66 4 89 71 33 76 77 83 22 82 7 1 66 28 76 39 95 51 72 8 32 28 76 19 15 75 35 92 9 18 65 26 21 53 96 5 28 24 88 2 57 94 2 22 73 29 61 67 80 84 26 63 64 2 33 30 28 67 21 88 84 86 14 56 
38 61 61 18 37 100 19 93 45 72 67 69 100 79 88 31 14 13 93 77 66 77 7 93 43 27 33 78 64 46 86 2 58 98 71 94 97 41 39 93 12 57 61 63 87 48 94 100 13 38 29 78 15 87 23 9 65 55 87 29 52 24 82 9 21 52 55 69 92 93 61 55 1 73 17 87 73 10 86 37 100 66 14 66 52 88 74 17 94 12 45 45 35 26 6 55 29 60 75 20 4 87 74 4 60 42 42 84 4 27 20 3 93 85 68 44 25 93 12 18 5 8 63 39 85 20 46 13 31 20 84 86 7 9 41 18 51 82 53 54 8 24 
56 52 8 75 48 32 67 59 50 23 19 64 14 3 35 11 16 65 30 51 50 88 60 90 57 10 71 61 63 30 84 70 82 92 96 81 75 14 91 76 37 9 91 50 12 25 60 79 89 41 29 90 81 88 79 89 49 1 50 63 31 33 32 64 24 79 44 51 93 86 26 29 95 69 30 58 93 89 88 82 81 16 23 13 56 2 2 56 2 51 19 84 83 2 47 59 81 42 9 73 28 86 53 22 54 82 31 47 22 18 80 2 85 2 67 40 55 68 48 9 18 66 92 100 67 91 58 47 32 18 71 59 56 23 32 9 56 62 7 77 31 38 
31 16 92 97 7 98 64 54 6 81 19 50 32 38 40 42 36 71 59 59 82 66 81 65 27 37 27 85 65 57 23 95 24 66 43 31 63 6 84 21 38 55 70 22 44 61 63 79 83 73 37 64 39 70 29 65 58 7 1 22 15 23 69 39 40 11 69 55 69 4 75 6 10 96 27 53 56 41 32 38 14 20 54 4 41 34 20 98 40 20 20 6 43 40 96 34 50 16 88 18 20 14 76 29 9 54 34 16 47 65 6 60 36 59 63 77 92 82 74 83 1 45 40 95 84 36 81 86 3 20 55 22 34 82 3 94 88 88 62 34 4 67 
45 39 25 59 67 68 92 93 2 44 37 41 91 73 28 71 10 31 90 64 4 75 98 58 21 85 45 82 70 48 48 14 39 24 24 5 43 15 97 96 58 86 88 100 10 16 70 19 98 12 34 1 38 31 11 58 67 7 39 36 55 38 1 45 13 24 49 7 90 98 2 100 83 90 99 44 57 21 14 54 84 47 6 21 30 16 79 96 23 69 84 29 59 36 73 23 12 73 82 1 70 83 52 4 24 51 99 80 23 12 85 6 59 91 26 40 58 56 35 32 77 70 12 35 58 84 9 69 9 90 21 30 25 73 34 48 75 32 80 97 44 64 
2 54 54 27 93 64 35 79 95 11 1 7 97 58 42 5 26 2 47 46 32 71 70 65 18 44 48 97 40 43 61 41 96 66 20 40 29 54 19 76 64 71 34 12 28 27 16 53 29 62 50 60 32 72 76 2 15 75 50 55 18 62 47 65 28 18 57 8 23 27 35 38 97 68 49 24 47 65 28 75 78 29 86 62 100 13 63 15 39 12 21 8 74 19 25 53 37 81 60 59 7 95 97 3 14 97 78 60 61 5 86 91 85 23 52 85 87 14 51 26 77 23 33 2 41 57 54 29 89 66 40 95 12 88 49 77 84 78 89 97 82 74 
87 19 49 38 3 35 3 5 60 31 27 45 33 19 53 38 100 42 3 91 88 66 30 37 95 65 14 83 61 48 56 99 66 56 36 20 91 90 76 2 21 54 98 53 72 51 42 23 92 45 65 31 62 94 67 56 59 33 38 71 32 46 70 49 53 57 20 43 47 95 97 19 48 94 23 71 96 64 46 87 60 10 18 22 4 36 29 14 20 19 84 51 16 5 51 68 14 70 63 12 64 59 30 63 4 52 34 100 15 31 38 27 40 55 100 95 43 28 60 14 46 96 65 13 100 15 81 13 37 43 24 100 1 5 15 4 56 48 3 23 30 93 
1 69 99 100 16 41 27 75 55 25 70 71 37 22 37 17 86 73 11 10 25 11 14 39 67 22 38 21 96 67 13 96 87 12 95 2 4 73 29 58 49 50 80 86 71 17 54 9 41 65 18 65 27 83 3 93 56 40 66 3 6 78 98 45 41 44 46 45 69 26 54 17 28 34 54 50 2 8 58 42 24 27 59 50 10 61 95 17 1 60 20 58 89 69 2 30 13 100 74 81 77 79 49 4 64 3 6 65 62 63 59 85 90 17 34 51 29 80 67 81 39 86 91 28 55 44 9 19 43 34 51 72 12 99 27 76 1 32 92 14 95 2 
98 84 70 84 34 51 63 52 31 54 38 21 33 44 65 41 62 59 26 12 82 37 10 9 64 63 92 8 28 86 61 26 21 31 9 6 81 23 58 63 76 47 36 60 90 52 100 51 10 25 14 44 14 75 4 29 89 95 36 17 33 97 42 53 79 2 11 11 76 20 73 52 66 60 11 7 11 63 9 73 39 22 16 4 48 19 33 37 13 68 53 45 16 46 50 46 47 12 56 22 31 81 25 48 40 88 54 51 2 14 23 40 35 90 96 82 8 28 70 72 95 22 69 63 67 18 8 65 29 16 39 11 48 15 58 87 54 63 89 55 76 63 
47 62 4 42 95 11 69 65 35 15 38 3 29 57 72 89 21 52 4 11 62 51 26 71 89 79 85 30 86 60 44 32 73 48 25 67 10 45 83 44 11 21 98 40 77 21 28 49 72 31 60 85 33 37 7 73 15 91 2 52 50 46 35 74 93 59 41 54 3 75 98 66 95 47 5 23 68 32 72 39 14 83 76 98 19 82 70 85 73 24 89 74 21 23 48 13 82 40 18 36 14 15 1 9 14 57 83 81 40 6 19 53 88 46 2 58 28 72 95 100 47 83 25 67 5 72 31 38 11 48 26 25 15 78 85 28 35 67 8 74 25 78 
79 12 24 80 70 51 3 16 2 49 98 78 15 2 50 97 92 12 45 17 88 59 94 24 86 80 43 45 6 67 22 84 78 45 15 99 47 18 14 100 18 63 78 85 65 79 81 8 90 77 24 30 35 69 53 72 1 95 16 6 13 90 89 91 34 55 41 33 72 7 84 42 69 61 26 85 39 58 92 81 35 67 62 21 88 14 93 88 61 60 93 73 49 33 15 35 87 8 19 59 14 2 52 34 63 29 71 53 86 14 85 20 81 46 41 68 12 85 7 72 44 99 96 45 31 11 79 17 18 97 27 83 98 30 16 12 58 86 17 44 52 1 
15 32 99 7 51 10 91 57 33 87 7 28 31 89 90 9 5 59 57 84 41 54 13 9 18 23 46 34 66 97 86 32 80 84 39 30 45 81 38 77 67 96 57 97 84 98 57 41 9 13 24 49 19 88 9 88 10 7 21 27 3 58 59 35 42 97 64 38 29 54 67 96 1 75 92 85 72 1 25 80 65 100 81 83 39 41 70 49 47 42 27 2 100 37 36 93 85 51 30 14 4 48 9 5 22 52 41 46 52 65 25 17 16 57 51 54 98 73 54 96 14 81 97 65 17 32 57 2 83 39 15 38 86 75 94 60 26 34 5 30 50 81 
46 65 90 48 19 39 20 72 34 86 4 31 50 73 14 59 74 48 49 40 86 86 14 31 45 91 65 1 20 14 82 65 31 71 65 49 9 84 72 94 69 28 76 71 100 90 81 25 37 29 64 74 14 29 5 11 19 21 63 39 86 44 55 16 66 19 16 26 55 40 20 75 67 47 45 66 88 25 90 25 5 5 50 19 33 6 81 3 26 43 41 12 39 48 79 4 18 95 82 72 34 53 47 100 99 43 17 87 68 6 63 72 10 12 42 94 70 74 96 95 69 89 58 7 36 37 62 5 83 43 77 68 47 75 67 46 17 35 84 84 40 46 
8 1 9 1 94 78 75 41 25 43 29 82 49 16 70 62 21 52 57 49 19 3 23 37 48 39 71 83 75 62 28 34 62 89 34 55 18 8 48 42 50 76 76 50 44 45 12 16 49 20 64 67 22 38 56 22 76 26 4 2 88 84 35 1 72 69 8 41 28 55 83 30 82 10 79 25 54 42 40 54 61 55 21 35 92 28 56 20 53 59 73 92 42 8 93 65 28 100 6 55 54 40 84 35 49 15 12 54 8 3 8 21 58 80 55 1 7 62 20 11 20 93 3 14 52 47 78 79 46 35 85 51 26 21 37 74 87 48 80 94 3 39 
66 60 18 72 60 76 33 32 86 5 76 40 18 27 86 47 57 83 34 93 85 59 13 22 85 99 21 64 45 23 2 10 34 71 82 46 46 66 77 31 70 52 71 87 30 8 86 38 91 19 30 75 77 43 48 13 93 21 76 37 95 29 99 29 99 32 74 44 97 50 27 67 53 49 5 34 56 42 71 98 60 100 25 89 94 72 1 87 44 29 75 39 57 73 67 8 4 92 3 1 93 29 19 45 77 23 30 85 17 100 82 28 51 6 16 97 30 69 35 73 49 9 11 57 82 29 16 37 20 19 37 12 47 55 8 76 30 37 60 98 88 41 
25 91 47 93 87 76 13 73 100 61 81 11 69 14 91 85 51 11 3 39 74 1 94 82 76 75 70 87 72 58 28 48 48 26 40 86 53 52 58 52 64 90 14 33 4 5 17 54 67 71 92 40 71 37 21 99 63 91 37 86 100 16 34 47 41 25 84 45 77 41 97 40 30 10 24 85 66 92 90 32 62 34 72 85 22 44 35 37 86 71 22 85 87 7 83 79 32 66 24 60 58 72 51 40 81 75 24 99 18 66 30 32 99 1 68 20 97 54 56 82 24 30 67 62 88 1 93 19 67 16 30 24 87 81 15 19 7 39 69 76 4 99 
7 54 51 26 73 47 79 81 81 3 10 47 16 97 47 8 68 65 75 49 41 13 81 55 84 39 45 52 15 100 2 73 53 53 99 78 51 77 10 31 79 19 29 47 67 28 6 86 44 81 35 84 45 67 91 28 6 87 32 20 87 33 92 91 37 90 20 88 67 29 70 97 99 99 95 18 78 1 3 21 81 89 5 25 8 47 5 13 33 36 32 71 68 75 14 5 17 33 44 83 14 13 31 12 63 26 29 40 78 84 61 10 24 17 34 31 63 90 95 47 25 26 18 45 53 31 1 69 15 44 3 28 8 33 40 71 10 20 10 87 55 22 
96 31 38 82 13 52 23 8 99 100 85 68 44 37 98 96 5 12 91 59 40 50 44 31 20 53 2 82 92 57 3 39 39 93 72 51 44 95 58 94 46 43 61 41 31 10 36 36 74 78 46 65 27 89 95 99 94 48 80 37 4 82 75 94 26 99 45 22 45 2 15 90 96 28 30 27 37 17 14 62 94 59 26 72 48 72 70 93 20 49 29 23 83 55 69 8 53 13 29 49 66 96 38 62 23 19 40 11 87 53 73 80 11 50 4 10 22 73 2 41 74 30 15 56 37 83 15 89 95 96 90 13 91 79 74 65 98 13 27 84 17 51 
16 79 1 19 41 74 43 42 14 16 24 80 71 60 63 38 100 9 33 89 21 75 20 46 91 17 10 17 52 26 20 19 57 72 37 97 45 32 38 58 47 13 89 70 24 51 7 76 12 39 16 32 65 35 30 55 3 39 23 55 17 42 25 73 13 14 69 57 45 58 66 91 23 55 60 46 57 18 73 20 8 89 52 72 75 33 26 78 71 1 84 87 42 8 11 7 21 79 63 17 37 81 8 59 87 19 56 95 89 29 15 96 69 18 68 43 50 45 72 72 45 7 11 39 67 21 45 39 52 59 56 88 39 15 98 77 33 53 72 21 33 38 
69 53 55 88 48 56 32 71 79 29 78 89 67 44 62 63 34 13 21 89 52 12 3 49 88 88 53 11 60 38 48 28 90 54 15 89 61 99 60 40 79 37 80 97 32 41 59 65 5 79 6 56 90 60 56 30 47 61 40 59 98 40 86 39 45 53 80 6 3 39 45 33 27 76 29 10 17 87 26 21 17 31 29 59 91 84 88 89 44 79 47 93 18 85 84 15 37 63 20 91 53 16 23 79 91 51 88 59 89 65 32 57 96 60 15 38 95 2 26 91 33 73 83 50 57 18 16 45 32 35 87 36 2 9 14 45 11 53 3 51 18 34 
7 65 93 22 54 88 75 79 30 7 3 12 9 11 82 24 7 65 11 93 1 12 53 66 56 15 19 11 65 88 44 24 4 89 45 57 28 71 87 57 30 90 20 38 52 53 13 59 18 23 3 18 87 8 83 42 22 53 4 39 92 48 62 47 88 58 55 15 28 42 71 57 83 42 46 34 95 59 92 12 33 47 81 19 54 15 13 75 20 16 65 63 15 26 10 2 83 64 16 63 5 38 71 87 32 17 73 26 27 16 89 59 62 69 30 15 35 94 42 54 61 6 17 76 84 26 77 66 41 45 80 98 34 51 36 17 19 8 42 97 24 82 
7 85 2 36 52 37 81 45 90 42 2 58 17 85 35 45 3 76 41 34 73 27 84 8 43 54 16 37 50 91 70 57 27 72 44 30 8 25 74 49 18 28 7 86 12 41 30 66 68 23 100 40 49 35 100 43 89 67 79 90 57 49 98 35 72 42 65 31 18 90 79 87 17 37 72 29 30 53 46 97 75 45 89 23 80 88 18 20 6 48 9 62 48 7 96 19 100 12 49 69 2 80 55 18 16 78 98 97 30 44 94 5 40 34 79 19 73 96 90 78 96 99 91 43 57 86 62 8 50 62 76 51 93 82 68 9 59 18 57 40 61 2 
44 100 35 75 71 7 70 60 84 65 10 74 60 66 12 73 25 61 34 100 63 79 33 30 39 43 47 95 83 59 97 78 11 31 52 81 90 74 92 73 90 2 99 49 19 10 73 44 22 59 95 84 37 28 65 75 22 12 69 56 22 65 34 32 48 37 64 37 10 56 9 52 57 7 52 27 68 25 70 89 83 65 72 19 44 37 93 17 100 13 73 73 78 58 5 77 94 68 13 56 75 73 59 31 32 10 10 99 34 79 40 16 95 63 86 90 51 78 7 50 91 31 75 20 88 79 96 33 98 60 40 73 32 98 55 15 60 64 66 93 95 5 
61 89 67 46 79 18 24 37 19 66 67 93 37 6 23 32 90 73 43 82 97 26 31 3 41 90 19 6 83 13 10 43 53 28 88 83 97 63 19 68 80 37 12 16 42 35 99 84 59 93 65 7 19 95 9 59 85 27 64 19 91 25 61 44 52 100 26 1 15 97 68 46 33 79 14 27 65 64 10 23 57 26 29 75 20 90 33 56 16 48 74 7 72 86 50 75 38 27 75 4 23 42 49 8 21 62 86 37 26 47 60 82 72 40 8 43 29 40 51 97 87 24 3 10 62 4 84 99 82 11 2 57 52 2 16 24 64 1 61 41 47 72 
74 18 11 81 12 92 20 62 88 58 38 42 19 99 97 54 49 78 64 2 86 16 3 1 91 18 1 51 58 47 22 31 16 85 63 28 28 34 89 67 91 26 8 61 24 56 15 24 33 78 25 71 45 80 71 36 97 72 38 7 70 12 89 86 48 52 13 75 85 1 41 28 79 100 40 2 55 54 78 87 84 54 9 28 33 80 15 82 3 53 40 72 64 28 9 11 31 73 37 68 26 77 47 4 76 86 57 30 40 34 68 75 88 77 2 20 8 17 53 10 21 92 33 36 72 94 46 2 66 34 21 91 10 67 94 37 5 51 66 96 36 85 
70 23 13 71 95 20 39 47 81 59 39 66 46 62 11 43 63 76 76 36 67 85 2 12 73 6 14 38 1 50 75 22 24 87 93 18 59 83 17 91 94 7 8 39 68 18 82 82 94 57 17 12 94 71 75 66 76 89 56 29 90 30 2 13 68 94 83 78 29 99 69 22 5 76 12 72 94 93 5 39 2 22 50 47 92 24 12 19 64 19 99 53 100 1 18 68 46 100 45 74 98 65 47 54 41 59 25 34 51 81 24 4 2 73 50 93 48 14 64 64 32 62 68 32 62 85 51 8 84 95 33 33 60 80 86 52 38 62 37 40 43 60 
44 44 84 45 89 83 58 52 46 42 13 14 73 75 50 23 34 34 69 66 66 80 45 52 31 34 65 67 74 7 78 69 51 61 13 39 44 23 90 41 64 54 6 36 80 56 10 65 41 78 31 58 10 27 61 40 61 26 59 34 32 88 2 82 49 66 72 44 88 13 84 51 19 90 38 98 97 47 63 37 77 45 94 38 71 55 29 83 80 39 16 11 27 69 45 27 35 68 70 74 81 5 77 99 46 14 48 42 13 62 30 41 6 24 78 29 30 6 11 61 45 79 71 23 47 67 49 33 35 70 59 67 74 35 17 72 48 64 65 12 78 95 
52 83 70 81 11 51 39 74 11 83 52 33 5 50 100 5 35 86 74 93 4 47 27 20 70 26 35 35 90 12 81 93 47 50 74 9 52 12 82 62 46 33 94 2 83 45 6 17 30 79 61 33 77 39 4 47 16 39 81 5 2 61 98 48 62 23 57 65 34 90 26 79 23 71 80 57 16 37 25 97 15 85 82 91 23 85 37 90 75 69 95 29 81 44 76 94 66 84 58 99 74 83 29 48 6 60 4 21 96 80 17 62 64 98 52 38 35 41 27 9 61 73 89 42 16 17 35 33 100 45 31 25 79 11 24 84 22 79 4 69 58 73 
30 73 22 34 10 56 74 89 17 86 13 5 27 81 21 14 13 73 58 96 49 88 6 73 72 80 51 27 48 9 99 30 81 73 63 43 28 88 83 96 73 47 53 52 27 25 65 40 97 74 87 98 61 44 70 84 23 72 11 23 80 61 52 13 33 66 7 13 53 41 8 77 87 12 28 66 37 44 57 85 69 43 82 30 86 51 65 61 23 75 83 54 88 34 18 20 99 76 84 3 16 44 79 3 55 59 68 91 2 76 28 71 18 9 52 3 12 16 15 86 43 97 39 82 82 9 1 32 84 85 34 100 28 65 54 34 23 73 77 76 48 4 
46 65 12 49 19 23 65 86 8 59 82 99 40 64 7 92 47 42 28 33 93 7 97 46 41 71 70 17 46 69 20 92 33 83 40 4 6 56 89 65 66 22 15 57 37 73 49 84 15 28 16 7 35 64 5 75 34 74 43 79 43 62 22 27 96 14 82 53 21 22 18 87 44 84 95 32 57 95 15 71 23 82 77 57 97 33 83 30 7 25 61 1 38 82 27 33 47 61 86 68 82 55 6 77 38 100 9 94 95 75 16 17 57 45 73 53 77 55 35 35 31 95 35 68 28 14 52 75 74 37 42 55 43 47 32 33 46 92 78 40 66 94 
8 74 90 32 79 66 86 13 53 68 59 87 35 86 100 87 60 73 75 53 80 70 99 11 54 97 54 31 88 19 76 96 93 65 27 23 83 65 35 35 84 45 73 19 30 25 57 42 97 83 46 76 4 97 38 57 93 43 88 32 62 15 79 6 80 58 28 14 74 14 100 57 58 24 75 39 48 83 32 45 18 78 72 21 26 62 78 70 4 17 1 17 31 80 22 62 89 1 27 62 14 78 18 23 2 45 62 49 27 45 45 96 74 69 17 99 82 46 68 37 62 69 54 44 100 27 58 40 28 84 1 93 62 18 68 15 62 81 63 41 25 8 
88 99 28 4 97 9 1 17 45 14 85 98 58 36 77 67 75 56 50 27 48 63 44 15 77 58 95 40 50 72 99 37 22 26 93 18 86 93 34 30 59 70 80 16 57 56 34 83 11 83 9 10 98 5 77 74 14 23 65 15 94 15 3 15 92 47 85 77 92 70 7 50 92 86 17 48 93 50 83 3 84 43 64 81 99 40 7 12 63 23 78 8 38 81 75 81 79 59 58 70 80 16 19 71 53 35 71 45 36 5 99 20 47 14 100 46 54 6 9 68 81 87 27 18 19 1 50 97 11 59 67 91 74 85 13 78 72 35 74 7 39 72 
26 38 86 78 83 91 35 91 58 15 29 84 84 47 37 34 96 47 92 62 89 18 98 54 95 21 88 69 28 79 92 5 16 29 34 50 19 69 40 28 35 21 64 71 67 100 4 62 98 47 75 39 16 73 92 63 45 31 31 24 9 74 29 76 3 14 25 73 82 17 1 69 37 16 39 3 67 94 17 64 92 91 2 8 15 45 70 60 76 52 35 36 77 63 12 31 77 36 4 10 52 56 30 40 71 68 43 37 61 11 52 53 53 6 12 20 50 33 79 77 36 13 13 12 28 24 43 56 11 98 17 15 53 47 54 75 66 48 63 27 58 14 
31 63 19 94 82 21 26 12 97 61 76 9 24 3 84 66 10 47 63 79 13 67 77 18 41 42 66 3 20 75 69 2 37 39 95 70 59 20 81 8 32 57 68 56 11 4 73 73 50 88 51 14 54 79 31 47 20 96 1 92 23 21 93 11 60 88 81 70 59 61 77 91 69 97 98 80 100 70 4 49 9 54 14 63 32 44 61 3 92 61 94 14 82 87 76 93 26 56 62 84 69 91 26 89 87 23 68 38 45 23 38 53 76 51 67 59 94 27 14 85 40 7 50 73 45 26 65 70 33 78 54 53 20 31 42 58 54 61 95 98 84 32 
2 11 82 69 22 28 47 35 12 38 93 14 62 38 39 26 59 23 56 64 76 75 95 17 85 100 77 79 49 12 63 50 23 96 70 44 23 69 78 87 58 22 100 20 11 90 97 70 12 52 85 39 79 31 55 63 30 84 93 78 95 7 28 69 3 49 12 77 17 41 15 75 15 66 46 25 55 42 46 19 94 31 57 24 61 64 86 43 99 30 20 45 37 99 14 91 48 77 19 16 70 34 42 84 99 87 60 54 29 6 24 74 88 32 97 48 95 34 90 93 15 62 90 3 60 3 93 59 31 12 27 100 45 68 35 95 7 95 48 87 100 23 
12 87 55 8 86 49 93 28 94 7 89 83 10 100 37 54 11 67 17 37 19 13 56 5 8 62 99 7 100 50 30 11 88 36 70 26 84 62 53 29 21 93 63 82 44 51 87 54 18 4 90 88 16 98 92 23 11 43 82 11 44 11 73 32 46 43 9 81 56 13 62 28 57 76 9 100 27 96 6 96 51 95 83 66 44 26 41 55 68 22 65 64 84 89 95 81 31 55 13 39 67 74 66 23 50 27 74 76 74 79 71 24 26 5 89 69 30 81 23 50 54 39 13 37 28 59 69 10 13 82 48 79 7 66 53 56 44 26 83 17 5 5 
40 30 61 80 50 91 13 73 92 66 11 4 55 90 14 23 100 26 56 47 56 63 64 8 70 7 85 5 75 41 9 14 22 22 46 72 64 58 44 55 75 6 10 29 96 23 4 95 100 59 93 55 73 9 14 43 67 50 47 42 91 7 55 12 28 52 83 91 9 78 97 84 36 6 64 83 80 67 29 79 78 21 85 50 81 98 92 48 48 90 41 38 97 47 1 76 99 84 19 59 13 15 42 48 73 58 30 52 24 58 31 1 31 15 51 11 65 94 10 64 84 50 53 32 97 53 7 47 88 25 5 1 92 99 48 64 56 30 15 31 87 97 
32 17 12 34 80 28 27 41 43 62 43 95 93 91 99 52 37 87 28 93 87 19 91 86 82 46 15 49 77 54 45 60 22 8 45 1 87 23 94 29 85 36 23 29 26 74 80 14 60 8 6 98 78 49 35 12 46 50 60 74 3 56 33 76 16 29 77 2 52 22 31 36 57 5 16 34 78 96 99 89 55 56 86 32 4 21 43 50 22 54 23 76 62 8 51 77 36 79 78 87 100 60 74 8 17 90 93 46 37 43 35 91 99 72 74 2 44 17 3 17 22 78 44 83 85 95 11 72 25 89 59 77 100 84 36 16 25 29 14 61 71 100 
51 21 71 25 23 67 93 77 83 66 54 27 1 38 73 11 10 97 51 20 25 51 55 61 18 80 41 31 40 63 30 43 84 53 19 6 71 63 82 53 28 36 31 28 25 55 91 86 4 41 57 28 91 12 40 61 91 80 43 82 43 25 24 26 29 42 83 99 4 16 3 84 3 86 11 28 40 1 65 43 94 22 23 36 85 62 96 75 42 91 8 36 15 32 61 95 25 95 93 29 10 47 64 13 32 26 92 72 27 8 66 72 29 88 7 65 2 55 91 95 45 99 30 11 30 42 5 6 36 49 34 45 95 49 9 27 75 52 50 53 60 15 
24 40 55 30 5 56 84 95 50 28 93 79 90 74 20 46 80 7 94 65 3 89 14 12 67 88 63 16 40 22 30 15 62 84 44 18 91 28 12 40 7 57 70 49 30 41 94 61 47 88 78 50 28 43 13 94 82 75 61 73 49 42 87 62 26 30 79 16 9 90 8 68 98 77 16 80 70 9 40 16 48 69 17 75 11 29 20 92 56 32 16 56 74 2 17 99 84 95 66 44 36 25 11 34 54 78 13 23 39 4 90 86 73 7 13 35 87 84 79 42 16 94 97 89 48 65 39 31 59 56 74 47 33 37 32 86 14 44 8 4 99 97 
42 23 55 54 58 42 89 88 35 4 81 84 44 80 48 34 10 59 90 36 57 22 72 88 59 37 83 66 41 81 14 34 56 21 87 65 14 27 52 100 31 84 83 26 64 83 60 73 93 1 60 1 74 83 88 32 20 70 49 12 2 62 45 9 34 83 73 47 9 24 47 91 8 81 17 23 15 28 95 7 28 7 7 53 89 46 84 8 67 32 71 21 45 67 29 79 49 2 77 10 77 23 100 36 4 68 58 70 47 5 77 26 11 35 78 99 33 61 59 99 44 29 71 89 48 100 19 96 53 95 57 29 18 9 65 73 76 74 42 23 78 70 
100 88 57 78 87 89 38 97 39 34 77 10 22 24 61 40 72 65 34 28 45 3 36 61 27 64 35 21 38 12 90 37 100 98 14 38 38 4 86 77 37 62 38 58 86 50 49 57 14 34 84 58 89 72 71 15 35 5 35 72 16 77 8 67 74 74 56 64 77 41 40 13 3 29 22 88 30 22 96 95 7 79 4 95 2 74 62 36 78 48 7 46 76 67 12 2 40 68 65 16 8 56 80 62 84 53 49 65 26 96 59 32 27 62 79 28 88 40 64 65 39 22 10 15 88 74 16 79 41 80 94 100 35 25 62 70 77 62 34 2 58 44 
86 84 57 64 11 44 55 26 9 93 48 70 59 87 43 26 66 35 57 11 35 91 36 48 12 64 9 97 18 18 40 3 53 97 18 64 92 72 41 100 16 40 70 75 27 64 100 44 99 57 54 85 99 41 32 63 57 92 59 26 62 51 80 14 99 97 29 90 68 70 42 35 9 63 9 87 26 61 30 24 69 36 8 67 28 91 29 84 35 40 9 96 42 88 9 40 36 38 29 55 59 70 90 19 84 98 6 10 10 87 85 78 22 45 45 50 35 25 85 69 16 46 16 57 85 25 48 21 14 29 75 72 50 64 90 34 14 47 43 23 34 27 
1 7 23 97 8 58 73 93 78 89 90 94 97 74 70 45 46 83 73 21 6 22 36 47 7 1 94 49 24 79 28 76 85 50 72 93 59 96 37 89 84 26 82 33 51 3 77 97 37 1 69 94 74 56 40 81 57 85 81 80 15 8 7 100 10 78 44 68 73 80 56 9 57 89 41 7 91 69 55 79 21 23 72 94 79 64 26 35 48 7 66 63 66 72 14 75 1 57 95 25 88 50 33 96 91 25 54 33 93 9 12 65 31 83 59 61 98 36 47 46 42 12 60 60 35 25 34 35 33 80 60 20 30 92 67 72 69 20 4 13 28 15 
78 11 50 88 71 47 23 18 44 17 81 55 76 16 79 61 50 11 41 61 82 22 5 48 93 73 20 48 85 47 15 62 57 16 1 80 14 24 49 58 92 29 64 67 44 43 79 46 5 71 6 87 44 10 86 88 34 5 36 19 4 2 32 12 17 85 43 30 8 91 39 99 20 3 17 15 97 47 60 53 70 18 39 13 79 77 1 13 33 88 83 36 89 66 100 57 50 42 86 9 33 77 59 4 31 27 18 79 74 30 31 43 99 22 7 77 98 59 41 82 46 75 70 86 93 69 42 94 10 80 55 94 8 13 97 38 40 67 16 65 48 46 
59 46 67 65 74 16 76 67 98 21 93 19 59 85 87 52 31 48 83 85 94 90 49 42 79 88 8 94 4 55 92 62 52 10 79 78 78 54 44 27 26 36 45 36 73 83 88 3 30 70 39 23 12 87 17 90 75 24 36 30 31 79 92 34 40 22 11 17 75 54 95 52 42 39 88 14 21 75 68 3 96 6 77 59 92 93 1 18 69 88 48 51 66 91 84 57 12 95 26 38 100 20 89 93 11 76 6 83 2 25 85 50 30 14 60 22 6 60 39 26 99 38 76 64 28 60 73 91 6 98 28 57 69 69 50 79 96 7 62 98 32 98 
99 61 11 10 34 69 70 25 94 68 62 70 84 42 81 8 32 86 5 60 94 25 80 43 4 75 50 17 24 81 14 22 93 77 84 27 45 53 51 38 72 64 59 7 5 39 14 89 76 70 100 70 95 79 64 50 53 13 66 77 45 31 50 38 7 33 16 51 37 18 41 61 81 99 67 38 90 33 26 65 54 25 86 48 55 50 97 7 14 14 35 59 45 37 48 51 21 15 54 10 32 46 70 64 44 88 1 85 20 78 50 74 54 87 73 8 36 22 67 2 35 53 60 31 89 59 34 62 73 39 71 4 84 40 19 27 79 72 64 51 49 65 
76 55 51 48 14 39 21 32 40 8 85 51 38 25 9 71 86 81 61 8 36 44 99 54 23 78 25 86 28 26 50 55 32 100 54 45 38 75 77 29 82 13 79 19 89 87 42 75 19 2 34 6 98 33 60 20 62 36 5 41 13 54 95 44 5 48 41 95 22 69 23 55 81 54 26 69 40 19 95 11 20 29 16 69 13 27 88 74 15 44 14 27 97 8 23 54 7 63 100 29 31 22 83 63 75 8 83 67 26 78 29 98 58 44 18 70 23 6 43 37 49 8 15 98 15 37 3 21 51 2 1 33 23 36 95 50 95 78 68 73 7 96 
22 64 91 39 85 13 44 27 1 45 86 16 42 100 4 96 72 55 97 25 87 19 60 82 20 54 11 87 78 17 34 99 32 25 38 16 89 33 94 90 29 79 57 22 78 60 17 1 14 13 25 1 84 36 34 3 42 96 42 19 12 27 18 43 51 7 10 92 91 3 81 20 81 37 41 10 96 58 10 62 70 87 14 53 22 47 8 63 94 49 34 5 75 51 99 78 9 60 69 99 62 1 18 42 89 59 3 84 16 12 97 85 50 10 90 24 8 97 86 1 97 71 57 71 21 7 100 81 66 20 80 27 20 49 20 8 7 22 44 74 86 40 
11 35 50 100 58 9 48 96 10 44 66 66 14 39 73 66 19 38 85 50 17 5 99 36 64 57 58 7 31 43 99 41 77 48 92 87 8 39 82 17 82 99 35 47 37 59 12 8 96 97 9 12 53 7 100 16 64 57 75 94 99 73 86 27 72 77 13 79 15 46 48 96 45 82 94 33 40 6 92 87 54 1 51 58 59 50 25 22 6 99 67 56 71 4 82 42 80 95 73 94 92 20 41 88 1 35 21 92 92 64 78 97 64 28 54 75 29 78 96 34 29 15 41 99 18 23 93 50 69 65 43 60 84 36 48 36 22 20 27 65 35 56 
61 99 36 66 25 64 43 20 50 71 86 90 22 56 64 66 5 32 82 99 44 65 34 43 52 7 14 30 71 48 85 31 98 20 96 22 36 91 94 85 13 79 26 86 86 90 51 90 73 32 89 16 48 74 10 51 81 23 80 3 71 17 34 20 88 81 42 23 23 87 59 88 65 85 73 3 26 76 92 98 59 80 66 7 6 75 57 86 50 89 88 72 5 73 91 92 6 84 67 80 70 25 67 87 61 92 89 38 67 80 36 25 12 53 83 17 79 92 54 80 80 41 51 84 66 94 27 71 77 93 50 99 70 69 85 82 60 25 20 26 56 7 
2 67 59 85 35 89 76 88 69 7 81 71 42 46 64 68 68 93 13 69 43 34 37 79 15 48 3 34 73 58 92 27 77 2 11 11 91 38 51 11 44 31 81 85 28 97 4 95 41 16 15 83 49 52 61 16 99 15 49 24 72 41 50 100 42 12 63 84 49 13 94 44 43 27 28 70 23 31 16 63 99 82 97 99 33 57 14 84 23 15 59 46 7 60 46 48 23 8 84 23 20 29 66 14 55 45 35 29 27 2 91 25 83 39 24 68 47 89 51 69 3 61 15 9 72 60 9 94 19 92 16 90 72 33 3 27 77 89 55 3 90 98 
