158 169 17
22 48 30 79 25 86 1 98 27 22 14 82 89 73 85 46 67 8 28 41 95 46 97 50 7 59 61 100 16 81 8 90 29 38 68 5 23 20 3 1 93 16 82 33 40 66 78 58 25 57 99 72 55 47 21 61 5 33 61 72 14 68 13 94 57 80 50 80 51 52 80 43 19 14 27 58 79 56 68 56 13 66 27 19 12 99 79 68 32 91 91 97 11 4 90 67 35 39 98 38 43 30 32 61 43 59 71 73 14 38 28 78 55 6 96 18 5 27 85 36 69 27 32 79 30 73 98 17 11 47 54 5 76 85 66 18 95 88 43 61 77 70 38 83 76 86 100 32 64 36 19 32 62 2 63 44 74 12 60 36 58 65 41 34 1 58 3 96 97 
45 8 73 67 97 55 94 82 6 25 97 41 95 81 2 96 95 97 69 6 56 4 15 72 96 100 73 53 55 20 49 51 27 73 17 23 79 62 57 84 38 5 76 32 85 30 27 79 26 47 36 34 51 3 5 46 2 29 51 56 48 99 7 26 72 75 1 50 37 57 86 26 61 61 58 98 90 36 28 16 83 16 49 85 18 5 30 19 34 80 27 33 31 85 59 54 59 59 3 47 67 40 25 79 1 82 76 42 69 56 57 51 71 57 35 88 62 17 58 95 48 84 27 30 20 37 83 31 47 38 29 13 77 53 44 77 86 71 71 55 26 27 57 96 36 44 35 97 60 93 43 59 28 21 89 48 58 23 30 56 60 58 69 37 11 64 65 48 34 
35 2 60 14 59 7 49 54 42 97 65 34 39 23 13 11 63 60 68 86 41 24 45 99 44 33 61 7 98 8 92 84 10 51 97 20 58 45 73 99 41 37 84 31 11 96 42 26 8 61 11 48 36 7 98 31 40 58 89 89 66 81 72 27 83 21 46 40 65 70 90 58 58 25 40 20 73 33 45 80 94 7 79 81 14 77 64 5 34 52 45 99 84 68 77 67 88 22 58 5 43 48 14 52 24 53 72 96 86 16 27 31 23 6 63 88 34 26 92 67 30 88 18 13 55 94 79 43 68 37 47 62 36 60 14 11 64 85 7 1 100 85 31 74 42 46 61 75 23 4 94 52 91 63 65 46 8 95 40 27 83 86 89 18 97 2 29 60 38 
87 13 89 71 43 63 13 40 75 39 63 31 32 66 21 94 82 18 54 77 9 80 59 46 68 29 42 21 9 54 10 47 66 99 69 60 13 33 52 87 72 14 17 3 31 90 49 13 59 2 89 68 33 99 13 53 79 7 73 87 12 83 85 29 33 54 88 45 86 39 83 57 4 52 12 87 41 12 99 51 65 39 18 97 89 83 49 68 41 74 6 52 8 91 80 40 44 19 36 81 10 18 38 65 69 1 51 61 12 49 12 76 39 81 24 28 15 25 95 55 98 100 58 57 42 89 96 37 8 83 18 69 52 7 33 21 7 36 33 70 84 96 45 75 29 20 2 43 44 96 50 93 47 59 49 41 48 96 77 7 78 46 75 30 52 59 2 10 94 
86 79 30 82 75 4 62 95 57 4 38 52 5 31 50 64 31 90 63 27 19 69 4 64 95 85 16 5 38 25 51 24 56 32 5 30 87 18 24 43 73 14 94 78 96 95 93 26 85 7 4 3 75 8 18 21 44 33 77 82 10 27 5 17 10 61 46 96 78 22 38 50 87 83 79 82 78 23 59 14 29 63 68 3 22 85 75 17 70 4 98 31 30 54 47 40 66 44 87 95 65 25 45 51 59 75 84 88 98 95 1 26 9 20 81 30 5 7 98 26 10 96 8 40 1 54 31 67 97 17 61 14 93 57 16 52 84 52 39 81 46 92 58 54 11 38 35 67 97 32 44 6 79 51 97 80 56 79 98 5 96 10 18 40 19 33 43 2 36 
82 34 81 25 91 86 87 81 20 6 77 4 49 82 82 52 31 13 7 9 62 11 56 72 28 96 42 13 38 95 48 71 28 81 95 70 66 82 2 38 87 78 41 87 12 74 38 42 87 45 50 100 7 58 23 87 53 64 51 90 58 98 13 37 30 7 7 48 40 60 85 78 38 25 17 1 50 54 94 88 50 95 88 57 52 10 43 4 74 93 46 83 42 58 20 24 16 78 71 56 37 55 85 26 31 1 26 32 55 19 20 56 14 7 64 17 16 6 21 41 50 18 24 44 75 95 67 90 72 89 97 60 95 82 86 77 82 63 8 88 34 27 44 99 33 7 15 1 65 87 41 66 4 64 9 78 58 27 20 81 15 16 41 9 49 78 37 31 40 
45 70 25 71 13 23 56 72 38 56 88 76 96 53 80 60 14 9 69 40 28 50 7 96 42 67 44 71 4 26 62 48 48 87 70 12 61 25 83 98 80 70 26 28 75 5 87 88 13 7 27 93 8 85 88 1 52 83 71 7 61 33 54 8 19 75 71 79 100 6 29 31 27 54 58 1 10 96 88 22 3 67 14 62 51 53 63 54 36 33 60 48 65 65 7 35 40 77 66 91 82 46 21 9 51 31 61 60 26 1 81 80 67 47 42 69 99 4 75 86 36 86 85 53 51 91 39 42 20 4 84 1 49 56 61 99 86 74 58 64 74 91 43 40 89 36 60 87 91 34 25 79 20 9 31 22 100 69 15 19 25 50 71 73 5 84 24 43 57 
33 58 30 75 52 21 63 88 32 50 78 66 26 56 37 34 38 10 85 59 24 55 83 25 26 7 29 61 30 23 69 15 80 50 89 32 70 52 71 53 53 48 18 78 56 6 11 93 15 96 51 90 2 85 14 79 92 95 39 21 69 59 35 49 8 76 32 29 27 54 82 79 53 51 56 8 57 18 53 23 65 55 13 67 40 78 45 31 72 36 3 41 94 90 41 2 65 24 82 91 77 63 21 29 14 76 89 22 93 41 44 10 95 56 76 34 86 72 16 57 7 19 49 1 8 41 54 24 16 35 14 44 98 86 25 63 61 13 84 5 5 79 14 99 87 41 85 72 13 52 80 19 70 81 71 29 21 24 52 89 59 17 32 8 2 8 22 14 20 
57 71 76 35 36 27 73 77 11 44 41 14 24 59 84 56 30 64 76 5 68 16 15 36 100 74 90 7 47 55 79 3 25 54 90 61 80 62 89 42 58 29 56 33 87 91 88 68 54 15 25 21 31 39 9 82 65 98 88 11 52 66 14 29 20 55 89 99 68 77 93 77 5 48 9 43 38 48 63 91 63 87 64 45 77 24 26 41 73 65 4 24 31 69 4 50 23 92 100 42 20 92 19 76 91 27 71 28 75 33 71 89 19 86 85 47 9 10 40 81 74 43 56 56 11 12 57 85 3 57 26 75 100 44 2 91 23 72 70 49 4 92 37 74 77 21 21 37 82 12 69 7 54 77 63 64 88 71 48 42 79 25 68 79 69 70 21 91 41 
42 39 45 34 27 18 62 99 90 51 32 1 19 38 6 47 52 69 34 23 68 28 1 93 95 31 13 64 3 3 5 45 93 1 30 71 18 91 69 60 41 100 12 12 89 18 58 41 38 44 15 6 71 15 50 65 98 62 29 100 16 85 96 60 85 25 30 54 68 50 13 60 1 77 71 89 94 81 81 31 24 95 88 94 62 89 10 59 2 90 10 69 74 6 80 10 82 61 64 49 10 28 9 10 4 31 99 97 11 31 80 34 26 19 79 39 8 89 49 61 30 58 30 4 15 9 13 97 22 76 97 31 56 57 93 59 88 91 8 98 73 87 84 98 57 14 36 16 2 84 77 32 94 58 87 8 18 51 56 39 79 53 70 34 9 62 92 48 4 
99 98 28 37 81 26 94 94 13 9 48 49 37 31 42 94 69 49 64 19 57 2 97 61 23 82 21 36 74 69 91 24 66 19 13 98 96 58 43 8 18 42 56 55 24 97 100 92 98 63 63 6 17 11 66 91 93 86 27 66 6 69 41 23 39 53 72 34 10 15 42 28 8 49 34 32 98 33 75 47 48 89 52 64 100 69 6 92 6 32 9 12 53 49 34 91 54 58 25 63 72 18 42 31 18 75 14 15 60 89 13 7 77 64 22 28 84 27 19 90 11 27 53 63 28 38 5 81 95 29 95 66 98 37 49 16 63 62 82 22 2 95 80 31 10 1 58 46 80 29 35 90 55 87 4 82 24 8 14 19 89 9 36 38 45 36 5 7 98 
39 81 51 85 60 81 94 13 91 91 92 19 25 33 73 63 36 7 87 95 20 57 35 28 44 73 24 80 29 83 77 67 63 27 51 74 60 97 86 50 87 29 68 64 61 92 26 48 98 64 43 70 20 29 49 16 53 73 95 82 7 23 48 69 1 51 94 60 47 32 61 85 60 80 48 21 72 74 20 21 89 14 42 61 43 91 76 95 15 22 28 21 44 76 41 96 78 86 8 24 17 68 8 77 48 8 49 71 33 68 43 21 82 85 81 24 27 8 70 41 29 98 13 24 25 53 20 2 38 27 77 55 94 36 83 93 43 31 15 75 98 58 48 31 94 80 54 20 88 76 12 68 25 24 92 49 28 11 2 17 37 78 23 82 13 5 27 8 87 
41 34 85 50 81 15 43 13 21 14 100 48 25 67 72 48 10 72 27 20 73 44 8 50 18 90 14 23 68 73 61 8 7 45 58 39 12 52 51 84 66 2 31 90 21 54 90 30 25 68 50 97 11 9 98 81 98 63 55 17 36 15 25 94 12 34 32 23 37 35 58 2 36 40 44 56 93 33 86 69 52 87 17 63 95 14 43 93 28 49 9 63 63 85 8 74 70 40 96 7 74 5 8 9 44 3 17 88 87 2 56 39 88 72 53 82 37 47 26 65 95 87 79 57 23 87 31 93 26 78 99 51 83 58 11 78 61 27 66 99 80 21 37 67 45 89 1 81 35 26 45 29 64 76 86 87 62 68 79 39 45 29 89 27 38 51 57 50 78 
22 49 57 94 85 76 38 26 76 71 60 53 67 41 17 42 26 55 3 45 85 93 89 13 33 68 2 84 24 52 13 45 52 21 38 36 96 28 13 23 98 73 28 16 65 96 58 42 50 12 86 86 5 74 98 37 41 51 20 64 2 84 60 53 5 50 41 52 77 53 75 26 77 54 41 41 49 50 82 50 62 67 35 66 93 84 54 33 34 26 49 88 9 8 92 13 57 32 65 85 37 91 62 13 96 3 6 96 52 39 45 65 6 31 82 50 66 36 82 51 61 82 38 21 90 30 86 98 13 50 35 1 92 96 66 87 98 71 82 2 61 78 66 18 60 100 67 25 35 49 75 47 82 13 67 71 94 52 21 58 53 55 11 96 2 76 34 52 98 
67 5 58 96 70 76 55 69 42 79 55 42 54 53 24 18 72 46 63 75 18 72 28 24 82 75 26 9 9 77 6 27 81 64 23 2 91 77 23 32 56 29 26 61 82 49 30 53 46 44 27 64 67 6 39 49 81 64 57 41 92 15 67 24 78 89 26 20 66 100 51 73 28 28 85 61 76 66 65 74 9 92 89 75 49 27 75 81 91 84 21 34 98 40 58 27 28 35 46 45 34 48 69 13 76 5 26 3 70 90 76 30 33 64 57 82 43 31 14 85 66 87 18 63 26 75 89 5 9 86 2 94 34 70 7 9 75 32 11 96 21 39 26 6 54 82 39 96 64 52 80 30 38 98 44 63 24 85 20 33 70 21 26 55 42 84 63 68 67 
26 64 40 16 89 45 69 22 83 65 85 34 96 66 72 45 10 86 69 46 57 53 15 77 30 70 71 14 84 38 80 61 1 19 76 41 15 45 62 97 61 99 83 8 64 6 53 25 91 21 70 100 25 37 76 54 58 46 67 41 36 99 54 36 69 29 29 84 73 90 80 85 40 62 93 56 67 97 32 10 17 2 9 41 90 36 94 47 34 13 39 69 11 92 56 31 73 84 14 97 26 46 82 17 7 26 72 26 22 4 87 90 57 95 82 98 82 27 96 67 39 34 35 1 78 43 32 50 78 97 46 55 42 79 72 1 56 95 26 77 98 12 66 6 58 47 55 91 74 50 58 64 84 44 17 13 38 100 14 16 96 11 70 38 42 93 38 97 88 
15 74 37 78 91 95 87 90 49 77 15 99 86 78 34 30 46 46 67 45 59 34 93 21 56 82 62 48 71 59 35 85 84 24 62 74 18 48 63 66 76 77 64 62 7 97 43 4 94 61 49 4 95 93 25 2 74 86 49 44 96 36 28 79 59 41 5 76 40 67 41 15 96 57 28 54 53 70 57 47 31 57 50 77 49 74 78 22 12 78 17 59 65 96 38 23 36 42 50 27 60 43 94 7 99 21 60 3 43 69 49 25 25 51 53 74 76 82 47 39 59 64 98 76 59 35 50 47 28 100 25 87 94 18 94 44 91 5 46 33 73 47 9 98 49 61 23 24 42 21 63 52 36 60 79 47 46 29 93 25 80 17 11 73 87 56 16 77 61 
13 61 85 59 69 82 7 81 56 83 74 77 97 25 12 8 4 58 53 84 2 77 63 71 39 35 57 47 2 85 59 66 97 43 25 17 77 83 97 32 65 70 60 13 46 72 20 1 81 72 84 35 100 98 5 91 32 13 37 85 49 95 51 45 37 27 13 13 61 9 97 78 30 56 90 27 79 10 28 60 33 63 94 33 61 50 23 44 14 59 81 62 5 83 58 41 9 70 6 69 78 2 46 59 57 88 85 36 97 64 47 29 79 92 61 91 41 35 34 54 45 66 67 49 48 24 42 56 93 47 77 22 100 74 80 56 61 16 43 57 80 41 38 10 32 50 100 24 85 85 29 81 51 95 82 98 18 23 6 10 21 82 83 72 7 62 79 68 30 
74 76 61 14 13 70 46 63 69 69 99 53 98 79 55 44 60 53 62 34 58 23 6 91 6 77 97 19 8 16 100 81 92 60 94 4 29 91 66 49 12 64 54 61 95 8 4 6 12 17 40 21 40 97 11 97 26 60 67 33 75 67 65 18 26 58 22 7 49 39 55 12 55 60 72 49 68 75 54 31 92 45 52 83 42 14 31 19 25 97 3 52 15 67 69 93 24 42 99 24 81 5 35 35 65 6 83 84 33 88 66 76 33 17 58 26 83 40 44 7 88 46 58 3 12 79 47 87 20 97 63 100 1 97 86 17 55 20 52 87 8 18 14 40 86 23 17 68 62 60 27 49 57 36 3 20 14 1 6 34 97 68 85 98 17 71 66 71 90 
18 9 49 87 74 40 72 96 56 92 57 67 70 57 23 5 12 42 71 64 100 4 61 19 40 10 35 62 75 57 52 44 17 52 82 90 92 6 37 47 97 45 14 66 54 36 22 17 30 92 80 29 47 40 99 87 1 86 48 28 94 51 71 11 3 5 52 94 10 41 40 58 85 5 23 38 41 96 54 22 88 86 2 34 25 100 20 78 85 20 5 31 70 27 41 24 31 44 17 40 36 9 97 21 13 71 10 5 67 16 26 6 1 79 39 77 79 11 54 15 30 58 45 51 85 37 75 67 33 43 7 68 3 55 88 16 78 50 72 96 65 50 1 65 28 39 41 6 1 95 73 30 4 17 33 40 6 59 7 38 53 65 57 56 71 97 23 48 46 
94 43 10 43 43 74 23 34 66 28 34 12 52 16 16 21 100 7 26 58 13 15 62 77 71 17 48 67 91 47 64 37 90 73 79 84 46 53 17 64 81 3 75 84 18 90 4 69 97 81 26 61 95 39 90 18 8 37 36 98 35 100 34 24 72 65 60 70 17 28 33 49 30 7 33 99 49 88 67 97 69 44 9 63 83 98 32 90 86 68 39 21 67 73 96 90 89 55 59 57 83 43 6 64 2 90 63 2 77 81 50 45 25 58 60 59 56 91 100 41 58 38 13 24 62 9 66 2 15 24 59 49 19 64 13 20 53 75 73 81 55 22 26 31 79 85 89 34 75 88 27 33 78 39 8 91 99 73 93 14 49 51 62 67 14 74 38 18 100 
10 98 7 31 75 89 9 59 30 95 86 17 73 70 46 63 77 37 62 2 29 27 2 79 88 68 44 14 57 13 65 66 10 23 48 37 12 8 47 41 54 32 9 26 1 7 89 30 43 2 83 23 28 84 1 67 3 96 32 59 8 97 76 69 71 75 5 82 82 4 74 88 35 35 13 88 41 53 69 35 54 51 57 81 86 9 48 40 56 31 98 63 27 25 83 50 99 40 31 32 43 57 19 77 43 84 16 83 36 36 69 42 38 25 22 23 85 21 62 40 52 11 54 30 87 36 79 85 75 62 69 69 70 39 98 12 74 13 46 10 49 14 51 86 90 24 61 74 97 74 65 100 85 18 81 71 53 60 8 80 73 28 48 42 18 97 5 92 10 
50 1 10 63 3 47 52 78 7 77 26 81 41 77 17 58 58 39 62 69 98 93 93 25 93 86 43 89 90 34 50 39 86 59 53 40 58 56 69 64 32 47 96 72 23 64 81 80 3 94 100 100 87 92 77 31 77 19 19 66 4 69 56 41 79 60 32 36 15 100 52 46 46 99 69 21 63 1 100 17 95 52 68 33 43 44 15 20 14 33 37 69 53 45 9 84 4 40 71 19 92 74 16 89 73 37 9 87 89 61 3 83 12 70 67 6 66 81 77 79 66 14 48 70 10 8 53 13 100 76 31 43 49 99 31 21 35 92 59 23 52 61 58 15 83 76 20 48 9 97 26 74 62 25 43 71 85 48 83 84 23 66 26 71 64 56 44 50 47 
2 24 50 15 33 64 97 9 84 96 69 32 73 42 93 50 36 63 34 35 97 17 9 62 42 32 77 49 27 26 48 28 2 49 94 34 13 42 94 48 37 62 31 62 55 23 11 43 37 44 77 85 60 38 47 53 69 75 53 95 53 100 74 54 1 68 39 13 61 33 12 98 46 94 59 1 68 69 95 4 64 23 88 23 60 86 27 80 61 79 74 65 31 100 18 31 19 56 95 79 40 58 28 86 51 38 38 18 58 32 73 21 54 12 95 66 50 21 45 62 100 71 26 82 22 43 12 40 50 58 70 90 15 98 27 17 87 16 34 45 47 58 65 52 69 60 69 18 32 14 79 83 36 4 64 57 98 27 96 48 84 17 89 50 14 67 66 1 82 
51 97 28 8 13 31 29 24 100 46 56 65 77 38 100 80 54 8 30 80 55 29 16 71 17 17 85 83 35 37 16 85 85 95 45 97 25 73 21 76 70 28 92 46 65 91 78 70 50 7 2 4 35 17 75 51 85 11 85 19 99 52 56 83 46 52 79 22 24 51 98 45 78 89 91 95 32 68 64 33 74 65 37 8 33 11 10 70 21 46 88 71 49 95 53 94 46 83 15 21 86 64 66 63 5 8 9 88 75 73 20 100 89 56 59 74 18 20 43 90 17 82 60 65 29 12 58 74 47 24 47 32 88 64 46 44 71 55 31 97 79 2 96 67 58 6 92 75 25 86 65 41 68 24 5 48 88 14 73 86 37 19 17 76 34 14 19 4 68 
1 100 46 3 47 65 60 52 8 86 28 94 2 68 13 78 24 60 17 89 32 2 26 3 70 53 36 83 72 92 3 72 91 100 26 90 64 37 93 24 23 21 17 76 40 81 53 16 40 69 4 23 70 81 77 91 34 13 74 57 56 76 80 98 75 6 87 91 42 80 14 16 52 82 92 43 62 44 58 53 13 14 27 34 94 4 25 27 68 50 83 23 77 15 20 3 20 7 93 61 38 58 77 41 39 68 83 52 63 93 4 27 6 83 61 99 86 37 78 53 86 12 27 14 26 46 16 45 4 61 58 93 18 86 33 9 5 68 12 67 60 68 46 65 50 6 15 35 94 92 39 31 4 65 44 29 62 11 26 18 71 83 10 89 20 95 49 24 62 
60 42 73 79 87 89 28 44 3 14 89 95 4 19 98 20 14 78 82 25 3 99 95 37 60 35 8 6 35 83 19 47 25 91 25 63 79 5 59 82 18 47 28 74 18 25 93 83 54 26 7 9 76 54 45 36 40 5 41 27 87 60 73 63 2 49 26 33 5 36 14 23 34 41 96 3 17 40 86 22 66 44 30 41 49 27 28 89 31 69 67 17 80 39 80 81 39 57 13 44 92 78 18 77 70 65 80 38 4 65 60 21 8 89 62 57 67 89 97 97 9 63 14 88 53 45 21 43 1 85 38 44 15 55 72 84 71 51 74 27 67 33 47 75 73 8 83 40 49 31 88 57 45 53 97 97 97 17 91 49 53 29 44 67 35 16 51 6 18 
76 32 85 8 78 11 32 38 45 23 86 75 63 94 19 15 90 67 12 58 57 12 11 37 56 77 72 23 79 77 40 54 8 24 13 37 86 97 26 30 19 11 4 33 5 74 48 46 92 11 4 1 22 14 37 29 42 8 51 21 36 43 26 95 18 39 32 4 35 57 33 5 20 89 38 76 62 37 21 54 47 76 54 68 89 42 97 83 50 99 55 37 93 80 32 11 70 15 14 4 23 98 61 42 86 50 69 100 86 90 5 84 65 10 51 6 51 99 40 52 50 94 89 42 73 72 52 43 86 17 98 8 15 10 2 52 59 70 3 96 11 7 31 76 68 82 33 19 32 72 22 81 65 62 75 89 33 78 31 70 95 81 78 61 90 31 64 1 100 
67 48 11 25 79 38 93 12 22 63 95 93 36 28 9 98 2 97 82 79 80 52 25 60 81 85 1 11 1 53 62 67 1 24 43 31 13 35 42 34 49 36 78 85 63 86 82 16 35 15 95 14 66 71 25 98 56 77 8 8 30 22 74 82 45 68 12 58 55 5 91 3 92 69 87 7 6 20 74 40 87 20 5 52 91 81 50 98 58 9 5 39 30 30 20 27 97 83 84 51 39 26 54 82 46 92 40 52 64 14 43 50 33 48 53 23 80 54 20 37 63 24 27 44 5 98 70 2 32 5 4 70 83 57 4 80 1 43 83 16 56 26 17 89 25 69 63 4 23 83 93 37 58 71 80 63 69 2 16 100 58 19 22 92 28 25 72 80 67 
54 95 75 79 11 63 55 31 77 11 5 59 55 93 69 25 25 31 93 26 98 93 35 16 14 27 43 90 98 22 56 51 68 82 82 78 96 88 61 73 98 65 31 4 10 51 29 34 81 73 59 30 65 45 46 30 71 40 71 20 62 79 71 29 60 4 59 56 91 71 28 41 87 10 44 96 61 24 29 93 97 39 23 13 84 68 95 54 7 65 26 20 43 96 1 55 51 59 10 93 29 37 85 15 98 81 63 58 4 91 51 52 30 73 65 13 92 59 18 98 75 43 70 70 90 70 24 92 28 85 85 8 73 69 74 70 1 36 28 5 79 78 56 8 2 72 72 93 82 41 42 9 36 11 78 77 80 53 69 59 37 53 18 9 73 44 78 74 31 
5 30 9 34 37 16 35 61 39 27 42 80 69 50 67 31 79 43 63 31 11 21 67 15 91 27 40 34 5 13 64 61 94 25 95 82 92 29 42 31 8 84 62 28 85 28 58 64 70 20 46 33 93 65 47 35 91 86 20 95 50 83 8 95 59 2 77 51 82 18 81 89 53 94 68 38 21 26 53 42 97 98 74 41 14 73 75 5 10 94 51 12 29 58 6 87 59 82 37 93 100 69 33 52 62 1 41 82 78 45 76 26 95 1 67 8 73 41 12 35 87 63 46 15 20 51 53 31 33 90 75 84 10 7 87 72 59 28 5 88 72 80 14 18 81 80 26 5 72 37 91 58 51 36 24 71 87 77 53 71 18 27 54 27 85 92 98 96 71 
55 83 95 34 96 12 66 27 37 23 99 74 13 8 24 49 32 46 87 60 50 57 29 28 62 7 65 5 57 60 76 11 42 70 44 38 81 62 64 18 84 14 43 48 22 18 48 5 16 34 16 17 42 44 45 55 2 9 60 58 68 87 68 61 56 64 98 88 25 14 5 60 79 99 7 100 69 55 56 84 40 71 100 82 66 96 88 68 56 47 77 23 33 45 36 40 8 33 28 84 98 84 43 77 83 1 28 3 7 84 38 47 6 37 80 24 85 19 43 40 66 19 15 50 15 50 42 22 34 69 57 84 4 51 60 86 4 39 40 10 74 77 8 80 66 39 55 50 58 49 41 75 19 55 76 34 56 17 7 90 37 64 73 41 66 84 78 69 22 
18 79 96 94 38 27 59 77 33 60 86 81 1 60 51 7 35 84 63 4 43 52 40 58 76 80 23 59 10 92 80 27 22 27 72 59 53 83 87 85 94 72 17 94 31 68 1 18 3 15 21 45 66 60 2 41 92 25 51 1 68 30 79 89 57 2 99 61 84 86 46 78 57 14 23 88 81 75 5 84 89 77 28 54 36 82 46 79 58 48 79 25 30 9 65 38 11 63 98 46 100 95 23 57 9 46 96 89 72 52 24 61 28 4 66 15 85 64 94 94 11 24 70 40 33 34 77 95 48 75 40 48 21 63 56 29 60 51 70 31 2 93 43 81 48 9 95 32 72 88 77 82 64 46 74 96 31 50 42 31 76 81 78 97 95 33 77 6 35 
46 89 88 91 31 68 38 39 14 22 62 54 50 96 17 96 69 64 78 70 5 8 98 85 37 94 32 69 22 37 55 20 25 42 10 56 9 99 46 23 72 60 76 22 55 44 69 75 7 98 44 63 6 93 47 42 38 30 63 60 67 17 79 43 59 40 50 19 90 48 93 62 7 20 35 61 63 55 87 21 52 30 83 9 75 82 51 12 11 13 71 29 81 1 72 91 40 73 62 82 20 6 95 26 26 29 86 40 35 24 13 38 54 95 47 80 28 97 91 91 61 62 19 93 14 42 84 6 15 97 87 34 2 81 12 79 61 49 71 95 73 83 32 78 29 30 57 57 26 47 99 38 60 17 31 74 11 66 79 77 62 65 10 15 97 21 94 57 70 
16 3 42 98 86 19 78 16 75 34 93 73 84 31 33 53 13 6 63 78 36 39 91 52 100 57 48 21 50 56 42 65 58 35 14 95 5 92 10 31 77 3 3 61 85 87 13 97 44 75 26 79 65 68 30 64 24 29 36 74 84 29 90 93 63 56 88 19 47 97 49 75 51 4 35 35 90 99 83 34 25 8 12 89 27 94 5 51 74 40 76 58 21 65 50 83 72 37 54 18 86 2 93 88 5 79 75 95 78 57 80 54 17 91 43 43 36 99 93 10 90 68 67 10 85 68 45 8 57 98 26 42 51 70 81 56 100 55 2 29 12 81 83 80 23 77 22 11 75 67 20 64 86 38 26 22 57 70 30 13 67 7 6 17 28 87 24 27 41 
77 8 4 9 42 83 32 18 57 94 44 75 13 59 12 2 84 34 58 5 15 23 71 21 28 40 100 66 15 78 59 92 85 62 100 26 97 83 95 5 76 90 31 40 1 42 41 36 27 51 41 93 73 63 65 52 2 64 18 17 42 28 60 78 89 59 56 37 94 2 93 21 92 23 61 44 17 53 79 43 55 19 36 27 82 100 79 35 16 48 3 57 75 62 86 15 73 41 4 66 95 96 86 38 71 98 81 87 3 59 81 57 30 68 84 11 20 14 45 35 13 100 43 39 61 28 53 33 21 56 50 67 4 88 4 74 85 84 12 39 94 92 96 23 12 31 85 31 96 82 65 8 81 7 46 41 86 50 74 58 58 75 24 61 62 27 86 47 62 
49 37 56 40 32 78 51 14 63 33 61 96 97 68 76 55 65 16 41 67 41 50 24 16 74 36 77 100 73 75 14 21 12 69 12 95 98 15 61 12 47 21 7 44 41 82 98 57 50 90 23 90 40 46 57 65 33 34 16 5 60 29 25 23 49 37 18 47 51 30 58 49 50 17 92 90 98 42 99 47 83 21 89 74 19 45 38 51 30 6 8 90 34 32 12 83 20 81 81 22 10 90 71 12 6 14 53 56 55 51 54 90 72 94 63 90 91 53 92 20 58 99 61 43 83 73 77 2 5 57 76 67 99 98 78 56 11 30 63 18 33 17 59 4 62 21 45 52 25 36 72 82 35 84 77 17 56 53 70 13 62 97 79 60 94 8 15 57 89 
78 74 21 46 84 24 59 4 20 11 29 56 34 62 42 17 38 10 25 43 79 37 4 76 67 63 21 74 29 77 62 58 2 35 55 85 58 14 41 30 24 21 85 57 34 78 25 72 87 49 14 17 37 69 44 3 31 65 28 11 93 42 69 47 76 23 31 85 36 23 14 11 43 50 19 29 27 44 100 13 44 65 30 81 85 25 35 15 89 15 77 34 56 45 80 83 20 62 19 55 85 85 18 79 34 36 7 61 79 58 25 23 74 6 55 58 31 89 24 71 3 1 4 10 97 35 44 16 97 63 71 33 47 40 11 32 75 70 44 6 79 69 28 53 26 34 62 8 22 86 31 77 38 34 38 34 69 82 50 17 96 72 49 42 11 11 73 85 80 
17 90 11 37 69 15 14 2 76 74 76 13 4 52 50 37 89 36 57 22 37 73 17 8 73 10 70 84 35 54 15 51 96 25 39 16 39 4 70 15 77 97 79 80 48 81 69 88 16 25 62 52 50 78 11 74 88 80 57 22 85 72 24 32 48 14 100 87 17 69 53 46 65 31 25 64 63 45 3 30 22 64 33 71 94 43 96 81 74 53 54 59 76 29 42 23 42 41 61 10 9 13 7 25 96 32 88 58 28 43 40 49 6 72 71 99 15 67 31 40 19 36 98 46 64 40 68 57 80 29 19 41 93 25 65 88 8 5 98 36 47 37 84 4 8 55 55 74 21 85 14 91 73 63 36 36 54 3 93 86 83 11 26 76 87 42 15 95 98 
12 30 96 48 13 100 8 19 54 81 91 90 46 81 62 9 16 50 62 71 94 99 5 56 24 80 42 18 47 36 15 58 17 11 58 82 62 17 100 67 49 91 8 95 71 22 55 39 71 68 61 64 67 65 71 42 97 12 59 43 100 26 52 16 36 61 97 49 77 49 15 26 39 22 72 61 43 78 51 65 45 11 80 63 28 50 5 24 62 15 66 61 40 69 28 27 30 25 75 6 73 89 83 63 63 6 23 57 83 74 22 80 36 1 42 63 3 98 86 64 13 3 76 4 24 3 31 53 79 5 10 51 46 45 13 60 50 88 16 33 13 89 64 48 42 5 11 44 55 48 59 67 3 34 22 26 88 52 30 67 9 39 69 54 83 82 65 33 21 
80 17 33 21 80 80 62 36 42 5 90 42 63 8 44 48 30 21 87 33 50 53 41 88 22 46 23 55 10 7 75 42 75 59 62 54 38 23 41 32 79 31 73 93 90 68 92 71 88 78 4 89 31 44 28 4 90 50 10 51 8 84 92 82 94 5 87 83 79 28 14 57 10 38 1 51 57 92 22 96 70 25 84 52 20 12 7 9 13 16 12 73 51 3 54 44 8 41 26 38 20 92 95 81 29 95 31 38 39 4 33 60 28 69 11 100 32 17 8 44 84 71 16 34 74 22 77 33 14 54 70 85 45 16 65 74 63 47 63 1 3 95 60 82 15 22 81 46 90 41 42 73 11 9 58 36 30 34 68 95 39 90 79 84 57 95 9 19 94 
71 71 96 65 30 29 80 3 10 77 44 50 18 16 60 27 73 96 8 58 15 3 97 56 81 32 13 28 40 31 21 10 2 68 74 83 96 5 38 5 82 81 6 51 97 18 77 21 65 85 31 79 39 79 35 19 10 47 98 49 29 70 58 82 37 83 65 85 40 54 89 73 34 47 23 82 64 100 3 28 36 85 58 74 15 44 44 24 42 42 24 71 11 33 52 100 15 68 84 6 21 24 78 7 70 1 88 85 100 42 64 35 26 22 60 92 17 3 15 59 44 90 81 7 22 84 6 89 4 89 94 24 12 72 30 34 72 70 18 71 11 34 57 89 55 16 80 23 70 95 81 66 36 61 72 58 97 29 98 100 69 91 75 32 62 57 65 85 26 
35 7 36 68 63 24 74 30 4 96 52 50 29 17 85 41 40 94 37 68 91 36 36 34 11 19 95 67 84 80 92 70 86 27 89 1 3 14 82 6 61 33 7 89 49 91 30 40 37 18 7 27 54 94 60 16 65 7 82 100 38 25 69 75 3 57 75 5 22 9 62 82 41 68 71 42 11 52 33 47 21 92 25 74 37 37 41 1 95 74 100 32 98 68 58 1 76 85 57 97 93 71 31 85 38 53 78 100 56 11 46 76 2 23 2 38 59 42 91 5 16 90 88 65 10 45 17 85 29 74 34 21 96 16 58 33 68 35 33 23 97 30 98 50 52 99 40 62 93 30 18 8 19 5 72 28 50 89 65 30 14 50 51 9 65 60 93 32 46 
77 6 43 7 3 44 10 54 83 24 46 12 93 5 83 98 28 62 99 68 78 28 81 27 30 41 43 89 34 74 35 62 79 29 20 34 72 30 39 55 5 84 18 97 40 100 46 67 62 44 35 39 72 67 18 1 60 60 90 45 86 76 6 16 4 26 49 27 7 87 81 11 22 99 59 13 50 5 80 63 100 66 54 71 84 71 24 95 82 65 39 67 40 45 83 95 22 83 21 28 22 54 90 95 4 100 8 53 56 39 16 56 56 21 26 39 43 49 34 24 13 24 43 4 68 25 50 41 59 71 68 32 24 57 27 27 57 34 31 12 72 98 19 79 18 45 17 60 45 2 36 10 78 78 65 97 54 15 38 12 37 5 44 60 14 70 38 22 55 
20 85 78 18 4 56 87 100 24 99 44 78 34 5 55 11 22 51 64 36 88 75 72 93 70 83 58 91 72 79 45 91 63 74 60 66 29 47 17 5 45 13 82 78 17 88 40 38 38 3 25 26 77 96 70 99 30 79 89 1 57 86 44 71 59 55 89 40 1 5 96 97 17 29 26 86 16 65 23 53 67 100 30 96 47 51 46 77 29 34 29 85 71 72 56 82 27 44 73 79 100 68 28 17 96 5 2 11 70 76 15 88 75 45 35 22 47 80 98 76 66 26 12 36 50 19 17 28 14 41 6 14 8 85 30 55 90 83 65 11 58 32 50 85 28 85 6 74 16 55 49 33 32 13 21 33 31 89 60 45 30 18 58 89 2 39 44 91 21 
8 1 30 91 3 14 18 39 19 92 54 25 92 39 9 4 59 41 35 99 1 31 28 18 40 17 19 78 60 62 50 19 14 79 10 16 93 27 54 63 70 60 40 62 50 48 65 8 88 51 6 40 81 86 57 72 54 28 1 13 41 50 83 54 81 44 22 25 23 75 39 92 86 78 5 35 77 70 94 65 72 52 4 5 37 13 76 90 92 77 54 32 78 88 37 58 32 58 82 6 85 73 97 70 50 54 5 27 23 98 43 46 49 98 50 37 62 78 78 53 6 83 36 83 71 73 93 54 82 26 59 66 98 7 36 48 60 92 26 34 41 20 80 42 17 81 78 31 58 8 83 15 90 71 98 12 43 90 65 24 15 75 90 13 34 77 12 93 68 
89 79 60 60 10 1 76 90 79 58 100 86 41 14 27 11 63 39 5 4 55 80 19 30 21 83 63 97 46 7 16 86 85 76 45 46 76 72 88 6 30 39 43 22 52 70 84 67 8 88 70 62 67 40 43 88 74 5 36 19 64 52 56 100 79 52 46 54 24 33 12 5 23 54 26 26 23 9 92 82 48 62 96 66 53 90 5 27 47 41 97 10 44 53 61 22 4 6 27 79 90 38 83 12 92 8 38 66 68 81 100 15 94 95 33 47 36 37 73 82 77 21 43 20 25 4 93 81 9 20 59 51 9 42 14 100 1 3 18 21 84 17 87 77 63 19 23 98 56 47 80 84 68 22 56 44 77 48 24 86 19 83 88 28 76 1 79 28 56 
96 100 39 12 87 15 74 57 90 24 64 88 3 48 7 76 55 51 53 54 74 90 73 8 29 52 83 81 30 63 36 26 62 74 37 100 41 63 57 82 86 72 69 40 71 28 67 25 78 71 79 51 12 3 11 40 54 93 73 83 7 60 60 69 34 49 20 26 11 76 59 48 100 79 39 70 6 5 95 83 28 25 86 39 27 96 31 32 40 55 66 47 14 26 15 47 74 86 24 36 62 82 35 13 61 73 82 18 29 28 1 56 4 86 95 82 81 77 13 20 31 79 18 44 56 84 43 29 70 18 16 83 52 50 95 64 74 28 81 2 56 81 58 59 18 4 93 50 80 5 22 10 35 39 5 90 23 47 70 92 65 85 74 16 86 20 79 59 47 
59 61 54 92 18 13 9 21 57 59 52 61 80 13 96 18 17 85 40 64 7 83 80 91 8 95 29 27 25 87 74 83 47 27 74 16 91 83 88 47 93 91 60 72 3 55 89 20 91 81 35 49 63 14 40 23 8 68 49 84 6 74 66 5 1 92 72 43 26 60 42 18 50 1 89 5 7 29 24 49 9 10 98 24 23 37 46 82 56 46 65 61 20 82 17 72 73 89 14 50 48 55 67 49 7 7 5 13 36 28 62 96 89 59 71 11 47 68 92 2 14 8 14 85 90 31 56 14 19 21 64 18 76 82 18 82 89 23 47 76 2 8 23 91 66 94 1 12 61 45 65 26 52 78 10 41 60 17 7 30 38 70 47 65 51 65 46 39 87 
44 66 40 51 89 30 68 82 83 79 94 27 95 72 30 25 81 23 84 98 29 14 87 98 12 51 100 76 48 91 14 92 56 6 42 44 35 10 77 69 40 23 95 87 94 77 11 26 99 46 75 27 11 61 76 23 11 75 50 59 65 16 2 73 21 43 16 7 4 45 76 96 67 70 34 60 98 44 85 96 89 60 22 52 72 49 74 83 24 23 93 40 38 94 12 10 88 80 17 44 24 92 91 90 13 24 1 11 19 85 6 59 96 80 10 20 28 83 54 3 58 46 43 95 91 54 5 30 33 73 25 56 64 15 97 76 38 97 86 8 34 44 67 81 23 76 100 2 59 53 5 16 50 47 62 40 52 18 22 37 90 46 44 5 61 41 81 50 89 
18 58 22 61 24 3 35 51 54 89 9 7 93 76 56 91 90 48 94 59 21 30 1 66 74 5 78 66 37 80 54 55 89 28 67 64 30 54 14 83 42 75 41 86 50 49 76 91 48 21 50 68 51 2 85 76 6 63 41 43 42 46 49 30 73 67 93 54 72 6 89 65 80 29 50 82 29 77 24 76 98 25 95 100 26 80 75 32 42 67 26 35 64 26 64 37 44 8 42 16 65 30 32 97 11 82 30 91 10 53 19 7 78 13 6 3 92 32 86 85 98 63 19 14 40 34 2 84 93 43 51 58 25 82 54 87 15 35 77 25 87 95 83 16 60 89 19 51 72 56 88 22 19 58 35 58 92 36 93 36 30 43 93 54 77 98 92 43 32 
69 67 71 15 50 86 26 90 56 29 61 12 16 34 30 73 68 39 16 55 32 52 85 26 96 38 54 94 30 97 77 50 15 47 16 16 33 42 5 88 70 18 51 37 51 32 9 71 71 25 25 54 28 9 31 23 99 37 16 80 33 45 29 99 91 96 15 75 89 19 15 58 88 65 94 39 97 55 9 67 31 85 72 58 94 54 80 92 90 48 71 74 92 51 73 34 46 87 9 87 5 23 44 45 87 90 83 83 44 43 1 74 79 24 83 72 78 62 15 67 61 37 41 4 87 13 38 85 51 98 71 7 72 66 51 58 55 85 93 50 79 45 75 58 69 57 29 98 71 96 64 31 32 56 87 19 20 24 55 70 73 77 77 44 42 79 53 49 64 
45 98 42 42 73 99 62 81 80 59 51 75 74 34 58 82 20 28 53 43 82 75 15 10 51 10 52 81 62 52 44 59 1 38 100 73 36 61 54 67 71 56 93 96 89 51 77 8 78 30 2 12 4 16 21 6 25 24 86 39 27 82 97 28 19 96 100 6 8 5 73 30 13 17 25 1 19 54 9 97 35 10 60 38 78 32 95 54 8 32 92 34 65 88 61 83 35 13 41 94 69 65 23 81 81 100 34 100 53 42 48 87 3 59 76 32 90 22 38 49 53 29 83 70 69 95 52 55 59 44 49 28 8 23 60 89 22 93 40 26 86 39 64 41 97 91 72 38 12 61 87 17 90 21 86 10 67 89 64 26 33 12 5 40 87 64 80 60 9 
71 86 46 9 1 38 57 92 62 95 3 22 33 19 11 53 4 20 19 45 36 96 77 99 100 68 85 16 48 45 76 70 82 21 79 82 59 35 73 20 81 28 41 13 46 4 17 2 75 88 46 10 83 74 61 35 41 45 50 40 41 77 62 74 49 92 56 59 26 80 30 59 7 23 71 5 26 88 58 52 27 55 14 9 28 74 43 20 70 44 12 63 72 73 36 21 64 43 79 41 23 9 99 81 31 22 37 8 61 94 11 87 100 24 47 79 49 90 99 71 85 62 33 57 34 20 29 49 63 7 89 37 67 40 69 49 61 6 8 73 51 19 11 51 94 57 81 95 46 31 65 83 92 49 91 77 68 19 25 30 77 14 18 44 5 87 44 17 92 
52 89 94 22 99 96 15 55 77 9 53 7 25 87 51 73 77 27 41 47 4 22 23 69 40 18 73 26 62 89 69 13 29 62 86 79 10 100 33 86 61 37 44 37 23 46 10 51 25 2 97 28 75 72 96 14 89 20 91 2 8 11 14 88 73 99 66 34 51 50 19 63 87 14 99 61 60 60 64 84 13 12 11 88 83 58 53 24 77 96 25 36 6 91 23 30 41 40 63 43 89 33 5 27 47 4 88 58 15 3 41 28 14 3 67 49 12 71 24 88 66 48 75 24 38 49 53 31 88 68 73 28 100 78 55 98 33 94 55 99 96 47 78 61 1 44 61 12 15 84 51 32 32 25 7 21 25 12 51 12 79 76 40 30 53 46 28 37 39 
34 35 86 33 13 46 33 8 7 97 74 90 47 58 73 24 64 94 48 75 96 12 53 71 3 35 75 48 14 63 38 47 98 23 79 62 20 64 69 26 60 95 68 58 52 40 81 15 85 81 42 33 44 94 55 46 80 30 45 93 92 34 40 41 56 70 54 75 33 75 53 44 69 20 2 72 11 34 86 96 14 27 80 57 73 34 54 4 63 50 97 7 83 88 99 90 9 5 17 94 79 69 37 99 40 38 70 50 72 7 97 37 86 76 46 10 10 51 13 24 1 9 30 35 48 81 77 57 85 93 50 15 13 38 13 52 76 34 1 99 40 98 87 25 73 32 86 82 83 99 58 35 59 39 21 59 19 97 15 55 41 16 69 53 53 33 4 80 66 
57 30 58 54 17 34 78 48 20 12 82 70 69 68 80 7 89 38 78 37 4 32 78 19 53 82 72 37 38 3 55 94 33 12 99 49 45 76 48 16 39 82 85 7 49 17 66 37 54 43 26 58 26 55 28 30 36 99 67 25 54 21 18 38 32 16 86 28 92 85 44 82 18 80 89 67 96 54 55 2 48 80 59 73 86 86 3 74 37 69 98 42 41 16 79 72 31 16 51 74 52 46 56 70 26 96 36 73 1 42 74 48 74 84 72 59 22 26 32 10 46 30 51 86 97 81 9 79 96 60 5 47 5 12 16 82 7 3 7 59 45 32 6 18 68 29 28 89 55 60 50 100 41 52 38 89 32 46 67 27 57 71 25 14 34 93 47 40 95 
53 98 91 37 55 8 4 36 88 44 90 99 93 41 39 44 30 79 27 28 45 5 36 68 29 49 53 21 48 93 68 52 42 58 88 49 18 91 84 5 34 25 3 78 17 93 73 47 71 99 26 67 3 61 86 84 62 39 56 9 83 23 60 76 33 100 24 50 42 59 6 28 83 60 5 52 4 30 50 26 28 75 44 83 35 30 66 96 20 21 56 54 44 68 29 28 19 5 77 60 63 34 87 98 45 44 1 48 73 50 73 52 24 16 34 58 97 51 6 68 72 13 21 67 80 50 94 98 6 22 10 20 7 48 17 51 91 69 98 15 18 22 19 41 89 52 51 86 3 8 53 26 20 74 92 52 75 37 1 32 58 10 51 64 58 20 66 100 88 
15 15 6 36 33 98 24 36 48 61 90 55 14 15 27 39 58 30 65 94 30 48 3 40 98 18 49 69 83 48 57 97 14 14 84 98 11 8 34 59 20 75 65 33 90 43 23 99 72 39 93 2 86 47 93 36 65 41 4 47 88 60 96 2 73 79 99 84 38 84 94 58 59 10 42 100 5 65 98 76 55 42 29 41 89 21 76 5 13 79 51 1 91 98 54 63 77 4 98 14 40 43 71 50 53 13 1 57 29 50 84 83 92 13 75 32 85 50 88 98 81 90 50 23 88 55 37 64 10 35 29 49 29 100 50 33 64 50 41 92 100 25 26 43 89 1 26 73 2 13 22 34 2 71 56 89 77 93 52 87 79 33 87 7 32 37 40 47 86 
80 90 85 56 15 27 96 15 4 69 69 16 42 2 18 65 10 6 41 2 10 27 80 42 14 38 25 2 29 23 87 61 12 24 16 26 2 12 93 6 32 61 21 25 14 90 89 23 48 30 76 9 8 7 2 73 45 78 74 25 100 13 85 11 88 53 36 89 16 80 46 99 40 67 23 6 8 12 80 55 93 8 63 100 14 16 25 10 93 50 35 92 62 19 2 1 23 38 90 38 17 35 36 9 53 59 66 13 22 45 67 14 52 82 65 18 97 89 27 42 91 13 33 4 84 35 5 6 24 46 44 92 32 31 52 85 89 17 49 10 14 67 75 17 100 40 34 49 80 13 90 22 25 22 26 8 56 30 66 31 75 61 23 6 91 74 42 32 91 
42 93 56 9 68 72 8 59 6 56 38 70 45 60 94 19 37 54 74 66 71 57 92 31 79 49 73 4 43 4 46 84 97 1 44 16 73 52 74 30 59 63 99 56 74 44 74 10 49 99 27 19 55 70 1 85 71 74 89 13 29 34 48 25 87 44 40 59 47 65 40 5 28 90 60 1 33 33 63 34 32 89 52 38 11 5 23 81 78 11 45 6 96 92 83 82 87 74 92 33 39 31 38 18 20 49 18 5 82 32 90 65 21 93 2 31 97 24 63 74 86 7 32 82 50 66 63 37 39 55 69 29 37 58 46 9 7 16 65 40 47 54 4 19 46 57 1 43 33 63 68 18 21 51 99 71 16 14 7 7 20 75 35 56 33 33 64 39 48 
80 30 46 33 33 17 79 41 17 21 73 32 40 91 52 91 41 22 6 6 80 12 25 55 99 81 39 31 96 29 30 76 58 75 8 42 91 38 82 60 10 7 43 50 97 94 92 89 68 49 95 47 13 19 53 11 51 91 93 99 71 22 74 28 48 33 21 91 23 55 2 32 61 44 33 9 89 24 49 8 73 43 7 85 14 59 47 16 2 39 14 72 12 39 52 59 24 24 1 46 78 2 29 90 97 62 98 86 37 47 45 61 41 51 45 54 10 43 70 63 33 35 86 44 74 89 55 97 13 55 94 42 9 22 32 57 35 81 94 72 27 39 32 20 89 29 25 50 23 94 12 56 81 50 99 6 38 5 54 2 12 47 96 20 20 27 28 55 59 
22 78 38 60 61 57 100 89 81 50 64 27 13 19 7 14 69 12 52 74 65 5 85 63 100 56 82 78 83 36 37 56 65 74 15 26 30 67 66 10 16 29 88 80 99 94 94 68 57 97 93 21 53 29 35 53 36 17 82 70 4 18 26 69 91 40 46 72 6 11 34 73 40 21 5 90 67 50 57 23 98 49 96 50 29 30 54 64 98 36 34 2 53 59 22 96 50 67 19 8 77 4 80 68 25 36 58 43 37 66 65 34 67 60 84 95 42 37 59 39 24 92 92 29 50 13 76 99 79 94 6 8 98 38 27 74 25 36 16 62 2 80 95 68 92 30 14 85 19 72 23 42 63 15 70 64 79 45 63 10 91 20 17 40 9 95 13 34 31 
28 47 84 59 93 3 2 23 16 86 41 88 61 34 2 27 56 66 5 52 80 14 42 51 82 81 60 29 45 45 11 24 91 94 83 83 48 36 57 63 74 49 2 34 83 4 12 38 21 16 41 100 82 83 50 15 15 61 43 60 5 53 83 47 98 17 82 45 53 90 60 78 39 61 63 21 16 74 10 36 41 50 87 22 84 89 89 51 49 31 10 6 36 44 4 33 61 37 30 65 27 89 42 65 49 4 37 17 29 98 52 69 99 39 43 35 79 31 85 27 13 94 84 48 89 88 33 49 24 62 65 50 2 58 66 50 13 2 18 41 51 70 10 50 60 52 84 38 34 20 16 46 13 100 46 53 87 30 2 62 43 18 64 44 76 29 45 88 83 
63 29 33 84 90 82 95 93 17 32 26 36 99 23 100 98 20 53 36 1 6 50 95 23 13 90 50 41 35 38 23 49 18 56 84 7 89 78 99 58 61 24 45 11 98 45 61 70 49 96 70 54 97 65 28 9 54 78 2 40 15 24 40 32 31 23 38 72 52 88 29 64 63 73 75 60 69 35 29 17 82 51 22 79 15 50 87 20 27 40 60 93 64 51 24 46 74 13 17 77 100 97 41 62 22 67 73 90 1 54 59 82 4 80 12 70 29 51 89 7 90 100 99 5 51 74 51 76 86 19 52 37 68 44 50 89 10 23 30 62 28 40 96 83 20 59 52 100 9 92 7 99 92 57 55 94 31 5 69 16 76 72 5 43 16 54 83 77 28 
12 91 55 52 38 37 23 96 40 74 5 32 32 55 75 89 9 68 19 66 36 86 93 7 90 35 74 96 17 3 23 80 93 30 83 30 66 57 25 58 31 81 89 62 87 63 2 96 30 72 13 17 58 5 23 99 91 49 46 59 51 69 38 43 98 73 24 15 29 100 24 11 33 12 73 19 26 26 66 55 98 78 71 55 34 46 5 24 94 51 82 44 71 72 38 20 44 13 86 24 64 10 35 96 21 59 15 47 84 80 53 81 10 76 87 43 21 92 67 66 94 100 9 64 71 98 83 66 62 68 90 25 77 24 21 50 82 35 48 65 66 100 98 27 27 84 70 99 27 88 64 20 87 24 83 10 73 17 75 34 37 64 59 13 39 79 14 20 65 
61 37 82 13 34 9 39 69 78 38 96 17 53 15 55 77 50 64 49 18 91 83 54 54 41 19 45 71 32 64 35 93 52 16 57 37 76 95 6 53 84 53 21 89 19 76 65 20 91 65 38 81 99 91 87 91 9 31 61 41 46 47 85 50 15 93 86 90 39 43 95 23 47 15 63 66 42 79 85 85 43 22 65 94 65 3 36 73 33 97 65 31 95 1 80 9 93 17 51 32 60 97 6 6 11 68 71 5 98 8 89 40 29 5 85 93 8 21 18 40 69 34 22 63 35 1 24 79 18 26 62 29 22 67 34 84 86 57 88 83 64 28 75 44 33 11 89 40 31 58 31 99 91 53 14 77 5 89 56 22 66 17 2 87 36 36 70 73 44 
10 8 59 89 34 54 21 44 42 12 75 51 95 25 42 99 90 70 3 30 77 77 95 46 78 81 81 65 3 5 8 64 12 18 52 45 72 25 89 65 36 15 16 30 91 9 28 81 78 83 10 55 59 57 100 36 37 32 53 91 88 60 54 52 78 58 96 1 82 36 65 69 2 32 99 93 40 78 25 70 60 86 76 70 42 27 58 31 10 10 73 97 21 79 48 50 36 96 50 69 83 67 37 37 98 35 29 90 65 5 59 24 42 86 46 36 12 3 66 73 12 90 69 32 68 69 34 3 64 83 23 98 49 60 34 99 46 14 88 10 18 98 86 12 83 31 47 46 33 64 18 96 53 38 79 21 6 12 75 21 47 98 19 47 57 52 45 2 66 
32 64 35 81 49 46 15 31 44 60 15 7 29 62 60 67 40 80 24 4 6 45 50 3 15 96 59 66 93 13 83 76 28 70 57 76 67 71 58 11 83 72 17 11 33 28 29 24 59 53 27 65 49 28 67 63 76 78 80 68 42 15 43 69 84 99 96 2 22 53 12 4 76 81 66 60 8 47 35 67 99 14 83 99 41 49 13 16 78 44 35 71 58 78 39 93 28 34 95 1 38 58 56 65 38 22 24 98 68 11 16 18 24 98 68 64 98 80 32 28 23 18 98 33 47 37 77 27 22 71 27 12 29 83 76 18 56 52 67 75 62 82 92 85 79 11 100 77 90 83 56 64 1 53 48 47 89 25 73 63 95 52 74 75 34 1 45 41 52 
11 15 65 93 58 1 23 68 1 51 9 35 6 72 35 59 20 34 99 44 6 61 90 57 86 17 42 39 13 82 42 23 48 7 67 5 7 90 72 59 92 80 94 98 4 28 8 75 61 6 70 19 19 59 27 56 27 69 94 39 2 36 14 50 94 32 54 100 21 78 59 65 57 4 62 12 83 69 86 96 26 55 14 96 66 40 52 44 60 97 35 62 32 48 63 77 79 16 77 52 93 87 16 2 90 29 65 24 49 51 19 74 5 32 70 22 24 73 66 35 69 100 48 53 99 10 29 29 78 57 80 22 95 47 23 36 75 88 60 75 90 78 49 46 62 70 68 85 94 85 71 14 36 19 18 34 28 47 62 5 55 94 27 50 40 1 37 67 40 
96 41 29 26 41 75 87 62 94 23 55 30 93 69 65 11 38 98 91 84 11 95 91 56 73 92 96 74 28 14 13 76 54 94 1 47 20 87 8 13 61 15 42 5 35 58 68 72 7 58 8 17 4 98 25 77 41 72 2 68 85 66 95 90 59 95 36 78 33 96 42 45 10 35 50 44 92 17 67 98 74 74 67 77 23 91 5 63 62 6 83 98 72 77 87 82 24 75 60 56 70 53 53 31 88 2 26 79 18 92 29 43 66 47 71 88 37 28 3 50 33 85 47 56 61 85 38 36 59 49 44 80 1 96 62 88 97 87 19 66 31 47 60 48 93 30 87 81 9 89 82 42 25 28 49 86 64 38 73 75 86 16 54 39 11 68 26 59 6 
96 24 36 42 35 35 86 17 22 18 25 62 99 18 87 26 67 24 90 56 96 16 42 12 69 80 74 88 57 33 94 53 8 81 46 43 68 84 59 89 1 83 2 100 1 88 77 19 11 18 74 59 33 67 70 54 46 43 41 55 27 34 59 35 67 56 77 34 39 35 74 40 69 75 39 69 15 67 39 77 85 13 35 17 79 56 70 77 51 11 83 77 96 41 63 14 96 39 47 87 25 72 26 94 47 16 14 61 82 53 89 66 17 24 83 47 31 4 23 81 66 5 10 62 97 72 75 93 63 74 79 87 45 56 32 43 23 98 55 4 2 44 22 18 19 56 64 49 59 39 82 25 95 43 38 92 14 64 36 28 37 66 15 34 21 98 28 95 95 
83 98 48 78 19 17 96 26 81 96 85 71 29 61 65 71 98 56 37 61 43 64 50 8 30 35 80 80 62 74 26 96 72 74 73 42 90 20 20 22 68 4 92 96 64 9 67 13 16 55 25 59 18 74 66 100 60 46 79 22 71 4 17 94 29 90 88 19 61 7 92 28 10 36 24 25 44 42 89 59 48 13 17 17 39 35 16 98 32 46 19 2 2 88 96 30 29 83 100 89 89 92 17 50 27 92 26 22 85 14 32 84 26 1 100 16 35 68 14 66 13 32 19 66 19 66 96 47 100 47 88 88 38 56 89 16 47 14 89 83 79 21 66 5 21 17 20 7 84 85 24 49 17 42 14 87 60 61 86 59 8 25 99 97 80 87 65 78 53 
53 60 31 25 77 87 97 93 59 3 29 43 26 77 11 20 42 50 79 3 87 89 62 11 87 58 90 26 74 67 78 27 78 60 3 54 47 100 98 57 54 78 99 80 6 10 51 48 11 81 2 97 69 63 7 56 72 96 81 46 62 10 72 39 69 26 44 67 25 93 23 79 71 22 10 76 83 12 23 45 92 24 41 60 38 47 15 10 94 47 55 7 56 78 97 77 3 40 43 80 32 18 10 2 91 71 30 25 82 52 69 73 28 9 32 65 7 99 26 100 97 80 58 53 57 54 81 12 93 75 91 76 92 52 30 82 22 59 6 3 62 74 27 41 34 58 58 40 8 83 91 5 15 48 9 71 1 89 34 45 63 76 21 7 27 2 88 100 60 
46 2 73 71 28 14 5 38 71 96 45 5 39 1 19 86 9 42 39 49 75 83 64 3 55 70 29 8 9 81 19 54 82 92 77 62 57 81 99 79 28 95 83 66 96 54 52 56 95 42 5 21 76 20 23 83 89 4 90 49 84 9 55 17 52 31 78 8 63 28 86 90 75 20 56 22 73 59 77 67 100 33 40 75 52 62 57 92 17 99 93 52 7 47 69 58 29 98 65 91 78 2 32 4 21 87 25 94 45 53 12 44 38 51 71 41 65 79 33 81 77 77 85 83 75 5 92 3 2 8 45 31 9 76 34 82 15 58 75 59 63 38 55 100 89 77 40 5 55 24 37 32 100 21 66 74 25 58 28 79 65 72 9 26 100 43 7 14 52 
33 24 66 70 78 65 58 54 5 14 9 80 51 92 80 71 57 5 96 66 33 74 31 56 34 8 7 28 14 72 32 46 96 97 15 73 62 25 79 18 38 39 49 88 82 28 11 38 85 58 4 69 31 86 76 16 45 83 44 58 54 75 55 1 23 69 74 36 45 4 5 35 94 54 74 75 33 84 12 17 41 67 37 23 4 13 91 48 47 34 57 52 60 11 53 82 32 78 70 28 81 74 62 74 27 88 48 60 23 11 28 16 30 65 38 85 29 80 85 75 13 41 26 24 52 78 58 35 55 27 62 87 52 76 60 79 63 59 90 85 22 69 100 3 85 90 87 13 69 71 39 34 64 65 9 67 94 66 1 49 44 62 35 96 89 47 26 51 57 
67 88 30 35 39 32 72 80 71 84 1 93 75 34 56 39 94 22 32 60 74 32 55 36 19 50 24 17 27 27 73 93 66 3 80 4 86 51 36 56 86 36 49 60 21 4 50 14 78 34 73 51 17 80 38 35 29 14 51 8 92 76 100 57 30 31 12 15 33 47 23 71 82 71 82 2 26 32 16 3 17 40 6 33 19 43 20 100 56 22 7 47 97 58 55 78 41 67 45 73 13 67 43 47 37 25 48 14 8 15 17 76 55 74 8 25 16 79 24 24 1 82 22 49 40 77 27 80 95 71 4 7 89 47 53 25 23 53 38 82 67 6 57 73 79 16 98 47 95 21 70 47 55 43 95 94 19 73 25 13 95 28 72 83 26 76 59 100 80 
49 33 47 54 89 71 85 57 68 83 3 41 4 49 95 46 95 40 17 20 64 81 14 43 52 49 21 80 7 20 59 55 5 57 61 45 28 97 1 47 79 55 39 82 3 85 79 50 24 95 69 39 76 34 34 79 82 54 58 89 25 17 95 29 73 55 74 100 3 26 99 81 81 37 14 35 22 93 36 97 87 4 88 14 38 21 93 71 26 50 59 50 66 54 31 91 60 56 42 63 81 40 95 61 29 9 48 50 53 83 98 91 87 85 5 76 57 49 46 82 98 57 84 16 62 66 6 21 21 99 35 1 39 30 14 67 90 61 68 42 95 65 32 33 2 88 8 58 36 6 92 86 14 27 1 75 92 58 47 12 8 34 64 46 63 77 64 4 89 
83 45 84 48 28 16 1 68 76 10 3 33 53 40 98 79 92 24 22 1 70 85 9 3 49 6 17 77 70 20 18 52 16 1 51 96 68 3 63 95 13 17 79 65 57 76 96 48 99 17 49 21 2 57 75 2 62 44 78 83 63 95 87 31 47 37 26 67 40 88 13 4 56 92 20 12 19 67 12 70 36 60 42 89 68 16 90 81 59 19 16 74 66 2 4 64 90 81 30 81 20 95 84 75 38 56 87 8 22 50 77 57 9 18 45 28 86 86 60 96 5 75 21 70 76 76 85 66 56 67 98 75 61 82 2 50 89 40 57 10 89 86 19 49 3 15 76 40 1 35 36 57 10 8 78 37 84 62 54 39 28 52 66 40 85 67 89 73 58 
46 34 46 31 52 94 85 19 21 25 71 55 12 27 16 19 4 5 54 65 58 93 45 61 10 84 45 28 73 69 85 18 3 82 48 6 75 84 24 95 60 94 1 71 72 69 42 75 25 95 92 34 39 36 95 100 19 91 27 43 60 63 60 14 44 59 19 70 95 95 64 54 40 17 77 64 37 70 38 61 16 81 94 55 68 40 6 39 31 33 81 42 47 93 55 91 3 25 60 97 71 76 51 63 44 79 26 80 48 15 92 63 96 85 69 15 25 75 53 7 59 34 48 5 78 2 95 80 78 7 77 49 82 79 11 77 57 88 56 4 2 47 18 49 83 87 64 59 61 16 17 71 1 64 75 78 17 22 10 95 80 86 95 13 16 57 89 72 44 
44 27 97 42 44 46 76 82 61 35 42 28 51 64 81 67 39 10 83 12 19 29 91 56 75 3 71 31 91 94 26 86 20 23 79 16 20 54 97 32 40 91 59 43 54 91 9 44 1 43 7 19 24 97 75 98 51 97 81 93 91 58 78 62 80 8 29 51 62 78 82 53 68 93 95 73 83 55 69 83 50 75 54 73 24 80 22 74 76 54 19 18 12 48 80 43 56 60 94 69 37 27 21 56 19 68 29 2 74 49 36 23 23 41 47 98 20 69 24 48 74 42 65 85 89 96 28 44 56 21 12 44 47 85 100 18 4 80 71 77 28 58 100 2 99 46 52 70 66 75 17 40 16 34 24 4 29 3 48 36 75 11 80 74 47 31 91 50 10 
61 79 89 18 78 42 68 75 93 38 93 67 6 32 82 39 7 86 20 62 85 55 36 47 86 9 46 16 99 95 77 11 25 65 29 54 7 96 29 99 85 73 18 91 56 99 29 62 36 48 23 72 55 11 71 40 19 16 8 18 62 84 80 87 1 8 40 59 56 20 9 92 92 26 82 47 25 63 61 12 62 35 84 68 45 54 60 16 69 67 85 82 2 64 68 2 24 8 12 79 79 21 22 71 46 4 69 22 18 81 34 79 68 69 99 64 74 58 79 94 24 63 75 77 79 43 31 2 2 42 32 80 62 53 2 8 8 71 29 25 3 14 56 70 82 54 86 55 11 64 48 86 79 23 14 9 17 44 10 18 86 41 49 99 45 51 6 53 73 
87 29 75 52 84 97 34 89 82 40 51 97 88 88 75 62 2 83 30 45 44 99 82 36 47 81 81 97 38 33 69 76 61 96 28 97 92 61 37 25 52 88 21 91 75 48 52 76 82 33 73 26 31 54 61 78 34 41 74 24 25 95 99 38 90 26 86 33 38 22 9 90 61 29 80 36 28 84 63 10 16 35 35 99 89 47 76 74 40 1 49 16 95 48 53 36 25 90 20 63 12 28 4 72 9 35 59 36 18 22 45 86 56 31 84 96 78 11 22 69 11 70 84 58 17 37 93 94 26 65 56 89 92 11 61 100 45 19 88 15 92 32 100 100 63 35 95 92 45 16 60 7 38 43 64 54 31 9 47 9 73 54 97 16 16 9 68 61 80 
55 75 71 38 26 70 100 12 17 43 8 32 2 14 69 97 30 75 27 38 73 87 62 79 84 29 94 44 96 6 23 2 32 46 40 57 15 91 20 31 34 27 15 87 41 35 35 70 61 14 59 34 100 20 64 35 100 57 79 48 63 53 49 94 98 40 3 13 31 22 95 16 49 61 54 41 96 89 10 8 54 68 93 53 39 56 40 90 13 18 37 27 70 38 72 68 77 74 32 59 48 78 74 48 39 80 88 86 68 97 93 73 16 86 25 6 41 16 95 5 33 32 83 55 69 55 74 97 80 57 56 27 34 81 74 24 60 13 9 79 9 54 51 76 91 28 81 83 43 28 88 28 11 22 82 31 76 7 27 56 63 82 34 48 63 60 24 22 72 
32 1 33 37 3 8 27 30 41 62 73 68 1 100 78 22 33 8 98 91 34 5 5 68 38 52 82 97 75 3 21 59 55 53 47 58 60 26 39 100 87 11 67 39 62 96 60 94 3 9 36 89 13 40 56 3 44 37 51 70 91 71 80 98 23 27 7 83 52 45 34 90 8 53 28 69 48 39 15 51 48 50 91 12 90 46 14 85 34 65 54 76 35 34 73 10 12 79 92 63 76 77 4 83 29 83 51 77 21 17 79 68 67 69 80 8 66 45 92 99 9 45 74 96 30 99 5 41 29 48 55 4 24 58 86 5 92 89 81 13 5 11 32 23 79 63 30 44 8 73 94 68 70 19 63 99 17 19 92 46 18 46 1 94 56 87 98 47 27 
78 11 83 88 43 58 18 5 87 13 64 12 6 32 81 24 46 31 93 65 22 38 82 20 38 27 75 76 24 73 54 1 84 89 40 78 46 57 82 84 21 98 95 26 29 27 2 74 58 94 90 31 31 24 50 20 50 76 48 74 49 1 26 32 89 18 61 34 26 42 70 47 39 64 72 19 91 73 45 100 18 34 30 48 57 32 20 59 7 67 84 55 19 9 38 60 26 98 45 52 92 14 50 82 78 21 53 20 46 97 19 63 30 100 63 39 83 34 49 90 100 32 96 70 40 86 29 18 35 26 21 78 39 70 60 68 42 12 39 39 60 9 54 41 9 16 31 91 1 79 32 52 10 28 21 2 65 2 71 99 27 43 77 17 64 88 85 5 51 
75 96 10 84 49 50 44 16 81 86 16 11 18 67 73 97 39 26 61 40 96 59 18 38 87 35 53 74 71 57 24 45 4 85 28 52 35 23 19 67 9 34 29 26 52 1 74 91 26 34 82 73 44 100 62 83 86 14 56 56 23 32 52 26 16 32 78 2 54 48 20 62 82 49 39 85 49 12 27 27 97 9 51 93 60 13 75 45 78 82 52 100 65 3 26 81 34 55 34 40 2 54 53 35 2 44 72 2 55 98 80 4 6 31 48 65 43 74 9 72 55 12 72 72 15 49 52 100 55 85 91 8 38 44 95 91 87 66 93 93 63 72 48 21 54 95 85 96 20 46 20 27 57 91 98 23 91 49 75 97 85 65 4 75 60 98 65 46 15 
9 91 30 33 38 50 86 85 86 34 4 83 53 30 92 95 27 14 85 27 40 81 12 5 36 86 64 86 2 62 100 11 52 81 95 41 30 80 25 16 13 81 50 65 10 41 11 89 55 47 15 46 79 26 50 15 63 66 52 65 79 3 27 82 84 21 22 13 52 99 80 65 79 30 81 40 70 92 28 76 38 43 74 17 20 23 83 83 40 34 99 70 36 77 51 19 49 25 84 100 75 15 64 5 44 97 44 66 40 24 93 29 66 66 97 37 41 79 71 32 64 21 2 100 97 4 70 97 28 5 97 54 20 12 58 15 8 54 32 99 77 25 28 94 42 24 30 82 55 1 66 18 21 67 69 70 70 91 66 50 95 14 3 14 78 13 81 37 66 
12 36 42 88 63 35 30 86 64 63 92 16 28 10 89 46 78 10 68 68 27 17 15 41 71 80 18 35 60 54 100 72 41 93 59 3 27 40 41 43 3 32 10 30 41 98 76 71 7 95 90 34 63 4 26 33 84 95 20 95 48 19 18 89 12 77 43 90 68 83 84 70 67 94 52 59 91 27 81 50 21 71 83 83 26 60 67 61 54 38 56 53 57 73 41 20 1 36 61 69 70 45 90 36 38 41 47 80 19 27 29 91 49 63 25 75 22 92 35 27 81 42 80 37 15 72 8 67 7 21 87 29 65 77 64 54 17 62 33 88 89 14 78 37 28 3 63 2 46 98 28 26 39 7 15 5 31 74 24 37 94 62 65 58 38 81 63 7 94 
48 94 82 61 23 71 88 25 33 89 70 82 69 96 73 27 62 77 57 35 52 46 29 14 62 38 3 42 1 61 88 100 6 21 60 29 91 99 53 76 40 75 9 8 22 81 86 83 10 43 17 61 88 97 74 1 87 29 95 87 89 82 38 95 2 97 23 45 47 27 20 86 1 28 45 22 9 31 56 18 25 73 30 12 21 56 12 7 84 58 45 72 39 82 66 41 78 40 85 77 67 56 62 67 83 7 41 43 89 96 12 13 20 42 76 41 97 39 99 32 97 44 55 35 25 21 75 55 12 11 31 78 66 44 97 49 50 89 43 90 84 55 2 56 48 77 96 96 16 94 27 12 89 81 46 66 53 73 20 17 83 2 94 49 45 42 49 47 30 
91 36 66 97 90 21 96 66 68 91 33 13 69 44 2 2 42 19 54 14 90 22 48 91 68 96 87 9 96 85 91 87 73 8 35 62 28 31 79 47 21 12 59 42 55 12 43 48 30 48 61 19 70 9 61 37 56 48 97 52 84 87 90 56 94 24 69 73 6 100 19 79 11 78 20 17 41 62 65 71 9 77 89 30 37 2 66 45 49 63 48 84 1 37 92 47 12 12 19 18 11 38 96 21 67 67 90 7 80 6 77 88 34 18 70 23 19 35 67 19 49 14 54 50 2 45 96 65 57 66 82 67 3 29 40 21 47 81 28 26 86 56 66 71 25 35 93 95 69 11 13 70 76 19 71 77 63 66 94 19 83 75 38 86 56 29 58 2 9 
85 28 46 93 93 68 17 79 61 12 47 23 76 68 99 46 38 27 9 55 20 79 38 47 16 75 54 96 32 7 56 17 34 53 61 78 21 77 56 33 40 55 55 68 22 5 13 12 84 73 66 55 52 3 1 19 77 6 15 9 13 70 77 98 23 37 76 95 65 83 27 5 89 33 24 63 38 88 74 21 61 39 75 12 94 28 30 70 33 96 30 45 18 58 43 92 94 70 86 59 52 12 15 93 44 90 55 33 77 28 53 37 18 80 100 11 59 82 33 91 29 14 88 46 72 30 37 17 51 74 75 2 85 41 46 81 82 100 13 59 27 18 47 45 49 99 7 7 32 39 97 60 53 36 6 76 65 94 92 15 68 19 69 4 11 14 84 93 66 
49 3 92 18 1 88 66 99 47 72 30 37 20 42 89 56 47 16 72 92 8 39 59 26 59 63 36 24 98 28 89 98 82 33 15 83 20 32 33 18 55 15 55 27 56 95 82 54 11 5 45 18 43 56 95 1 18 30 25 67 10 65 17 91 97 31 25 69 15 58 86 69 72 40 95 27 87 28 80 97 33 76 66 27 31 60 80 100 41 56 19 2 20 35 93 69 17 17 37 31 26 22 100 97 14 46 75 100 74 6 48 58 82 13 84 64 24 15 64 64 22 82 66 42 16 10 10 32 78 98 15 4 19 14 52 84 59 27 35 84 84 82 41 17 94 77 81 69 43 96 33 65 77 50 6 44 11 67 27 88 16 41 43 34 6 95 70 17 73 
4 100 56 86 93 73 31 69 53 52 63 100 84 27 76 85 84 71 95 2 49 82 17 42 25 51 47 71 72 15 43 75 67 50 12 59 74 95 79 78 46 41 77 81 68 52 65 51 74 59 53 23 92 69 16 68 71 62 90 94 29 32 21 95 34 32 53 7 78 83 85 75 23 61 7 42 65 71 45 38 81 97 12 25 17 27 44 40 41 34 33 21 17 53 15 50 37 19 57 66 1 93 41 75 53 47 69 17 70 13 7 2 61 70 26 29 49 22 68 89 55 53 9 71 5 75 21 93 93 29 59 45 21 51 71 25 49 39 94 18 51 100 72 63 21 49 92 69 70 11 57 24 63 17 95 20 43 67 12 87 95 22 83 67 72 54 91 21 44 
84 90 47 35 61 9 56 62 100 24 31 11 33 7 73 1 1 44 44 19 56 82 65 77 65 31 1 70 73 21 13 9 62 59 43 23 68 50 36 19 74 66 29 58 72 54 58 24 97 53 94 4 87 58 33 51 40 33 20 65 53 32 73 14 43 67 88 10 17 23 28 42 41 9 51 64 14 60 88 62 13 81 66 51 91 98 1 30 30 72 46 34 55 18 99 97 37 39 58 53 61 86 46 53 46 96 17 11 55 56 72 19 88 89 21 78 38 21 60 19 44 5 52 99 23 3 47 59 41 5 63 53 90 60 6 87 7 74 97 61 29 20 32 16 9 52 94 46 25 5 17 68 9 20 18 31 22 65 41 14 69 55 67 10 66 24 48 72 97 
96 33 77 15 16 92 23 19 37 21 43 41 37 63 2 8 32 84 30 48 25 95 68 31 61 29 97 36 76 68 84 71 52 60 38 19 4 60 38 92 32 32 85 20 46 86 28 78 69 9 77 45 3 45 28 16 73 24 3 1 43 87 71 47 98 8 65 53 20 2 97 3 86 81 23 31 18 2 60 38 62 37 83 16 81 10 31 5 85 86 5 27 72 28 73 21 87 90 26 6 43 22 61 28 54 83 11 71 36 70 8 97 58 42 12 90 3 95 95 87 80 99 66 3 78 90 75 65 79 100 22 22 73 82 49 26 64 11 48 51 81 8 47 90 49 11 80 4 5 74 90 36 24 7 90 2 97 64 66 75 16 87 48 88 69 97 14 84 7 
13 87 39 20 33 29 21 95 8 24 51 33 65 86 56 72 75 9 68 91 74 94 6 13 42 93 33 90 58 68 48 23 54 87 42 39 67 14 33 26 37 84 58 2 21 65 25 48 74 92 38 99 37 95 63 78 39 95 19 49 63 67 71 16 53 64 54 71 78 39 96 14 22 53 67 94 17 43 41 42 34 30 41 23 24 3 52 15 50 71 63 12 37 33 79 41 96 85 11 73 23 58 39 96 10 57 89 78 100 82 72 85 11 12 7 87 66 11 1 15 81 63 78 69 47 9 9 94 93 71 19 67 28 9 14 89 65 54 18 16 35 89 53 98 52 11 36 70 21 36 84 1 50 14 69 48 22 29 41 66 51 11 84 30 19 97 18 36 2 
88 51 37 28 3 86 32 14 21 1 86 8 36 87 9 49 7 8 22 88 100 87 38 11 70 68 81 18 37 16 20 76 19 8 4 73 45 35 38 17 35 24 24 22 10 84 71 68 91 92 7 90 31 45 52 52 64 33 70 52 48 41 28 18 100 83 91 44 69 28 60 55 51 35 76 12 70 46 32 12 90 38 53 72 34 5 23 97 37 44 1 36 36 28 6 35 62 96 78 30 23 89 84 26 75 59 89 44 57 20 55 46 58 8 69 43 12 91 92 100 87 92 87 22 71 92 57 32 39 86 13 14 27 96 39 1 6 79 45 62 99 51 59 8 58 27 50 21 70 41 72 56 32 11 77 54 54 85 85 93 23 49 6 49 44 96 49 50 74 
45 63 24 96 22 31 5 100 33 26 69 25 49 24 57 59 53 62 13 37 99 5 11 47 62 59 91 57 8 92 82 4 6 6 99 27 36 4 79 20 81 47 45 29 23 53 88 75 14 52 63 12 56 74 59 69 32 1 77 91 44 58 95 49 63 45 76 51 48 54 70 28 52 14 9 74 18 48 48 32 99 63 43 6 36 53 74 19 53 50 10 96 7 56 45 22 100 72 72 100 77 93 79 80 59 87 54 76 34 53 7 84 15 2 89 2 6 62 21 59 11 82 6 70 89 2 91 88 25 14 39 53 6 18 33 16 56 38 92 42 90 50 25 57 3 14 58 9 75 30 19 38 11 24 7 99 78 49 39 54 62 77 59 19 46 43 35 2 80 
26 95 21 27 19 77 30 84 87 38 11 16 56 48 27 31 6 77 60 54 15 14 15 44 72 85 89 14 19 42 45 96 36 65 23 7 94 52 90 80 41 52 95 96 99 73 78 56 2 38 9 16 51 75 11 74 60 100 39 30 93 83 26 81 99 48 87 92 51 28 23 91 80 18 38 30 42 15 86 43 52 46 11 54 21 21 79 32 72 69 61 65 51 38 45 2 85 31 93 87 10 16 77 89 85 66 71 26 81 56 21 84 53 31 38 73 51 68 56 23 37 69 39 39 6 83 40 43 65 85 29 74 52 58 15 88 23 37 65 55 44 85 39 96 67 28 21 18 95 76 92 31 96 82 22 2 64 61 44 80 97 24 5 48 81 71 87 56 7 
52 10 50 36 48 46 3 75 66 72 22 93 15 4 89 96 25 42 11 86 85 90 34 60 46 34 41 17 20 48 75 71 57 77 59 57 22 61 83 39 84 4 83 98 60 71 45 84 64 55 21 48 96 55 8 93 88 100 61 7 47 36 30 55 12 88 63 85 48 98 75 83 1 57 32 12 80 76 96 43 82 16 43 29 22 2 21 61 53 82 68 51 69 97 5 80 36 20 16 83 17 90 17 69 98 48 81 29 23 76 24 4 43 66 84 17 19 4 77 71 85 44 21 53 92 77 84 27 96 99 61 12 40 77 33 90 76 13 18 98 40 41 53 34 58 36 50 76 92 27 46 76 22 66 81 14 43 16 92 90 67 5 54 6 33 86 95 9 50 
65 6 89 5 11 74 15 98 24 90 89 50 88 17 71 5 97 36 99 64 80 89 30 84 42 36 16 79 82 76 28 46 34 68 3 44 41 17 93 64 58 82 65 45 98 88 50 46 23 100 9 2 88 39 37 81 26 5 11 59 80 90 57 13 57 59 8 50 27 1 65 84 34 30 81 83 69 82 28 91 81 88 45 21 78 33 1 55 37 64 14 69 53 70 33 10 80 93 11 6 45 75 41 78 56 73 60 24 54 39 67 35 26 63 7 4 95 7 58 84 70 23 52 23 92 84 84 71 28 46 28 72 72 69 49 80 41 60 55 47 98 21 33 24 35 39 79 30 45 88 13 67 11 64 41 2 99 76 25 27 21 52 50 44 20 99 23 13 10 
78 59 8 50 91 83 85 29 13 14 25 100 78 43 10 93 35 64 91 10 88 69 82 91 19 26 63 69 100 75 78 77 85 37 79 27 19 63 55 31 28 31 83 5 26 44 97 60 7 39 22 46 60 3 37 78 80 99 98 80 25 75 8 61 64 86 87 82 48 93 65 75 23 99 31 48 42 27 60 49 18 81 46 77 83 82 6 15 32 3 94 8 29 53 68 92 39 54 26 38 46 42 65 21 40 95 20 81 74 79 81 91 59 27 67 94 60 24 60 44 26 5 51 6 57 19 98 95 24 75 85 70 16 49 42 55 43 61 87 68 92 20 58 50 98 76 95 57 99 54 52 76 58 3 82 67 73 31 61 96 5 97 17 20 45 58 26 40 71 
64 7 62 83 17 63 32 44 58 41 95 63 92 70 73 94 3 39 18 33 51 14 89 48 30 60 44 40 85 83 10 1 42 71 35 10 85 67 53 94 7 47 57 98 69 81 44 71 19 61 56 69 26 44 68 8 56 12 47 40 46 8 92 39 30 27 48 14 93 53 8 51 99 16 48 19 48 43 42 66 56 97 86 33 92 6 40 47 17 38 39 14 45 30 53 74 56 52 40 100 4 99 50 55 66 50 73 13 44 14 30 99 62 15 32 54 20 23 52 88 61 42 54 57 24 58 83 79 9 22 31 13 20 80 67 85 29 91 49 25 5 78 23 66 92 6 71 64 81 75 3 93 16 8 49 39 65 31 70 26 4 100 38 23 31 56 59 12 98 
7 36 2 84 10 68 28 68 90 43 48 64 45 40 32 5 40 70 69 71 91 94 26 42 83 49 73 90 59 36 88 18 71 89 53 32 8 80 99 98 22 98 13 19 37 44 23 77 66 43 99 8 37 24 50 71 24 74 61 35 9 48 52 31 88 4 14 48 36 13 97 9 10 9 79 99 5 53 27 70 96 77 77 84 52 78 54 76 3 14 62 11 13 65 93 53 20 7 100 55 71 96 16 32 56 94 82 60 47 8 81 94 84 10 77 36 39 30 63 42 96 76 4 60 40 97 12 59 55 63 66 77 10 81 60 66 26 42 77 24 49 58 17 85 19 93 72 57 75 86 98 22 61 2 81 100 50 45 10 4 7 75 32 17 7 91 34 33 32 
10 56 33 19 73 17 37 17 88 94 43 73 43 64 33 44 45 84 93 41 93 48 99 20 31 67 26 22 100 10 5 62 66 37 32 90 5 69 58 44 14 1 16 56 16 100 52 12 35 96 52 80 96 51 99 26 69 24 99 69 86 56 82 3 92 13 44 49 33 1 92 46 53 60 54 69 11 57 80 46 52 84 25 99 34 23 25 2 98 75 22 35 30 55 37 74 68 80 74 52 33 65 98 85 24 3 53 35 11 85 32 14 68 56 13 53 30 89 6 79 63 80 14 45 34 50 70 53 82 43 5 14 7 54 98 83 8 3 69 18 39 100 31 6 7 95 58 88 83 63 18 98 94 31 94 28 33 63 32 66 57 36 79 15 41 28 49 48 30 
17 17 68 68 100 25 26 94 82 65 29 97 83 26 90 65 19 69 49 33 1 14 41 88 92 55 29 72 4 28 1 72 97 21 40 96 97 17 89 79 82 17 27 64 94 68 28 64 89 29 48 41 42 88 28 86 43 8 57 46 88 9 69 84 81 8 79 78 25 19 8 58 88 86 21 81 53 100 97 93 28 44 33 22 32 61 59 26 20 15 23 7 75 91 90 56 99 20 85 75 39 92 32 78 77 4 10 81 55 6 26 35 2 58 8 33 70 66 58 90 80 80 48 6 22 38 61 20 9 97 46 99 88 29 76 16 84 86 49 91 43 74 25 44 31 32 28 53 97 37 42 28 68 89 33 90 78 46 61 87 42 59 85 82 87 13 97 23 50 
97 13 44 70 37 88 53 20 67 5 68 56 98 95 23 86 79 64 16 76 25 54 70 83 90 51 21 2 99 43 3 96 55 47 17 43 86 69 62 52 73 29 7 70 75 82 8 6 45 23 81 21 76 50 3 65 52 76 19 51 18 21 98 25 19 14 67 4 83 81 8 7 9 66 29 36 47 36 41 44 10 73 64 37 75 67 53 26 94 71 28 11 44 25 35 62 91 54 66 73 34 73 31 94 38 59 29 37 94 21 80 55 46 95 91 72 61 44 49 54 66 77 17 9 53 3 71 43 56 88 67 89 60 98 35 49 56 63 37 2 36 68 56 33 63 99 4 75 94 52 81 59 80 97 20 85 51 90 27 7 77 46 47 88 43 81 88 50 96 
77 3 83 44 59 15 58 9 70 33 2 21 13 12 53 61 31 37 11 72 15 69 100 60 16 87 54 96 27 56 43 55 58 25 98 68 39 8 76 8 40 29 81 4 41 33 64 23 21 26 95 35 95 94 47 10 33 52 57 11 7 52 65 17 76 14 84 67 21 12 26 60 92 6 63 32 90 78 7 10 4 1 45 50 94 43 11 78 94 19 88 1 70 52 69 46 18 52 12 38 63 89 50 7 95 64 38 36 42 96 46 97 96 42 46 42 84 56 19 29 74 7 81 96 10 49 41 27 1 4 17 15 92 18 21 38 81 11 74 74 6 71 22 54 64 67 95 99 74 65 27 100 71 60 95 33 8 87 11 60 42 27 27 85 44 99 23 77 61 
48 50 19 70 72 72 33 90 18 31 16 82 9 67 53 68 61 37 76 99 47 87 40 74 13 24 69 12 98 45 24 97 47 42 66 70 13 50 11 30 32 26 12 41 92 16 8 4 52 35 2 50 74 93 75 86 69 44 49 18 40 73 67 38 14 32 7 79 34 18 8 65 95 71 5 87 38 65 42 41 51 96 91 24 88 65 62 8 60 10 78 100 34 44 89 48 75 96 78 60 65 37 25 59 8 29 97 45 45 39 38 96 86 28 71 73 92 32 33 52 94 10 3 27 5 91 26 31 38 3 91 2 40 15 13 99 95 61 95 40 99 32 87 84 59 57 9 51 89 93 54 34 54 8 60 58 98 86 88 36 88 78 89 79 44 53 77 39 14 
72 78 64 3 64 48 14 72 8 64 12 52 69 45 5 76 5 14 25 42 1 12 81 31 1 60 74 5 88 12 18 59 41 82 14 56 81 27 28 40 42 39 91 62 84 47 37 40 60 13 81 12 25 61 94 77 20 68 81 8 31 99 18 24 32 83 79 12 9 6 3 50 45 45 11 80 91 99 19 2 12 99 13 36 59 7 12 31 26 44 90 8 94 59 31 25 42 10 88 50 67 90 52 63 34 14 42 76 65 60 77 76 10 90 63 21 48 26 3 73 69 92 32 15 2 63 39 43 24 27 45 90 68 96 53 54 61 94 29 25 6 6 52 67 47 66 87 94 43 89 18 64 32 49 78 34 63 16 76 86 94 20 76 62 67 28 15 80 73 
95 4 78 52 8 45 98 73 83 43 16 72 12 79 3 61 8 88 23 23 64 9 17 35 36 30 54 63 96 33 87 90 88 17 42 95 13 39 20 95 34 87 18 45 17 21 57 24 8 32 98 23 92 14 10 27 95 63 41 90 95 27 80 34 43 21 81 7 11 100 2 96 38 19 41 54 91 97 29 51 28 26 25 19 92 34 97 86 48 37 76 42 16 7 76 10 27 56 17 89 7 70 85 96 40 77 49 83 73 29 33 53 6 9 23 97 95 72 35 42 8 10 84 75 16 11 85 94 18 53 34 76 22 70 71 61 46 71 43 71 51 27 23 56 88 97 5 82 68 39 23 28 48 6 2 15 68 38 60 37 90 45 64 63 15 34 24 60 56 
18 30 6 97 4 62 84 1 66 65 20 4 87 47 3 45 1 69 64 38 80 53 28 24 16 42 38 2 65 50 57 35 79 63 83 83 76 66 35 41 82 54 96 20 53 50 64 53 70 80 42 49 32 21 72 99 63 62 100 79 11 57 13 41 19 95 75 94 12 9 86 93 15 33 13 19 82 28 23 51 59 64 51 42 85 74 41 99 35 40 77 97 48 42 38 66 36 12 11 100 73 48 44 39 80 8 57 61 36 79 63 46 94 65 88 78 39 80 76 25 19 5 22 67 46 59 84 33 22 47 32 94 94 76 32 26 83 40 38 70 18 1 68 12 65 55 41 55 34 69 80 4 73 1 22 18 11 58 50 84 4 82 78 49 9 61 74 43 53 
64 65 70 16 32 33 32 86 26 87 71 94 66 26 18 18 48 35 28 5 84 11 60 17 40 60 77 53 34 20 5 97 36 26 64 67 11 95 4 36 81 74 81 98 51 98 15 98 32 94 54 67 57 13 36 96 73 12 100 58 83 4 6 70 82 69 36 92 63 39 27 96 64 7 93 15 56 8 64 87 1 18 5 57 82 40 5 6 4 56 15 38 12 72 8 93 40 95 84 55 34 62 2 49 20 94 15 75 53 79 13 6 48 17 14 81 9 70 39 12 26 53 1 37 25 8 29 16 55 64 22 40 77 23 88 96 69 55 22 73 33 86 78 32 2 44 64 10 13 2 73 38 55 74 26 31 33 6 98 39 69 20 78 97 94 66 44 62 72 
65 35 56 50 64 87 4 7 50 65 72 4 90 61 58 15 87 40 99 44 37 38 65 56 15 61 2 32 5 63 3 21 49 58 23 65 96 26 23 98 42 94 1 31 55 10 45 93 49 44 36 37 33 52 45 47 13 46 79 17 8 33 89 9 91 11 25 38 88 47 35 82 41 35 12 47 96 9 91 44 4 78 33 36 30 77 34 42 22 12 10 81 97 50 89 87 61 65 76 100 12 11 81 4 97 45 2 93 53 92 88 8 21 20 95 50 96 28 43 17 92 4 98 88 54 38 26 14 3 1 65 66 11 46 69 60 90 70 52 94 61 39 1 81 11 95 83 6 74 25 75 65 81 24 52 34 61 77 99 15 30 63 80 92 60 48 51 49 17 
2 94 29 93 46 62 3 40 96 60 66 72 34 30 52 57 82 85 70 10 35 84 91 98 16 83 57 63 33 58 32 35 51 12 79 97 25 81 88 20 40 53 92 74 35 95 82 68 80 51 77 66 35 68 15 50 50 24 64 34 81 47 20 83 11 98 31 35 78 71 55 70 75 98 43 9 92 76 76 23 27 5 41 13 24 55 14 25 78 77 58 58 76 78 93 86 75 23 20 5 45 26 74 20 75 68 80 19 43 8 93 69 12 33 33 87 88 46 11 65 75 20 75 50 97 67 87 24 41 58 28 38 36 53 57 10 20 88 80 62 95 73 83 58 5 67 44 92 13 6 9 87 26 83 88 22 1 74 45 41 31 24 30 66 76 86 28 47 26 
7 61 20 79 95 30 84 61 73 27 73 79 35 11 56 69 98 77 69 23 74 62 54 49 91 71 77 29 50 23 54 57 83 25 87 77 54 22 38 79 49 10 9 35 21 64 4 70 92 24 93 17 85 98 66 76 68 42 56 70 16 61 26 99 85 12 75 91 86 64 21 34 74 81 20 46 96 75 67 87 99 59 56 83 56 73 10 76 66 17 45 81 77 22 79 62 85 6 4 70 69 76 55 94 56 27 91 51 1 58 89 99 16 96 34 24 68 95 51 85 12 47 66 88 68 96 1 4 53 56 26 74 31 32 67 86 58 10 88 59 67 29 9 34 24 94 57 44 89 59 28 100 5 45 39 24 93 40 28 45 95 5 18 78 36 37 15 94 46 
55 4 12 83 64 45 58 58 54 1 46 64 81 97 69 77 35 44 69 26 23 14 73 27 31 50 63 67 64 8 12 18 11 75 52 74 72 10 31 77 62 28 40 94 24 60 71 11 4 39 36 26 4 8 5 35 57 67 53 73 26 17 42 36 91 94 61 14 55 44 90 68 23 30 14 47 89 84 57 44 74 92 22 78 52 26 64 60 44 68 32 69 36 26 56 79 71 68 92 25 11 82 44 34 63 57 32 3 92 40 47 18 31 20 47 34 45 62 94 40 81 25 8 17 50 63 95 72 30 86 48 93 19 92 78 33 100 9 36 44 48 34 13 30 53 59 64 49 72 9 88 52 33 95 68 35 9 14 58 90 52 6 34 70 49 11 3 48 71 
90 43 70 75 55 100 27 65 15 27 36 23 14 88 7 60 7 93 20 21 51 61 72 8 95 93 56 57 47 3 28 88 98 97 62 52 48 88 17 14 66 4 36 79 91 95 90 50 39 9 70 41 70 93 48 16 85 3 72 84 58 99 71 55 48 33 58 95 72 74 9 38 30 96 68 20 42 58 69 33 18 90 73 39 82 73 54 19 75 26 2 84 76 72 90 23 56 48 70 28 73 78 17 2 25 84 74 67 93 42 51 11 84 23 49 65 95 55 35 22 80 36 57 55 60 47 30 15 94 99 94 18 76 10 20 52 46 93 70 38 86 20 100 69 95 1 86 41 55 20 62 86 8 71 40 67 17 21 33 62 19 27 79 46 88 98 98 33 42 
19 23 80 39 74 48 33 26 85 73 80 5 87 17 12 57 57 30 25 29 62 86 48 40 64 93 28 14 42 12 55 61 86 34 51 60 34 83 37 18 7 17 74 93 33 37 1 41 18 25 22 32 10 69 71 26 13 50 39 55 14 45 67 99 31 17 10 16 51 47 85 57 15 59 2 99 47 2 92 17 79 13 48 40 33 18 65 45 20 55 51 33 52 17 83 82 33 93 49 83 91 33 92 57 43 93 7 90 46 98 6 76 62 5 16 94 74 32 39 93 39 89 77 90 6 60 23 90 4 23 25 46 55 68 2 98 12 8 39 9 58 96 85 19 100 52 13 73 35 3 18 25 91 94 66 48 53 88 90 8 10 14 53 17 81 54 14 92 14 
4 52 71 99 36 41 50 39 53 74 74 55 91 98 98 85 64 97 89 3 86 97 65 51 49 81 83 55 46 26 20 49 78 90 99 65 30 48 4 35 21 29 41 64 26 90 48 41 87 88 96 24 84 60 75 85 92 9 91 89 35 10 37 12 51 87 76 32 34 31 66 6 59 59 21 37 48 68 77 86 8 24 10 91 83 36 27 26 44 17 14 78 26 2 41 76 88 69 60 73 99 25 31 58 35 51 94 35 71 22 20 78 46 29 20 80 64 47 6 8 63 71 37 41 73 78 68 12 46 27 85 96 52 67 53 38 69 98 72 39 20 92 68 17 72 88 96 88 34 53 47 48 24 83 88 48 12 56 59 9 82 95 5 85 61 57 23 30 7 
94 20 78 37 88 94 9 75 89 48 60 42 94 7 65 28 95 12 40 2 22 48 83 17 52 20 29 61 42 10 19 87 30 96 76 69 89 84 43 77 83 54 70 76 60 34 3 6 97 94 59 19 42 42 87 45 61 15 57 54 25 75 92 6 22 67 74 10 2 68 39 84 21 8 59 80 42 14 38 90 7 96 60 100 89 46 97 1 13 5 6 89 32 98 94 53 64 19 63 66 86 53 1 6 60 12 37 53 25 26 43 83 74 54 35 62 100 83 15 64 87 20 52 70 17 97 23 33 67 37 50 52 89 50 9 100 61 97 53 37 75 47 72 48 100 58 61 51 40 75 14 78 95 17 48 63 65 70 47 31 58 96 34 98 98 94 97 10 43 
49 47 17 95 70 64 47 27 76 97 66 51 63 95 97 31 42 11 96 63 58 78 20 53 12 69 2 5 66 12 99 66 58 15 61 79 30 59 5 6 55 22 8 69 16 4 100 58 14 95 72 71 24 44 76 35 12 29 92 77 40 90 43 49 57 55 27 86 65 31 91 19 52 50 40 20 53 39 77 19 85 48 41 8 91 68 95 55 97 86 31 36 27 25 85 83 31 11 69 95 94 11 66 45 61 5 64 65 95 92 83 79 92 76 38 34 43 32 88 39 17 71 27 96 47 11 78 30 73 98 76 66 9 41 11 21 97 26 37 43 70 72 73 13 47 11 46 89 42 86 80 11 8 6 58 6 68 35 35 40 33 11 6 93 3 68 65 52 45 
1 94 14 72 67 26 18 29 24 59 22 61 90 84 68 95 41 73 62 76 8 1 60 70 58 52 72 25 68 23 70 68 69 83 40 35 61 9 15 36 19 36 96 8 20 63 2 60 87 15 87 46 68 46 15 25 49 87 50 16 61 71 36 29 53 27 15 65 35 29 100 6 65 95 13 36 9 67 95 96 81 34 41 100 31 56 25 80 94 26 47 6 96 82 35 100 8 1 65 95 30 16 100 46 11 12 81 71 30 27 66 11 12 59 10 43 66 86 22 11 11 20 16 6 54 2 6 61 3 22 7 32 37 58 29 99 22 61 22 51 87 39 61 99 97 23 41 14 60 14 24 71 85 40 28 38 41 85 51 95 58 57 26 95 15 6 45 88 66 
66 38 5 5 51 3 53 25 95 67 84 60 90 54 44 81 34 34 74 18 84 68 76 92 46 22 58 51 18 45 69 84 83 73 40 33 75 92 57 21 10 40 32 100 46 27 32 31 60 57 100 43 25 75 35 22 48 44 24 66 89 92 1 71 64 40 55 90 83 63 62 93 54 93 44 51 20 27 81 31 84 81 74 60 7 60 81 55 3 56 72 43 48 72 65 63 63 19 53 97 33 66 89 87 11 84 37 30 11 70 12 94 50 37 53 56 48 85 62 51 40 33 45 39 56 10 2 18 80 6 67 13 71 55 51 81 39 87 62 49 8 74 94 57 62 46 65 10 82 26 12 21 11 56 60 66 65 61 36 97 18 2 9 88 8 11 21 46 97 
82 46 5 7 91 13 69 88 77 78 69 55 89 90 65 96 1 30 13 13 17 9 30 18 69 69 26 79 89 23 27 23 21 83 29 11 96 49 51 24 78 19 78 18 60 42 14 60 24 26 24 40 34 53 58 2 22 35 32 10 9 58 32 29 41 13 92 88 13 42 11 91 12 89 8 72 82 73 83 5 98 7 45 83 11 54 36 32 88 67 94 96 77 77 77 69 89 20 56 54 61 18 44 24 58 3 95 40 28 30 96 77 88 40 60 98 45 47 30 32 66 75 80 42 51 8 10 92 27 17 45 39 34 40 62 92 94 9 83 21 38 78 98 25 70 9 74 14 7 3 46 72 77 77 65 80 84 26 71 10 94 15 100 28 6 61 71 99 69 
53 72 58 82 21 34 51 81 8 65 87 62 62 11 91 38 27 70 21 5 40 82 98 6 81 25 11 93 47 61 14 51 32 71 33 52 57 83 32 16 47 71 77 8 81 19 97 7 40 69 11 31 50 61 36 82 37 98 75 84 59 88 34 90 10 66 94 18 49 25 33 47 95 62 55 27 32 3 86 72 72 48 2 73 8 90 55 45 87 81 28 97 20 61 39 81 79 32 51 79 8 83 25 55 96 31 81 80 34 66 51 5 66 4 29 73 93 83 17 80 15 96 76 86 9 14 67 87 97 17 65 5 51 41 11 99 72 43 78 57 61 80 61 26 83 89 98 76 24 15 7 90 62 82 76 70 48 42 56 96 10 72 52 60 13 62 58 36 5 
87 92 65 66 52 90 49 92 39 24 67 5 82 57 67 63 84 36 62 25 44 10 34 67 61 45 79 75 55 14 31 41 5 47 59 8 88 59 52 26 34 70 31 15 26 49 29 9 36 43 85 79 52 70 46 64 67 76 38 21 42 20 13 46 66 23 6 53 81 9 31 14 78 13 28 4 61 57 64 96 99 1 27 2 22 24 65 88 99 55 60 92 74 25 38 40 47 95 44 80 3 74 93 80 38 73 35 98 81 51 46 31 51 24 32 24 47 48 12 97 2 23 89 28 47 78 19 46 72 62 25 26 88 69 5 25 41 92 75 21 42 72 3 44 95 34 67 41 82 30 89 35 5 77 62 51 6 80 96 29 94 72 54 81 41 11 57 33 2 
83 6 95 54 8 38 48 94 56 40 75 38 81 61 42 9 23 44 15 54 92 43 47 63 49 79 55 59 36 88 12 18 93 6 24 52 95 71 45 2 63 19 39 43 32 32 51 54 76 17 59 67 60 6 81 60 84 36 18 71 75 29 41 67 34 64 18 80 86 63 81 48 33 72 42 16 3 45 69 78 61 80 96 72 85 77 31 20 64 100 91 38 28 83 56 13 46 25 92 83 87 25 83 72 96 24 87 98 20 8 28 81 87 75 4 23 51 35 42 66 34 84 55 14 66 10 26 63 35 70 46 73 94 28 44 89 3 83 38 23 42 65 55 28 40 58 2 42 44 43 8 78 79 62 91 44 24 68 59 58 89 56 30 82 83 26 70 37 60 
8 11 1 24 65 80 63 75 81 57 18 75 16 47 53 29 89 49 52 57 59 61 45 14 91 79 48 68 100 36 79 59 47 79 83 63 10 97 37 42 5 55 16 20 1 21 49 90 21 52 98 31 13 94 44 55 72 43 74 24 78 52 82 24 82 16 87 91 13 23 32 17 29 99 89 82 71 37 23 43 88 20 73 52 65 16 6 89 58 79 12 88 82 93 11 63 9 49 53 73 24 36 41 52 87 29 85 9 17 7 52 57 78 24 8 43 92 14 31 1 44 94 88 26 38 99 88 46 99 93 70 22 80 11 26 18 39 10 27 56 17 78 12 46 1 19 88 92 84 70 93 80 63 80 57 53 30 44 98 29 88 20 2 20 30 27 37 68 89 
63 75 57 40 38 2 93 57 42 36 92 11 28 23 26 60 79 78 41 75 27 21 62 46 75 33 27 1 70 47 41 84 21 97 24 59 51 68 67 92 3 10 2 83 33 79 94 11 8 86 37 35 7 51 32 81 83 59 33 52 5 74 88 77 22 63 35 72 30 53 63 84 15 17 66 47 95 11 9 55 97 46 89 55 96 72 35 30 82 19 34 86 44 21 15 66 83 1 89 12 54 4 95 68 20 13 66 66 75 26 20 71 23 60 25 18 84 11 100 65 30 33 3 73 53 17 90 35 69 31 98 74 34 44 93 5 8 58 22 83 36 94 53 58 5 30 28 88 40 27 5 69 59 7 94 11 75 35 97 43 65 94 17 98 37 9 54 45 19 
76 79 54 69 31 11 25 60 38 13 52 64 17 72 74 75 65 84 49 100 32 43 16 25 59 66 14 20 19 10 90 46 88 43 66 70 5 91 82 95 3 33 58 71 4 84 45 21 67 45 72 99 87 87 75 98 52 40 69 23 49 58 68 88 52 86 58 56 76 91 50 30 75 60 100 30 43 96 50 61 40 73 11 78 60 86 75 63 77 95 37 26 52 5 65 3 42 22 11 17 64 60 46 38 19 97 68 13 44 17 74 35 42 84 12 1 21 39 15 98 33 52 75 85 8 39 39 49 13 49 17 76 61 14 14 79 10 81 44 5 49 17 39 90 52 2 42 25 40 9 74 25 12 100 61 19 38 99 19 2 100 87 78 60 100 43 90 61 75 
33 65 23 1 3 65 5 4 6 81 96 66 54 20 77 53 32 47 42 82 65 44 81 3 21 40 2 15 30 62 89 14 26 11 15 80 27 71 36 85 51 31 50 4 2 27 8 85 73 49 66 90 92 47 92 64 38 94 78 67 55 66 33 33 29 99 12 55 69 99 39 19 81 89 74 34 15 81 18 39 81 84 28 73 30 72 88 19 17 66 38 23 83 70 55 11 68 19 66 36 17 56 6 98 96 79 31 62 11 1 1 91 84 80 15 65 51 3 83 19 68 20 42 50 89 96 13 8 66 30 95 35 85 100 84 81 30 14 42 92 14 94 83 49 26 97 13 28 51 48 47 18 19 88 20 8 35 84 67 1 13 62 35 49 13 18 81 43 83 
75 86 49 68 68 49 93 17 14 21 67 61 19 37 79 6 56 38 40 91 57 92 3 18 78 3 30 47 84 24 82 10 10 82 77 29 30 22 45 43 94 64 55 12 100 86 69 7 75 60 97 31 52 51 100 29 53 82 76 88 57 9 97 18 90 26 47 19 47 43 14 92 6 20 55 57 5 75 63 32 34 59 14 85 61 14 66 14 47 93 1 3 1 50 21 90 75 19 8 73 61 73 16 19 93 70 75 49 96 38 80 29 48 94 66 61 59 31 74 5 23 26 7 75 27 79 64 1 97 23 73 10 96 88 28 40 9 2 88 4 91 20 33 91 13 50 51 23 80 76 27 54 53 85 28 80 64 43 32 12 17 5 21 12 92 48 3 53 2 
91 56 44 10 40 86 74 89 88 96 20 15 74 73 20 58 52 51 73 94 82 85 11 86 57 74 30 5 29 82 58 71 89 53 80 29 39 5 69 78 52 89 93 25 13 12 34 65 62 59 10 43 43 72 81 99 98 10 55 26 43 64 96 31 17 27 11 7 31 80 84 34 68 76 10 80 39 43 96 52 1 6 47 95 77 79 46 26 40 100 51 82 16 98 64 32 24 75 38 6 54 73 39 21 1 100 52 39 43 48 43 95 5 89 90 33 19 35 59 58 86 61 39 1 59 2 84 34 76 73 40 81 46 30 53 98 30 5 88 24 4 30 18 8 70 59 92 88 45 50 45 83 11 35 35 69 37 19 2 64 43 93 97 40 75 49 37 56 5 
25 79 8 54 48 67 76 7 59 63 51 60 60 33 70 94 68 90 82 38 44 98 80 36 94 20 62 42 8 17 47 32 95 6 38 43 25 13 1 35 27 3 94 86 88 64 32 7 5 13 44 48 62 75 36 55 46 97 49 54 14 47 37 60 4 74 54 28 86 54 62 65 9 8 2 96 23 33 2 27 98 97 75 59 23 62 66 69 58 14 74 23 12 10 83 15 84 88 95 21 94 8 37 2 15 39 49 37 71 50 64 20 98 90 79 20 3 44 40 60 9 13 35 20 23 69 86 58 56 80 30 49 88 67 2 2 5 50 39 27 51 54 47 48 95 77 68 97 72 59 8 80 72 94 51 46 62 36 3 18 16 84 18 3 2 20 4 58 21 
94 85 72 99 83 19 45 59 38 93 30 97 53 61 20 46 11 65 8 98 19 77 65 54 46 67 56 17 23 13 38 68 49 9 19 31 79 63 41 69 56 22 17 8 82 36 5 44 52 12 94 70 40 58 23 38 25 30 54 99 43 91 66 43 51 36 26 82 99 66 50 6 88 18 65 21 5 69 17 56 33 10 77 24 19 51 61 43 81 15 93 75 57 11 17 60 46 42 93 96 60 94 1 99 11 17 71 15 38 87 70 70 48 46 45 67 96 6 61 28 72 54 2 80 16 19 91 61 12 83 9 23 76 61 21 86 78 92 100 15 30 21 36 78 18 32 96 66 37 56 93 60 61 95 92 76 65 82 89 28 65 49 51 40 9 71 78 86 14 
29 52 44 50 39 73 19 71 20 84 59 75 77 19 88 23 62 15 87 43 55 66 7 3 16 99 12 39 28 49 4 56 1 99 57 39 71 76 9 90 59 68 17 87 38 56 9 99 70 47 93 25 13 52 79 80 50 42 18 29 91 74 84 43 72 41 33 95 68 94 84 78 13 52 65 50 7 25 100 29 24 92 5 88 43 83 67 44 77 37 72 67 10 8 61 81 48 93 75 15 38 11 92 50 14 8 51 73 85 50 1 8 94 57 95 88 91 61 32 67 49 55 85 10 62 45 43 61 90 69 27 27 31 71 77 45 78 27 69 62 29 21 21 22 77 15 61 67 28 44 86 28 99 70 38 12 15 80 73 4 48 99 82 31 21 58 75 51 37 
95 12 65 15 85 38 91 99 50 9 26 94 94 6 92 64 43 55 30 74 27 85 73 78 66 3 50 24 29 100 12 23 64 76 37 48 65 27 46 14 36 24 7 81 29 50 44 23 57 73 96 35 57 68 12 23 71 14 98 51 13 9 74 76 36 10 23 52 89 21 65 76 44 24 56 24 25 100 46 81 24 41 16 81 60 79 55 82 92 52 33 5 12 6 32 99 67 55 50 55 75 66 30 70 41 38 93 66 37 90 98 60 30 65 92 41 44 46 23 87 49 7 43 12 64 75 10 30 81 11 37 55 77 18 24 17 55 68 34 91 57 84 3 38 48 46 78 43 44 52 82 92 10 24 56 73 50 17 55 30 28 91 84 56 8 59 24 63 78 
10 5 34 93 59 23 92 5 53 87 48 4 68 91 66 91 98 38 41 15 92 22 94 34 6 49 94 16 72 8 46 81 64 79 25 23 54 17 79 6 3 78 61 70 20 26 12 18 64 4 32 7 26 25 93 83 25 86 50 96 93 95 29 56 26 53 30 79 21 8 84 23 37 44 44 57 70 8 74 85 11 57 43 36 33 35 70 57 72 20 4 16 14 32 24 39 37 53 17 57 13 52 32 49 96 27 57 65 34 30 1 97 38 43 84 70 30 54 78 53 73 82 69 38 65 92 29 53 96 97 62 60 49 93 9 44 71 65 60 57 47 60 53 84 54 36 54 35 89 31 88 13 64 56 51 29 99 79 33 94 75 94 54 75 86 14 18 9 30 
29 65 28 88 17 12 94 52 17 28 93 99 15 57 15 70 7 95 20 37 27 14 64 21 19 38 58 32 8 66 61 36 82 89 76 98 52 21 2 20 48 46 18 15 2 84 36 61 78 56 49 5 69 12 25 87 2 82 70 61 100 82 48 81 22 23 79 73 43 32 44 43 77 62 57 30 45 92 90 23 47 39 79 67 2 3 53 55 84 22 15 83 56 63 64 77 37 94 50 32 25 93 74 53 6 82 82 3 73 24 77 72 62 55 38 63 9 43 18 92 64 84 27 19 46 42 48 35 87 97 66 63 41 91 15 99 72 48 1 44 71 29 15 84 35 5 47 43 47 16 86 10 99 12 81 97 5 28 31 91 76 48 53 68 38 19 66 9 19 
18 4 41 98 71 25 32 75 23 74 21 38 12 82 88 23 14 36 80 93 18 22 20 65 27 88 2 45 5 62 15 75 18 56 72 88 32 56 62 54 29 34 43 40 15 82 15 29 18 46 21 35 67 41 100 93 80 53 90 84 67 4 58 84 11 82 71 42 37 84 95 17 17 37 9 31 71 23 11 88 20 84 74 86 76 73 31 55 78 20 90 96 75 100 79 86 81 1 27 17 84 74 33 100 62 41 82 32 15 45 19 34 28 93 72 3 17 54 9 46 73 98 41 99 97 19 84 77 71 63 45 54 36 78 5 97 70 39 29 85 83 99 70 10 43 93 64 60 46 72 5 70 69 98 69 18 68 4 46 39 66 91 44 53 20 49 50 89 39 
30 73 21 80 95 82 23 87 45 82 33 16 38 2 36 87 22 5 55 26 51 93 43 93 88 96 12 36 97 100 74 78 25 46 57 19 27 79 5 71 12 89 38 2 43 26 88 64 30 94 41 80 38 84 72 26 31 83 61 79 35 87 56 59 84 64 29 11 95 85 33 58 26 23 59 68 48 99 83 77 92 76 9 30 59 32 55 41 67 67 19 1 5 26 11 41 89 39 3 35 75 35 93 100 9 3 67 56 1 2 85 45 77 93 74 87 24 80 27 42 98 97 42 55 74 4 95 14 94 97 49 69 83 93 20 92 95 39 47 96 40 83 40 16 75 65 54 51 96 32 92 45 80 86 99 53 89 45 18 35 41 66 55 24 58 74 67 5 12 
65 100 3 48 91 18 22 7 23 24 54 54 68 98 33 53 49 37 93 93 55 27 34 72 33 9 82 7 75 86 18 39 37 21 86 27 90 60 85 65 83 38 18 50 35 3 54 83 91 99 28 45 77 61 69 10 21 50 16 47 35 85 37 23 57 23 49 99 34 33 63 68 70 32 70 56 34 23 91 77 21 18 21 98 30 41 59 2 90 74 48 76 58 36 98 67 58 98 65 43 82 27 63 3 58 32 59 44 6 1 20 79 70 92 76 51 33 34 4 74 59 51 2 68 86 51 34 96 49 98 90 30 76 52 85 34 83 95 29 41 95 48 19 16 91 46 66 75 31 69 1 89 71 2 56 8 52 42 55 52 91 97 34 67 100 18 100 83 12 
80 75 58 79 93 73 69 38 90 96 68 10 96 56 32 49 63 91 52 56 98 4 47 94 89 13 93 58 64 27 21 43 1 78 73 45 2 41 82 91 88 49 52 83 56 83 31 71 73 83 26 22 38 72 15 78 36 60 35 99 38 55 93 91 32 65 35 33 58 17 75 97 17 26 80 25 60 62 95 84 96 72 6 85 96 72 62 31 83 96 82 21 50 26 11 33 43 97 17 100 65 43 96 82 20 27 6 79 41 52 63 36 75 20 21 70 91 34 53 74 30 86 46 31 63 8 16 5 4 32 56 69 75 4 2 94 30 59 25 22 10 87 10 36 58 82 6 100 15 10 25 44 47 70 27 9 29 42 14 85 73 21 5 99 24 6 45 6 64 
69 27 25 7 36 60 16 17 17 15 32 78 40 27 24 9 53 33 90 46 98 74 19 18 78 69 42 35 65 99 50 33 25 74 91 13 85 6 29 54 21 12 83 60 91 7 20 95 91 9 41 40 34 11 9 11 79 2 45 44 100 94 28 25 19 71 89 56 28 69 61 48 81 43 59 23 1 31 17 43 91 57 82 25 67 91 35 98 92 32 41 92 77 20 68 48 90 56 55 18 24 15 17 56 9 28 78 10 58 47 52 48 3 34 72 70 76 59 67 19 42 59 10 70 30 29 17 72 36 23 41 12 37 57 67 46 84 97 7 93 95 58 41 97 43 64 18 70 22 36 89 63 46 50 85 76 79 1 47 66 24 87 77 12 95 96 9 31 92 
15 23 38 25 63 34 19 27 52 41 100 39 29 15 85 30 99 60 60 51 58 26 26 44 2 38 90 97 98 20 40 65 43 77 41 57 63 11 35 66 51 35 4 31 1 88 61 99 99 20 1 8 97 27 3 99 16 93 47 13 12 39 77 6 15 69 63 29 80 97 94 30 83 98 13 83 37 25 81 88 44 34 95 93 60 98 91 75 42 89 39 53 27 68 59 94 36 73 22 15 69 16 97 4 65 9 86 53 85 19 92 80 52 39 72 11 88 14 37 29 3 75 33 29 94 43 74 30 15 96 96 36 63 92 39 79 52 76 83 36 94 75 16 97 65 39 59 52 53 95 80 55 22 64 35 15 7 9 96 73 56 92 8 70 35 98 100 39 74 
82 74 19 8 41 16 72 80 74 75 32 21 54 38 94 70 72 8 76 32 4 48 39 47 8 8 81 57 7 19 82 41 45 1 48 37 68 72 68 93 46 99 65 52 88 58 21 12 18 48 43 73 95 34 19 54 93 51 11 52 70 92 92 66 92 91 2 11 14 70 56 60 20 20 63 60 78 35 71 47 82 65 19 28 98 89 82 91 39 92 94 60 35 85 25 27 27 79 89 41 48 44 52 19 16 66 78 93 100 48 39 81 65 9 60 14 97 41 4 35 84 49 95 19 33 71 97 12 49 85 52 96 81 55 67 96 20 44 40 71 44 30 3 60 38 62 73 86 3 29 20 86 77 66 56 10 37 52 73 37 89 76 85 69 30 51 16 1 46 
55 71 41 84 25 100 73 86 73 58 88 1 77 26 77 95 81 38 83 85 10 19 73 85 3 41 66 53 8 18 51 62 40 91 97 64 91 69 50 63 26 89 15 54 66 91 48 99 81 82 83 42 1 7 27 55 47 44 8 6 62 10 67 53 100 63 17 90 31 18 4 8 58 70 61 24 61 61 22 93 42 56 34 94 62 12 49 60 56 8 65 69 17 31 21 16 45 89 58 75 58 13 34 16 83 94 39 95 6 12 87 100 67 20 93 80 32 41 39 39 100 3 59 16 85 79 84 29 20 41 55 77 5 40 92 87 33 82 81 39 93 19 38 11 39 82 90 22 75 28 60 74 82 18 42 18 48 25 98 19 17 4 48 21 43 91 8 28 73 
40 18 17 59 55 28 49 88 69 70 62 49 81 88 82 50 29 100 49 53 97 20 21 53 67 41 95 57 100 22 81 92 39 98 50 45 77 50 33 45 71 46 93 51 33 75 52 13 26 100 65 74 19 37 26 37 30 21 94 29 94 74 72 85 71 73 29 99 22 13 44 92 11 88 94 95 14 45 8 39 97 24 65 67 61 90 4 90 62 49 70 8 22 42 92 45 14 72 43 88 37 38 79 47 78 25 41 91 69 48 82 17 24 46 84 84 87 87 73 49 35 94 56 8 35 47 4 1 70 99 40 6 36 70 4 13 94 97 56 63 96 89 79 19 34 14 2 20 100 26 20 86 72 27 46 58 73 49 58 95 47 49 52 35 19 56 99 12 52 
54 26 47 42 57 18 27 70 19 99 22 97 18 59 68 45 4 25 69 5 35 15 51 83 67 85 1 22 84 65 25 89 90 23 83 98 40 9 68 11 59 41 59 29 99 26 73 55 2 93 59 88 60 9 71 26 46 23 99 81 39 23 69 29 97 51 78 37 12 45 99 70 37 57 98 36 34 22 42 35 67 100 23 26 60 45 3 5 19 1 85 58 23 6 38 19 56 15 7 19 12 5 89 48 13 38 35 46 60 76 33 78 75 7 3 35 51 5 91 21 5 76 78 79 33 67 49 88 82 8 7 93 64 47 92 77 84 27 22 95 54 6 72 81 12 74 67 14 30 57 35 86 84 64 16 16 31 17 56 64 24 62 8 87 60 99 15 43 77 
89 38 83 94 9 63 58 35 29 71 64 85 57 2 21 73 17 36 3 33 91 18 8 4 25 47 63 75 61 6 4 1 95 86 95 3 100 52 89 28 74 5 64 31 6 36 3 22 72 57 7 14 26 66 18 50 12 32 76 25 37 31 25 83 16 19 38 67 22 26 46 96 30 62 78 35 97 32 9 20 40 67 34 65 32 3 14 44 34 41 68 23 72 92 5 39 63 42 6 84 20 51 31 49 64 8 36 61 91 96 80 30 62 65 94 93 67 59 88 1 100 7 75 23 99 79 61 13 73 18 96 92 69 79 92 32 38 79 44 29 74 24 58 35 40 52 80 7 10 67 59 61 74 33 83 24 63 44 36 35 61 83 78 81 61 22 65 99 100 
8 79 74 83 36 60 23 87 39 81 49 58 39 9 31 23 44 6 85 39 93 20 99 75 49 32 88 70 48 38 22 7 16 95 90 51 6 64 90 45 96 90 2 34 50 84 56 93 41 40 31 33 11 82 7 12 65 94 33 12 83 54 18 98 100 59 1 6 74 90 50 69 31 3 2 80 38 9 73 78 1 55 10 63 36 16 74 100 62 7 11 96 12 81 94 12 39 94 17 13 35 66 81 65 20 35 96 57 95 68 34 95 23 95 58 10 62 83 10 23 41 72 19 53 52 64 64 91 9 32 55 95 49 35 59 68 21 6 24 16 74 9 10 48 3 19 57 64 54 18 39 46 90 9 98 93 24 13 35 32 44 89 26 92 76 36 11 96 41 
86 11 66 94 73 13 48 43 22 64 96 91 54 42 32 62 91 25 85 4 59 68 99 100 93 43 75 80 53 70 20 39 33 86 84 5 50 84 47 23 47 95 14 100 36 45 13 78 21 49 33 32 16 84 31 60 26 5 91 30 26 10 20 58 47 4 62 97 39 61 71 85 55 84 36 42 81 100 19 53 48 52 84 15 35 14 26 12 70 16 41 96 77 61 5 24 16 67 72 54 27 42 90 33 78 77 74 58 76 92 10 75 95 46 41 81 59 18 44 81 33 37 28 61 97 32 84 64 98 7 17 76 49 58 8 78 34 33 87 61 77 48 35 71 93 75 4 4 44 99 84 76 35 11 88 83 42 24 46 92 30 14 19 30 71 79 7 56 11 
93 16 87 41 50 10 33 76 13 88 71 63 71 98 98 33 86 80 27 9 78 18 38 91 88 68 14 66 26 69 77 19 85 63 11 86 72 95 14 36 83 84 99 53 82 48 38 19 79 64 27 56 33 64 99 20 83 12 86 9 80 14 79 16 76 41 54 100 35 19 87 17 54 37 22 35 84 11 53 63 74 31 70 6 95 68 77 29 31 14 89 63 27 67 30 55 59 83 6 94 1 92 62 7 29 35 41 64 45 46 78 18 76 48 75 22 67 52 3 98 17 91 60 96 10 89 50 68 24 55 13 76 98 75 82 26 9 75 90 54 72 67 23 47 66 98 21 33 1 23 82 69 65 93 64 74 33 65 94 56 71 6 32 69 80 65 46 41 39 
87 46 10 54 68 9 71 17 81 55 69 55 36 38 19 28 53 45 13 18 38 68 88 95 51 8 27 16 54 67 6 40 12 68 45 31 76 68 48 56 22 68 10 10 57 80 37 10 24 1 79 13 69 18 60 71 78 86 86 31 52 44 22 15 11 19 45 38 38 44 45 59 64 6 68 20 85 57 81 61 57 59 25 77 29 84 48 6 69 85 88 72 28 61 38 90 31 35 27 68 78 71 27 93 76 46 13 13 2 45 25 11 56 49 87 84 85 34 41 5 19 28 77 98 40 14 88 71 48 66 38 78 37 16 70 64 62 34 28 15 79 52 25 34 53 64 69 37 97 9 41 67 88 69 17 27 83 4 97 82 21 35 11 9 50 33 25 63 66 
52 78 96 56 54 29 8 17 49 44 66 57 36 32 44 5 100 71 39 55 19 72 76 53 83 84 55 67 8 69 32 12 46 80 67 100 60 74 68 9 69 33 65 4 17 61 60 16 83 50 71 1 22 46 54 56 81 60 22 89 28 5 52 26 84 18 25 44 91 44 4 11 77 68 66 93 80 26 8 62 75 30 63 48 75 68 3 8 79 76 48 58 81 99 83 16 16 59 59 58 3 62 68 79 82 33 71 13 10 30 27 37 60 89 84 86 8 87 93 38 62 40 95 94 38 78 10 53 36 20 62 90 34 29 68 67 14 90 79 75 72 5 11 31 45 95 16 4 33 61 41 46 100 88 92 90 65 1 42 52 72 56 42 5 84 61 23 49 3 
54 24 74 10 34 56 7 80 23 10 64 83 3 62 35 90 5 24 6 57 17 9 28 72 2 85 8 15 7 56 17 12 31 42 22 17 97 28 48 19 89 12 54 43 25 40 32 29 63 89 85 31 50 64 3 51 48 62 65 7 69 33 18 100 74 91 16 22 18 63 93 7 26 46 1 2 85 33 82 99 73 66 29 22 82 83 25 29 96 89 87 65 74 57 64 47 47 31 69 17 93 13 23 71 58 75 72 94 7 54 44 32 71 72 5 4 7 29 33 2 70 71 66 43 27 81 41 26 11 61 42 56 73 16 78 82 90 49 75 49 54 18 80 77 42 36 80 100 65 64 1 34 87 19 28 65 51 68 90 62 29 31 69 1 98 46 35 88 46 
