28 22 2
58 62 41 52 99 64 26 52 61 25 59 80 49 76 57 30 80 65 90 35 15 98 
40 73 40 62 63 39 42 84 20 99 45 13 2 95 76 27 98 36 51 56 15 51 
84 24 32 15 88 74 50 54 71 89 78 62 2 40 100 43 23 72 94 19 84 95 
66 59 22 63 94 24 71 60 27 6 35 58 20 74 31 21 27 53 9 56 14 63 
95 66 5 69 37 50 40 20 45 5 30 18 67 75 41 89 34 19 94 21 77 14 
94 59 34 21 12 95 76 77 9 23 42 13 43 30 15 82 1 59 86 30 28 5 
56 20 93 90 39 87 62 15 52 55 25 37 27 88 83 55 65 91 77 58 56 71 
88 70 53 88 80 38 70 7 42 25 26 87 66 64 25 27 30 76 34 55 64 60 
94 47 14 10 89 42 68 44 13 7 65 65 46 44 54 15 2 48 92 28 86 9 
43 10 36 25 37 21 31 100 80 24 98 46 34 87 39 53 30 3 59 47 19 4 
90 73 71 92 72 62 71 57 22 65 66 57 89 2 29 19 53 9 95 51 6 28 
37 44 80 18 47 90 64 65 93 6 89 15 49 60 28 71 16 50 35 33 58 76 
86 87 46 39 95 40 89 100 19 77 95 98 94 41 39 10 58 32 67 46 46 15 
6 74 37 73 23 23 58 80 98 43 18 96 81 12 35 69 63 6 45 58 55 91 
98 94 52 55 25 18 53 22 84 10 47 20 82 21 94 39 53 44 34 70 39 14 
82 25 35 96 30 31 53 85 21 3 78 24 9 54 41 61 27 76 22 74 47 4 
94 41 94 46 84 79 16 74 93 49 98 27 96 80 9 49 16 30 3 93 53 63 
98 46 76 24 21 97 49 68 52 43 60 98 40 43 76 7 16 68 55 65 46 51 
96 55 51 11 36 5 55 40 67 52 85 94 28 58 91 76 77 42 18 36 39 10 
78 15 16 45 34 71 61 80 73 57 86 75 67 21 31 22 12 49 25 49 43 52 
6 33 28 82 26 97 69 17 58 98 83 74 94 16 96 54 47 20 62 32 94 29 
4 24 2 16 24 26 64 66 78 69 50 57 2 28 5 70 44 63 19 26 36 12 
93 83 65 40 2 27 71 95 7 75 70 8 42 93 85 5 11 14 25 60 70 26 
39 27 47 82 41 17 59 28 28 52 10 92 91 11 70 13 57 28 39 26 35 80 
70 72 84 32 85 8 44 7 85 82 33 83 64 25 99 74 52 78 25 61 22 67 
71 91 80 27 71 18 4 5 50 25 76 33 57 13 93 100 19 29 81 3 64 96 
27 14 70 78 92 46 90 13 13 12 55 92 90 25 61 93 82 10 69 9 95 25 
73 39 76 91 19 9 93 82 56 19 48 25 48 91 71 37 55 35 100 61 26 89 
