20 35 13
55 47 4 52 75 43 33 33 74 94 29 22 22 38 32 54 31 82 11 48 17 13 88 63 50 30 43 93 1 77 85 56 75 40 7 
49 83 91 81 8 36 9 81 57 98 12 62 80 45 25 79 13 37 67 28 38 48 70 31 49 46 67 4 20 7 62 20 41 5 1 
100 40 61 80 97 59 43 58 38 87 82 69 99 18 87 78 56 34 47 38 34 44 56 89 15 62 51 35 54 7 87 5 46 47 84 
42 57 26 52 47 12 85 15 63 55 1 92 62 86 39 99 20 34 54 8 49 68 10 35 73 16 21 78 62 19 61 55 76 87 58 
74 50 43 40 64 97 40 8 58 77 46 8 96 31 61 56 79 28 17 13 53 33 85 30 46 4 42 52 31 80 10 4 82 52 95 
97 100 34 4 9 10 49 16 58 32 76 13 10 56 29 75 8 13 11 89 10 14 30 62 96 10 71 51 43 74 45 39 25 30 43 
33 92 43 48 49 74 75 13 36 30 93 10 89 58 20 29 67 86 59 80 33 20 50 84 62 75 28 100 51 10 94 83 1 37 30 
1 10 57 13 45 86 57 6 27 66 78 55 33 15 65 64 47 84 14 30 97 40 10 49 91 19 42 25 71 78 7 71 40 63 35 
36 100 91 94 26 9 23 81 93 37 97 56 35 81 21 65 29 61 26 77 3 96 71 27 66 100 85 36 91 47 70 27 47 12 72 
72 20 94 4 64 30 1 20 64 33 40 80 13 52 57 42 6 52 12 85 17 11 69 4 2 16 25 80 62 37 51 85 8 44 41 
72 25 93 43 40 77 82 20 89 34 28 30 39 80 41 23 48 4 92 4 5 59 28 36 72 16 86 8 76 29 48 47 5 40 89 
44 16 22 63 5 7 91 86 98 22 27 20 21 30 63 24 86 73 52 21 44 19 6 52 94 86 51 40 90 91 80 33 58 54 48 
14 60 90 100 57 63 78 29 83 7 43 7 44 16 10 64 11 28 21 14 22 58 65 13 99 55 45 83 64 50 82 78 9 23 29 
18 85 6 46 68 12 40 26 7 55 87 22 18 66 94 31 87 51 95 52 1 1 48 83 65 97 65 94 5 39 22 74 24 27 19 
43 90 11 20 48 65 6 69 34 23 62 65 10 64 59 13 64 12 12 98 28 8 14 21 64 53 94 38 76 72 8 18 61 18 89 
8 35 94 28 68 68 89 32 77 4 43 41 67 54 52 64 81 11 78 53 75 82 46 12 57 17 71 26 29 89 14 88 75 59 15 
42 26 55 26 55 58 68 47 76 73 51 39 5 61 68 57 35 49 54 98 57 22 69 34 50 9 47 89 35 57 3 76 35 9 1 
41 66 20 87 41 44 37 31 48 98 51 4 84 51 9 82 8 30 2 93 79 62 40 67 96 48 21 23 34 29 76 74 46 47 61 
38 91 49 69 38 98 71 94 82 21 2 15 80 32 68 73 62 81 64 81 28 63 1 50 97 82 77 70 27 24 82 65 14 83 85 
3 80 7 96 13 79 98 79 59 81 46 83 42 78 98 22 5 60 75 55 8 56 83 30 34 6 63 50 71 45 86 74 77 92 69 
