151 84 49
60 42 70 72 70 74 96 31 79 63 41 88 39 80 91 67 81 21 10 9 41 89 2 31 19 47 89 96 49 24 8 8 65 30 31 34 3 78 64 33 41 57 20 31 88 62 97 20 82 59 28 74 47 82 4 17 80 44 12 28 67 20 87 31 1 17 17 3 46 32 35 86 88 6 17 28 19 65 47 100 23 27 26 69 
8 29 85 39 73 49 18 91 68 56 22 68 24 90 22 69 73 8 55 13 65 23 40 83 87 86 34 62 12 59 82 71 88 19 61 12 67 78 2 86 33 75 53 56 16 26 25 89 33 31 1 97 53 40 31 91 77 64 4 41 23 86 11 62 4 72 73 70 1 26 55 34 1 59 41 16 36 17 56 20 47 56 68 51 
47 98 94 24 61 97 64 83 82 26 44 37 49 16 58 50 42 64 35 94 22 75 61 9 44 17 28 90 72 95 93 71 92 86 94 53 34 9 87 68 34 31 4 35 98 62 36 91 25 70 84 99 96 97 7 39 13 87 81 36 81 25 6 25 62 51 29 95 59 15 62 45 45 66 79 95 79 14 85 55 35 21 53 30 
17 12 21 81 98 53 16 30 77 74 6 38 24 34 32 83 1 46 79 45 11 57 39 41 22 76 95 56 96 100 37 12 11 9 92 60 61 59 41 37 32 99 26 56 32 10 90 84 55 68 29 17 76 19 57 49 94 3 56 41 2 92 52 64 53 95 75 13 6 68 2 37 66 79 44 49 88 33 33 42 100 13 10 27 
83 18 75 29 21 30 69 74 74 73 38 26 19 64 90 24 83 43 61 48 22 4 49 61 89 33 3 40 45 64 67 79 82 93 7 2 23 76 27 48 48 64 25 66 80 14 90 62 9 2 62 30 57 62 90 45 94 44 85 90 8 3 68 89 95 75 42 69 2 68 68 49 84 92 66 15 58 55 28 66 8 89 95 65 
2 36 61 95 32 97 36 39 99 4 79 46 30 72 66 83 91 34 31 74 77 48 40 34 55 68 99 62 8 45 78 10 81 39 4 12 87 92 2 86 95 32 83 76 3 100 58 93 85 40 19 62 39 10 95 93 77 94 55 85 90 84 94 70 22 49 33 9 40 86 46 86 17 80 13 71 79 22 16 64 13 86 77 52 
95 71 44 72 16 50 8 6 34 53 27 7 53 12 67 45 97 64 30 66 95 95 36 26 68 51 41 81 36 17 32 31 39 27 54 55 29 13 12 14 17 90 20 69 53 39 13 50 2 95 15 49 41 2 74 8 53 14 88 88 30 71 70 68 50 75 74 78 87 37 91 55 79 62 24 31 100 88 32 54 34 98 2 26 
100 27 34 52 40 73 91 21 96 13 88 97 87 14 74 26 2 16 32 80 29 55 63 81 95 94 86 80 92 39 6 43 65 91 46 4 63 88 24 58 100 63 54 39 28 79 16 30 46 47 61 27 54 23 7 100 17 92 79 60 30 36 54 94 26 99 49 89 86 24 98 38 86 4 76 66 34 43 95 32 41 7 58 94 
30 64 45 98 7 24 57 88 11 10 33 37 60 81 77 45 56 26 82 93 29 9 58 15 3 4 46 44 11 3 37 40 18 34 37 76 57 45 63 19 6 47 55 65 79 83 61 34 9 43 26 89 3 36 3 6 39 48 49 1 2 37 92 71 70 80 46 78 76 60 97 81 58 3 97 36 86 58 69 94 100 47 82 54 
34 37 59 72 36 59 25 38 48 68 60 17 48 58 47 23 17 95 56 75 97 52 62 82 9 83 27 60 29 61 14 62 97 24 85 32 83 61 21 30 29 81 98 28 38 44 50 6 90 57 32 87 9 94 20 17 76 99 77 56 59 42 69 7 65 5 38 99 66 59 28 94 91 78 21 28 73 22 85 63 79 17 1 39 
62 20 55 37 18 83 44 76 24 12 82 41 16 72 39 81 82 19 26 72 96 98 51 68 72 87 82 2 3 82 40 64 2 46 52 71 29 95 99 4 6 32 44 22 3 35 54 36 53 32 59 48 29 9 67 100 48 1 53 2 82 92 66 35 38 69 6 18 16 56 21 73 87 17 46 42 51 100 77 3 31 36 2 11 
96 68 63 43 20 15 45 2 7 62 88 96 82 45 13 97 100 33 70 87 49 15 80 51 66 56 53 96 43 6 59 39 26 21 33 45 87 77 98 93 90 86 88 72 30 52 20 30 85 89 68 85 56 47 88 21 54 40 69 97 98 27 35 23 99 19 67 85 48 65 30 37 2 69 60 31 21 32 12 57 20 31 41 27 
77 28 48 31 20 68 79 69 46 65 91 44 83 9 80 30 25 9 19 26 30 30 9 2 61 20 58 33 51 50 59 79 30 58 61 1 25 39 69 70 3 59 65 38 19 45 19 44 5 89 21 86 19 29 87 79 49 44 63 51 94 74 29 23 31 90 75 8 80 43 29 35 53 94 24 71 90 42 66 46 31 87 84 49 
15 70 79 63 66 94 65 11 67 94 85 97 35 59 4 66 1 85 100 53 30 23 75 19 65 41 16 47 27 99 47 41 21 25 56 86 70 20 96 36 65 80 33 99 90 88 65 90 72 16 94 53 91 68 23 7 60 39 53 86 89 99 79 61 75 34 46 45 5 93 80 70 24 64 20 13 4 36 54 27 4 47 80 94 
67 2 100 78 92 4 64 81 2 94 41 28 79 39 24 83 83 56 4 7 19 76 71 22 11 77 49 14 75 80 59 93 81 58 71 73 61 34 5 14 79 97 94 57 35 17 39 70 72 95 28 43 70 98 16 32 26 16 46 1 95 56 93 76 14 63 100 26 48 4 92 26 100 85 82 87 1 73 56 25 67 83 19 88 
32 34 19 58 50 16 10 44 72 54 19 37 17 18 14 16 73 5 42 73 89 75 59 42 99 66 18 17 48 36 4 31 69 75 40 18 90 49 62 13 3 32 49 71 2 63 86 74 19 79 98 8 6 56 1 4 73 18 73 72 5 76 3 73 2 94 43 92 43 56 4 97 39 5 19 40 19 56 66 37 35 63 96 92 
71 48 47 43 17 19 15 21 47 69 46 48 62 88 91 56 43 47 4 33 3 22 73 21 78 90 9 64 4 5 7 74 4 53 69 21 24 35 41 70 55 86 69 16 25 60 24 19 58 27 52 60 1 76 80 30 65 40 45 68 44 51 94 100 55 14 20 78 48 60 99 54 98 68 21 22 79 44 41 36 23 44 47 23 
19 26 52 83 65 96 2 61 98 47 60 52 60 31 30 59 42 28 12 39 47 33 13 77 76 5 12 98 48 58 72 66 35 75 100 52 22 1 64 19 48 75 71 59 5 52 18 46 31 29 37 78 61 49 54 89 53 18 38 52 27 10 17 14 36 68 65 58 20 80 76 19 6 98 78 10 49 95 7 80 75 43 57 36 
43 62 76 47 79 13 98 58 74 14 71 10 33 87 19 53 66 94 71 71 92 48 32 40 42 90 19 17 33 27 4 27 41 31 74 71 95 71 28 69 37 50 30 69 36 48 73 53 93 44 75 84 91 58 76 85 48 46 53 32 25 56 58 65 38 83 35 32 6 15 52 42 64 33 62 100 80 35 4 25 78 79 60 20 
36 35 4 83 33 8 66 57 15 76 73 52 58 59 84 63 73 35 56 37 68 18 36 99 4 39 75 33 69 35 52 5 21 8 39 5 67 57 61 82 32 85 33 89 44 68 52 16 55 7 52 22 76 39 72 79 30 99 63 98 33 67 54 5 26 45 10 92 1 22 73 32 7 58 72 50 25 23 17 79 82 21 52 57 
59 76 88 88 74 2 38 6 68 91 10 93 35 71 37 87 93 9 18 99 66 90 100 43 64 68 21 97 88 25 6 47 100 93 86 25 46 75 30 14 66 91 58 52 62 94 39 54 55 8 4 72 49 55 14 13 22 87 9 10 63 14 8 62 58 45 86 56 20 67 69 37 9 78 88 22 24 78 27 30 86 82 1 86 
36 67 98 58 5 59 67 67 24 26 80 34 70 17 89 89 35 9 25 95 86 65 17 61 42 95 90 79 77 43 65 12 61 14 69 65 24 87 83 48 12 14 33 34 30 21 22 16 29 99 10 66 63 26 27 56 73 68 35 49 10 51 60 70 64 29 86 88 67 20 87 79 33 19 12 14 91 85 29 71 35 39 36 49 
16 14 5 88 34 91 88 43 41 48 65 56 28 2 95 94 22 33 72 54 3 35 20 93 20 48 63 54 38 51 55 6 64 59 45 49 1 33 44 93 32 8 100 59 61 95 52 82 27 24 88 82 10 59 74 81 6 37 87 96 87 41 53 2 99 49 51 51 33 94 43 64 53 42 22 65 88 74 47 67 49 86 48 58 
44 21 39 1 9 25 48 47 65 52 1 15 1 51 65 33 96 7 49 100 100 70 64 88 43 62 54 43 99 1 1 94 21 39 95 82 15 94 28 79 46 28 45 98 30 9 82 77 67 30 76 66 100 92 5 94 5 58 37 4 58 89 97 31 79 43 64 93 37 91 23 34 71 67 31 100 75 64 29 93 94 4 10 45 
47 15 90 52 72 78 55 82 66 3 64 44 46 27 88 34 69 10 67 39 76 49 91 2 64 19 46 57 22 56 53 21 70 43 24 41 72 30 74 38 32 37 33 29 15 21 62 84 82 80 22 58 80 12 11 44 82 57 52 56 64 57 76 33 51 99 25 22 28 99 11 11 87 44 40 54 16 53 37 97 33 10 6 64 
74 69 59 55 77 63 10 40 19 37 72 69 35 96 42 14 46 53 25 85 48 16 38 15 68 74 63 52 35 69 68 60 89 26 15 65 88 76 4 58 13 75 78 99 22 20 65 20 24 41 4 23 56 41 37 75 14 99 79 100 19 46 60 7 71 26 71 11 1 26 68 65 52 46 16 74 17 80 45 92 20 48 14 27 
88 2 53 53 52 31 52 23 28 63 29 51 88 52 61 41 29 80 5 81 77 20 6 93 51 50 36 22 97 1 100 84 2 53 88 6 35 91 28 63 54 8 13 93 11 25 33 40 4 90 20 33 9 25 77 12 26 13 33 22 13 85 57 67 89 96 72 23 86 51 37 39 58 1 32 21 25 16 60 81 5 31 65 66 
55 41 77 80 53 61 53 18 45 61 84 85 56 7 8 41 57 96 32 66 97 15 38 73 30 97 5 35 27 69 100 33 62 28 64 66 40 68 83 37 28 18 21 83 76 28 24 84 76 7 50 72 21 87 96 50 36 1 36 14 21 87 47 82 14 62 48 54 30 30 42 57 100 62 92 75 42 15 59 17 21 60 40 93 
98 35 42 33 35 30 99 8 16 45 89 30 58 36 35 87 18 76 96 17 89 87 43 30 53 1 46 73 60 85 17 10 72 58 42 58 39 92 65 55 36 54 36 46 89 22 32 58 49 27 26 37 65 69 67 17 69 64 41 81 1 57 90 72 67 83 81 5 75 46 59 62 99 94 7 39 15 91 97 63 69 74 52 34 
42 18 50 63 33 91 43 85 47 84 56 65 18 37 70 92 34 28 6 32 74 64 22 40 6 70 3 75 44 54 60 85 23 61 47 55 51 41 92 50 24 47 66 94 35 35 85 20 63 42 51 88 6 25 27 63 94 81 37 37 86 48 74 8 9 72 15 11 65 6 12 40 4 78 33 91 12 18 10 26 11 13 13 68 
37 92 31 82 72 67 19 58 67 44 17 75 15 31 85 79 88 49 19 44 26 51 34 89 20 95 15 31 59 79 50 95 70 80 77 94 99 47 3 65 90 19 39 56 2 75 87 89 23 57 84 100 59 69 89 31 64 3 13 22 33 62 69 55 42 97 48 40 95 50 4 36 68 94 43 21 68 29 62 43 85 45 42 96 
14 30 26 29 84 38 2 17 99 70 71 40 18 70 79 64 71 34 99 90 27 42 11 47 70 72 89 7 16 82 54 81 12 79 9 47 16 11 63 66 32 85 6 2 6 36 65 76 70 64 66 48 5 28 94 26 99 34 84 66 16 37 47 79 67 7 25 34 17 88 100 49 24 5 50 30 92 66 57 13 29 74 61 85 
1 6 63 51 40 98 17 7 87 15 85 53 21 9 87 90 48 38 38 24 42 39 5 85 4 61 98 85 35 10 69 87 15 83 38 6 81 6 12 19 72 48 71 92 57 9 81 56 46 70 79 39 60 83 24 16 96 73 52 82 82 20 20 48 55 57 6 87 14 69 5 85 17 75 29 25 36 61 32 33 31 63 72 42 
45 47 9 92 71 60 73 4 32 93 3 86 1 8 72 67 29 76 51 97 2 79 73 89 40 4 22 22 66 93 15 63 91 24 54 61 83 79 64 14 23 66 99 75 26 22 41 54 97 92 50 51 22 22 39 13 77 60 86 43 4 1 57 94 24 62 6 6 40 21 20 14 87 70 89 64 92 81 17 40 72 18 90 46 
91 81 58 19 92 44 13 96 96 69 41 19 31 47 24 22 67 95 36 5 65 76 20 8 56 36 47 80 5 89 77 47 69 34 66 12 29 78 7 24 47 100 94 77 98 18 50 16 64 85 73 28 12 92 35 68 28 34 99 84 22 75 31 42 60 96 53 41 73 12 16 19 63 10 47 60 79 49 75 42 33 47 22 97 
91 8 16 70 41 14 53 62 88 83 55 99 30 60 39 3 71 55 73 85 64 72 44 94 20 70 35 4 69 56 100 59 64 15 28 4 80 80 18 19 15 24 18 96 83 8 98 5 62 23 89 77 46 32 70 65 54 5 20 22 12 72 80 27 86 7 83 18 38 100 36 4 75 5 100 58 13 49 14 26 71 3 3 16 
86 72 32 39 28 52 60 40 23 91 66 60 49 48 29 39 99 17 42 74 21 41 83 85 42 96 11 12 98 13 80 36 36 63 74 64 66 86 55 40 28 20 52 77 20 80 67 70 48 8 43 21 1 77 5 42 73 67 5 22 31 84 57 67 99 83 82 64 20 36 56 99 7 7 27 78 38 93 48 38 1 42 58 53 
19 14 94 43 81 98 64 63 34 73 81 32 7 62 47 78 49 54 76 56 12 3 85 50 95 32 39 47 26 96 99 44 61 92 38 93 42 53 56 75 25 36 58 83 50 56 60 98 62 36 53 73 38 38 74 84 21 12 31 46 7 81 41 68 25 78 12 66 83 67 92 7 55 1 42 4 8 1 1 69 36 6 42 25 
95 15 61 15 27 43 13 85 23 53 4 47 83 16 64 65 34 55 23 88 7 64 91 15 17 44 83 4 49 24 81 43 39 41 9 17 35 21 1 57 26 57 56 60 72 71 76 5 26 50 93 32 14 35 98 82 78 81 85 26 4 65 20 94 57 29 62 91 1 63 100 26 19 55 37 42 25 12 46 2 62 90 86 27 
77 83 8 54 15 92 32 71 9 51 16 65 31 78 56 32 92 55 9 62 61 98 3 37 9 100 39 22 42 76 100 18 10 59 23 25 51 54 95 11 57 62 75 39 39 30 22 30 36 83 43 96 80 45 33 40 97 23 62 38 98 13 7 59 72 29 83 74 35 29 84 43 91 58 33 81 40 55 63 75 37 5 71 68 
50 55 7 98 77 20 87 74 33 93 84 56 73 67 29 59 47 12 1 89 21 86 70 12 40 32 87 28 36 9 95 37 63 53 86 39 25 72 64 9 64 47 64 37 65 92 47 64 55 100 52 27 85 73 39 76 4 77 3 92 37 49 80 99 53 66 89 77 37 4 85 53 2 48 41 19 91 87 82 97 86 85 76 70 
58 14 45 61 42 99 4 78 99 84 28 52 1 16 28 89 71 65 41 24 12 81 42 55 68 23 3 5 60 78 75 17 43 71 77 84 70 33 13 20 68 40 71 68 7 51 8 77 15 49 1 78 81 94 84 100 69 87 5 28 64 31 44 7 53 72 42 74 4 55 94 23 46 64 42 53 66 50 29 80 98 81 10 30 
75 93 30 43 31 34 22 95 16 65 53 68 36 46 42 92 52 35 14 98 50 56 50 16 57 30 47 6 63 56 35 37 1 64 31 31 49 52 77 64 16 81 32 3 27 25 94 78 11 60 27 60 67 76 27 23 58 74 28 20 81 62 8 33 78 38 64 26 41 92 90 8 73 73 10 51 97 56 28 7 67 7 18 33 
34 45 7 91 70 86 10 50 47 17 35 76 6 98 2 46 41 91 53 13 15 15 63 11 70 43 69 36 49 86 20 82 30 26 25 99 11 34 1 9 3 35 85 60 84 38 6 24 28 10 37 42 24 51 4 45 93 72 80 93 57 51 27 39 76 51 37 38 36 89 99 38 23 35 50 58 72 55 82 51 16 70 44 92 
72 47 36 17 70 68 9 26 18 35 64 46 85 53 83 21 93 33 10 68 67 59 25 90 65 58 40 81 79 83 72 51 81 59 67 50 26 27 76 44 62 91 89 98 95 23 70 88 8 80 55 74 90 79 64 7 89 55 39 67 38 62 17 70 20 35 20 46 62 47 41 75 89 81 72 84 55 42 23 62 73 77 88 14 
7 51 20 95 57 10 14 46 71 82 16 91 17 35 88 78 33 80 4 21 60 75 4 14 68 26 76 92 54 63 58 13 65 29 7 73 39 20 19 9 54 34 51 70 20 90 99 52 69 2 72 28 28 28 94 96 5 21 39 59 35 96 71 51 25 29 23 63 1 41 23 54 74 74 75 45 63 73 96 84 74 20 11 53 
47 56 48 3 76 39 13 10 34 35 60 58 64 83 72 16 75 47 21 1 72 95 45 34 19 93 69 44 12 32 96 10 87 44 12 15 82 25 24 67 59 36 77 74 70 100 41 44 46 61 96 17 55 41 3 25 33 71 68 44 2 64 5 41 59 16 55 92 40 30 58 51 65 34 76 86 86 17 82 31 77 77 48 84 
17 2 8 1 72 76 96 26 39 100 66 97 16 20 88 7 49 97 9 66 83 85 3 68 1 84 98 77 13 97 12 81 98 20 82 22 47 77 47 37 29 12 85 44 83 72 2 83 20 11 100 2 95 3 69 47 38 19 75 2 67 87 83 65 58 16 86 56 44 84 92 72 95 76 67 29 99 21 11 18 31 63 72 77 
65 92 23 54 10 49 8 77 35 42 93 44 57 30 99 52 13 90 24 7 17 42 87 15 62 97 85 44 59 56 20 75 47 94 81 9 43 88 37 29 29 29 73 37 58 23 88 70 13 63 28 29 57 14 96 18 62 80 14 73 35 85 99 33 79 79 41 73 18 29 53 98 57 25 86 66 100 26 87 12 88 14 92 96 
79 39 66 41 18 79 65 4 63 63 89 93 94 81 17 63 10 70 13 18 46 98 84 45 23 22 8 63 88 52 58 66 90 75 58 60 53 22 63 68 37 51 12 30 84 29 44 93 98 56 10 95 6 45 40 28 67 99 42 54 50 52 71 92 26 81 51 31 2 65 50 90 68 61 71 51 89 15 43 38 22 4 33 27 
49 72 7 67 70 48 72 72 51 42 63 29 22 65 11 76 29 60 17 96 20 88 98 9 2 40 46 75 96 78 2 44 1 8 62 23 7 33 94 58 26 8 38 100 72 48 75 52 7 91 100 26 30 97 86 83 89 32 58 84 61 59 79 62 18 92 84 24 24 29 33 1 88 70 100 11 17 26 14 75 69 13 1 98 
62 86 81 50 69 38 85 30 48 15 43 65 6 78 88 81 58 73 81 45 42 33 7 11 58 20 85 26 33 37 76 46 75 56 95 95 45 31 24 92 45 18 8 50 95 47 30 52 19 62 48 13 94 54 23 52 26 59 29 10 48 4 55 22 11 1 16 55 31 92 98 75 9 5 76 56 4 5 7 22 66 7 34 60 
12 8 63 37 67 91 46 14 47 52 87 57 52 2 64 82 45 61 8 54 18 83 9 21 39 67 94 57 25 28 68 37 35 30 25 53 72 23 66 70 74 52 27 78 6 42 11 50 2 19 55 71 53 63 43 92 82 37 100 6 16 67 94 2 48 19 55 71 93 20 41 66 24 19 95 29 60 6 30 13 76 85 36 28 
99 78 71 80 66 70 38 81 88 83 83 35 1 37 6 45 8 98 63 31 16 57 11 27 62 41 39 37 25 74 17 23 4 39 55 69 61 92 2 48 26 84 83 27 72 40 23 31 37 85 62 4 42 24 30 55 64 68 44 40 94 12 15 97 50 69 17 10 12 18 58 37 53 92 15 24 83 38 55 19 22 68 22 15 
91 3 70 7 70 65 98 15 76 12 63 25 80 80 35 43 49 44 80 2 87 46 77 69 83 83 39 57 2 12 23 45 14 92 51 35 8 100 2 83 12 64 8 91 95 94 34 96 89 65 97 27 10 25 95 45 60 85 53 61 48 75 5 61 19 7 47 26 7 48 9 18 64 68 60 58 61 45 53 1 61 1 27 71 
78 73 67 37 57 19 97 4 93 54 16 11 60 14 89 66 14 97 35 77 64 47 86 76 91 91 76 52 43 2 74 20 74 40 56 82 10 5 37 54 58 4 65 69 17 53 87 30 1 21 58 64 67 44 39 10 34 66 13 28 67 38 48 92 77 55 25 38 11 61 91 68 64 7 37 32 11 23 62 11 95 19 26 14 
14 16 75 99 81 87 27 99 24 26 42 52 80 66 41 43 78 31 10 93 38 98 25 48 72 38 11 19 8 36 32 22 52 6 72 32 44 98 83 19 75 24 22 7 90 62 49 19 92 58 12 81 8 36 81 31 73 91 49 80 26 32 53 77 89 25 61 32 74 43 2 49 66 23 55 7 84 3 26 28 12 37 60 71 
24 40 2 96 30 2 27 56 34 32 84 22 8 44 6 81 86 7 81 4 82 35 62 17 89 87 44 53 75 56 23 98 95 76 93 25 78 72 32 11 55 15 84 62 59 89 42 96 48 75 51 29 9 13 45 50 51 41 2 26 96 76 23 42 52 68 66 81 39 97 43 93 64 26 6 74 15 47 21 14 73 72 42 82 
36 38 83 86 30 36 63 77 11 86 19 14 53 36 46 43 85 88 87 100 14 92 73 80 90 93 93 63 16 86 96 3 75 30 41 57 65 3 33 27 88 3 41 92 91 38 86 75 26 24 74 39 67 98 70 57 42 14 71 58 99 18 12 25 47 52 81 63 55 66 89 94 68 81 38 58 19 75 84 44 99 9 34 65 
6 3 73 48 68 95 57 18 64 68 42 10 72 23 72 78 40 13 23 7 93 12 17 11 87 52 6 37 61 39 1 18 93 26 65 60 72 73 77 36 93 71 97 64 93 69 41 84 33 15 90 25 27 58 88 13 10 93 49 22 84 1 39 76 78 4 88 50 28 16 85 20 86 81 83 30 1 75 13 33 90 55 10 16 
12 97 80 73 89 28 94 72 80 33 100 58 88 39 7 15 54 43 35 40 75 69 21 76 44 34 60 85 88 69 100 51 65 79 24 54 58 17 77 37 1 28 46 88 66 4 55 72 46 41 11 21 9 31 48 4 16 7 88 3 76 39 54 40 69 29 45 26 45 74 15 46 1 60 85 19 64 39 90 61 31 100 33 92 
82 80 95 98 87 35 52 62 25 57 53 94 85 98 19 82 71 85 27 23 45 63 41 60 2 30 72 84 81 5 75 15 84 22 64 70 56 67 83 80 24 36 25 60 33 44 41 55 80 19 77 24 82 18 35 35 99 7 18 32 11 93 46 94 14 61 16 21 27 98 52 50 85 77 62 17 72 2 23 51 21 100 27 2 
69 61 36 19 19 5 50 29 97 47 75 62 7 42 82 34 91 86 35 76 62 96 44 85 98 67 35 70 66 13 71 86 74 58 4 44 62 54 25 11 100 99 72 59 92 6 92 82 91 78 9 4 74 53 88 23 19 74 92 36 87 14 73 12 23 76 55 84 81 79 94 33 29 18 91 72 23 34 54 65 11 14 68 36 
66 7 10 36 32 1 23 18 66 47 81 88 23 88 24 55 66 17 39 47 86 81 18 8 14 23 24 77 37 43 12 54 49 22 42 81 74 64 50 40 11 31 79 85 18 2 91 35 71 30 33 56 62 3 16 76 77 39 52 65 82 15 19 82 36 12 14 62 27 64 53 89 46 31 73 15 85 16 49 7 97 34 14 58 
36 29 33 64 20 36 29 1 51 99 34 38 10 48 51 36 63 3 25 8 86 49 22 22 16 22 28 12 55 41 70 42 70 54 6 41 90 34 41 92 84 26 81 45 73 32 80 35 86 56 94 71 57 15 92 72 89 71 84 43 12 5 37 33 58 42 73 99 27 65 42 10 90 75 6 15 6 85 1 43 93 95 14 1 
9 57 72 97 80 7 92 91 63 28 75 21 21 99 71 47 63 13 8 4 39 13 18 96 49 19 38 93 13 3 93 73 12 17 22 91 75 13 33 38 92 7 58 12 5 80 58 19 44 17 22 82 81 92 77 29 10 15 22 74 17 66 98 28 82 19 70 57 83 2 94 74 8 3 37 64 82 46 82 26 62 4 7 42 
47 36 23 56 50 96 81 18 61 30 98 95 49 67 3 83 69 48 9 28 50 45 92 83 91 73 60 4 28 19 98 74 54 20 81 55 15 13 72 27 43 69 73 43 88 75 25 56 22 85 83 23 30 26 6 72 99 65 75 78 83 24 52 88 43 84 42 9 97 14 36 39 34 8 81 73 35 57 28 56 42 63 79 23 
40 36 94 90 100 20 68 35 44 71 74 86 54 16 47 50 81 34 40 66 93 72 39 27 29 18 35 22 32 13 44 72 100 89 61 51 8 28 85 51 98 11 89 4 78 87 53 10 20 93 75 12 16 65 91 96 83 25 17 14 89 60 37 88 100 98 38 8 77 75 10 75 85 50 78 62 36 82 71 55 26 97 19 42 
62 9 37 96 33 6 61 21 17 98 60 17 47 97 24 23 71 85 49 7 35 78 68 70 60 90 77 37 39 95 30 100 55 19 47 39 24 7 59 40 56 70 8 2 66 83 25 37 68 73 95 54 3 63 75 14 4 51 50 42 97 32 93 51 50 39 89 25 46 99 64 53 68 24 55 86 6 79 74 25 3 68 78 5 
82 53 18 86 55 20 79 52 51 72 54 100 10 43 76 7 93 91 60 13 14 14 98 20 44 71 96 98 38 74 3 20 78 72 57 32 43 35 83 93 6 37 44 68 31 19 74 23 10 85 35 23 50 84 94 45 54 90 43 44 15 97 15 92 20 71 23 63 57 58 55 15 94 51 82 76 21 7 98 30 92 85 5 93 
20 50 38 26 91 32 69 5 28 35 48 47 57 23 61 13 80 16 27 25 18 60 100 38 67 49 20 10 85 24 54 5 25 91 30 16 22 50 72 1 36 20 100 92 42 60 56 73 27 83 97 44 94 48 82 60 96 53 21 33 76 75 89 52 65 70 67 39 19 91 91 54 10 90 97 3 50 52 27 76 86 23 20 80 
70 53 91 17 5 12 1 32 86 89 35 2 58 2 92 28 92 83 81 53 72 29 7 73 81 33 1 18 7 20 97 28 24 88 96 80 51 97 63 36 85 97 89 95 50 81 22 93 15 55 97 38 83 3 11 15 87 11 33 93 82 29 20 57 68 16 88 18 64 2 5 48 98 94 42 100 26 64 92 92 70 89 29 52 
43 91 67 30 53 51 74 86 79 46 94 99 61 33 68 76 34 73 23 84 18 17 83 95 32 26 86 1 14 66 4 9 9 70 90 13 20 63 51 51 8 44 1 20 77 68 95 62 92 70 45 61 86 79 55 69 5 92 21 70 10 24 78 18 46 67 82 17 30 32 19 89 28 19 61 56 39 55 17 30 76 14 91 13 
92 97 81 48 41 1 18 50 77 95 19 22 14 52 38 95 84 57 35 11 27 95 66 65 50 34 47 25 47 89 38 91 85 70 38 77 71 55 78 99 2 96 20 67 48 57 61 83 65 95 93 44 42 10 8 91 43 54 67 42 42 56 32 79 26 69 7 48 76 85 46 77 80 65 95 79 73 7 61 90 1 5 33 42 
66 92 84 61 46 3 2 39 58 33 69 83 53 76 82 28 60 27 56 91 43 50 22 68 56 34 9 9 39 41 2 56 32 38 16 29 40 17 20 49 1 88 84 54 15 65 33 26 44 41 17 38 42 38 5 50 71 13 10 61 5 63 17 37 100 32 17 91 1 36 40 1 76 23 6 90 39 39 16 82 79 84 20 72 
21 76 21 43 41 30 4 45 93 72 33 44 55 50 35 55 37 26 56 12 100 61 54 38 51 21 72 29 4 43 1 76 18 73 18 58 3 73 55 47 96 87 90 51 36 76 5 73 1 12 36 100 73 89 90 23 9 61 4 12 3 56 39 20 28 9 30 82 81 84 28 29 70 70 79 58 45 35 82 98 47 17 97 71 
6 86 45 14 98 100 78 100 55 16 72 35 24 53 68 57 36 48 85 57 17 15 66 13 1 47 10 99 64 59 69 69 96 66 34 94 65 11 45 72 79 16 6 54 20 25 10 7 72 46 16 40 12 81 5 13 28 66 11 91 24 32 11 72 97 44 17 13 7 61 84 85 29 41 90 48 66 100 7 89 97 22 81 9 
2 85 21 29 50 83 71 74 66 33 97 62 29 13 27 35 25 10 71 53 3 60 53 20 11 59 8 8 80 88 16 33 72 88 14 74 22 36 47 88 69 95 1 97 7 27 83 83 89 5 36 43 64 40 62 27 50 69 34 81 9 1 13 32 40 78 5 13 14 3 52 82 97 53 30 55 31 12 38 71 16 25 13 31 
16 74 9 65 95 42 97 55 94 61 38 85 39 43 98 52 97 49 85 94 53 66 100 36 77 89 58 44 13 71 26 80 96 35 44 42 28 92 48 74 53 86 58 91 80 7 94 76 8 30 21 12 95 21 47 23 9 57 66 74 79 43 53 26 29 49 68 9 40 67 82 44 52 91 34 31 50 79 7 57 8 27 20 2 
99 19 24 60 75 41 85 53 36 89 78 64 37 97 72 29 64 5 72 15 96 58 98 97 36 56 53 96 82 72 97 33 90 73 92 16 13 28 68 48 16 98 64 5 94 87 33 57 92 4 24 39 13 21 35 49 76 87 44 9 10 92 41 52 64 84 67 29 63 87 28 79 84 91 83 77 78 67 86 21 70 9 59 35 
81 93 83 56 31 78 16 92 21 9 95 85 44 14 65 7 100 92 37 35 35 19 63 64 85 48 84 6 8 94 40 88 86 74 95 68 3 63 59 24 71 54 60 14 67 24 72 18 67 8 52 53 26 66 16 62 14 51 20 21 44 59 61 81 85 7 48 39 69 59 62 39 64 21 5 82 96 76 51 15 84 2 67 61 
67 35 23 32 85 94 5 81 4 65 13 88 71 13 27 40 71 40 30 86 13 34 67 60 10 17 74 45 70 41 5 88 75 79 72 11 24 76 43 28 92 56 15 14 68 93 5 90 85 35 27 97 20 93 56 81 61 82 25 82 22 82 21 48 12 92 10 36 19 53 63 10 60 29 24 79 74 80 20 58 14 46 6 86 
90 61 66 50 42 91 83 15 24 3 14 35 47 24 22 65 28 84 75 87 65 50 17 38 29 36 95 95 33 52 80 22 12 45 23 6 87 5 72 10 59 86 97 5 9 18 70 36 54 96 74 18 97 90 7 77 77 1 71 9 52 2 30 15 99 4 72 85 8 44 47 18 81 95 23 41 12 44 76 17 91 1 34 87 
42 40 15 18 92 38 78 95 39 59 62 89 62 85 26 21 28 72 38 60 18 12 100 29 7 27 98 49 27 31 35 20 23 50 37 66 39 66 61 77 24 74 66 85 58 43 57 38 66 47 97 83 58 97 63 17 23 60 65 2 91 52 21 65 53 10 30 91 75 42 67 51 15 84 35 73 78 44 10 43 90 6 25 99 
54 88 15 29 47 80 30 89 83 2 53 35 11 35 25 38 76 43 88 91 79 74 63 56 17 72 99 6 29 75 5 35 62 71 63 61 2 92 49 84 45 54 70 56 88 94 93 15 89 80 5 19 5 67 74 22 90 24 79 71 99 35 5 12 58 67 72 59 10 73 95 54 26 64 61 65 10 5 79 50 36 84 68 41 
2 93 62 44 17 92 66 67 27 70 78 84 88 2 94 49 74 88 2 99 4 15 15 65 19 93 14 55 28 33 95 82 25 8 25 93 99 42 59 77 11 89 12 50 90 58 98 63 45 51 13 100 65 27 64 84 19 29 38 99 61 84 80 38 91 56 30 41 97 41 18 59 81 81 8 70 38 57 84 35 7 96 34 24 
74 50 7 44 30 96 42 91 79 73 28 69 80 9 61 28 49 30 86 29 11 45 50 100 53 85 34 60 32 20 83 5 21 41 1 50 36 42 40 66 67 19 86 46 28 46 74 28 76 11 9 38 56 58 37 60 95 71 19 26 42 53 83 62 45 83 11 80 76 51 97 42 21 82 40 48 28 65 28 55 75 36 92 82 
45 28 42 39 50 12 17 91 65 99 52 9 81 63 41 56 65 37 50 85 71 89 85 98 5 12 4 79 47 95 61 43 74 54 82 24 65 98 66 81 48 18 42 28 32 34 35 96 70 36 32 40 76 16 89 80 79 92 59 77 38 71 20 12 24 53 87 40 50 52 21 97 69 14 76 100 47 62 47 68 98 79 60 73 
46 48 53 25 92 63 1 29 33 72 92 8 24 78 99 25 30 71 21 50 84 48 2 30 10 100 50 7 78 9 79 76 8 83 100 99 45 52 80 29 24 23 88 47 1 87 72 82 57 44 83 93 92 36 74 53 36 23 59 65 31 89 40 39 24 39 89 68 43 68 49 66 91 36 64 43 74 87 76 31 31 58 75 74 
94 48 26 81 71 36 45 1 76 85 39 99 75 80 67 17 47 15 34 89 2 98 31 76 36 6 58 18 16 32 91 61 79 68 41 49 55 37 2 31 21 92 29 48 71 47 16 18 13 50 58 15 99 89 42 86 46 99 4 13 30 46 73 60 14 65 9 68 2 10 50 74 1 79 21 72 25 89 41 90 90 98 4 40 
38 45 25 36 95 28 48 24 74 73 83 39 37 43 58 38 4 8 12 57 38 84 28 14 24 20 3 13 69 6 52 59 2 29 46 48 56 45 71 81 17 6 71 6 100 29 95 4 88 6 60 25 42 39 38 17 10 41 30 78 98 33 88 52 61 33 99 69 30 22 49 46 79 72 3 78 100 98 33 87 55 44 63 96 
82 100 13 43 92 94 73 42 26 60 93 39 45 91 7 74 64 7 71 42 78 74 72 29 71 4 15 25 48 29 73 81 29 37 24 72 82 96 13 7 7 5 97 51 48 3 76 63 62 47 5 91 72 28 20 42 31 86 18 30 15 42 11 95 78 86 66 59 33 79 18 39 35 66 42 34 69 17 49 82 15 5 72 86 
32 43 79 62 29 49 44 43 90 54 89 20 91 54 78 23 84 47 61 71 13 54 56 33 71 4 66 37 8 37 23 39 80 53 53 60 1 96 54 43 1 42 62 43 95 91 65 31 90 77 1 2 31 8 86 53 64 51 89 71 39 63 62 70 16 66 29 68 13 82 62 65 23 23 7 70 66 71 100 55 99 52 8 29 
59 93 81 22 95 70 45 33 84 58 55 51 23 83 19 87 65 32 51 39 55 57 8 20 79 7 26 77 10 33 58 21 77 38 42 23 59 38 7 43 95 61 93 69 44 63 55 60 95 57 98 1 13 58 72 43 16 97 72 26 81 29 46 9 66 39 31 77 77 37 71 23 98 63 44 93 78 98 4 72 7 1 24 71 
58 95 14 74 43 85 51 23 13 96 31 30 34 61 58 62 49 28 85 98 43 28 90 20 77 93 43 83 46 66 6 55 60 19 80 54 55 30 76 19 77 58 100 11 70 58 24 18 85 60 16 27 39 57 46 16 2 40 50 47 5 55 53 16 25 33 69 31 62 96 49 91 53 49 1 22 6 76 92 42 36 59 21 74 
67 18 41 68 58 43 66 62 97 19 78 74 51 46 4 64 42 53 54 46 53 6 20 10 82 63 51 69 21 23 42 87 41 83 7 98 25 72 11 73 90 40 98 92 38 54 56 31 58 61 76 10 19 47 19 52 9 21 20 29 96 13 68 36 47 74 85 23 45 95 48 87 87 45 78 24 98 85 54 55 98 29 16 16 
76 86 67 84 59 38 65 54 50 84 89 97 57 25 71 53 71 18 39 57 63 69 80 12 53 33 19 50 14 86 17 89 72 83 24 30 72 40 83 22 23 23 70 31 47 40 84 17 10 74 74 24 42 5 35 47 38 5 48 51 91 65 91 62 99 66 43 71 6 25 44 80 99 65 11 45 56 46 13 65 71 38 88 65 
43 75 11 32 79 58 34 21 74 76 34 73 41 76 43 98 52 38 78 50 2 88 46 57 85 59 22 55 48 61 19 42 35 81 73 66 39 58 86 12 33 72 36 74 47 78 71 51 15 48 100 68 87 46 25 71 56 98 26 3 58 96 45 45 77 69 10 15 27 47 78 59 18 66 84 17 43 55 67 10 54 66 77 41 
63 53 63 70 50 88 25 60 84 69 4 60 89 65 26 15 11 55 26 81 20 9 97 15 15 63 76 69 80 4 61 95 9 23 64 10 63 88 69 98 8 24 9 97 88 86 63 99 40 40 31 12 49 27 78 63 41 5 83 72 8 95 66 16 18 30 26 32 69 46 29 77 70 37 25 57 74 39 7 13 79 37 76 27 
15 53 41 55 57 76 79 17 70 44 84 39 25 9 22 94 7 50 22 76 38 98 84 11 36 91 76 66 79 51 44 94 56 85 100 64 12 78 32 33 74 16 72 98 76 93 43 82 95 16 57 84 13 41 47 1 83 22 66 61 24 10 6 31 46 6 47 57 35 78 41 8 93 12 58 69 57 100 50 3 16 59 86 80 
51 32 80 33 5 98 45 81 7 51 11 4 8 9 12 94 87 52 2 79 16 59 99 24 10 49 26 25 59 63 57 9 47 36 41 3 85 37 83 43 87 46 46 46 54 9 40 92 61 41 71 28 51 69 51 60 69 28 37 27 90 93 87 88 80 79 91 65 16 25 7 54 22 5 100 76 13 39 19 25 31 89 52 33 
10 2 92 30 29 80 9 71 24 95 58 4 74 100 20 41 25 78 94 46 82 93 73 47 31 92 71 13 32 23 45 93 76 89 23 57 68 31 27 92 77 36 47 2 36 18 42 12 95 36 9 29 28 34 27 11 25 97 23 8 71 68 1 99 8 75 55 75 5 33 18 33 68 16 35 55 33 76 18 80 11 27 8 91 
60 34 1 36 82 75 95 5 94 95 3 1 21 57 28 25 89 97 58 8 13 92 63 97 19 80 76 30 58 35 20 69 20 72 56 2 46 51 58 92 97 60 92 18 16 71 94 56 68 3 63 80 46 77 28 65 9 56 46 18 90 65 87 10 88 42 63 85 92 20 76 41 31 20 58 46 90 51 53 57 6 67 88 51 
44 16 67 4 71 12 21 12 28 7 73 15 49 87 52 92 58 27 32 88 46 41 85 36 44 37 44 49 4 32 51 99 99 18 2 21 29 22 32 9 81 5 75 81 91 26 24 1 53 56 88 50 48 73 37 91 9 81 39 64 64 42 14 62 59 15 82 39 89 65 47 21 69 74 1 12 99 24 12 3 31 99 5 79 
23 41 69 84 73 60 99 36 1 13 49 11 27 30 1 67 95 100 87 15 73 39 78 71 15 41 74 45 40 78 75 14 70 96 97 43 7 96 30 59 8 79 69 86 60 21 5 6 20 43 21 92 82 50 63 96 91 88 92 82 17 19 95 38 14 44 80 20 39 62 30 98 40 50 35 99 70 39 57 90 82 77 81 15 
26 95 62 16 34 5 49 50 23 44 88 36 87 19 7 77 80 36 74 71 85 60 22 55 51 78 96 32 6 76 98 83 23 59 51 56 63 99 6 38 42 45 73 80 15 32 56 95 19 81 17 4 41 38 10 91 67 57 74 72 32 23 55 6 33 5 62 47 3 67 84 97 63 57 76 77 40 84 23 58 64 40 13 56 
29 74 46 96 30 71 19 14 93 73 19 25 29 80 72 84 98 55 80 12 63 7 89 2 90 63 12 54 54 24 9 83 98 7 30 79 77 48 92 22 73 63 46 1 94 69 84 92 24 15 55 38 22 43 40 11 58 3 16 11 26 25 45 75 83 74 54 59 74 97 80 46 11 78 46 5 46 82 48 21 96 2 59 17 
97 50 80 54 52 95 64 77 71 61 4 53 34 9 64 7 57 95 52 68 72 50 24 70 31 71 90 26 24 100 95 20 49 74 25 100 68 41 29 39 1 84 43 86 92 6 93 48 53 96 67 76 45 42 97 27 12 87 5 88 86 99 59 87 72 84 38 39 76 18 29 76 1 24 61 92 81 5 92 33 1 10 9 97 
52 5 76 15 43 80 54 81 78 13 19 49 48 56 39 23 74 68 50 74 91 10 18 71 67 61 56 67 22 16 15 25 72 90 40 67 69 93 47 98 57 17 46 4 72 37 26 97 4 75 23 46 37 92 68 3 4 75 21 25 90 87 50 62 29 41 28 49 85 26 47 42 42 44 45 65 80 23 14 35 49 36 80 37 
27 100 39 30 74 11 6 16 98 7 77 26 47 56 74 84 33 72 25 26 16 21 90 95 43 3 30 44 90 61 80 68 12 71 49 86 33 55 1 82 13 29 59 60 36 33 95 68 56 19 93 71 39 34 66 34 89 47 29 30 7 60 98 19 82 46 56 15 52 8 96 65 88 55 76 23 39 70 42 94 88 34 65 78 
19 82 63 59 28 43 89 86 3 86 56 84 83 11 50 35 70 98 99 57 52 74 79 42 43 20 87 82 5 3 11 76 84 74 86 63 68 74 1 70 11 56 6 46 19 7 80 40 4 78 97 7 3 27 48 45 47 87 78 3 89 88 78 25 13 16 39 81 89 39 2 52 47 59 97 17 66 28 56 69 57 52 76 59 
79 75 55 77 13 32 79 2 71 9 26 84 24 64 16 64 55 69 67 1 28 15 17 93 42 24 13 98 76 40 8 6 67 62 82 79 45 12 80 16 72 57 51 47 73 18 63 79 86 81 79 13 96 47 57 89 70 70 87 97 61 94 2 27 8 35 58 52 99 89 19 70 46 69 69 70 86 83 48 72 63 78 36 58 
76 45 47 97 66 85 94 26 30 47 5 37 34 62 41 32 50 59 53 47 80 73 68 17 55 67 40 18 44 76 27 71 20 73 68 85 9 13 62 39 11 66 27 44 79 19 27 81 30 80 27 61 4 47 77 59 13 17 28 9 44 54 79 15 79 46 51 87 10 64 77 21 30 56 16 60 74 43 40 3 74 19 15 77 
65 92 87 77 60 14 85 55 68 16 69 98 61 71 84 23 34 13 43 15 68 58 75 41 52 66 96 77 84 10 54 100 53 92 29 12 6 13 66 25 80 86 74 41 8 57 15 42 69 57 8 88 66 34 81 70 100 28 46 35 89 51 35 42 43 15 5 100 27 23 76 59 8 49 99 16 57 65 9 78 73 68 65 90 
2 97 59 53 24 57 39 13 7 25 54 1 39 10 52 18 32 79 76 40 27 26 7 36 90 67 65 62 34 81 51 87 78 62 91 1 18 82 65 76 6 18 77 97 28 80 66 11 59 41 50 37 18 8 24 59 74 88 72 60 69 74 98 46 35 41 98 4 22 63 80 79 32 8 75 59 87 40 70 45 32 71 34 1 
31 57 59 56 45 30 15 13 56 65 10 90 5 7 94 26 69 25 4 1 32 31 11 18 22 32 15 54 55 48 6 85 56 65 40 100 46 7 64 53 71 73 43 27 80 88 52 100 64 7 100 95 37 63 64 59 94 30 64 100 77 21 84 85 37 76 84 83 82 100 87 4 72 29 30 3 68 33 55 83 39 6 77 28 
68 93 38 14 22 53 13 51 73 97 35 10 24 18 44 57 69 30 60 93 11 41 95 30 73 1 13 63 7 41 90 74 33 27 87 55 79 52 5 4 100 39 13 23 8 56 79 77 85 38 69 47 30 15 77 2 16 89 16 22 29 6 47 14 84 86 68 15 37 72 18 36 62 30 58 21 37 36 49 73 25 69 20 6 
84 48 7 51 88 74 24 16 79 22 81 15 7 48 29 43 71 46 78 84 27 87 5 15 74 53 39 98 22 58 55 57 57 13 59 44 87 82 12 65 3 92 31 62 40 59 4 62 56 34 46 34 20 50 48 94 54 87 43 75 96 98 83 53 10 41 48 96 74 59 13 29 51 43 90 90 54 45 3 9 78 48 95 50 
97 42 95 3 80 37 29 28 86 12 32 48 4 79 43 78 90 7 58 40 2 47 81 55 43 83 15 21 31 9 70 79 3 64 81 34 52 10 61 90 73 44 37 76 75 31 5 64 38 62 3 91 60 83 45 3 17 59 23 47 20 44 78 22 59 58 55 62 19 68 51 43 11 87 19 37 18 23 100 7 37 54 97 96 
36 93 98 53 3 72 51 22 67 28 43 77 38 50 39 8 17 41 51 79 28 69 16 97 43 67 55 79 21 51 27 8 43 24 60 97 48 63 19 14 42 13 91 79 62 81 39 30 21 89 9 48 9 76 96 3 42 50 82 14 52 60 22 46 83 33 43 82 95 61 96 37 73 38 67 87 18 5 16 38 45 76 38 53 
3 33 56 97 35 89 10 86 48 31 84 82 64 26 64 10 38 11 98 62 48 65 48 17 21 16 54 66 43 43 70 46 28 25 42 14 65 51 99 64 34 34 46 97 59 61 6 48 71 4 10 70 20 9 38 40 76 43 57 19 86 27 64 13 3 57 26 68 7 76 31 40 62 28 88 20 40 46 20 62 49 81 31 20 
41 68 11 17 11 68 35 48 46 50 12 100 6 89 19 64 16 2 56 77 29 43 49 69 88 68 82 88 48 13 7 88 32 70 56 94 89 42 93 34 91 4 85 48 92 4 12 60 5 67 36 85 61 84 5 1 3 87 88 2 51 47 90 34 16 97 80 4 39 72 89 29 76 73 77 19 28 40 78 84 58 66 69 18 
49 25 18 4 11 58 5 13 4 46 47 71 43 26 26 81 97 66 61 24 90 89 95 18 28 24 1 85 89 21 55 90 46 72 93 56 29 97 21 84 43 67 54 85 92 79 65 40 96 77 64 86 66 10 3 93 33 55 30 22 76 84 11 21 55 3 28 36 99 48 19 93 14 25 77 57 55 93 49 51 70 64 36 35 
73 38 79 5 92 60 78 67 43 88 39 50 42 67 85 93 66 55 85 32 79 62 40 34 6 88 36 27 51 71 13 75 60 92 80 51 51 9 70 46 97 60 95 90 26 31 82 44 85 19 75 16 32 14 1 37 54 36 64 4 58 28 79 17 19 10 19 22 18 40 67 66 100 13 8 77 43 41 20 79 59 46 94 90 
60 46 79 13 81 94 68 38 21 98 6 92 59 25 65 29 64 31 94 63 43 1 92 37 94 11 15 52 57 61 94 68 6 24 32 39 17 51 76 89 1 34 32 59 58 96 87 21 26 33 36 20 85 27 56 78 89 23 30 97 83 75 16 88 98 47 26 66 50 54 6 50 87 38 8 96 33 47 68 11 79 3 82 63 
81 90 41 70 12 22 18 46 96 34 33 45 32 11 10 81 16 15 82 54 4 90 49 37 36 16 99 14 71 80 28 3 69 68 24 32 89 42 77 84 27 62 28 58 24 89 91 39 56 72 44 59 13 44 47 48 11 45 13 81 77 41 36 45 60 59 77 49 100 53 84 26 66 64 36 89 52 26 27 59 97 22 70 10 
65 16 9 76 13 74 8 89 66 43 85 25 2 13 73 53 18 9 79 83 72 14 72 75 91 50 86 87 72 55 48 36 22 57 63 34 30 71 74 95 13 11 71 14 23 96 67 40 4 97 75 27 62 46 53 52 47 38 90 18 92 38 6 14 46 68 99 75 38 73 21 3 83 91 68 57 86 86 97 41 82 71 67 95 
68 20 46 14 57 88 84 1 25 41 14 70 8 12 96 98 36 68 52 70 58 19 27 96 5 23 36 38 45 55 33 64 74 30 29 82 17 64 82 41 4 47 62 64 11 57 61 98 24 12 68 34 82 94 81 86 68 16 24 64 70 56 27 95 37 7 29 54 71 62 46 74 9 8 37 71 16 49 68 92 12 35 77 94 
80 57 31 47 72 6 62 94 13 88 40 50 47 68 3 17 30 48 42 90 7 31 12 23 79 79 66 43 66 42 88 97 98 18 96 21 76 57 66 88 97 6 37 43 25 39 59 6 39 100 47 45 82 58 19 61 89 84 55 6 25 42 2 74 11 97 95 86 54 60 74 50 17 10 44 42 1 2 47 39 53 46 35 35 
3 54 47 91 89 1 96 66 42 50 39 4 46 85 90 51 45 63 52 61 24 95 54 24 48 53 14 53 98 49 87 100 54 85 43 42 37 90 7 78 39 98 81 37 82 22 39 78 84 91 39 8 37 44 83 85 96 97 89 93 45 27 93 50 11 35 91 47 76 50 76 15 99 8 3 80 30 41 58 65 83 48 72 20 
91 7 56 39 3 44 31 99 70 75 48 32 9 38 30 37 39 5 51 37 64 53 69 93 93 78 58 28 77 81 47 19 87 54 57 41 49 88 39 18 62 86 1 23 76 30 59 14 34 61 3 49 65 23 42 9 52 51 36 28 83 82 98 22 87 55 62 35 94 1 4 7 86 4 81 61 85 39 27 70 51 81 19 15 
55 60 24 6 62 59 33 44 93 30 65 79 36 27 66 81 27 69 88 64 25 68 77 9 59 55 79 9 87 97 76 41 8 99 46 69 9 30 12 53 11 29 84 47 55 49 27 33 69 66 96 93 34 24 2 92 78 32 52 64 28 27 4 35 77 1 3 86 30 66 90 41 94 73 39 48 73 65 32 42 31 80 34 16 
3 87 59 33 18 10 96 45 37 52 79 65 52 33 50 34 99 92 74 44 64 12 44 37 28 75 78 10 54 63 25 9 50 83 41 67 45 88 64 81 91 94 97 95 27 47 28 77 90 1 72 53 64 15 41 43 42 18 53 47 33 29 55 82 64 47 100 8 87 63 40 77 57 36 71 83 34 98 11 23 50 82 28 65 
49 68 8 90 38 12 36 70 40 43 3 55 89 2 62 75 65 53 52 21 41 74 55 74 24 17 49 73 98 76 90 46 95 97 87 32 8 23 53 99 65 55 54 53 57 67 80 73 72 83 93 12 56 99 37 31 15 85 56 64 12 45 62 59 41 48 90 100 70 95 50 86 1 55 91 9 22 70 81 45 52 25 56 59 
23 44 90 89 81 45 53 92 41 66 50 33 13 92 32 35 38 33 20 38 88 62 47 61 31 27 5 34 4 12 45 26 55 86 67 35 82 19 79 22 36 80 54 48 23 37 34 60 69 6 50 8 67 48 68 50 74 72 35 29 35 31 55 90 16 21 76 97 91 54 70 78 34 75 25 8 63 11 68 32 68 69 91 34 
16 59 35 41 82 70 70 17 100 76 6 68 48 81 16 90 87 86 67 72 12 43 79 75 53 98 58 20 66 48 6 81 6 92 74 40 13 43 56 65 18 13 32 17 45 47 6 31 84 72 2 48 14 81 22 67 78 79 38 96 78 95 28 36 87 1 75 99 43 82 63 12 94 46 28 90 45 33 21 80 56 74 27 70 
6 100 88 36 30 77 31 8 72 58 43 58 59 69 8 53 50 71 17 43 16 44 32 12 29 4 92 84 78 18 5 35 18 92 70 47 69 52 6 40 10 48 49 20 68 56 24 17 78 40 11 46 36 43 57 16 98 48 51 27 18 56 62 87 47 83 33 67 35 91 6 44 38 6 15 6 14 90 74 91 30 85 88 17 
79 97 84 76 44 34 55 13 89 16 99 36 50 84 54 84 74 60 79 63 17 93 20 30 35 94 73 64 78 12 32 8 8 15 35 4 48 89 16 89 56 67 76 6 50 29 89 23 40 68 37 57 12 57 38 46 2 10 61 31 74 44 38 81 10 72 84 58 61 52 98 68 18 73 73 19 1 14 93 41 33 29 97 44 
85 86 42 38 96 54 68 21 98 5 1 7 29 37 16 41 40 65 8 57 37 81 27 38 46 19 30 78 47 78 73 84 63 14 21 10 20 89 30 69 45 31 27 73 19 95 13 58 59 73 66 96 53 92 85 50 10 14 27 8 91 99 43 53 65 16 63 36 56 44 4 100 74 30 25 44 24 89 1 83 61 66 30 65 
9 66 14 70 79 40 30 21 91 72 25 7 87 39 42 42 83 45 94 8 26 18 52 50 6 52 84 67 70 65 83 30 30 97 100 8 88 29 80 78 52 4 36 39 43 77 32 77 73 77 84 99 46 35 48 52 39 83 70 60 47 52 89 76 100 40 35 88 20 14 17 72 69 53 62 11 81 45 87 54 22 23 52 67 
9 51 70 47 85 91 58 31 95 99 6 94 38 92 81 10 5 50 81 73 2 94 36 82 38 74 87 59 96 90 78 5 40 47 3 24 90 13 6 84 11 63 77 100 54 10 9 58 59 41 83 12 34 70 45 24 43 32 82 91 21 11 47 13 10 49 88 99 13 94 82 23 56 10 75 10 71 83 19 81 76 1 92 9 
70 37 32 65 20 66 55 40 76 1 4 37 1 92 35 14 85 68 88 92 30 62 1 52 97 72 33 72 24 76 80 46 64 64 10 83 81 16 75 8 68 78 45 68 21 79 33 5 99 73 49 28 34 1 79 30 72 63 1 96 39 33 41 2 48 2 37 28 17 11 35 84 40 79 3 61 10 88 17 8 60 65 35 93 
66 65 75 89 28 75 84 18 59 76 71 6 77 7 33 45 69 20 80 9 98 83 69 7 70 37 66 29 2 52 73 19 17 47 7 96 22 43 13 32 70 83 38 99 42 22 43 10 41 23 18 91 57 38 49 26 75 15 6 28 66 78 46 34 25 4 81 98 46 93 29 16 28 18 14 21 92 8 30 84 82 100 26 38 
37 75 63 63 41 20 90 58 98 35 92 22 91 72 71 36 17 51 3 96 21 68 68 12 76 97 95 57 96 21 47 85 47 61 47 87 81 37 96 78 23 87 51 65 11 73 1 79 23 55 26 43 23 93 54 50 41 1 58 89 73 4 73 71 65 19 9 45 7 4 74 82 43 76 46 5 48 98 83 70 53 60 65 27 
4 70 28 44 70 85 32 94 41 4 64 5 75 72 1 33 28 26 66 70 1 64 74 48 61 8 69 65 67 33 43 70 3 70 65 72 7 97 18 47 52 33 3 78 5 3 63 32 28 28 53 80 91 26 27 4 33 95 20 99 80 15 20 82 84 84 5 90 80 22 36 84 55 38 61 11 92 23 94 71 3 46 2 93 
71 28 48 55 75 20 5 54 34 24 35 69 7 91 11 39 13 98 74 19 88 34 29 31 9 74 2 11 19 3 55 41 83 55 95 9 74 99 62 59 74 48 27 32 38 89 70 2 87 95 20 26 29 100 56 37 25 57 99 43 12 53 35 46 7 81 54 32 31 67 90 4 66 69 36 3 9 57 57 95 52 28 20 32 
28 76 20 4 84 18 99 47 22 33 92 81 66 45 12 96 11 2 52 28 22 87 31 30 95 39 77 98 66 48 81 45 23 100 49 59 69 47 5 43 31 97 23 96 93 34 92 56 87 43 83 60 81 65 90 27 3 18 77 21 65 57 65 40 9 13 98 29 11 54 71 42 50 93 37 95 79 80 2 65 74 84 25 6 
1 66 85 3 35 61 75 99 17 40 38 25 4 35 6 15 41 76 56 42 69 44 36 47 76 37 63 49 73 39 7 73 56 91 27 90 51 2 89 19 93 26 96 96 13 1 62 5 76 69 46 96 13 82 94 40 70 57 88 94 47 46 66 3 36 45 92 38 98 32 57 90 10 4 85 74 4 47 78 31 15 23 27 79 
56 20 18 26 28 58 19 75 3 37 77 91 81 20 80 30 52 36 19 61 91 3 34 94 1 63 77 68 85 3 46 41 74 16 18 54 73 88 28 27 24 56 69 56 27 49 85 78 36 55 90 27 10 75 72 10 37 48 77 74 2 75 14 76 42 83 29 14 70 8 92 94 15 61 1 41 61 38 19 96 92 60 22 1 
35 94 11 23 93 39 96 95 65 61 22 6 43 2 71 13 9 15 58 23 27 10 15 87 47 33 82 39 45 56 39 31 1 1 53 93 92 1 39 8 13 60 66 56 61 88 20 21 2 29 43 28 38 10 14 37 42 48 75 38 55 65 68 55 18 73 99 61 25 38 20 37 97 85 44 10 73 63 30 74 43 25 54 33 
34 19 69 27 18 95 65 72 59 32 26 28 56 77 40 80 14 60 17 62 44 60 71 68 75 1 42 69 25 47 1 58 65 69 84 83 63 100 54 74 84 32 1 39 8 93 19 73 52 87 34 47 98 5 15 72 5 8 93 81 54 93 38 18 62 73 52 76 73 6 49 56 89 2 46 48 94 64 20 45 2 53 43 100 
