31 55 3
83 94 31 9 81 50 72 9 12 94 28 33 86 65 54 88 26 45 94 90 83 61 9 91 49 49 20 15 79 74 76 62 19 58 22 51 60 93 12 23 38 91 55 23 55 60 62 32 4 55 21 86 67 82 29 
67 30 48 33 8 73 8 21 43 17 42 93 76 86 56 98 23 46 4 97 100 63 58 84 66 64 56 4 30 37 32 48 18 31 80 78 55 39 50 97 56 44 41 31 29 97 81 4 94 84 100 94 47 58 77 
64 21 32 19 3 21 2 2 90 32 82 19 38 72 69 86 79 64 79 62 92 27 42 95 20 25 47 13 23 4 41 87 76 25 57 30 97 59 32 38 42 65 57 80 36 77 65 15 40 43 76 83 21 69 30 
41 45 76 53 68 79 46 6 6 22 62 36 18 20 19 55 14 83 63 93 70 39 9 36 30 4 63 65 24 31 94 64 76 69 69 95 99 14 100 4 87 13 91 4 85 61 10 98 43 73 90 65 63 50 100 
45 53 63 9 29 45 54 92 20 22 12 66 20 77 65 75 63 78 18 66 62 78 28 59 73 52 100 37 14 49 36 10 54 50 70 82 95 23 25 66 44 37 32 15 65 48 90 28 77 59 45 90 36 72 100 
8 23 99 96 89 100 84 98 5 33 20 38 79 42 14 97 38 2 80 52 67 27 93 94 56 51 90 45 39 62 45 98 36 95 94 24 46 77 74 50 61 93 39 92 34 53 88 71 54 19 75 20 45 67 65 
100 70 55 97 8 68 41 57 3 35 50 27 81 78 52 82 91 44 21 82 29 25 21 52 78 39 26 50 35 44 66 87 65 20 83 24 39 75 81 42 9 82 20 41 60 71 75 50 66 47 83 46 71 3 97 
100 93 74 49 79 18 67 65 34 38 99 58 77 73 90 18 34 71 37 26 30 59 100 31 76 98 13 21 68 67 18 68 11 43 68 90 60 34 6 46 72 5 3 48 29 92 17 14 62 5 40 44 63 91 26 
90 89 91 10 8 9 79 27 20 22 95 61 33 80 66 78 3 22 32 50 51 75 18 64 89 22 55 32 36 46 9 25 86 99 87 93 8 65 72 27 86 66 39 71 97 4 48 100 78 32 1 28 6 19 43 
94 92 50 77 80 95 86 56 32 84 42 76 43 59 47 69 44 64 59 66 61 63 14 60 40 45 60 19 2 30 13 96 74 62 72 53 8 9 8 39 45 2 15 87 60 13 8 3 77 66 21 37 80 34 48 
19 30 59 89 31 89 2 26 14 15 50 66 23 10 25 13 54 26 79 41 85 92 48 40 68 65 60 56 45 93 3 15 74 61 4 4 1 57 82 14 71 83 31 93 92 56 58 46 81 36 38 66 27 37 5 
46 1 16 1 45 8 55 60 33 68 15 88 20 71 69 86 93 3 68 86 47 23 43 92 56 30 81 73 57 17 29 54 69 44 55 66 3 61 77 35 80 91 22 100 13 43 37 5 45 4 42 91 27 36 34 
34 66 66 6 74 34 34 27 3 77 33 68 79 94 96 13 73 86 86 24 50 28 60 54 25 64 96 67 42 31 53 75 48 70 80 21 4 13 48 58 41 80 77 19 25 72 83 50 9 68 25 58 48 85 11 
24 100 58 42 93 89 94 19 88 16 50 9 19 14 8 76 54 87 52 72 64 23 6 65 31 73 89 88 72 25 50 47 24 8 89 68 48 34 38 35 49 87 95 67 100 2 42 53 41 45 76 4 19 33 68 
49 58 56 88 29 81 90 76 56 97 64 76 44 49 13 30 98 100 25 64 51 26 58 56 18 54 83 73 73 16 40 21 73 48 61 53 80 50 80 87 98 95 14 93 44 27 22 41 78 46 56 80 24 13 35 
41 67 18 14 39 85 5 11 57 4 23 9 35 24 89 74 21 35 87 13 78 65 35 18 94 32 74 74 7 38 8 100 4 77 65 94 61 21 57 69 77 31 30 11 55 70 36 27 4 23 92 82 39 78 99 
33 61 72 6 68 62 65 19 65 42 83 11 54 3 19 23 79 1 52 42 7 21 77 34 24 51 25 5 42 2 56 74 62 79 31 81 40 47 99 57 40 33 67 94 88 37 68 18 37 19 59 44 91 88 29 
14 90 5 71 31 58 26 56 71 4 86 52 44 33 2 100 72 35 18 17 22 6 84 39 94 2 50 89 44 89 17 58 78 73 80 9 30 57 16 1 60 2 4 55 86 5 6 9 91 75 26 64 32 9 3 
26 63 4 14 6 92 83 15 69 55 94 29 37 50 45 37 62 98 92 68 83 48 74 91 39 100 68 54 32 77 56 9 39 11 74 96 2 56 11 23 63 56 3 99 58 99 87 19 96 30 38 30 77 11 73 
67 63 40 21 46 16 28 54 6 39 27 54 92 35 64 14 97 71 17 47 28 15 33 98 63 14 36 92 90 98 16 9 60 56 29 57 23 56 10 29 46 89 82 38 23 97 3 71 19 19 17 47 86 1 44 
100 14 31 43 55 29 59 63 40 14 91 97 36 99 58 16 96 46 49 33 20 97 36 90 16 6 6 14 43 58 9 42 71 40 85 26 68 95 40 59 8 31 55 95 81 13 63 28 10 11 61 30 60 48 19 
75 5 77 88 48 34 48 89 57 87 25 34 6 19 73 65 78 55 19 25 35 83 87 63 45 49 75 74 8 74 44 34 78 20 21 25 6 69 66 62 7 42 95 13 61 67 77 90 22 47 14 8 82 52 22 
26 1 96 99 8 69 94 42 99 14 14 23 19 34 40 80 93 82 26 5 42 92 33 83 65 79 49 73 12 100 94 37 100 42 87 60 62 81 53 60 46 18 35 64 4 74 95 96 55 72 52 48 63 84 83 
80 14 31 52 78 30 97 14 82 90 53 41 52 33 45 63 78 14 49 93 17 23 39 64 29 10 67 77 24 2 59 3 68 41 54 45 70 3 10 51 92 62 43 95 94 39 10 23 53 58 67 21 80 5 37 
61 14 3 89 38 5 47 92 72 87 46 68 8 100 77 11 91 39 53 38 84 44 47 7 48 4 73 68 36 30 4 96 43 59 84 32 15 82 24 38 20 21 5 79 20 81 89 62 19 94 51 55 37 97 61 
84 53 85 3 88 14 59 35 9 17 70 92 31 51 67 68 22 87 24 100 58 4 41 72 75 34 22 81 22 71 93 5 23 77 59 62 43 17 96 3 85 65 94 15 67 13 34 40 99 9 91 9 65 31 32 
91 64 5 71 85 75 63 41 49 91 100 10 33 68 57 87 53 21 81 67 39 93 53 30 43 61 21 3 77 51 86 67 15 91 37 51 65 99 92 66 90 43 75 74 10 32 61 62 4 93 81 95 37 85 24 
31 97 44 34 74 95 19 40 61 61 77 11 78 27 54 43 16 48 17 90 58 48 50 71 4 94 3 98 30 39 21 60 88 65 45 61 59 16 52 71 76 80 81 53 7 35 95 22 82 64 63 91 63 64 14 
66 57 68 63 38 7 36 98 94 100 94 6 10 9 57 80 85 37 12 89 95 46 84 68 80 99 31 22 61 46 35 27 55 55 41 92 61 76 41 6 27 35 11 88 43 67 67 79 55 31 68 49 28 51 17 
7 1 99 81 61 44 67 39 50 21 80 42 81 7 34 86 86 68 96 73 63 15 92 41 69 22 8 70 49 10 86 8 10 84 88 71 79 6 61 29 27 92 22 59 51 55 45 36 75 92 60 37 58 51 77 
79 24 37 48 25 46 85 32 8 68 71 30 98 76 90 26 54 82 47 13 32 54 9 19 28 100 78 64 10 29 92 88 4 28 87 28 26 71 59 33 90 81 62 87 9 51 65 62 84 63 74 67 16 82 85 
