341 9 6
62 23 7 69 42 32 52 2 18 
26 9 47 87 31 78 89 26 80 
32 16 95 55 36 58 57 65 42 
24 5 2 17 67 77 23 87 18 
7 91 19 76 16 27 22 2 57 
99 91 35 30 74 2 24 81 38 
81 37 2 23 13 58 76 29 24 
52 4 11 69 62 1 39 37 68 
18 10 70 26 60 12 12 90 85 
14 13 17 3 46 54 56 20 18 
13 95 46 89 99 1 99 67 62 
51 58 98 18 27 59 39 52 19 
2 64 60 39 29 24 55 31 69 
60 86 88 77 98 35 75 86 33 
75 36 51 37 38 8 86 8 86 
45 98 38 15 100 53 74 90 81 
97 44 63 66 56 48 5 32 97 
39 6 35 23 33 22 74 69 60 
33 6 19 19 2 16 8 16 67 
60 89 56 92 38 52 54 55 7 
53 59 38 49 50 96 35 72 28 
57 97 96 68 82 53 86 100 55 
53 59 22 20 18 63 75 61 100 
26 66 54 32 18 64 22 18 13 
17 53 37 44 61 85 91 80 66 
43 17 17 49 69 75 71 88 44 
33 15 4 84 40 69 37 24 38 
100 45 56 65 13 60 53 56 72 
89 98 51 55 40 67 71 41 35 
98 11 75 41 95 89 97 78 80 
17 66 3 55 17 99 10 33 11 
69 85 18 40 74 15 42 80 7 
8 2 47 94 99 9 68 40 55 
56 88 84 36 4 49 90 58 17 
89 67 50 51 87 86 69 78 11 
83 19 90 89 78 92 87 72 42 
95 91 81 1 47 20 84 34 24 
32 23 81 49 63 100 50 14 86 
35 82 16 46 64 86 87 5 64 
30 91 87 72 38 77 4 38 23 
24 22 8 47 5 31 27 5 93 
26 54 6 64 89 39 79 86 55 
64 72 59 79 2 1 65 73 90 
42 76 80 16 99 1 24 97 57 
6 24 62 50 1 15 8 64 55 
46 94 40 100 10 12 10 88 65 
63 53 37 52 46 64 31 13 15 
83 36 11 92 93 86 53 43 87 
19 50 2 26 47 96 65 47 5 
28 56 44 92 70 96 80 22 93 
44 4 6 58 87 93 20 78 86 
6 82 80 92 52 81 45 77 27 
92 94 73 48 21 81 92 65 50 
39 44 23 32 39 27 37 96 65 
29 68 94 66 73 27 45 16 78 
25 60 7 4 4 100 28 51 72 
8 42 36 10 81 32 84 64 70 
62 100 18 26 80 85 71 46 57 
97 42 24 27 19 83 33 22 86 
32 49 89 55 9 30 91 70 62 
74 53 77 43 15 76 12 92 8 
96 63 5 4 11 46 27 37 64 
62 69 37 99 52 86 87 7 46 
69 49 15 82 22 19 59 64 85 
86 28 77 93 75 91 49 79 1 
95 57 38 10 70 6 99 69 10 
84 7 16 81 75 64 95 9 85 
13 67 100 98 4 79 26 49 54 
16 97 32 16 91 40 5 53 10 
63 51 30 72 86 36 87 66 63 
2 12 71 38 76 89 37 25 92 
16 50 40 69 17 89 52 85 31 
43 41 83 52 3 85 81 74 22 
17 12 87 31 13 50 1 2 26 
41 39 2 84 6 4 24 26 20 
64 29 56 94 71 97 29 23 99 
13 55 25 35 23 88 73 53 1 
75 53 2 100 93 92 53 77 49 
56 52 26 28 67 54 83 60 77 
79 88 99 30 1 5 54 87 28 
93 11 80 45 85 33 99 36 77 
90 89 5 91 44 8 16 71 74 
22 6 34 98 84 73 48 65 25 
52 70 11 79 63 74 59 7 58 
43 5 94 19 47 82 76 37 77 
83 4 100 9 25 5 94 74 40 
66 21 5 91 73 74 53 51 88 
26 61 95 84 3 51 29 74 97 
62 49 85 38 83 41 37 91 65 
41 84 91 81 2 11 37 92 35 
10 44 86 50 22 46 44 5 1 
46 85 74 43 46 22 79 83 4 
19 20 47 36 12 82 26 44 83 
88 80 26 23 42 22 60 91 43 
5 86 99 5 31 83 30 25 28 
51 4 10 7 74 81 5 9 45 
86 86 88 21 74 68 46 96 9 
67 55 51 9 11 36 7 68 18 
89 97 43 68 100 98 78 6 71 
10 10 32 54 47 69 42 67 94 
61 13 41 21 31 47 71 40 58 
58 98 77 75 39 25 69 6 24 
66 83 81 89 45 42 72 98 89 
40 91 7 34 3 71 74 23 2 
21 45 93 30 2 90 58 29 28 
82 97 34 58 15 68 38 3 64 
80 74 14 20 65 4 26 50 59 
49 76 33 50 48 78 42 77 31 
83 86 59 11 67 8 96 24 22 
15 62 24 31 93 49 44 64 65 
99 89 15 57 89 42 90 38 89 
19 31 17 49 14 2 60 76 68 
67 23 44 88 89 57 63 19 1 
11 62 64 75 61 4 41 69 93 
82 58 30 22 76 61 38 77 26 
39 36 1 59 2 75 54 41 63 
10 3 82 10 13 95 25 39 55 
28 32 24 20 65 33 2 87 9 
14 76 37 39 15 72 91 25 25 
65 78 65 27 39 67 60 100 31 
55 24 21 61 51 4 84 23 69 
69 76 7 77 89 82 65 79 48 
36 21 24 12 85 1 76 63 91 
94 75 90 76 29 65 48 89 16 
52 25 90 72 93 65 78 21 5 
11 85 35 11 72 55 34 83 91 
87 10 5 77 3 79 19 30 7 
83 77 48 50 28 24 39 99 68 
55 28 88 11 91 24 45 53 95 
99 86 29 41 24 38 46 1 92 
24 71 21 83 53 97 82 3 77 
5 93 27 72 100 7 11 10 49 
86 7 1 80 57 86 60 98 10 
97 43 62 40 18 32 60 52 84 
8 33 38 36 89 83 63 12 82 
21 22 91 69 7 49 69 38 6 
6 49 3 15 97 97 28 36 66 
59 47 18 95 7 2 84 42 91 
66 56 2 47 76 76 90 96 34 
38 64 24 95 70 24 49 36 21 
97 16 56 63 26 55 32 72 61 
33 56 54 75 73 10 29 20 37 
56 61 33 41 50 48 16 45 69 
40 93 57 60 90 72 67 4 49 
21 35 21 81 19 28 35 46 100 
96 74 19 32 29 31 16 21 81 
16 37 25 36 76 69 92 35 10 
15 1 13 64 22 99 36 54 70 
63 40 15 62 35 88 81 19 68 
11 86 40 43 1 76 19 37 51 
88 80 85 97 95 38 62 10 11 
12 45 16 81 7 56 95 68 42 
34 100 60 53 63 98 93 5 98 
68 24 86 71 63 66 7 11 12 
44 72 21 6 84 65 22 16 23 
29 63 90 70 96 42 82 1 4 
79 45 60 28 64 35 66 34 97 
31 41 8 94 36 31 14 42 66 
30 15 82 4 43 44 93 64 91 
86 97 91 41 75 35 53 55 51 
87 20 84 36 2 24 95 95 12 
25 60 5 91 89 19 72 92 13 
15 36 28 5 74 25 48 14 51 
34 66 57 84 5 76 68 40 77 
43 34 23 54 58 82 58 100 22 
28 71 65 92 37 1 20 94 26 
96 93 39 46 26 57 3 62 61 
30 29 100 59 23 85 81 29 94 
63 38 94 36 66 16 1 9 53 
53 28 98 78 23 90 16 21 15 
72 23 76 84 52 56 35 10 31 
19 43 59 65 57 96 58 92 13 
73 92 74 77 44 1 74 21 76 
63 89 96 78 12 70 5 96 73 
13 82 83 43 53 77 1 17 33 
48 74 24 13 98 16 86 75 11 
38 100 84 13 63 72 60 92 35 
29 96 82 2 8 64 36 2 16 
12 2 84 44 2 9 19 66 6 
86 51 32 97 40 32 32 53 46 
55 64 37 89 93 84 71 46 44 
86 81 45 53 44 47 36 39 100 
44 57 65 1 43 67 85 91 6 
68 22 58 13 76 74 49 64 66 
84 86 63 27 71 95 72 75 38 
70 62 76 69 57 84 33 58 26 
51 94 16 56 61 37 66 25 64 
39 25 28 4 8 65 18 35 88 
12 6 62 49 75 24 76 43 80 
59 27 89 85 77 34 52 84 46 
41 49 70 4 87 94 83 42 2 
48 59 36 35 70 41 48 70 15 
23 45 9 55 56 87 95 92 15 
29 43 98 74 35 47 44 39 33 
89 73 27 90 20 37 25 6 7 
17 6 28 83 80 73 91 34 80 
77 29 71 91 9 65 41 34 100 
87 29 38 71 18 10 97 59 82 
34 84 39 92 52 44 19 35 24 
43 25 9 22 54 89 44 96 49 
9 36 83 8 74 63 97 45 32 
58 93 91 39 78 26 30 21 77 
25 92 11 100 34 88 9 8 93 
49 51 88 98 11 76 32 18 1 
94 14 97 26 72 42 16 62 19 
41 91 40 17 68 31 80 67 16 
67 27 75 59 76 78 98 73 88 
25 4 58 26 49 71 74 74 94 
15 41 8 34 33 50 25 2 17 
7 81 36 74 47 62 49 57 37 
78 6 61 65 31 16 74 8 65 
97 81 90 90 48 83 49 81 15 
51 57 16 67 15 48 2 88 46 
16 88 2 52 65 8 65 82 90 
80 55 49 44 51 81 86 93 28 
68 93 60 82 43 16 50 62 30 
97 63 70 43 30 57 96 82 74 
55 46 55 44 77 61 44 21 64 
25 58 8 52 25 100 12 58 95 
79 59 56 61 56 70 30 50 100 
38 45 33 11 52 78 17 47 54 
30 91 26 45 67 83 52 18 59 
3 81 69 97 12 27 52 72 34 
22 53 83 21 42 80 53 5 83 
82 73 29 87 2 19 65 98 37 
99 49 55 58 4 87 78 100 50 
4 4 73 38 25 25 72 97 19 
51 1 23 33 34 95 14 72 49 
84 36 46 21 87 47 75 96 50 
13 73 1 63 76 4 35 13 80 
12 85 76 30 87 28 4 72 13 
98 85 85 98 68 20 96 88 58 
42 14 53 43 79 25 43 93 1 
47 79 65 78 90 1 54 71 88 
33 74 11 46 24 47 30 73 66 
1 68 54 59 9 19 11 3 49 
36 46 41 88 44 20 52 21 61 
53 26 84 92 11 9 54 56 32 
100 37 57 65 89 24 70 47 85 
41 10 87 89 97 84 30 84 27 
1 87 100 61 39 25 96 82 87 
5 35 42 88 86 30 44 3 19 
68 72 17 52 64 78 90 53 74 
74 34 9 52 34 48 51 46 38 
28 94 20 14 98 6 8 85 92 
37 29 94 7 48 17 24 51 81 
53 40 85 27 65 18 87 17 3 
34 67 100 72 94 93 43 60 42 
100 67 27 91 3 7 36 62 6 
5 85 56 85 37 47 21 15 12 
90 54 28 44 39 94 95 62 40 
88 56 99 81 56 17 59 46 19 
17 34 32 22 38 16 29 74 5 
76 46 71 87 35 76 66 78 15 
59 72 28 50 11 84 100 44 39 
16 2 36 87 19 21 18 40 10 
86 69 35 42 96 80 12 82 14 
40 47 43 6 57 67 33 59 77 
68 58 20 58 74 74 94 60 92 
66 29 83 76 14 3 10 55 98 
90 19 31 55 58 29 98 63 86 
16 47 96 92 15 53 64 72 78 
89 17 37 80 83 66 14 10 31 
17 19 86 14 60 4 97 15 13 
25 64 27 62 79 73 57 22 39 
62 37 63 39 25 31 28 4 65 
93 18 74 75 86 93 60 51 52 
15 47 66 27 72 81 53 85 59 
78 42 81 16 3 17 30 93 94 
61 20 97 25 64 66 99 39 3 
43 98 54 94 13 52 12 91 75 
44 44 60 3 73 53 35 88 7 
3 70 99 96 30 19 45 6 82 
62 56 20 65 98 70 70 44 34 
21 7 24 96 50 19 55 4 91 
7 90 31 65 93 100 63 40 81 
81 84 86 15 46 94 34 62 91 
3 31 86 88 51 44 12 46 46 
30 52 49 73 10 39 3 74 83 
2 37 22 34 69 6 71 83 3 
64 69 64 7 23 94 92 11 96 
88 22 42 33 3 45 81 75 55 
71 29 28 5 82 16 27 15 37 
84 86 19 38 49 39 1 7 62 
46 99 24 41 38 97 34 70 51 
79 2 26 33 25 6 12 29 88 
80 7 54 16 42 39 86 79 40 
25 31 46 38 28 96 13 69 33 
9 54 2 59 32 56 36 16 80 
42 28 8 81 59 15 34 74 56 
25 59 87 16 35 17 61 24 45 
9 36 65 41 44 18 95 55 2 
50 90 17 81 83 96 88 15 54 
54 49 27 62 25 38 100 40 72 
68 52 96 12 60 83 28 53 27 
46 47 33 99 48 22 15 80 57 
11 67 71 16 73 71 43 86 47 
32 37 86 55 4 90 2 68 49 
85 95 53 63 92 99 95 90 98 
68 5 77 24 67 96 47 82 20 
69 76 57 16 7 93 53 62 96 
42 63 63 43 47 10 95 61 1 
46 55 91 95 23 47 72 98 65 
19 44 46 90 13 22 46 80 80 
90 32 93 85 26 56 100 68 54 
9 62 15 61 59 21 51 54 43 
49 77 41 13 47 36 11 36 48 
32 33 79 63 22 63 56 58 88 
63 57 55 16 17 68 82 78 79 
3 80 32 97 81 60 37 93 6 
73 3 41 72 86 73 51 1 94 
13 56 3 52 18 12 58 85 28 
77 67 57 55 21 89 38 17 69 
97 6 13 2 78 68 42 1 53 
66 3 5 11 67 60 14 18 29 
25 75 14 52 52 32 61 58 4 
49 96 20 17 92 77 29 94 6 
96 87 7 1 53 9 5 63 76 
17 76 45 45 52 20 58 56 23 
41 16 80 44 64 75 16 32 19 
92 60 12 98 8 50 4 60 2 
64 16 17 91 84 44 36 29 96 
7 38 51 29 79 66 8 22 81 
35 37 12 53 81 23 16 78 82 
65 81 41 67 96 9 35 87 92 
78 74 20 73 80 10 23 8 40 
40 67 61 20 53 50 83 5 82 
6 72 59 87 37 91 80 55 86 
88 89 72 31 66 45 3 39 24 
12 13 83 51 53 2 63 24 54 
64 7 11 45 12 82 3 50 70 
93 29 24 31 68 12 2 51 30 
99 53 20 74 64 32 57 66 36 
10 80 60 15 44 66 77 40 29 
11 95 30 80 39 11 4 69 30 
67 71 80 96 21 32 15 94 47 
99 2 64 34 11 44 45 78 39 
10 54 78 90 64 24 72 44 63 
82 99 31 11 65 53 91 13 73 
74 79 67 73 77 20 36 11 83 
79 55 60 69 17 13 47 58 29 
