362 70 53
39 14 37 6 16 38 22 7 49 54 99 42 54 63 54 43 72 61 23 60 46 2 33 64 1 58 48 88 19 69 30 9 34 66 67 49 55 40 8 4 46 6 97 51 20 50 93 92 10 15 3 7 17 35 22 69 44 21 56 14 41 85 75 74 2 93 75 56 32 82 
11 77 39 60 28 11 9 72 54 71 87 56 77 55 42 51 23 85 71 78 98 12 14 72 37 67 64 11 74 48 44 85 76 35 44 55 45 4 27 50 74 65 5 3 19 98 53 41 82 75 70 31 38 83 55 75 49 70 37 74 17 33 10 45 67 5 99 63 9 25 
12 82 89 68 36 59 65 88 99 46 15 20 28 52 2 82 26 2 52 15 28 20 47 37 64 65 42 15 27 50 91 38 83 32 5 19 90 69 6 41 66 20 60 45 24 14 27 1 67 30 15 94 1 13 31 17 77 72 31 3 21 21 92 3 52 96 73 42 16 31 
82 33 50 41 78 25 6 56 26 73 37 40 66 37 5 96 53 81 67 35 36 39 56 27 94 7 75 66 100 90 96 33 75 98 26 4 22 31 11 99 3 47 91 69 35 95 16 40 27 35 74 62 25 29 89 18 88 15 36 39 4 83 72 30 32 97 33 6 79 43 
4 82 41 94 2 76 40 17 67 67 3 40 80 28 21 20 97 60 34 32 98 90 67 21 19 98 69 4 3 48 98 7 29 39 52 82 66 92 50 84 10 53 23 89 32 95 9 28 54 42 12 4 31 78 24 2 75 93 5 30 92 54 88 72 44 39 53 61 82 54 
44 43 6 67 32 89 61 92 17 67 85 80 70 16 57 45 69 83 89 25 12 80 78 99 3 22 90 55 82 71 9 26 66 66 44 97 55 56 88 23 22 72 2 43 39 10 88 59 92 28 83 56 60 61 6 62 82 95 69 15 18 77 40 83 94 83 31 100 39 70 
22 12 93 75 55 84 84 94 42 28 73 25 83 32 85 40 94 18 35 62 32 4 90 72 38 83 6 68 35 96 37 56 60 81 31 14 64 66 59 6 93 31 30 27 63 66 67 8 83 53 69 14 56 10 37 93 44 95 12 78 90 48 86 49 80 68 14 44 33 24 
49 78 7 30 4 69 95 22 28 29 74 48 94 81 57 83 73 100 77 36 30 18 35 15 19 15 82 32 58 66 8 58 43 14 87 99 34 33 72 61 13 46 60 6 26 16 88 51 67 64 38 48 34 73 62 52 87 95 35 96 13 42 53 7 7 91 5 40 75 77 
52 87 74 11 92 51 78 32 53 97 47 91 44 80 15 58 31 1 52 18 48 16 11 100 23 18 42 27 9 16 55 61 54 80 23 97 83 1 28 35 97 27 77 92 6 91 49 89 43 53 6 90 68 16 41 90 33 34 69 42 1 75 54 54 7 76 3 89 28 30 
75 24 56 52 68 14 94 16 2 89 68 59 30 88 74 71 77 59 4 97 52 5 72 5 10 78 32 12 66 60 94 92 35 1 95 2 14 89 70 67 29 37 25 58 76 99 28 53 9 84 1 60 40 72 16 49 1 47 13 18 6 6 10 93 6 4 94 72 44 63 
38 72 52 63 30 27 13 9 31 21 92 32 32 31 55 47 32 56 45 44 25 3 1 34 95 6 90 40 29 33 55 67 5 58 29 86 36 93 94 67 65 86 50 96 68 56 94 51 11 38 46 36 92 46 21 38 4 10 78 32 43 84 98 99 41 78 84 76 22 77 
94 86 14 95 81 34 51 26 84 13 16 82 100 7 27 21 45 30 82 74 14 24 57 11 74 49 41 57 76 62 86 22 100 99 16 80 84 18 58 20 83 73 1 82 79 27 54 75 9 36 48 22 11 56 84 85 4 76 41 80 90 26 53 89 77 20 68 60 38 77 
31 20 49 31 53 80 58 7 54 18 94 54 39 4 9 74 88 65 50 81 96 39 58 48 27 34 67 46 46 56 23 76 27 23 7 80 2 16 38 8 33 31 13 23 86 21 96 74 37 97 54 32 35 11 31 13 97 98 59 94 53 33 69 80 55 27 11 9 94 48 
16 26 30 28 100 15 100 48 40 89 44 45 20 31 8 51 43 4 100 53 97 52 37 17 83 92 96 93 52 89 92 67 15 73 46 66 88 97 13 27 85 9 24 57 39 31 59 33 34 58 38 82 61 74 50 44 17 45 88 68 34 32 86 100 4 83 65 91 80 30 
70 16 38 93 72 28 75 30 12 8 39 49 41 100 75 90 95 91 35 34 11 68 65 96 67 69 79 83 11 10 12 32 25 1 76 97 28 50 78 40 9 17 40 49 68 14 91 14 57 25 47 67 44 64 14 10 32 92 44 94 1 56 78 26 56 5 74 36 55 51 
27 15 19 66 16 38 32 6 51 40 82 98 6 77 61 19 38 44 63 81 89 63 36 18 40 44 23 13 79 29 16 57 43 86 74 10 24 5 67 74 44 48 23 1 24 35 72 61 30 34 94 71 96 29 88 88 24 10 52 54 38 67 10 33 53 84 42 28 40 9 
53 36 8 28 36 84 14 7 96 44 92 89 66 40 70 53 27 93 15 78 47 4 97 8 36 1 91 30 28 83 38 32 18 97 59 53 80 73 12 76 68 3 16 33 42 85 37 20 78 3 98 76 7 94 83 42 94 26 23 73 8 12 4 77 9 63 81 88 87 44 
15 6 47 31 38 40 15 26 60 44 29 9 71 87 2 54 80 47 31 3 19 90 14 74 66 22 36 98 62 74 42 28 79 88 10 68 79 77 94 90 72 74 98 43 60 51 48 39 49 78 93 67 19 7 41 36 80 28 33 41 2 74 21 80 13 30 48 92 58 93 
33 30 18 31 72 77 33 19 67 82 48 60 100 66 66 92 1 97 20 33 90 73 7 10 4 19 91 3 62 49 95 95 78 12 77 1 40 61 19 59 42 66 18 42 31 35 33 83 31 4 15 20 28 73 81 32 92 72 34 5 72 81 51 1 44 79 1 36 40 71 
94 81 36 11 74 18 97 59 100 27 14 14 99 42 39 79 73 30 2 58 86 73 38 89 73 82 67 25 69 6 95 62 87 82 72 12 99 20 22 50 46 36 16 96 77 54 27 1 83 28 58 20 53 96 8 25 29 75 2 97 80 96 10 18 78 81 82 28 52 3 
78 49 38 93 45 66 46 71 66 80 98 24 51 50 71 59 27 51 85 80 47 16 27 56 86 4 88 67 84 39 69 61 87 59 5 83 24 2 53 90 81 3 13 31 4 83 41 82 33 25 13 31 93 40 38 78 95 77 44 78 67 64 90 5 22 46 88 46 47 92 
35 27 46 99 10 2 33 2 83 17 79 48 47 71 87 36 48 81 12 43 11 30 6 100 34 28 46 73 73 92 65 59 71 62 57 32 63 89 33 98 5 63 45 3 33 31 38 32 63 1 74 73 82 80 73 15 7 70 88 31 13 4 41 83 17 97 66 80 37 51 
77 93 13 73 95 46 55 84 29 17 36 3 90 17 34 14 83 92 83 22 22 95 25 62 30 94 10 95 73 46 45 1 38 58 25 84 55 79 67 83 95 54 37 36 70 70 49 52 61 31 74 34 78 50 95 7 43 56 1 67 1 98 19 90 7 43 73 61 21 91 
95 68 44 32 3 13 1 52 17 14 34 42 47 11 43 94 69 38 49 70 56 50 19 75 91 25 17 64 85 90 54 31 57 50 62 59 14 15 62 30 28 96 23 26 58 66 19 27 55 68 48 10 69 66 84 59 90 53 74 26 42 28 56 98 29 18 8 42 84 70 
72 63 17 46 88 74 63 7 100 17 74 47 27 42 12 62 52 53 14 26 78 55 5 34 4 33 3 12 74 86 33 97 100 49 43 87 22 5 45 74 74 18 20 52 11 84 13 63 36 79 88 14 85 92 99 89 76 1 52 49 38 36 46 37 36 88 75 9 44 20 
82 17 89 54 20 100 89 33 14 24 63 53 89 47 96 39 87 71 91 38 19 28 25 16 16 60 55 43 69 99 62 50 67 2 55 87 1 43 71 66 19 33 18 59 79 65 98 66 35 88 55 6 68 32 73 83 91 28 77 59 78 90 61 96 92 67 82 44 10 4 
10 28 36 79 38 67 44 35 84 30 75 90 87 42 21 60 76 64 39 53 74 16 42 86 11 33 53 45 77 62 48 38 41 36 16 78 54 11 65 37 93 39 78 79 80 51 90 7 14 28 59 39 43 53 25 6 85 77 50 13 90 49 50 30 36 18 59 89 80 23 
77 72 13 55 3 92 57 44 51 70 24 9 60 18 61 84 23 98 60 24 10 49 73 12 30 8 81 41 49 60 63 25 84 28 31 38 71 87 33 21 8 56 30 68 74 42 51 96 39 63 72 1 63 44 64 93 3 44 85 51 55 47 28 90 74 10 27 97 97 12 
17 56 67 46 75 92 40 78 40 78 40 11 30 54 6 93 98 8 36 82 11 91 29 90 32 54 99 11 2 47 22 19 3 88 16 29 32 55 6 71 33 97 81 62 51 86 55 48 45 42 30 7 84 10 48 16 15 47 26 17 45 47 35 99 86 50 28 17 5 33 
87 89 30 19 2 80 56 8 79 53 50 8 59 85 17 7 100 32 5 77 100 49 23 34 48 61 35 75 29 91 59 68 79 40 86 33 71 42 40 50 94 41 57 4 78 26 62 77 9 66 54 8 15 28 93 14 40 27 40 69 18 50 36 48 90 21 80 60 14 72 
9 59 64 18 63 41 43 24 18 51 42 23 10 8 2 2 21 42 28 12 10 97 61 45 45 50 17 76 10 83 47 70 41 11 87 55 51 81 31 20 83 72 42 92 79 96 93 51 37 73 62 98 69 22 94 65 24 10 41 85 92 87 54 85 49 93 39 100 73 69 
19 56 40 13 99 70 60 44 20 96 68 33 45 36 7 38 53 30 99 93 14 91 31 19 75 80 11 65 31 36 34 1 43 25 65 93 95 24 36 66 71 3 99 15 91 5 4 43 86 3 87 51 45 17 69 71 48 32 35 78 67 20 79 61 45 95 53 91 19 89 
56 89 43 6 56 33 62 59 27 47 61 13 97 5 82 18 75 29 49 62 59 67 81 89 27 25 83 31 15 1 71 23 42 14 80 49 98 42 7 25 40 20 89 37 24 22 6 51 3 54 12 61 20 92 1 98 69 83 28 35 36 99 57 29 64 89 77 13 30 35 
89 69 54 78 57 30 51 62 80 53 67 43 65 38 86 65 35 6 100 15 41 87 65 49 15 28 37 43 40 18 77 29 87 31 58 95 60 8 9 91 61 75 85 77 13 22 42 99 28 41 13 20 27 77 20 93 4 9 35 96 26 63 24 64 93 33 59 4 92 67 
46 52 93 82 29 57 4 22 56 83 14 68 2 92 45 73 84 100 81 70 95 7 32 70 22 77 54 80 80 46 98 78 49 43 59 29 99 62 50 54 96 63 22 49 54 18 22 89 17 2 58 64 60 42 85 82 18 39 13 49 84 63 26 32 57 85 61 55 98 10 
61 94 25 82 42 30 51 63 19 19 17 28 82 28 69 67 61 86 57 26 35 40 88 60 71 44 96 83 50 94 45 10 87 69 43 28 98 93 43 68 64 59 96 45 38 64 63 99 2 19 24 36 10 63 47 33 58 43 15 7 88 59 69 74 79 11 53 29 56 47 
48 19 5 43 15 43 59 30 93 60 100 16 95 10 30 93 42 87 87 8 93 74 19 13 99 49 24 52 77 31 50 25 1 55 19 15 49 77 96 93 36 96 8 82 57 37 75 98 75 61 57 19 35 75 32 33 24 7 36 52 37 86 28 37 92 47 3 92 75 51 
84 11 46 43 92 54 31 66 51 5 27 59 23 13 34 54 97 9 12 85 12 48 70 40 36 13 38 91 56 12 41 91 74 38 33 66 91 15 83 93 19 61 51 93 73 36 99 22 96 10 6 8 10 27 99 45 39 36 87 46 99 27 36 73 16 68 38 6 82 72 
98 52 33 1 96 57 88 94 78 84 56 83 43 65 9 41 61 99 76 48 44 74 74 79 46 90 98 35 47 31 7 97 82 39 97 78 47 36 23 25 19 78 7 61 42 68 53 3 66 28 50 62 54 75 40 51 16 90 38 63 20 44 11 54 34 59 31 80 94 5 
56 65 83 63 77 24 82 30 78 47 9 79 8 62 54 100 65 21 89 2 35 8 97 45 61 82 3 43 13 49 48 69 13 30 83 41 5 64 70 35 10 79 13 70 92 18 21 8 39 9 9 25 68 57 70 81 38 24 23 51 24 22 71 88 3 53 29 60 16 50 
94 77 28 58 98 72 28 18 79 18 78 40 42 98 48 63 78 38 87 52 40 62 74 10 50 28 14 78 39 29 27 32 57 7 42 7 30 69 76 60 86 54 51 79 51 99 42 80 36 80 31 75 41 56 36 42 36 49 71 74 29 50 58 85 56 99 43 37 19 19 
96 56 72 99 34 74 97 27 53 84 6 35 10 99 91 45 40 26 93 11 99 73 60 56 57 67 6 100 3 24 70 50 31 41 48 17 14 96 43 18 79 1 52 40 99 94 84 90 19 28 100 70 52 11 77 9 77 83 60 31 58 29 33 89 21 32 5 86 28 99 
55 58 99 6 50 97 100 85 87 70 13 38 39 64 49 16 24 77 50 35 60 7 15 92 47 87 23 3 24 2 2 78 12 100 84 61 49 35 45 87 4 9 24 95 25 24 62 100 1 11 87 60 69 53 3 68 92 77 70 15 31 23 93 94 75 28 54 23 62 50 
9 17 11 84 11 87 8 24 86 60 86 24 71 7 29 25 74 20 1 95 34 83 18 26 76 92 53 81 14 66 31 74 83 93 9 45 79 68 69 16 27 6 40 49 12 20 73 85 39 26 80 72 8 97 98 84 40 2 64 53 68 46 78 50 38 38 46 16 6 14 
32 32 20 23 81 31 42 5 68 80 30 47 3 38 95 52 21 34 54 36 38 73 82 67 74 19 4 19 87 9 33 70 93 4 44 73 86 85 29 53 16 59 51 70 96 45 22 68 30 27 3 67 99 36 85 72 7 89 90 93 97 74 14 89 77 57 13 15 93 42 
67 8 100 70 77 47 66 50 66 96 76 20 14 74 56 51 97 14 39 87 58 87 12 71 76 41 27 40 55 19 33 73 78 84 42 6 30 60 56 95 7 83 15 72 9 22 22 5 35 60 43 92 47 55 62 74 95 40 65 1 58 98 73 35 81 67 40 63 26 47 
57 84 30 23 55 38 96 77 94 30 88 37 73 86 43 86 11 89 25 76 89 82 25 13 68 5 31 60 19 8 58 76 91 87 50 46 76 46 22 70 27 61 58 100 47 100 85 57 40 62 84 28 43 8 92 63 65 23 74 83 30 31 10 21 18 60 66 45 57 39 
14 83 99 23 34 97 22 71 54 61 32 89 40 26 97 32 88 61 6 61 43 35 44 53 55 61 64 72 5 20 62 71 54 13 93 40 9 67 10 14 79 93 3 19 18 51 2 58 11 7 70 5 93 13 9 100 25 72 71 82 43 85 4 97 97 48 88 57 14 97 
23 93 41 77 63 10 27 16 67 89 74 89 93 66 53 2 65 78 25 88 11 68 72 66 16 20 13 3 76 27 51 50 71 91 26 85 100 4 52 19 92 25 59 37 42 11 38 59 40 62 46 50 29 69 15 96 88 80 98 15 6 48 65 28 38 42 64 90 46 15 
60 89 91 18 25 84 28 62 42 68 76 87 69 56 7 36 52 94 15 49 61 72 49 77 51 38 70 14 27 15 80 86 4 22 55 28 5 83 42 99 2 69 37 22 24 44 57 27 89 23 76 49 46 76 77 96 13 47 61 92 13 92 29 16 13 84 96 70 66 37 
68 19 57 4 40 80 99 97 7 88 71 34 88 17 9 65 12 73 63 25 64 75 16 93 91 81 76 38 2 93 26 21 11 82 76 50 61 75 98 19 62 69 4 1 37 64 17 100 37 79 24 100 54 92 44 44 24 19 33 25 11 58 45 73 39 72 23 51 46 72 
70 59 40 25 60 76 89 76 76 25 7 51 76 60 42 20 55 65 90 87 41 53 44 37 25 82 9 99 32 54 71 53 65 10 78 76 38 18 3 65 94 9 15 21 68 9 40 22 73 82 8 66 34 3 2 10 36 10 9 20 16 79 72 80 40 1 55 29 18 57 
93 63 18 60 84 85 68 75 59 92 56 66 57 41 21 59 51 56 20 59 75 87 89 99 66 28 99 72 9 69 81 1 31 98 60 14 34 79 89 92 71 96 10 27 37 30 37 87 85 9 97 12 95 85 10 61 64 8 84 24 28 16 25 59 65 36 24 99 67 64 
90 37 60 99 15 96 28 52 34 65 60 82 76 6 18 37 66 81 44 2 57 24 17 81 82 34 68 57 32 34 21 21 22 80 72 37 27 51 40 12 67 51 93 94 56 10 30 22 42 26 75 98 49 43 30 82 76 98 38 59 83 58 80 5 37 3 93 15 53 32 
26 20 82 18 13 37 27 95 10 69 20 84 18 68 79 48 49 6 97 86 65 79 44 96 35 32 98 27 47 2 10 72 73 91 42 38 28 68 32 89 88 51 25 6 18 3 5 18 8 1 55 24 31 98 19 18 82 16 96 28 70 6 51 42 96 92 79 75 12 10 
64 99 12 88 56 29 42 12 98 1 64 53 25 95 2 43 64 83 11 59 62 32 16 13 73 12 56 52 38 67 13 53 18 25 92 25 5 33 37 3 34 100 7 10 46 8 4 9 43 66 20 4 97 35 16 70 98 24 73 36 90 37 88 7 61 80 32 18 64 68 
72 97 19 78 58 65 85 62 25 79 27 44 83 24 79 50 45 76 73 17 63 63 5 51 21 66 82 52 35 97 71 6 46 90 83 3 6 19 64 30 98 91 74 80 66 4 81 10 79 54 78 42 16 34 44 36 99 77 40 33 73 10 90 18 51 72 73 56 43 36 
38 40 78 63 71 95 66 51 56 96 56 33 37 71 67 32 59 17 8 98 2 33 59 91 2 62 15 74 17 57 62 6 48 39 68 70 34 33 72 89 29 28 74 17 50 92 49 60 60 8 9 13 92 68 4 94 81 70 19 49 78 80 55 77 19 22 46 4 7 69 
44 87 48 17 3 98 60 3 57 20 63 66 32 6 85 87 99 17 8 70 65 85 49 19 61 19 93 58 22 99 27 66 37 74 34 91 23 46 46 32 17 8 49 48 65 85 87 64 1 94 85 65 31 33 84 91 52 76 1 25 26 79 42 14 4 76 4 27 73 49 
58 89 8 58 88 73 42 26 88 42 72 72 6 2 4 41 44 7 68 44 32 45 74 73 58 78 100 62 56 72 62 65 12 22 22 100 94 63 77 33 4 48 4 61 49 59 2 93 66 21 88 49 66 62 21 23 91 21 36 46 44 98 10 56 19 31 7 64 45 83 
96 100 31 51 60 31 61 13 75 26 34 63 26 51 76 47 73 18 19 9 63 14 58 24 69 28 6 27 91 2 62 38 1 44 88 12 74 48 77 49 26 62 63 51 12 90 49 84 7 19 44 21 33 1 96 53 80 1 80 70 2 93 59 54 36 46 65 9 46 41 
9 71 2 23 73 65 12 74 49 70 92 44 90 24 97 37 29 76 37 60 98 90 52 56 43 87 54 60 47 99 52 8 21 6 30 93 70 42 18 70 63 10 14 5 85 62 41 13 37 30 72 86 19 75 42 14 13 47 25 60 45 76 19 65 81 48 9 51 41 27 
72 4 88 85 60 72 98 100 37 35 29 60 72 100 35 13 65 47 11 89 58 55 64 76 71 97 76 32 99 16 10 70 71 49 7 30 20 4 30 8 90 10 68 62 61 54 74 25 52 37 65 62 91 29 89 14 77 64 45 75 32 6 44 2 54 2 84 25 6 65 
33 95 26 52 56 87 57 82 63 8 18 28 21 60 8 10 73 84 25 69 58 56 26 53 10 79 55 93 4 12 9 88 6 34 91 14 20 47 95 83 6 64 10 79 23 69 88 48 52 12 68 61 20 94 13 29 72 19 73 27 30 81 66 36 66 8 1 86 6 95 
20 64 10 81 42 84 49 29 31 52 92 51 12 63 44 24 43 67 95 15 46 24 47 63 11 13 71 11 50 76 57 69 39 66 1 80 50 49 60 32 100 4 82 11 66 25 86 9 44 32 75 89 56 74 51 66 86 21 29 35 49 85 55 39 51 55 19 52 55 30 
83 54 85 17 16 3 41 53 63 36 85 37 24 92 10 27 57 47 99 85 33 99 22 87 38 72 93 8 75 47 37 9 52 22 25 67 76 18 72 38 53 8 74 29 99 36 7 7 82 5 92 15 4 65 53 41 88 46 100 62 92 36 70 44 9 95 62 84 12 33 
21 16 40 47 44 38 82 50 45 15 7 88 29 10 52 82 2 39 79 1 52 70 88 21 13 49 67 75 84 30 59 57 46 99 3 89 88 36 91 84 50 97 71 31 58 74 64 11 64 42 63 15 11 2 88 76 50 6 50 34 36 8 90 81 58 44 21 46 79 11 
29 80 7 52 10 16 25 25 26 41 18 88 7 29 90 46 56 91 52 5 24 87 64 65 67 74 8 87 19 38 50 99 18 56 2 79 24 79 4 49 19 21 89 25 1 30 23 56 20 74 12 96 60 28 60 78 1 20 16 71 57 65 21 26 73 23 5 96 1 60 
96 71 32 84 47 33 65 69 40 85 42 4 80 53 31 91 82 83 62 98 5 71 14 77 96 38 99 52 85 51 11 81 73 43 16 20 27 81 40 66 17 34 21 48 86 3 90 20 85 52 69 41 74 82 18 69 72 68 73 56 71 83 88 43 77 56 14 3 88 54 
21 56 87 93 3 24 96 44 43 80 95 11 73 68 45 42 89 16 9 61 23 31 95 63 74 24 70 87 78 57 92 98 12 78 43 66 54 38 9 96 69 56 59 41 75 3 82 15 70 43 27 44 73 22 6 46 97 75 85 74 83 76 24 46 6 66 63 59 3 72 
6 71 79 16 12 53 70 45 20 39 87 46 35 60 19 92 57 15 19 93 89 1 21 64 99 78 29 61 36 83 84 93 53 62 9 16 67 30 13 86 21 99 83 55 10 2 46 19 68 64 11 8 17 31 71 15 8 51 75 95 33 11 40 38 24 100 5 42 29 17 
79 49 16 62 3 77 15 1 95 82 64 58 42 32 88 64 46 48 15 73 94 99 83 33 88 58 84 93 100 13 9 78 13 76 39 68 53 5 68 99 87 83 56 80 15 96 43 60 95 9 84 88 8 18 73 47 76 56 39 75 20 48 52 33 75 43 100 79 47 19 
78 85 1 33 64 67 28 59 79 22 67 62 62 26 80 34 73 55 41 11 81 13 10 84 97 37 26 48 15 25 66 92 9 18 77 25 85 4 83 63 78 1 24 91 27 55 76 51 61 68 13 41 80 23 25 76 11 2 23 25 26 40 17 87 58 93 11 42 48 93 
4 77 45 79 67 71 34 42 21 94 10 34 87 41 8 11 69 18 64 43 94 90 83 10 76 92 54 86 33 54 30 88 30 26 66 49 97 51 42 69 97 51 54 83 44 13 45 12 30 8 54 76 97 88 85 24 79 91 61 63 44 42 50 25 68 68 73 64 70 15 
84 66 17 38 48 12 50 92 23 32 52 29 7 48 16 43 24 95 85 84 9 80 26 11 5 93 78 29 8 99 95 91 65 64 80 64 75 30 8 50 13 59 78 71 58 93 13 81 39 50 65 48 29 90 10 85 34 39 66 41 37 12 83 53 75 63 17 2 44 24 
51 8 34 28 78 91 72 42 72 63 91 88 62 72 77 71 56 62 9 73 2 45 85 36 50 59 50 66 12 93 41 62 52 74 41 29 16 65 23 87 27 65 74 40 36 2 10 44 63 70 16 16 66 100 4 15 11 53 32 22 98 72 84 49 97 76 30 65 40 52 
3 66 16 77 5 4 30 66 47 45 35 62 12 53 62 67 67 24 20 99 45 69 22 80 17 71 56 98 35 95 49 37 13 17 65 69 20 95 35 66 91 21 79 54 73 92 21 92 15 92 90 60 60 11 39 76 33 94 74 67 41 74 4 53 90 68 21 61 14 7 
26 56 28 5 10 52 48 82 43 63 73 32 74 32 95 64 7 27 58 32 94 50 58 49 2 47 68 22 8 34 81 85 89 8 41 50 59 89 31 54 3 3 85 76 34 31 39 93 10 48 76 55 49 33 3 50 32 22 24 91 55 4 75 44 63 68 93 73 8 76 
26 62 78 63 37 12 93 27 4 2 27 79 56 75 64 10 77 95 32 100 85 38 55 11 81 17 78 26 41 37 1 67 98 30 29 86 41 73 65 96 75 91 27 82 17 90 44 93 84 27 44 68 64 50 30 97 18 8 74 59 96 26 25 94 55 53 79 48 77 43 
43 3 85 69 37 54 10 80 46 93 58 42 12 21 91 94 69 9 1 42 67 96 67 43 41 74 47 20 21 23 14 63 26 99 84 62 52 93 93 49 38 50 42 1 22 85 94 91 45 46 84 63 94 3 5 34 76 51 5 96 25 19 58 2 69 93 63 72 38 7 
72 75 8 14 27 30 98 21 72 94 66 55 56 11 57 60 45 84 62 1 79 38 71 89 40 39 81 54 62 18 61 34 44 20 99 71 49 96 91 72 41 8 79 96 71 87 7 67 71 68 67 49 5 38 37 96 28 70 50 90 87 62 23 83 81 21 53 30 68 95 
53 8 54 31 3 24 18 9 90 88 28 9 88 84 46 25 80 73 46 29 62 84 42 36 66 22 56 70 3 75 64 56 82 70 86 36 45 55 96 35 42 75 95 30 59 40 6 90 12 3 70 26 86 11 61 52 32 69 21 35 43 37 90 77 6 27 64 2 82 60 
88 75 34 82 56 44 21 13 33 85 15 2 10 1 12 22 4 44 90 76 30 85 64 19 61 21 97 24 23 30 35 10 5 21 92 60 64 12 25 49 48 39 50 9 91 14 31 46 9 72 22 38 8 85 8 20 6 4 96 28 34 30 89 90 2 80 1 18 44 25 
66 43 16 67 52 6 80 34 52 88 57 25 25 65 9 84 36 66 88 31 45 73 13 34 62 14 65 62 31 60 39 96 3 54 63 54 11 94 39 62 82 95 86 58 11 47 42 47 12 81 77 9 5 89 42 66 55 58 79 85 18 69 33 20 22 47 25 33 40 63 
46 73 57 84 31 68 30 24 14 93 56 42 1 60 83 94 77 37 52 7 21 21 76 5 40 49 51 64 33 43 78 31 15 34 14 97 53 43 20 66 87 27 60 40 86 42 33 14 78 36 73 50 56 48 7 47 48 57 62 33 51 39 63 66 25 76 62 77 70 34 
95 56 60 54 95 98 47 80 63 76 15 35 77 23 34 83 21 82 92 83 14 42 73 76 7 97 3 21 74 72 54 20 79 65 73 26 14 71 5 77 46 71 63 22 93 97 5 66 30 48 100 95 89 72 22 48 21 24 20 46 47 25 65 25 89 89 50 55 59 6 
83 4 77 45 77 21 93 33 86 22 80 85 68 21 9 89 20 81 64 39 26 10 63 42 87 3 30 88 9 40 94 91 43 22 88 19 42 80 52 80 54 83 16 73 3 76 62 74 56 77 64 81 39 26 74 77 81 3 64 89 42 9 32 36 82 19 7 24 50 10 
55 3 92 70 76 47 46 89 20 53 17 84 86 55 61 59 83 93 14 47 34 7 7 65 43 89 35 49 64 84 10 70 39 1 91 66 99 88 54 71 41 22 6 26 29 18 36 11 11 49 57 44 56 16 60 50 56 94 98 71 77 7 40 15 59 30 32 58 18 37 
80 58 59 85 35 87 2 70 97 12 71 6 7 26 21 66 75 28 11 24 98 40 82 37 6 40 18 38 49 35 74 80 44 32 64 78 18 18 100 67 81 70 72 88 47 44 5 21 71 68 96 20 7 77 56 12 68 25 49 69 60 23 48 55 6 12 85 76 81 84 
42 61 5 13 48 51 8 5 23 78 72 18 97 30 94 4 41 61 28 42 29 39 16 77 94 21 40 30 96 20 13 37 80 69 1 80 19 8 36 41 37 59 58 85 88 3 40 80 63 68 21 44 58 36 72 3 57 11 32 4 82 96 93 13 64 93 44 82 53 31 
74 89 89 31 26 76 33 65 8 48 84 28 91 42 64 62 96 72 24 28 75 57 23 67 21 87 12 65 20 64 95 94 4 36 24 81 63 9 46 70 56 29 98 98 22 13 11 18 84 86 97 10 42 19 29 62 5 92 78 25 7 25 18 10 60 93 43 22 53 88 
92 60 68 41 57 42 5 19 11 88 4 7 49 45 25 29 59 82 20 88 58 26 12 27 88 71 71 30 45 24 69 88 83 88 80 92 29 84 10 91 23 66 97 71 62 74 100 72 55 71 60 64 97 71 90 36 94 60 65 90 35 85 77 70 72 8 61 53 91 22 
43 13 39 92 83 1 65 34 72 19 57 31 34 53 54 23 40 99 34 4 88 69 40 16 38 11 23 50 15 13 23 58 25 62 1 59 62 65 45 33 35 53 16 68 57 21 90 96 19 75 99 6 43 38 73 80 100 95 29 15 59 52 24 83 13 24 93 26 40 89 
10 74 41 77 93 97 97 34 92 15 8 42 72 51 31 44 82 83 90 63 49 48 14 72 82 78 47 27 55 38 15 64 11 8 93 55 56 89 88 48 56 47 41 27 97 24 23 31 6 12 93 6 60 6 77 41 35 75 67 41 12 34 56 74 41 48 80 96 37 19 
95 44 65 88 70 62 63 92 44 20 56 36 25 15 41 53 7 27 79 26 67 42 11 22 15 3 22 46 50 10 64 97 53 28 84 22 41 98 66 84 17 73 19 93 87 11 45 45 89 23 70 55 64 32 29 30 34 50 75 84 11 90 80 63 17 15 36 58 12 53 
93 28 25 12 20 11 22 16 8 11 90 29 17 5 61 97 34 94 98 60 77 8 49 8 70 17 22 6 74 33 58 19 12 35 30 83 45 3 98 4 65 87 33 34 91 45 30 76 38 80 87 67 87 87 74 9 4 96 14 29 80 23 47 92 9 28 74 6 31 24 
9 47 10 41 80 53 37 62 80 75 41 67 93 79 5 18 87 8 65 52 89 45 27 35 88 35 63 61 40 45 36 49 43 98 41 75 50 78 36 81 4 28 99 48 58 4 65 45 63 30 48 51 26 74 86 13 9 100 25 100 96 61 100 90 58 41 64 59 70 51 
91 25 30 90 72 88 45 36 32 7 17 79 58 42 5 95 6 65 46 31 64 93 43 64 82 52 56 98 62 77 48 52 1 78 41 24 17 85 11 100 44 28 78 1 21 34 47 79 98 92 61 14 84 3 29 17 6 36 14 67 12 62 18 64 91 59 39 7 95 49 
6 38 28 35 90 1 21 36 79 18 79 39 83 62 93 11 31 98 46 44 64 9 57 81 24 99 91 62 5 38 63 62 27 90 49 17 90 69 52 20 86 31 58 21 44 50 31 26 99 29 70 62 89 78 43 13 77 85 74 33 22 36 95 49 78 43 65 19 11 68 
39 48 50 48 68 46 50 51 71 48 31 40 10 19 70 4 31 46 88 57 30 62 44 24 62 21 18 78 40 80 45 30 80 47 77 47 92 26 49 62 26 79 54 87 50 23 90 80 20 29 88 49 42 32 25 3 52 94 80 43 74 25 72 53 23 1 51 14 26 52 
75 3 82 80 89 31 54 30 63 73 59 50 74 100 81 50 55 85 43 34 79 16 10 51 20 32 3 71 45 80 74 72 83 55 3 71 86 57 1 48 81 11 49 6 62 82 55 16 66 98 50 96 65 59 98 85 43 100 7 39 80 80 62 62 34 65 84 71 73 84 
70 53 94 19 59 8 100 13 23 17 62 72 12 27 83 10 11 77 9 69 15 88 48 77 1 33 93 85 56 65 20 25 69 14 43 79 21 42 92 95 58 5 19 22 31 1 31 93 77 91 61 43 31 60 71 31 45 63 67 100 79 87 24 48 52 19 26 24 60 69 
18 70 74 36 43 56 88 73 49 16 15 61 59 97 21 29 80 17 44 46 68 22 32 91 69 83 9 47 6 21 15 76 42 40 11 84 96 99 8 96 14 22 56 24 19 28 53 98 44 96 95 11 17 27 54 38 61 14 36 67 34 2 42 27 42 4 10 89 2 17 
84 68 91 39 91 61 19 95 58 14 90 4 25 59 30 30 48 91 43 83 9 29 84 2 7 77 57 17 65 59 33 100 78 23 91 68 83 9 63 92 22 4 48 98 14 77 27 61 19 22 43 79 2 79 32 8 55 89 76 72 99 9 71 76 83 61 95 18 21 9 
61 43 13 8 40 26 37 19 39 55 92 33 86 93 11 69 52 18 57 28 89 7 88 11 34 22 72 29 39 92 89 52 86 53 59 78 31 95 96 69 2 39 1 39 83 64 7 86 81 16 13 21 22 52 31 56 74 54 36 64 46 24 15 83 77 74 60 7 20 7 
27 21 97 27 11 79 42 18 65 22 33 29 42 6 81 25 61 54 78 96 17 75 72 84 58 48 57 69 6 76 28 32 49 24 10 59 3 52 28 19 25 12 47 19 18 27 43 78 32 20 26 1 47 97 84 4 96 92 24 1 19 51 32 67 27 41 78 29 44 57 
99 69 69 45 87 38 24 81 67 7 100 92 7 98 40 42 1 35 33 77 35 4 27 18 22 53 11 51 33 54 8 31 74 28 28 12 65 51 92 83 9 44 27 68 41 66 9 94 1 94 70 87 97 96 57 18 1 67 69 85 72 28 68 46 7 95 9 23 97 1 
5 57 44 31 24 84 97 33 29 49 78 98 87 74 46 43 43 98 61 63 82 85 42 49 30 48 95 90 70 43 90 27 100 85 57 23 21 5 7 49 5 84 47 92 9 92 86 4 89 99 18 22 83 60 23 64 59 69 53 81 12 43 7 63 27 15 37 47 20 96 
96 76 31 94 19 92 85 5 95 25 55 64 46 37 75 20 100 34 89 52 14 52 46 20 14 25 34 2 71 5 97 18 33 28 11 51 19 47 7 65 71 61 28 69 97 3 88 48 88 76 100 1 27 97 72 92 21 57 94 92 14 42 61 46 21 24 96 39 70 3 
55 93 15 83 61 12 37 100 59 24 28 10 76 54 7 47 98 27 55 43 70 68 84 31 65 5 54 61 95 75 15 50 67 29 84 79 92 72 79 3 47 6 12 22 11 70 20 8 97 74 50 66 94 86 48 58 42 53 70 36 28 84 37 46 65 20 25 8 43 3 
10 89 60 22 10 70 91 81 30 39 7 79 57 52 16 4 9 57 9 31 45 88 66 81 33 30 53 57 38 95 59 47 84 18 20 45 40 63 26 69 1 84 99 9 35 15 13 43 23 73 25 67 60 91 48 92 20 100 49 9 46 59 8 29 29 27 74 68 41 51 
36 94 34 34 2 20 100 66 62 23 38 87 41 49 29 40 41 48 91 41 9 37 99 16 65 27 94 90 46 35 92 81 28 77 67 29 96 18 47 10 92 84 48 33 33 76 72 25 75 63 65 83 99 15 98 15 42 44 57 39 78 48 20 57 77 38 37 72 55 83 
81 47 19 80 31 51 55 2 27 30 16 91 12 66 5 62 33 98 5 89 37 34 88 8 42 64 97 78 88 3 13 20 49 31 100 31 33 54 33 59 35 100 1 99 66 57 12 98 55 16 38 43 1 25 2 42 41 98 71 28 100 83 99 1 65 98 31 49 4 15 
59 38 15 59 88 32 68 99 81 22 66 18 16 66 94 17 59 86 14 30 65 65 64 64 65 81 61 48 81 64 62 40 54 28 50 41 59 17 92 39 90 57 8 5 75 2 73 33 39 86 14 4 3 30 67 67 62 27 14 42 43 28 81 96 55 83 88 14 99 79 
4 41 88 12 97 62 65 70 46 3 7 60 6 9 41 72 28 2 51 93 43 93 20 76 40 75 58 27 40 8 58 95 100 45 6 97 58 22 66 3 77 24 14 34 33 54 58 60 7 8 52 2 52 72 77 91 98 86 69 89 45 78 83 45 74 41 93 31 62 10 
34 90 33 47 24 65 53 81 76 59 88 28 60 91 51 88 33 100 73 53 88 70 31 22 14 4 62 58 35 76 67 20 65 99 66 40 64 18 20 39 29 59 18 88 49 20 76 81 19 100 34 58 69 16 80 34 19 93 91 5 68 57 24 85 56 42 24 71 59 44 
61 87 54 79 27 3 98 54 83 69 53 68 78 74 83 57 7 54 2 98 58 69 6 34 5 13 75 29 83 85 24 44 24 77 74 50 31 23 55 66 43 7 33 21 32 68 29 39 73 30 88 30 51 45 15 55 58 89 35 40 26 10 35 49 39 8 50 69 31 4 
86 25 62 71 45 94 38 74 84 10 3 71 91 53 15 6 60 24 46 94 64 71 56 50 71 94 58 72 14 40 27 100 64 89 22 9 34 59 34 17 20 36 39 62 41 5 19 100 29 17 45 44 39 52 93 10 45 2 33 11 93 60 62 57 100 83 17 33 93 2 
1 12 37 91 25 29 47 44 80 27 60 25 70 98 76 15 59 73 16 92 35 61 51 96 69 2 78 85 34 70 38 86 33 26 28 57 55 74 52 34 53 63 10 22 13 38 88 71 62 56 14 96 16 16 91 84 17 68 20 2 89 57 87 21 82 66 29 88 92 33 
74 44 95 83 65 59 72 5 82 33 60 95 28 75 63 18 10 79 37 29 81 25 37 19 97 18 85 78 58 76 10 31 19 56 13 35 15 85 91 48 17 50 42 97 76 4 14 85 35 51 65 15 27 1 85 24 71 21 53 28 48 62 58 18 69 22 5 35 58 95 
82 27 45 76 23 72 79 88 57 65 38 73 31 65 74 16 40 96 36 92 23 36 5 32 53 25 5 57 60 15 52 93 41 48 68 15 19 99 2 27 63 92 100 94 8 73 61 47 68 48 90 42 83 46 25 36 70 81 44 81 95 95 74 87 42 41 1 13 39 55 
39 54 46 38 47 53 62 7 51 81 54 40 22 89 37 98 24 58 79 67 39 25 14 12 64 7 4 64 19 95 70 58 48 15 47 46 19 9 4 69 89 9 60 63 97 96 60 72 54 90 39 44 67 4 7 30 10 10 45 81 56 15 90 3 81 36 100 100 44 3 
68 85 12 80 47 8 75 58 80 80 100 70 23 66 73 29 47 34 91 43 14 46 9 3 1 90 91 100 41 34 55 8 18 66 87 16 25 14 74 56 93 73 25 68 90 49 48 88 35 38 30 100 36 39 55 36 28 45 87 68 78 41 27 48 58 66 63 35 31 36 
90 75 60 67 42 49 67 90 88 1 79 18 1 66 56 7 53 35 51 40 54 28 32 80 27 42 97 90 76 27 77 65 2 89 31 95 89 98 36 77 50 67 94 2 32 49 8 85 35 58 76 88 38 7 19 64 100 16 5 75 94 34 40 47 22 22 94 10 71 29 
86 21 47 79 22 79 79 82 63 13 39 90 100 76 48 19 92 48 86 96 22 31 29 13 78 2 87 71 12 57 51 97 29 98 76 3 28 6 84 42 19 22 31 70 50 78 40 41 25 77 88 99 8 69 63 85 70 49 7 81 58 57 30 86 6 57 40 33 62 23 
74 32 45 4 54 46 34 93 86 10 70 25 8 77 93 23 13 15 23 19 95 80 27 76 18 33 32 9 17 46 32 91 77 28 46 30 73 79 75 10 89 44 34 48 72 79 22 36 93 45 54 39 76 32 15 45 16 98 54 33 43 85 75 20 64 20 1 88 51 75 
97 39 18 82 38 41 60 60 76 52 4 81 91 31 13 57 76 80 54 29 64 97 65 38 68 80 10 68 67 60 43 15 50 12 96 87 53 56 98 80 7 53 61 49 84 25 57 59 4 11 39 68 59 55 5 26 86 66 93 52 25 87 66 74 99 61 13 3 68 62 
82 27 15 42 75 50 66 84 60 70 94 98 89 4 4 93 29 89 59 73 92 35 60 9 61 10 69 25 12 89 86 93 15 52 35 41 1 52 24 60 21 69 9 9 72 64 54 52 4 64 25 95 98 36 3 10 45 24 34 56 12 72 100 26 23 34 66 24 86 42 
83 58 10 44 19 82 7 24 85 11 87 9 57 36 96 60 46 40 35 31 47 98 2 47 75 25 32 92 100 69 33 34 79 43 77 49 76 36 72 60 46 58 21 2 45 16 13 42 8 99 73 6 96 26 4 70 50 36 62 1 56 46 35 34 88 63 34 15 98 5 
27 95 14 99 49 59 66 61 100 73 60 24 31 7 50 34 77 51 69 90 52 77 35 38 62 75 52 96 89 2 100 67 96 14 65 44 24 31 57 75 3 68 99 33 74 48 67 2 98 87 91 1 15 26 90 77 100 42 72 40 43 23 7 90 88 71 34 11 1 42 
86 56 9 36 88 34 83 6 36 32 45 26 85 11 3 74 87 2 15 10 42 9 85 48 99 72 18 32 83 71 25 20 26 85 55 65 18 89 23 5 72 19 83 8 29 85 82 16 87 48 77 80 57 61 79 55 33 48 38 67 18 62 38 43 98 44 60 67 32 82 
72 55 100 54 63 28 90 96 95 76 43 24 7 99 84 85 53 68 33 42 34 2 3 71 97 52 66 56 19 49 89 90 4 88 95 18 67 84 13 14 12 55 37 70 6 72 55 58 40 39 100 73 92 54 96 88 6 61 43 76 10 83 17 65 70 11 82 89 46 46 
54 9 100 42 79 5 13 85 15 52 75 66 77 66 71 72 6 76 84 100 3 45 83 19 9 4 81 42 44 27 87 97 87 39 38 17 95 51 1 9 54 27 26 30 45 97 53 50 72 37 1 27 81 83 45 42 87 26 35 30 4 74 79 90 12 16 7 58 18 59 
67 72 86 92 1 82 40 54 31 64 42 31 90 74 66 34 67 4 59 2 33 14 27 11 56 90 79 62 47 96 72 65 19 9 9 20 90 48 25 72 11 66 55 100 39 20 34 6 23 44 59 7 10 85 70 65 74 48 78 72 95 49 37 66 58 45 37 99 92 61 
71 55 78 77 54 68 96 39 25 70 35 83 76 44 19 97 8 44 96 85 16 43 33 52 8 42 48 44 93 39 56 15 45 33 91 99 100 38 37 77 7 23 59 34 66 30 31 73 73 78 57 40 20 42 91 27 35 38 22 27 29 77 41 73 9 83 23 61 20 12 
37 78 34 47 12 100 28 94 24 1 71 33 40 43 26 83 21 60 72 43 39 52 19 31 25 80 14 99 92 33 10 80 63 96 78 74 95 6 19 70 6 41 2 97 83 27 31 4 39 3 46 77 54 16 7 30 47 72 29 38 57 90 69 19 85 47 44 31 52 62 
1 9 2 2 5 37 81 88 40 19 90 37 95 95 4 53 25 51 77 5 40 33 46 9 3 31 55 46 13 6 7 13 66 60 67 22 96 47 9 87 65 98 23 11 93 27 15 69 29 91 25 68 23 70 28 25 100 82 22 65 39 80 77 56 40 95 78 87 93 86 
74 57 36 48 19 80 26 34 48 54 24 72 74 99 41 1 75 93 35 97 57 25 76 85 81 67 80 58 54 72 95 79 81 30 26 51 61 52 84 8 57 8 31 82 58 24 83 32 68 69 80 76 45 56 60 25 74 91 34 79 15 81 57 47 10 83 97 71 86 33 
30 94 92 13 76 49 88 58 80 7 78 60 82 22 67 93 99 40 36 84 19 2 64 27 48 26 61 96 48 46 28 29 40 19 93 15 67 80 24 99 38 53 10 19 26 76 64 76 67 99 12 37 100 75 64 99 52 24 94 51 22 74 32 13 92 24 79 11 56 2 
9 93 6 18 64 31 45 27 59 63 77 70 100 76 96 15 26 48 90 71 50 11 44 81 75 36 57 53 98 12 6 58 56 11 27 19 94 71 45 52 33 21 21 84 48 16 98 25 15 88 96 17 50 39 97 25 26 53 29 23 16 35 32 72 97 58 42 90 28 87 
93 13 59 13 96 59 81 46 83 47 33 30 63 34 69 60 58 46 64 87 21 32 73 52 3 69 10 96 59 89 34 3 1 45 68 49 3 48 94 37 94 78 19 9 11 87 68 21 32 83 7 52 66 79 56 68 99 65 16 57 53 49 12 6 93 79 6 47 26 51 
84 71 28 2 79 38 40 98 10 23 33 16 27 98 46 82 18 45 98 33 53 2 81 16 7 74 94 64 20 71 14 55 42 41 8 72 31 99 22 40 22 6 8 100 3 5 81 72 1 78 4 6 79 37 21 38 62 15 53 33 85 67 40 78 59 47 2 41 98 75 
33 19 80 40 70 34 96 50 6 97 79 61 2 9 49 74 98 10 88 51 95 25 69 34 54 27 32 55 20 29 29 52 99 60 91 68 94 38 69 51 34 99 11 87 8 12 61 57 21 100 59 67 24 27 100 30 6 32 84 25 12 65 76 11 76 18 30 69 55 99 
71 41 97 82 27 56 93 39 65 65 39 23 84 14 50 83 43 55 66 79 31 30 95 6 40 70 75 21 91 29 71 61 69 68 94 48 75 38 86 39 55 24 14 38 90 63 72 32 69 90 62 99 19 56 56 10 78 30 30 20 10 1 80 79 20 26 78 46 15 63 
37 69 39 50 6 28 12 30 11 32 19 73 30 37 80 37 46 57 66 27 76 75 79 8 5 98 85 34 96 99 97 32 68 35 81 25 14 44 54 24 75 24 96 56 60 76 44 57 84 9 36 12 35 14 19 92 64 55 25 59 53 73 90 72 59 22 49 72 17 54 
96 43 78 43 50 89 70 93 98 54 53 33 65 87 98 35 30 61 89 55 71 41 79 12 65 38 33 13 9 49 66 56 43 43 51 92 84 20 84 81 73 36 65 37 75 62 71 4 75 11 10 45 52 89 57 68 78 41 80 38 42 45 94 84 40 96 76 75 15 59 
55 88 95 19 76 21 32 99 24 6 9 86 51 12 74 59 79 3 99 58 40 40 55 85 24 46 80 99 20 95 9 74 34 55 44 61 75 75 59 99 33 68 36 83 79 9 41 58 63 39 67 2 31 73 87 54 18 18 52 37 12 12 62 97 67 5 58 41 32 16 
91 64 35 26 98 14 86 90 23 48 80 41 50 10 14 88 63 31 5 66 20 69 78 81 65 96 38 22 36 69 90 27 84 24 52 33 89 38 22 63 37 1 56 86 63 69 73 77 51 30 95 70 98 24 3 62 19 40 36 54 60 25 32 43 100 36 27 89 25 48 
3 61 100 58 47 62 26 71 39 29 52 33 50 49 56 52 11 26 91 98 79 2 22 63 96 73 98 22 61 22 69 16 82 69 73 80 82 51 3 20 79 54 4 28 55 11 80 17 36 22 14 67 24 87 29 71 59 78 93 72 99 61 87 32 81 59 64 63 9 18 
34 87 71 38 67 77 100 98 93 88 71 6 54 46 92 34 17 51 11 9 22 61 21 8 44 2 18 7 16 27 24 49 65 47 38 31 23 90 80 16 77 51 73 30 96 65 15 12 67 77 20 40 37 41 99 80 94 16 39 9 42 62 9 7 60 99 89 35 88 21 
2 16 71 74 97 66 90 11 30 8 87 1 47 75 93 45 54 86 61 44 46 2 6 7 60 17 57 1 3 44 21 4 11 43 30 7 60 19 17 89 27 55 90 73 29 34 70 34 20 30 78 17 83 35 23 95 3 79 95 6 74 67 9 84 9 38 90 20 9 58 
9 87 64 50 11 44 83 80 78 54 61 7 71 44 41 45 90 43 76 84 48 49 2 9 85 62 98 26 81 58 36 41 44 99 42 7 43 77 86 72 82 47 78 4 42 18 49 31 12 24 66 12 24 19 72 60 32 69 86 64 79 21 5 74 71 98 80 65 26 66 
36 8 64 13 11 57 82 59 39 94 34 4 57 10 74 28 69 5 48 6 68 26 78 24 100 49 22 31 13 99 96 1 6 11 13 17 19 95 27 57 40 13 12 96 22 85 75 42 41 22 100 9 100 77 84 51 77 5 81 42 4 29 42 61 91 6 77 10 100 56 
66 91 68 30 38 41 66 12 34 7 34 33 67 85 62 50 35 90 7 15 31 10 95 24 22 86 30 51 95 81 6 12 72 25 41 9 17 7 21 50 13 6 35 79 42 48 80 76 37 86 42 68 47 89 91 69 74 20 19 68 53 76 31 24 100 72 84 16 30 56 
17 94 13 3 24 54 50 3 81 87 89 23 6 35 11 96 55 36 68 73 55 20 48 85 95 99 8 78 14 89 86 83 82 98 85 57 52 35 60 32 73 100 6 78 86 68 73 41 3 92 65 9 63 65 94 9 63 53 87 29 42 72 11 75 21 95 32 72 81 43 
56 53 94 61 30 79 81 55 71 35 98 88 44 61 52 89 69 14 41 7 42 34 30 52 61 51 99 92 74 31 86 29 84 31 42 65 9 22 71 32 56 69 19 51 81 70 39 1 35 32 8 77 17 89 80 77 91 78 68 65 9 5 93 44 35 34 8 96 7 31 
79 15 99 97 65 79 18 56 31 52 87 90 80 3 79 60 80 69 89 99 85 97 56 78 40 90 63 100 37 22 30 15 36 80 63 100 10 32 7 40 36 93 30 15 48 8 74 27 28 15 77 13 11 32 42 3 74 56 54 10 77 35 25 64 14 39 16 75 71 22 
14 6 15 43 72 62 2 98 40 82 12 68 46 22 100 87 76 73 94 29 34 23 15 10 86 80 49 1 54 71 23 68 76 89 62 47 2 64 44 93 97 55 60 42 29 59 80 4 83 73 85 69 47 51 78 33 31 78 85 84 48 59 51 75 47 65 22 100 28 17 
92 76 24 52 17 52 62 96 7 97 20 43 65 67 94 94 51 76 72 35 59 71 94 62 46 92 26 67 92 5 35 83 80 58 86 96 61 100 43 68 48 14 62 12 32 7 57 82 82 80 69 41 51 62 54 96 53 79 14 96 83 100 31 62 58 16 9 70 67 3 
89 14 68 51 77 100 57 34 33 91 65 1 83 15 14 36 62 19 14 27 14 96 79 44 9 88 12 69 57 78 23 46 44 90 48 20 41 4 5 26 46 70 26 28 36 40 63 50 10 28 28 23 75 6 67 83 93 30 3 50 59 77 47 2 19 94 74 59 49 78 
36 95 99 62 22 87 53 37 88 62 64 15 36 39 73 54 73 65 83 28 66 94 4 12 47 22 57 20 33 6 50 68 100 100 81 73 86 85 61 73 98 25 40 34 15 12 87 87 28 22 14 46 15 70 9 61 91 66 33 23 71 34 91 22 33 23 46 71 8 7 
43 5 83 34 90 49 45 77 87 25 50 1 70 16 70 78 28 12 43 12 35 65 45 77 86 78 99 84 48 6 42 42 63 24 76 52 24 72 80 10 96 29 62 65 96 83 43 24 95 37 35 29 2 32 57 39 9 55 22 8 13 63 49 75 38 76 26 61 48 58 
71 95 38 84 60 34 67 54 9 61 42 95 41 43 26 97 34 34 3 55 41 15 70 42 41 59 17 19 20 16 76 42 63 13 25 74 98 91 27 6 3 20 1 43 63 78 91 48 12 94 2 4 60 23 97 53 82 66 71 53 81 98 46 43 62 22 16 12 13 94 
17 67 14 69 10 28 47 100 75 10 45 28 13 5 51 62 57 84 27 79 36 7 28 81 2 89 2 69 100 66 15 69 33 28 89 94 7 35 45 33 44 90 12 9 46 62 70 2 97 96 32 32 54 59 64 7 99 18 76 99 35 90 19 67 69 7 12 27 42 57 
11 37 46 22 97 91 36 18 44 32 65 27 16 71 85 79 77 83 96 4 33 31 45 3 49 65 10 13 91 3 69 1 91 66 75 40 8 10 57 3 41 74 29 56 44 13 87 72 47 34 28 32 16 72 34 65 89 43 77 31 97 97 84 88 62 58 27 21 67 35 
23 59 8 51 15 3 15 1 75 61 86 54 44 2 77 78 66 65 72 94 96 69 42 79 8 55 88 34 75 54 20 97 12 28 47 78 30 61 30 56 73 16 9 17 17 86 94 34 2 17 79 97 85 20 27 44 74 66 77 48 71 49 96 83 76 42 12 57 54 94 
65 26 9 73 42 77 10 35 62 12 4 40 60 88 11 39 32 84 4 60 83 75 8 30 9 35 71 72 44 24 65 8 49 25 32 43 1 94 29 62 57 32 53 16 72 63 6 3 98 62 14 32 88 74 61 96 60 31 19 3 6 84 62 7 8 94 49 61 87 77 
22 43 9 75 10 80 89 68 34 87 29 99 18 16 72 79 63 84 9 33 86 67 16 48 73 76 93 21 36 31 97 9 73 5 35 34 36 24 1 69 10 81 68 27 48 91 5 10 26 66 43 64 32 10 63 4 85 55 76 72 85 72 81 9 29 67 42 64 90 95 
85 99 75 4 78 23 94 34 84 20 99 78 35 82 40 97 37 76 51 12 48 35 36 80 95 64 46 36 27 88 82 63 86 57 66 15 31 60 49 66 31 99 44 65 81 83 61 69 10 63 81 57 49 16 88 43 31 86 30 9 73 12 72 10 20 37 25 2 48 73 
67 30 23 62 46 3 96 58 24 6 20 56 14 68 23 2 62 53 87 92 61 59 55 32 20 74 21 44 27 68 68 93 50 91 7 95 45 2 53 68 7 72 23 73 92 45 74 53 49 12 44 10 22 50 93 41 23 65 37 49 33 4 94 82 94 100 76 91 53 80 
58 60 52 33 32 43 29 57 47 78 68 43 39 41 92 83 81 15 48 17 15 80 73 60 13 66 11 40 8 64 20 18 75 23 50 58 17 30 14 63 59 33 5 97 73 97 80 5 63 79 74 29 10 46 89 22 63 51 13 71 14 84 88 88 6 89 45 22 18 10 
37 77 94 41 25 66 37 56 23 51 34 96 80 43 93 20 16 55 70 29 25 36 64 64 75 70 52 72 43 22 81 79 98 75 72 74 92 60 30 66 11 15 61 42 58 5 61 73 60 82 53 36 69 69 100 44 38 3 15 32 24 47 63 73 73 34 47 17 93 28 
82 55 42 95 96 99 99 8 24 58 42 28 94 10 96 45 53 85 47 19 69 71 66 31 43 38 64 41 54 8 68 88 63 10 82 10 60 80 18 35 90 59 15 35 68 10 79 73 47 77 91 15 47 8 45 42 98 60 82 51 19 50 90 33 11 71 43 70 51 12 
57 92 22 71 26 41 32 56 13 78 32 56 92 79 63 88 72 12 99 53 15 18 54 4 50 64 75 44 86 77 55 42 68 76 64 93 17 95 48 81 73 79 36 16 9 51 56 32 62 54 85 76 71 90 80 21 54 6 64 91 82 71 84 49 46 47 93 62 93 92 
95 17 70 30 33 31 32 88 62 94 41 98 21 64 88 52 36 93 57 51 35 38 21 70 38 19 16 30 32 60 21 26 77 43 56 9 25 87 48 38 32 40 36 53 3 75 56 90 19 13 41 53 50 13 22 88 31 89 69 63 48 90 88 24 84 95 84 8 34 31 
45 65 23 32 69 77 6 25 67 24 37 7 28 38 19 49 77 2 89 98 64 37 87 51 12 22 46 96 29 31 78 25 95 100 9 16 29 66 40 95 90 28 53 69 17 23 70 94 24 58 43 87 46 29 90 58 2 87 5 82 17 82 58 63 34 66 78 14 32 69 
8 73 96 12 41 65 34 10 10 10 20 52 96 65 32 37 74 33 75 78 14 43 12 71 6 97 37 35 10 20 4 17 92 51 28 84 15 13 94 24 22 65 75 70 29 6 58 55 38 33 32 3 75 43 74 32 91 62 67 100 81 70 68 24 20 47 7 35 60 52 
58 33 16 85 2 97 90 60 51 80 44 34 82 70 29 7 2 19 68 68 71 100 89 38 23 8 37 82 94 96 33 4 80 1 88 82 97 29 93 99 8 88 32 42 57 12 48 58 31 68 77 1 67 65 90 42 25 26 23 70 73 7 73 53 7 12 86 55 41 30 
5 100 17 37 41 73 48 89 83 30 56 11 82 22 28 72 15 52 97 89 21 70 96 46 74 54 57 59 9 49 88 13 49 56 1 89 28 1 77 62 30 84 73 12 58 100 35 72 3 31 61 75 52 8 72 25 61 29 35 21 29 74 34 77 29 86 18 9 86 46 
22 68 30 94 31 87 45 65 10 99 95 22 74 99 29 45 75 42 25 10 62 54 83 47 82 64 85 99 72 70 45 93 89 26 39 19 12 35 83 73 34 30 95 59 28 75 55 2 68 32 11 82 37 46 28 18 9 64 69 32 34 13 76 74 90 14 93 1 49 75 
25 34 4 19 92 83 46 98 85 13 29 47 94 65 44 74 83 4 37 3 35 22 15 11 96 4 76 40 56 76 14 80 9 70 51 52 4 48 50 88 60 78 87 6 95 30 31 29 86 19 31 72 41 97 34 88 100 10 27 7 85 92 38 46 13 40 97 17 87 98 
56 99 28 94 4 22 76 86 50 61 4 32 32 96 28 66 83 79 27 61 85 11 5 74 8 69 14 57 37 52 54 93 50 33 86 5 6 61 90 7 73 46 38 5 41 65 22 76 43 48 88 79 10 44 5 18 13 70 26 49 21 79 93 71 64 31 27 69 43 69 
76 16 14 13 72 54 78 93 81 72 92 69 51 1 64 7 70 76 76 95 77 96 26 69 18 89 99 45 9 42 13 84 57 78 97 28 83 26 72 64 97 63 84 99 15 47 57 85 75 32 31 51 28 8 19 45 96 70 41 57 11 5 40 19 82 88 98 65 13 69 
80 62 83 15 12 97 13 69 33 87 100 64 37 79 71 8 76 19 77 16 75 39 73 66 57 54 54 6 70 18 26 1 31 8 15 43 56 28 63 41 66 14 4 55 93 26 14 20 96 90 35 22 80 7 88 88 13 93 93 34 10 18 35 41 77 1 35 84 28 49 
24 46 62 79 100 6 5 13 25 52 54 12 26 33 70 65 72 34 57 64 68 18 33 2 10 9 2 96 92 82 44 16 79 58 94 78 63 50 42 40 54 47 51 79 31 20 95 2 54 3 65 73 20 97 74 82 57 27 77 100 60 73 67 38 30 13 67 44 14 60 
83 67 6 85 97 36 5 91 37 10 93 53 82 65 1 7 98 57 85 74 9 45 98 75 34 79 87 53 23 1 12 57 19 18 42 16 53 98 58 42 59 3 94 92 19 95 98 16 51 34 41 11 30 91 86 64 69 24 68 43 76 79 100 95 96 93 62 1 90 71 
42 48 25 35 91 43 29 88 58 32 73 51 94 3 41 79 18 9 55 85 52 30 15 3 24 63 95 37 63 84 8 56 83 32 90 73 27 71 12 36 54 84 86 47 38 78 78 7 87 32 91 90 13 58 92 89 20 38 25 82 21 84 89 55 68 30 79 94 100 90 
29 5 25 67 4 15 44 33 21 82 16 64 23 28 21 66 16 40 3 41 73 75 76 61 81 43 90 59 88 42 100 69 98 25 35 1 91 30 85 11 64 100 26 86 28 46 4 95 37 6 87 61 33 63 21 13 57 63 24 45 4 23 13 1 99 99 54 89 28 90 
52 91 90 77 29 69 75 32 15 63 89 2 24 73 16 44 38 72 6 61 68 61 83 80 14 34 78 19 22 58 8 25 100 49 54 28 69 28 11 84 90 52 37 65 24 4 9 61 75 66 21 95 79 56 26 92 89 56 62 62 13 21 87 12 70 40 92 90 19 2 
25 60 5 61 25 29 16 85 89 43 2 62 37 80 69 62 23 57 17 84 70 81 57 56 45 26 47 36 67 17 89 92 29 94 4 53 22 20 89 62 62 90 75 50 22 43 11 96 51 80 32 21 60 88 28 4 65 27 91 31 43 80 22 23 25 78 27 98 49 15 
59 62 57 86 11 30 28 73 25 79 52 56 51 64 43 78 19 7 4 10 38 99 41 11 73 65 40 100 62 88 66 72 49 22 57 59 51 37 32 76 67 35 83 17 98 26 46 17 84 50 78 21 100 18 84 72 34 23 23 47 63 89 18 11 10 27 22 13 15 5 
40 81 39 22 49 89 47 94 57 31 95 34 3 94 3 38 18 36 13 40 82 75 28 51 37 90 29 10 2 43 14 93 23 5 14 71 93 13 17 49 43 11 34 97 57 36 87 74 23 99 65 56 25 45 58 61 34 87 23 87 29 36 79 4 40 44 74 84 56 90 
32 50 53 65 47 9 52 85 82 26 83 98 81 7 42 39 19 75 25 41 13 5 29 43 8 20 87 34 4 42 75 87 92 27 4 90 35 55 74 68 81 56 66 13 14 7 3 84 34 27 77 46 84 57 89 91 76 75 24 79 16 51 66 59 77 69 48 12 75 73 
79 7 28 96 20 93 3 22 29 36 1 57 33 36 13 21 26 88 47 2 19 15 52 36 73 80 56 73 91 30 45 22 89 25 17 60 69 71 81 97 6 33 53 91 68 65 11 46 5 10 99 75 24 2 10 48 81 17 72 24 46 17 97 86 93 65 45 61 36 78 
10 93 62 62 83 30 79 46 27 35 7 77 9 82 78 18 29 10 34 1 85 31 69 33 69 61 98 13 21 85 42 30 29 4 44 64 85 74 9 11 8 67 87 16 48 16 85 76 77 70 28 14 52 96 46 72 8 43 85 81 79 26 10 8 29 5 71 65 30 31 
75 37 97 13 4 44 80 40 71 57 61 51 70 65 46 67 36 6 62 20 86 40 98 47 47 78 52 69 43 81 99 69 70 47 34 25 42 13 65 13 21 25 15 42 41 12 9 77 17 70 48 2 9 45 49 8 75 52 76 69 84 27 37 53 25 70 78 67 35 94 
31 55 70 45 97 11 56 57 87 73 26 34 26 86 31 74 45 57 25 73 25 61 51 13 13 75 35 42 41 69 35 71 75 57 67 23 67 75 79 53 47 56 38 24 94 68 98 38 76 74 10 100 34 60 13 99 35 47 40 27 67 27 50 41 83 16 16 1 90 94 
5 88 50 42 12 43 62 61 32 37 86 42 37 72 53 1 22 39 99 61 66 17 39 67 9 73 82 24 73 24 18 77 63 19 71 26 13 32 86 44 20 24 37 8 95 42 60 16 32 58 28 49 26 19 15 35 43 49 58 16 72 27 44 86 45 14 12 9 97 49 
53 69 72 41 76 18 34 36 85 66 45 65 14 71 35 29 57 77 29 14 44 52 41 88 37 37 53 48 46 2 49 50 70 72 42 45 42 76 32 26 41 29 42 6 99 28 86 7 5 14 20 48 65 12 87 2 49 40 1 94 41 49 95 62 21 36 6 62 11 90 
39 3 18 33 9 68 60 46 74 16 60 45 64 24 57 50 77 57 41 78 2 33 78 96 94 50 31 52 63 94 41 54 96 58 86 56 77 97 2 2 13 13 46 28 36 2 77 65 10 70 94 11 2 71 6 96 73 37 47 35 82 39 40 29 96 77 37 24 74 38 
25 38 2 70 65 89 24 93 53 33 62 46 44 64 69 1 11 41 89 9 27 70 47 67 99 94 43 35 17 16 24 41 53 25 62 69 65 37 62 18 22 23 15 17 38 83 17 48 23 6 8 2 27 54 68 25 47 10 11 15 78 34 7 82 10 21 51 75 57 12 
44 78 34 58 46 24 41 63 23 15 20 31 16 46 84 35 23 83 45 85 97 74 19 56 55 80 76 57 6 32 68 49 62 54 59 7 29 51 21 51 17 92 81 85 90 17 19 64 51 15 48 99 40 18 54 95 98 29 3 55 61 71 56 74 76 14 32 4 16 5 
54 32 96 87 68 37 55 87 100 5 53 48 3 93 65 57 39 14 85 41 69 97 63 24 22 38 89 54 41 4 58 47 87 5 85 55 42 39 93 41 43 45 40 97 89 5 53 27 18 90 68 38 38 30 13 60 20 1 65 12 56 74 58 95 78 94 1 71 32 93 
64 26 89 3 23 78 59 27 4 29 68 23 18 6 53 31 17 72 83 33 35 91 6 93 85 35 86 37 58 70 29 21 95 69 75 17 46 86 96 2 66 63 76 83 20 80 13 36 3 48 68 38 38 25 30 74 60 67 10 17 88 38 89 83 58 15 51 56 100 46 
57 65 61 84 100 80 64 12 16 66 59 35 3 48 60 84 21 71 3 30 39 90 19 79 24 77 93 75 32 45 72 40 61 32 23 60 12 38 24 79 4 34 65 6 82 24 42 2 46 44 84 36 33 2 66 57 30 11 83 13 55 54 4 67 38 27 27 49 16 50 
79 19 35 43 77 16 19 18 70 64 61 53 52 45 6 17 53 88 27 87 100 33 41 4 100 78 82 78 78 97 79 56 16 13 98 44 29 16 61 50 32 73 54 83 69 59 51 22 46 30 8 98 62 100 1 13 29 82 90 6 30 68 13 45 33 63 40 61 78 100 
62 61 24 15 43 93 25 46 66 23 75 25 20 88 77 20 1 5 53 90 63 82 10 27 79 42 89 18 54 67 70 15 27 93 81 22 37 5 19 2 79 93 79 98 80 55 69 80 59 73 22 73 7 31 100 85 24 88 54 77 6 75 43 85 20 23 58 56 79 76 
10 58 68 88 7 99 42 76 79 52 48 52 25 6 34 24 90 57 63 96 85 21 22 79 5 41 1 62 49 31 37 58 40 4 45 47 2 38 22 32 89 21 35 13 27 68 88 68 76 3 15 12 23 89 90 27 29 42 88 77 73 76 86 12 79 30 58 32 67 31 
16 8 4 2 20 82 70 60 49 97 62 16 9 84 4 98 10 84 40 49 61 64 24 98 75 54 80 85 37 98 15 4 5 70 6 25 51 75 84 100 23 97 67 31 80 70 81 89 53 20 37 65 83 12 15 9 65 94 93 1 91 60 5 96 29 10 72 32 36 55 
83 58 51 49 41 82 70 21 70 22 92 58 39 26 69 53 86 85 46 79 85 88 90 41 83 70 2 54 1 37 60 83 47 62 83 39 43 52 11 64 74 2 73 64 79 93 68 64 77 65 94 14 52 83 6 87 5 8 40 57 96 52 40 94 65 22 32 8 74 42 
23 99 95 96 14 73 88 81 37 17 97 82 82 100 17 87 86 21 94 78 77 42 29 68 35 93 42 19 52 67 60 75 17 7 22 30 31 61 62 19 29 10 1 10 9 17 97 95 37 42 72 65 83 52 33 18 96 26 36 48 92 47 74 8 53 47 89 36 7 2 
54 36 11 54 97 19 70 93 13 58 35 36 23 69 87 7 38 83 84 73 82 75 72 55 34 76 53 22 11 59 23 65 46 33 18 43 3 40 87 16 97 73 51 71 42 90 29 79 72 12 4 5 86 75 59 71 2 11 92 13 21 66 29 19 50 46 13 53 37 99 
20 86 24 22 56 17 63 85 95 34 48 50 90 86 76 48 56 78 10 100 42 83 17 70 1 67 67 65 71 4 63 42 89 38 15 96 54 78 32 1 63 80 50 53 65 78 52 20 55 14 71 48 96 88 17 48 6 83 12 76 38 26 69 78 64 83 74 17 12 5 
17 75 36 19 27 100 96 30 72 2 43 42 1 38 29 17 85 34 51 48 61 41 74 81 18 37 64 91 5 27 48 22 1 83 92 79 35 39 9 6 92 3 99 92 41 28 60 77 13 62 25 26 2 50 6 20 86 21 62 90 48 61 63 100 44 6 79 30 44 39 
35 87 41 85 30 33 64 89 62 77 51 38 54 4 87 59 75 24 80 37 65 79 49 28 78 92 85 8 73 81 46 7 67 39 44 97 71 7 37 84 35 39 21 88 43 7 47 17 82 78 5 47 8 54 26 85 97 10 93 70 42 90 28 9 80 71 57 3 78 93 
86 12 32 7 52 74 65 50 42 99 27 47 45 86 52 22 70 48 31 14 17 25 56 45 33 35 67 41 37 44 33 23 8 16 81 59 41 97 60 83 95 86 81 91 71 32 12 92 31 95 58 48 19 13 44 3 47 10 43 36 6 75 10 65 91 42 75 83 38 34 
65 85 71 97 27 93 28 39 36 59 85 93 58 3 5 53 5 52 62 47 87 19 73 48 35 15 89 61 98 26 94 14 62 16 11 89 60 38 79 96 48 63 88 5 65 93 57 21 96 71 19 82 41 91 81 28 58 69 88 55 46 34 20 8 1 30 48 61 20 26 
56 19 88 43 24 52 35 32 24 30 54 42 63 47 32 43 74 41 11 13 47 57 46 67 16 99 48 63 59 67 88 14 86 75 56 61 78 43 44 53 72 50 94 87 96 25 81 21 18 92 33 64 100 31 30 67 29 78 29 39 96 68 52 33 94 59 93 23 1 89 
75 25 38 68 63 85 44 43 5 61 86 89 25 37 71 6 3 51 83 83 89 31 50 92 63 95 51 56 17 3 96 91 27 33 10 89 69 6 32 25 66 69 13 42 6 84 48 8 86 82 91 75 12 92 66 75 87 68 82 55 71 77 98 97 61 7 38 29 64 21 
53 30 89 17 23 94 52 22 54 38 4 96 64 67 87 81 41 25 49 74 32 19 2 29 67 62 87 4 42 51 76 46 32 17 15 54 10 66 76 15 55 31 10 18 97 97 99 90 73 47 63 4 17 65 32 83 78 71 39 72 21 66 17 4 82 83 57 44 49 84 
58 55 14 68 73 63 16 23 52 88 21 66 44 89 82 27 71 60 97 61 83 69 27 99 24 60 34 81 3 82 16 61 88 82 80 60 96 95 34 47 34 6 64 77 94 46 56 17 57 52 29 39 73 55 89 96 67 22 28 69 55 96 81 43 77 60 54 24 54 88 
70 88 45 85 16 39 30 71 7 86 75 35 24 99 42 13 46 8 34 26 76 89 21 57 83 49 16 36 72 22 75 93 61 20 77 28 10 7 99 16 44 25 50 68 75 91 32 20 98 17 45 26 57 65 34 39 65 1 75 36 74 49 80 34 20 57 62 29 15 12 
44 58 88 46 77 62 36 8 81 86 77 78 63 33 94 48 24 59 100 98 46 74 98 26 7 70 82 20 98 96 83 94 53 70 39 30 31 26 89 64 63 65 41 77 50 34 24 73 44 24 22 90 49 71 15 7 40 48 27 90 43 9 83 47 79 73 28 61 50 17 
24 65 33 64 41 82 50 17 6 93 92 27 82 40 98 48 46 37 95 24 78 37 33 60 36 63 84 63 23 86 31 99 50 16 62 42 97 63 10 3 56 1 81 89 92 78 37 90 67 31 65 44 20 49 56 55 11 91 69 86 76 100 84 25 15 97 67 63 12 76 
17 67 29 98 7 72 27 43 13 45 26 78 89 97 26 96 51 89 86 71 26 62 70 61 38 36 57 56 51 20 84 67 86 12 16 45 35 43 39 48 87 64 25 27 60 2 74 62 42 60 33 67 73 54 27 62 42 36 18 92 55 1 10 93 64 26 89 98 20 27 
97 58 91 21 37 2 75 10 16 16 69 100 35 93 5 61 55 46 48 24 89 55 24 99 99 39 76 87 36 95 13 33 4 55 5 40 57 31 50 24 99 70 23 33 63 27 45 69 25 93 92 13 99 67 11 97 5 38 83 40 32 95 24 88 50 81 27 58 11 76 
81 9 46 55 41 60 33 38 28 57 30 71 22 80 37 84 76 41 22 58 32 5 52 8 92 53 88 19 10 98 94 42 59 91 96 51 2 81 88 81 37 17 51 10 96 39 94 23 31 15 80 63 19 84 70 63 36 9 81 98 58 26 91 16 69 39 67 70 19 54 
51 7 23 53 17 70 92 10 93 22 76 72 36 46 7 57 8 95 17 88 92 75 66 82 90 34 72 8 3 90 62 5 97 84 58 65 5 1 26 97 74 1 21 62 46 27 18 54 73 35 93 64 61 58 98 50 91 69 58 46 11 71 50 59 6 59 23 10 11 48 
7 85 100 79 98 45 57 67 50 30 1 95 45 13 52 94 63 95 15 72 92 25 94 93 83 99 4 57 8 14 4 66 50 3 96 47 99 53 14 1 82 66 95 26 79 98 20 93 92 86 16 83 10 9 28 44 7 31 100 66 44 3 84 46 57 79 92 7 31 57 
7 64 23 1 42 53 99 13 45 42 98 60 77 7 20 4 50 78 34 1 43 29 55 78 74 11 57 66 17 39 22 76 55 96 76 96 48 26 8 44 68 5 55 44 63 74 99 64 51 32 64 46 60 18 23 86 80 79 51 48 70 24 23 24 72 51 19 19 28 78 
15 95 34 69 90 96 43 40 59 45 71 74 90 83 91 13 68 22 43 70 69 12 45 44 87 16 94 57 35 21 34 49 68 19 69 9 14 11 49 24 56 71 97 97 5 39 9 24 12 52 93 81 15 38 76 54 53 21 10 39 41 96 39 60 14 8 69 80 70 69 
55 77 39 52 74 96 42 34 19 6 85 12 38 52 1 13 57 5 33 18 96 25 65 86 85 79 93 5 10 15 25 64 43 15 67 68 10 61 2 29 66 38 92 3 41 44 15 97 48 99 15 95 23 79 81 7 9 25 63 70 39 87 34 34 2 52 1 11 12 2 
91 29 92 82 31 32 25 97 29 25 95 43 19 18 73 99 76 82 76 39 51 14 77 36 99 78 88 100 89 51 53 79 80 44 13 62 76 89 59 4 13 5 98 84 74 22 34 2 55 9 40 58 75 16 93 73 46 32 24 86 83 77 16 14 72 28 75 47 69 85 
2 81 42 51 16 15 73 50 16 27 10 7 84 84 75 29 9 20 60 32 57 94 60 72 7 32 100 82 30 68 18 32 100 59 34 68 74 58 69 41 85 78 100 20 14 26 100 22 45 60 53 53 5 13 24 12 96 75 45 25 94 62 8 46 21 94 13 46 51 81 
38 87 10 37 7 23 62 58 44 58 69 49 10 74 13 86 85 8 60 81 84 54 42 92 99 14 85 11 11 35 43 1 74 52 37 32 75 51 89 70 60 58 18 22 31 30 7 67 37 66 47 21 71 40 64 69 6 100 31 68 86 73 68 59 77 57 90 3 59 79 
72 18 36 90 91 18 19 97 84 8 15 82 80 85 73 43 6 78 42 88 98 27 61 65 86 89 21 27 91 31 5 62 1 92 3 91 9 22 40 44 81 54 25 60 90 50 2 47 27 95 35 76 73 47 41 10 35 13 37 77 44 93 90 44 85 93 86 45 66 25 
89 46 30 65 5 72 14 58 18 93 4 4 68 76 50 60 38 36 73 74 12 68 66 2 63 2 94 48 47 11 73 87 56 2 3 12 25 69 21 43 13 24 46 32 51 48 92 88 83 16 61 47 35 79 48 97 80 93 44 78 3 68 64 10 70 67 21 94 35 41 
88 47 16 86 78 66 33 21 54 67 36 66 13 70 96 12 18 76 56 62 53 10 29 69 19 50 87 91 96 21 31 83 19 46 20 48 12 52 69 17 71 56 34 83 78 30 47 95 5 2 8 9 64 37 29 82 38 15 73 33 87 55 68 57 53 87 5 16 91 25 
32 13 32 65 95 61 94 93 8 50 47 15 11 10 3 91 91 41 6 15 25 44 22 44 1 74 83 57 89 73 33 72 37 64 36 31 77 82 76 84 83 22 98 45 31 53 36 73 45 93 40 69 36 61 13 36 34 95 44 74 19 76 45 55 92 80 37 68 13 64 
51 48 85 100 44 15 4 79 40 48 71 79 69 59 39 81 94 24 27 38 97 97 65 41 3 56 72 91 23 37 55 25 36 91 77 79 6 80 58 97 28 80 75 96 38 65 28 84 88 6 73 36 54 89 28 56 45 51 98 67 87 4 44 74 95 20 53 52 99 10 
48 78 41 22 25 31 38 52 66 77 9 90 12 62 78 91 69 22 41 19 41 80 22 84 53 16 3 5 67 53 66 14 31 59 87 55 89 24 59 6 52 19 95 63 81 72 5 1 46 46 19 86 77 41 69 29 56 23 86 75 75 3 88 57 61 27 12 1 2 22 
6 54 40 100 68 72 24 73 73 69 70 43 6 46 35 26 26 43 48 63 17 74 66 56 31 78 82 94 79 36 67 84 89 6 36 56 78 11 80 2 31 1 96 36 98 31 13 24 73 60 38 41 85 3 96 67 81 30 60 11 65 26 46 5 84 33 12 13 43 92 
14 25 44 61 12 42 43 24 17 15 35 54 7 20 9 55 86 41 84 98 3 100 23 48 4 6 81 15 18 75 58 83 52 54 96 63 95 38 87 63 5 21 16 11 40 76 65 78 16 100 75 18 99 49 18 54 55 50 21 24 76 78 59 27 83 54 90 77 43 76 
39 47 48 7 58 40 82 74 17 50 74 91 19 24 39 88 78 45 37 98 21 13 27 79 91 10 84 80 38 26 7 29 25 55 35 34 94 68 7 10 69 32 52 40 8 42 27 85 87 16 34 7 80 60 37 70 21 72 50 11 49 8 39 73 62 25 58 55 92 17 
16 13 100 19 52 7 61 30 91 99 97 24 5 76 36 93 46 8 16 47 18 64 54 56 89 68 80 98 22 24 14 90 36 14 8 39 20 20 20 63 18 17 38 22 44 73 66 41 33 33 87 50 49 93 58 89 60 37 86 33 12 100 74 99 65 82 37 36 1 9 
98 19 25 36 92 20 60 10 61 44 42 99 94 42 91 51 30 2 39 16 35 51 67 60 49 31 93 38 18 46 46 16 16 22 3 59 41 14 68 53 58 62 52 3 3 42 53 85 44 91 100 30 93 18 89 94 100 82 31 17 79 28 84 94 1 86 52 93 52 72 
46 9 33 97 11 87 38 15 71 33 57 22 14 50 39 55 43 38 88 25 55 66 4 38 59 4 76 10 96 27 81 41 87 65 37 97 4 27 11 74 59 19 48 25 68 38 79 62 76 66 86 82 31 41 71 89 44 46 50 40 24 31 32 10 47 69 58 50 47 68 
76 57 39 23 81 6 60 59 20 87 24 57 68 6 98 91 94 41 36 96 32 60 26 64 21 72 84 79 74 30 98 49 86 36 23 67 94 34 77 13 21 1 69 40 6 66 30 52 59 18 47 90 77 24 5 49 47 88 27 20 17 25 20 55 60 42 21 5 28 49 
17 48 49 86 39 7 3 69 10 13 86 8 3 14 31 7 62 29 47 89 1 63 65 20 69 76 14 89 81 41 38 49 40 38 34 78 96 89 46 57 1 83 64 55 96 46 14 10 27 60 50 27 74 66 98 43 41 63 83 73 55 72 22 94 62 7 72 57 95 69 
66 48 4 29 54 99 27 67 60 53 26 9 31 100 74 28 42 67 91 76 39 45 48 12 91 9 19 14 17 65 82 82 64 37 11 18 88 89 84 47 41 10 8 71 61 33 50 54 99 40 29 90 37 28 1 79 36 71 92 5 36 25 86 99 62 48 16 49 36 100 
95 76 61 54 98 73 87 48 26 85 39 6 74 27 34 27 5 21 97 96 25 32 21 11 83 34 10 98 82 46 49 28 73 61 82 23 33 68 70 10 4 60 16 30 87 1 56 43 73 4 39 98 88 11 60 70 96 21 19 77 66 68 56 91 80 37 13 13 56 34 
22 60 93 89 89 31 41 44 74 14 99 64 63 86 26 22 55 21 42 74 49 60 93 4 50 72 41 14 36 96 47 58 7 91 98 95 74 39 90 47 52 89 62 14 74 39 87 81 11 80 54 59 39 98 14 40 21 6 5 57 54 51 66 60 94 63 55 67 1 96 
65 4 84 26 17 10 16 55 90 26 35 95 36 25 92 49 17 12 7 21 20 60 24 85 19 17 48 25 83 100 21 47 4 56 24 72 65 39 27 6 16 61 100 3 37 43 3 53 7 9 26 26 68 49 63 87 65 10 11 99 61 83 45 64 39 68 88 55 58 14 
61 73 26 12 27 62 7 29 67 13 38 44 90 5 92 52 43 8 13 6 6 26 88 2 41 26 69 28 33 78 41 93 2 18 56 28 32 62 56 98 74 45 41 16 2 84 19 44 91 84 1 48 9 89 49 49 66 69 77 98 46 69 42 47 87 98 26 70 59 81 
19 85 78 59 100 79 94 18 74 36 53 75 83 61 15 83 10 80 51 38 78 48 58 71 94 96 68 71 65 27 3 83 11 80 93 62 10 38 31 84 73 84 10 7 44 24 89 5 55 91 94 84 38 4 55 83 99 22 53 16 100 56 50 62 87 43 75 97 32 6 
32 5 41 93 11 36 16 52 93 22 42 38 6 32 41 60 14 92 33 19 59 85 26 8 98 12 2 73 60 34 30 91 38 70 83 100 57 50 51 49 72 45 87 29 76 79 40 41 70 24 11 28 8 36 36 58 100 89 30 59 22 59 2 11 80 36 11 36 38 13 
37 61 57 23 89 32 1 28 25 23 3 35 50 11 23 37 68 22 26 49 32 99 59 85 10 90 21 20 25 58 32 61 18 89 35 58 72 88 37 48 10 39 83 11 1 57 100 20 30 25 68 61 23 78 98 84 67 18 3 92 27 87 4 44 27 91 1 50 78 37 
98 39 27 32 49 28 88 48 47 17 24 15 29 99 92 26 82 11 95 37 54 21 23 57 64 1 99 16 50 28 4 47 66 83 78 67 10 17 66 56 33 90 22 14 40 66 39 21 76 34 9 29 6 31 37 22 31 88 89 33 15 93 79 81 75 9 99 36 25 64 
91 58 5 65 23 96 30 13 69 57 98 77 37 4 60 73 25 42 60 13 74 27 57 53 59 83 61 57 18 37 72 61 94 29 25 68 24 6 81 92 62 78 69 50 81 28 22 5 21 34 70 95 60 26 99 18 9 11 26 26 47 97 86 93 25 62 60 49 67 40 
92 80 18 60 29 98 39 3 55 60 88 24 6 99 49 4 68 9 14 93 87 60 41 24 4 18 86 64 18 4 3 9 36 20 21 16 70 59 70 76 70 57 99 75 7 99 30 74 60 95 18 46 7 59 69 10 76 6 73 93 10 28 53 97 99 73 12 68 84 82 
95 53 38 45 80 45 44 61 70 3 56 88 100 62 98 68 71 73 74 96 17 35 23 69 31 21 42 42 41 77 23 35 81 13 80 60 9 75 73 78 29 28 17 28 41 14 95 63 38 20 58 54 54 32 75 84 53 68 78 45 44 100 31 24 64 62 36 24 88 8 
2 16 87 70 95 27 84 42 89 21 61 99 27 15 30 1 50 34 20 27 78 63 79 61 38 94 74 73 18 62 32 71 29 70 40 24 96 75 65 37 96 25 35 74 91 64 26 93 98 45 71 27 7 1 39 96 95 13 21 64 26 4 34 54 74 73 29 69 48 93 
5 95 70 39 68 12 55 93 56 52 37 27 30 95 27 69 42 73 33 62 36 58 66 69 63 39 94 92 59 93 36 16 87 57 6 6 69 60 50 24 63 86 2 45 32 81 65 25 5 97 87 41 54 4 61 68 94 54 59 52 98 95 19 84 51 25 41 71 36 90 
47 51 27 100 95 10 80 59 35 85 7 21 77 60 76 37 79 69 43 38 72 40 84 91 76 86 67 16 57 54 6 55 4 32 54 50 42 34 8 76 70 66 48 46 77 23 34 56 43 76 93 14 16 28 56 43 13 22 58 21 28 15 75 31 99 81 81 40 66 40 
67 35 6 66 32 82 88 65 89 82 41 81 95 8 60 51 2 73 24 59 93 51 74 20 34 72 100 66 63 65 57 81 51 14 46 82 48 85 98 36 66 38 69 12 97 28 14 98 100 90 9 45 40 34 16 25 57 67 90 71 83 47 51 33 60 48 66 59 32 63 
95 49 53 63 60 1 90 26 51 42 15 59 86 6 44 1 31 100 67 72 70 49 70 72 33 82 19 98 40 2 12 34 50 64 48 61 17 38 38 67 79 52 77 16 58 20 68 40 19 86 11 40 86 33 63 18 14 81 67 53 82 30 87 83 46 86 95 62 23 33 
28 53 36 4 68 45 23 87 84 93 72 47 84 57 79 46 26 92 78 92 96 11 74 34 45 19 20 39 80 42 23 59 47 59 62 14 55 36 1 39 80 24 37 15 81 67 12 6 58 89 50 53 51 75 39 95 93 58 85 72 99 60 82 97 18 43 63 24 30 63 
62 61 38 50 75 18 16 86 76 25 26 77 30 76 51 68 22 95 25 6 18 75 65 99 72 34 41 34 58 22 48 71 82 37 73 8 55 88 45 82 65 70 10 94 97 12 13 18 6 37 75 23 63 92 73 86 77 13 71 86 86 70 9 19 7 81 26 13 20 70 
94 84 39 55 29 87 66 41 56 23 29 30 97 44 73 69 29 50 33 52 87 18 21 95 36 27 75 13 39 47 82 84 30 72 38 11 58 55 3 65 29 32 46 25 27 19 45 7 20 29 58 6 46 79 53 33 57 27 97 96 25 78 31 7 1 21 17 58 27 19 
74 56 2 20 32 28 38 29 87 9 57 44 66 55 74 18 39 31 97 36 78 21 13 8 27 14 80 43 23 7 14 97 14 15 16 45 95 5 73 33 65 30 76 30 36 2 48 74 84 44 9 61 64 74 20 91 39 52 85 61 58 98 9 71 65 76 67 11 32 40 
43 96 21 70 26 56 23 73 81 6 16 90 18 31 63 38 73 1 89 58 13 98 7 74 68 23 1 86 33 33 77 27 80 97 49 5 4 71 29 85 77 96 26 46 27 88 83 99 40 23 8 4 72 15 29 91 37 30 77 22 62 53 100 41 2 48 98 57 71 26 
41 99 22 18 44 100 5 79 50 96 53 58 52 25 24 80 15 60 9 43 33 22 96 33 15 49 32 12 5 54 89 98 52 10 15 96 61 72 26 11 67 78 20 70 54 43 50 69 2 58 63 87 32 10 71 46 58 2 57 63 8 45 60 59 7 74 6 19 97 31 
29 64 61 100 85 14 42 34 34 96 44 97 82 75 6 52 20 16 5 28 78 12 24 89 23 82 14 28 1 11 11 81 26 71 81 10 84 22 44 70 69 87 66 50 13 23 53 32 38 58 11 15 21 34 55 43 68 69 23 20 79 33 100 4 55 32 13 90 6 8 
59 74 94 76 76 58 99 28 89 36 37 51 3 58 37 57 100 4 77 22 23 55 6 74 10 60 58 75 2 15 82 60 40 28 36 15 85 34 43 26 21 79 76 75 88 64 84 88 67 60 61 41 67 67 15 76 78 72 2 79 38 84 91 77 63 26 92 47 11 86 
24 83 16 52 58 4 15 41 43 82 52 3 22 18 21 88 46 51 11 47 81 48 82 71 25 44 48 68 43 10 53 18 93 68 69 2 71 84 94 13 17 45 68 90 15 40 78 12 90 40 58 71 88 92 93 64 87 41 31 29 2 83 47 46 2 67 47 25 2 40 
89 18 37 56 60 3 48 37 14 37 28 71 59 15 14 4 30 1 96 60 29 97 94 27 43 96 46 41 72 47 33 60 65 69 68 24 23 15 12 36 3 39 58 14 6 72 17 87 72 12 47 52 60 92 31 54 87 76 95 58 22 27 70 38 47 37 13 69 51 76 
4 5 67 13 18 72 84 34 10 7 97 56 11 9 48 41 62 86 68 56 96 41 34 65 79 80 53 91 48 3 67 3 7 33 16 25 56 51 10 65 58 59 73 68 67 72 60 28 9 27 36 4 67 69 20 97 49 72 40 48 26 58 3 85 42 70 9 97 20 70 
13 29 80 37 96 46 8 7 26 17 33 61 72 52 81 44 100 81 15 39 29 41 96 83 25 37 52 85 85 23 6 98 52 86 86 99 83 94 6 8 62 90 20 85 41 1 28 41 81 95 31 61 87 27 95 63 15 46 99 100 21 4 49 72 41 34 22 24 79 27 
83 92 17 3 77 9 55 4 1 35 50 32 48 36 58 42 98 72 40 96 23 60 52 71 83 92 57 4 67 35 83 50 27 99 4 55 59 58 10 60 92 60 91 39 95 100 33 45 23 72 40 98 83 43 68 65 35 24 20 53 11 2 2 89 100 5 43 59 62 52 
70 6 11 12 96 58 11 28 2 85 51 41 82 33 84 2 97 70 25 69 22 87 70 76 75 22 32 17 80 94 69 1 51 31 12 98 88 74 26 89 58 76 82 92 61 17 93 9 38 69 77 59 56 47 86 82 68 18 99 99 63 19 99 13 49 62 10 89 35 87 
77 92 15 10 35 75 78 27 35 15 96 12 74 3 58 11 84 77 28 82 27 42 52 25 6 53 38 16 41 72 54 69 15 20 31 50 46 8 76 81 23 23 44 48 25 1 58 61 29 38 94 55 79 46 31 85 98 68 52 90 39 5 10 5 77 40 54 22 48 82 
54 70 4 97 17 81 49 26 41 77 63 34 83 42 31 13 78 80 32 29 69 22 85 79 27 61 18 32 35 17 13 40 86 69 37 54 1 37 80 41 14 94 26 48 87 57 13 64 36 44 92 57 66 29 87 44 89 4 75 75 21 88 15 58 8 3 64 8 39 43 
100 4 88 25 52 75 33 16 90 21 59 34 29 76 62 15 19 2 18 94 77 90 33 43 100 92 45 63 99 35 57 98 39 44 74 42 70 59 57 60 79 67 93 7 43 54 73 13 7 90 6 83 32 90 77 83 33 73 45 31 8 1 80 98 96 6 39 66 64 47 
77 94 13 21 52 55 26 24 68 32 65 25 67 96 67 43 30 99 16 74 82 23 26 61 72 22 66 10 39 81 56 15 74 68 35 25 75 60 48 42 43 65 18 9 60 84 52 42 35 67 15 16 41 41 76 64 14 94 73 52 74 80 66 100 99 52 76 73 63 76 
66 5 40 84 14 51 19 17 92 53 35 7 68 27 99 96 90 12 41 62 63 66 93 80 65 91 83 93 64 97 68 81 53 7 16 66 9 87 34 1 39 68 59 59 94 9 6 83 20 46 96 34 11 88 65 28 31 47 20 46 95 87 26 47 45 94 65 53 80 98 
5 70 66 15 28 59 23 85 94 42 30 89 27 41 29 91 20 59 89 39 56 83 25 81 82 21 74 46 25 5 43 30 75 8 44 2 19 67 39 64 60 68 4 87 60 32 77 79 42 18 17 97 52 93 30 33 13 55 78 38 60 73 19 34 32 62 87 50 80 25 
65 40 93 69 26 4 52 54 83 94 23 51 42 75 44 23 7 8 78 37 45 37 9 15 22 40 77 8 42 56 85 6 47 29 74 24 32 26 30 66 71 52 17 64 26 60 87 85 19 64 73 16 52 81 30 73 72 58 32 13 66 68 71 12 96 96 36 80 21 65 
45 43 68 61 7 46 72 93 82 91 8 54 6 59 86 87 83 57 45 66 22 10 34 44 21 29 39 8 8 60 24 5 54 92 65 60 37 89 52 18 31 11 23 88 69 8 74 3 16 70 69 37 79 2 80 52 82 19 59 42 30 83 46 83 26 62 95 14 50 98 
31 32 9 5 19 77 12 45 80 27 14 48 16 93 1 47 44 82 17 54 23 46 88 68 81 13 82 75 26 31 72 8 15 80 12 33 9 75 29 88 2 43 87 69 87 87 15 82 20 32 87 43 29 75 62 61 87 43 35 65 26 59 72 92 90 36 76 98 10 5 
37 63 99 75 31 85 61 98 18 33 81 4 27 9 30 88 22 17 83 56 33 60 66 56 51 56 43 26 53 53 30 42 67 80 16 50 64 29 47 33 61 79 89 87 39 18 26 60 86 8 68 18 19 33 74 69 88 16 95 93 20 76 34 39 56 1 88 71 29 86 
56 89 64 44 27 54 61 53 14 47 12 81 64 31 13 89 99 53 57 45 97 28 73 82 66 80 82 5 50 11 90 57 99 5 100 78 59 61 30 24 7 41 4 22 23 68 63 74 72 71 70 68 98 42 49 16 21 83 20 23 93 62 79 43 18 31 20 28 91 1 
51 49 42 6 22 16 74 84 89 97 54 59 17 4 52 17 71 25 99 42 47 91 55 77 86 73 7 5 100 49 6 3 97 99 8 19 14 33 54 55 30 60 13 46 15 64 62 37 88 61 78 86 3 33 15 88 57 73 45 8 22 2 10 70 52 70 40 17 2 46 
71 83 5 35 28 71 99 42 7 38 54 84 76 56 68 90 96 76 62 92 36 35 45 97 5 96 66 96 12 20 41 35 2 45 69 82 67 19 23 73 57 76 9 32 83 28 73 78 4 34 21 91 69 65 87 25 60 5 20 24 24 61 58 25 57 26 6 76 45 80 
48 53 55 56 36 38 36 8 67 91 93 88 81 13 52 67 37 64 71 9 87 94 21 96 71 29 21 28 4 17 8 52 21 14 59 56 51 46 15 70 36 8 57 16 20 60 35 9 23 5 17 61 51 89 56 73 17 77 100 21 45 59 24 18 73 34 73 75 80 88 
44 67 47 52 83 66 12 17 74 86 73 42 47 75 30 2 99 47 30 99 19 75 9 94 92 81 79 16 8 10 55 51 77 1 3 11 19 66 79 92 51 3 86 97 78 15 99 76 13 80 26 83 54 87 28 97 67 59 65 74 68 71 77 96 24 31 6 42 96 36 
85 98 39 70 95 68 37 45 95 1 24 73 84 30 59 63 78 25 21 94 51 41 65 79 36 88 9 94 81 4 81 65 1 19 87 47 38 75 43 33 75 19 5 10 100 63 73 77 39 45 71 41 85 87 19 73 26 27 66 6 82 46 22 35 17 8 33 6 34 76 
38 9 46 94 18 45 8 42 21 47 87 43 87 71 29 58 43 54 36 60 11 18 58 33 4 26 92 36 31 26 11 21 86 56 14 55 52 22 97 73 20 83 67 58 5 96 15 100 1 51 11 64 20 20 48 23 45 39 58 76 16 21 48 53 28 61 8 80 34 4 
52 53 38 70 11 94 65 77 45 18 79 56 33 98 75 80 20 20 70 30 47 38 50 46 90 29 6 97 8 92 52 11 44 41 81 6 35 97 83 79 66 61 86 98 11 61 77 30 32 47 11 30 84 60 75 73 89 32 22 48 23 25 59 67 66 39 24 52 87 6 
82 53 19 68 50 29 80 27 10 11 73 21 92 8 32 66 32 20 49 5 20 72 30 78 90 95 68 13 98 54 19 79 6 89 46 8 17 77 34 78 87 58 98 30 65 30 95 48 1 44 53 20 67 82 49 56 28 16 68 25 22 38 3 79 26 1 86 94 77 19 
72 16 28 21 45 44 2 92 92 55 87 96 26 53 77 75 60 56 42 27 80 15 17 34 94 94 86 79 88 63 50 11 30 29 31 26 73 85 17 16 39 55 11 64 59 87 90 18 94 84 97 73 98 13 58 43 6 44 74 45 58 75 55 39 3 38 64 75 22 81 
90 60 87 52 75 46 90 17 63 83 100 59 55 49 23 65 44 29 8 17 73 17 91 80 55 93 17 18 20 38 50 61 49 37 13 23 82 2 91 96 85 90 55 91 91 29 55 34 57 14 50 82 82 92 13 36 36 29 6 55 18 7 68 66 43 80 40 76 81 31 
72 17 72 78 60 62 6 66 47 15 32 48 48 13 39 60 1 75 40 6 81 57 12 48 74 7 27 13 82 60 43 5 28 15 82 87 28 40 5 75 54 36 22 53 48 13 12 100 39 3 5 19 59 69 67 84 27 45 96 60 56 91 65 36 57 98 74 84 89 78 
10 42 65 84 46 13 96 9 64 34 11 69 52 21 89 70 4 67 67 100 26 74 42 42 61 98 40 35 33 80 64 43 22 29 26 19 93 73 28 56 6 38 76 9 59 64 31 14 30 49 65 8 22 6 49 35 3 40 69 36 20 84 30 93 12 55 11 4 79 38 
12 84 28 87 44 38 3 74 51 84 74 16 91 48 21 92 82 76 31 2 11 50 85 40 94 97 46 5 52 76 94 63 59 73 50 54 10 52 80 13 35 53 80 78 100 52 69 81 79 99 82 89 1 67 80 94 15 77 50 66 52 96 29 62 68 30 68 30 33 47 
94 19 99 73 96 51 76 16 31 55 67 65 95 67 83 27 12 97 55 14 62 59 9 42 72 76 23 39 57 55 37 50 74 36 74 21 86 50 37 68 56 3 32 2 21 14 28 32 62 35 45 76 93 53 17 64 81 92 55 37 46 91 87 71 78 12 92 15 13 80 
83 68 82 66 70 2 32 49 85 93 83 30 68 27 34 37 43 66 28 97 3 25 87 41 96 17 52 39 31 65 18 13 84 51 31 5 52 62 6 88 6 88 17 74 67 3 62 9 68 41 57 22 65 95 62 12 11 66 2 42 82 71 6 65 21 36 70 24 49 27 
12 55 66 80 80 32 82 41 92 2 81 48 23 97 43 37 9 53 2 62 94 83 33 52 99 53 39 20 77 88 46 40 42 12 19 21 43 53 13 35 54 93 34 76 89 76 12 49 29 13 11 74 47 43 25 46 47 64 17 75 3 63 14 44 74 85 16 68 37 80 
54 90 72 88 65 12 63 29 61 43 93 23 69 92 17 93 89 63 8 5 38 62 67 3 57 92 87 72 12 23 3 17 64 74 56 81 38 71 9 50 13 53 72 81 44 88 26 32 50 85 37 39 47 55 42 3 99 80 27 10 3 29 78 66 55 34 98 92 4 6 
93 68 59 64 1 54 51 26 86 52 62 74 43 60 28 84 15 78 63 93 87 17 73 17 35 27 50 32 70 5 90 62 72 100 77 72 53 79 49 90 31 11 63 73 22 43 8 36 20 22 28 59 39 1 75 25 79 24 56 1 28 45 14 99 96 91 23 49 21 71 
38 3 33 53 27 55 95 34 90 14 56 18 72 46 70 46 70 100 21 77 100 100 74 66 51 69 8 73 69 28 43 59 31 76 11 57 30 57 91 71 70 98 40 94 95 61 91 16 61 12 44 12 11 17 77 61 38 84 85 6 12 80 16 42 55 26 50 36 82 92 
58 4 89 98 97 35 58 87 2 18 50 46 82 61 62 58 73 99 42 58 57 5 37 72 98 43 50 47 30 83 39 87 86 79 84 34 66 94 73 67 63 22 12 44 34 74 2 7 24 95 16 32 51 4 56 48 98 57 94 27 39 84 65 77 63 1 62 80 94 34 
46 56 56 58 52 89 83 53 47 58 99 14 90 49 17 97 96 14 53 41 92 43 77 57 19 39 57 81 18 2 66 15 9 21 72 60 62 6 12 8 64 62 74 5 10 90 1 57 56 5 50 99 47 26 7 18 16 15 50 85 16 15 99 25 36 71 84 49 76 48 
8 91 9 81 95 71 23 47 79 30 3 28 28 50 53 87 19 68 1 68 52 17 82 51 93 69 73 28 69 100 75 77 91 36 57 37 58 31 36 36 60 38 64 40 87 68 26 57 88 26 24 91 94 58 93 38 26 65 66 47 17 92 23 59 79 31 47 36 62 82 
24 21 20 87 12 58 6 37 15 93 15 90 84 60 47 76 98 25 93 15 71 61 6 45 19 85 75 17 72 36 99 95 9 70 33 72 27 91 61 93 83 75 35 18 86 81 46 35 57 90 1 79 50 7 23 20 43 98 36 66 85 86 61 45 55 45 17 34 35 77 
78 70 3 12 39 40 45 84 75 53 25 75 32 26 33 54 97 27 3 33 93 40 70 5 84 25 1 52 10 36 80 87 5 82 51 95 22 47 79 48 99 55 74 30 81 7 36 77 85 38 61 29 77 31 33 13 7 86 64 68 21 96 54 77 77 56 71 50 2 1 
49 1 8 23 82 88 81 17 16 65 7 77 94 35 59 78 99 17 63 63 84 35 58 89 63 86 45 86 88 98 38 36 98 45 58 32 84 38 48 100 55 54 28 48 41 38 25 39 54 40 53 37 74 62 25 89 48 21 74 87 19 11 22 68 56 32 99 39 69 47 
90 23 52 69 22 44 6 99 83 59 38 35 47 63 49 24 51 48 44 76 34 14 87 55 82 94 38 80 84 7 78 74 81 82 42 55 25 100 53 59 10 42 46 57 56 94 32 7 41 27 34 74 41 20 80 74 65 18 5 49 76 83 74 8 16 67 62 92 66 66 
3 76 7 48 84 63 41 15 21 33 41 54 58 33 26 89 6 90 6 11 38 33 45 63 41 60 30 54 3 47 20 5 22 26 4 57 88 96 23 60 28 64 14 85 96 39 74 2 80 31 64 70 64 8 32 56 19 61 9 21 60 28 78 81 6 81 90 45 77 12 
5 4 27 70 41 75 60 66 28 39 48 91 8 63 98 40 18 16 52 79 88 11 58 65 44 15 46 85 60 74 96 16 77 23 85 69 97 44 86 76 82 34 66 42 96 63 81 66 30 84 44 17 47 53 34 90 68 31 26 27 4 21 94 32 95 78 1 43 73 86 
18 54 71 83 47 19 97 27 84 78 63 79 47 9 31 80 50 50 62 75 28 65 47 21 96 94 98 48 36 70 86 6 76 56 40 22 74 37 1 57 66 15 87 12 23 70 43 24 19 4 50 47 20 96 67 16 89 17 15 77 38 100 82 65 56 21 87 81 9 39 
90 27 53 76 90 27 45 33 2 64 88 51 62 8 98 28 75 39 96 89 67 34 41 48 98 96 20 36 28 81 26 17 7 30 93 96 56 89 80 9 52 20 59 13 27 9 93 53 99 88 93 65 21 33 12 71 80 83 6 8 15 84 76 73 13 68 69 69 57 100 
77 60 19 88 25 97 48 17 49 46 56 94 10 29 78 73 99 58 7 56 17 22 39 92 94 52 12 14 72 20 14 100 31 84 39 55 81 86 23 81 31 79 26 92 59 4 64 57 13 71 64 29 92 55 72 37 58 35 51 29 6 16 80 37 51 19 91 31 56 66 
64 39 96 89 30 54 92 94 62 4 16 25 84 59 31 8 95 88 94 97 16 100 12 48 36 63 66 78 45 73 43 8 11 38 49 41 91 40 86 4 96 1 81 79 59 11 38 5 99 32 2 66 31 65 13 18 79 30 95 24 3 90 83 13 27 31 5 70 23 90 
73 18 42 53 48 52 16 38 57 14 69 10 31 51 26 96 68 5 25 14 80 79 3 14 44 82 97 48 51 19 90 75 88 83 80 35 35 95 72 43 60 92 52 90 94 29 37 13 33 14 27 12 92 81 78 87 62 74 87 64 92 28 91 31 10 70 17 44 16 41 
38 75 32 41 16 26 70 53 38 2 18 16 66 61 97 43 48 10 68 86 26 11 13 16 41 22 85 57 18 100 49 55 26 33 96 41 10 65 45 99 18 62 15 35 23 63 29 22 24 96 7 49 58 71 64 98 92 48 7 61 99 55 16 24 39 63 17 48 79 13 
47 48 27 13 83 1 75 63 22 98 11 80 47 68 50 62 66 93 62 24 54 60 30 21 36 69 83 4 16 13 16 14 60 42 26 94 42 52 57 15 50 67 46 48 34 95 61 51 40 22 26 93 34 8 65 69 76 99 72 43 11 39 57 22 81 34 16 74 86 24 
41 87 42 86 86 27 33 46 30 24 68 55 16 1 62 32 21 89 30 44 84 40 82 92 61 14 25 28 40 62 3 80 48 44 17 33 23 49 31 52 72 98 58 39 50 20 22 22 60 51 65 43 90 46 34 3 12 59 82 51 20 85 30 20 80 98 4 2 99 34 
5 22 83 63 61 32 34 82 53 93 85 69 36 26 67 21 28 78 31 62 28 3 98 9 22 77 6 25 31 4 59 35 78 41 97 38 25 30 71 29 75 55 98 10 33 64 30 60 93 13 73 72 15 70 32 36 99 37 12 29 93 22 15 70 15 12 59 39 93 81 
19 67 88 16 28 20 31 10 31 75 22 4 46 88 25 77 75 23 66 86 3 10 8 18 31 74 81 41 12 25 21 30 44 60 98 71 31 80 32 62 7 5 17 52 92 93 81 66 68 46 52 70 7 11 39 37 84 71 77 47 48 49 28 91 61 77 13 91 9 45 
4 15 49 72 66 93 65 46 58 32 43 9 1 49 71 92 85 6 14 13 4 61 14 32 3 74 60 16 64 68 12 20 82 12 91 100 4 55 97 14 38 40 22 39 40 45 82 77 50 95 89 54 8 2 37 10 27 96 77 43 16 40 62 49 4 4 48 59 59 97 
72 96 88 46 86 27 90 19 3 91 66 44 96 73 97 84 34 24 80 63 66 47 54 79 95 57 82 43 16 92 91 87 40 78 32 25 4 73 96 7 16 61 2 11 85 98 95 70 21 26 84 38 72 38 16 66 94 50 60 61 41 50 48 80 27 31 57 83 56 4 
41 71 16 42 33 100 39 27 21 12 4 5 49 75 42 17 93 87 66 4 48 58 54 47 38 32 29 46 66 84 49 6 6 64 99 39 15 38 17 35 1 21 91 1 95 84 17 39 23 34 43 70 92 48 68 81 31 96 26 97 32 26 54 37 89 53 27 55 42 44 
41 42 16 32 42 62 67 11 1 89 44 95 10 35 42 77 15 24 73 92 20 56 17 26 92 57 30 71 11 71 66 52 64 81 35 57 42 1 67 94 42 63 88 51 49 29 28 16 5 52 7 24 7 76 1 50 32 30 20 95 100 85 46 15 17 32 72 59 84 90 
52 25 52 92 76 53 72 55 68 76 6 26 52 64 1 52 13 85 82 85 79 33 21 76 48 38 7 71 48 90 12 99 15 16 42 42 68 14 48 87 89 5 12 40 68 65 92 32 49 25 16 79 57 37 54 56 26 60 78 73 1 90 23 15 5 65 8 24 78 55 
10 66 59 73 6 78 37 49 10 85 73 77 63 81 65 68 89 90 27 66 62 28 7 85 94 63 49 54 38 78 8 47 43 19 20 48 48 8 48 9 93 20 86 7 53 2 75 41 44 53 58 5 32 17 41 26 31 41 79 69 18 38 67 13 8 38 12 56 46 60 
16 90 31 1 96 83 55 22 75 98 27 33 54 58 1 95 83 31 87 13 51 57 3 18 69 10 55 80 17 52 39 33 41 70 85 89 52 39 62 79 36 88 63 90 46 63 36 80 45 74 93 96 30 47 65 98 56 71 78 73 23 68 5 63 37 41 3 41 80 65 
19 67 52 81 8 49 95 43 29 39 69 73 86 98 19 50 96 26 21 25 98 95 92 54 57 81 95 12 73 26 76 91 92 79 23 100 28 69 94 56 7 62 80 45 60 98 46 7 75 66 31 73 12 74 78 69 6 24 80 78 49 7 20 41 85 42 40 12 10 85 
19 69 47 50 65 6 99 10 64 74 28 46 98 39 19 75 59 77 51 90 54 99 96 74 91 81 67 82 44 77 67 15 97 13 64 61 70 15 22 33 88 49 78 85 40 48 11 98 24 61 88 78 12 83 3 2 15 69 84 11 97 2 25 45 14 40 5 35 6 79 
67 93 27 44 29 66 43 92 16 67 4 3 96 15 37 98 17 52 66 52 62 63 53 38 7 18 29 64 52 35 94 70 79 72 13 8 90 7 51 5 73 54 7 68 69 43 17 37 46 83 40 59 97 92 96 55 61 77 18 12 63 11 33 41 35 45 100 24 3 2 
28 76 56 34 95 24 28 12 12 74 46 51 32 42 94 80 96 54 8 66 17 70 28 49 62 62 45 14 85 47 15 12 74 70 97 21 45 77 84 56 2 29 58 85 70 51 16 17 56 23 82 24 44 62 24 58 23 20 23 60 19 37 23 92 59 72 64 55 100 47 
63 1 75 20 85 96 23 53 13 30 75 46 54 71 59 29 28 34 49 50 93 67 38 67 10 48 38 74 55 37 20 17 89 47 88 26 42 62 78 6 92 4 52 97 74 62 25 53 95 73 54 87 91 92 6 1 91 95 74 45 32 45 13 72 91 53 97 85 14 74 
90 57 30 93 53 3 55 30 56 49 54 61 88 45 4 93 97 95 87 70 91 70 66 4 94 57 8 90 93 21 16 82 78 45 75 82 99 81 63 54 81 69 15 68 13 70 12 61 64 51 82 7 72 47 10 65 55 69 7 47 89 22 81 18 66 7 52 64 87 66 
70 67 34 36 87 98 5 50 58 21 100 39 27 24 86 88 88 92 56 94 39 96 67 19 14 84 25 17 48 63 82 69 29 16 56 67 13 12 17 71 84 68 9 10 91 46 97 79 38 4 24 28 100 91 98 65 74 74 81 73 36 62 93 16 29 100 35 42 12 51 
64 95 18 24 57 61 70 5 91 59 9 14 38 60 56 35 24 82 60 56 54 95 69 99 62 98 98 96 91 61 98 54 56 68 29 12 28 50 68 18 60 76 83 97 87 39 83 10 20 42 65 25 88 34 23 50 83 21 97 73 81 95 78 88 62 6 51 89 8 19 
58 67 46 40 64 33 78 46 42 97 40 59 22 27 44 96 76 26 16 73 50 49 19 27 36 80 84 87 20 91 5 77 10 50 16 73 82 46 70 76 94 9 34 67 36 29 63 63 54 78 87 3 26 5 81 14 36 64 100 7 7 56 83 16 5 51 40 39 48 61 
66 41 22 51 8 57 79 70 71 84 99 58 86 77 62 66 90 50 81 89 56 39 44 39 6 100 41 45 90 88 58 7 80 79 57 87 87 87 8 57 70 59 14 55 35 28 72 24 77 5 64 32 95 59 22 1 10 62 97 100 1 54 58 81 84 15 19 70 1 79 
27 71 37 40 77 71 19 1 46 95 57 61 27 51 19 48 51 28 62 48 79 14 53 37 46 37 3 65 6 55 95 84 25 31 76 54 53 94 6 50 89 62 10 67 12 80 66 15 7 79 14 38 93 66 26 38 54 80 54 60 34 100 95 11 30 70 16 34 64 21 
83 4 82 44 70 93 23 87 7 82 66 20 71 10 38 96 47 91 75 53 2 60 52 97 70 34 66 85 67 81 5 2 84 38 97 5 31 20 92 89 1 9 61 71 18 50 18 16 40 44 68 94 3 72 42 25 5 59 61 23 40 66 76 75 55 73 32 37 92 23 
78 44 83 38 14 52 87 83 67 78 26 87 23 80 58 64 4 14 23 65 88 62 82 16 88 36 40 19 73 83 93 50 26 75 39 91 26 77 73 45 6 50 31 29 29 40 92 33 5 14 49 92 27 30 59 15 17 98 85 41 80 78 90 5 4 80 47 30 8 71 
26 14 20 56 42 49 47 33 81 51 99 81 94 25 10 53 91 26 2 76 67 82 53 8 38 56 40 37 37 47 7 62 60 27 69 1 27 15 86 59 17 84 39 11 8 48 15 51 25 16 26 43 49 78 3 87 85 42 23 74 88 81 87 100 7 8 52 33 22 37 
91 91 20 81 1 80 28 15 30 5 82 55 47 31 84 49 69 20 90 43 93 30 23 32 29 82 39 80 66 12 69 9 2 88 89 2 67 17 68 48 21 2 2 19 32 37 68 52 57 9 94 1 38 16 32 18 49 70 50 15 34 18 23 35 5 63 37 24 79 56 
71 51 57 25 22 40 13 89 91 69 49 36 22 87 4 5 56 52 27 5 18 60 74 92 94 31 55 82 54 85 38 76 88 46 52 9 38 65 49 80 85 97 16 58 35 19 63 91 22 89 47 40 48 21 31 41 51 85 23 56 22 12 83 9 9 87 17 46 51 65 
78 87 61 93 45 48 63 7 38 36 95 84 75 94 56 58 34 6 94 8 13 15 19 96 23 80 82 91 25 84 55 2 22 68 46 66 15 60 24 4 96 70 39 22 63 95 79 49 52 25 56 65 39 27 60 14 6 93 4 82 28 11 36 49 78 81 15 44 41 90 
47 88 12 37 9 74 31 88 74 83 12 30 99 2 56 10 15 13 2 19 94 29 29 29 77 58 62 43 53 54 85 99 41 96 87 49 69 18 36 95 52 99 24 50 1 31 11 67 95 12 85 88 92 65 69 20 74 30 15 26 83 99 76 23 94 63 71 14 80 59 
60 83 9 83 84 61 65 94 28 59 57 64 99 48 29 67 19 2 96 33 28 30 83 3 4 28 17 26 94 96 84 53 30 45 36 13 5 52 6 32 63 62 96 61 61 76 27 80 29 74 64 8 55 47 63 58 74 79 83 67 27 19 20 56 15 7 69 19 10 74 
3 72 88 98 32 48 25 10 27 53 35 91 13 41 89 75 50 62 53 85 81 79 3 52 35 69 10 55 87 19 28 89 43 67 38 74 15 14 36 93 67 22 83 31 15 71 5 64 85 57 48 17 88 2 68 22 70 77 76 57 47 55 97 89 22 87 15 88 100 2 
80 18 23 15 48 89 37 52 53 21 61 52 37 48 54 56 21 23 32 48 31 79 54 80 19 27 66 33 14 17 34 94 35 9 8 82 97 96 86 49 17 46 1 5 45 6 61 65 28 44 64 11 22 17 42 41 44 7 25 57 23 59 2 57 67 61 91 63 57 28 
64 25 25 64 29 69 21 89 85 48 85 48 10 6 64 51 98 59 9 23 68 32 81 69 40 99 82 82 61 90 9 24 14 33 39 42 53 59 83 37 59 67 36 20 24 52 71 74 10 31 48 77 14 80 98 54 78 31 87 90 20 48 66 33 32 4 26 85 15 60 
21 25 78 57 44 54 60 66 27 69 49 74 98 62 5 95 15 82 25 54 71 96 1 88 28 32 92 5 68 58 65 41 34 42 49 29 95 8 47 73 76 95 98 73 56 2 19 23 83 95 76 6 90 28 93 69 11 36 74 79 45 38 19 78 31 67 59 78 74 5 
50 1 99 48 26 54 1 96 76 36 91 51 41 32 78 85 1 89 73 26 19 69 15 37 47 45 55 5 74 80 9 76 32 7 75 57 12 75 5 88 10 47 38 2 78 68 39 30 8 11 55 26 79 21 14 77 18 20 33 91 51 93 66 82 51 40 91 63 15 95 
50 76 41 39 78 70 58 16 100 65 78 6 42 8 27 7 85 44 78 17 86 28 62 52 62 12 43 52 74 9 98 75 85 90 66 14 59 23 81 10 40 58 68 33 65 94 40 1 89 69 70 26 97 31 77 10 42 72 61 68 80 10 94 64 99 59 29 9 82 9 
19 21 18 86 53 35 31 44 35 19 13 4 44 61 34 73 70 28 44 82 47 75 91 40 91 41 99 19 49 80 80 67 52 97 4 56 31 34 100 66 4 64 21 100 24 7 24 45 34 19 26 80 93 68 71 83 60 69 2 8 100 81 27 3 29 82 59 60 16 58 
