238 61 41
41 66 32 32 86 21 73 80 80 80 88 43 85 72 93 27 14 68 59 21 19 18 76 35 37 25 99 76 63 11 61 55 28 44 38 13 16 63 44 48 42 32 90 26 55 34 4 20 2 14 40 20 31 67 6 67 92 4 43 6 67 
55 60 94 50 97 59 17 59 2 64 1 85 53 78 92 87 34 11 88 47 3 59 78 69 64 96 12 19 38 69 37 44 28 83 45 77 41 62 35 94 25 87 79 30 17 70 16 50 32 55 48 86 65 77 7 80 73 70 50 62 39 
87 6 66 69 50 42 61 63 29 54 40 67 84 69 83 53 36 84 37 42 84 74 58 60 80 37 32 50 86 94 88 24 51 5 44 52 47 4 67 27 58 6 93 41 26 28 46 61 63 34 54 46 7 11 6 87 99 89 88 36 82 
75 60 84 79 3 88 77 59 54 55 16 11 48 8 36 27 53 48 89 38 1 87 45 63 92 83 13 80 70 48 14 96 59 49 26 14 36 3 72 41 57 39 51 56 46 86 82 51 85 23 88 85 9 84 99 52 66 11 83 87 59 
48 82 69 97 8 82 84 62 53 25 18 91 27 26 89 65 7 91 49 81 78 34 41 14 84 44 79 95 27 18 5 74 99 73 22 6 7 58 19 11 82 37 54 60 62 42 24 20 32 73 53 61 58 93 74 41 37 5 87 15 22 
91 40 72 16 62 30 22 19 48 84 52 84 37 11 97 78 35 69 61 59 73 22 16 17 47 8 5 3 95 19 24 37 59 48 4 72 77 77 42 24 61 45 60 97 7 56 27 93 76 87 51 100 60 18 17 59 26 21 61 72 40 
37 8 50 84 12 73 12 40 66 35 100 10 94 49 68 2 75 61 29 13 11 29 25 29 45 83 6 65 95 77 56 31 36 57 66 99 81 77 39 46 64 38 7 57 38 75 10 12 35 39 25 97 67 49 77 63 83 82 79 77 10 
35 60 46 43 77 44 24 6 82 21 69 72 80 77 9 6 87 73 92 77 49 88 95 49 17 57 31 50 35 59 60 21 18 5 64 47 48 39 52 82 11 20 53 42 96 13 47 34 85 38 10 85 78 4 33 94 12 15 43 47 74 
54 19 43 58 34 89 58 24 40 39 35 11 43 28 59 7 75 44 44 64 54 28 93 9 13 38 21 27 81 19 52 86 37 47 44 71 35 53 94 27 43 80 89 37 8 99 43 34 43 86 49 96 66 42 56 78 79 28 56 11 46 
60 97 35 6 92 57 92 96 2 70 38 82 59 26 41 57 68 26 99 6 26 46 71 67 54 100 98 33 7 60 79 66 56 65 71 99 21 15 46 22 84 35 55 94 60 47 51 28 24 1 33 50 99 55 16 4 6 65 36 64 25 
66 30 32 30 52 31 2 18 28 76 2 63 82 95 22 29 97 49 52 50 33 1 100 39 69 3 96 33 90 60 9 56 41 41 37 44 23 91 62 50 18 15 12 99 9 34 79 58 34 31 7 67 83 58 57 3 12 53 88 1 64 
96 8 56 36 97 99 58 87 60 8 4 26 71 54 35 4 33 92 38 63 50 56 97 59 12 100 70 16 39 70 31 34 30 86 70 26 85 79 12 96 38 67 22 9 20 8 12 52 51 1 66 52 56 15 10 20 66 79 87 4 100 
18 37 29 3 58 54 39 37 17 87 74 83 60 82 55 67 46 6 69 46 24 20 54 38 29 73 3 59 59 58 58 28 94 87 31 4 92 21 40 9 7 65 91 66 99 97 84 96 3 52 41 78 71 46 67 51 18 69 61 29 78 
19 56 71 57 38 74 48 59 65 56 65 82 99 83 80 95 66 75 49 70 67 78 92 65 44 43 34 64 3 62 41 73 70 64 29 7 37 29 17 54 36 34 35 86 16 66 81 33 92 81 2 10 59 94 74 54 88 8 18 42 21 
58 67 90 73 47 49 10 75 65 15 11 50 1 48 65 66 80 50 9 61 51 18 71 96 92 76 35 51 93 29 71 3 95 61 75 41 61 36 68 77 50 30 27 2 77 43 67 57 92 75 69 95 45 91 90 36 66 77 86 59 5 
8 13 51 20 87 43 80 75 62 9 76 91 35 78 20 77 96 76 21 23 96 15 67 86 56 54 51 84 91 9 88 98 73 90 18 60 85 49 34 46 57 61 89 43 38 8 72 34 35 92 56 30 6 22 15 13 27 17 97 17 78 
36 14 50 26 83 61 62 32 46 7 88 7 47 31 44 6 54 29 40 45 84 21 2 57 87 14 83 4 10 99 81 46 65 30 23 47 91 84 78 36 42 18 94 41 100 38 46 53 66 38 97 2 58 98 58 45 63 93 100 73 43 
80 70 7 61 44 54 3 79 83 91 72 100 84 12 51 21 58 3 39 95 51 40 4 100 49 48 63 41 47 87 84 78 8 90 39 51 95 93 29 78 83 100 29 67 64 80 39 73 34 77 67 85 68 70 36 17 70 50 57 68 36 
92 46 95 82 36 45 28 80 25 5 63 77 34 81 40 65 71 12 98 48 30 34 67 51 22 83 72 71 92 40 59 83 37 53 64 24 50 92 3 74 48 17 2 33 97 93 49 68 4 99 67 85 32 33 36 5 68 7 76 59 98 
86 41 34 38 57 9 87 100 12 13 47 80 14 32 77 7 80 96 62 78 62 47 62 46 34 66 13 92 93 71 90 78 64 75 16 20 36 54 19 99 66 65 78 80 96 6 38 76 1 99 5 14 97 66 60 82 32 24 74 24 47 
15 2 10 41 69 29 76 22 47 74 40 63 4 71 11 9 8 38 10 58 42 75 7 8 86 88 91 10 61 14 56 27 67 65 68 87 45 95 61 43 21 52 5 24 22 67 32 81 4 93 90 46 20 96 5 5 84 95 14 96 60 
21 23 79 37 42 17 33 36 77 75 8 28 80 31 1 46 15 81 2 59 23 47 78 18 3 35 53 97 48 49 8 21 23 86 9 64 55 42 51 31 16 59 11 47 41 63 45 7 96 46 66 18 44 95 35 46 29 88 94 29 88 
1 1 62 39 9 77 93 50 27 75 18 37 37 64 30 100 60 36 95 5 53 12 48 48 98 45 28 37 38 56 24 39 56 85 29 65 61 21 66 40 47 35 28 84 51 57 83 10 45 77 67 97 40 14 44 37 59 72 74 48 79 
49 38 35 34 66 51 46 38 68 37 85 3 65 68 5 21 50 14 17 78 80 14 17 46 9 53 56 32 78 3 11 27 41 97 60 58 99 57 96 66 94 80 20 58 47 24 30 48 90 47 25 21 12 41 66 20 45 21 4 23 76 
14 49 68 62 60 25 60 16 72 77 9 51 49 18 49 24 100 96 13 46 20 86 9 60 51 28 57 24 83 79 99 96 27 18 9 86 94 20 1 66 49 62 16 97 79 65 72 78 60 85 75 32 22 83 43 72 63 99 95 45 77 
45 93 3 14 53 40 8 73 41 73 21 54 40 69 84 4 40 62 16 76 88 47 97 23 41 69 37 40 15 33 16 12 25 71 25 30 10 84 2 2 56 74 55 48 42 39 51 81 52 18 57 91 16 5 13 57 73 1 96 40 34 
63 3 58 33 79 87 95 63 40 96 70 13 3 17 6 93 20 87 96 89 95 86 5 99 51 13 24 51 60 15 84 22 17 94 55 95 32 49 9 72 96 31 36 98 99 42 42 18 80 37 59 26 23 15 76 25 27 51 75 38 65 
59 59 33 4 65 80 35 65 88 58 61 70 46 10 69 39 52 38 70 40 96 95 62 10 22 38 88 73 13 25 37 23 84 70 26 100 49 60 65 88 70 77 58 15 38 26 53 89 63 22 81 11 68 42 20 89 32 60 61 44 84 
50 66 19 19 91 19 19 2 35 58 71 11 67 37 48 92 89 89 7 62 69 69 29 62 40 18 93 99 78 88 35 27 53 53 97 95 23 67 49 9 25 71 71 43 8 71 87 48 59 93 10 79 13 38 92 52 7 37 51 85 24 
85 63 29 89 12 75 64 78 23 72 54 46 95 97 53 65 83 100 75 27 61 53 39 51 96 90 57 32 92 41 8 28 56 36 17 67 10 32 96 85 3 2 30 49 50 34 13 84 85 87 10 46 91 100 96 87 41 52 18 85 45 
77 12 52 12 80 18 74 11 65 10 66 18 39 14 67 72 27 50 56 13 11 53 4 10 48 42 3 52 11 87 96 88 98 47 99 78 16 24 40 32 33 5 50 23 19 16 46 45 18 2 9 28 6 64 90 54 5 44 5 16 30 
52 3 79 50 53 8 65 77 48 48 61 52 97 84 22 65 29 66 82 82 27 61 88 90 50 93 95 93 49 10 74 100 64 5 1 16 12 65 44 59 12 5 63 61 40 84 25 68 2 58 2 28 70 41 69 72 33 63 16 81 24 
90 32 87 94 32 55 57 48 98 68 11 2 30 23 41 65 99 61 66 8 14 45 78 54 14 49 86 28 64 18 52 53 1 90 98 84 44 55 83 42 22 45 95 3 68 88 67 66 100 85 74 13 29 51 66 94 99 3 22 14 72 
25 19 72 66 16 7 10 22 89 3 95 33 49 49 100 88 68 18 87 52 43 51 32 93 68 78 43 70 99 8 41 75 26 64 40 42 70 1 15 10 55 62 43 4 10 94 43 77 11 30 80 53 80 12 97 48 89 91 69 39 99 
62 65 76 77 56 69 47 9 84 56 63 45 50 18 6 44 61 83 6 42 14 11 73 25 7 20 65 50 41 55 100 54 19 75 30 27 96 28 35 79 36 49 75 85 67 32 28 79 66 86 20 80 96 44 56 54 64 21 3 56 27 
54 9 46 81 38 24 76 66 58 6 53 6 32 37 24 63 17 54 29 2 25 8 97 69 63 2 84 35 5 39 62 10 99 59 90 88 82 17 53 39 22 57 96 53 94 72 68 10 25 96 63 2 55 11 70 69 12 53 4 68 43 
17 78 41 75 19 28 8 36 33 46 9 89 93 14 34 16 81 95 41 76 57 94 82 19 63 50 31 67 5 50 9 21 79 1 95 50 80 54 85 12 99 45 53 44 58 86 59 38 81 51 65 89 44 46 8 58 96 90 24 100 91 
84 73 70 84 19 19 64 73 55 27 23 99 79 18 9 17 77 46 97 79 11 37 75 8 44 32 55 85 8 7 76 91 79 97 27 97 67 42 21 21 68 44 71 99 61 79 15 89 77 63 68 39 99 94 46 95 77 53 31 84 59 
6 27 37 54 53 85 20 46 6 40 13 49 63 63 61 93 77 50 21 91 69 59 90 62 57 36 38 9 66 74 67 24 52 55 77 4 39 97 1 44 88 65 44 2 28 5 95 4 54 15 95 22 26 36 35 34 71 24 42 36 49 
60 59 100 14 88 55 4 36 55 48 75 20 91 77 47 47 23 2 100 89 48 73 14 35 59 99 5 35 92 93 83 51 3 83 16 90 89 20 77 44 19 52 63 61 28 61 8 50 14 7 90 62 32 56 96 42 54 53 76 46 97 
59 48 99 93 16 41 81 87 17 24 5 68 38 65 47 50 24 48 64 83 38 77 14 93 24 55 98 76 83 43 72 41 43 23 85 58 63 65 44 79 41 100 99 30 16 45 80 40 93 95 22 30 71 87 22 94 93 19 22 75 14 
45 15 8 67 51 65 81 16 60 60 8 11 58 37 26 54 68 17 46 62 38 75 84 76 48 30 69 19 51 43 84 47 10 91 14 60 7 94 27 18 5 34 28 14 23 5 68 42 22 65 4 11 92 39 87 39 68 7 9 70 49 
44 17 10 86 30 22 92 75 48 61 32 34 40 45 8 45 64 49 18 29 4 80 20 43 18 10 10 24 71 32 25 14 48 34 52 29 7 43 3 7 56 34 40 95 31 47 91 46 47 60 74 51 40 45 45 57 7 6 33 77 37 
57 42 84 42 93 12 1 88 67 7 43 52 46 89 34 44 80 80 42 91 5 92 30 50 36 39 56 94 23 84 30 31 25 66 72 70 77 24 57 95 30 51 47 75 39 80 70 70 11 12 61 16 55 42 65 43 80 72 36 54 7 
17 84 83 82 8 52 11 31 60 5 61 10 3 87 1 35 57 22 45 20 82 12 26 76 76 68 7 99 55 61 5 72 44 88 5 51 91 15 82 51 72 42 12 74 28 12 60 36 86 57 55 67 68 33 94 96 100 1 94 7 61 
51 30 4 90 34 7 32 49 88 82 72 81 94 45 8 57 57 96 94 13 2 13 80 34 6 75 86 6 21 92 66 23 21 22 64 54 28 95 54 67 29 25 47 74 22 6 82 30 1 76 42 3 88 73 36 93 100 21 99 72 64 
16 94 84 89 9 90 16 3 95 82 83 72 80 56 45 86 38 74 86 13 67 88 100 39 76 92 90 48 42 61 12 10 6 47 98 66 88 14 21 83 47 3 6 27 59 2 12 96 75 49 8 93 37 59 83 64 2 73 11 44 85 
22 5 43 21 2 8 8 15 28 42 14 31 47 40 89 100 3 36 74 51 95 66 39 53 1 2 6 73 13 1 9 86 5 51 58 7 59 66 21 86 59 86 16 58 25 56 57 79 91 31 30 85 48 68 89 48 22 95 72 86 95 
81 71 100 83 81 58 41 46 30 79 4 16 46 61 92 2 18 71 44 100 100 81 99 19 69 99 40 15 22 25 62 54 48 61 37 28 70 29 25 99 7 28 14 53 41 6 6 10 76 49 61 27 29 11 45 50 9 37 64 83 61 
25 36 60 37 24 87 6 53 11 57 59 91 70 63 83 75 68 44 2 69 56 28 49 66 25 98 27 13 14 9 25 90 96 85 79 20 23 36 24 86 92 82 76 62 97 10 88 16 53 90 84 8 69 33 25 45 82 51 57 95 11 
34 37 7 18 15 78 40 50 1 25 94 34 52 55 30 13 94 46 17 35 81 76 4 13 1 100 95 51 9 41 62 42 77 20 11 43 97 50 45 49 27 38 82 30 44 64 43 37 61 59 72 41 35 27 6 35 78 52 37 86 92 
50 79 21 21 89 15 17 91 59 17 17 96 51 46 39 14 40 28 26 99 99 66 85 77 23 71 54 74 7 92 18 9 70 38 29 59 52 98 49 63 14 17 10 64 14 1 29 54 28 54 4 78 72 40 54 94 10 59 20 68 50 
37 76 72 26 57 82 29 54 82 91 19 98 1 35 63 1 15 68 80 69 71 57 92 62 62 37 71 20 56 91 22 44 18 93 69 74 74 98 79 55 40 50 4 92 84 18 44 50 86 23 70 56 79 61 18 40 50 40 12 5 30 
33 1 48 25 69 73 50 18 52 56 10 53 11 1 88 28 97 37 13 19 7 21 50 19 90 41 68 29 52 25 11 84 25 10 60 93 82 9 63 85 16 24 37 26 24 24 54 72 61 66 91 19 86 92 37 75 32 5 56 84 81 
18 19 5 27 79 49 8 39 63 93 7 86 81 32 10 57 85 81 69 3 23 87 40 14 23 67 98 79 74 81 59 91 51 15 17 81 64 76 72 26 20 78 12 1 9 73 57 46 5 25 100 80 63 39 45 37 57 42 68 30 22 
26 72 25 93 88 5 8 16 76 33 35 53 96 35 14 20 43 59 25 19 58 56 81 48 100 70 57 42 37 38 15 14 10 39 6 97 96 13 64 71 98 99 76 93 85 89 13 28 47 89 98 56 44 31 55 43 100 11 36 36 49 
51 49 58 89 7 6 84 19 70 7 16 20 82 61 4 70 25 83 68 13 81 75 8 11 29 50 10 40 86 97 40 88 97 49 28 3 6 64 22 27 70 89 46 3 49 50 72 73 32 91 37 64 65 44 74 93 46 35 84 83 83 
75 70 80 23 97 82 81 12 55 7 81 44 53 83 44 54 6 69 85 96 5 49 12 49 74 5 46 61 40 28 43 15 49 22 37 97 4 17 9 58 76 41 53 28 76 97 81 33 65 17 29 69 65 40 69 91 96 14 51 36 93 
93 50 41 15 38 90 70 7 98 79 82 90 32 9 65 28 41 98 92 57 78 12 74 69 33 64 17 98 14 52 91 58 53 83 72 90 72 93 48 21 72 29 11 3 89 27 30 29 24 73 38 53 36 63 22 68 26 38 66 91 41 
8 48 93 42 72 34 66 64 82 86 35 10 48 37 51 75 18 31 98 42 68 3 78 82 24 97 7 13 62 49 53 21 97 97 63 20 30 28 83 63 65 70 25 13 6 75 39 76 5 88 17 25 90 46 58 65 43 65 77 56 65 
81 77 13 29 91 32 11 70 67 73 86 36 97 98 93 23 36 68 80 24 37 4 65 82 61 30 24 77 58 32 94 39 60 6 19 50 90 29 71 56 2 56 91 50 6 83 73 93 3 52 16 39 7 33 20 19 62 96 48 19 27 
41 9 86 98 28 87 87 8 57 42 61 64 84 11 69 19 83 62 21 86 29 11 92 61 30 10 74 25 57 93 3 49 53 88 47 32 26 33 40 82 27 100 46 62 10 66 32 44 27 52 29 56 14 72 68 44 82 42 20 90 34 
23 39 38 62 37 70 88 21 61 21 99 60 66 61 22 32 92 17 10 96 46 17 9 69 85 4 50 26 76 92 11 98 82 48 11 18 69 98 38 29 19 37 41 36 49 14 19 92 30 29 39 27 45 100 96 81 3 97 6 78 88 
68 27 69 16 38 38 36 87 76 65 57 64 57 93 64 70 63 55 99 43 94 78 40 45 73 20 99 21 78 29 9 45 55 29 12 44 67 48 31 94 64 87 9 20 31 72 41 94 78 91 36 23 68 75 67 92 47 66 13 24 94 
73 68 100 53 80 96 71 79 26 64 42 64 24 13 47 47 53 40 25 43 27 47 63 54 66 54 100 83 18 23 28 90 42 27 43 73 22 65 51 99 29 44 15 4 56 61 51 60 52 27 55 78 25 17 83 90 70 82 72 40 56 
99 81 98 78 75 70 51 40 73 50 20 16 64 23 24 76 25 83 27 51 37 56 76 53 39 17 75 20 89 66 28 39 46 25 68 21 46 19 60 18 20 79 34 35 53 57 10 78 91 36 28 28 91 55 32 81 72 58 53 12 23 
80 50 21 4 70 41 49 40 52 19 59 30 52 93 82 60 2 11 50 89 39 29 31 93 61 12 16 70 16 27 45 95 29 65 98 98 5 98 37 56 68 95 37 19 39 70 30 92 81 80 32 71 8 62 15 20 25 31 90 40 57 
34 34 85 98 83 34 54 33 70 61 100 16 97 71 6 18 100 97 98 31 28 20 39 42 35 10 18 65 99 58 21 84 43 58 81 78 91 86 62 13 46 13 28 94 35 34 12 35 82 61 17 10 33 7 51 67 17 68 83 67 77 
55 51 72 12 31 1 3 17 62 67 14 74 94 8 9 79 71 95 61 83 63 22 15 70 24 81 86 43 63 52 20 18 2 43 81 85 43 35 53 4 1 66 29 47 25 89 25 95 35 37 78 98 10 44 67 33 25 4 76 39 7 
47 56 9 89 89 45 83 23 49 86 24 14 66 70 91 7 46 37 41 83 66 38 92 10 56 25 86 59 52 24 66 98 32 26 38 20 22 20 42 70 57 65 35 74 86 25 80 32 14 21 14 79 10 57 40 66 33 25 76 84 49 
93 33 32 70 22 51 43 93 44 12 49 61 99 75 46 23 54 77 88 26 90 19 36 47 58 53 31 83 80 15 83 25 99 66 94 21 16 89 13 11 100 14 71 98 88 17 73 93 93 12 19 83 30 54 81 88 58 11 22 37 77 
56 13 76 21 59 48 88 47 12 98 46 77 69 96 16 85 20 9 77 31 27 11 61 32 43 100 41 6 21 29 82 76 42 9 48 100 8 35 98 20 32 95 96 100 90 64 36 61 72 65 92 50 75 4 33 70 3 73 75 23 1 
8 50 94 17 97 45 24 31 42 95 14 37 43 66 78 6 1 39 29 65 30 78 92 85 10 13 87 82 87 61 34 94 10 80 62 58 24 86 40 66 32 53 2 74 70 31 31 71 69 59 87 50 36 30 34 97 42 20 30 80 32 
64 74 93 95 35 50 18 72 41 83 56 94 36 29 63 67 12 85 87 70 24 37 58 53 22 6 47 94 36 26 25 51 51 18 45 86 67 62 9 60 97 64 53 32 45 67 50 56 4 37 77 79 25 86 83 46 92 29 39 27 7 
64 77 57 81 73 42 99 34 3 58 82 66 62 66 62 81 15 69 36 3 98 14 27 83 96 73 74 77 63 52 83 26 80 39 58 52 33 9 38 35 18 19 52 32 36 66 64 51 34 99 5 31 64 32 66 11 56 39 87 70 43 
21 96 22 60 5 26 44 13 63 78 83 33 81 14 69 46 77 71 32 27 27 14 90 10 79 100 17 18 39 87 12 59 82 33 70 38 58 13 3 72 42 85 57 23 98 77 20 26 47 3 52 25 17 93 35 95 44 51 64 82 37 
75 93 70 60 14 8 17 27 62 41 20 46 97 94 95 73 14 72 71 16 23 95 84 15 81 79 58 32 94 92 20 69 36 90 28 49 49 96 27 10 88 47 7 84 40 1 8 53 72 30 21 46 77 4 12 57 34 21 40 28 12 
60 48 47 49 75 96 97 22 22 58 10 20 64 45 60 16 53 64 39 34 84 84 10 40 95 67 25 15 6 52 79 65 99 25 65 25 72 13 47 46 70 8 17 85 52 76 100 56 40 38 90 75 21 99 66 67 17 91 82 75 42 
12 91 93 88 8 17 12 20 15 57 42 22 73 26 26 1 26 81 40 63 22 66 36 73 32 54 89 22 87 15 63 98 58 7 86 65 24 97 84 90 5 25 64 29 3 89 29 28 21 20 42 43 86 29 15 17 83 55 38 69 22 
52 67 79 59 52 43 34 100 78 23 4 55 38 84 57 78 13 36 99 84 77 93 69 58 59 37 40 65 26 8 86 78 26 64 88 29 58 73 28 36 47 83 90 85 67 98 62 31 33 12 14 61 56 35 18 14 71 57 31 97 17 
68 26 42 84 13 23 41 85 2 28 31 85 69 67 3 66 29 33 98 92 98 59 48 32 28 13 55 85 43 51 53 11 28 46 46 40 68 86 76 70 66 58 6 34 25 60 52 53 44 49 96 41 59 43 25 87 56 31 23 50 33 
75 12 60 20 57 51 40 43 26 61 8 83 66 93 59 77 44 63 20 45 59 12 55 1 36 93 8 66 15 58 98 41 69 9 61 26 59 52 20 84 12 79 19 29 23 29 5 67 92 24 11 50 35 17 2 23 10 10 40 24 67 
90 65 87 98 77 12 57 28 83 92 39 13 62 67 36 91 23 2 34 46 64 83 32 80 84 6 89 45 98 65 11 87 81 50 36 57 61 44 36 96 88 74 8 49 92 43 91 14 96 24 11 11 58 94 91 94 100 31 38 97 47 
1 35 27 50 22 83 62 66 18 57 53 43 17 53 86 11 96 51 7 19 13 17 77 7 59 70 58 42 59 6 88 59 92 15 8 13 97 70 78 67 26 82 9 94 87 47 5 82 97 11 52 10 79 28 16 90 49 25 31 8 30 
18 18 21 84 26 85 33 95 63 99 72 96 59 66 82 5 70 15 54 32 67 63 62 46 30 51 95 6 33 54 35 3 71 7 86 48 91 18 42 5 68 14 53 79 31 34 35 52 49 88 83 15 2 96 60 83 47 6 88 79 11 
74 33 34 32 19 81 75 88 23 79 8 88 83 38 70 69 72 21 17 12 55 83 65 50 94 48 48 52 87 79 14 61 11 47 92 81 80 66 69 54 97 28 41 31 65 62 99 36 82 15 99 88 49 64 37 95 63 85 98 49 63 
11 9 73 10 53 54 89 70 74 42 18 1 34 49 65 95 47 52 28 14 51 15 14 66 51 8 28 87 57 28 49 68 89 74 77 41 79 65 10 52 58 80 4 91 28 68 85 74 71 12 87 73 78 1 38 80 60 17 67 17 97 
67 36 85 40 64 25 18 80 86 21 37 65 76 27 44 95 63 18 66 74 56 38 3 8 28 82 68 96 48 36 92 15 23 76 6 86 52 76 65 90 48 1 6 24 79 50 18 41 19 83 66 74 73 68 82 52 49 1 47 49 88 
91 63 10 18 20 47 70 95 11 11 43 63 16 66 41 65 83 33 83 18 98 9 42 65 42 93 65 94 91 13 33 81 27 94 99 47 40 20 41 2 30 35 64 45 52 56 62 35 88 96 4 85 4 45 1 97 37 65 90 27 30 
22 60 56 15 58 54 6 77 47 7 6 81 22 2 33 77 63 19 16 59 74 52 62 18 4 11 6 21 100 84 50 74 43 57 88 52 11 94 28 9 52 85 89 74 87 73 2 49 43 18 7 16 21 21 85 25 31 90 45 82 74 
46 55 68 54 95 20 16 40 47 24 91 84 65 16 70 89 18 18 32 87 77 99 7 49 84 83 31 25 79 12 98 24 19 18 78 13 37 93 4 35 69 46 18 33 62 39 21 31 9 4 17 85 3 75 85 86 58 15 10 88 26 
60 64 96 77 93 8 65 85 63 51 5 9 69 37 22 59 10 52 67 13 20 3 15 94 87 52 3 1 62 43 79 73 6 74 1 98 34 65 34 48 15 39 8 35 75 29 94 36 32 12 49 3 15 63 97 1 15 51 54 28 93 
84 100 50 9 52 47 94 16 81 42 82 19 49 69 45 30 14 81 13 25 29 16 39 43 64 92 9 14 45 36 59 80 87 8 88 38 7 82 5 87 23 87 57 23 55 1 52 20 33 65 44 13 80 83 56 95 26 64 8 70 100 
18 1 38 78 88 76 84 69 80 22 43 66 78 18 72 78 69 91 63 85 87 75 16 21 30 10 46 46 70 67 97 39 67 34 68 54 9 51 75 89 72 69 6 1 86 30 31 7 72 93 91 58 67 59 78 49 20 75 94 89 41 
90 80 7 23 47 13 84 98 87 72 21 7 29 74 93 10 4 99 82 96 41 91 14 99 21 62 71 95 7 59 36 48 90 42 23 37 6 6 86 44 29 58 51 57 31 43 67 34 93 100 29 33 90 95 84 10 56 54 57 15 64 
92 62 54 85 84 90 91 89 75 34 17 32 36 26 15 78 44 48 70 95 29 55 84 23 38 46 30 43 54 44 58 45 58 11 81 41 52 23 82 78 9 50 10 44 27 76 22 70 23 43 16 3 97 52 25 86 97 7 80 2 2 
38 46 59 48 78 52 52 1 33 29 9 34 38 52 61 65 25 30 88 68 98 90 16 49 67 54 45 25 33 98 26 22 95 37 22 72 88 73 24 72 1 32 5 91 36 65 55 12 47 42 31 44 84 47 92 2 52 88 26 36 85 
3 58 31 39 79 2 78 51 26 1 51 9 6 41 96 22 96 8 20 89 38 15 24 36 58 25 87 97 50 23 33 5 32 63 43 10 65 73 12 42 73 62 50 30 55 46 4 2 53 75 90 42 90 14 78 47 38 16 96 40 38 
28 44 21 91 38 82 7 62 93 100 35 7 1 16 61 46 19 62 50 94 3 44 35 16 21 33 6 36 28 97 26 8 92 46 50 81 80 56 43 72 7 29 78 7 44 90 53 63 3 54 8 6 97 42 73 69 26 78 5 54 26 
82 61 17 79 10 50 58 17 92 82 23 20 59 29 63 1 33 77 3 39 36 8 35 29 33 56 55 62 60 8 88 93 20 56 71 29 5 81 97 48 62 19 67 72 99 82 72 84 58 75 22 46 34 8 74 18 63 28 80 74 87 
67 66 6 74 89 86 79 69 82 78 30 52 45 1 3 26 25 86 35 51 7 80 36 14 54 54 29 33 33 2 20 51 20 77 24 8 63 54 28 96 32 9 100 76 61 2 53 85 87 87 35 45 19 71 10 72 76 38 56 8 92 
75 58 11 4 81 18 18 35 97 13 18 5 12 45 65 65 97 50 3 35 36 47 53 58 57 24 33 46 32 40 37 58 97 47 61 30 16 78 16 12 43 33 16 6 77 33 71 25 82 73 59 69 72 12 27 80 87 59 25 18 51 
14 76 47 60 88 28 28 66 43 39 8 27 7 65 55 39 35 79 72 60 90 40 31 1 66 62 87 77 86 57 27 99 84 25 11 71 5 38 88 99 28 95 26 86 12 32 24 46 63 47 57 52 39 39 52 56 100 90 32 38 98 
10 36 81 87 98 52 91 35 91 89 15 38 14 100 49 98 76 94 60 74 3 11 12 41 14 68 41 3 51 78 53 61 65 33 47 63 36 89 49 27 77 15 64 43 15 12 40 42 57 99 15 11 61 27 52 74 46 92 28 48 21 
80 8 37 13 6 99 100 94 100 78 23 66 41 65 80 4 4 73 13 54 40 23 14 18 26 87 63 17 66 10 89 46 70 26 10 27 76 9 73 27 87 95 93 79 59 24 35 14 97 99 19 36 73 32 53 99 70 67 67 35 28 
56 32 97 33 41 76 8 50 48 35 88 42 79 66 52 2 52 65 50 50 83 37 23 66 41 73 87 7 39 21 35 46 5 83 78 45 58 86 94 5 72 33 98 2 51 49 3 2 65 5 4 99 41 26 16 82 50 2 40 88 75 
26 34 79 9 11 23 66 48 69 23 71 1 72 72 51 21 27 5 37 83 8 88 23 85 3 56 34 5 96 21 31 21 6 9 81 69 83 47 68 51 21 39 4 92 62 6 64 40 10 53 22 17 40 97 1 42 52 86 98 99 7 
28 20 64 88 100 32 71 98 100 21 70 90 76 14 3 82 77 43 91 81 16 60 20 12 60 14 16 46 11 14 4 39 85 67 26 37 51 48 86 50 21 56 91 96 69 93 29 97 87 20 78 55 31 49 18 42 62 33 87 25 99 
42 15 35 61 92 71 63 40 57 64 60 64 54 7 32 46 36 80 85 7 9 39 37 58 56 78 71 41 17 95 39 58 9 73 70 1 96 32 92 52 95 51 15 48 57 98 46 44 29 82 50 38 20 86 47 27 64 17 67 80 64 
57 89 24 82 11 76 77 42 67 80 89 17 46 88 26 43 85 69 71 66 19 60 37 56 6 64 19 75 82 50 38 39 91 61 20 53 37 48 94 3 27 34 72 72 22 49 66 6 69 88 24 87 48 60 43 5 75 13 79 9 15 
68 47 57 29 18 9 17 65 54 71 91 88 94 14 61 42 79 18 11 18 41 49 17 53 43 22 79 8 100 87 74 20 33 30 48 2 38 16 66 43 38 8 30 32 73 42 25 3 60 35 21 52 36 37 4 78 58 35 37 10 21 
10 29 6 39 28 7 28 95 25 23 32 32 4 15 57 46 40 59 57 26 79 8 61 68 12 91 25 46 27 86 18 37 66 23 27 45 82 7 39 6 29 23 89 84 37 45 29 76 4 85 2 82 93 62 49 56 52 26 53 31 63 
22 19 29 45 45 73 26 3 64 83 83 86 71 67 22 16 47 98 71 32 51 4 76 12 5 83 16 82 87 98 44 8 16 24 52 12 49 29 15 12 63 49 49 34 15 70 1 62 19 23 45 21 26 20 33 30 54 100 63 40 97 
7 47 64 82 51 75 30 31 41 41 94 90 41 27 56 11 79 69 81 1 13 2 26 84 86 8 37 37 70 28 85 28 75 48 10 77 74 39 7 15 32 100 56 72 26 11 34 56 80 67 56 44 20 34 80 5 41 68 93 62 96 
77 90 22 76 99 98 49 89 4 15 20 4 70 44 81 33 29 37 64 95 92 7 14 25 86 70 17 6 62 79 1 90 20 74 65 18 71 14 58 74 28 30 29 50 73 10 82 53 46 45 48 89 3 61 66 41 83 82 46 44 60 
98 34 31 71 98 100 41 63 58 66 43 87 95 92 11 4 25 63 1 21 62 89 23 75 54 63 57 88 60 100 99 57 85 30 79 35 29 71 49 38 37 91 24 83 34 86 38 10 1 38 30 62 78 53 36 84 67 44 23 27 44 
21 35 80 50 66 14 31 36 15 68 72 5 44 54 91 81 43 100 81 80 30 95 10 34 30 45 100 74 67 78 69 87 65 100 89 30 66 19 65 80 38 89 36 81 42 26 62 37 26 94 16 55 88 77 40 70 21 39 43 87 69 
63 26 33 14 14 62 79 84 26 10 21 14 46 54 8 71 67 44 96 60 11 2 48 40 41 17 60 32 11 99 100 25 24 84 38 89 45 69 72 22 78 44 88 23 49 47 94 15 42 41 75 4 95 74 43 87 90 3 18 52 1 
69 76 76 52 65 64 48 33 87 22 11 82 9 33 31 7 26 45 48 19 71 51 13 44 46 51 85 48 21 88 100 89 63 75 93 28 90 92 60 76 13 70 57 73 55 87 79 32 84 78 50 6 81 14 2 26 65 38 73 85 26 
24 25 88 50 69 67 39 61 27 66 73 48 22 98 54 61 76 86 96 54 35 1 86 1 54 11 17 92 35 1 17 58 77 56 59 46 23 97 6 1 62 30 48 35 27 2 47 55 39 94 60 25 47 45 25 100 55 41 91 41 93 
7 50 70 63 8 67 37 56 24 37 69 53 36 3 32 89 2 86 27 95 97 52 41 41 28 41 47 21 83 39 13 42 88 34 56 95 100 92 50 75 28 70 28 15 72 11 4 25 48 82 20 44 85 12 36 13 4 34 33 87 72 
97 80 11 83 35 57 34 26 6 9 5 27 36 71 50 98 74 75 45 8 46 40 92 57 27 4 13 60 88 51 83 37 30 93 19 64 49 52 41 6 60 45 32 47 15 81 44 41 7 40 48 52 79 91 61 5 95 73 16 34 23 
50 70 52 42 88 15 42 92 7 99 51 51 30 50 17 63 45 9 69 85 8 21 15 99 33 72 45 5 39 30 79 89 100 82 82 39 48 24 30 54 22 33 56 4 82 24 66 78 33 86 62 92 58 29 90 90 52 86 46 90 16 
76 78 67 57 12 5 4 35 87 57 56 71 64 11 4 88 76 81 20 62 95 63 71 23 5 61 26 90 6 15 57 82 45 75 90 56 32 94 42 18 2 49 40 66 60 43 53 87 23 24 100 17 86 71 91 90 31 16 32 88 83 
40 21 79 15 11 86 46 56 27 15 57 27 54 74 86 96 78 73 18 1 24 87 39 94 29 80 24 97 11 64 31 3 36 9 17 46 46 14 53 72 28 62 98 81 35 36 28 13 60 45 65 83 83 3 77 64 83 52 60 45 67 
90 99 3 50 15 100 95 80 53 18 7 66 67 39 52 2 66 64 13 63 81 96 45 83 24 8 17 27 19 14 94 8 12 48 9 79 47 3 58 51 20 17 68 39 55 20 92 21 35 5 35 15 52 79 50 27 39 18 53 9 31 
98 69 95 45 77 25 44 80 82 46 51 50 14 41 5 33 33 77 19 37 11 34 40 41 35 66 31 52 18 40 35 68 8 81 64 36 5 7 15 38 53 18 88 18 58 44 2 42 72 20 78 34 5 17 26 91 34 57 95 4 48 
81 71 7 61 34 42 65 93 9 54 97 78 41 14 87 36 67 29 7 86 6 92 43 75 18 33 60 26 79 63 73 59 33 31 19 19 24 35 63 32 89 59 61 81 24 48 69 90 76 75 27 33 67 21 7 36 54 67 61 84 81 
85 43 66 15 13 84 90 48 46 22 88 56 82 20 79 29 88 20 56 15 46 89 33 67 47 68 72 65 28 7 46 64 49 11 30 62 46 19 61 91 92 48 98 26 19 28 6 7 47 62 73 44 50 5 62 96 72 85 61 51 92 
58 66 40 68 95 53 13 13 13 55 57 12 4 82 31 31 87 89 77 48 61 20 49 65 34 97 88 18 57 38 9 66 3 1 33 49 53 97 13 66 3 69 29 6 50 59 36 89 47 12 36 7 83 37 23 16 33 10 86 41 47 
94 6 1 46 90 1 99 86 14 16 88 82 44 93 84 55 80 72 53 43 59 60 25 95 34 93 27 44 78 67 42 23 24 43 69 13 43 19 98 8 86 37 90 81 81 25 35 60 96 88 2 6 99 79 1 32 71 79 75 100 98 
69 22 21 63 42 34 57 60 83 65 45 20 6 26 100 30 12 12 77 51 65 82 1 43 34 33 65 65 59 64 62 27 38 82 41 79 67 98 91 50 62 87 21 67 12 72 96 76 83 24 26 100 57 27 42 91 11 7 55 21 70 
68 100 59 1 40 38 68 37 28 69 98 66 41 16 30 12 63 5 47 86 82 46 43 60 39 85 22 45 91 43 67 58 94 25 58 85 14 77 22 93 97 71 59 37 87 88 49 1 44 47 87 25 92 81 85 30 65 58 27 55 100 
93 64 45 69 73 30 35 50 3 27 46 73 37 83 11 24 83 64 67 29 50 44 72 30 80 53 46 37 79 52 89 23 15 33 44 39 14 78 88 16 56 86 41 93 20 3 68 2 66 87 82 15 82 5 96 61 57 93 97 88 44 
37 62 10 70 57 49 83 86 88 51 94 73 91 38 44 93 5 97 59 43 78 25 24 34 73 36 43 17 85 82 13 21 95 22 42 52 22 77 89 10 27 82 34 69 19 30 61 76 26 71 18 56 48 94 89 72 81 31 88 65 64 
100 38 59 74 79 62 95 55 50 56 33 32 42 1 2 71 14 77 96 36 47 51 83 92 92 6 72 74 94 37 38 45 74 96 18 4 57 13 11 58 20 43 41 61 44 43 83 9 71 79 44 17 81 27 60 72 32 32 46 77 20 
83 22 45 30 39 48 38 3 58 95 75 53 88 87 48 30 70 56 52 100 99 69 80 77 28 4 61 11 49 89 30 83 10 74 64 1 74 53 55 83 47 29 35 86 16 82 15 85 89 67 84 88 87 15 16 66 18 28 29 18 17 
58 52 26 84 67 78 57 19 33 39 18 61 26 3 28 7 70 12 96 88 47 35 26 14 50 43 83 78 71 1 46 29 4 23 12 71 1 20 41 33 10 58 45 35 13 73 42 82 36 89 21 83 23 46 48 24 88 30 53 59 82 
50 39 86 73 2 8 73 21 100 5 82 58 49 17 22 73 10 3 9 98 75 91 72 20 38 47 59 19 52 17 1 1 55 86 73 8 45 45 28 44 1 10 53 2 78 74 74 87 28 82 36 2 24 7 73 13 53 32 32 56 48 
32 57 55 69 29 62 65 26 42 60 26 3 13 79 80 38 53 18 66 86 53 19 10 59 92 74 63 23 57 19 22 40 27 28 8 55 42 24 32 35 84 58 37 48 36 68 85 40 37 2 26 89 73 87 99 16 12 13 38 69 83 
11 8 9 91 68 16 32 91 47 66 26 56 54 73 44 73 10 83 9 63 60 49 35 98 47 50 10 11 39 30 94 2 37 2 92 4 69 75 47 16 40 72 71 45 97 14 17 6 49 77 20 8 25 55 58 23 4 67 33 95 48 
26 96 84 80 87 40 48 13 86 63 52 9 86 48 5 99 16 62 99 92 34 59 16 88 16 90 43 34 22 37 81 48 84 64 79 70 55 26 34 40 41 85 1 26 84 57 76 99 71 75 90 4 33 57 91 100 46 85 33 20 22 
65 67 5 80 45 27 35 22 60 26 62 97 26 39 80 83 15 31 53 41 20 8 25 29 98 24 26 82 8 45 55 24 63 12 3 59 90 37 81 1 15 42 97 40 81 29 74 47 11 78 87 30 85 11 10 34 86 88 68 45 32 
22 68 95 85 70 53 74 59 33 75 25 27 23 64 59 3 90 5 13 67 43 95 52 5 4 85 42 91 52 86 75 26 5 69 10 26 73 36 36 58 62 60 36 36 24 94 39 13 50 51 31 44 97 82 48 53 19 41 95 22 26 
69 47 82 89 9 7 62 96 43 71 57 2 6 92 77 51 82 41 52 33 72 95 29 53 94 81 23 34 76 45 11 96 91 92 85 51 98 98 46 92 20 54 94 25 46 22 27 27 63 78 11 34 24 92 38 17 24 61 2 51 57 
12 47 99 55 83 50 4 80 47 96 99 1 41 75 98 62 1 76 24 30 39 9 53 30 47 21 5 59 22 56 15 33 54 65 39 36 14 42 67 13 37 17 13 29 43 62 91 95 89 66 24 27 75 28 8 73 48 65 31 69 20 
97 53 25 61 91 12 27 84 78 39 21 46 3 1 88 16 91 82 4 9 57 83 83 84 42 7 83 6 37 51 77 85 55 1 97 45 12 75 28 41 65 100 38 67 1 25 34 43 58 90 3 66 72 85 1 65 91 83 71 79 85 
99 15 39 100 64 83 63 38 63 56 3 14 93 21 66 70 55 9 79 44 63 45 67 48 97 83 90 80 53 21 64 52 35 3 3 98 37 17 88 99 72 90 65 17 10 30 86 16 38 16 11 1 12 77 100 9 60 41 88 64 13 
3 67 48 57 21 97 94 38 36 44 61 25 8 77 87 38 14 2 27 30 13 79 41 41 30 49 52 71 88 68 83 91 34 82 99 7 31 92 96 66 36 56 43 95 85 29 32 50 30 11 79 94 89 72 35 19 20 86 41 60 53 
75 2 39 9 100 97 91 92 92 8 79 99 50 73 83 30 57 33 12 67 63 5 7 34 91 77 6 77 17 65 81 44 66 71 52 65 67 42 8 58 1 38 57 51 63 91 32 19 75 43 37 90 48 95 23 38 72 28 66 40 44 
99 83 9 69 86 26 36 79 85 45 80 23 53 82 37 44 13 7 70 56 43 59 55 89 34 92 60 13 10 100 57 8 34 17 76 20 94 63 98 79 8 29 53 60 10 89 55 23 95 77 30 89 87 84 77 20 27 89 33 36 88 
41 95 21 57 23 92 51 85 42 81 92 70 33 4 32 73 10 6 19 86 35 7 73 18 35 44 96 23 28 32 62 68 78 35 77 100 26 79 37 67 59 80 89 43 83 72 15 93 77 33 30 11 91 54 80 77 98 75 100 77 58 
13 45 36 47 73 87 73 51 23 91 61 3 31 3 37 2 17 29 30 1 11 40 43 64 71 19 61 46 70 38 3 83 34 90 81 6 29 5 8 51 96 68 53 78 70 42 32 38 22 61 90 32 53 32 96 23 50 8 68 72 45 
23 6 30 64 86 87 92 91 94 95 38 13 99 67 34 40 98 71 62 59 12 93 11 43 88 85 45 48 5 16 92 79 73 74 42 58 60 86 100 6 80 37 70 78 4 4 18 53 26 31 11 38 23 73 32 63 10 76 10 14 43 
53 92 15 78 85 25 90 70 24 95 1 13 16 31 68 19 100 20 97 30 83 86 4 7 17 66 16 93 27 29 87 32 72 54 9 57 78 98 78 1 44 31 65 60 61 32 30 60 4 78 41 38 63 44 44 80 10 12 24 88 92 
10 71 16 63 80 72 92 29 1 45 25 31 9 36 43 93 65 2 48 43 94 85 57 38 80 36 99 91 11 86 35 21 57 50 35 88 73 79 68 73 23 92 56 31 79 98 75 44 52 22 38 45 6 46 34 38 82 32 80 44 70 
14 16 26 15 51 65 87 29 84 12 3 76 19 33 54 68 60 49 71 81 38 16 39 36 1 76 17 33 55 60 2 21 76 79 35 78 95 74 58 78 37 60 5 55 44 11 22 3 11 93 36 49 60 74 84 60 1 52 92 7 63 
45 27 90 23 14 19 17 39 28 95 75 39 99 29 83 61 2 37 72 94 72 72 5 97 7 65 97 58 8 4 72 53 82 14 27 47 84 44 37 12 90 11 50 40 91 84 1 93 73 24 38 44 95 43 93 1 7 89 10 66 44 
33 18 78 46 97 76 82 92 13 45 81 75 46 72 66 30 24 58 54 47 47 97 41 89 41 93 47 82 2 13 77 35 82 54 32 78 82 13 69 94 57 1 68 3 73 85 84 48 94 37 95 41 85 87 29 26 80 76 7 81 40 
83 67 21 89 99 99 22 11 19 15 20 20 34 22 44 71 57 91 64 93 37 4 77 76 85 54 7 12 12 39 51 95 6 71 35 4 21 56 66 40 22 37 11 7 10 54 77 66 96 93 58 33 96 87 8 32 92 14 43 4 52 
45 98 9 68 84 64 88 91 82 79 12 18 89 70 28 94 99 45 90 91 55 74 38 41 33 70 84 98 64 87 1 9 84 10 76 19 73 15 9 54 46 72 24 86 94 3 80 92 47 21 82 1 94 19 93 26 40 77 23 4 63 
23 12 99 84 39 69 57 5 30 62 50 53 37 88 46 39 19 37 38 39 70 38 84 41 83 9 80 11 83 83 25 57 46 75 41 36 44 49 41 73 62 42 25 99 29 23 89 99 59 26 37 81 16 20 21 50 80 100 60 62 35 
84 19 80 59 59 16 54 7 8 26 20 49 2 18 30 24 7 28 35 84 17 15 99 36 87 48 68 38 7 29 72 43 99 4 53 9 71 6 67 30 83 87 78 84 4 59 8 62 39 42 46 55 8 44 42 94 44 9 83 2 90 
55 44 88 10 48 49 32 53 15 61 35 1 90 71 57 49 78 70 87 71 15 93 30 11 34 75 54 95 57 55 36 63 51 75 72 98 23 3 3 38 15 37 90 5 7 46 53 36 16 91 58 82 83 87 92 68 61 97 14 18 4 
49 80 54 24 4 3 46 58 5 35 73 94 25 77 52 22 81 40 89 23 97 71 57 84 14 76 44 11 90 13 66 38 93 19 61 96 73 59 5 30 93 77 75 69 5 78 91 37 17 79 59 66 49 15 49 15 91 44 25 32 57 
90 69 1 60 82 48 84 92 52 13 84 81 39 53 85 17 95 74 85 73 32 50 74 99 50 88 41 46 64 72 54 5 92 54 16 25 53 99 16 4 64 52 36 2 56 73 70 50 46 55 22 77 56 47 27 6 86 67 3 49 90 
56 53 82 9 20 6 13 19 74 16 34 25 4 87 80 76 57 29 21 63 2 49 18 1 28 75 86 46 77 35 36 84 39 69 44 59 26 56 29 99 24 62 75 27 48 54 54 56 34 74 18 88 74 88 88 1 62 73 47 91 59 
34 74 50 2 18 60 79 25 88 78 48 1 52 74 100 58 27 56 91 52 73 78 78 60 17 30 74 42 28 16 52 61 89 1 14 58 12 93 83 51 22 82 51 25 8 51 82 86 58 25 38 30 54 67 42 71 96 67 12 24 82 
63 36 22 16 2 32 27 94 66 30 67 47 80 91 54 82 73 40 39 97 29 21 50 95 14 72 42 80 83 17 61 98 5 34 65 6 65 43 51 30 72 17 29 4 7 82 85 79 73 76 27 1 96 29 47 9 100 41 40 35 57 
100 84 13 85 48 18 50 42 68 31 66 84 59 69 43 93 5 73 65 80 100 18 27 80 16 35 79 56 74 65 65 25 100 77 62 99 47 11 41 14 93 6 50 4 26 92 96 30 64 60 10 15 29 36 94 45 23 25 52 48 41 
16 73 41 45 34 39 91 96 31 56 40 36 57 43 61 100 38 91 16 50 52 30 30 39 76 74 61 52 78 9 92 45 33 84 89 18 23 31 65 53 39 56 41 47 99 53 47 88 95 62 89 46 43 19 85 70 44 97 21 21 57 
65 66 41 48 6 58 22 37 74 27 27 30 19 73 80 71 71 67 66 32 8 11 27 26 47 96 69 96 69 42 52 33 7 93 32 64 2 6 52 76 84 78 57 2 3 36 72 73 54 37 57 61 100 83 38 98 78 7 93 46 100 
45 30 6 37 14 21 38 19 73 65 2 50 21 55 52 8 26 77 62 63 33 22 14 15 60 11 44 18 4 42 69 48 23 26 36 36 46 25 6 18 42 59 68 14 13 71 22 39 99 83 53 31 56 18 97 67 28 41 36 31 82 
4 30 4 29 17 92 75 42 97 44 83 8 11 96 20 34 69 10 32 3 62 15 11 79 11 29 59 51 65 41 84 20 71 40 1 39 31 27 80 79 70 14 86 33 62 6 66 82 67 49 85 81 63 95 11 26 23 69 76 39 10 
12 59 32 51 11 70 81 37 2 11 6 67 97 90 80 54 7 62 20 56 98 100 70 92 11 95 66 31 23 5 40 34 15 23 84 25 45 16 13 46 26 70 64 74 60 44 27 66 57 99 73 54 50 95 97 60 41 14 91 63 18 
82 48 84 57 83 60 1 50 72 46 76 94 61 1 53 56 80 70 12 78 43 17 27 89 65 39 29 79 81 44 48 14 91 32 70 26 91 70 75 15 15 2 8 28 3 60 83 82 81 47 11 75 15 37 63 80 27 92 58 7 87 
5 21 77 88 90 54 31 60 29 45 26 30 52 53 84 63 88 17 43 34 27 18 48 16 32 79 42 23 88 49 9 45 21 38 32 62 91 62 21 71 58 99 1 9 3 36 23 42 53 18 75 79 87 75 94 18 53 88 93 93 88 
53 37 8 90 68 69 33 82 42 3 39 92 55 100 94 91 74 36 95 91 62 25 29 88 19 47 93 58 39 85 45 43 21 4 33 40 72 17 73 65 19 12 8 26 63 2 16 88 89 62 79 2 86 59 90 56 5 34 13 95 18 
57 38 90 12 22 29 36 38 2 100 8 65 8 33 79 61 100 66 1 61 96 54 47 55 43 54 11 28 67 6 45 75 95 34 87 16 15 22 5 16 73 64 32 32 97 10 92 48 75 44 9 71 98 7 77 92 60 87 20 78 44 
16 53 38 50 39 5 64 12 61 31 84 25 62 68 21 23 59 68 97 55 28 19 4 86 95 95 46 82 66 75 25 82 27 15 83 17 71 98 80 32 28 64 56 41 31 28 63 41 47 11 47 27 30 50 12 76 97 9 9 62 84 
86 95 62 100 77 79 70 74 58 53 53 73 8 45 55 35 7 48 34 18 94 60 99 96 71 26 92 32 87 53 15 72 48 76 23 76 6 44 2 64 97 54 88 56 99 43 43 57 42 76 26 87 35 76 82 57 2 73 88 88 78 
2 11 77 30 33 4 35 28 5 50 24 11 38 80 61 32 22 17 73 49 95 59 83 70 93 39 23 17 79 62 94 80 24 22 61 8 26 96 36 30 45 11 40 34 90 52 65 63 21 89 63 15 100 45 36 92 36 11 8 14 24 
54 45 48 75 58 55 100 53 90 82 49 1 21 35 42 25 99 57 45 40 19 59 39 16 94 82 51 56 41 16 80 94 12 27 21 69 81 20 73 23 1 22 23 74 8 16 98 6 72 42 97 43 52 87 58 97 20 8 53 61 75 
32 6 86 10 26 55 90 98 79 64 98 100 86 23 7 54 20 65 25 13 13 67 64 100 24 13 19 83 65 31 9 48 37 95 57 14 1 98 11 79 62 9 31 47 83 89 100 55 5 77 67 18 95 83 69 71 95 39 53 11 22 
62 58 10 8 14 23 60 11 34 38 72 94 20 71 76 9 22 30 65 50 49 34 45 83 2 15 77 93 19 39 14 32 96 75 39 61 97 98 23 82 88 47 75 7 69 3 67 90 84 84 40 32 17 36 14 71 50 42 15 20 80 
80 52 27 54 90 39 50 40 62 32 79 60 58 37 28 60 56 17 44 39 8 75 55 95 41 77 44 34 91 64 66 70 67 92 75 56 83 25 47 96 8 25 55 65 62 82 77 17 50 20 55 10 46 61 4 38 90 100 72 80 15 
37 2 81 80 76 36 62 52 35 57 59 59 63 76 72 44 52 88 46 23 94 7 68 7 10 6 96 9 77 27 75 65 28 55 44 56 43 58 7 77 66 18 87 29 93 59 24 96 98 69 18 44 75 85 50 37 42 45 97 70 23 
72 34 51 26 30 58 68 87 64 96 52 33 83 80 77 93 56 72 90 24 41 33 51 78 34 39 19 30 35 41 53 58 26 55 36 55 12 3 93 27 51 97 60 33 28 88 25 83 12 66 7 52 99 9 29 84 99 100 14 33 40 
66 43 65 20 78 72 31 32 64 9 82 60 20 66 88 8 90 22 19 8 28 70 58 88 51 41 86 50 54 71 41 19 13 57 90 90 80 72 21 96 81 55 7 100 20 46 59 62 68 77 69 47 99 26 35 49 66 72 50 72 94 
42 42 6 98 32 47 78 55 20 25 87 74 31 39 93 77 97 54 44 74 74 90 72 99 76 72 17 48 21 40 41 62 81 99 11 64 45 40 19 16 64 5 89 95 43 34 71 92 39 14 65 13 55 88 11 31 59 79 78 31 18 
70 44 99 68 54 14 65 94 32 80 57 89 21 3 83 6 73 74 44 38 90 56 93 29 19 75 39 97 52 69 67 73 12 17 41 18 30 5 11 14 36 19 54 56 22 36 61 46 62 57 36 51 12 80 80 82 54 18 31 57 39 
97 29 2 13 21 19 94 77 81 7 13 100 12 20 73 48 33 70 61 41 57 11 52 36 42 86 41 12 16 49 2 64 30 3 76 50 22 21 79 2 80 43 53 91 14 77 90 98 47 50 38 3 13 90 91 6 27 83 17 42 32 
70 5 61 73 32 62 46 52 92 99 83 34 52 74 48 28 15 45 26 65 83 81 77 24 71 82 50 53 51 43 36 20 47 48 92 30 62 89 33 53 88 16 87 91 41 86 18 55 82 96 71 16 76 47 91 98 81 92 2 31 34 
38 50 32 85 94 13 46 34 46 51 21 13 89 11 5 26 81 59 7 76 30 75 51 28 17 100 8 9 1 90 94 38 92 78 75 85 90 72 70 87 22 91 99 10 53 55 35 33 14 94 60 95 68 62 22 36 61 82 44 62 71 
90 51 62 67 25 98 8 97 68 47 18 10 97 80 62 52 66 47 65 59 58 11 78 20 84 14 80 17 9 93 88 50 44 1 16 68 99 76 16 18 22 86 27 70 65 40 21 82 38 37 41 96 47 70 15 83 35 46 99 44 91 
38 93 34 39 61 53 89 88 69 6 61 54 84 30 70 75 51 51 13 39 43 60 86 65 26 20 99 23 18 94 13 56 39 46 46 99 51 34 38 19 39 98 24 74 79 45 48 81 47 12 20 90 23 57 54 48 76 52 23 45 98 
35 52 36 33 97 34 83 30 23 53 20 72 28 93 50 72 93 83 18 56 2 59 79 10 12 78 85 16 100 81 13 87 33 48 71 29 33 53 11 55 57 82 78 84 27 27 55 19 61 24 26 62 83 56 71 46 86 7 61 37 40 
25 23 72 72 93 52 56 97 14 62 53 96 39 88 22 18 94 92 78 18 17 40 52 25 62 97 10 21 10 98 60 86 21 83 58 65 34 65 14 100 27 18 95 17 6 16 34 51 59 12 20 75 3 71 51 16 20 60 36 81 58 
47 66 30 29 75 46 15 40 59 14 18 29 60 34 34 75 68 36 33 31 56 59 33 78 10 48 97 21 36 29 30 82 95 11 63 69 57 29 60 67 42 77 95 1 63 80 27 82 16 11 12 23 21 96 100 82 95 49 55 82 77 
84 64 71 47 78 92 3 6 51 21 99 80 16 51 94 47 77 75 14 39 38 36 59 33 36 93 79 36 47 61 12 82 76 35 28 53 26 30 58 28 3 8 7 70 58 100 16 34 26 82 24 63 17 34 47 4 26 26 39 24 86 
51 6 61 85 33 13 62 15 22 89 17 29 96 86 86 47 53 71 73 34 94 87 3 79 34 6 5 59 45 28 44 47 85 56 31 18 68 44 32 41 32 100 21 79 37 58 26 41 28 50 75 73 88 29 51 21 34 7 31 30 87 
74 76 23 29 58 40 48 1 23 40 33 22 60 63 10 69 40 51 96 89 77 20 29 5 23 49 90 81 80 20 19 5 95 42 86 53 81 85 5 4 25 89 77 36 52 39 5 91 41 52 32 17 24 60 73 46 8 62 26 39 81 
45 96 28 86 81 80 18 17 36 73 93 25 2 29 76 40 85 66 80 88 97 48 11 8 20 8 68 81 86 6 14 82 1 41 19 33 72 36 50 7 61 42 83 62 22 58 53 58 76 84 98 72 31 60 32 2 68 99 34 5 4 
47 86 57 39 4 41 10 91 42 69 51 36 51 12 57 9 64 67 36 47 16 59 29 75 90 30 94 88 64 98 44 62 35 52 1 38 92 10 29 34 30 31 21 81 43 29 41 58 95 76 57 10 34 85 37 24 67 30 11 30 80 
54 43 14 5 43 4 49 5 84 34 34 14 54 14 8 82 6 18 29 81 26 90 15 10 26 90 28 8 52 9 39 58 52 4 14 94 59 62 50 42 47 84 8 100 49 67 34 55 84 14 35 9 3 1 71 81 90 50 40 42 59 
78 51 10 33 64 55 92 26 5 85 24 40 92 76 88 11 9 42 46 74 29 55 28 29 77 8 71 78 99 64 36 28 14 97 61 77 4 4 54 60 88 78 99 32 53 86 42 13 80 87 86 8 93 13 36 21 73 6 99 23 69 
86 51 82 83 63 11 86 66 64 45 53 41 95 36 93 80 77 57 59 16 42 66 60 7 54 81 31 59 31 53 80 16 3 13 50 65 23 35 82 39 31 87 79 25 22 24 57 99 80 67 66 74 33 25 32 38 57 62 96 87 14 
27 3 69 92 52 85 14 39 67 4 21 53 83 98 26 58 54 24 89 20 41 62 4 66 45 41 22 6 89 61 72 67 15 92 58 18 76 24 8 94 27 29 98 61 78 24 18 31 99 7 2 40 20 58 57 17 50 78 74 38 90 
45 5 4 88 14 22 64 37 29 9 16 9 59 76 86 82 46 68 32 4 22 71 23 79 79 91 28 57 65 18 98 9 74 2 97 87 75 12 76 3 72 91 64 30 18 49 63 63 69 47 66 90 17 41 68 96 31 95 4 95 64 
1 56 37 54 4 24 28 67 99 83 38 41 46 20 58 46 34 21 14 80 38 55 49 78 22 96 9 69 51 3 32 3 10 69 57 13 44 36 79 94 18 17 34 15 88 43 13 21 15 78 1 53 33 1 30 54 96 90 74 46 45 
6 48 54 26 56 67 21 92 45 14 61 13 99 76 100 93 88 73 8 65 25 12 49 25 93 3 72 83 28 69 79 33 68 32 10 24 50 82 15 95 47 27 59 97 2 11 90 41 35 49 58 59 60 6 35 4 60 6 38 88 26 
16 72 93 48 82 16 97 15 82 43 62 9 54 58 62 64 99 3 50 99 12 8 10 17 94 14 77 51 51 64 76 67 35 68 66 68 36 14 83 69 9 96 29 62 5 91 77 4 45 26 2 56 85 12 24 78 77 100 28 27 15 
3 45 50 22 10 69 9 24 3 78 84 98 58 45 3 100 73 58 44 50 11 51 86 22 75 63 50 26 42 77 41 96 73 42 17 83 10 78 58 13 7 41 62 64 37 64 64 61 21 59 10 32 62 95 5 88 9 55 13 50 83 
5 97 55 46 65 89 8 42 98 20 48 38 81 12 26 97 27 38 69 85 47 100 46 93 57 33 53 63 98 54 97 2 50 51 100 15 92 7 8 89 78 8 79 10 19 56 6 97 94 75 81 92 26 79 37 34 63 89 96 12 95 
92 14 44 95 13 10 38 71 70 26 48 77 56 9 47 64 15 43 57 41 75 48 18 5 36 52 20 77 47 31 71 91 96 66 85 60 28 22 30 97 99 29 73 7 38 71 70 4 65 78 44 91 77 13 96 13 16 67 89 63 97 
59 5 93 24 41 52 51 62 34 99 12 62 23 18 99 93 39 2 9 16 97 100 93 62 47 5 77 13 45 91 9 3 95 53 78 35 5 81 48 90 79 12 51 54 81 2 98 20 55 7 35 4 6 79 65 52 35 93 64 79 84 
24 33 30 77 11 65 33 43 64 22 73 75 24 26 56 25 24 75 80 30 61 83 87 40 99 38 74 91 53 53 74 28 85 4 4 47 20 88 89 83 9 14 10 33 39 65 9 62 91 88 43 51 22 29 42 72 18 68 63 22 72 
88 50 8 43 5 55 14 93 95 49 53 8 58 85 99 22 46 60 64 85 55 14 7 35 8 30 5 75 44 26 46 84 27 53 26 32 59 92 76 6 40 28 65 49 13 63 22 10 75 85 94 29 50 52 15 57 82 19 83 25 97 
28 8 23 33 86 6 43 77 81 48 68 9 65 16 73 27 37 82 1 21 27 81 22 79 48 79 60 66 61 36 14 41 44 37 25 81 94 67 9 27 67 76 35 31 43 59 9 31 92 62 3 18 94 24 96 41 54 7 7 15 43 
20 7 38 8 31 18 54 49 26 80 15 53 66 97 47 24 58 77 15 19 79 84 12 54 80 53 8 86 11 22 80 82 80 17 42 10 86 95 58 63 74 25 15 39 73 13 62 30 89 28 48 19 63 12 73 42 16 32 80 26 53 
59 59 32 28 100 93 13 94 2 76 67 26 42 57 99 55 70 28 95 49 28 66 12 39 90 53 6 21 84 83 25 95 41 8 22 93 100 86 86 1 13 5 79 55 61 77 61 83 56 7 31 35 24 42 25 13 47 30 85 82 12 
9 76 5 68 49 97 67 87 34 20 99 38 50 5 51 78 65 33 33 24 15 20 47 9 44 12 7 26 96 88 37 57 16 93 24 16 89 43 2 23 14 1 12 63 5 14 40 22 98 24 97 13 43 95 73 39 6 79 64 54 66 
52 10 81 45 33 97 85 75 50 59 40 50 23 2 7 36 93 80 34 69 28 98 11 22 70 1 28 100 64 81 65 68 90 98 64 74 46 48 1 95 59 40 97 81 94 55 68 86 34 53 54 61 2 17 82 23 17 61 22 33 41 
87 100 82 36 63 8 81 62 8 75 72 47 71 4 40 25 72 78 10 76 31 22 78 47 56 100 16 16 22 100 9 60 99 42 95 13 49 75 26 56 1 98 55 24 1 46 100 24 23 10 100 6 83 29 4 38 28 19 54 1 18 
14 60 68 55 6 32 4 32 10 11 33 7 65 56 59 63 55 35 37 16 86 42 99 14 46 36 41 16 41 94 86 54 53 5 61 11 89 64 42 98 26 74 56 91 81 66 5 88 100 41 3 37 35 1 50 80 89 43 47 29 36 
84 35 40 89 95 50 29 10 92 26 35 17 33 77 98 98 33 85 50 74 39 86 8 40 36 39 80 30 37 8 65 21 94 4 61 40 6 89 1 97 66 88 65 98 16 62 47 49 98 96 22 37 34 81 28 21 71 7 50 7 66 
66 27 12 69 39 51 74 27 52 22 44 91 87 41 6 100 40 54 50 35 27 38 20 59 17 40 29 23 41 36 40 6 14 51 27 53 54 52 31 57 74 75 47 12 15 52 63 6 58 12 93 36 1 12 95 17 4 23 91 96 10 
83 2 76 33 28 28 38 31 58 94 56 84 40 67 51 44 82 56 1 45 48 36 46 60 82 14 15 57 5 10 66 87 11 93 71 90 20 9 73 30 2 28 65 94 95 15 37 28 71 89 72 18 76 17 29 58 31 43 66 87 5 
83 25 67 76 47 9 47 55 81 76 9 8 41 2 54 7 90 81 77 30 53 47 5 21 75 14 3 70 31 89 74 14 65 40 89 12 100 35 66 80 63 26 88 55 79 93 61 20 74 38 49 26 36 6 98 62 71 1 31 2 41 
56 15 6 48 55 17 47 89 34 79 51 60 66 5 38 58 66 10 83 55 58 60 42 63 58 3 86 58 86 87 98 41 53 3 40 7 71 39 95 5 17 98 16 34 54 5 91 71 14 26 25 72 85 66 86 42 21 23 51 6 9 
1 98 13 3 38 19 26 76 66 82 44 15 97 77 68 1 19 39 67 44 15 90 29 33 27 22 53 50 73 10 10 73 7 23 27 44 93 4 71 10 85 66 24 81 42 44 34 61 82 100 56 48 41 36 80 67 58 84 68 82 93 
78 6 100 52 84 95 96 88 18 58 72 83 33 5 25 76 90 37 9 41 44 57 81 80 88 99 37 72 67 70 16 96 75 15 47 10 62 94 97 79 51 21 13 84 77 89 11 66 77 20 6 21 28 86 100 67 84 88 38 50 57 
6 97 83 72 43 92 33 89 41 63 39 13 76 74 89 16 37 54 93 56 59 13 35 96 12 1 79 99 91 81 55 96 77 89 67 72 32 52 12 72 14 2 84 41 76 24 57 12 77 49 19 87 61 5 82 24 5 13 22 95 45 
28 42 73 68 61 44 99 12 7 71 77 9 6 70 84 82 26 47 10 26 17 97 38 21 30 61 77 42 34 24 38 13 65 11 80 77 6 78 40 13 100 17 21 58 86 56 39 63 54 48 88 70 96 25 42 78 37 70 19 70 93 
9 82 10 19 61 38 24 90 78 88 90 94 8 47 31 15 37 93 68 36 32 89 32 8 82 9 44 52 79 13 96 39 46 5 57 58 43 33 47 20 20 36 65 80 34 95 46 22 39 14 58 70 2 41 29 84 1 72 87 31 36 
82 70 33 39 26 90 33 10 36 4 82 24 68 13 9 14 58 31 4 71 88 25 25 28 53 60 80 24 46 10 11 79 79 43 17 57 32 49 66 19 4 47 42 71 59 51 36 17 81 39 39 20 63 63 99 67 22 78 90 19 39 
52 98 18 94 66 74 77 67 91 96 70 38 89 93 48 91 80 16 23 19 55 42 33 17 92 100 91 21 41 61 60 45 58 77 90 76 2 67 42 92 14 63 81 2 55 29 93 35 96 67 5 50 9 89 19 52 40 61 73 33 21 
32 77 31 60 66 6 61 32 99 4 97 61 85 99 68 65 43 2 60 61 58 62 69 98 32 73 38 92 45 70 12 76 98 94 87 63 99 47 47 97 2 95 10 86 93 77 2 87 30 14 48 87 75 68 84 58 40 73 49 36 94 
