46 99 4
31 2 21 83 18 85 29 22 19 36 21 75 74 59 82 70 66 8 40 16 60 41 45 84 66 96 50 63 42 1 47 24 2 67 58 71 51 86 45 21 21 17 47 46 75 81 15 93 88 54 8 48 46 52 31 11 100 81 74 41 33 20 64 34 38 21 57 40 58 1 61 78 17 7 75 91 87 89 35 75 94 43 74 39 46 4 2 45 36 75 37 68 46 52 2 35 24 58 74 
81 10 34 10 26 93 84 68 31 72 3 57 17 97 30 56 94 34 57 39 21 83 27 89 80 79 42 14 2 51 87 83 60 73 92 37 17 76 4 47 99 58 56 16 6 37 23 100 22 79 90 43 13 16 31 92 94 72 5 96 22 43 30 33 67 73 69 83 100 72 82 99 82 37 66 87 25 88 38 47 18 27 89 30 43 71 73 88 94 29 35 67 71 16 99 38 89 67 72 
88 90 53 38 71 41 3 10 66 42 47 64 59 26 4 40 20 74 12 7 19 40 94 85 63 9 83 52 97 49 23 37 90 28 74 61 68 29 22 85 70 68 48 81 45 51 20 64 76 84 23 94 75 16 30 37 76 12 40 25 12 63 61 2 42 86 14 9 66 35 46 36 54 93 68 99 96 39 62 23 22 36 69 97 3 98 85 79 62 77 3 25 91 15 26 32 52 91 92 
18 77 37 53 31 30 72 81 77 10 94 99 84 30 67 32 32 65 16 10 78 44 64 2 34 30 28 65 82 70 57 99 47 93 3 77 74 74 9 50 35 2 49 18 31 67 49 15 83 17 76 60 60 40 62 94 69 41 58 50 10 66 100 8 11 2 36 84 75 44 34 10 46 34 27 28 52 28 42 35 44 70 94 55 61 55 48 29 47 58 31 9 75 30 16 85 32 52 69 
58 95 54 19 40 87 98 20 90 25 13 24 20 82 18 74 42 24 74 23 71 31 5 79 5 34 94 90 17 97 10 27 92 63 45 83 1 42 2 90 18 67 14 37 48 83 63 42 6 36 64 28 18 68 58 74 53 4 63 22 100 24 100 91 86 44 74 86 38 27 28 7 93 93 96 93 75 58 34 80 45 97 60 62 16 17 35 20 20 50 41 20 73 40 62 11 36 87 48 
25 14 75 31 58 67 26 2 41 35 35 73 79 83 84 40 98 100 27 70 72 76 10 43 100 2 4 10 89 43 58 13 8 32 95 65 51 73 67 43 7 53 15 38 36 50 77 85 50 55 54 73 30 16 15 82 17 70 91 57 12 48 69 19 32 63 36 82 87 54 24 94 6 91 31 93 40 59 30 41 14 83 13 95 50 79 76 18 1 19 74 12 66 42 83 97 57 70 30 
95 23 6 88 80 96 70 25 87 81 54 80 94 88 92 40 38 23 68 55 23 86 29 86 51 22 20 100 30 89 81 25 63 86 64 95 33 34 19 72 14 72 51 59 59 94 50 96 16 17 3 38 2 83 76 5 4 95 56 86 84 36 10 98 74 25 92 58 10 10 29 75 33 79 33 92 73 35 39 40 51 93 30 5 75 5 9 79 99 16 64 34 3 25 32 76 1 75 34 
11 85 14 85 17 45 70 60 17 4 51 8 6 43 37 10 18 41 70 96 92 85 11 25 88 87 8 15 87 83 100 97 19 14 34 35 58 3 47 26 6 97 33 11 39 70 73 56 62 42 3 5 79 65 82 18 3 89 32 90 23 84 38 41 97 71 28 6 73 74 31 30 22 15 93 60 36 65 68 98 58 22 54 36 39 35 5 41 76 89 30 98 72 20 91 20 90 18 25 
15 43 55 96 16 21 40 27 57 4 46 6 14 68 59 1 6 94 6 46 69 94 28 66 17 47 8 36 88 77 12 54 71 18 2 86 38 41 13 94 45 58 99 10 77 58 10 34 3 15 80 71 60 59 88 76 57 96 63 44 72 26 50 95 43 51 80 81 43 44 26 87 54 77 48 30 86 58 64 88 72 95 10 84 53 97 11 9 44 26 4 68 51 5 62 94 7 93 26 
50 37 51 88 90 27 36 19 64 93 34 51 16 28 60 99 32 9 10 92 4 35 48 71 85 52 84 30 59 77 55 60 13 58 47 54 84 82 24 48 26 58 50 42 85 62 40 69 70 1 60 25 87 7 96 72 11 31 1 69 7 8 28 71 65 26 24 100 60 48 99 85 57 49 78 93 62 70 61 83 70 21 7 57 79 2 80 89 33 32 9 91 39 88 14 55 14 89 55 
73 88 53 9 44 53 87 37 14 56 97 96 77 69 3 33 100 56 64 88 40 96 49 83 86 36 96 41 1 84 95 25 72 99 34 67 4 72 3 69 79 52 65 55 72 19 40 71 26 3 11 66 50 59 100 88 46 95 28 47 30 74 23 53 24 56 20 27 79 74 96 57 25 12 12 97 30 3 19 7 57 81 24 7 91 23 94 37 69 73 35 51 46 57 3 21 65 74 48 
43 48 43 52 24 6 15 20 87 17 91 93 73 71 17 31 62 39 24 50 60 48 36 10 45 92 64 66 8 38 13 3 37 7 54 60 12 68 32 98 84 22 90 56 44 58 39 5 49 14 6 8 62 41 17 6 85 80 71 92 69 35 94 5 41 47 65 4 14 96 53 49 17 95 57 60 52 95 17 100 8 22 7 69 63 75 27 47 7 97 90 75 84 84 80 24 82 44 80 
48 39 32 48 7 26 4 18 30 50 86 29 58 8 88 78 22 14 4 20 20 53 9 95 88 44 74 63 78 69 42 25 59 26 72 17 51 28 34 80 77 20 61 86 79 100 64 52 13 19 71 85 23 31 79 10 27 4 25 4 24 66 80 82 91 3 98 94 30 83 25 59 2 37 44 32 36 59 83 1 30 53 85 4 36 15 66 14 70 90 17 93 55 48 26 98 50 23 91 
32 5 67 90 59 4 85 90 91 44 25 91 73 77 27 76 64 93 41 77 62 30 45 6 37 44 31 34 94 53 76 77 10 94 66 20 97 2 61 88 45 85 30 69 62 9 45 77 1 37 6 15 19 2 20 55 46 51 40 91 55 67 67 16 60 84 35 57 85 96 96 30 80 77 98 93 85 94 22 38 83 27 52 1 28 71 55 73 73 46 63 80 12 81 95 71 64 30 79 
49 77 74 30 56 3 79 49 87 25 22 24 7 48 75 7 27 98 13 100 22 58 14 1 21 95 96 91 58 77 22 58 53 47 39 8 49 18 8 36 42 29 11 100 28 38 6 55 35 70 6 8 27 19 9 47 65 56 89 75 32 10 32 84 57 23 43 5 92 3 92 85 83 3 84 63 40 89 17 26 58 22 33 36 92 93 34 57 48 74 31 31 84 14 66 92 36 9 48 
27 63 92 11 97 94 46 59 85 86 75 10 43 48 94 30 40 87 63 96 86 37 78 17 72 43 82 15 31 42 14 9 56 5 72 53 98 17 11 82 3 86 43 97 85 37 27 24 75 41 71 12 29 100 28 100 43 62 66 73 55 80 81 11 84 52 63 34 21 73 67 23 10 10 19 95 98 97 70 24 38 41 35 66 40 15 18 34 28 35 6 82 14 39 92 50 42 6 35 
62 79 1 36 40 62 55 34 59 3 4 34 40 96 69 58 35 35 27 21 62 61 26 43 27 16 87 76 58 92 62 71 22 62 7 62 76 13 47 86 15 50 20 55 97 40 64 84 74 90 4 87 50 29 81 28 97 67 3 54 59 16 76 32 78 82 93 53 94 40 38 9 41 9 15 38 48 30 21 73 19 24 59 20 4 40 48 100 6 2 5 16 18 81 48 47 62 40 51 
8 31 40 16 72 49 82 9 96 11 29 69 81 4 27 100 7 66 99 7 24 1 11 91 70 91 38 16 5 30 66 12 12 57 79 83 5 60 43 1 22 23 21 2 26 99 53 33 17 52 91 92 4 53 82 73 44 72 40 48 1 57 11 64 13 89 47 70 100 41 70 21 64 42 74 41 40 78 73 8 81 15 99 84 68 81 8 63 52 99 62 4 7 72 67 72 60 65 41 
59 6 62 31 69 3 56 9 94 33 34 54 14 100 52 49 67 84 9 81 87 59 42 90 66 13 9 37 72 73 77 82 78 90 12 98 92 19 59 37 52 44 90 17 43 94 65 62 77 25 42 64 84 84 5 1 96 13 37 20 38 65 53 67 6 17 65 97 35 75 85 86 18 27 54 12 20 71 73 48 95 15 63 30 50 68 30 45 32 18 16 69 34 21 88 39 37 4 87 
23 78 24 61 47 50 14 58 21 84 31 20 31 97 83 60 46 2 42 42 85 59 10 54 45 30 93 35 18 96 22 40 73 45 100 19 46 14 28 66 49 58 85 79 54 19 91 99 20 32 41 5 42 50 10 86 31 2 73 48 97 94 87 21 90 39 91 35 4 18 52 52 28 36 83 81 7 73 32 26 56 24 82 49 25 91 87 55 44 59 54 92 52 92 12 93 30 54 27 
33 72 78 37 99 65 71 31 71 95 62 49 50 37 30 50 61 73 36 67 16 94 72 8 97 64 71 89 45 25 15 30 96 44 66 46 61 88 76 83 82 90 31 83 26 13 32 39 85 68 57 100 61 29 59 10 44 30 98 88 54 65 17 1 60 34 98 20 21 73 3 54 14 85 36 40 97 20 30 81 87 38 33 99 18 91 8 61 72 58 49 25 22 17 77 81 51 74 53 
23 99 7 77 12 91 64 3 40 83 32 72 21 22 4 20 39 47 79 100 18 36 100 95 9 68 71 90 70 97 94 93 95 100 21 6 42 84 9 81 19 92 5 39 13 60 58 52 6 89 3 76 24 54 70 33 21 92 74 91 88 67 35 82 66 55 88 59 90 48 92 60 39 96 99 4 55 8 7 13 96 61 88 72 14 9 56 86 100 81 76 88 47 62 21 64 16 8 74 
58 7 65 17 98 60 67 1 67 75 59 79 22 19 18 93 84 26 100 69 25 80 97 64 78 58 85 93 26 44 67 83 51 31 51 100 43 18 52 9 92 10 39 13 80 8 58 63 33 9 83 9 89 79 25 18 37 9 11 62 4 77 96 54 59 46 5 1 15 56 61 58 65 99 71 96 6 80 58 90 88 93 99 28 71 23 46 59 83 56 72 86 84 67 92 42 65 96 95 
79 52 55 37 68 54 59 64 11 90 73 1 29 65 51 57 36 25 54 94 59 61 18 44 44 84 87 37 100 35 83 79 86 38 67 5 43 25 68 5 66 41 5 94 57 7 50 92 31 3 38 41 63 55 85 58 90 23 47 90 57 29 20 94 18 86 99 60 62 18 65 27 10 21 20 67 80 22 10 10 76 99 51 91 5 87 48 95 61 46 36 18 27 55 11 44 92 61 56 
53 31 72 79 40 44 50 6 23 71 68 85 47 66 87 37 71 73 36 17 85 34 4 2 60 58 65 55 49 77 62 53 7 33 31 47 77 32 4 51 3 71 35 1 89 21 89 11 45 76 79 30 9 82 31 20 91 47 27 39 24 88 43 30 73 73 28 1 56 32 51 58 54 86 10 42 58 98 52 3 26 82 32 34 63 14 6 53 13 84 43 88 71 85 17 43 9 97 95 
65 28 46 22 81 83 84 75 40 81 78 94 6 60 25 92 22 91 49 27 55 32 69 42 54 54 10 49 62 6 43 26 33 88 100 66 22 83 92 62 15 21 55 21 80 32 64 54 74 12 80 28 95 100 21 48 53 30 96 67 88 91 92 72 30 43 89 52 25 80 13 40 1 19 12 32 2 75 37 75 38 68 54 32 68 26 31 72 56 79 38 95 69 30 66 98 72 55 1 
49 86 65 40 86 84 51 70 37 77 58 12 14 26 17 97 45 43 27 16 50 57 54 44 25 35 61 75 58 15 75 6 1 92 97 38 75 47 59 63 75 17 74 88 94 43 36 38 37 15 53 86 71 58 81 48 92 41 22 50 8 48 7 60 39 4 97 65 2 56 28 77 24 53 16 17 47 52 54 83 18 58 20 88 16 100 87 7 93 60 8 52 8 15 11 98 70 7 15 
71 14 94 99 37 98 15 53 45 18 58 27 87 16 47 74 31 98 61 37 42 72 97 93 79 11 3 29 80 62 95 2 27 88 1 64 37 67 68 81 36 26 60 22 41 58 47 23 55 59 11 49 31 7 41 61 69 96 41 100 9 35 2 35 74 54 98 11 72 18 43 7 95 2 80 87 59 26 9 66 85 19 14 15 78 54 27 46 1 68 46 9 2 99 44 28 4 93 38 
75 62 80 33 56 34 12 42 44 37 50 9 73 21 22 39 98 28 66 95 28 33 40 89 86 90 84 13 93 76 50 19 38 82 51 45 67 62 87 10 51 88 19 23 8 92 62 57 71 27 4 51 11 95 39 96 85 22 9 77 49 10 96 38 91 98 83 9 60 21 19 10 8 89 84 68 32 45 76 3 23 79 53 33 74 43 81 58 16 89 86 16 50 33 6 93 31 40 1 
42 60 71 3 19 59 86 86 91 83 62 45 57 92 49 42 65 91 22 74 58 62 12 73 11 44 30 55 26 69 56 19 80 26 73 99 37 11 36 79 93 49 23 1 41 71 42 5 13 15 79 70 28 90 94 91 85 24 45 63 44 100 81 24 78 6 22 14 16 9 92 8 58 66 60 98 36 2 2 100 68 32 21 96 73 66 86 58 41 82 72 85 34 4 60 11 9 33 76 
24 41 19 83 98 84 43 95 71 96 49 22 63 32 42 10 5 7 95 14 48 29 85 84 62 88 43 24 97 75 99 72 15 17 55 65 52 97 11 74 44 59 95 6 91 36 16 47 94 62 60 93 90 44 76 51 83 18 74 31 44 24 3 11 92 9 75 95 57 85 68 100 96 62 5 38 49 72 84 43 86 43 35 75 38 63 78 20 32 3 3 76 79 57 38 70 17 64 65 
73 100 84 72 95 98 28 32 46 52 15 40 37 57 27 11 46 89 40 18 72 43 20 47 21 28 36 42 44 99 58 16 99 42 39 45 39 18 77 36 69 43 76 57 52 2 68 97 42 59 14 13 53 85 12 25 64 99 67 7 98 76 74 48 17 64 92 7 82 20 43 2 63 70 59 66 23 78 62 16 36 28 28 41 64 91 65 28 90 83 86 39 59 60 86 27 23 77 86 
56 49 80 58 63 49 68 28 71 45 41 86 32 68 65 72 84 8 89 63 97 71 48 35 81 7 72 60 82 100 45 37 48 24 46 10 24 13 37 46 9 78 83 41 97 99 64 32 6 52 94 54 75 42 40 7 100 11 66 33 11 62 22 58 85 67 20 60 32 8 5 92 37 87 84 86 38 48 17 43 51 63 97 25 4 36 84 55 99 49 88 9 11 9 18 47 27 37 7 
10 45 63 2 81 2 85 66 39 84 35 81 35 97 29 11 52 17 94 6 15 95 45 23 5 5 40 51 32 29 9 93 25 24 94 57 25 31 75 63 14 9 95 100 5 24 11 56 92 56 13 6 50 58 28 54 14 19 57 97 99 17 90 23 40 35 32 16 65 6 78 31 14 25 30 70 100 92 77 91 100 41 96 49 98 75 55 64 45 63 60 44 31 49 18 71 84 1 86 
100 6 16 82 71 40 64 40 39 55 16 81 54 9 76 55 6 2 9 69 46 23 81 41 53 29 11 75 64 11 13 64 69 28 97 39 19 60 79 9 15 46 89 20 54 16 74 12 17 34 32 14 56 12 55 61 93 17 35 56 79 47 71 47 26 68 86 44 27 16 4 93 13 92 65 19 7 90 30 75 24 13 89 31 77 95 91 69 63 78 76 41 24 47 88 50 66 25 45 
44 40 49 89 4 92 53 22 51 94 51 25 69 16 65 100 92 59 42 12 73 19 87 14 43 85 53 44 50 77 88 46 68 88 34 71 80 38 45 30 31 47 54 100 62 71 51 5 29 44 16 54 63 55 67 57 39 19 100 41 47 39 86 66 27 71 88 6 60 32 87 42 79 40 93 92 10 95 97 91 39 64 44 1 18 62 57 57 32 8 97 78 98 34 95 24 56 82 81 
15 66 67 8 96 59 53 87 20 47 35 62 85 99 57 37 16 18 45 72 1 52 20 30 50 53 24 25 60 58 58 26 75 76 34 70 86 86 8 6 32 43 19 69 41 76 5 56 45 50 80 46 1 99 75 2 4 51 79 63 8 88 89 82 15 22 3 1 59 10 58 42 52 76 10 92 3 15 100 100 64 79 97 16 77 71 70 80 21 100 43 80 39 83 13 53 56 15 53 
14 77 62 55 28 38 17 72 92 31 71 91 46 1 87 13 29 10 34 9 82 85 3 14 23 85 26 76 92 93 80 5 69 42 11 48 31 27 19 22 9 41 65 6 93 3 19 22 64 4 82 98 89 84 11 63 20 88 38 63 80 70 67 100 63 29 48 93 56 18 66 16 11 82 22 55 85 92 76 100 95 57 97 35 92 7 98 63 95 87 25 26 8 43 26 70 72 25 62 
79 94 28 94 56 61 15 11 45 58 86 97 5 95 93 39 86 100 88 1 46 75 25 71 82 68 48 52 39 24 65 17 70 44 62 25 5 29 35 1 86 73 97 90 67 90 29 52 41 68 4 86 42 29 8 76 48 8 79 38 83 43 54 52 39 67 77 43 95 11 43 81 83 40 22 1 81 2 5 21 70 8 6 63 36 65 38 83 24 68 20 7 63 25 58 1 92 34 43 
38 97 37 70 31 76 92 32 56 93 36 28 62 43 85 25 31 50 14 65 73 82 85 79 44 61 89 44 4 22 38 42 70 74 11 53 2 54 36 9 47 71 37 8 65 21 84 47 22 98 12 95 79 48 25 74 8 13 69 64 87 6 57 8 31 67 60 84 73 95 45 19 17 81 78 34 53 62 80 75 59 91 21 89 90 97 14 50 10 82 13 48 39 69 55 21 87 15 5 
59 9 49 77 78 81 7 11 85 68 90 11 78 33 83 18 74 80 83 23 89 64 35 88 54 55 42 26 42 56 30 52 17 30 81 94 62 87 4 99 6 45 9 83 29 92 52 3 71 34 25 11 49 12 98 2 66 39 27 59 47 9 11 63 90 91 56 4 77 11 2 82 7 10 16 36 53 67 90 75 52 66 85 100 29 34 53 95 25 31 53 71 91 15 85 81 5 92 36 
33 2 37 14 60 98 81 47 3 99 36 77 50 54 14 49 82 47 1 28 23 32 33 93 22 47 29 54 4 20 41 36 73 29 2 33 27 82 79 81 81 67 57 30 20 70 31 53 69 31 33 91 14 65 36 36 11 64 41 66 84 82 2 56 10 3 40 88 36 19 68 68 37 77 50 8 46 80 60 14 10 92 5 76 8 92 11 71 55 3 36 90 36 37 98 46 91 37 85 
79 7 5 46 43 81 95 2 26 26 62 92 36 5 96 11 13 87 73 35 93 27 70 83 63 59 80 60 1 68 44 79 27 48 77 21 80 23 23 6 49 36 97 36 40 44 98 4 82 70 38 26 48 60 8 10 18 39 69 70 59 65 49 85 64 77 5 44 99 27 1 99 62 97 34 54 92 31 9 25 52 99 50 100 58 10 61 27 48 82 96 6 46 96 42 9 72 47 52 
23 25 52 73 87 100 7 92 43 89 100 67 93 98 69 44 55 78 56 33 77 37 29 35 82 24 76 43 48 22 94 22 47 98 94 85 49 52 76 92 93 75 10 37 25 78 80 79 7 87 12 84 24 92 18 5 67 45 99 14 19 45 35 17 42 81 1 42 32 28 85 24 54 47 12 78 76 91 9 83 30 72 66 53 63 35 9 29 79 8 43 97 52 29 13 45 9 65 38 
93 92 23 68 46 69 80 75 44 22 83 78 51 54 95 55 16 29 64 45 60 71 39 56 74 19 21 70 80 85 7 24 29 81 91 26 49 22 100 45 96 83 74 46 36 69 53 4 97 16 100 56 38 90 64 11 8 84 32 39 20 38 62 100 19 5 25 19 78 77 15 73 11 89 71 46 57 23 1 5 38 100 61 27 41 76 37 49 11 20 39 82 57 1 82 75 57 58 46 
34 34 60 7 44 48 77 42 56 51 94 61 88 94 73 14 86 48 2 34 58 21 25 91 29 77 72 4 33 30 1 18 15 60 24 11 60 52 4 15 2 97 75 41 42 99 6 28 46 7 13 55 79 37 46 8 13 69 63 97 50 63 15 17 74 90 27 33 42 30 100 95 78 74 36 20 73 41 47 70 100 11 77 30 48 74 37 12 42 51 9 44 65 75 60 39 64 86 23 
