352 17 12
49 1 22 93 38 22 9 87 18 33 45 89 14 83 11 2 97 
73 20 25 49 15 83 5 34 61 85 26 13 54 38 13 6 11 
5 96 85 65 82 2 49 78 91 14 12 53 16 8 78 87 32 
26 1 67 82 86 27 19 63 91 72 53 3 77 15 59 72 99 
24 5 1 24 35 43 38 46 47 5 6 24 91 89 2 44 7 
83 29 34 1 92 76 24 96 79 53 10 37 76 9 12 81 61 
36 67 3 73 64 1 77 69 25 19 10 26 62 16 60 43 1 
13 86 77 36 81 7 88 90 43 64 50 7 96 10 42 62 64 
66 77 65 94 98 41 64 7 66 26 74 25 20 27 89 57 55 
25 37 61 64 78 55 79 28 61 26 89 54 39 5 71 16 69 
64 13 9 28 71 26 5 96 2 24 22 91 80 28 15 68 88 
30 97 95 61 76 7 86 65 61 25 69 31 40 89 47 4 49 
26 74 74 30 69 75 5 43 65 36 70 31 55 10 13 51 4 
73 27 10 58 43 22 34 63 5 25 51 51 28 99 28 53 24 
9 22 98 13 16 15 100 37 97 6 46 9 8 49 33 86 11 
91 28 32 76 42 36 1 92 38 80 42 65 33 65 73 6 15 
37 21 29 88 57 25 93 55 86 53 55 18 38 65 60 18 97 
36 59 84 88 51 22 67 44 38 51 9 11 56 75 99 28 3 
87 37 79 31 91 16 83 45 34 21 62 93 90 58 80 48 93 
19 50 66 38 94 4 88 54 66 44 28 64 23 82 50 59 60 
81 49 76 15 46 61 87 7 5 76 16 85 24 60 55 73 26 
92 18 29 80 71 94 75 98 57 97 79 59 8 91 91 8 18 
5 53 78 92 11 82 67 78 18 42 38 73 67 63 16 84 91 
47 55 36 21 4 44 70 35 2 77 25 44 84 42 49 89 19 
92 51 52 10 29 70 52 66 94 70 28 9 53 70 8 59 57 
28 63 100 49 97 54 25 73 97 61 14 97 1 84 88 51 87 
50 79 56 1 96 1 70 23 62 74 44 69 33 100 48 47 100 
97 43 5 21 67 1 33 80 50 33 15 37 36 1 86 66 9 
38 62 9 59 36 22 85 80 90 17 79 38 63 30 34 57 34 
6 23 87 91 54 36 75 20 24 10 20 62 28 80 51 89 89 
62 24 62 46 55 52 62 34 41 76 15 26 84 49 83 58 87 
73 11 22 48 82 45 9 1 58 36 81 9 76 21 70 52 34 
15 6 85 28 91 77 55 6 2 38 6 37 47 92 9 57 13 
8 90 9 17 90 67 52 22 27 80 94 96 31 28 62 36 64 
89 27 93 95 32 46 32 89 82 78 80 91 86 92 98 75 52 
66 16 70 70 90 96 49 35 91 79 14 52 66 30 92 92 22 
86 75 19 69 63 1 98 94 43 35 85 92 61 89 58 29 58 
27 18 54 27 4 44 5 18 48 22 99 91 14 72 29 40 90 
97 55 42 47 48 84 81 85 76 94 73 85 22 30 63 91 35 
89 94 31 45 63 78 66 61 20 31 84 48 23 74 97 77 15 
43 76 51 75 60 78 68 84 62 41 14 24 31 48 64 77 30 
8 39 7 25 52 79 56 35 26 78 60 22 6 27 16 81 77 
43 93 6 62 76 67 3 89 42 33 89 57 9 18 16 100 77 
40 51 55 47 37 32 76 49 6 81 75 21 14 3 63 6 60 
25 81 26 79 22 19 11 62 75 72 31 90 71 59 81 73 65 
28 61 97 3 9 2 36 35 74 1 89 89 6 48 65 86 25 
43 59 95 5 20 69 28 3 10 50 61 91 22 26 18 83 74 
72 43 27 59 30 52 59 18 40 16 18 56 54 94 50 12 89 
7 84 57 34 86 67 84 98 9 5 75 78 39 100 49 34 26 
60 63 78 70 32 69 86 1 25 39 95 26 2 83 32 85 91 
66 22 9 49 72 17 5 46 94 96 46 95 81 23 6 95 100 
75 78 21 60 79 97 50 25 22 52 7 54 88 49 71 62 58 
71 33 74 27 30 20 74 75 14 54 50 19 100 49 45 78 69 
5 8 17 6 32 39 9 90 44 97 38 14 58 47 84 42 21 
10 71 92 84 98 5 89 47 75 89 47 19 18 16 75 25 84 
81 8 22 89 97 65 37 86 78 94 33 13 35 5 75 58 96 
10 55 52 50 1 78 38 47 96 7 14 23 31 98 3 38 19 
43 86 36 80 24 65 25 8 78 12 64 4 69 11 13 23 14 
62 23 91 52 69 38 58 35 60 41 32 14 30 2 57 68 37 
88 91 2 12 50 31 23 13 34 43 75 98 65 88 11 39 78 
62 8 15 72 94 27 12 25 40 41 26 96 8 15 83 50 68 
47 99 98 21 63 83 64 37 80 28 76 90 67 53 4 26 20 
75 19 46 38 95 85 78 72 33 38 86 67 39 53 13 90 2 
34 52 84 97 41 15 76 16 57 94 21 60 71 40 34 41 37 
71 35 73 100 59 5 89 44 24 28 49 36 17 2 21 20 38 
69 12 52 45 28 8 90 100 19 61 91 4 1 27 74 88 51 
26 46 8 66 41 31 93 41 66 61 43 87 33 32 55 44 83 
51 23 43 41 22 61 53 12 65 53 90 90 40 41 67 37 48 
33 78 30 77 18 95 38 12 33 70 43 40 65 26 42 88 20 
34 9 32 86 73 96 39 62 38 30 54 56 67 53 88 44 82 
65 13 77 54 25 61 75 67 52 39 44 94 26 63 27 87 47 
13 59 94 3 72 31 84 26 39 2 78 26 45 60 42 10 88 
47 34 100 21 52 52 12 96 45 89 10 23 75 56 87 85 50 
89 57 32 25 82 70 26 59 48 23 70 41 32 57 88 17 57 
60 68 8 71 15 4 12 77 26 38 32 65 23 33 53 31 17 
29 12 38 55 22 85 77 92 26 8 100 65 76 8 24 43 67 
47 58 70 10 86 48 47 69 12 21 2 16 51 70 45 14 7 
99 36 92 27 79 69 86 30 33 61 38 8 3 4 6 12 26 
15 97 25 62 66 36 82 19 3 85 88 99 98 94 49 85 37 
75 15 57 60 45 41 20 34 49 75 89 54 86 14 21 35 38 
82 52 25 15 70 80 99 9 78 49 54 27 33 43 1 100 99 
13 44 40 32 29 40 6 17 93 44 83 13 30 72 46 81 97 
13 2 28 11 10 5 59 63 31 44 5 84 43 56 96 38 47 
79 18 86 37 86 30 80 68 95 61 40 40 41 88 52 42 15 
15 51 71 25 65 2 20 22 37 62 29 32 51 75 62 68 60 
98 54 89 29 21 83 89 12 75 81 51 78 22 17 92 24 88 
69 89 41 88 62 77 2 90 60 52 64 73 20 75 71 25 63 
51 97 98 92 61 72 72 11 1 94 80 45 69 67 13 9 59 
52 70 87 53 11 46 5 26 18 76 100 40 100 15 43 48 12 
34 8 35 5 71 35 50 50 79 19 68 43 79 26 95 49 12 
47 11 9 3 37 78 78 36 70 29 2 12 77 13 97 84 99 
1 54 34 3 55 64 21 22 7 99 99 1 99 62 47 62 22 
50 98 100 79 85 21 8 87 84 36 51 80 71 50 80 25 35 
34 79 98 6 53 56 57 51 56 55 65 55 16 86 56 65 37 
86 2 57 93 40 40 80 90 19 51 91 51 75 25 84 5 75 
90 9 30 46 12 38 52 76 44 20 61 51 36 98 36 37 6 
29 76 46 60 18 16 10 8 18 36 85 54 93 59 95 1 40 
92 12 29 43 87 72 14 100 22 50 49 58 38 54 38 14 51 
97 31 19 59 90 36 94 74 89 86 84 83 87 24 74 50 52 
69 89 76 34 88 49 35 88 58 73 41 95 38 44 44 20 62 
2 9 97 95 35 38 33 18 72 19 41 98 68 45 66 8 72 
99 47 72 34 34 30 58 75 76 95 18 19 14 79 72 74 27 
19 8 64 51 26 88 21 18 85 40 14 2 48 37 100 94 9 
85 28 38 94 54 13 88 23 84 53 53 7 27 79 25 86 95 
27 63 82 47 81 18 87 46 19 86 83 70 79 43 55 58 80 
48 11 44 88 33 79 92 85 86 70 16 62 56 62 41 18 43 
39 50 12 77 48 30 62 82 99 93 24 5 50 55 5 13 50 
92 45 29 83 82 66 53 49 79 60 10 19 29 4 10 79 15 
86 78 44 48 59 42 40 34 47 89 88 51 1 37 94 98 17 
28 31 34 32 79 65 91 88 35 20 43 44 50 57 30 27 100 
77 37 93 68 70 91 8 57 93 61 45 38 58 14 66 40 99 
97 18 63 88 57 98 59 99 41 8 7 22 34 58 50 22 50 
17 91 93 25 99 85 85 95 75 94 60 40 85 59 36 54 21 
75 10 70 33 60 63 40 66 84 25 23 34 98 24 50 88 68 
26 86 5 62 33 79 55 92 18 39 50 5 92 23 80 53 44 
64 64 6 56 81 42 32 55 75 30 31 76 69 98 54 7 2 
15 39 80 22 82 49 12 32 54 4 6 85 8 49 100 24 7 
55 4 48 39 59 74 68 89 1 88 38 54 94 40 69 32 71 
90 14 20 1 97 25 56 54 61 16 54 60 39 60 67 42 59 
5 52 84 24 92 85 11 30 38 5 21 6 88 91 95 53 10 
48 49 34 3 54 46 18 8 6 56 19 72 50 78 28 53 13 
3 97 97 65 26 35 21 46 40 9 88 87 13 98 34 62 83 
36 67 29 6 74 86 13 93 9 62 22 88 67 34 90 63 83 
54 40 17 27 37 56 35 24 94 99 73 27 60 8 15 27 88 
20 52 73 32 96 81 46 69 68 12 55 9 74 37 14 65 53 
40 1 60 26 24 54 25 97 80 36 56 94 14 43 13 66 15 
97 61 47 42 30 66 53 36 26 78 72 39 42 24 31 42 83 
56 17 36 80 65 68 68 20 61 81 62 26 46 28 22 59 26 
63 40 91 67 75 68 44 46 7 37 21 37 78 3 44 94 91 
76 11 58 43 30 18 23 92 95 21 71 16 31 97 78 70 39 
96 96 7 39 93 65 75 13 1 4 67 44 50 57 19 60 14 
13 89 84 36 32 78 8 55 94 38 51 23 59 89 19 54 47 
9 98 11 36 62 11 39 28 7 88 85 77 99 50 90 88 33 
77 71 11 84 25 56 21 27 30 79 16 100 84 62 9 33 73 
96 94 35 34 21 93 74 57 70 72 7 11 11 39 39 82 1 
22 58 8 94 85 90 24 52 89 7 13 49 39 37 44 84 24 
78 4 16 3 61 37 74 67 47 85 57 85 18 10 58 75 17 
51 11 6 74 62 47 32 27 47 22 63 91 5 86 20 9 54 
22 21 90 95 39 37 31 95 73 48 56 31 75 73 33 85 30 
7 47 28 38 73 75 60 87 65 64 25 36 24 78 9 96 67 
55 34 55 86 81 28 85 36 10 59 60 42 96 90 100 42 69 
38 66 43 49 4 59 64 28 94 88 5 2 83 24 57 69 78 
94 49 57 78 84 18 89 44 60 84 85 59 77 53 48 42 96 
96 45 54 60 25 100 99 29 53 33 4 61 1 82 54 49 90 
84 33 8 72 76 19 55 60 77 83 12 77 24 59 72 20 13 
83 44 64 81 25 16 14 28 77 66 61 82 15 51 65 99 10 
88 74 28 94 85 56 76 48 32 99 7 56 71 71 38 14 34 
71 38 1 36 18 77 1 78 59 15 80 75 13 89 63 38 68 
56 74 24 32 22 55 30 80 10 52 2 100 66 87 70 55 87 
5 24 16 5 54 26 72 33 100 84 74 62 74 41 18 47 64 
1 20 71 30 51 32 34 52 31 99 90 100 5 29 56 29 44 
13 82 69 84 66 20 19 91 82 92 32 51 91 47 51 10 69 
32 61 1 65 64 31 15 54 83 20 82 90 100 25 2 81 45 
85 98 16 56 89 49 47 72 99 37 18 1 99 87 85 11 87 
1 74 69 16 27 3 87 60 93 86 36 94 18 80 31 15 48 
86 55 96 84 26 47 73 44 47 71 82 83 81 20 84 54 40 
99 33 43 37 92 87 74 28 32 91 59 62 57 6 99 12 54 
83 37 100 55 32 98 77 65 81 57 84 16 62 24 66 46 18 
2 38 4 75 17 35 17 27 49 73 85 47 36 38 81 25 89 
87 56 38 63 73 18 71 56 85 85 31 50 30 48 3 19 3 
77 35 90 45 14 90 18 98 88 5 87 69 29 75 55 37 12 
70 9 82 40 64 66 24 47 68 6 94 70 24 49 99 11 90 
43 24 79 12 73 66 17 59 86 97 85 93 33 96 62 41 29 
53 57 47 29 3 14 34 48 35 9 48 85 19 37 28 94 15 
91 18 33 59 76 18 56 12 62 88 60 23 81 88 28 37 86 
8 91 51 93 38 86 1 86 70 72 22 49 17 89 92 35 21 
50 62 90 57 74 52 97 33 26 77 72 53 65 10 60 55 60 
52 92 97 5 29 67 76 3 67 92 91 10 78 63 12 40 52 
68 65 3 64 49 29 92 20 33 56 81 45 62 41 48 6 37 
52 34 55 79 88 74 23 78 83 100 40 46 91 44 14 55 46 
29 3 26 73 75 11 80 55 55 42 47 2 47 84 6 32 90 
84 20 63 6 49 98 58 41 43 48 84 56 55 81 37 57 59 
61 83 69 40 38 23 81 36 76 79 19 81 11 9 17 82 23 
22 30 20 31 22 63 31 5 70 85 38 58 41 96 18 24 64 
58 13 38 90 48 13 69 19 46 31 79 62 12 1 35 93 21 
66 15 35 96 71 56 80 8 14 72 55 31 47 70 40 11 7 
30 11 72 50 29 69 80 7 30 43 59 16 87 31 33 1 17 
28 24 73 59 31 86 83 86 68 29 7 8 92 14 89 2 37 
90 30 5 21 88 86 15 98 1 1 29 34 54 45 13 77 69 
24 7 54 6 44 74 86 51 33 77 16 21 30 4 62 59 8 
82 98 93 96 48 45 96 28 78 49 24 43 25 93 66 84 46 
23 27 71 8 29 3 37 44 75 66 47 36 77 6 17 26 50 
12 73 95 60 100 24 8 76 66 85 68 31 68 65 53 46 36 
13 27 38 1 70 13 18 69 48 46 26 65 72 76 28 96 22 
87 48 97 47 23 63 31 90 45 50 6 50 95 41 14 21 31 
14 43 43 83 63 42 29 88 58 52 15 86 99 88 24 46 85 
70 20 99 100 61 43 1 67 92 96 59 5 68 89 70 62 83 
53 76 25 33 16 82 84 82 67 82 70 91 80 54 12 51 52 
12 12 46 12 30 90 59 88 46 79 77 16 92 59 20 68 35 
52 35 17 87 16 35 20 85 77 99 90 89 50 93 52 13 91 
15 42 80 26 81 25 56 9 40 47 20 11 66 54 14 100 70 
100 16 57 72 52 85 22 94 73 71 86 76 35 76 91 28 55 
68 9 32 23 17 23 21 36 34 87 90 47 38 11 99 5 19 
22 57 4 43 2 76 66 87 4 100 15 94 28 21 13 36 52 
35 4 75 7 40 8 45 81 6 83 43 56 39 62 77 47 65 
72 48 92 37 35 47 36 1 92 15 21 4 2 73 90 6 99 
97 97 58 41 29 63 75 71 71 14 84 99 60 100 70 8 44 
58 94 90 46 94 82 60 66 85 14 90 27 71 88 23 67 45 
63 47 60 90 69 30 3 53 80 14 4 2 21 47 59 66 89 
4 11 70 16 77 6 29 66 32 99 6 54 17 50 69 63 9 
58 31 90 12 35 70 25 39 23 98 37 81 63 25 85 26 94 
100 2 52 80 19 83 78 24 89 94 26 9 8 86 66 38 76 
29 73 97 53 63 19 50 99 51 65 24 35 90 17 86 43 20 
65 13 3 94 37 43 39 14 51 46 99 16 84 26 44 8 74 
48 70 92 50 68 95 14 91 81 55 60 67 97 79 83 9 33 
29 97 75 67 10 25 13 61 92 48 38 87 55 12 87 24 55 
36 43 49 49 86 30 55 97 48 51 27 82 11 60 10 8 86 
77 69 63 41 81 54 88 19 93 94 30 79 69 84 66 11 33 
66 48 62 20 44 61 70 71 42 80 82 52 39 19 80 8 81 
72 40 87 59 58 31 52 87 61 20 23 26 82 7 91 30 20 
10 25 80 79 47 21 10 80 24 49 99 3 8 31 26 47 17 
84 57 99 87 95 59 58 17 84 92 23 74 21 42 35 97 21 
65 44 94 75 23 17 75 21 72 34 52 97 32 20 33 88 19 
19 35 29 29 51 65 20 26 38 92 67 25 88 40 89 31 33 
15 54 1 41 26 72 74 29 21 58 1 53 97 71 71 31 99 
51 34 63 70 59 53 61 77 77 49 16 65 31 100 32 84 53 
72 62 24 98 90 44 55 90 96 3 60 19 86 11 21 19 73 
91 77 77 3 53 53 3 21 70 34 72 1 69 24 72 30 48 
21 72 43 27 61 91 30 73 61 15 83 81 85 7 23 61 84 
26 65 88 28 85 57 61 57 9 30 80 33 11 79 53 82 74 
80 95 16 61 67 76 27 1 8 11 59 31 23 42 56 87 30 
35 72 38 48 80 47 29 11 79 39 42 31 21 15 62 67 82 
74 85 57 100 85 16 62 95 46 84 89 53 71 70 40 94 7 
87 73 53 15 83 83 53 76 66 25 90 79 91 71 53 75 79 
52 11 95 14 6 92 97 46 97 19 15 36 12 21 22 84 26 
36 19 8 40 94 25 17 36 4 59 58 56 86 89 59 96 35 
24 53 26 73 98 74 91 12 9 55 85 30 90 10 17 8 69 
9 54 46 25 41 49 83 50 56 68 38 14 16 72 38 20 50 
62 70 75 52 81 84 58 17 65 48 26 34 7 47 42 60 92 
66 52 92 100 2 47 20 39 12 35 63 49 54 64 62 23 38 
66 56 73 23 24 38 70 2 23 77 48 64 88 91 81 40 82 
32 41 80 51 31 91 85 45 92 91 60 53 65 50 18 72 22 
41 96 11 62 97 85 38 44 48 26 86 80 17 19 12 9 98 
62 91 88 99 88 79 89 47 84 53 48 1 77 22 93 72 84 
55 68 69 44 63 16 21 48 48 37 66 59 97 15 20 88 2 
18 75 33 58 73 16 63 21 68 39 42 61 10 25 67 29 93 
62 91 61 35 90 8 23 7 66 20 21 37 7 74 7 33 6 
16 5 73 78 25 41 16 18 53 77 43 71 5 87 32 47 47 
66 36 6 89 94 23 60 14 60 18 40 18 50 97 33 6 70 
11 31 10 78 100 62 7 42 84 63 81 15 10 27 33 97 33 
73 43 55 32 8 66 49 47 35 50 44 68 55 13 30 37 74 
59 37 87 65 30 70 80 10 36 89 89 68 37 21 40 79 27 
23 39 45 71 85 79 20 80 98 27 92 27 63 17 38 99 3 
2 81 24 81 90 60 21 78 27 10 50 19 40 29 41 78 73 
64 15 3 35 94 53 61 38 31 24 54 68 74 9 22 54 32 
54 96 91 27 73 18 36 75 88 27 3 28 5 27 43 19 81 
78 64 33 38 1 64 61 55 83 87 63 4 40 94 10 87 37 
36 12 6 23 86 93 49 40 72 5 66 15 75 98 92 39 31 
29 39 46 42 45 80 80 59 36 71 5 45 58 41 80 69 46 
2 54 90 2 93 61 7 10 27 81 7 18 71 89 99 10 86 
92 54 66 71 13 1 41 17 45 98 9 76 66 54 29 71 43 
30 15 55 88 24 82 21 31 99 91 71 49 100 57 40 6 22 
10 70 74 3 86 18 100 94 45 18 99 73 40 93 54 55 47 
42 78 28 62 60 79 4 31 27 4 87 19 61 60 80 30 33 
82 67 2 34 12 46 3 10 70 42 2 23 48 100 16 26 28 
77 37 58 81 67 84 36 5 54 96 16 34 77 100 67 43 53 
100 54 98 54 15 19 48 16 42 95 15 9 20 94 86 57 51 
18 75 87 5 32 40 52 47 25 80 47 92 22 99 43 27 49 
97 41 19 96 8 12 90 22 21 62 68 58 70 18 27 44 4 
31 75 96 34 74 20 13 72 63 86 70 6 12 70 54 52 89 
49 59 100 90 32 20 51 99 77 20 69 3 16 24 85 90 19 
70 15 91 82 86 53 19 8 10 30 77 63 33 17 63 43 69 
5 27 88 55 77 17 27 45 71 42 69 8 83 39 77 98 29 
11 83 82 81 90 91 11 19 6 95 35 20 90 3 24 16 43 
31 92 11 57 89 33 98 57 40 80 95 69 29 76 31 12 9 
11 53 99 21 71 56 68 6 28 57 60 51 24 54 33 67 64 
89 55 49 86 63 88 18 10 8 46 85 38 9 93 49 62 43 
21 32 51 40 89 78 48 1 80 71 54 13 90 70 53 44 18 
39 59 57 8 68 65 5 4 54 14 48 2 75 90 75 58 92 
14 47 21 62 47 1 84 52 65 73 21 17 17 90 7 27 99 
14 94 15 19 49 68 84 96 22 58 37 96 15 81 9 13 1 
22 59 1 6 63 65 78 35 34 46 77 40 72 75 6 17 89 
76 65 8 59 12 29 16 1 76 82 81 37 95 81 58 5 34 
63 67 50 41 54 83 38 30 75 10 56 80 78 44 55 95 3 
13 6 32 80 58 59 61 38 95 7 71 53 12 4 67 30 5 
7 83 40 97 64 14 6 19 93 83 14 99 77 17 11 35 100 
42 92 58 2 82 53 61 52 57 72 7 23 53 63 82 88 2 
78 51 15 83 22 59 17 35 57 46 3 19 80 2 12 23 12 
66 4 16 26 7 72 97 65 94 1 28 75 88 81 4 91 48 
86 64 6 55 98 15 100 53 85 31 6 97 5 17 62 61 84 
39 67 55 35 84 1 87 63 27 27 43 31 17 42 68 80 48 
22 29 14 73 33 50 55 39 98 60 7 11 72 91 49 38 97 
35 73 97 22 35 24 48 30 54 16 71 73 47 70 95 75 35 
19 60 85 26 98 34 37 4 45 8 46 93 97 43 28 22 39 
1 56 14 48 37 67 15 60 92 61 81 38 87 16 56 46 52 
33 43 85 69 99 29 28 44 74 25 38 53 46 77 53 53 90 
52 42 9 66 53 100 78 33 37 64 48 44 10 51 29 4 36 
97 54 16 77 50 89 53 87 41 50 63 93 54 5 96 95 65 
61 47 16 90 32 52 54 79 47 15 30 75 70 17 24 24 32 
52 73 21 4 59 61 53 74 6 6 30 1 53 94 14 51 9 
55 82 12 8 13 10 74 94 85 44 10 60 19 93 11 91 13 
14 1 26 18 74 83 23 55 35 27 48 100 78 8 55 11 19 
62 23 29 88 16 65 31 77 76 49 70 38 91 34 3 91 59 
20 17 41 94 71 28 21 71 27 50 78 81 60 49 43 83 29 
82 50 45 12 79 20 12 48 57 2 81 59 44 92 30 60 84 
75 83 11 95 5 38 96 82 18 56 30 12 90 10 93 39 54 
56 69 73 67 16 81 20 49 91 64 40 72 75 75 47 57 86 
41 61 75 37 95 44 44 76 56 33 86 100 23 39 56 92 64 
74 59 96 94 7 87 57 98 58 31 25 4 40 62 97 52 36 
85 98 79 28 74 86 12 11 86 34 1 93 77 64 18 36 60 
11 94 98 19 44 7 50 68 11 41 29 59 92 64 43 90 94 
22 15 32 33 25 17 18 25 61 95 41 78 82 52 41 75 49 
59 70 55 60 37 17 100 17 75 44 32 69 85 26 90 99 57 
22 75 25 40 51 37 86 91 66 67 94 6 93 42 17 15 49 
76 3 17 28 20 92 71 51 60 7 28 2 57 36 23 31 12 
14 81 48 99 24 66 17 17 71 62 11 39 28 11 15 30 27 
42 49 70 64 52 82 70 79 83 26 67 57 8 78 71 40 78 
21 15 43 90 84 65 3 46 4 30 56 70 59 34 11 8 56 
26 11 89 47 41 71 24 7 27 31 37 49 22 14 70 37 8 
11 20 72 13 65 27 42 72 96 100 57 58 59 12 83 69 100 
29 10 22 4 68 1 34 4 49 56 17 70 44 24 80 63 48 
44 79 74 85 2 22 85 58 79 95 22 14 16 73 94 77 47 
98 44 47 31 100 47 38 68 69 81 44 100 95 91 44 25 16 
28 78 37 64 88 68 11 61 81 26 33 74 2 31 71 97 29 
54 96 28 91 64 96 24 7 47 70 49 90 47 64 70 24 53 
33 11 20 43 71 100 20 56 25 73 86 96 70 15 1 65 42 
43 80 89 66 38 35 88 86 25 34 2 46 57 6 78 20 77 
73 90 76 44 97 52 17 83 99 86 49 99 2 42 42 34 30 
59 71 16 46 9 92 31 62 37 88 67 67 59 43 91 48 70 
34 45 73 2 79 72 39 79 70 93 20 63 26 1 74 48 68 
19 8 60 2 21 48 41 39 14 99 33 56 98 2 42 94 27 
43 72 98 34 2 19 26 21 34 3 73 7 2 41 77 10 52 
78 30 99 18 69 65 16 1 72 66 55 13 59 33 8 83 30 
93 84 100 18 57 33 72 29 91 73 21 68 34 24 45 64 23 
15 84 39 82 36 62 47 42 75 6 74 34 88 55 26 71 55 
95 27 39 18 8 30 90 80 49 24 4 93 39 78 59 74 16 
41 61 77 39 3 3 44 76 88 83 31 65 54 37 11 32 75 
28 91 56 18 71 4 93 74 49 83 51 7 8 18 99 68 46 
38 70 49 33 98 88 16 80 53 21 16 63 4 42 43 95 50 
12 65 53 4 90 53 38 40 12 45 9 10 12 54 99 34 54 
32 31 42 99 62 46 19 77 60 22 70 2 68 19 13 84 24 
68 73 76 5 64 87 49 72 49 13 26 47 46 31 30 28 72 
28 89 17 46 17 77 20 86 30 87 57 43 23 80 10 95 7 
67 59 94 15 82 94 79 59 40 24 90 22 3 13 49 91 82 
47 7 10 18 45 39 56 1 81 78 32 43 73 90 9 83 35 
75 16 28 54 75 20 29 16 41 32 28 89 74 9 87 33 18 
4 77 9 60 29 89 37 12 31 61 1 39 43 36 66 11 63 
19 85 34 47 52 74 30 31 63 4 40 1 36 9 5 64 17 
64 44 58 52 55 40 13 7 31 7 94 96 17 57 14 53 90 
12 4 16 42 35 30 97 26 30 84 86 34 47 3 49 42 12 
1 48 51 65 54 81 71 48 76 88 56 41 40 97 53 44 12 
46 30 41 42 55 23 77 40 56 75 94 57 16 5 57 63 56 
21 68 88 43 15 16 30 22 56 22 19 60 65 30 57 94 23 
98 100 45 26 39 52 100 33 60 15 89 68 29 96 88 97 84 
83 11 99 12 33 6 33 3 66 49 84 22 94 58 72 93 2 
49 84 6 49 68 65 15 56 33 44 52 72 40 87 54 2 37 
18 86 42 2 88 59 3 72 33 96 81 56 41 35 4 76 40 
52 43 56 67 50 40 10 53 64 1 39 69 2 75 86 40 69 
40 27 27 42 50 59 37 83 14 29 17 18 4 56 21 98 63 
87 48 3 48 100 18 48 91 86 2 17 72 41 85 11 19 12 
52 21 22 40 3 88 69 19 57 24 26 77 22 40 64 21 42 
63 20 59 11 62 45 64 79 68 56 15 30 74 78 33 46 100 
