108 223 67
52 13 77 25 46 49 98 33 70 59 36 96 24 88 63 16 42 17 53 85 3 26 25 29 94 78 15 59 38 37 38 41 1 66 65 98 14 14 31 35 25 18 31 48 5 93 15 98 61 68 83 63 45 59 92 38 37 58 97 26 46 86 66 46 3 82 44 16 48 26 51 24 43 81 71 99 25 38 96 86 5 30 100 1 89 43 38 25 100 86 2 97 23 19 95 25 100 38 93 99 15 43 22 57 75 45 7 51 82 2 88 38 32 88 38 20 30 27 96 82 65 49 30 87 67 24 64 18 13 56 17 27 50 38 35 24 82 41 74 15 43 14 52 26 1 89 97 82 68 92 63 32 40 93 18 58 68 33 75 81 88 91 7 37 81 94 12 62 34 38 29 28 51 80 53 51 21 49 32 88 92 47 19 83 91 88 40 58 21 15 90 8 57 49 97 37 42 8 51 27 45 79 55 47 58 59 97 78 60 81 17 51 79 35 86 69 23 25 78 95 91 68 54 
100 68 50 36 9 10 86 35 6 64 41 53 74 100 49 3 11 81 20 61 59 6 98 79 80 75 57 74 17 76 28 16 43 29 52 3 38 89 37 44 5 30 96 30 81 96 32 91 29 3 51 87 61 1 18 40 75 26 66 91 1 93 7 95 21 10 49 11 98 85 54 2 66 1 31 46 48 15 36 76 69 39 15 29 39 32 69 13 57 34 3 9 78 61 55 50 70 3 60 20 39 65 21 5 17 4 50 65 70 86 92 38 24 6 67 14 89 87 26 45 72 80 53 49 41 59 50 62 61 10 81 100 26 54 4 43 57 5 59 78 90 2 15 65 8 33 78 48 19 55 93 42 35 97 90 75 56 40 36 16 1 69 67 26 22 70 20 78 75 30 7 16 32 21 81 91 6 10 90 76 65 82 18 99 31 7 25 38 98 12 53 98 80 72 76 1 41 47 30 67 29 36 83 12 9 15 54 14 76 43 41 40 77 58 90 7 17 66 44 14 30 48 64 
61 19 91 62 12 89 43 78 17 31 12 80 39 78 33 4 54 28 44 45 4 2 87 10 70 52 5 83 33 4 98 94 75 88 7 86 29 49 15 45 79 79 77 69 56 9 24 9 36 20 6 91 73 92 52 42 43 56 24 28 12 22 21 86 61 27 23 89 75 89 86 6 67 62 26 23 22 50 83 10 69 88 100 41 31 52 34 26 59 57 53 70 30 73 7 43 99 81 83 25 70 20 82 36 81 8 10 55 57 45 64 77 84 15 69 15 66 2 40 77 10 44 98 92 16 57 86 66 37 68 90 6 88 72 94 20 31 3 74 39 47 89 15 83 4 35 97 21 88 88 49 49 31 47 92 98 55 77 63 91 45 4 97 84 27 90 55 57 44 29 95 43 69 61 25 24 47 73 45 34 12 45 35 94 43 26 43 97 3 5 88 99 60 36 34 87 77 88 95 20 68 90 62 37 2 38 60 49 62 56 34 73 53 68 18 95 94 60 92 48 16 31 98 
76 18 31 14 94 18 60 65 38 49 79 74 3 16 85 51 78 93 84 2 45 4 72 39 49 31 82 96 47 64 45 74 81 75 87 74 44 46 39 81 47 17 6 1 84 91 51 13 83 86 67 27 89 38 17 37 68 99 84 66 62 28 39 95 54 77 68 50 75 58 30 73 26 88 73 62 30 23 74 64 60 40 42 49 29 58 85 97 8 69 14 22 48 53 16 2 81 83 51 55 93 32 27 70 19 51 31 100 25 5 63 85 96 4 33 25 14 69 73 21 89 38 42 37 90 57 90 71 92 40 77 36 23 56 5 94 6 36 93 31 92 56 15 87 11 99 63 24 67 87 45 8 25 38 44 66 47 33 88 38 24 65 25 46 20 29 39 77 64 32 7 7 39 73 94 49 23 8 73 90 95 69 49 71 6 92 36 52 76 24 41 99 40 65 44 59 94 35 87 9 66 94 16 4 18 61 4 41 20 76 82 14 96 30 36 2 73 24 53 48 47 46 46 
38 10 41 48 55 75 34 16 92 79 83 47 97 43 51 89 62 78 70 28 74 51 15 27 23 38 31 22 36 76 67 73 86 59 20 92 86 54 7 29 84 89 76 80 83 78 20 97 7 41 24 32 91 90 58 65 28 41 86 63 16 4 36 1 15 7 93 100 12 51 28 96 40 55 27 22 84 47 18 91 87 93 74 30 35 84 46 62 24 32 24 39 87 11 92 1 18 36 100 81 86 80 76 77 86 3 51 70 1 20 12 39 65 85 68 99 68 14 60 43 97 35 82 83 46 25 84 15 60 35 95 97 66 23 74 52 77 24 73 77 95 84 15 59 20 35 57 40 100 16 82 48 3 63 30 100 87 65 14 98 52 60 95 69 34 20 72 10 95 44 86 89 79 53 48 51 39 4 90 38 72 71 37 74 86 66 25 24 83 38 74 34 49 20 2 83 39 74 92 33 69 30 21 48 34 20 50 72 76 39 61 99 61 97 24 98 14 48 74 96 85 47 81 
85 66 35 19 56 60 11 88 28 92 60 27 25 32 76 96 7 66 8 5 79 4 28 76 17 75 49 65 11 47 45 47 64 79 66 19 38 28 58 18 19 70 44 43 1 72 90 59 37 97 15 15 100 42 43 68 68 43 84 30 90 29 76 5 59 93 76 49 20 85 18 38 54 13 32 6 84 21 64 73 17 30 87 68 71 81 88 90 24 71 71 65 51 47 21 62 91 96 62 11 81 79 48 34 91 80 92 75 52 7 99 21 37 37 40 59 18 27 49 41 50 71 57 52 69 77 13 60 73 26 70 5 4 69 90 47 100 81 73 52 88 71 72 76 7 11 34 24 90 34 16 91 5 72 94 73 1 59 32 25 84 53 29 40 22 18 86 21 51 58 72 90 28 95 65 34 58 50 10 99 84 77 41 40 1 34 64 1 92 48 25 28 100 5 67 73 74 52 46 24 61 17 13 88 64 29 73 73 79 34 71 14 11 11 53 11 44 68 11 88 67 87 15 
67 43 81 91 16 84 36 40 44 5 52 83 68 33 55 40 11 41 62 24 51 24 28 61 19 47 23 6 14 9 72 32 3 52 22 18 87 10 57 30 14 61 12 33 93 19 24 55 59 85 78 9 8 57 21 26 3 43 84 68 3 55 99 5 59 21 22 45 82 31 75 95 43 38 79 35 8 2 89 66 38 18 26 97 26 98 74 28 92 57 96 94 64 46 50 22 18 24 18 99 6 44 93 48 82 71 82 41 24 22 7 61 91 84 9 16 82 83 95 25 91 42 19 54 40 20 27 57 95 45 56 100 88 100 47 21 23 80 62 46 53 20 59 43 55 67 10 88 1 57 13 92 50 31 45 89 2 24 46 97 68 1 96 7 100 95 28 74 74 41 20 27 60 78 21 14 96 83 2 97 39 14 88 88 96 84 29 49 7 74 45 26 26 93 33 77 87 12 51 12 52 70 90 63 99 11 28 46 45 81 42 83 94 81 22 41 17 50 90 75 75 86 1 
100 78 85 29 16 48 79 28 51 100 17 65 50 79 92 95 23 73 37 57 18 69 79 11 85 80 100 60 7 37 12 6 67 48 34 82 95 64 61 45 63 30 9 12 8 52 7 83 24 95 39 94 15 69 4 100 1 55 11 7 91 22 64 57 69 98 91 15 13 51 11 76 80 19 39 40 22 97 22 98 91 12 91 6 81 94 57 81 100 67 87 90 40 50 99 8 99 89 74 64 91 84 39 71 54 29 62 75 26 35 72 16 46 62 73 78 7 29 58 6 47 96 48 86 98 46 45 48 86 18 11 76 1 1 98 6 30 59 81 7 45 52 22 91 66 47 68 24 27 78 82 74 25 29 11 74 26 8 22 11 25 84 38 78 37 36 83 18 46 15 24 91 19 97 33 84 43 52 59 70 81 40 95 6 20 57 79 45 64 52 7 41 36 45 70 24 32 4 41 29 19 64 19 37 60 3 72 3 7 30 24 87 70 70 92 89 26 23 86 90 74 44 30 
61 40 99 84 71 2 24 100 20 39 70 8 99 25 79 1 31 9 76 17 30 45 61 18 70 83 55 59 8 99 40 21 38 38 56 61 92 32 60 63 70 81 71 68 5 49 20 35 9 47 4 38 91 64 8 13 98 62 23 57 12 63 77 50 52 85 10 43 16 21 6 37 53 76 57 58 76 76 44 37 75 47 74 65 10 33 29 7 95 52 64 6 14 92 7 65 76 68 60 43 40 65 32 93 92 88 2 19 15 45 55 89 92 29 6 53 13 34 12 7 85 27 65 98 70 23 15 98 91 74 40 82 90 71 74 81 10 75 51 25 20 6 13 63 86 18 67 98 52 30 57 36 56 73 86 78 95 52 75 37 77 66 19 66 89 92 98 98 19 48 22 90 5 87 52 90 4 70 40 7 100 96 95 7 68 80 84 14 83 58 51 59 24 21 24 12 64 73 61 82 20 83 71 25 69 74 66 24 96 5 31 95 52 25 53 19 56 89 33 38 46 35 48 
21 55 71 84 70 95 45 52 14 79 74 90 47 48 8 70 43 12 52 89 64 76 93 34 83 81 18 72 79 4 19 99 10 41 35 80 35 79 31 1 57 4 42 55 3 49 76 97 13 28 85 28 55 78 13 90 10 31 61 88 86 32 87 96 72 73 75 59 51 57 59 59 60 52 65 15 53 40 11 65 19 48 44 74 77 56 63 86 38 75 74 24 6 12 19 30 84 45 40 86 1 98 96 12 1 60 26 53 51 89 69 70 36 12 43 12 20 57 49 57 83 22 32 41 85 2 70 68 46 9 5 46 58 100 10 58 11 35 63 62 75 31 83 10 43 77 73 62 33 22 70 15 95 54 55 80 55 76 99 1 36 4 98 45 55 59 55 66 94 17 79 20 47 61 30 41 37 2 54 21 75 76 87 70 29 94 49 83 69 47 35 57 2 85 1 57 43 55 74 36 71 52 8 70 12 37 10 48 90 16 20 65 91 6 34 19 99 34 1 68 32 36 24 
34 20 76 42 62 31 15 50 53 66 57 22 29 45 84 28 34 99 47 50 89 52 35 7 51 68 59 70 52 46 45 85 17 20 26 31 50 40 32 3 57 88 76 85 84 59 12 69 57 58 19 97 9 5 55 11 25 14 80 76 11 24 12 28 44 89 58 45 80 89 47 36 28 23 72 11 33 83 31 42 92 49 38 52 6 45 63 30 58 42 5 20 18 16 47 61 4 4 5 83 44 4 70 71 78 41 33 10 23 64 3 66 64 41 17 69 85 79 98 94 73 54 13 90 21 12 50 24 67 6 58 11 61 27 33 38 19 66 100 93 81 2 58 96 94 75 65 30 5 14 75 77 20 40 18 40 51 19 16 17 25 25 79 85 4 12 75 22 29 74 15 61 27 72 56 21 98 72 50 3 38 77 31 57 16 49 48 66 67 63 34 43 40 13 80 43 76 6 64 56 79 30 16 57 2 71 77 99 43 79 53 32 55 84 88 70 84 35 87 2 50 20 45 
89 84 76 31 11 81 46 66 11 76 81 67 29 4 96 79 98 74 32 29 80 67 16 1 50 2 87 51 3 58 47 91 94 22 73 4 54 19 22 64 46 2 83 74 57 78 52 54 3 35 82 82 1 49 82 2 3 20 5 5 77 3 96 22 77 20 78 30 38 99 46 83 52 28 8 9 5 60 62 7 46 96 40 99 44 73 100 46 92 56 3 20 59 50 42 87 69 19 16 59 17 13 41 68 40 1 76 96 12 90 54 57 85 93 55 80 65 7 78 8 14 80 28 24 29 21 10 97 39 78 55 7 90 48 26 30 100 54 77 11 43 31 67 79 75 74 58 92 80 35 99 93 66 78 17 94 98 78 43 88 55 49 94 45 48 72 26 47 25 2 9 19 84 76 97 59 1 6 2 32 93 100 24 58 30 92 4 27 22 46 15 76 46 60 72 46 31 97 92 55 51 53 25 34 28 21 44 80 79 45 11 71 97 86 28 26 30 83 4 51 28 18 26 
26 78 50 71 60 46 14 67 96 66 91 82 45 64 25 24 42 22 86 64 18 72 91 95 1 26 98 51 5 16 28 30 45 77 52 4 75 66 70 22 83 13 55 80 76 80 55 17 53 41 80 22 64 22 16 64 47 13 66 52 80 45 33 76 74 85 32 48 2 53 21 36 65 76 15 40 7 22 8 59 14 39 80 77 13 95 40 11 59 57 14 39 53 47 66 26 83 97 73 84 50 94 71 66 21 38 58 27 59 65 85 72 4 64 48 68 10 39 78 20 47 92 10 99 38 76 25 72 72 49 7 73 94 77 91 14 14 48 40 72 12 24 43 67 39 42 34 100 32 64 20 78 55 29 77 44 4 1 15 28 49 21 52 95 97 42 8 63 89 48 34 1 23 29 19 62 22 5 61 54 68 80 31 74 9 7 17 64 59 83 91 60 55 43 54 3 84 61 65 73 60 51 25 83 79 95 44 100 99 56 53 66 36 36 91 96 42 7 59 53 41 2 12 
95 44 17 98 79 29 14 3 89 64 79 71 42 74 66 94 72 73 98 90 60 33 80 55 27 39 66 79 79 67 42 26 10 58 75 40 38 88 43 26 52 21 48 45 94 65 38 18 38 36 59 97 20 90 52 46 80 69 76 11 35 17 36 96 26 10 35 64 97 29 41 100 2 89 45 95 53 34 64 42 21 74 39 41 64 42 38 95 10 14 5 96 82 40 91 60 1 77 23 50 58 15 49 59 3 45 5 8 79 21 1 99 94 39 91 9 32 29 4 93 94 60 88 75 52 30 86 52 59 60 53 16 75 54 26 29 98 30 88 28 50 89 79 96 79 69 4 11 97 59 3 42 19 43 17 70 72 54 73 82 14 26 97 88 31 74 16 28 4 56 8 53 44 86 100 22 54 4 32 3 62 87 44 32 29 12 1 52 66 74 34 79 51 82 66 81 56 33 60 11 88 67 15 83 52 15 5 58 18 88 60 31 26 3 63 54 15 15 58 80 40 91 58 
90 24 75 22 31 59 82 41 99 100 56 33 4 70 37 61 39 77 20 69 2 22 83 8 88 98 65 67 89 7 76 79 82 2 52 13 61 85 5 11 37 60 43 40 81 32 100 19 60 71 40 61 92 22 20 80 71 36 98 60 94 74 90 76 27 41 40 87 78 44 49 14 56 44 53 36 75 4 55 34 74 94 46 65 67 66 96 38 53 46 49 47 71 38 74 97 30 13 36 7 8 84 72 63 27 24 99 53 27 5 38 100 50 84 17 16 1 64 5 53 9 53 99 31 42 72 28 72 36 63 30 44 46 2 58 25 25 56 77 4 12 15 55 61 50 23 29 50 87 33 54 47 38 5 78 79 28 57 2 64 19 32 59 16 33 16 92 9 24 69 64 35 35 71 48 36 93 76 85 79 60 90 78 97 94 7 28 22 63 29 37 33 12 95 48 96 62 40 57 85 60 20 72 46 90 19 81 83 94 17 13 53 6 42 2 52 100 29 73 62 57 61 46 
21 7 46 16 68 85 72 5 96 44 76 41 33 94 73 67 39 89 32 91 46 25 44 97 25 72 21 38 81 81 84 1 87 81 16 55 65 40 59 12 83 86 4 67 31 76 86 69 16 69 11 61 93 55 58 69 26 30 59 58 11 94 58 97 74 26 3 38 17 13 1 99 98 4 17 28 31 54 48 46 22 59 6 67 13 15 35 90 45 93 48 55 86 57 3 59 34 6 48 50 18 100 100 16 3 17 95 33 70 43 78 44 53 36 10 65 2 96 6 98 89 5 4 26 14 7 37 47 12 36 49 81 36 48 48 38 16 43 23 86 37 52 81 89 87 90 5 41 85 62 38 25 67 42 3 32 48 39 78 11 74 26 43 9 26 91 99 41 85 21 78 73 72 58 61 11 47 17 51 84 78 88 60 96 81 62 27 28 100 5 90 26 82 33 34 7 75 84 48 59 56 25 31 80 35 43 90 33 59 92 16 36 31 76 32 12 89 58 91 89 14 81 14 
48 13 99 6 87 35 5 97 90 82 27 69 16 21 10 48 79 53 16 66 36 43 97 47 31 7 37 19 72 69 84 71 81 35 77 19 69 33 67 10 14 45 31 81 65 92 29 43 97 96 9 32 38 57 78 68 15 66 39 87 35 74 9 67 60 37 38 80 70 4 90 35 49 72 16 13 63 96 8 59 91 16 42 80 24 19 99 39 37 37 77 71 63 85 89 22 22 26 2 43 30 43 77 78 14 92 42 28 87 49 39 29 64 80 8 40 51 7 78 87 95 6 9 57 90 97 31 63 75 32 5 4 74 34 33 39 25 74 66 64 23 4 44 38 36 4 77 86 62 6 24 56 11 32 65 53 80 95 15 6 78 72 9 3 5 93 41 81 19 58 96 41 62 92 30 97 95 59 34 56 64 57 11 27 40 27 79 19 73 45 25 50 16 85 4 72 30 44 5 48 2 52 40 15 43 21 11 37 79 96 92 95 52 55 21 91 33 99 61 6 43 85 7 
11 22 11 34 3 54 38 50 7 42 41 21 84 61 83 21 92 78 64 86 81 70 6 71 3 56 32 8 98 68 14 60 41 24 94 43 30 83 44 88 24 36 61 60 97 95 32 88 73 95 25 5 65 30 76 67 85 7 26 34 26 39 46 67 15 39 9 96 73 5 83 49 40 43 8 88 38 39 75 62 85 51 66 49 80 93 67 16 99 44 2 25 35 47 43 49 37 51 96 9 7 78 9 47 73 16 34 10 6 61 23 91 11 88 91 43 81 10 58 31 53 11 7 87 57 49 87 93 52 82 54 58 12 62 56 84 30 90 45 35 2 67 77 64 6 68 6 38 77 16 69 29 26 27 68 83 28 54 27 79 88 80 88 99 94 96 34 75 37 78 9 38 44 38 1 49 5 7 87 33 22 7 13 99 85 80 81 12 86 60 42 25 91 82 75 84 77 8 58 13 85 19 50 80 56 2 80 12 60 18 44 33 24 56 32 61 88 64 72 25 23 66 49 
14 47 75 49 23 82 7 35 18 77 36 97 84 37 28 95 49 46 90 81 69 97 12 81 84 76 53 60 50 18 60 63 16 34 64 38 15 70 24 84 98 11 32 81 47 60 27 95 5 16 28 25 64 39 6 100 66 58 59 16 27 19 30 94 52 93 31 19 14 6 2 63 16 86 43 14 45 21 61 49 88 88 73 52 78 78 51 44 87 9 11 65 79 92 58 31 37 40 1 2 97 54 65 12 39 59 78 83 80 38 83 67 25 56 18 2 85 20 97 24 29 59 88 7 51 98 89 87 89 41 88 86 95 4 49 85 63 26 68 42 63 50 60 39 57 30 93 42 49 89 65 29 48 4 36 50 1 76 88 42 69 27 27 63 31 75 47 45 1 66 38 15 68 97 54 24 26 98 17 27 86 33 55 85 37 42 86 89 70 73 30 38 52 8 100 34 83 98 78 35 16 15 1 83 63 54 58 41 51 27 67 89 59 21 25 47 15 11 88 84 35 69 21 
38 77 72 71 11 21 100 97 36 14 97 70 29 3 28 69 5 54 35 93 64 7 70 11 73 32 98 56 66 18 76 4 94 99 26 4 20 26 100 7 91 49 77 19 51 56 87 55 61 73 100 24 32 69 86 4 100 35 12 17 53 39 72 46 38 98 2 57 75 53 63 65 1 91 36 3 46 74 58 6 47 9 82 30 77 67 85 28 54 96 44 6 87 16 3 24 65 56 32 39 9 46 55 61 37 90 64 34 64 73 92 62 81 25 43 9 91 27 36 96 75 79 1 61 46 4 84 62 59 67 100 19 12 7 32 100 48 47 86 11 19 29 24 51 53 66 59 95 93 46 91 19 76 91 79 22 46 14 83 57 80 35 75 43 93 6 95 40 4 32 51 22 60 26 24 12 92 34 6 36 79 48 54 55 39 32 28 36 45 62 92 76 96 67 18 88 24 64 28 28 95 30 1 54 55 25 17 98 58 23 85 89 22 38 43 60 21 70 96 17 31 39 92 
79 5 62 66 81 25 45 8 20 26 60 73 33 36 42 82 94 16 67 82 37 4 76 97 77 45 44 93 27 82 37 5 39 98 23 19 22 19 78 93 45 37 18 29 73 59 10 18 74 76 51 10 32 26 58 8 22 53 52 48 87 88 53 25 85 75 95 59 45 24 51 89 12 20 17 36 78 79 53 51 54 55 13 85 32 70 44 53 75 48 53 61 35 5 85 72 31 31 82 75 54 84 16 17 4 84 53 81 62 57 84 16 12 48 52 43 17 48 48 91 95 100 3 81 56 39 52 38 69 33 12 74 17 79 91 72 63 95 52 24 51 87 91 62 34 95 57 3 94 56 45 40 7 48 20 62 86 24 99 7 56 62 32 24 41 74 95 55 68 99 78 19 37 21 32 23 67 40 25 60 95 21 51 53 20 70 14 58 93 64 64 1 26 47 24 18 21 71 72 88 69 1 58 57 21 42 79 39 81 55 50 28 76 100 80 95 70 46 52 14 9 67 14 
34 14 90 3 34 60 74 73 80 75 31 36 47 24 67 86 4 21 87 83 96 87 63 43 8 60 46 21 68 13 35 54 78 76 56 63 35 30 35 66 56 17 1 2 40 19 39 96 40 26 78 35 64 92 29 71 51 75 43 71 39 29 24 16 4 79 78 90 8 64 55 15 81 8 17 72 26 7 67 65 32 97 52 47 40 80 69 91 54 12 61 92 92 36 59 96 14 36 85 74 52 40 88 84 47 56 55 24 63 74 89 46 22 40 93 61 19 61 51 25 24 63 16 16 98 75 11 64 62 47 37 13 86 76 48 84 32 3 8 94 28 48 39 49 87 83 9 57 96 12 81 19 26 97 86 76 23 96 39 36 95 75 1 32 50 48 68 33 2 27 26 29 74 17 29 60 99 90 16 94 53 49 65 78 45 50 53 19 98 91 54 92 17 6 23 19 54 90 51 55 16 29 36 41 45 16 100 43 57 68 89 9 16 53 39 12 2 91 82 99 34 87 42 
2 93 65 72 98 6 23 4 74 3 39 14 47 7 66 41 63 85 81 24 52 33 62 15 87 52 96 85 37 82 27 91 26 43 62 23 100 36 27 25 38 17 39 36 75 56 29 38 92 9 61 43 94 22 57 80 25 4 16 14 85 94 4 63 36 17 85 88 5 63 12 42 32 2 30 6 57 58 43 48 18 55 42 11 28 98 42 53 1 58 18 38 51 73 52 39 89 88 78 93 51 89 87 82 91 68 39 99 25 82 99 94 88 92 57 16 90 98 20 42 55 37 31 58 61 82 48 49 22 25 94 72 13 80 5 55 47 43 6 23 76 56 68 16 47 24 31 88 22 2 30 28 38 12 37 98 46 84 98 67 60 91 90 25 22 46 31 20 40 36 94 68 91 62 83 38 85 65 25 58 66 6 38 55 70 74 4 15 10 1 33 21 44 22 45 17 19 76 89 58 63 82 77 54 95 59 43 32 23 19 41 40 77 78 94 46 4 97 12 13 50 44 33 
45 17 30 13 87 57 53 96 19 87 73 24 81 31 18 12 6 37 5 45 65 82 91 62 85 39 73 49 40 68 34 36 36 63 49 22 71 53 17 89 39 89 13 20 72 82 83 29 70 87 25 34 21 15 95 5 6 19 54 45 86 39 33 21 53 33 94 23 85 11 11 24 51 75 43 74 57 77 2 26 16 27 12 36 93 6 40 98 25 45 95 62 83 27 83 35 59 28 57 43 38 20 66 41 94 60 14 2 89 16 80 4 94 91 39 38 48 30 36 24 75 82 38 9 60 72 96 18 99 4 12 37 23 30 29 69 41 42 22 29 9 1 32 2 43 22 40 43 52 27 18 26 60 55 86 19 26 81 88 25 85 51 13 59 80 41 27 73 82 49 1 91 1 85 44 44 58 35 86 9 61 55 86 20 10 72 90 35 52 77 59 88 28 71 47 59 63 25 31 45 73 84 87 26 20 30 69 77 65 6 86 77 60 71 49 21 94 38 56 98 67 66 85 
94 89 83 52 51 8 35 47 32 18 33 9 37 15 29 65 31 34 50 59 46 73 7 18 18 97 73 15 63 91 52 56 79 34 59 81 93 93 28 77 62 60 85 98 26 14 15 56 99 64 15 96 88 73 14 6 69 38 20 31 28 23 38 58 57 97 39 1 41 66 29 3 77 66 52 3 31 66 10 81 82 24 77 69 49 42 26 17 31 98 100 59 20 37 68 28 85 6 81 78 23 9 80 52 26 31 6 56 49 15 37 30 91 65 50 39 58 28 55 88 25 6 98 96 95 66 24 79 23 56 8 46 64 87 49 42 70 54 97 70 68 33 99 58 49 100 48 6 27 3 94 3 60 91 99 54 8 74 85 31 29 92 28 44 31 76 85 52 29 82 21 48 66 71 58 15 70 5 72 49 59 65 51 19 8 49 72 15 22 56 97 2 100 24 46 30 51 82 81 79 15 53 79 81 23 36 47 44 92 18 92 3 35 43 21 42 43 44 8 17 52 5 18 
51 80 15 32 31 97 12 61 11 16 39 43 38 26 41 81 70 59 25 72 45 19 92 86 61 87 45 77 38 49 47 40 81 13 71 11 9 82 71 72 97 62 66 86 39 7 19 8 17 95 79 61 13 22 98 25 9 94 54 46 95 100 86 75 12 56 85 73 90 55 96 38 68 61 76 7 19 94 14 87 40 93 99 52 14 48 76 74 42 29 20 36 80 57 10 44 64 94 68 53 100 63 43 68 75 18 26 46 63 39 32 2 83 31 5 49 30 32 22 71 13 41 58 92 49 67 87 13 12 54 17 64 16 59 83 91 28 8 36 42 46 19 95 81 1 99 29 31 83 50 53 95 91 11 38 91 29 25 3 41 78 20 56 46 30 38 88 58 45 75 51 42 93 46 22 94 96 50 76 78 100 28 24 42 90 62 32 19 86 87 11 15 6 66 60 35 3 47 44 99 21 95 40 66 40 14 11 87 63 86 65 14 65 88 7 7 1 91 25 86 77 87 53 
82 52 12 68 6 11 12 56 83 6 47 48 97 60 10 83 75 95 99 40 12 87 47 18 87 37 94 25 13 80 77 46 83 40 13 40 2 24 95 85 81 41 84 77 1 94 12 27 40 10 66 3 96 12 20 35 100 13 11 64 44 39 9 78 78 74 17 80 49 11 16 30 4 99 58 56 44 69 82 84 79 47 86 26 11 58 12 10 22 22 74 66 12 34 43 90 7 12 21 8 74 36 37 77 86 46 84 30 67 65 65 45 64 50 22 74 7 34 83 81 7 8 46 19 42 40 60 100 3 32 7 77 19 95 53 56 93 89 85 59 53 49 55 16 51 76 89 9 61 24 89 68 83 86 38 24 26 49 76 28 80 34 56 50 81 61 5 73 49 90 83 1 90 37 69 40 12 9 49 73 32 37 92 15 23 29 90 100 77 17 79 8 51 35 57 83 95 61 55 43 50 37 95 92 25 63 31 36 72 31 60 55 68 51 21 42 79 63 41 7 79 19 14 
81 5 70 15 99 31 69 93 32 57 88 75 81 2 6 69 25 36 28 32 55 79 52 96 9 14 88 16 45 59 29 77 63 51 92 14 81 12 6 64 21 45 39 53 47 96 21 23 83 1 54 38 31 6 85 39 71 73 54 67 31 35 96 45 85 87 58 17 50 64 32 70 60 22 75 58 17 47 81 100 47 34 89 77 39 73 16 62 97 21 80 27 7 75 72 91 61 81 59 63 96 91 32 56 12 58 13 81 5 93 32 51 27 20 80 17 44 95 30 41 67 10 19 74 84 90 16 97 71 75 59 18 65 42 73 28 100 86 8 4 30 39 6 8 10 85 77 54 31 6 94 98 67 12 23 51 54 38 99 76 64 57 93 28 50 18 8 49 55 15 4 84 54 10 92 15 94 20 68 25 25 13 74 92 77 48 94 82 85 92 9 1 100 1 28 49 70 35 50 24 2 53 8 7 14 51 21 8 70 89 84 46 53 57 89 81 4 82 62 40 25 70 40 
24 23 20 25 92 6 74 68 59 78 75 65 92 77 86 51 98 26 34 43 30 42 84 11 97 65 72 88 42 42 80 65 16 51 41 59 56 14 26 15 44 52 31 35 28 16 37 77 93 70 72 23 63 55 33 11 71 4 98 12 97 29 29 64 79 69 23 87 83 48 53 78 100 83 12 79 51 48 56 43 69 79 65 83 33 49 93 3 53 42 15 1 71 43 65 49 63 39 35 45 86 87 22 37 22 85 68 72 84 75 14 4 53 31 38 85 79 30 39 83 24 5 36 94 99 52 94 62 90 29 58 27 67 32 16 88 16 83 11 52 9 77 7 61 7 45 97 37 74 87 72 97 92 7 42 90 58 36 51 99 16 9 25 34 40 40 74 7 74 84 10 82 60 17 42 18 61 90 55 86 77 78 35 68 36 76 9 45 63 12 43 78 20 19 64 11 59 37 17 32 20 79 66 80 95 59 49 55 49 55 92 77 32 26 96 67 54 56 11 68 67 5 98 
86 24 61 48 34 97 65 17 16 43 82 47 89 41 96 95 41 50 86 69 34 64 64 100 69 19 63 88 86 19 85 23 42 45 71 75 41 87 92 9 81 25 7 69 65 54 15 57 4 100 77 89 15 40 40 35 11 54 23 48 73 7 22 14 4 44 41 96 30 84 4 62 8 63 82 25 16 96 81 71 48 58 59 62 49 99 49 11 52 71 10 24 29 32 90 32 27 30 28 57 13 83 18 20 45 100 96 13 47 77 83 94 86 42 8 86 92 56 49 43 26 58 19 6 41 60 38 68 89 17 76 53 51 45 24 96 44 20 60 91 48 42 36 85 35 43 70 26 98 70 21 75 28 39 81 20 50 70 39 38 86 14 42 88 59 65 83 54 36 94 96 83 36 32 19 70 74 89 48 24 58 68 50 37 58 82 9 7 51 47 96 88 13 37 76 71 53 10 76 89 4 72 23 91 55 42 60 80 82 59 55 91 26 5 80 83 86 88 89 37 86 36 76 
98 72 3 20 25 13 96 65 68 19 39 58 25 32 69 4 65 28 59 56 53 63 87 88 100 26 28 88 11 64 64 61 87 66 80 63 30 27 79 97 97 18 6 21 1 75 25 66 54 35 73 58 49 59 97 48 84 25 36 46 40 51 6 26 16 38 41 98 64 19 94 61 36 52 33 37 78 9 54 31 43 26 40 43 84 37 91 19 61 78 16 52 28 22 29 95 11 69 92 26 88 38 38 75 89 71 63 66 79 16 48 74 41 87 16 76 23 6 94 35 35 10 38 62 83 67 9 45 35 100 70 74 89 8 49 77 30 11 94 8 79 41 33 19 80 49 95 54 6 40 89 41 49 26 54 83 44 62 27 79 14 97 4 2 56 52 31 85 15 76 44 93 69 77 63 48 25 9 1 30 49 41 22 97 19 76 32 62 89 58 40 2 6 44 56 61 47 86 97 13 61 41 57 29 69 20 28 93 28 29 74 76 21 48 25 39 75 56 1 63 65 92 17 
23 35 72 83 34 9 32 46 21 24 3 50 92 74 29 36 1 57 61 29 78 8 5 16 34 60 68 97 76 60 65 98 46 88 33 79 96 64 77 68 39 31 69 30 4 98 65 56 6 77 84 83 37 88 51 70 99 70 18 27 29 82 24 75 69 8 5 16 71 81 84 9 63 52 90 66 49 6 74 55 83 57 89 19 97 91 88 47 61 6 73 41 39 49 15 8 56 20 75 79 52 10 39 15 62 29 32 62 86 5 68 68 14 9 38 10 51 78 8 63 83 33 4 73 81 70 80 88 89 7 18 93 16 57 59 29 37 90 91 22 95 10 90 8 18 79 69 21 56 28 83 90 60 86 63 92 56 94 32 96 100 49 40 68 57 98 96 93 88 38 15 34 48 56 93 17 34 13 37 90 40 20 79 52 57 93 95 64 87 26 60 86 27 51 53 83 49 1 76 88 38 42 21 85 97 65 2 82 77 90 23 68 61 54 71 70 46 66 33 32 43 44 70 
21 95 74 4 95 74 31 82 12 24 54 96 20 18 49 53 46 91 76 13 51 29 84 72 26 1 5 10 95 48 79 16 94 52 19 88 26 1 69 89 24 22 84 95 91 85 47 36 27 74 1 29 54 36 1 80 36 5 89 30 4 19 45 98 70 15 37 47 67 6 35 42 79 71 36 22 7 35 9 33 8 9 61 14 44 13 45 31 17 85 13 21 3 9 70 24 76 6 23 42 63 57 84 94 79 71 67 37 5 75 69 65 84 82 30 79 94 74 62 63 58 74 35 60 82 56 83 57 13 5 99 76 14 34 21 44 56 39 81 61 13 1 77 48 34 6 27 80 79 88 42 36 13 76 47 94 83 81 51 95 38 1 22 3 86 42 46 41 80 78 1 45 79 29 92 12 34 70 43 64 9 84 51 21 11 49 15 93 30 17 88 19 69 9 21 54 3 18 94 34 96 47 78 74 75 22 37 61 43 80 76 52 15 27 24 78 75 90 70 56 6 9 74 
26 70 94 79 72 64 73 57 59 19 87 84 45 8 72 57 2 3 33 53 18 59 29 95 85 18 16 41 76 25 66 1 94 12 80 17 75 4 25 33 74 11 68 70 70 39 27 72 42 59 76 11 69 4 5 5 74 72 97 49 96 63 1 41 74 32 9 48 35 34 32 8 44 99 30 66 37 56 37 30 66 64 40 34 20 96 90 93 68 87 41 15 49 93 56 74 25 64 21 59 49 4 19 93 2 48 10 90 55 98 20 20 61 59 5 80 7 94 72 74 32 64 88 80 9 95 53 33 11 25 43 59 28 13 3 81 60 12 71 66 9 42 85 22 100 41 1 6 35 25 31 66 40 19 98 48 65 2 80 75 79 75 86 58 87 88 91 99 52 61 64 60 54 1 33 53 41 86 11 27 62 93 45 1 63 94 1 28 95 32 54 25 6 39 35 93 27 25 43 78 37 58 89 90 58 74 42 51 59 4 77 20 49 21 20 11 66 72 38 13 4 44 37 
9 82 71 53 8 47 95 37 83 53 78 72 62 51 66 12 9 69 89 28 17 61 99 80 27 71 69 91 74 12 27 34 94 50 87 53 96 33 90 79 37 67 50 99 69 15 10 77 36 50 56 4 63 6 35 41 76 4 31 1 15 9 87 60 10 73 13 6 57 54 36 94 72 37 92 40 4 53 16 91 55 71 46 17 28 81 57 56 84 39 56 50 47 94 10 57 18 22 14 75 75 1 20 46 37 63 85 92 15 52 82 69 74 28 37 1 60 45 56 43 83 64 44 30 57 53 38 75 74 51 1 100 3 20 97 39 82 33 83 48 84 16 69 9 43 5 10 54 50 17 48 32 32 92 13 41 44 50 67 70 52 67 21 54 38 18 45 19 50 27 66 86 42 86 94 37 91 55 42 92 72 90 75 55 81 88 95 76 89 61 97 41 27 18 46 64 87 42 34 88 20 52 73 14 37 19 50 79 25 43 70 96 32 45 3 64 84 97 92 72 58 88 64 
36 57 10 52 43 3 85 31 23 88 55 36 77 25 37 55 50 79 77 97 63 73 99 26 56 96 17 79 5 57 43 40 13 4 43 8 6 28 90 28 67 96 63 43 21 51 50 22 30 26 18 92 50 69 69 5 16 38 35 20 94 29 11 58 32 54 65 90 33 6 69 51 2 84 94 74 34 43 95 15 20 64 6 69 32 75 25 99 12 59 70 57 40 81 14 23 86 31 12 70 36 33 20 37 16 65 62 1 59 56 16 78 72 21 98 55 47 22 54 58 33 23 66 72 55 80 46 40 10 58 61 97 90 81 86 57 97 47 57 56 55 72 33 26 93 31 80 91 4 33 1 88 56 66 11 10 97 57 2 6 14 62 55 55 94 40 11 91 86 19 46 40 91 30 65 35 12 97 25 16 29 25 3 36 43 66 98 39 22 99 97 87 12 51 41 6 90 3 96 75 21 93 67 63 22 83 97 34 79 74 1 8 50 55 43 92 20 92 31 41 90 27 79 
2 29 19 59 18 73 54 44 46 98 10 8 71 93 57 4 71 30 56 30 79 11 25 23 82 16 5 75 6 83 53 59 11 24 17 28 48 22 71 93 19 33 53 89 77 9 45 47 90 52 29 20 14 53 42 96 68 98 70 73 80 74 83 90 97 99 17 45 72 40 89 90 24 41 31 100 1 27 98 90 78 26 62 92 78 3 39 46 1 8 70 32 81 5 22 30 3 90 74 75 81 62 16 4 55 98 55 55 24 53 45 54 30 6 97 8 60 35 5 12 94 26 44 26 30 17 55 85 6 80 11 39 94 78 42 48 76 49 54 51 53 98 56 82 55 52 41 67 38 97 30 83 75 73 9 56 41 15 40 47 47 2 85 40 80 78 39 55 78 92 57 82 42 13 16 48 16 8 14 6 5 44 88 31 68 96 86 61 11 78 7 57 79 43 48 58 72 38 64 2 29 73 83 22 85 98 70 52 6 35 57 62 78 45 92 98 92 29 58 54 6 16 62 
37 10 9 46 33 98 62 86 27 34 69 100 70 18 69 21 23 4 30 36 33 74 79 82 65 8 91 71 65 6 32 1 67 93 99 52 90 60 37 16 93 5 16 62 75 36 34 49 91 63 85 24 88 15 57 53 22 48 75 39 5 6 91 72 98 89 23 88 48 59 55 92 16 22 53 90 58 39 38 100 1 74 23 89 89 32 93 62 79 67 52 83 72 43 54 22 83 28 9 83 39 15 74 6 37 79 95 46 17 84 45 17 10 20 57 50 51 49 63 29 15 15 63 39 9 69 60 91 96 20 73 86 34 99 91 22 77 37 67 45 73 64 61 82 83 18 83 85 18 45 65 33 59 27 23 67 95 34 10 43 5 82 28 38 32 19 12 60 55 78 4 27 93 65 60 75 34 42 11 51 87 75 35 97 2 57 64 48 42 73 90 46 6 18 36 90 88 47 49 94 24 53 73 69 17 84 43 2 26 6 52 64 80 39 60 33 95 75 81 89 99 22 34 
57 91 69 46 78 15 94 24 91 46 96 59 14 79 53 15 56 58 19 19 90 57 31 22 51 57 54 91 56 76 25 12 66 45 57 96 12 2 19 2 48 14 12 61 44 16 76 100 26 94 70 15 2 100 88 52 57 42 95 12 17 19 75 34 15 83 29 26 84 99 79 31 12 90 44 8 58 71 7 83 16 76 97 17 76 36 20 84 77 14 47 45 84 21 79 99 55 59 24 38 58 3 69 21 44 64 28 1 34 34 35 49 62 83 65 89 19 84 72 95 50 70 92 33 42 70 31 96 80 7 33 89 9 53 10 4 16 89 57 1 75 91 49 36 74 65 76 92 1 99 38 50 68 29 34 9 50 65 4 30 71 88 70 31 41 31 86 8 20 42 9 46 85 9 33 58 26 8 1 26 6 90 27 25 19 60 33 68 76 88 49 98 75 71 80 67 1 66 27 72 59 35 17 43 95 1 52 20 8 4 45 65 94 23 89 12 83 73 31 58 60 32 56 
87 2 87 53 2 52 79 74 63 65 42 5 12 43 9 31 2 12 28 19 5 50 59 68 32 32 51 42 43 82 49 29 83 35 34 36 39 64 61 1 81 3 57 92 97 65 74 50 29 1 20 85 51 79 53 34 62 3 27 56 36 27 37 18 62 22 5 100 85 66 52 17 20 8 8 68 73 82 17 1 34 89 85 36 67 89 70 80 43 48 87 78 75 23 95 88 44 100 39 81 17 90 97 36 97 57 3 69 38 71 21 23 59 58 59 77 46 80 8 41 27 95 18 53 69 65 40 13 64 78 93 32 67 41 67 64 97 21 84 86 43 57 9 54 14 67 30 11 46 90 51 24 84 69 77 52 33 16 16 48 94 60 31 12 1 49 75 97 21 11 35 63 67 43 16 32 61 98 94 6 87 97 81 22 17 57 73 1 73 41 100 18 100 30 29 100 30 56 49 50 66 83 12 84 77 28 67 37 77 60 94 63 8 74 84 24 31 8 76 55 48 75 72 
100 56 52 51 85 7 99 34 24 33 46 59 9 25 25 45 1 37 38 15 44 12 50 20 94 57 95 48 57 70 71 8 25 22 58 10 81 9 95 56 41 92 15 2 16 39 98 68 75 88 34 71 51 83 90 44 92 84 43 48 53 13 55 30 86 64 91 66 72 85 22 65 77 36 18 44 26 15 64 53 2 97 23 52 80 12 47 71 47 89 70 52 1 76 33 87 39 23 4 11 59 25 27 35 12 44 31 90 58 94 42 12 42 16 15 73 79 62 95 25 2 64 76 3 91 8 41 30 82 96 92 41 73 18 27 84 13 9 25 22 2 66 33 96 81 100 68 59 61 63 36 14 78 63 68 69 23 8 98 4 56 41 96 28 10 75 11 22 83 88 43 85 53 28 32 86 27 99 96 39 61 31 4 39 94 72 59 68 31 8 71 86 48 19 13 9 93 76 30 75 63 24 11 15 3 42 52 81 41 48 71 53 30 75 43 75 46 1 42 28 8 65 14 
7 35 26 15 27 53 96 53 15 72 64 82 74 57 33 7 49 32 77 54 14 3 96 88 100 49 82 28 8 98 93 15 32 18 81 10 23 77 62 37 48 77 70 73 86 3 31 34 86 60 87 51 62 35 91 14 83 72 41 42 21 33 56 52 2 89 13 24 65 74 13 64 3 82 88 88 36 19 21 22 30 60 72 91 94 14 4 28 85 96 69 57 28 77 60 82 65 72 5 81 46 17 96 48 51 83 35 86 53 7 7 82 18 31 25 63 44 80 42 81 76 63 37 55 39 49 88 55 20 45 87 17 13 82 16 63 16 2 49 69 9 7 2 78 89 78 41 33 58 82 65 85 44 53 91 34 1 79 88 73 23 74 89 87 7 5 50 23 58 98 43 66 4 96 44 93 74 36 77 83 17 93 67 61 97 9 94 98 39 34 22 13 59 10 100 66 66 49 88 24 46 82 41 1 77 36 45 50 71 73 32 88 17 50 100 14 11 93 63 49 78 84 62 
37 45 61 2 11 9 41 86 6 22 78 58 98 14 55 100 36 27 83 23 96 33 74 9 43 19 23 43 96 6 4 32 2 64 85 64 24 25 49 81 98 27 39 48 92 93 47 27 71 29 2 66 13 75 26 7 45 48 50 41 5 53 72 7 69 9 22 44 33 71 25 83 49 63 30 92 7 28 18 29 56 71 47 21 98 72 27 42 72 76 82 28 81 6 86 1 14 8 44 98 30 68 80 78 82 61 21 40 88 38 69 96 61 15 16 58 38 42 51 61 70 33 41 2 90 26 2 55 33 97 4 62 65 84 91 98 96 11 38 84 1 58 79 13 72 46 70 61 39 20 74 60 4 14 61 45 39 14 99 24 11 3 85 27 38 28 24 85 38 13 68 90 70 98 2 93 95 23 54 34 95 27 93 50 40 54 95 30 19 45 53 29 99 90 7 88 17 31 73 6 43 92 48 65 42 49 57 36 24 10 69 18 88 62 67 79 67 13 61 85 10 13 66 
8 2 72 96 70 54 20 28 49 11 75 13 52 75 69 88 98 31 8 15 70 69 34 49 87 98 9 24 7 73 89 15 27 12 62 96 66 33 75 14 95 49 78 47 24 98 86 73 28 45 40 98 66 25 98 52 22 58 27 29 30 15 95 8 79 8 4 44 40 78 9 34 79 38 32 54 35 69 26 15 66 17 64 31 41 61 34 63 70 61 43 99 75 89 7 5 96 62 100 87 91 8 72 21 97 56 74 32 76 52 46 41 20 9 71 61 21 5 75 90 65 69 40 91 57 98 48 4 11 47 42 2 7 13 74 3 20 100 34 96 3 31 36 22 39 59 34 11 15 60 100 31 28 92 73 36 89 20 91 100 67 32 53 73 97 26 27 16 77 61 63 79 43 51 53 82 9 86 44 75 46 44 57 25 35 29 13 75 1 3 26 67 87 78 91 83 56 17 50 32 29 13 63 72 63 15 5 23 52 48 97 49 43 5 74 29 33 86 4 33 40 29 51 
26 59 41 60 66 10 10 97 90 22 11 61 36 25 17 58 29 65 6 77 59 10 50 88 94 87 43 27 79 23 77 4 33 70 64 98 31 25 47 20 46 57 33 81 34 49 90 62 65 95 38 24 56 40 63 49 78 57 75 56 31 4 12 64 25 27 13 55 51 59 26 48 68 58 28 1 7 17 14 23 63 3 46 18 42 60 66 20 16 93 27 99 96 90 14 72 16 26 78 18 85 3 65 52 13 44 4 71 60 17 93 74 19 39 91 13 50 9 84 66 1 10 16 48 100 29 71 67 54 48 85 90 50 49 41 62 93 96 32 4 64 77 30 35 15 72 47 64 80 30 81 32 91 48 31 42 76 1 9 30 48 45 19 50 45 12 63 89 59 47 93 23 23 74 57 37 45 55 52 25 84 85 8 26 32 39 20 8 91 80 89 39 24 59 88 68 70 2 57 29 48 1 3 70 74 59 58 70 13 62 46 48 46 54 25 29 44 44 88 34 23 76 24 
46 35 63 66 56 65 74 36 12 26 38 82 51 96 91 20 60 52 66 7 97 71 84 78 14 27 65 99 50 41 23 47 27 85 12 34 1 37 70 13 62 7 46 12 55 36 84 14 88 49 73 36 19 56 13 84 82 78 34 83 70 56 30 96 93 93 29 93 30 50 57 91 57 2 55 11 90 38 76 77 86 48 12 56 55 25 91 89 54 24 71 23 32 100 70 24 93 50 68 74 100 25 64 56 78 70 18 67 7 93 95 44 93 7 51 47 83 41 35 88 17 6 10 100 57 79 23 1 80 42 74 79 18 90 86 96 59 3 14 66 48 9 61 92 67 12 38 1 4 25 88 20 82 97 19 90 27 93 91 6 87 16 37 4 5 22 51 16 77 17 33 76 25 93 67 43 4 4 43 8 80 30 79 61 78 50 51 4 94 93 61 80 8 97 36 65 71 38 80 47 54 64 74 30 56 40 72 60 95 14 19 75 95 97 87 72 98 37 27 92 81 88 71 
41 36 6 5 58 44 36 56 49 99 29 79 6 68 50 65 63 16 35 37 10 32 75 34 29 64 60 72 44 99 43 84 87 100 40 44 95 75 52 44 25 80 22 31 48 71 47 62 86 82 50 48 65 24 81 45 87 92 17 31 43 59 66 29 10 6 24 5 32 75 48 57 55 69 39 54 91 85 15 77 66 16 76 82 39 8 27 78 99 95 60 41 5 25 21 14 30 45 18 14 71 65 70 77 85 60 30 76 44 96 4 62 63 79 95 2 38 21 31 36 67 90 29 71 14 1 85 96 97 54 9 68 71 30 44 55 89 26 82 84 73 85 97 36 15 92 89 52 64 19 40 31 8 68 1 73 20 37 20 17 43 80 36 13 61 31 19 1 8 1 85 81 37 81 68 52 24 56 3 88 26 42 18 85 61 70 57 81 7 29 49 49 8 36 13 69 66 83 69 74 83 5 6 20 86 73 23 9 80 25 48 5 19 65 89 79 35 97 11 93 25 11 93 
85 46 5 53 12 39 73 37 22 78 42 93 15 66 15 75 45 91 23 49 9 87 89 40 73 37 50 65 14 61 9 98 58 65 2 69 4 74 57 77 3 98 69 17 63 35 92 7 25 66 7 86 4 47 25 77 84 26 93 49 38 54 46 96 18 47 16 21 72 73 49 75 70 17 91 85 3 34 43 80 51 2 65 55 48 89 31 83 14 75 31 52 28 28 99 98 74 14 18 98 86 67 72 8 35 14 92 90 100 86 69 50 87 85 4 35 25 86 69 90 13 100 41 40 27 91 37 53 5 7 50 42 25 73 49 11 86 92 100 37 78 20 87 64 4 42 50 80 28 19 70 40 18 10 31 96 53 20 48 57 78 49 98 2 21 99 12 7 90 64 43 67 35 81 31 91 23 32 70 2 50 39 41 67 1 23 63 53 42 62 9 19 11 58 72 31 56 36 89 46 51 84 64 85 16 46 75 38 78 45 39 27 35 31 46 35 54 60 87 47 21 47 18 
83 5 41 66 12 76 6 57 78 89 73 63 5 18 89 94 95 85 85 74 20 15 19 6 20 78 93 19 50 39 88 33 95 28 98 7 56 3 15 85 44 87 47 100 57 88 45 51 24 29 76 43 96 94 49 67 23 93 85 73 83 24 57 78 4 54 36 11 8 2 95 3 89 42 2 45 81 99 47 4 27 23 99 22 68 99 89 91 91 25 63 73 1 71 2 4 24 89 14 83 91 8 86 31 1 39 27 33 37 25 37 16 99 87 89 67 85 29 9 75 6 23 99 6 93 53 61 68 93 74 2 35 33 87 65 86 78 43 18 66 20 6 33 18 92 22 36 76 50 44 50 55 18 1 12 10 5 72 29 97 45 31 32 30 69 48 15 98 43 32 64 62 38 48 79 29 69 67 5 71 62 6 25 80 58 37 41 14 60 70 11 5 52 94 86 20 93 100 18 35 83 33 96 20 80 27 1 1 93 57 71 54 14 47 85 24 35 78 37 95 99 99 51 
50 92 36 69 37 87 38 71 69 22 19 41 54 97 93 6 41 49 76 46 14 74 31 37 9 60 74 55 58 72 5 7 16 92 27 52 78 17 74 98 38 44 38 43 40 30 48 80 30 23 78 44 49 60 80 57 19 5 63 76 77 19 82 44 10 60 95 39 76 20 36 14 64 74 8 3 55 56 35 85 30 12 80 78 23 59 86 41 16 48 16 92 66 49 87 27 8 81 65 84 100 1 49 63 26 56 18 32 11 4 68 41 67 47 70 89 6 56 29 73 55 96 64 21 44 50 47 51 82 64 34 33 16 82 48 41 90 65 24 100 20 92 92 86 38 14 74 95 21 54 67 75 49 82 47 92 83 94 94 64 9 28 49 24 61 96 16 2 12 39 54 31 30 97 16 68 10 41 14 30 94 81 5 94 62 51 37 45 96 30 60 56 9 8 79 70 55 94 23 66 33 76 96 14 73 63 33 82 3 47 64 48 27 68 93 40 70 29 84 18 59 96 25 
67 55 4 88 10 97 11 75 81 38 71 95 10 85 79 92 40 25 55 39 51 74 32 91 95 12 26 64 70 73 89 89 28 44 28 37 92 90 63 73 28 85 19 37 70 97 80 9 22 86 47 24 11 30 66 58 42 44 73 11 16 61 51 95 4 31 83 96 20 46 20 99 30 90 88 99 86 19 59 59 57 6 35 67 35 52 76 28 95 49 91 63 61 41 57 17 71 92 12 43 37 83 41 66 72 28 17 9 47 75 20 3 32 54 21 19 5 49 46 52 97 36 14 57 29 22 25 51 13 36 45 1 70 86 19 93 65 87 2 63 61 21 17 45 26 90 15 82 38 60 33 86 48 98 94 28 72 19 30 36 6 75 37 76 12 7 68 28 93 21 91 5 41 59 49 18 48 63 100 37 75 84 22 74 82 16 53 53 34 82 88 39 56 76 66 19 82 34 47 74 54 37 31 47 47 79 16 47 94 67 83 20 51 5 45 84 72 97 88 5 78 27 95 
86 55 61 4 36 46 50 62 99 38 92 97 85 22 13 31 67 79 65 38 81 69 82 16 40 78 3 96 56 82 43 93 36 3 96 71 48 98 84 98 87 27 47 23 1 59 5 67 89 70 5 70 90 38 37 30 16 40 77 23 21 19 67 8 73 62 78 72 11 14 22 98 40 68 20 40 26 25 59 66 94 15 87 83 52 24 64 19 15 93 93 35 63 59 42 36 21 71 59 83 36 80 80 76 47 100 67 24 24 25 90 69 91 28 3 43 51 67 13 65 11 6 51 73 64 44 8 36 67 19 19 2 98 50 29 97 49 96 20 24 72 61 44 63 89 47 57 39 13 21 56 23 26 6 47 42 2 7 29 68 25 99 69 22 49 50 18 49 45 90 73 68 50 68 82 90 14 90 29 78 11 36 52 88 41 99 81 42 5 62 61 29 60 82 2 8 31 72 9 27 13 81 94 14 48 28 4 14 17 84 91 79 19 43 19 59 41 51 53 97 12 13 77 
72 94 78 31 76 1 39 2 13 71 96 27 71 75 82 84 43 65 26 22 83 68 92 93 60 42 97 8 6 62 84 29 7 14 11 83 66 50 84 79 72 31 57 42 5 90 77 48 54 3 21 36 22 12 28 34 5 77 41 62 38 25 90 44 38 1 26 55 2 10 85 73 40 41 67 97 82 95 44 35 97 64 70 71 27 50 4 83 26 44 45 15 20 86 58 9 38 84 64 39 45 48 64 36 41 30 32 22 76 75 57 73 90 78 95 68 79 98 3 4 93 99 70 13 84 28 21 22 11 84 12 7 32 75 42 72 56 74 93 32 100 1 56 42 79 50 61 57 99 63 13 91 61 82 3 97 9 24 70 71 7 81 77 38 8 19 61 63 44 6 94 95 6 49 36 84 50 97 41 48 11 5 39 24 86 41 72 47 64 41 17 23 73 46 12 32 16 73 95 11 78 40 5 83 41 93 19 90 89 11 38 51 15 76 74 52 68 45 98 32 37 67 6 
62 64 17 93 79 89 39 89 18 79 45 53 71 37 71 60 77 81 97 28 47 24 53 98 92 50 96 75 38 14 80 51 77 96 96 7 37 34 47 54 64 91 6 34 80 76 46 56 8 94 35 54 18 40 52 61 89 99 87 78 64 66 29 92 13 24 98 49 9 44 55 25 86 60 10 65 88 7 73 95 1 7 1 18 98 4 30 86 54 16 16 17 33 96 8 45 71 5 46 79 100 100 55 85 59 17 2 46 23 74 93 23 32 93 92 30 48 21 67 1 88 82 17 20 77 76 65 47 32 10 78 83 9 84 67 19 100 20 17 23 93 61 45 77 5 89 6 52 61 72 52 49 6 20 68 34 47 84 81 78 45 10 12 5 93 78 76 45 50 92 67 42 52 63 70 56 51 75 59 12 99 10 12 4 81 31 37 79 15 69 56 11 78 67 68 23 96 43 67 97 34 85 91 37 47 60 44 50 35 2 13 33 63 24 88 43 6 24 21 72 93 28 83 
22 46 50 96 93 92 62 90 77 46 32 13 45 91 8 46 25 9 58 9 71 33 96 65 38 20 37 62 64 16 44 37 13 45 33 57 88 46 98 16 44 29 80 88 20 87 33 96 95 42 5 17 26 52 81 15 23 69 76 38 84 19 75 48 15 59 4 2 4 2 17 47 82 48 86 1 34 70 49 28 11 5 44 88 56 76 3 31 44 78 68 79 49 94 26 63 52 82 17 8 35 85 54 16 33 92 69 66 61 17 46 24 73 41 11 28 17 13 10 12 91 78 43 39 23 20 53 75 1 69 82 35 54 87 3 86 78 71 3 91 39 48 66 11 89 76 90 57 41 100 68 83 29 62 73 51 82 25 25 82 46 58 69 51 45 71 88 74 93 90 16 31 38 81 41 78 57 30 34 49 29 53 31 9 15 3 60 96 79 36 29 24 94 49 74 90 71 61 15 63 3 31 93 92 11 33 69 19 15 2 19 95 6 49 4 20 3 63 67 34 98 48 9 
43 96 35 32 19 47 99 81 49 29 26 40 91 58 8 62 24 61 80 19 67 81 22 38 35 36 57 68 33 4 29 28 51 63 11 69 9 9 2 58 89 27 49 32 84 9 93 60 21 24 78 39 56 51 77 43 86 33 62 70 88 90 97 90 52 60 59 61 68 60 70 57 38 70 40 73 78 84 32 51 7 9 89 15 11 65 57 96 49 18 18 88 8 14 78 11 73 88 23 93 99 44 1 36 14 40 8 43 23 40 93 81 100 82 95 11 98 3 58 99 73 75 86 32 89 15 42 13 2 17 57 52 60 57 87 25 96 95 68 70 86 12 51 85 93 97 47 43 52 5 41 24 79 78 55 19 45 48 32 98 16 40 50 76 97 36 100 44 82 19 14 67 31 64 4 75 12 50 17 63 54 9 86 33 87 92 51 83 92 34 80 7 74 29 34 70 65 86 65 98 56 78 65 86 93 68 61 5 17 29 19 71 38 5 55 76 48 5 58 91 39 37 50 
64 66 35 85 82 20 49 79 28 27 95 13 71 14 25 27 31 6 46 53 43 2 59 70 1 63 79 92 53 15 93 68 32 27 52 65 99 1 96 26 79 90 90 1 56 67 28 38 72 25 42 66 26 100 35 26 14 13 69 67 79 13 34 63 92 38 27 42 38 74 19 68 16 8 68 71 26 47 8 97 71 49 62 96 48 48 74 61 60 94 79 91 7 65 53 50 2 31 91 91 5 9 10 72 68 29 42 94 76 1 90 98 1 4 46 100 51 71 12 63 64 43 53 22 7 5 71 60 35 13 2 91 21 63 62 89 91 55 34 18 7 23 16 7 78 13 58 29 83 70 91 98 12 43 20 18 99 42 29 85 55 82 76 75 44 89 15 34 96 48 4 2 23 71 61 52 83 18 80 17 87 22 14 98 16 33 67 66 27 47 51 81 28 26 7 71 66 74 57 61 73 60 63 95 82 75 99 64 92 78 80 79 52 45 28 19 30 47 85 56 45 35 88 
73 12 46 95 77 19 51 38 92 62 52 38 95 26 36 58 69 66 89 99 69 34 27 39 15 25 23 70 69 57 9 93 20 54 88 97 25 90 86 68 4 89 57 98 66 45 8 34 62 96 33 30 81 11 68 95 35 43 16 55 51 24 48 71 30 87 19 54 76 4 21 79 44 77 29 9 21 36 94 82 83 26 63 16 88 83 62 74 25 78 29 75 53 28 45 82 14 63 35 41 18 55 20 61 84 100 21 56 35 15 38 69 92 52 84 32 34 46 5 58 75 85 33 27 12 29 9 77 44 43 18 13 50 89 74 85 88 46 40 22 12 29 90 56 81 26 87 14 71 91 24 97 28 56 23 91 36 31 68 79 26 85 92 27 73 17 63 12 14 2 33 26 83 74 81 63 51 67 28 73 9 51 69 36 58 92 27 94 74 46 24 51 30 67 29 54 83 91 65 49 45 49 74 27 74 54 41 25 72 68 49 32 71 18 68 28 61 46 73 86 43 97 37 
72 63 17 77 98 60 93 46 56 41 71 82 66 76 74 42 99 93 91 30 63 60 49 43 20 94 15 5 36 63 93 59 78 62 87 27 21 79 72 76 71 94 9 37 69 82 30 67 26 20 48 41 79 97 83 50 42 49 7 30 12 99 40 89 60 27 15 32 5 38 7 28 83 15 64 3 48 93 21 26 65 68 66 95 64 100 45 58 48 51 87 11 1 26 51 13 4 65 44 61 54 51 88 88 17 3 90 17 47 10 42 11 30 7 6 93 6 2 2 5 4 88 16 4 66 66 16 69 83 12 81 88 62 68 76 30 70 65 46 17 27 87 79 56 45 84 100 2 37 2 7 40 41 22 44 58 39 11 79 21 22 59 61 35 27 36 65 48 52 62 16 78 49 95 85 45 30 85 47 19 38 53 58 78 26 53 36 16 64 14 37 37 24 97 24 50 84 88 50 35 1 17 65 49 11 49 46 93 85 92 11 22 96 68 52 73 73 39 88 88 4 76 24 
27 72 47 29 7 86 78 42 87 94 6 87 57 6 32 1 91 75 11 64 22 30 15 94 2 53 82 89 56 57 65 35 81 63 63 87 49 40 80 87 85 37 73 93 43 57 93 85 83 3 48 5 85 63 98 38 67 31 27 75 88 43 9 20 5 71 58 5 62 38 91 98 74 16 91 68 24 83 52 6 38 52 10 22 66 8 59 32 38 37 58 77 79 66 48 36 88 6 40 49 43 83 99 68 98 89 88 21 71 91 26 8 42 88 81 7 95 92 91 84 28 48 61 59 66 8 46 53 65 85 54 59 19 52 79 68 92 66 88 62 56 66 22 50 53 54 8 99 45 98 82 25 98 94 35 15 54 80 19 18 16 72 77 35 75 55 2 66 72 42 80 79 59 53 28 63 6 36 61 3 85 94 79 34 88 13 48 93 92 67 10 7 90 38 93 65 44 47 82 15 40 13 94 98 17 73 12 75 60 24 77 45 17 55 78 56 19 78 100 10 44 10 68 
33 99 13 49 43 59 83 57 98 47 2 47 64 75 58 38 34 81 66 30 49 72 60 57 90 37 56 51 32 17 18 16 16 82 65 58 40 99 66 89 45 68 87 60 94 44 49 27 76 66 9 77 37 68 85 78 56 40 28 87 9 98 2 24 79 18 33 71 68 98 59 65 17 98 24 10 41 25 89 69 90 97 97 79 16 81 56 23 20 84 61 28 33 14 3 11 32 35 33 51 85 44 15 1 41 39 11 81 15 51 1 4 99 97 82 66 77 90 88 49 73 48 28 57 61 31 67 44 17 100 95 1 43 9 2 83 99 64 15 13 66 68 69 64 64 2 29 93 91 16 93 15 15 20 71 75 2 38 71 19 89 65 19 83 73 72 17 24 87 83 88 52 50 56 67 66 58 47 58 48 14 50 63 28 21 33 55 23 22 25 41 62 89 11 44 13 35 60 36 21 43 24 25 44 31 43 9 40 90 18 88 3 19 2 31 92 86 37 14 60 61 6 21 
1 16 65 13 2 76 1 75 70 76 99 14 6 93 74 98 82 44 85 37 62 38 19 53 75 55 18 34 15 23 55 15 91 71 79 92 46 79 66 68 6 16 33 12 61 6 9 42 49 45 78 63 34 96 67 8 2 37 94 16 11 48 82 1 70 61 45 67 91 62 34 97 30 66 60 90 24 20 83 24 16 61 86 49 8 5 8 62 93 1 77 3 100 11 4 69 23 100 36 13 61 21 61 90 87 20 79 10 91 62 33 6 74 71 54 33 27 14 94 19 14 23 73 66 85 76 34 7 27 21 71 88 42 32 77 28 3 8 89 94 21 21 99 46 43 5 78 69 18 24 39 83 98 12 48 82 39 34 88 66 54 10 53 95 41 81 74 96 40 62 89 60 35 87 5 77 43 83 98 60 58 88 43 55 99 42 36 38 75 75 55 29 84 59 75 77 39 49 72 79 62 60 38 48 98 95 77 93 29 74 52 86 13 46 92 12 40 79 1 14 53 7 94 
88 65 69 64 3 69 87 33 82 98 71 30 48 65 58 40 45 83 43 30 95 89 21 58 28 99 58 93 3 64 87 90 80 7 6 83 75 44 15 8 42 37 89 89 53 46 80 97 28 22 78 23 62 98 80 89 48 90 34 2 5 20 44 85 26 49 19 52 44 33 11 85 22 100 25 74 45 4 23 73 78 100 47 39 50 78 80 49 67 13 51 72 84 94 8 9 94 26 12 37 58 22 74 31 73 50 57 18 6 79 42 83 30 88 21 31 65 52 32 84 64 82 7 47 27 14 7 20 39 70 8 48 44 33 79 16 35 87 85 40 17 26 74 46 65 46 29 82 98 60 65 61 93 71 8 19 36 66 90 26 36 49 73 79 82 3 94 16 89 79 7 5 56 80 3 73 77 83 54 74 94 70 35 86 92 94 56 27 11 97 52 46 45 76 24 78 79 70 45 19 100 51 76 7 82 30 79 59 12 32 32 5 1 18 42 44 63 97 70 74 45 73 19 
89 49 95 67 79 16 63 97 67 14 24 73 47 53 52 5 64 35 89 20 88 58 13 31 21 61 53 94 5 25 64 94 25 10 12 3 25 74 52 43 39 75 16 38 80 19 94 95 53 82 67 92 92 79 23 12 40 27 57 44 3 72 89 28 82 100 82 58 26 85 53 16 12 68 5 91 38 99 85 42 32 51 34 23 82 8 86 21 34 94 16 36 66 5 15 99 56 97 8 33 81 12 1 44 79 5 34 68 3 71 10 35 73 95 9 54 2 47 26 87 40 42 22 57 46 89 7 53 85 67 86 17 78 86 61 9 90 46 76 45 16 37 31 89 31 39 94 32 85 20 18 77 61 92 33 58 80 92 62 16 58 47 84 35 84 96 43 26 42 71 70 9 7 100 49 38 38 43 21 75 62 91 51 74 34 35 83 65 26 44 32 83 43 15 70 26 11 64 51 4 34 20 12 93 19 13 82 9 55 2 35 68 44 37 41 77 71 75 93 49 18 24 83 
60 39 4 38 1 68 88 56 53 60 19 97 30 31 78 38 85 32 24 4 75 60 96 4 83 70 96 83 40 72 17 99 62 21 36 14 88 76 69 92 35 39 89 64 70 66 54 6 49 29 10 76 41 5 79 75 75 26 57 14 49 73 64 10 93 52 23 32 79 43 24 13 82 12 28 51 29 33 8 78 62 17 53 2 74 83 76 48 60 84 13 9 56 28 18 1 31 93 32 9 35 7 21 16 18 1 18 99 33 26 76 94 94 80 47 67 62 22 66 21 5 30 81 13 58 99 13 88 43 96 97 77 3 69 45 72 69 62 70 54 39 97 47 33 76 94 99 89 67 65 62 72 94 42 36 3 92 48 91 34 95 39 63 97 59 7 21 28 68 42 33 59 39 31 91 66 24 41 55 43 57 68 66 3 61 1 5 53 100 47 38 94 37 100 43 96 6 15 75 26 56 7 84 94 37 26 12 13 66 18 55 75 85 72 77 45 72 81 49 23 80 87 16 
16 38 10 63 96 24 37 73 80 95 8 25 32 33 88 96 50 5 2 24 41 73 100 38 44 33 86 66 64 24 33 31 14 43 94 9 18 82 81 49 77 88 26 60 72 13 55 21 18 56 97 10 28 96 47 23 80 33 88 43 8 72 26 21 66 19 81 84 52 61 84 28 48 9 39 71 22 93 92 91 100 88 100 79 35 47 1 67 31 40 61 90 12 86 11 77 56 91 12 8 4 96 87 3 56 26 74 77 70 17 19 22 4 71 100 90 17 1 56 99 92 17 88 3 54 50 32 10 93 43 69 96 90 55 50 46 32 23 74 54 39 93 75 94 63 74 84 31 26 91 81 18 7 68 20 61 70 3 22 62 46 90 9 87 44 58 32 28 81 58 81 71 2 55 17 16 28 100 46 54 42 26 23 49 45 42 61 14 45 34 75 42 23 35 80 18 93 64 45 25 21 25 47 22 31 63 37 11 14 34 16 56 11 38 56 7 79 16 21 75 49 47 68 
23 82 48 40 26 11 37 50 83 13 96 56 44 59 44 54 72 77 69 27 39 6 82 45 36 49 65 63 49 64 82 23 97 29 63 22 91 99 71 25 63 18 80 6 76 23 59 100 51 79 78 89 84 12 86 72 60 2 86 61 65 67 83 61 48 97 82 38 47 4 15 10 22 94 67 49 69 26 100 19 56 78 60 92 89 45 63 100 46 48 12 63 14 47 75 13 95 9 51 42 12 17 3 85 10 69 86 78 46 85 49 2 14 8 93 54 4 7 54 1 6 17 63 71 63 90 84 10 98 86 51 61 2 5 98 11 73 35 41 71 19 89 24 85 48 16 38 51 74 43 3 79 60 18 49 74 7 32 83 4 17 85 16 70 41 13 81 66 47 73 36 18 13 59 54 60 26 91 62 99 86 16 29 97 33 77 22 39 61 57 94 29 41 62 99 82 26 31 47 25 55 34 94 67 44 47 78 69 89 91 19 74 6 47 70 91 75 44 29 87 100 75 68 
40 36 18 73 13 100 71 37 54 56 30 72 99 76 1 19 65 91 37 90 48 35 60 38 62 3 19 100 54 45 67 93 32 36 18 44 35 40 81 40 96 10 11 46 38 63 65 2 5 53 91 53 88 2 42 1 56 12 100 9 8 19 54 39 54 23 35 41 14 67 80 9 28 43 7 65 5 71 18 10 23 61 14 62 14 7 62 22 71 14 82 78 32 35 69 37 9 55 77 23 21 9 83 48 51 89 65 7 59 82 68 34 94 33 47 8 40 61 29 62 74 10 91 57 97 11 45 57 65 22 79 37 82 62 37 84 2 1 90 61 34 10 46 28 42 92 87 33 52 67 46 77 28 37 85 24 47 30 81 64 3 11 100 84 72 36 67 74 88 8 86 22 69 83 1 11 26 39 95 30 5 41 6 32 29 91 8 75 72 40 38 74 50 90 9 74 77 27 99 65 34 84 38 55 18 90 17 43 28 11 72 84 3 78 15 31 20 74 58 43 13 47 16 
63 36 76 88 13 2 86 29 87 21 66 41 38 55 57 80 34 20 52 17 22 81 31 5 52 57 62 94 69 60 61 83 48 36 70 60 89 7 40 75 27 5 16 64 11 72 96 44 91 99 12 65 79 94 69 82 50 82 27 19 41 87 53 88 74 75 99 62 81 38 36 8 94 3 23 56 27 18 99 69 16 62 33 46 56 53 27 5 34 53 75 27 91 80 66 16 54 65 77 34 54 65 93 48 19 16 3 45 33 54 66 1 15 98 46 22 3 25 27 88 29 53 14 72 32 80 87 85 96 16 71 49 32 63 48 50 78 51 47 63 56 12 15 22 61 60 44 63 36 22 51 65 74 16 36 6 95 74 90 90 89 60 91 20 23 38 22 52 40 20 66 95 31 80 69 43 92 12 58 27 85 60 43 58 75 30 63 22 4 53 11 92 64 53 64 38 91 37 42 30 56 7 77 38 39 45 32 82 8 89 60 92 48 3 49 23 32 64 96 87 68 58 79 
31 11 94 69 1 82 62 82 89 68 10 26 58 54 9 91 13 98 51 56 97 5 5 71 88 20 66 75 87 24 5 17 34 50 37 86 31 98 19 19 18 29 96 27 34 56 18 47 5 20 2 2 76 58 24 63 77 90 89 63 65 45 32 50 94 68 87 76 18 5 46 35 33 93 61 19 49 78 65 5 49 18 6 24 28 82 39 56 23 27 19 87 24 2 88 69 21 74 45 38 30 42 72 15 87 33 33 87 62 49 91 63 66 49 86 45 30 24 1 4 3 71 42 26 72 29 94 92 54 90 30 83 84 53 49 70 37 81 8 51 81 98 13 99 98 50 43 79 74 43 82 28 13 23 5 36 51 50 80 56 40 61 91 75 13 39 96 2 72 3 52 4 52 64 2 50 65 45 28 38 39 10 17 4 32 21 39 35 71 18 42 62 78 32 88 43 23 83 44 94 85 95 97 36 10 51 85 74 95 65 64 85 74 32 88 57 53 27 91 75 96 33 88 
26 16 75 68 38 57 63 83 93 9 80 80 18 82 17 43 76 81 58 12 54 90 100 62 94 78 5 68 25 89 7 50 4 81 69 42 89 31 76 33 39 55 12 8 36 28 51 63 60 8 75 65 49 26 27 42 3 31 61 79 19 67 29 74 99 49 67 87 32 43 71 70 49 83 30 37 62 32 99 22 91 25 86 40 2 12 81 56 94 42 35 64 60 63 90 59 63 56 97 94 98 68 16 99 2 45 35 63 76 85 36 66 62 74 57 63 85 38 19 31 31 5 46 42 67 35 100 81 91 49 75 40 68 90 38 69 34 24 83 61 9 71 78 22 44 35 36 80 24 54 10 6 58 56 47 76 90 99 57 32 99 83 72 66 72 61 34 57 37 68 69 97 38 46 18 33 32 53 13 7 59 74 64 68 29 63 44 71 61 52 54 59 86 77 24 57 38 9 65 26 28 33 22 18 30 39 50 14 91 14 72 1 88 36 69 68 98 12 38 10 15 44 20 
100 20 95 8 9 55 24 34 82 8 55 51 89 93 53 2 36 66 26 36 53 61 4 21 10 67 10 71 33 53 90 84 25 84 91 33 90 66 67 71 73 21 74 62 66 26 15 1 43 40 88 96 52 92 68 61 10 29 83 43 34 72 26 58 7 69 90 96 34 8 19 59 29 92 20 46 69 34 98 11 74 85 58 25 28 25 38 38 6 20 32 39 44 9 96 50 77 37 98 63 97 16 21 77 59 92 22 79 25 19 89 50 55 47 27 83 23 64 20 28 35 3 18 30 11 65 80 40 2 29 2 50 44 74 26 54 65 47 32 89 17 20 91 71 18 17 53 93 32 24 72 66 26 90 48 37 54 27 76 7 55 29 56 50 54 81 3 18 79 86 58 95 57 48 66 75 16 70 19 47 94 90 65 71 79 12 59 85 90 86 91 44 14 99 45 19 79 99 36 10 84 46 4 40 45 21 66 61 91 84 7 36 74 23 6 4 34 17 88 23 2 31 18 
68 29 14 86 59 12 74 68 95 19 24 87 15 96 52 75 86 36 34 73 61 8 79 64 42 95 4 16 48 86 86 15 66 99 1 76 63 74 96 57 44 19 43 10 14 47 85 52 82 70 24 42 77 54 57 70 100 12 86 48 49 23 14 14 21 14 90 83 39 85 92 34 55 86 44 20 32 80 23 13 1 47 6 77 52 15 99 52 78 84 51 27 6 64 40 78 30 81 13 20 17 4 6 71 41 1 43 73 80 65 37 32 63 95 8 15 61 58 18 38 93 20 64 98 35 56 28 16 36 40 36 53 95 93 75 35 93 69 59 72 34 96 55 96 42 62 62 2 72 79 39 64 50 55 14 85 10 41 100 45 32 87 49 26 79 76 12 71 44 71 94 77 18 48 25 11 62 38 12 33 69 50 96 18 4 9 2 65 1 54 10 32 92 10 9 71 85 73 93 29 95 87 57 12 86 33 74 47 71 85 31 39 86 27 56 42 87 10 6 88 15 67 71 
6 77 32 76 61 4 69 41 98 7 50 61 92 82 34 39 52 70 21 90 55 47 98 96 86 7 54 25 21 20 95 78 48 26 54 61 29 74 53 78 80 2 38 71 84 23 61 35 92 82 77 47 80 74 94 65 32 99 89 4 71 36 81 18 13 34 30 94 59 83 71 38 84 61 61 67 83 21 54 27 54 30 25 34 55 70 50 38 69 91 41 39 78 21 8 90 7 38 83 65 20 54 55 3 66 15 22 48 87 27 26 41 8 50 26 62 20 27 99 88 69 91 78 46 11 85 36 69 22 70 86 93 75 92 48 40 6 21 40 44 47 65 36 54 15 13 67 34 40 17 73 60 7 50 6 69 86 93 90 8 62 75 52 89 66 51 28 23 71 67 66 69 32 54 22 98 66 40 31 5 8 3 65 66 4 22 35 89 66 76 48 79 2 100 67 19 2 95 41 73 61 58 41 44 11 15 41 77 6 23 33 14 77 49 79 80 22 65 69 87 92 16 66 
93 67 84 11 21 78 51 93 91 61 85 86 23 51 27 51 9 1 36 74 78 36 4 57 58 21 77 96 12 45 13 5 63 97 15 83 26 18 27 16 78 64 54 52 14 32 3 74 32 38 47 9 73 3 66 82 23 94 78 34 38 90 38 1 38 5 83 64 22 10 31 51 73 84 54 38 15 56 64 47 45 62 7 18 64 24 51 86 18 28 20 55 70 9 55 7 65 90 70 38 51 53 40 75 36 94 64 3 49 27 1 46 89 7 15 52 31 65 90 48 93 61 54 62 21 61 20 86 50 42 23 52 94 63 26 81 8 89 35 8 68 35 53 56 94 67 59 76 32 48 75 76 60 28 89 81 88 8 66 89 49 40 40 94 2 65 75 61 6 61 69 73 96 21 80 41 40 90 16 23 90 42 98 49 69 86 29 9 45 94 49 94 86 89 39 87 5 65 100 62 26 68 86 73 40 65 13 79 7 80 1 96 21 98 44 41 35 25 1 80 70 50 25 
55 90 63 94 94 80 93 8 5 60 93 77 99 10 41 30 16 20 30 11 92 80 6 84 66 30 85 97 52 86 21 6 75 36 99 20 15 91 27 71 2 20 47 53 29 39 82 96 58 63 6 1 42 63 84 60 45 20 56 96 5 77 1 79 64 100 51 30 42 77 100 44 48 98 96 28 36 77 23 45 39 80 45 33 43 80 44 87 100 99 82 56 27 82 35 90 33 37 19 75 65 70 70 13 67 65 92 2 93 15 46 83 46 42 67 88 22 10 26 73 9 7 28 35 41 14 77 25 50 95 51 67 17 20 31 83 36 22 37 28 88 82 63 34 76 29 73 49 39 99 21 47 57 100 33 49 66 9 74 67 56 76 33 72 96 63 6 83 85 42 63 24 76 25 57 51 53 30 99 91 80 71 89 36 22 74 37 87 82 10 6 89 37 38 60 84 1 66 67 37 7 29 12 82 53 21 84 57 2 34 48 81 56 88 68 78 61 4 16 95 65 21 83 
2 59 95 85 11 60 3 99 18 31 10 52 35 82 35 92 83 21 91 63 76 78 31 5 91 86 21 85 51 93 19 52 3 13 88 13 72 91 63 42 73 25 45 8 6 31 99 89 51 89 3 27 18 85 83 8 71 3 44 21 48 63 24 50 75 11 15 99 53 77 40 26 53 36 33 11 66 31 99 17 71 53 95 88 38 77 48 8 32 91 80 79 53 3 28 80 65 94 78 18 71 69 43 75 4 75 85 69 57 35 37 27 88 83 66 77 60 13 36 43 56 15 73 60 17 52 39 81 46 68 50 68 36 92 42 91 66 79 12 74 13 48 100 52 31 18 80 42 30 15 36 37 29 8 97 97 11 35 30 56 55 79 75 90 71 17 33 88 47 44 62 59 43 13 63 25 30 42 18 12 57 53 48 37 12 44 34 23 31 15 30 37 93 5 26 15 73 10 3 19 53 64 29 48 28 91 72 58 85 90 69 93 94 68 29 58 64 14 32 46 28 61 82 
73 17 59 87 89 69 89 59 73 4 88 20 32 30 44 89 14 85 9 6 30 28 87 87 91 100 18 88 80 31 69 52 47 28 38 88 48 27 46 72 30 33 92 13 63 87 1 28 71 61 34 100 89 20 39 31 71 56 19 50 86 87 53 85 66 91 72 65 69 17 37 50 50 80 63 64 18 15 91 88 76 24 39 16 95 77 46 18 85 64 19 22 3 72 6 20 14 77 37 34 94 25 83 95 4 97 58 21 12 48 60 39 24 50 54 70 79 99 39 63 15 58 84 69 81 42 40 46 18 76 79 63 100 13 57 55 10 14 27 21 14 86 59 37 88 64 58 66 14 97 28 80 54 63 48 86 4 40 31 74 67 61 36 67 73 93 73 82 58 100 54 23 37 12 11 24 75 69 89 41 65 68 20 70 31 68 55 86 59 37 59 25 97 47 43 69 91 16 3 100 15 56 23 51 20 33 27 46 1 15 86 17 83 6 86 65 25 92 2 83 28 61 7 
76 59 2 97 49 17 99 48 83 54 70 85 25 55 11 71 55 26 56 72 60 61 9 76 37 1 77 71 80 89 30 56 47 31 52 47 47 2 95 29 7 16 13 32 70 24 2 77 1 57 100 12 70 8 87 58 8 15 29 88 4 58 95 50 88 46 97 34 47 43 14 5 10 26 36 32 1 89 8 53 46 7 16 67 66 2 24 26 17 4 13 72 61 7 21 48 4 69 33 2 63 46 6 73 24 94 4 76 82 63 29 79 21 44 97 86 98 73 11 66 76 75 37 37 33 9 36 36 30 69 89 92 66 95 16 41 40 19 17 21 33 97 100 53 92 96 91 89 68 1 6 44 28 94 32 60 3 19 48 84 87 36 75 5 82 91 45 21 61 13 42 94 9 93 98 1 40 88 41 8 41 99 3 68 92 86 79 46 4 26 29 43 14 4 99 95 46 43 68 58 8 9 51 16 53 49 68 92 88 61 51 28 59 5 47 50 90 78 96 46 3 24 88 
68 79 86 63 76 80 30 34 39 90 84 55 94 84 74 85 24 86 36 3 44 92 50 46 82 27 93 79 81 68 66 49 99 3 63 74 34 44 7 73 33 43 79 26 78 4 62 1 90 49 56 85 41 5 82 74 83 74 52 15 94 69 15 92 23 77 17 8 72 24 80 4 18 10 81 95 66 95 48 55 43 3 91 35 59 73 8 93 98 11 59 91 31 74 34 53 2 51 61 74 26 92 29 43 54 62 89 19 56 88 25 98 90 67 85 100 39 44 44 37 55 3 79 37 28 13 42 29 15 54 2 40 45 83 82 50 44 22 20 99 10 96 48 51 63 32 3 1 76 46 89 82 100 20 70 27 84 11 56 98 64 9 37 61 91 70 10 34 43 82 32 52 77 32 3 39 63 5 92 90 2 32 23 2 3 93 28 86 3 35 83 67 44 71 27 86 92 88 20 35 69 3 86 98 34 40 88 49 96 31 38 98 15 13 99 17 5 78 3 7 13 37 25 
8 60 51 93 3 91 64 37 11 19 75 8 4 66 48 52 62 78 42 59 92 6 9 9 10 86 63 68 98 51 93 5 10 95 50 13 85 65 1 96 83 27 55 39 45 2 90 6 32 83 16 75 40 24 35 49 9 97 17 7 48 9 63 9 55 64 73 40 29 26 87 11 4 93 49 48 47 91 5 78 25 20 52 65 43 87 65 52 35 33 10 34 93 24 95 48 88 67 39 16 44 25 78 48 69 79 47 15 21 52 44 97 71 48 13 66 86 78 17 20 62 78 6 55 1 100 2 88 18 40 55 14 16 85 13 84 63 59 51 35 62 46 31 33 93 96 50 30 25 18 2 86 95 7 40 95 58 41 35 27 32 41 40 47 25 52 83 39 11 85 73 24 82 56 8 27 51 57 56 75 74 57 60 68 15 52 15 24 44 1 51 76 41 90 74 18 42 8 56 4 44 29 27 26 84 35 52 86 91 7 60 17 16 71 84 82 22 50 6 18 2 56 93 
43 45 18 12 38 26 67 41 69 95 20 94 30 6 97 15 48 4 26 64 71 49 100 52 22 49 57 39 51 12 31 45 9 1 56 46 26 22 87 46 69 6 92 50 63 88 17 10 43 94 74 13 42 73 17 64 73 73 2 75 37 85 19 45 85 26 90 62 100 28 7 20 85 50 69 47 38 37 57 80 31 30 45 72 54 61 87 26 85 41 1 21 25 71 65 9 97 7 22 96 34 28 15 19 78 35 65 67 72 21 98 54 2 42 77 55 54 64 81 39 4 33 59 80 3 76 40 51 82 61 46 67 40 12 85 17 99 2 35 22 22 33 75 76 26 51 30 80 66 62 18 21 94 28 100 49 55 91 99 88 51 97 55 91 8 39 59 58 92 94 79 66 78 53 41 3 56 22 82 73 84 51 94 29 31 45 77 37 36 76 25 38 72 79 28 31 69 39 89 13 84 19 78 61 72 18 63 79 39 97 3 74 99 96 3 81 93 31 18 80 6 42 17 
29 72 97 12 92 35 52 4 70 70 33 30 93 50 44 23 41 40 26 14 91 73 68 71 65 99 88 96 56 81 13 37 4 61 100 48 47 51 3 16 72 36 45 65 85 88 87 77 80 64 91 70 37 10 92 1 8 80 49 16 12 61 52 16 73 51 15 19 53 17 34 24 52 30 40 89 69 79 65 48 42 7 69 78 17 61 31 24 92 79 91 3 91 42 70 63 44 84 81 96 1 66 20 4 95 59 92 15 89 57 63 31 63 83 8 79 95 90 55 86 68 45 41 10 39 62 72 82 46 4 78 98 21 49 1 67 59 45 82 48 1 96 78 63 78 37 94 25 27 100 10 46 44 2 56 34 64 79 16 61 35 93 58 55 93 10 22 51 54 55 98 6 50 27 21 79 64 14 3 42 65 13 39 8 14 46 42 29 77 9 89 11 53 98 17 45 60 90 95 65 44 45 71 93 23 43 72 86 56 74 79 72 38 18 79 4 15 72 32 91 32 73 1 
84 70 70 28 81 59 75 46 3 71 68 95 93 10 18 31 17 92 9 88 81 78 66 84 93 90 68 35 73 40 88 57 61 57 36 42 15 62 87 17 32 54 64 77 63 81 7 79 24 67 66 5 97 83 40 41 24 7 75 97 98 62 5 59 18 40 100 85 2 38 1 85 43 16 61 57 97 19 87 72 86 52 28 82 86 68 22 62 26 48 10 76 10 14 34 79 5 85 63 58 74 16 95 16 31 55 24 79 74 10 3 11 13 30 92 50 97 65 11 75 12 72 50 73 37 35 52 42 71 66 51 96 81 45 11 64 52 86 94 77 95 96 87 7 26 30 56 74 46 19 100 57 90 1 30 27 35 33 20 57 98 22 52 79 67 14 94 70 99 87 46 93 35 84 51 60 65 7 85 10 25 85 66 66 85 47 44 72 79 63 80 77 85 32 7 3 97 100 24 96 38 21 40 72 4 43 83 20 49 68 29 25 4 46 42 40 93 86 63 23 48 43 51 
84 26 57 38 22 8 61 69 46 81 61 69 36 3 52 55 3 71 35 79 26 81 20 65 25 5 28 99 5 22 50 40 47 58 78 20 66 90 41 63 23 53 31 10 55 34 65 9 56 51 87 81 83 58 46 59 15 25 58 19 98 59 10 96 16 39 15 33 29 7 95 51 59 78 60 65 63 76 73 19 27 11 99 61 69 96 20 83 20 29 53 69 87 14 64 54 53 31 87 81 37 81 83 96 10 42 60 73 70 85 91 48 95 41 8 15 37 79 49 8 7 53 77 45 67 40 99 19 70 85 99 59 17 33 54 27 26 65 51 95 1 93 94 96 33 2 62 21 32 11 29 91 63 57 35 29 48 33 99 70 69 49 28 38 81 33 16 7 49 66 53 50 58 47 97 42 100 58 63 31 68 43 21 83 51 8 63 98 92 62 67 61 10 46 98 43 78 65 49 79 30 1 28 39 99 24 80 98 33 94 29 53 36 1 35 38 8 97 36 100 10 54 60 
20 100 9 62 29 73 62 7 54 14 86 92 13 61 23 10 94 17 90 46 4 91 32 42 98 28 29 49 90 82 8 9 33 68 22 62 92 35 20 45 48 6 88 12 18 11 74 11 79 15 8 82 57 39 75 55 19 3 3 8 85 63 68 17 82 41 30 26 75 50 70 74 7 10 38 24 20 63 87 98 77 46 31 34 37 6 40 7 60 94 66 44 8 33 13 90 25 94 15 51 95 36 24 53 45 13 77 16 75 15 65 52 60 96 37 48 53 76 54 12 69 19 8 77 3 72 18 27 65 84 77 60 19 53 64 16 65 40 31 92 6 96 43 18 43 31 65 95 6 71 58 26 41 65 2 44 36 71 22 53 54 51 64 25 55 27 40 71 19 22 62 24 69 56 93 63 86 10 9 43 80 67 69 20 31 22 15 19 93 37 71 98 39 34 22 45 12 13 15 30 87 29 6 55 84 98 70 22 7 78 64 86 44 84 58 27 6 72 45 98 60 67 47 
98 100 69 94 63 81 9 93 19 37 98 26 72 95 95 45 54 72 9 39 68 44 48 94 49 20 90 98 79 56 45 29 7 13 22 69 45 82 61 16 70 58 41 42 5 35 86 58 58 46 48 25 90 96 70 90 67 59 88 45 14 32 25 20 96 99 89 92 80 1 7 50 11 47 43 15 33 80 24 91 78 23 67 19 70 89 8 36 47 95 81 13 78 57 32 25 55 72 17 35 25 75 36 35 22 30 1 6 9 76 96 86 98 15 4 68 3 12 3 49 58 35 13 88 92 97 12 98 20 80 84 44 55 19 78 76 48 30 81 9 5 29 94 55 95 50 22 97 13 76 97 22 11 10 9 54 6 21 51 25 100 35 21 54 5 50 81 5 80 14 13 84 94 58 90 88 7 11 84 71 87 32 93 49 93 1 54 50 73 4 27 73 90 47 78 47 96 11 51 27 24 63 63 69 20 52 56 79 63 91 49 1 22 41 1 67 94 6 16 66 9 42 90 
51 40 68 97 36 30 47 62 5 61 76 73 32 28 28 10 42 70 59 42 43 51 94 9 44 99 77 10 59 18 99 61 58 18 57 45 47 55 58 3 67 34 75 99 61 54 8 2 23 18 95 18 21 88 26 64 38 2 25 96 72 76 9 81 93 65 25 92 72 82 94 38 15 69 36 27 74 96 28 49 65 22 66 85 61 43 49 50 97 25 98 20 100 6 100 93 22 24 36 93 57 29 83 72 49 70 98 75 17 78 23 82 51 40 66 12 82 66 13 30 91 10 49 90 15 48 34 37 23 21 81 80 2 63 3 2 85 52 76 1 29 50 82 32 89 48 95 23 65 7 52 55 17 53 97 31 100 82 67 75 3 48 54 4 62 8 5 46 59 33 47 40 82 80 71 71 79 65 93 44 71 96 50 87 48 98 70 100 32 88 74 34 87 79 89 49 86 45 46 96 29 44 35 11 24 5 33 54 21 77 49 92 72 99 30 72 48 51 23 79 39 48 64 
25 26 4 25 63 1 71 58 29 66 93 39 41 49 71 95 70 99 43 13 71 93 94 94 41 45 16 71 83 63 35 59 40 38 36 2 38 6 11 19 23 55 57 64 4 80 10 73 78 52 37 100 97 30 93 89 74 60 59 8 22 93 19 13 83 54 66 72 11 77 90 33 31 99 48 34 78 57 58 7 61 94 59 57 24 51 97 49 63 55 9 36 100 27 49 82 80 14 5 42 90 95 26 73 93 74 58 22 82 68 80 42 61 38 50 36 41 46 37 3 1 45 90 100 23 38 33 54 52 37 95 93 83 20 17 75 45 75 48 27 42 80 68 54 17 70 42 9 15 78 63 67 74 53 18 96 90 50 49 93 39 95 38 21 66 6 48 11 80 47 37 73 26 56 79 95 25 20 55 40 49 18 6 22 22 24 69 11 25 69 56 15 63 45 88 28 50 87 90 82 33 26 54 11 82 32 5 6 3 59 97 51 28 55 24 49 30 44 12 6 12 67 21 
26 63 8 6 12 46 95 45 78 21 99 40 54 82 44 59 37 55 8 39 82 62 15 31 91 58 94 96 22 60 68 47 74 27 52 37 72 47 82 2 19 32 41 72 13 37 82 1 91 89 40 24 2 54 54 92 11 47 40 32 58 7 31 83 86 82 20 57 80 1 58 98 32 99 69 96 35 3 97 77 91 88 100 45 41 6 88 3 4 27 87 14 86 17 96 71 50 15 79 82 67 37 79 50 87 100 98 73 2 46 49 44 33 100 88 25 5 28 79 9 54 65 74 91 33 69 13 35 36 92 16 54 28 94 4 66 45 1 90 98 46 90 42 30 89 81 54 46 8 32 6 14 49 79 4 33 99 17 67 34 8 82 88 87 28 43 4 24 95 93 22 92 34 63 21 22 95 26 19 3 9 24 68 57 2 71 90 1 39 8 86 98 42 25 36 69 67 39 92 61 83 65 4 16 27 24 90 74 49 8 76 10 32 43 66 85 65 7 37 56 15 75 53 
8 99 89 28 18 79 71 30 14 36 34 81 62 57 70 35 58 30 62 67 13 56 84 49 73 43 86 28 9 12 32 16 10 20 43 79 51 13 9 16 48 42 96 62 50 66 48 7 47 10 25 59 17 61 7 41 3 44 68 11 55 100 26 17 71 68 95 73 32 55 88 80 96 84 41 46 1 40 4 47 49 81 57 18 41 63 58 43 59 78 5 65 77 82 33 99 49 28 72 32 34 59 11 30 94 3 27 94 43 30 92 43 62 48 60 2 63 70 96 21 47 52 37 75 33 70 73 33 49 96 65 82 55 75 11 100 30 89 94 72 71 85 66 32 85 26 86 47 47 33 19 45 85 55 19 69 24 43 2 24 39 66 6 45 92 68 44 21 57 89 44 79 74 10 10 58 87 95 56 33 80 74 29 64 28 47 32 4 89 85 27 79 50 84 23 94 4 19 14 12 7 10 90 80 19 99 89 57 46 44 41 25 17 69 40 97 15 23 100 55 8 78 34 
9 62 8 2 17 26 68 28 33 77 17 64 47 67 53 3 12 48 43 88 17 11 27 65 77 50 16 31 9 93 16 17 6 76 19 22 1 38 1 33 14 17 49 12 84 53 14 95 100 8 35 68 18 61 32 46 62 47 28 70 92 44 39 49 19 9 23 71 46 23 56 11 40 4 22 75 56 87 21 7 94 55 75 63 16 58 8 29 57 35 51 48 30 89 96 100 97 18 71 94 93 26 56 32 29 77 6 36 15 26 42 8 33 68 70 48 26 29 28 82 63 78 81 93 66 28 92 14 98 14 7 90 39 62 73 19 90 78 6 4 55 48 63 39 67 32 86 92 60 14 25 75 91 57 19 9 85 62 22 82 76 81 23 66 94 95 37 36 24 42 39 30 41 2 69 8 85 54 51 97 19 28 23 62 84 41 22 20 54 95 1 29 75 23 47 21 69 83 56 92 76 46 22 17 99 90 76 84 95 78 32 66 5 54 79 41 46 100 60 99 94 13 80 
21 87 78 93 56 60 48 47 87 93 20 3 44 9 30 79 56 8 10 21 12 15 99 4 12 50 64 62 95 28 41 15 14 70 7 21 29 6 68 16 51 39 70 94 100 100 72 55 7 33 75 70 99 25 26 10 74 89 23 68 16 16 35 81 85 93 2 14 99 21 81 49 59 2 94 58 1 65 64 59 49 38 81 47 14 6 8 39 46 30 59 13 45 93 93 82 37 46 47 35 66 27 83 77 80 28 86 33 92 50 91 92 39 23 38 5 80 97 43 77 79 53 89 75 45 34 56 34 31 2 68 49 80 3 25 60 30 62 92 74 11 34 65 2 9 55 6 88 51 48 17 81 1 5 56 97 90 63 30 73 65 50 21 96 52 45 55 33 58 46 6 69 32 71 70 40 77 75 79 79 74 95 60 26 52 15 75 93 29 56 65 93 5 85 89 8 81 95 41 39 93 46 59 24 68 28 15 44 54 93 23 79 40 34 57 43 100 31 35 28 86 100 73 
91 36 13 98 17 7 38 7 51 36 65 74 55 44 40 51 97 85 25 27 24 58 83 66 57 65 52 36 51 51 8 41 39 72 90 55 79 80 61 29 67 77 55 21 20 46 23 68 30 47 94 5 56 29 22 64 93 74 100 43 76 59 35 14 31 77 20 61 56 32 41 74 8 47 46 27 93 69 94 74 67 40 79 75 68 52 38 12 25 89 7 1 100 41 66 82 69 38 42 76 69 34 49 29 81 95 55 25 15 1 98 33 40 28 7 59 80 45 70 4 85 76 56 84 69 74 65 37 11 58 13 31 92 13 59 24 59 14 48 73 66 45 58 5 25 64 15 4 60 84 59 45 12 67 80 32 40 97 20 2 6 84 32 49 97 91 72 55 56 19 80 21 16 89 77 92 52 91 95 12 26 5 8 89 71 39 72 62 87 92 63 45 75 47 93 23 89 65 30 44 35 61 16 2 49 44 93 100 86 39 63 63 44 22 4 14 13 75 76 99 66 38 43 
93 36 88 15 24 4 96 19 38 56 34 92 4 29 36 56 66 75 18 29 18 92 32 83 4 58 58 54 76 48 49 68 83 36 34 59 39 30 77 28 85 63 19 89 91 7 96 57 81 13 37 50 4 20 32 59 77 42 13 4 41 61 71 75 48 57 33 86 86 10 65 22 72 36 62 14 42 57 22 22 70 10 23 25 29 6 36 58 47 48 61 39 60 84 66 7 40 98 44 77 59 8 98 82 95 60 48 36 16 69 9 37 31 31 62 59 37 97 68 35 96 29 26 7 64 91 65 3 40 8 79 51 67 28 84 62 87 31 49 3 52 58 39 82 88 52 92 76 100 60 63 95 40 40 53 3 30 17 57 21 76 87 23 43 14 7 56 1 89 4 55 40 61 45 73 1 97 17 28 48 76 42 43 67 81 47 21 62 64 29 83 39 15 5 33 80 63 88 32 52 44 86 43 56 83 68 8 79 84 36 26 11 29 20 77 10 67 49 71 82 77 5 20 
43 62 53 22 24 92 54 27 87 91 22 43 73 89 2 3 24 89 81 34 18 52 62 27 70 10 49 51 38 54 71 80 15 75 1 90 18 6 17 5 97 38 99 21 78 100 24 1 89 56 86 6 7 47 84 77 8 32 27 45 37 49 24 3 75 24 45 93 30 13 97 78 2 95 98 79 94 73 79 34 28 64 91 35 62 74 63 69 58 41 13 46 90 88 49 64 63 93 8 44 57 4 21 58 50 71 36 96 43 66 29 71 81 20 57 94 45 19 62 54 11 26 100 100 65 48 16 27 92 23 71 100 79 43 57 28 13 92 23 56 9 4 78 41 75 86 34 71 56 95 25 66 72 24 66 36 23 33 14 66 55 84 65 33 27 21 13 39 64 87 46 72 42 75 64 16 60 97 87 15 43 11 81 14 86 98 1 8 30 14 25 36 50 89 21 76 9 33 66 24 71 64 47 13 38 10 28 98 6 66 64 48 28 44 13 65 93 13 72 74 78 96 10 
27 36 82 54 96 66 20 19 36 83 65 48 72 26 28 69 31 45 33 30 25 28 42 89 73 6 13 46 84 8 7 62 96 40 16 91 5 87 10 93 21 26 92 92 52 71 61 34 16 45 64 92 24 57 80 96 63 92 94 98 52 100 11 47 40 26 89 96 64 98 88 84 76 80 28 79 50 40 12 17 84 27 8 59 84 40 7 98 31 100 47 34 51 57 32 42 35 21 38 98 70 77 34 97 56 61 75 58 100 39 74 35 17 82 93 52 73 99 49 55 50 47 89 1 4 72 42 90 44 31 39 66 8 24 62 15 36 89 72 35 27 46 21 43 79 66 95 51 16 95 5 66 94 45 18 49 69 11 38 12 42 28 77 1 52 39 15 87 27 39 74 5 36 94 99 14 11 45 16 27 92 72 92 85 17 61 33 85 71 22 48 64 49 25 64 100 15 31 39 41 69 12 97 4 57 95 69 68 92 84 94 83 55 37 67 23 97 51 59 67 72 7 31 
20 31 46 72 45 76 10 37 96 21 85 99 77 31 67 44 22 2 89 4 9 25 22 83 73 72 42 40 43 48 22 63 30 67 34 26 95 43 14 90 15 98 41 43 80 59 87 2 61 27 57 69 52 79 3 24 50 44 15 45 43 88 59 24 7 92 49 1 86 14 42 52 63 82 94 43 41 32 96 53 59 52 73 62 30 75 85 32 19 52 28 13 39 86 37 45 29 85 97 66 51 39 17 13 72 62 55 64 46 50 16 4 54 88 17 35 63 53 18 33 4 45 45 95 30 81 39 10 18 88 75 68 78 43 32 49 5 39 13 2 40 80 5 93 68 73 28 82 25 45 14 29 42 10 75 23 43 65 33 12 52 7 31 29 2 62 30 6 52 94 59 92 73 63 36 92 87 63 73 11 60 38 91 1 100 65 23 42 30 7 53 81 14 35 62 15 48 43 72 100 36 30 91 60 44 26 52 30 41 76 92 52 14 83 52 13 47 26 6 76 33 10 9 
98 44 22 64 91 16 87 90 3 68 32 62 11 10 13 92 50 41 83 1 54 65 4 18 64 81 23 91 65 84 51 62 79 24 25 21 39 63 63 41 30 94 3 92 3 67 83 4 7 18 56 12 34 11 29 97 92 3 40 56 38 90 70 16 14 46 37 52 9 99 93 38 44 47 30 99 65 64 2 72 81 10 83 67 20 64 63 63 18 2 71 56 44 40 71 57 37 59 60 45 57 4 35 53 50 16 51 15 79 52 38 12 13 72 78 85 35 92 47 5 46 17 60 89 8 82 97 45 93 56 41 1 60 27 53 61 42 3 27 73 7 64 36 19 88 65 3 74 56 2 78 1 70 89 41 78 23 37 74 15 45 66 15 56 93 20 16 86 22 95 10 80 58 45 99 97 9 53 71 65 54 48 17 24 89 10 53 11 46 78 25 42 43 91 97 87 62 13 73 84 59 82 63 16 79 13 13 87 66 35 3 71 82 72 46 70 81 50 32 78 27 56 20 
22 99 16 8 60 80 32 95 38 66 10 6 44 22 70 82 39 4 85 62 85 8 59 7 88 9 38 65 87 46 84 60 96 100 20 7 31 51 2 69 68 11 74 63 84 43 45 23 46 81 84 82 40 94 40 27 2 30 43 41 75 27 100 22 78 19 28 8 22 29 28 41 91 53 4 75 95 100 97 92 32 32 26 71 25 17 97 79 46 91 71 72 17 70 93 46 41 21 6 14 1 33 6 92 86 61 66 32 60 14 76 43 97 53 13 73 69 61 51 15 52 21 86 20 43 31 66 35 51 23 100 51 55 57 42 92 18 59 24 29 72 51 72 68 3 36 41 71 49 43 37 52 16 75 71 10 5 88 96 55 10 47 57 17 3 51 8 20 9 83 49 33 85 72 52 87 7 44 10 7 87 46 58 54 72 81 63 76 68 58 82 30 4 91 98 58 41 5 78 1 40 78 33 24 49 85 63 7 28 72 14 66 69 71 19 41 51 33 68 71 42 50 52 
97 40 49 55 32 5 32 32 44 9 17 20 9 1 82 15 80 53 28 98 21 51 16 13 1 49 81 23 90 82 74 87 73 22 93 4 79 24 87 22 84 3 41 92 55 22 58 87 26 86 84 99 88 99 11 88 99 43 63 41 24 36 79 96 10 71 51 88 46 38 61 29 92 54 72 47 27 81 33 53 66 16 3 53 66 13 93 17 8 7 57 83 42 87 31 3 57 81 42 54 70 55 82 62 8 5 60 34 85 92 38 3 59 40 7 76 5 51 92 12 57 100 94 51 86 24 5 94 57 47 47 26 53 80 39 60 84 98 93 21 41 31 75 51 70 81 27 74 32 18 37 40 18 31 90 55 6 95 49 62 93 47 40 45 27 78 4 62 28 48 82 68 30 56 19 52 89 97 77 72 14 14 11 83 96 1 90 53 47 90 15 39 36 6 83 62 83 38 24 62 85 57 30 15 65 100 18 5 96 94 76 61 7 86 96 54 38 85 7 84 74 73 22 
61 78 56 23 12 93 98 74 30 6 3 96 22 54 13 26 1 6 1 13 65 39 8 18 28 44 76 12 69 48 85 30 25 93 4 89 37 53 62 66 58 16 13 80 69 25 57 21 83 10 33 99 100 93 68 27 88 44 90 57 43 75 38 20 19 41 8 55 45 69 73 2 84 85 33 4 62 42 76 96 51 8 94 50 52 61 28 40 56 18 48 51 44 85 70 62 77 77 68 21 97 40 74 32 25 7 35 86 48 62 33 50 69 26 51 21 38 78 12 46 47 59 96 90 43 65 3 71 93 71 91 89 10 64 20 86 22 6 23 21 67 55 22 87 32 72 59 70 2 70 15 48 28 62 90 22 26 92 92 70 14 34 58 76 50 29 61 23 34 36 44 52 90 17 38 22 41 49 43 42 18 9 41 98 70 30 19 47 74 63 16 39 96 25 14 45 5 27 68 90 62 63 41 3 31 30 76 71 78 70 64 48 78 5 45 99 86 63 97 11 77 64 50 
73 40 15 69 44 41 36 33 54 50 73 57 81 55 84 3 84 54 67 31 83 71 75 34 8 90 30 19 66 46 68 90 85 82 59 29 75 46 61 28 96 86 36 28 92 20 30 75 25 48 58 7 18 32 40 78 73 22 96 91 67 15 80 51 48 90 31 22 36 44 2 83 81 37 62 72 8 91 98 32 39 55 91 8 39 82 85 63 3 32 5 21 46 37 24 94 26 54 67 61 49 68 95 29 57 56 52 16 99 2 48 89 56 90 96 46 71 33 61 26 16 65 46 62 1 69 7 27 23 73 39 23 41 34 52 49 41 55 64 39 56 63 27 64 52 75 61 75 59 21 100 74 38 45 87 38 66 93 16 40 66 55 62 58 40 65 6 80 20 21 71 27 84 49 42 87 23 55 13 33 27 12 7 64 9 93 2 74 86 17 13 3 23 26 60 14 91 17 46 62 37 16 88 72 64 82 11 39 88 23 71 14 87 29 78 47 22 79 72 59 47 84 61 
70 9 72 83 51 88 80 12 24 95 52 48 11 33 58 49 72 32 19 85 18 48 62 16 21 92 87 31 39 70 91 60 31 62 94 81 49 74 45 24 68 96 71 78 80 80 78 51 12 49 35 81 48 49 97 68 40 83 98 78 5 40 37 87 53 31 19 1 4 63 76 23 58 99 53 89 78 30 39 41 30 26 22 77 74 18 44 13 52 93 43 56 84 31 42 36 61 61 36 16 75 64 91 85 62 95 73 91 24 64 32 54 89 5 82 14 74 26 78 25 70 20 33 54 51 26 89 63 86 77 31 13 92 73 97 5 67 21 95 90 84 78 95 24 82 77 37 7 54 15 32 75 86 16 80 88 41 21 51 27 49 33 91 40 5 87 44 71 7 90 12 43 68 59 66 1 87 55 60 40 21 43 66 6 58 46 94 98 66 96 76 14 28 66 5 32 4 48 54 63 89 65 5 8 75 22 61 61 76 20 100 96 62 18 2 19 63 47 16 80 42 92 93 
21 9 49 4 13 48 57 75 36 73 31 44 48 52 4 8 28 75 60 23 36 77 76 6 39 22 21 18 15 64 62 35 73 10 38 37 57 94 11 44 19 41 87 66 92 42 25 71 68 84 94 55 60 21 60 50 43 33 19 57 48 32 44 20 93 81 56 1 27 18 45 45 58 83 62 2 77 38 72 44 22 17 99 33 38 10 35 32 42 53 40 90 37 83 61 29 64 69 30 42 86 26 38 96 8 51 49 36 88 20 32 61 89 30 94 78 39 80 9 33 84 48 22 20 31 34 1 46 2 82 39 88 7 76 35 66 26 83 2 65 54 33 26 42 14 71 19 4 50 79 36 85 79 9 57 9 95 57 6 96 38 96 35 96 71 69 61 48 3 14 12 57 98 89 50 63 11 21 67 12 99 54 97 29 15 53 89 9 61 94 56 98 89 43 93 11 63 5 10 66 71 22 74 68 62 23 31 73 95 49 84 46 54 80 74 20 84 63 80 44 56 36 93 
97 78 37 59 92 42 69 57 12 42 30 31 3 53 61 75 47 61 11 44 15 42 18 86 26 80 66 21 87 1 14 83 30 50 94 21 43 62 30 54 3 59 85 5 63 97 32 62 58 42 5 24 35 22 9 12 1 26 33 40 78 98 22 59 47 15 80 90 28 61 95 30 19 79 87 34 28 18 47 37 11 51 12 97 25 72 9 77 98 41 16 75 38 90 34 36 56 65 25 84 25 72 65 95 2 51 80 29 20 26 17 82 29 28 79 53 100 87 81 97 79 97 23 16 38 56 3 93 72 80 28 96 51 93 43 52 43 22 33 15 100 49 96 28 77 74 32 28 12 12 24 90 8 98 57 45 54 60 90 25 91 17 73 41 9 67 44 4 40 76 18 39 77 65 66 53 91 49 32 2 61 55 44 20 52 52 65 57 11 6 34 1 22 58 93 83 24 37 38 63 64 7 54 40 71 71 44 61 20 75 15 80 81 58 99 85 9 15 41 72 20 26 24 
94 83 17 28 6 5 65 21 68 23 74 60 93 44 3 6 15 78 20 94 58 29 45 42 89 59 35 60 31 12 36 24 95 4 3 52 8 19 72 27 41 97 86 85 93 89 90 7 66 61 53 75 41 97 69 30 55 55 41 85 66 76 60 60 79 14 64 38 32 87 65 24 84 50 9 28 38 50 34 55 11 86 82 51 34 2 32 89 56 73 25 21 100 37 33 31 50 96 68 34 34 32 57 17 82 65 96 71 15 82 78 77 67 11 79 1 12 11 41 67 35 17 39 34 53 23 16 55 70 84 88 4 15 44 20 48 61 68 71 75 49 100 51 67 10 29 19 21 91 59 39 25 76 77 11 80 100 26 34 69 61 21 24 28 17 44 27 77 11 97 3 11 96 53 77 5 33 96 77 76 54 15 52 81 44 14 61 43 92 94 63 52 67 87 79 83 82 6 11 44 54 13 54 2 17 30 58 1 77 35 76 31 1 80 63 44 93 23 38 84 69 1 88 
87 39 66 21 72 23 31 67 29 43 72 30 11 1 39 11 30 73 39 60 74 18 74 17 62 49 55 46 17 7 85 55 97 2 75 68 25 5 86 5 99 57 86 9 9 24 71 38 97 9 49 22 78 23 90 40 71 96 37 39 54 21 93 50 22 67 69 98 71 54 2 21 62 87 81 71 63 51 8 59 12 57 32 89 79 73 80 49 21 16 39 74 88 31 76 10 97 96 59 19 2 13 39 63 99 71 33 61 21 93 71 32 49 54 73 79 79 52 27 99 68 65 24 55 47 51 16 43 47 75 13 100 87 3 62 37 73 47 50 93 39 72 77 39 78 49 17 56 100 95 6 19 11 29 74 57 80 41 99 78 67 63 77 53 65 90 42 37 88 43 81 78 66 57 16 43 57 32 50 57 26 7 75 36 88 100 44 67 41 94 96 59 56 24 64 20 65 5 56 53 99 37 30 64 45 46 59 2 29 60 10 55 67 84 42 54 36 86 72 28 79 19 86 
