69 97 39
92 27 91 62 23 61 39 4 11 10 66 91 46 44 8 69 15 15 59 24 34 51 28 23 77 34 50 78 54 46 25 98 25 67 59 99 27 49 55 90 10 20 32 56 63 39 24 30 5 82 5 38 85 32 12 13 17 13 42 71 11 67 20 87 33 78 85 12 79 91 53 88 11 84 43 25 74 18 6 78 52 10 67 36 41 79 100 10 43 41 32 53 7 51 39 92 28 
24 55 58 66 7 46 76 42 40 1 15 58 6 44 9 68 10 96 8 40 95 17 83 35 48 35 94 98 74 37 78 49 43 35 14 1 32 42 42 72 42 8 81 99 51 41 66 60 36 26 100 30 94 82 16 94 16 61 43 41 97 20 41 91 7 55 91 38 96 84 61 89 91 93 39 41 33 57 53 68 34 4 49 27 85 17 20 52 77 63 45 26 34 85 16 40 91 
59 30 86 42 42 26 33 35 17 25 19 73 29 87 6 32 87 84 16 3 56 20 32 18 64 57 3 100 24 95 91 82 76 28 76 17 54 60 3 22 84 22 94 13 60 51 44 46 86 12 49 41 83 80 58 98 88 13 97 63 7 39 45 82 67 72 98 72 31 53 93 14 74 86 78 85 88 74 30 73 37 30 14 19 61 23 68 48 35 16 11 41 55 7 22 21 78 
72 92 60 76 84 25 49 21 3 33 8 28 14 32 64 44 97 34 56 20 53 4 54 68 66 47 22 24 20 42 1 43 85 60 18 68 36 18 40 38 2 47 17 16 31 32 11 27 65 66 46 69 21 52 37 86 50 58 9 21 52 61 64 88 72 81 56 8 51 95 97 52 94 66 19 76 97 29 2 14 47 100 82 67 3 18 5 52 28 65 72 31 78 35 18 1 68 
25 60 18 72 9 21 65 74 40 92 70 20 93 83 66 92 65 85 94 34 89 97 61 5 69 91 82 55 9 83 74 33 94 43 4 2 64 20 75 3 11 45 74 56 27 40 99 43 24 45 77 64 41 89 68 61 32 2 68 40 36 41 24 29 84 80 31 99 51 57 1 14 1 74 69 80 65 67 74 40 11 2 55 4 91 75 64 22 76 31 13 63 24 88 43 7 67 
25 5 18 82 57 31 34 82 51 13 99 17 39 38 80 40 93 83 82 67 98 3 94 81 67 8 4 55 50 62 73 75 18 42 8 74 24 41 7 74 6 5 43 44 95 22 35 39 56 17 57 53 71 50 33 38 57 88 44 58 49 16 32 66 10 39 91 33 32 98 7 37 54 49 32 100 22 66 38 29 82 46 33 53 95 18 42 3 5 37 13 54 4 96 71 13 87 
62 46 18 11 4 54 16 4 85 16 25 2 5 5 84 51 37 88 97 54 81 52 59 17 64 64 72 59 34 85 45 47 82 14 57 85 67 73 40 3 40 16 5 44 20 40 46 56 79 43 62 59 46 72 27 9 35 98 19 20 34 16 67 15 29 75 51 48 47 42 2 38 57 58 82 76 97 79 84 27 73 45 85 18 16 63 78 2 13 49 73 46 64 91 13 44 66 
15 43 12 57 45 50 13 54 83 41 3 61 24 29 34 20 14 3 35 28 81 88 40 29 12 86 44 3 50 87 68 64 82 31 72 78 32 37 31 66 77 33 27 100 62 12 19 27 66 5 54 46 44 46 26 55 83 69 9 32 8 76 47 41 7 19 18 90 55 48 56 31 33 34 82 94 97 52 72 62 8 77 60 3 22 85 57 4 6 66 35 65 93 34 5 51 4 
22 41 58 21 96 40 53 81 73 98 77 76 69 38 83 46 97 85 67 34 93 23 91 10 9 55 55 42 59 5 45 32 45 54 52 92 45 57 72 17 54 48 92 23 38 26 20 86 62 86 71 7 60 61 68 69 15 22 10 25 27 7 56 23 60 60 67 5 16 90 73 69 38 17 43 27 42 62 64 56 100 35 62 59 95 29 27 10 51 89 34 29 95 42 51 54 1 
69 10 68 59 83 88 48 99 31 74 92 44 89 47 95 23 8 6 18 37 32 79 39 72 12 67 18 5 69 24 5 90 33 24 48 67 12 95 65 94 20 9 37 8 55 84 83 15 89 100 3 72 78 41 44 41 59 61 46 79 84 2 68 69 26 67 35 89 61 52 82 32 12 70 92 66 53 74 80 41 73 82 13 2 74 8 42 84 68 87 63 4 41 82 24 18 49 
10 6 61 61 87 93 72 8 36 90 61 9 21 1 33 55 65 34 28 72 27 12 92 66 26 47 6 7 70 23 7 79 80 68 92 66 12 15 73 99 56 85 7 77 38 91 31 2 76 10 74 2 73 17 19 98 63 24 57 84 98 63 62 77 82 5 94 45 72 19 43 27 3 49 3 40 91 85 94 66 95 67 20 67 35 38 17 97 14 73 32 63 87 45 92 69 50 
85 13 21 55 8 99 58 8 2 49 99 86 42 16 32 60 35 99 94 25 15 42 38 39 25 100 25 70 91 45 19 28 10 91 82 17 89 91 24 42 40 22 80 33 38 11 93 24 61 38 48 75 32 85 65 56 37 90 25 79 34 95 6 43 85 40 11 74 30 35 67 69 8 46 2 97 57 46 21 17 83 20 44 66 57 8 22 93 49 46 23 35 41 29 29 77 68 
40 2 49 74 69 18 33 14 71 30 22 68 2 39 2 21 34 68 29 93 89 73 42 86 96 76 78 76 4 7 95 43 8 43 68 76 12 53 90 34 82 11 1 35 1 3 7 86 22 36 79 62 60 20 99 55 95 77 30 50 83 76 93 42 19 12 18 82 64 59 16 97 21 68 31 74 70 90 59 43 25 37 4 84 56 3 91 2 31 72 52 13 48 96 54 18 7 
23 99 23 81 66 19 54 34 2 27 55 91 85 98 67 22 1 2 77 3 92 31 33 16 82 97 63 77 3 32 35 25 82 57 58 48 28 11 81 29 37 35 19 73 84 37 94 85 38 23 39 82 53 24 97 86 72 11 62 74 42 48 51 23 57 8 22 84 70 2 12 58 89 82 30 72 18 76 8 55 98 99 88 2 22 84 87 93 46 100 67 87 99 69 62 55 76 
83 38 97 37 49 54 77 82 35 100 99 10 60 6 59 58 93 60 79 29 98 23 74 49 89 13 48 9 74 2 84 8 40 32 96 40 85 24 22 72 76 72 81 35 29 40 92 74 51 22 2 49 44 27 97 85 39 44 93 64 98 29 24 37 60 71 28 97 47 1 68 22 25 100 8 53 39 51 26 42 72 79 90 67 58 38 3 48 82 48 64 79 76 87 67 87 9 
46 35 7 47 54 28 71 54 87 75 44 37 1 85 60 31 26 27 88 64 81 88 97 28 51 27 55 89 93 42 97 90 28 4 36 82 83 58 87 70 33 30 58 85 67 18 67 92 96 55 55 76 42 51 4 44 77 10 32 21 3 80 11 31 83 98 64 18 8 50 39 40 31 96 76 97 13 42 41 60 48 47 36 89 98 91 32 26 100 15 99 3 95 61 85 29 10 
48 46 17 97 36 8 79 32 83 28 96 25 68 56 72 14 43 13 63 33 96 41 84 11 91 38 5 51 22 33 12 69 31 29 17 66 36 48 49 71 75 45 95 42 52 18 55 94 30 70 78 78 10 61 88 100 51 44 50 72 28 13 93 58 41 61 76 29 8 24 99 34 68 45 75 19 14 82 64 44 51 41 73 60 54 60 59 4 55 60 27 82 24 71 92 65 84 
67 45 43 90 95 77 10 91 51 80 4 32 96 99 34 36 71 93 41 82 3 96 36 14 23 70 38 45 61 54 28 79 98 71 20 44 99 81 34 49 13 37 33 8 88 66 43 58 11 84 92 65 31 79 79 5 48 68 50 60 73 29 90 70 51 62 65 49 42 98 50 54 86 82 61 25 99 56 35 61 91 26 26 21 4 56 26 4 75 27 15 47 55 5 68 58 66 
32 6 59 81 7 13 18 40 25 43 39 80 29 51 70 54 76 91 9 83 16 12 9 42 79 55 48 35 22 5 100 5 63 10 37 69 22 55 9 47 49 99 78 77 49 48 82 77 38 90 59 5 54 68 98 32 74 45 66 48 50 17 52 64 26 89 32 100 95 40 98 95 38 75 23 39 74 4 15 11 45 25 67 98 92 64 81 18 9 46 65 10 14 16 73 40 56 
56 91 2 96 40 96 85 14 70 23 88 25 89 50 70 14 17 67 57 80 48 74 40 45 38 49 59 6 73 50 13 29 40 15 76 79 62 12 44 32 87 83 8 75 85 77 88 1 96 45 32 95 18 24 39 56 24 49 13 97 98 25 77 89 91 52 67 53 15 63 36 1 45 43 76 29 72 63 81 67 7 65 61 25 88 51 32 11 100 96 59 97 20 35 86 11 38 
4 15 53 66 50 53 63 44 80 91 15 43 24 33 49 88 93 25 75 44 8 37 43 3 96 91 23 30 28 85 20 32 99 24 49 100 76 11 95 56 54 62 50 77 94 50 16 39 75 42 82 34 78 76 37 73 18 11 55 46 47 74 29 97 97 77 48 24 40 42 31 93 3 32 21 49 82 88 87 8 29 20 41 6 95 29 31 64 91 85 9 37 10 89 85 58 66 
32 33 57 74 64 1 28 47 73 76 28 60 14 35 88 33 28 45 79 56 75 43 47 59 3 35 20 92 20 77 9 51 10 65 76 25 65 56 71 37 31 99 48 97 85 87 29 12 31 60 20 6 2 66 16 56 52 36 47 23 64 7 26 25 71 1 49 87 56 72 75 39 70 22 35 6 8 15 18 91 74 37 48 27 54 63 35 57 50 81 80 66 40 57 90 62 57 
39 49 65 10 75 55 31 49 41 88 8 55 57 98 81 45 45 59 50 60 93 7 61 26 38 26 65 94 16 26 2 6 26 18 67 1 72 49 1 12 36 8 67 45 58 99 89 2 9 39 13 2 45 74 79 34 99 43 79 66 20 80 23 98 98 41 50 21 89 50 33 77 9 51 21 66 49 9 68 9 99 80 10 43 5 40 28 56 34 6 21 54 38 96 3 87 36 
52 7 77 1 39 5 9 89 25 27 89 85 94 98 84 25 59 78 30 99 6 85 32 63 57 37 100 4 39 86 40 90 93 68 42 83 72 3 72 48 29 60 84 74 9 67 98 68 97 79 66 54 63 49 16 72 86 68 75 24 5 66 14 49 85 7 32 56 9 55 55 37 66 39 10 75 57 60 42 5 38 59 58 53 7 26 24 92 45 50 16 49 68 81 98 52 87 
29 60 48 83 14 36 48 52 98 74 61 57 15 65 94 25 75 98 32 100 73 23 44 23 90 44 90 22 41 93 61 21 52 8 55 66 95 55 69 92 28 81 48 95 46 94 19 20 91 2 71 64 77 66 38 18 9 27 40 50 19 52 22 71 11 77 88 5 83 8 97 62 89 44 56 34 89 27 5 80 80 75 95 56 40 32 74 48 10 65 49 28 16 23 50 26 99 
89 30 33 97 26 94 85 22 2 70 10 80 74 41 59 100 35 15 91 66 40 90 27 4 39 55 19 61 56 96 11 97 25 95 93 3 88 29 76 41 98 37 20 23 78 31 74 64 97 64 82 36 53 8 91 43 14 9 3 22 56 65 18 80 59 62 34 99 90 9 39 39 46 11 13 75 93 86 38 89 49 71 24 53 79 14 96 92 74 50 13 29 67 82 60 77 43 
46 75 32 54 66 22 51 28 34 25 20 71 15 8 71 85 83 24 15 48 71 59 21 20 23 1 38 5 12 15 47 57 41 31 63 6 4 13 33 38 90 4 8 56 11 79 92 45 54 7 92 24 17 64 95 39 64 85 43 28 99 42 84 39 24 98 97 27 11 29 16 52 85 24 59 47 54 50 92 59 8 83 34 24 47 28 15 62 12 9 89 62 50 25 1 73 22 
97 52 84 77 67 87 13 42 45 60 95 95 51 5 54 33 38 30 79 18 44 93 81 52 33 43 54 57 95 26 31 43 77 66 71 44 53 84 85 49 43 32 95 45 36 49 77 26 30 8 43 73 52 23 24 84 17 77 93 11 55 23 5 83 40 76 78 44 11 15 93 5 98 39 49 85 39 77 10 68 36 4 40 87 27 16 23 95 44 15 58 50 89 62 33 28 89 
62 24 99 76 68 55 25 6 55 10 45 84 19 12 19 75 4 58 1 71 80 47 14 94 4 64 34 66 48 61 54 9 36 5 37 3 11 61 61 66 70 5 49 41 68 19 15 23 28 67 93 7 13 59 52 69 22 85 34 21 98 39 29 33 95 65 88 6 78 48 23 47 52 23 39 71 93 5 46 21 71 38 79 36 96 83 4 69 67 89 89 16 27 70 1 74 86 
88 31 63 35 53 62 38 27 100 60 71 5 5 91 27 43 22 14 90 4 17 11 22 5 51 38 84 20 38 57 6 25 39 20 11 43 81 48 69 81 59 91 37 64 82 63 58 55 77 99 58 45 9 79 2 60 16 37 31 5 45 88 81 83 8 91 25 88 90 45 20 49 35 8 64 68 71 21 22 99 19 79 95 80 10 96 39 77 32 21 82 76 9 14 58 16 57 
34 55 46 78 27 46 13 34 61 32 56 81 54 6 52 84 1 31 93 96 21 70 80 41 3 55 1 16 65 68 72 98 75 70 28 1 67 40 86 28 23 94 8 76 99 11 12 51 41 56 47 13 25 78 6 79 32 6 95 48 26 18 98 100 87 25 52 6 16 37 33 38 82 92 14 81 3 77 31 95 32 29 8 9 6 65 87 90 22 33 89 47 51 86 46 89 10 
49 46 25 86 78 63 19 70 28 99 24 4 82 18 87 62 77 95 20 41 82 9 63 66 49 61 68 35 7 9 44 55 54 21 92 84 83 11 53 62 61 28 17 94 97 3 56 74 98 75 66 31 35 80 48 83 41 16 69 99 24 13 5 29 85 49 12 67 11 16 80 23 43 96 17 40 98 24 65 47 50 30 29 84 62 77 18 54 92 87 52 67 51 8 47 35 56 
59 53 66 74 84 89 69 79 57 60 28 80 24 75 29 5 3 64 66 79 81 71 22 19 22 88 21 82 87 7 37 45 11 55 70 94 95 90 72 51 49 100 82 72 26 62 29 28 25 46 59 57 17 80 28 90 20 48 71 6 7 60 2 17 66 23 11 60 13 34 62 61 85 95 85 10 56 13 90 80 58 100 88 26 79 15 16 50 63 38 7 69 97 8 37 62 31 
99 73 95 33 86 55 69 80 39 31 35 3 72 66 61 71 54 86 1 68 53 51 82 91 9 2 87 17 39 1 99 37 25 93 21 11 99 90 90 38 72 77 92 43 42 52 13 95 90 65 15 94 15 96 84 76 98 23 44 36 23 42 24 99 86 45 9 84 86 51 73 57 27 65 51 20 68 15 67 9 79 81 3 46 76 86 21 73 60 64 60 34 57 84 33 94 28 
93 29 65 43 2 21 21 18 23 93 37 37 59 46 67 39 100 12 14 37 84 87 97 99 98 30 55 81 14 48 60 7 77 24 1 30 96 22 99 18 66 35 6 24 32 73 62 83 36 75 20 72 13 68 70 11 97 77 43 63 76 3 69 52 26 69 33 74 42 83 43 7 70 49 82 1 73 43 36 60 70 55 31 34 74 1 96 22 77 39 84 4 93 52 8 70 73 
40 43 66 75 86 25 44 86 6 96 58 1 31 17 70 37 100 55 10 52 51 32 28 89 15 31 81 19 90 50 43 30 45 60 4 30 36 99 67 42 94 24 94 25 92 15 13 91 69 23 42 19 54 21 59 20 4 39 90 93 41 32 74 37 92 29 18 27 27 84 20 21 59 65 97 50 79 9 93 48 83 86 66 88 7 77 8 62 67 97 6 7 81 80 95 72 60 
12 50 87 47 22 59 5 86 7 7 17 67 99 64 50 84 81 37 42 57 96 55 24 93 13 82 25 92 77 48 3 40 97 41 87 70 51 91 56 57 49 24 76 47 87 25 83 19 13 76 76 9 83 51 53 95 32 77 38 60 24 40 100 72 81 38 42 83 80 49 40 29 72 15 27 58 91 9 76 3 37 3 63 19 53 15 13 37 91 50 96 14 89 47 86 21 36 
79 4 16 27 95 96 98 61 22 7 51 83 34 5 19 89 68 37 93 82 49 29 25 50 77 90 38 75 27 11 11 5 14 78 31 60 73 80 20 94 38 22 28 72 26 46 12 45 34 4 79 34 33 55 83 61 44 73 35 71 83 97 75 48 74 58 7 46 37 78 92 27 99 71 50 76 17 61 73 50 64 51 36 48 5 18 8 100 90 95 70 24 91 97 71 65 54 
29 62 42 6 5 68 56 76 17 32 44 29 4 45 45 6 80 92 10 50 52 61 39 98 31 63 88 27 85 4 32 14 18 25 19 74 45 75 1 61 58 96 42 61 41 86 18 72 29 79 21 80 39 60 29 21 74 17 99 58 72 30 71 41 55 42 15 99 68 67 11 25 63 4 37 55 89 6 26 18 84 99 49 22 10 30 43 83 46 41 92 69 23 15 62 29 56 
76 79 75 94 41 51 56 45 39 10 85 44 88 2 27 86 3 100 95 32 94 77 29 35 20 49 9 34 10 37 41 37 67 15 31 7 65 86 51 55 48 36 98 35 89 24 72 43 76 66 26 69 94 54 55 13 55 63 47 64 51 39 53 17 54 83 24 70 20 26 77 19 13 74 53 54 50 76 96 25 41 22 93 34 27 48 99 33 62 97 97 13 35 49 29 40 83 
4 62 2 30 38 21 94 11 25 47 12 1 95 36 93 68 81 79 46 80 77 79 93 73 27 5 59 27 86 99 9 89 12 62 70 49 82 16 11 59 62 75 11 8 62 3 75 42 81 21 73 57 51 66 81 77 22 92 3 59 90 63 48 53 24 69 53 58 36 15 16 98 89 78 57 51 80 32 44 61 4 17 69 54 34 2 82 7 93 36 66 34 98 65 86 21 85 
90 30 21 4 97 70 93 74 26 43 54 9 38 66 12 6 86 17 39 87 50 98 31 85 63 64 34 79 1 7 63 90 36 83 94 33 52 38 58 30 32 11 38 69 76 2 75 14 70 65 100 20 62 31 56 76 46 90 54 47 96 69 88 83 51 33 67 55 70 25 84 1 87 21 22 15 74 96 28 44 60 27 15 74 9 70 49 55 11 55 1 58 23 40 41 25 73 
59 79 42 83 14 95 70 87 16 84 60 11 11 55 22 89 69 47 98 39 96 52 1 2 4 59 76 43 51 100 15 9 31 57 92 44 3 13 82 18 96 42 80 58 96 1 46 17 48 95 7 95 46 7 48 1 65 23 44 67 22 10 76 52 18 19 48 20 31 29 37 78 22 16 87 70 69 32 86 68 79 92 62 24 50 9 25 67 31 20 33 4 29 8 8 99 78 
55 18 60 35 7 37 57 74 75 78 42 59 63 9 37 6 22 60 55 82 36 21 64 7 6 68 88 65 75 86 43 81 55 2 67 61 91 75 35 65 52 28 23 66 89 59 71 10 71 78 44 58 50 7 17 55 26 4 20 52 41 14 84 95 15 51 56 5 25 42 22 77 69 96 42 9 55 65 71 77 94 14 86 43 72 2 50 98 5 21 1 97 34 85 92 48 35 
99 5 59 92 26 87 12 21 81 21 27 45 91 55 38 56 41 32 27 42 81 76 99 1 29 95 86 13 38 34 99 88 90 9 79 67 96 91 39 76 11 66 72 53 72 61 60 12 44 38 6 77 66 56 29 94 50 15 58 40 48 56 27 89 64 6 55 11 48 93 38 10 10 9 62 82 21 73 45 65 10 50 41 75 5 69 68 7 83 25 46 82 32 24 70 96 81 
76 58 28 69 96 37 30 4 50 63 77 22 8 41 84 9 81 58 14 1 78 72 36 54 69 17 86 92 39 33 25 14 42 52 34 37 41 64 93 42 26 69 16 85 9 99 94 41 8 59 93 37 30 28 91 50 45 28 93 35 12 17 100 53 21 34 90 13 49 82 54 26 50 21 11 10 71 56 2 79 14 94 15 95 22 57 96 18 84 88 4 95 57 3 48 77 36 
89 89 36 22 94 62 23 67 24 32 37 79 85 15 92 30 82 38 51 90 33 20 74 72 23 20 28 26 19 4 13 7 44 49 80 90 62 2 56 85 33 44 63 69 11 6 99 92 95 1 81 27 73 6 98 95 78 78 72 96 33 37 55 77 37 34 18 98 36 25 82 20 68 96 89 78 1 39 21 95 39 54 73 11 59 22 58 88 99 81 84 32 17 90 60 5 23 
29 2 10 53 83 82 72 30 70 2 30 60 22 76 98 75 100 61 86 22 70 73 20 50 8 3 19 97 62 23 72 90 77 33 94 11 14 66 41 35 67 70 94 40 98 44 67 97 4 4 70 25 76 42 74 36 44 44 32 58 19 55 99 95 88 93 5 53 10 45 88 28 67 33 19 16 76 85 12 31 88 34 55 16 75 81 51 70 24 34 27 42 41 26 36 28 70 
93 32 79 37 19 58 3 4 76 18 79 61 82 62 100 67 16 15 41 48 17 62 72 3 89 65 43 66 1 22 35 93 53 65 81 24 74 36 27 49 5 5 61 38 18 13 4 34 79 96 81 96 58 4 98 98 69 40 63 21 61 49 65 65 65 45 88 38 32 14 38 37 71 51 26 88 63 30 21 41 25 54 88 34 9 37 31 77 76 45 97 88 93 13 53 57 58 
92 46 41 6 84 29 76 86 55 63 48 84 36 40 60 41 28 94 49 64 76 26 92 21 74 31 13 87 35 22 96 27 19 36 32 54 65 59 39 71 21 86 54 56 26 65 96 5 10 45 68 86 22 11 6 47 42 70 33 76 91 80 2 62 68 85 15 84 43 54 54 16 91 7 71 16 23 19 72 33 15 40 18 88 50 23 34 43 92 19 71 35 98 24 96 65 9 
10 100 3 15 53 18 6 11 41 73 34 11 45 66 25 36 35 12 37 57 97 80 100 15 50 86 13 73 81 29 33 43 29 36 9 81 5 14 44 45 87 77 55 83 94 31 18 28 94 54 36 91 33 35 5 34 21 69 7 53 50 91 47 78 78 56 10 83 69 53 79 7 81 34 89 74 16 6 1 10 12 36 52 44 23 8 30 95 77 36 47 26 78 94 55 56 1 
64 38 21 69 16 28 49 1 68 23 69 26 75 78 37 63 81 80 85 88 9 79 64 96 77 41 26 70 95 81 22 11 70 43 79 85 70 27 38 89 1 6 14 76 35 50 38 15 82 74 2 90 52 18 38 28 58 63 50 5 95 71 15 64 65 45 100 86 71 37 75 24 94 88 51 28 38 40 94 19 13 96 60 16 65 49 95 22 11 44 78 5 67 92 20 83 36 
20 69 59 8 43 34 2 30 84 81 19 23 27 37 87 74 49 2 38 97 96 11 60 92 89 64 10 32 36 92 68 55 60 78 62 2 11 15 84 94 48 2 68 74 91 54 47 39 55 84 87 2 94 46 93 34 62 54 66 97 46 33 51 57 62 64 59 72 79 94 17 78 47 84 51 37 37 97 27 43 32 14 44 77 59 89 11 20 42 76 16 87 8 18 44 21 82 
54 92 12 47 8 41 93 43 91 82 79 39 60 73 70 73 16 46 84 4 56 55 98 83 23 84 42 40 79 62 73 32 53 36 30 12 76 75 6 18 8 36 56 67 8 77 92 24 75 75 79 82 29 76 65 51 12 6 43 90 68 67 74 72 3 3 36 30 29 41 48 36 77 55 3 84 32 46 59 6 20 90 39 100 17 3 3 28 61 45 70 28 11 43 51 65 97 
86 95 26 27 94 13 3 48 67 38 79 12 97 36 83 38 75 83 54 29 85 82 89 81 3 68 43 45 19 60 41 56 54 18 82 99 31 36 46 49 26 77 61 74 64 43 11 90 77 64 19 61 97 59 93 99 27 88 95 97 47 88 52 52 5 86 50 87 73 47 36 98 23 48 23 87 90 33 76 67 49 46 79 97 5 24 48 83 11 94 31 9 81 82 12 38 19 
13 24 92 59 11 41 82 58 64 20 100 48 47 18 96 93 96 45 49 71 92 31 33 85 13 41 18 94 4 55 65 16 30 8 75 93 48 8 50 63 79 1 11 25 18 58 17 66 2 17 88 45 47 21 82 59 13 99 5 17 53 21 32 34 28 58 26 27 17 76 90 95 28 100 20 98 9 88 63 11 5 50 55 3 22 36 14 35 86 70 51 38 90 34 24 17 44 
49 95 60 76 84 55 4 35 26 1 44 13 15 6 17 64 12 20 38 100 33 72 85 2 74 75 43 7 98 11 50 46 5 62 22 41 16 77 75 41 77 70 5 43 27 22 58 39 93 95 90 77 66 74 78 39 100 20 98 97 82 99 95 86 60 68 26 27 44 53 19 72 74 24 14 1 97 23 91 89 18 32 65 35 5 94 74 57 65 23 5 46 73 99 31 85 66 
9 11 61 61 82 84 86 5 49 38 1 72 28 41 89 11 5 23 16 98 48 24 62 22 28 59 95 79 89 79 96 97 41 57 9 22 92 95 78 41 32 78 12 12 18 52 22 74 26 89 23 74 64 36 47 92 94 41 70 83 71 65 31 12 73 92 33 65 38 11 5 21 40 68 32 10 71 6 35 96 46 58 21 10 93 68 53 87 8 22 21 31 38 3 42 11 46 
26 27 83 88 83 4 28 2 87 89 72 92 23 67 90 80 88 99 25 55 51 63 14 24 83 44 13 37 37 75 83 63 1 65 50 35 20 29 36 7 17 7 98 40 74 39 71 13 37 95 19 39 57 32 14 91 28 27 80 64 53 14 78 6 78 80 40 50 8 76 56 77 34 5 16 59 44 38 71 32 33 89 23 41 73 88 32 52 66 63 67 19 76 97 24 5 76 
63 54 83 90 9 59 24 14 26 34 9 64 57 40 48 97 14 88 69 2 71 72 67 33 39 85 8 35 60 13 62 23 66 96 64 27 7 39 92 32 73 100 47 29 91 94 25 57 34 46 58 4 17 24 37 7 61 96 93 20 60 54 94 26 50 58 4 56 96 47 39 68 46 38 48 88 83 73 44 16 18 53 20 86 77 8 93 89 55 37 8 15 91 54 92 92 11 
95 99 58 41 89 78 38 26 25 77 61 97 73 76 66 25 47 52 53 6 96 41 61 32 1 75 74 54 18 65 16 12 15 73 4 4 2 93 81 27 21 41 75 93 69 41 18 15 44 22 21 39 15 81 22 15 7 96 20 24 12 87 87 27 11 42 82 13 34 14 39 54 55 13 99 23 5 68 89 48 89 9 38 3 41 60 69 47 7 40 22 70 26 8 48 37 49 
29 1 34 95 39 40 49 3 38 23 8 57 63 7 45 72 45 100 64 56 20 63 62 60 84 31 85 44 79 73 44 59 73 78 53 63 69 53 18 58 27 25 14 90 83 10 13 27 9 76 82 81 38 95 40 74 26 76 17 56 1 12 14 73 41 19 88 9 71 5 66 98 81 31 39 63 41 51 42 1 26 23 81 16 70 20 89 95 48 57 2 48 68 15 72 61 33 
59 69 56 15 87 5 47 69 43 62 9 93 3 62 70 77 42 37 46 14 77 92 61 85 93 60 5 60 31 65 44 42 85 99 56 71 3 55 40 97 16 100 89 70 61 11 46 55 99 44 20 76 35 32 60 80 91 64 91 21 28 34 14 65 33 70 35 87 76 26 84 91 78 24 60 38 34 57 44 33 100 63 60 87 94 71 18 84 35 8 57 14 41 70 78 25 91 
65 12 66 42 47 8 19 70 19 57 56 76 52 40 27 15 99 65 60 69 82 96 55 41 52 21 34 73 50 58 16 14 21 81 8 67 41 26 89 59 82 44 34 34 83 13 100 33 77 59 53 11 54 60 51 57 80 84 30 81 94 45 47 14 77 54 33 17 79 21 28 13 64 13 98 98 25 97 82 54 55 34 64 61 93 66 17 24 2 98 5 95 94 51 60 71 4 
44 39 82 16 18 94 31 31 91 28 55 39 9 60 46 95 23 6 39 41 74 63 42 72 67 88 65 69 99 87 72 95 78 5 10 95 99 41 25 41 20 32 32 29 91 77 75 66 34 13 6 7 75 99 78 93 38 95 61 36 81 84 30 58 89 92 53 87 32 29 79 51 60 10 31 3 38 5 68 71 70 25 78 44 23 7 89 60 1 49 47 82 33 29 39 21 20 
43 59 3 72 89 53 31 51 84 33 88 40 52 59 9 76 88 5 50 94 93 9 95 93 8 76 77 88 66 49 7 61 7 9 32 48 13 14 98 48 99 37 88 50 47 48 78 34 52 27 80 96 88 74 89 47 1 65 34 18 14 40 78 72 100 9 19 12 75 68 60 73 57 99 74 55 46 51 41 50 30 20 45 17 93 33 63 45 98 48 62 63 87 40 34 38 100 
5 1 74 24 12 98 32 10 72 87 8 74 27 57 3 46 1 71 90 34 85 86 83 32 47 45 70 38 30 7 38 86 8 63 62 19 61 93 81 32 31 88 5 57 44 60 54 44 30 43 29 15 28 63 98 27 59 68 64 89 74 53 26 33 68 39 4 28 32 84 11 62 23 67 71 66 26 24 61 8 67 42 74 46 4 71 72 63 38 88 3 12 92 80 96 59 19 
99 86 50 82 96 63 4 15 33 21 40 57 34 47 75 75 20 72 30 91 44 92 80 83 94 43 74 74 39 85 92 37 70 93 71 18 7 26 32 40 47 23 48 80 70 22 6 41 93 35 83 88 27 63 22 72 5 96 97 43 80 40 32 1 84 2 70 91 27 53 82 25 76 29 56 97 2 61 37 94 48 20 34 26 34 55 49 38 2 46 33 33 37 16 86 73 17 
55 63 95 8 44 20 35 24 27 31 25 88 19 70 87 90 3 12 23 10 60 13 63 57 97 48 46 12 85 18 28 39 32 74 98 27 45 84 50 72 14 74 11 33 43 97 74 98 8 97 59 19 61 21 76 57 20 73 68 4 90 47 95 73 20 44 99 65 28 48 36 93 73 46 77 15 94 51 64 1 47 22 71 59 95 98 15 14 70 82 18 11 28 64 83 99 7 
