13 39 5
85 32 15 78 67 66 77 67 46 9 45 29 60 14 9 60 48 12 98 11 36 63 80 25 66 29 71 50 94 61 23 30 44 90 7 10 55 35 76 
52 96 72 33 55 37 93 14 84 4 63 47 91 26 26 15 43 6 37 93 99 97 67 81 40 56 87 2 62 74 29 66 69 1 50 23 37 42 88 
73 45 50 19 35 27 44 49 70 1 86 14 52 34 80 32 26 88 70 27 1 95 7 18 63 7 67 37 96 60 24 68 4 26 38 90 4 81 91 
73 33 28 38 84 13 18 67 38 57 37 16 9 31 23 27 46 81 45 82 76 5 58 95 60 83 32 50 86 64 92 11 49 19 48 32 31 17 51 
21 25 87 88 34 69 10 12 66 43 56 48 70 60 57 65 20 39 48 21 76 64 12 86 12 30 86 95 12 54 45 32 31 83 20 64 52 81 75 
69 23 30 68 93 42 24 9 61 62 8 81 90 71 44 75 34 25 12 29 36 18 73 68 48 56 39 11 59 19 37 27 94 18 95 38 59 18 98 
71 32 5 3 21 28 46 47 61 70 59 41 6 76 14 25 75 69 15 85 27 33 73 5 78 90 99 15 1 69 64 71 100 21 26 20 48 23 66 
60 93 76 1 50 3 66 26 77 34 40 13 12 24 37 16 54 27 67 68 79 35 84 1 86 4 26 5 3 49 22 62 93 50 14 94 52 79 19 
81 64 10 45 75 33 82 43 86 60 61 6 38 95 89 38 80 44 16 36 46 16 9 59 8 58 73 1 62 3 71 94 67 80 38 93 12 19 87 
50 78 47 7 67 93 47 57 72 90 72 59 35 87 68 45 46 77 17 98 90 72 68 83 38 47 21 82 10 91 69 11 21 67 17 87 60 63 43 
83 4 66 42 38 52 61 83 49 37 51 46 27 22 13 61 11 11 33 93 21 24 13 31 96 79 48 82 38 62 77 21 66 42 14 55 46 74 89 
94 62 92 92 40 13 4 1 76 15 33 68 87 8 32 69 3 10 16 37 48 30 65 20 47 6 33 1 3 58 90 49 19 81 40 59 45 95 11 
20 61 95 39 47 3 70 16 57 80 83 45 79 64 9 50 10 67 34 11 69 91 52 69 9 84 8 19 28 55 29 100 15 24 38 14 78 60 81 
