208 43 38
80 5 64 80 70 91 69 71 2 77 85 91 9 76 44 83 58 8 63 6 96 80 8 50 92 99 50 91 58 44 75 90 48 38 69 69 80 89 40 81 65 24 24 
25 51 19 7 8 26 70 65 74 1 24 23 45 23 24 35 80 68 9 21 67 46 42 36 25 30 27 58 95 50 33 71 52 51 78 59 28 99 75 1 99 98 23 
95 72 99 30 4 18 38 24 84 36 65 71 12 95 49 69 41 98 1 11 1 3 40 59 31 38 33 31 89 83 6 35 54 4 64 57 21 54 33 56 89 97 79 
100 43 27 21 83 77 73 46 77 28 37 88 58 27 72 40 67 54 45 1 60 100 65 68 72 18 100 80 58 97 10 9 91 36 81 26 64 54 23 93 81 59 80 
90 85 3 29 51 9 26 4 68 77 20 35 49 37 35 80 46 83 89 54 25 24 87 50 40 40 72 32 72 31 63 13 67 65 93 70 73 18 73 92 47 92 27 
95 80 13 74 25 47 62 30 71 37 16 21 76 7 92 59 30 74 21 42 41 38 35 10 10 4 34 54 50 25 80 96 56 44 21 32 90 34 61 12 71 29 84 
98 87 76 9 17 1 29 10 41 18 96 2 80 52 35 33 1 11 12 49 66 7 69 97 48 3 10 59 25 90 43 74 76 70 82 92 22 63 54 15 80 49 16 
59 100 3 91 53 65 54 1 83 12 21 31 59 75 92 70 99 81 64 73 57 85 6 100 6 68 5 20 100 54 88 58 5 90 1 57 6 6 9 88 70 30 71 
28 56 62 49 55 95 12 79 3 96 36 2 2 4 59 21 55 12 8 64 16 49 64 25 7 22 33 46 91 14 16 70 70 30 19 76 24 30 6 26 78 93 79 
79 96 37 51 2 100 59 66 68 59 81 92 65 2 76 11 44 42 78 66 63 7 36 90 30 65 47 55 42 39 34 72 87 22 23 88 22 33 53 89 91 34 80 
8 87 7 70 83 48 47 48 62 54 83 51 83 99 49 90 93 88 75 64 74 96 86 61 17 18 66 5 61 99 36 68 85 95 37 67 94 35 66 56 88 48 58 
23 99 7 12 91 94 86 54 19 33 92 31 50 61 96 6 73 46 94 92 83 88 80 1 81 15 67 88 2 66 46 24 64 4 87 54 49 72 60 67 5 3 97 
6 63 45 63 36 90 56 79 72 43 59 25 24 73 91 63 74 56 8 50 72 11 36 77 59 60 36 77 16 38 26 21 53 70 83 40 11 91 18 35 33 76 59 
8 48 1 71 74 56 30 75 79 93 10 56 51 21 91 80 36 81 5 8 85 74 43 24 36 33 93 70 17 69 80 77 68 80 99 93 88 28 67 66 20 29 21 
23 1 64 2 37 96 6 96 80 31 90 55 66 74 47 88 43 67 67 19 87 99 17 79 86 44 98 3 16 78 24 38 78 39 39 66 34 44 62 65 26 3 19 
91 77 65 30 71 84 49 89 70 47 5 100 84 100 49 86 67 26 61 4 4 99 42 21 84 37 82 48 14 37 66 5 65 83 86 35 18 34 23 39 32 79 38 
67 30 39 53 97 16 65 100 71 16 94 92 99 82 25 47 96 61 64 52 25 98 89 11 15 75 33 53 6 63 43 73 45 33 77 41 48 93 92 19 8 37 10 
7 71 34 5 18 47 20 21 23 18 9 34 32 83 66 37 41 81 31 65 25 63 93 17 10 85 60 28 93 97 89 51 19 75 7 36 21 26 8 43 43 68 76 
27 3 94 63 43 26 45 59 50 7 51 66 16 87 25 96 31 73 84 81 91 58 39 78 30 65 85 73 7 53 100 85 7 93 99 49 18 43 59 19 49 61 36 
17 47 13 12 30 85 47 62 28 57 1 57 86 65 94 10 23 98 10 8 4 54 58 4 24 1 62 94 1 22 30 17 20 94 80 49 30 79 11 57 35 63 66 
72 27 59 82 1 56 43 60 59 48 18 62 71 70 75 17 70 96 46 39 67 39 18 16 68 96 78 77 82 40 42 54 66 52 35 18 7 29 78 17 76 95 30 
99 16 4 15 85 51 12 75 17 2 45 32 21 40 61 49 74 100 42 27 17 93 13 35 51 41 64 19 68 10 48 66 25 3 32 61 53 43 36 70 96 80 53 
17 71 66 65 44 65 7 70 34 51 82 68 2 74 31 72 42 40 20 59 16 22 91 76 27 85 11 48 81 90 52 49 61 17 13 56 82 71 26 15 74 59 34 
27 85 16 98 78 7 17 36 22 91 78 49 69 15 60 16 95 1 67 95 13 36 59 69 17 82 94 83 55 4 68 81 88 83 78 65 41 47 53 14 89 82 62 
57 96 21 24 42 74 90 36 86 77 95 54 93 76 99 27 30 3 46 62 42 80 39 59 20 85 11 33 73 92 47 81 40 67 4 81 92 46 17 78 22 63 83 
67 38 82 45 19 36 91 80 77 70 70 35 90 7 97 74 79 41 20 12 80 39 15 60 30 60 28 59 82 90 42 100 79 23 44 49 58 34 28 86 4 50 73 
45 56 21 18 86 61 90 97 92 28 12 4 9 23 31 68 4 21 61 55 51 83 99 100 92 32 79 29 87 28 1 31 83 22 1 69 34 90 65 26 69 28 29 
77 51 11 96 6 83 56 61 34 90 59 33 33 42 11 62 29 39 14 11 73 87 11 93 21 52 10 98 20 37 78 49 87 40 96 45 23 52 5 56 93 15 88 
26 56 50 39 36 40 52 99 13 91 61 5 63 13 14 12 84 3 41 84 41 80 80 85 2 83 89 9 27 3 96 4 11 98 42 98 37 46 96 1 36 9 58 
98 73 23 9 56 25 49 92 66 80 23 50 82 5 91 90 31 45 38 87 7 87 28 5 23 73 52 76 60 60 33 9 32 55 69 40 32 69 83 49 49 5 50 
30 9 40 71 91 85 60 77 43 46 57 47 21 81 51 96 41 10 28 1 94 34 70 85 17 38 67 65 86 71 15 67 31 6 90 73 42 49 2 85 47 58 83 
67 90 33 62 30 95 41 31 40 74 52 24 43 89 42 7 27 64 73 45 46 31 34 18 72 35 71 8 81 28 91 47 18 23 8 99 17 100 81 56 25 32 31 
67 73 72 26 99 87 98 95 32 80 29 2 52 15 72 59 95 52 1 93 21 24 100 71 92 51 52 48 75 35 30 42 59 54 67 9 40 16 4 24 96 84 25 
99 98 48 9 92 51 10 84 71 85 35 94 76 85 97 75 11 31 5 52 42 58 70 50 49 38 53 72 85 36 48 35 85 48 43 76 98 4 11 69 40 97 62 
16 33 58 42 44 40 46 47 81 55 69 83 56 6 35 79 42 23 27 76 7 26 70 35 23 26 97 43 65 46 56 32 78 65 74 21 5 71 20 37 78 88 71 
85 45 58 63 86 80 41 13 38 66 34 24 89 11 73 31 76 18 39 59 95 3 32 68 59 55 87 96 84 26 66 68 70 23 30 7 54 23 71 44 88 4 19 
28 15 91 11 42 8 49 100 55 51 84 22 10 90 60 57 73 37 74 92 6 49 73 64 2 95 34 97 35 89 16 62 55 58 24 96 66 72 48 72 75 83 45 
84 24 56 92 96 92 65 39 97 13 11 12 67 58 45 63 92 33 30 5 88 88 29 35 5 100 34 76 26 16 20 9 39 75 100 86 18 17 24 66 29 87 77 
95 44 21 10 35 5 39 39 44 78 19 31 34 71 64 9 96 80 80 57 70 6 56 56 23 24 31 88 53 17 16 99 60 88 8 46 45 99 37 88 28 55 18 
62 25 82 22 73 13 2 29 82 59 36 89 34 60 20 73 64 88 89 62 100 28 22 45 72 20 33 60 99 40 29 60 16 62 82 88 26 35 16 60 45 4 48 
78 63 19 3 26 7 43 39 6 70 60 2 42 31 35 53 30 74 33 41 89 95 22 29 72 8 44 31 5 99 79 34 13 97 36 90 55 78 29 60 100 88 62 
93 71 48 45 100 73 77 40 61 23 14 41 95 73 37 77 77 35 55 11 48 4 46 37 58 76 17 70 27 57 83 19 27 30 63 78 54 91 17 66 66 82 7 
12 55 43 88 83 77 95 93 24 98 91 13 7 18 29 28 44 37 10 62 63 91 76 40 44 18 9 10 83 42 16 94 48 58 34 31 34 28 23 10 77 65 74 
35 82 54 63 25 91 72 38 5 63 65 97 6 83 57 67 65 98 82 11 46 39 44 28 25 23 50 86 99 15 59 85 48 64 47 25 6 71 62 11 33 79 7 
90 61 15 57 77 12 90 87 9 81 82 36 5 4 38 42 54 4 100 39 51 15 37 27 21 7 41 31 91 19 89 33 79 3 41 55 66 30 94 27 10 75 62 
14 79 51 7 84 54 6 74 57 73 11 35 93 69 75 75 60 93 15 92 71 69 32 78 34 13 71 60 23 45 74 88 75 76 95 59 82 52 84 90 24 46 24 
68 15 99 94 26 91 8 69 14 76 52 91 62 64 61 73 38 57 98 26 32 74 72 42 55 23 25 96 99 71 19 18 37 17 12 62 60 71 30 73 99 33 63 
60 96 75 84 34 31 34 11 62 7 82 55 13 56 80 8 6 2 26 24 90 95 87 3 54 57 32 78 55 16 40 66 11 66 2 96 96 35 6 10 41 39 64 
5 95 95 64 100 48 89 23 37 35 61 39 40 18 22 17 24 89 8 90 100 73 43 47 21 77 53 30 69 91 45 73 37 92 36 37 39 76 11 28 63 72 18 
2 41 92 19 64 80 26 5 31 51 47 78 71 23 82 52 43 24 96 15 61 87 2 49 78 30 11 5 44 82 74 45 74 65 15 38 45 93 94 75 43 41 4 
65 15 85 16 58 9 11 24 21 50 78 69 27 59 79 83 2 13 56 46 86 21 13 75 17 5 21 43 47 13 47 63 27 83 78 36 91 40 12 11 89 41 31 
67 99 10 49 52 74 5 97 11 77 61 86 93 65 6 35 63 70 33 25 48 16 2 84 58 94 47 21 82 39 51 1 37 12 49 88 37 5 36 48 81 97 85 
25 13 42 12 76 11 44 52 58 11 6 93 69 99 39 89 32 77 91 32 65 55 33 4 91 37 40 38 70 88 22 46 52 15 57 27 25 1 79 83 11 36 75 
31 34 66 19 65 94 62 49 11 16 81 14 58 69 5 48 90 44 21 36 96 36 92 74 60 44 4 94 55 39 21 85 72 86 56 89 31 69 89 93 36 21 7 
93 41 63 40 31 59 61 18 54 96 61 27 55 5 83 1 11 21 21 47 45 6 54 85 88 22 73 81 57 93 39 50 33 1 41 15 59 1 84 64 48 45 43 
55 49 25 55 11 45 75 57 41 32 63 25 19 84 97 51 93 41 89 94 26 42 34 40 52 87 24 68 34 20 10 88 68 34 42 30 30 68 38 71 99 100 47 
70 36 96 20 28 36 61 73 13 2 58 53 5 44 28 24 78 47 33 17 66 18 11 47 100 78 84 22 77 36 68 46 71 63 17 50 51 77 22 63 30 79 67 
87 75 46 10 4 44 43 20 61 12 82 7 11 60 43 32 88 78 52 85 48 66 1 97 68 30 70 31 11 100 49 97 74 47 7 77 90 1 49 51 64 30 9 
75 41 51 58 28 28 61 64 27 27 17 75 94 46 96 76 8 96 77 5 21 23 63 50 64 63 98 66 78 79 75 52 20 77 62 99 57 22 15 83 100 31 10 
46 28 5 73 35 52 1 91 73 23 53 22 87 67 71 52 45 49 78 48 20 55 61 71 63 35 85 97 34 15 6 31 94 11 56 28 14 56 19 86 31 23 59 
17 90 81 20 86 82 50 33 1 56 94 23 18 28 7 14 13 73 20 96 66 82 51 46 47 58 16 33 88 38 43 56 79 24 76 16 57 25 49 9 80 94 32 
49 73 38 62 37 63 33 32 28 66 34 25 13 92 40 97 79 30 91 87 60 66 62 76 22 38 76 31 69 21 62 69 93 51 82 29 13 15 13 93 32 98 17 
96 89 57 44 20 38 35 6 97 100 19 72 22 8 47 4 28 67 65 96 11 67 77 92 80 43 4 72 75 1 40 22 42 96 66 13 33 100 70 82 51 88 53 
24 47 52 27 74 70 43 21 33 10 49 24 41 92 79 64 18 31 3 39 72 51 4 36 35 55 5 16 6 44 21 29 90 72 8 15 93 50 87 25 11 36 48 
3 27 78 66 44 9 69 34 32 71 90 68 5 44 24 21 1 68 41 82 9 64 89 24 56 90 10 33 1 97 80 3 23 58 21 18 18 41 4 49 11 93 68 
15 88 92 87 89 11 79 22 19 42 62 94 50 51 56 82 3 52 13 58 75 22 78 44 39 18 47 40 80 39 59 46 79 2 33 19 12 63 40 83 5 1 76 
6 3 31 39 6 83 51 63 9 73 92 52 63 61 99 54 40 89 65 37 67 66 21 37 30 84 76 12 40 28 87 45 31 70 83 88 52 33 2 12 57 93 63 
72 5 13 77 44 54 41 32 72 7 53 9 88 36 36 99 75 64 37 71 46 6 53 33 9 37 34 20 46 78 35 69 82 99 45 77 4 86 8 76 44 60 36 
83 47 71 81 21 86 69 43 31 75 95 15 35 84 48 7 29 77 93 49 58 91 93 34 95 30 94 22 25 5 9 7 52 79 39 24 17 8 67 47 34 13 62 
68 96 61 26 76 38 18 24 47 61 69 81 7 98 74 28 23 30 36 81 81 66 20 5 82 27 23 81 60 35 94 79 83 6 5 58 43 74 34 90 34 2 22 
40 99 47 19 73 76 6 54 57 72 25 13 5 51 35 37 62 21 30 92 3 36 48 13 30 22 98 71 7 99 92 47 49 38 65 74 66 71 27 74 94 51 86 
98 53 72 87 66 44 16 57 99 3 57 11 33 78 8 3 84 58 47 82 6 36 47 79 1 69 57 74 62 59 11 11 63 34 97 28 78 65 37 76 67 93 38 
51 70 45 6 5 54 52 87 59 39 85 90 40 53 98 65 66 57 76 76 71 9 25 99 86 89 35 13 7 27 50 10 48 46 15 4 99 18 42 10 56 26 99 
95 30 48 60 95 4 87 23 27 95 99 25 33 39 11 45 45 89 47 54 36 92 20 91 91 37 33 52 93 10 50 39 40 49 50 86 5 36 60 31 83 10 55 
67 48 65 11 93 5 9 98 92 1 18 82 43 54 66 94 98 76 95 89 67 43 38 4 47 26 64 77 60 25 83 26 73 99 88 17 3 97 14 94 97 83 76 
91 89 93 36 86 68 30 26 34 24 64 90 23 41 5 99 100 29 34 25 1 32 12 17 35 8 83 80 56 65 7 98 53 100 33 91 19 14 16 5 38 31 94 
60 23 98 10 22 26 43 98 79 27 10 47 13 69 29 92 77 94 99 74 98 50 59 88 68 72 56 72 9 38 65 20 61 62 30 34 40 24 32 18 50 93 64 
62 61 45 54 89 90 4 63 87 53 21 27 20 92 34 92 53 71 8 72 83 70 53 17 61 77 48 30 26 40 45 88 52 89 93 41 78 96 55 17 48 27 95 
19 70 28 62 22 50 70 46 33 91 98 49 51 74 48 80 52 87 24 39 38 65 83 30 42 78 84 10 77 10 4 95 32 83 57 53 85 26 50 17 68 100 17 
18 25 64 49 76 2 24 66 39 88 48 69 82 77 4 43 53 66 99 100 97 81 56 1 17 33 51 33 100 50 1 69 74 16 69 2 17 44 67 56 32 67 76 
65 43 31 7 48 96 5 47 44 38 54 45 54 86 47 39 37 96 91 57 21 7 77 74 23 20 93 78 3 59 5 67 53 36 26 100 83 82 98 27 19 51 23 
25 88 69 63 76 64 53 32 36 59 60 62 34 80 54 63 82 64 68 49 68 55 26 20 89 7 17 67 26 68 89 2 7 57 64 83 72 68 66 8 79 26 21 
12 5 74 74 86 37 93 86 56 99 11 75 88 18 92 54 95 11 43 96 17 99 11 51 71 30 17 30 60 42 50 71 98 75 97 35 63 41 21 18 40 83 93 
27 52 36 32 98 46 74 93 14 25 55 65 47 37 81 28 96 74 29 67 71 3 15 5 65 55 77 82 94 60 26 72 63 61 4 61 58 29 5 72 5 12 88 
3 48 68 30 43 93 58 61 15 60 75 71 76 82 48 10 75 59 35 99 73 96 54 33 53 34 90 76 39 1 63 41 48 82 23 90 74 80 51 40 92 77 11 
67 58 10 76 85 20 11 83 44 58 36 77 62 21 18 38 59 18 100 52 65 34 74 6 59 5 8 99 96 85 61 63 42 22 38 26 93 100 60 36 57 47 12 
19 68 29 8 26 98 59 29 14 92 54 20 3 59 79 1 54 63 13 68 57 34 58 34 26 57 46 61 66 92 25 84 59 5 43 37 3 1 17 68 45 71 39 
47 81 18 99 86 32 11 54 40 96 11 26 21 19 71 33 84 62 9 19 21 14 61 9 68 14 25 35 58 47 26 4 27 43 2 13 26 64 18 66 59 28 91 
31 98 61 63 82 74 72 100 46 37 13 54 4 26 31 90 83 77 15 38 4 9 91 16 35 54 33 52 64 12 94 94 61 54 56 42 27 79 94 25 15 6 78 
70 31 8 12 65 85 78 54 40 87 44 55 73 49 39 76 12 2 69 5 62 22 12 56 100 43 49 24 57 6 54 79 88 13 90 4 97 67 57 36 5 100 42 
77 48 32 52 11 33 72 15 47 93 78 2 45 20 2 20 77 7 25 7 46 38 96 49 86 14 5 22 19 56 15 47 3 47 51 13 31 22 79 77 67 56 30 
63 76 31 82 4 89 7 62 86 44 57 34 29 22 38 2 92 93 69 39 47 15 41 11 97 62 89 26 80 97 55 42 24 38 76 79 78 82 40 64 77 48 97 
57 69 87 59 61 31 79 51 78 93 91 40 41 4 29 66 84 77 73 77 100 62 52 30 39 85 69 2 61 16 51 18 84 89 28 96 19 6 46 48 50 36 88 
42 40 68 8 75 44 32 51 95 93 55 24 31 39 92 85 100 59 87 69 42 75 48 38 93 5 83 41 6 71 28 47 62 47 6 36 90 37 38 36 81 92 59 
12 83 2 48 34 60 86 2 53 60 1 42 4 5 77 96 10 47 75 8 60 21 14 95 10 2 84 97 83 28 55 46 10 8 93 43 19 30 96 72 89 96 65 
44 52 41 40 13 39 66 20 98 87 85 44 48 87 28 45 69 7 51 66 16 59 10 10 77 39 57 100 27 4 65 22 7 57 61 19 96 27 90 45 65 27 89 
12 13 68 8 33 26 59 50 93 69 59 2 45 97 10 97 75 13 13 96 19 69 9 37 16 87 78 13 51 4 1 14 68 20 22 52 45 80 1 37 48 59 90 
44 55 99 92 29 11 4 25 81 25 85 69 40 71 46 4 21 2 4 34 69 75 55 73 71 86 73 59 85 32 48 81 38 98 72 67 60 76 43 40 52 27 8 
43 49 6 47 69 7 2 54 27 77 9 99 99 46 72 58 31 55 57 11 92 55 34 10 14 9 4 54 60 82 13 55 30 18 1 50 24 2 4 3 30 64 1 
29 9 24 86 91 78 42 53 22 96 87 83 62 95 87 15 7 68 27 13 50 97 13 99 72 14 2 74 44 17 27 72 26 50 9 68 80 50 21 53 98 7 35 
59 53 21 25 11 41 3 23 90 99 35 40 23 1 94 96 44 10 74 67 87 24 75 55 55 76 75 7 25 33 93 35 37 66 11 48 6 14 22 47 64 57 38 
86 9 31 34 52 41 7 70 27 82 96 33 36 71 59 94 48 91 39 82 28 4 93 27 61 58 48 59 21 56 96 59 64 79 92 67 71 98 36 49 80 31 82 
67 54 40 13 1 83 51 34 10 6 78 88 66 87 35 76 8 91 71 66 54 1 9 73 71 6 8 20 37 91 1 56 44 92 68 96 74 70 81 35 75 11 22 
92 97 9 67 4 51 37 21 56 90 81 28 60 39 36 79 75 26 31 30 21 23 49 16 48 18 48 83 44 58 56 35 55 16 1 10 66 90 83 22 79 63 49 
38 1 84 69 76 61 99 57 81 73 58 48 21 27 96 55 71 53 62 57 59 78 58 69 43 99 51 64 77 65 65 66 66 100 34 93 61 33 1 93 57 58 93 
77 85 88 31 7 92 45 63 3 22 72 71 16 70 73 32 98 37 96 64 2 95 49 46 7 33 47 52 90 4 44 66 40 83 49 98 26 93 13 28 14 36 50 
29 58 74 60 55 63 7 70 16 54 19 62 12 51 8 63 40 63 58 6 55 92 6 4 70 98 16 49 63 4 99 43 61 24 55 15 86 61 85 2 14 55 15 
26 5 22 40 45 36 50 2 42 41 7 46 10 4 13 59 18 16 9 60 28 32 14 95 70 27 31 23 92 85 37 69 89 10 9 33 97 58 86 39 50 92 36 
60 47 48 70 64 16 78 76 95 61 89 89 30 67 19 52 59 3 40 27 92 49 87 76 46 96 62 36 46 5 71 57 52 70 26 67 37 3 42 32 15 83 20 
97 49 39 100 7 41 40 86 84 40 72 60 85 68 73 72 13 77 42 69 80 12 46 47 48 100 88 79 14 22 99 10 71 89 62 29 29 1 66 65 40 38 24 
77 57 48 48 21 76 42 41 56 5 86 2 52 37 41 83 50 63 33 12 85 21 73 65 1 25 83 65 16 20 40 44 28 39 92 48 15 85 40 70 89 25 71 
40 61 63 74 62 77 58 25 13 78 49 78 31 73 60 47 41 31 87 84 10 25 27 57 39 11 96 60 99 72 30 91 84 45 16 45 21 74 70 34 3 70 63 
33 95 74 80 35 56 18 18 65 94 97 73 85 7 68 44 58 91 26 100 74 22 15 70 42 40 91 27 43 61 41 27 55 14 58 89 21 75 58 85 21 54 57 
57 13 76 52 70 18 77 69 91 98 35 13 92 75 3 70 17 15 11 95 69 76 53 9 97 79 19 81 99 72 90 55 84 17 59 5 35 35 25 25 85 60 89 
28 86 92 97 54 6 59 48 27 35 100 87 31 79 5 63 29 77 4 36 12 21 94 17 55 80 93 31 64 4 20 43 89 63 92 42 20 50 42 46 36 41 33 
18 71 37 81 100 65 84 87 29 56 80 97 10 59 89 41 75 93 12 69 81 74 60 75 93 62 16 39 97 8 23 15 31 11 47 82 28 82 68 56 38 99 52 
47 57 40 39 83 32 50 52 65 75 11 91 68 72 58 58 21 17 32 35 47 42 81 80 69 14 47 76 51 45 27 50 54 19 88 36 2 90 87 18 64 50 8 
83 73 65 40 93 82 71 79 80 65 11 60 85 25 58 13 75 3 39 24 8 9 64 43 11 5 82 28 68 83 88 51 55 4 42 48 37 65 26 17 81 37 28 
65 13 85 77 87 39 68 63 46 76 78 41 38 82 74 18 49 56 5 51 10 8 93 9 45 9 87 13 89 75 40 5 87 76 82 73 67 1 87 64 28 64 4 
18 45 77 35 46 32 91 96 94 50 40 2 46 100 88 10 88 62 1 93 100 77 26 25 95 26 11 58 5 27 62 22 71 90 8 68 74 98 16 67 100 7 20 
45 7 8 55 94 21 7 38 21 83 63 97 77 40 7 87 97 33 100 18 56 89 26 75 14 75 90 32 74 97 52 71 3 11 77 48 83 83 86 55 18 100 51 
46 92 10 32 88 42 83 57 49 24 82 76 37 9 65 69 34 13 72 4 15 82 32 15 64 67 52 19 84 3 21 81 94 30 65 33 24 47 90 72 70 23 99 
59 83 64 27 17 76 98 72 43 31 4 9 94 70 12 64 5 14 85 37 60 14 1 92 37 48 33 61 69 8 59 27 90 74 5 6 2 54 78 96 84 81 56 
30 2 67 45 58 80 29 94 39 95 95 83 83 94 15 95 14 22 6 41 12 79 97 69 32 51 46 79 34 78 34 15 31 100 60 88 80 40 82 70 34 28 52 
69 21 19 63 34 92 68 26 3 99 23 24 82 25 69 61 10 99 94 25 29 94 84 17 25 75 50 94 9 77 98 29 97 16 91 82 7 11 60 62 61 34 85 
42 10 5 2 19 3 48 43 32 41 78 100 65 53 49 10 13 25 7 41 73 22 83 6 81 93 17 42 53 50 78 47 11 82 100 30 85 47 24 68 87 2 67 
3 6 67 65 18 91 71 10 15 45 92 20 25 37 37 18 89 38 95 87 49 76 87 30 12 33 53 31 72 54 97 26 11 15 90 28 5 13 37 19 9 81 91 
33 17 79 2 57 68 96 44 68 23 30 97 35 14 50 17 85 55 14 11 66 80 100 45 85 64 34 55 72 14 97 56 30 75 57 86 43 4 29 10 27 10 7 
13 24 8 29 8 62 94 18 79 74 70 24 10 33 9 64 57 22 61 12 51 87 69 36 29 72 17 39 50 26 97 62 1 4 43 9 17 36 78 48 9 99 23 
70 84 31 34 40 52 46 51 54 32 71 41 13 95 9 3 44 35 99 58 87 54 100 95 22 35 25 21 96 75 43 65 58 73 50 49 76 47 52 81 31 22 22 
43 16 30 45 12 16 95 69 3 100 68 49 73 54 25 94 1 100 88 18 57 13 67 6 88 66 57 69 96 30 42 38 98 23 34 9 39 80 29 93 31 48 41 
3 53 66 48 54 65 36 71 73 48 89 30 87 54 38 7 49 68 48 38 17 71 71 77 61 2 5 53 32 4 45 87 56 62 86 9 78 73 79 3 20 68 32 
59 73 70 65 22 89 65 59 5 87 82 81 47 83 37 51 67 40 95 53 95 9 90 56 86 63 86 40 34 5 72 92 78 41 9 51 29 73 9 85 11 90 65 
57 25 53 59 91 92 5 95 38 13 36 45 51 98 31 90 32 87 61 75 16 53 83 66 33 7 75 17 17 16 33 25 92 85 83 34 28 88 28 18 52 16 62 
2 13 44 44 96 83 56 71 98 9 5 64 93 64 90 10 32 5 94 57 97 31 91 30 58 30 10 75 82 25 89 83 89 84 78 85 66 34 7 64 42 11 79 
34 26 68 95 58 24 89 66 72 19 56 54 28 86 63 55 19 39 95 53 79 78 31 63 96 64 21 59 5 84 89 90 9 56 37 18 79 77 83 51 47 91 56 
74 28 70 80 46 8 74 98 38 52 28 53 47 91 73 57 47 56 97 37 17 52 73 34 82 1 69 84 47 59 39 20 86 8 52 31 67 25 80 5 28 8 57 
26 50 81 34 97 37 30 85 5 81 9 90 15 9 58 98 55 16 89 26 53 96 77 35 15 54 15 19 81 74 27 7 23 7 40 19 95 70 3 99 2 63 89 
68 71 46 66 25 14 6 3 18 53 79 53 67 32 19 85 65 92 63 71 66 70 62 37 64 83 39 63 37 2 3 4 24 100 21 49 65 78 3 83 31 33 35 
97 65 5 34 81 48 96 3 13 17 64 49 81 99 40 95 87 93 49 42 16 48 63 16 13 40 18 95 22 51 81 19 67 37 4 47 84 99 1 96 68 16 97 
48 14 36 94 100 28 42 94 95 41 56 11 53 47 80 99 69 82 31 39 100 67 42 46 50 92 98 98 59 14 94 58 27 81 3 79 60 44 72 54 85 79 16 
89 77 96 40 97 29 70 35 29 89 28 26 90 72 24 87 82 37 32 40 15 12 42 93 71 38 16 25 74 46 92 14 23 87 53 71 68 23 6 96 63 85 21 
52 56 44 39 90 32 22 81 47 34 74 91 56 11 59 32 36 4 24 50 78 62 2 49 29 76 6 24 38 90 97 42 98 92 80 87 24 53 67 22 38 40 12 
94 3 70 25 38 26 100 87 3 62 41 51 42 68 8 18 58 98 14 99 47 57 30 33 80 82 51 53 20 42 65 65 44 86 89 34 11 41 72 66 2 64 68 
95 32 76 12 89 25 25 87 71 82 16 55 13 97 57 66 68 98 82 32 94 67 73 79 30 13 50 47 66 14 14 60 97 41 72 85 17 48 23 87 81 38 93 
94 86 49 11 54 99 92 37 44 10 9 22 91 21 23 37 38 36 3 98 84 95 21 68 12 68 90 98 49 79 43 94 65 91 4 70 41 47 6 84 8 67 5 
99 87 28 87 25 15 41 74 99 36 94 18 47 61 60 96 61 38 38 6 54 81 61 75 73 7 33 57 67 99 61 65 37 40 3 61 7 44 86 5 79 79 74 
77 92 33 72 52 23 62 10 28 94 70 3 66 29 87 74 95 85 87 11 21 26 13 34 32 56 19 88 34 50 62 62 41 46 86 44 68 99 53 48 44 23 2 
9 3 88 35 97 24 21 7 44 98 19 29 30 27 100 69 12 49 82 74 89 28 59 32 47 9 37 94 52 11 47 12 13 86 46 9 9 66 67 5 16 37 33 
97 63 32 65 75 32 47 100 20 26 10 4 72 18 92 18 69 2 16 80 14 2 26 74 10 43 40 66 58 28 51 54 91 82 71 17 66 69 68 85 94 77 40 
65 94 31 34 14 32 50 93 97 51 70 70 12 13 61 78 22 89 28 28 31 61 50 47 26 18 14 63 11 42 54 27 87 85 13 100 68 62 92 65 64 62 86 
27 26 99 56 99 87 83 78 69 96 27 15 73 44 80 87 6 73 41 33 59 77 45 58 44 58 1 60 73 14 98 99 39 96 7 90 34 89 67 2 36 46 68 
9 89 99 47 47 71 87 79 29 63 75 86 7 84 38 18 8 52 15 58 42 62 64 31 95 5 50 48 40 95 15 100 35 65 47 81 35 33 11 15 48 37 100 
6 72 38 23 79 41 90 37 82 51 100 13 98 4 14 97 96 60 64 95 94 28 41 27 63 26 89 77 73 26 29 78 97 18 52 76 58 41 64 91 44 63 3 
93 19 68 89 14 27 52 8 21 80 1 99 94 78 87 22 50 64 2 79 61 71 30 88 80 23 3 71 66 17 73 58 35 93 46 100 19 50 8 91 81 60 89 
26 37 28 47 38 91 49 16 3 71 97 42 51 19 44 21 36 61 45 93 47 37 91 47 56 40 6 98 72 17 87 97 53 66 43 42 56 43 9 11 66 5 4 
16 76 48 36 11 60 80 4 58 69 46 4 24 37 61 73 8 77 59 4 81 76 98 22 84 93 30 94 58 87 97 73 62 96 60 72 7 91 27 65 59 72 20 
34 8 81 7 67 57 17 70 38 93 20 11 76 12 41 21 21 27 17 93 40 65 4 11 71 94 90 87 53 61 7 38 21 87 44 87 95 61 9 84 5 80 95 
80 91 87 100 63 13 68 7 4 32 10 14 55 3 55 41 7 68 47 45 88 85 40 26 32 52 86 67 56 65 61 87 7 47 38 69 11 58 75 66 89 36 80 
95 91 86 36 49 53 34 45 40 71 85 18 54 88 3 20 96 20 33 34 26 31 72 47 94 29 73 59 69 61 38 64 51 24 51 99 28 36 44 68 6 80 37 
11 67 91 31 14 10 63 48 88 93 19 86 86 99 10 45 67 70 34 82 20 9 84 71 37 20 66 56 77 45 44 88 63 34 18 77 96 32 76 35 76 94 72 
14 44 81 10 62 51 43 96 22 4 79 92 92 98 57 99 27 53 42 14 16 27 83 44 74 14 71 60 41 16 31 54 59 64 63 20 14 58 15 87 61 46 79 
4 43 87 2 69 40 95 34 7 73 16 2 99 81 72 58 22 87 41 75 97 4 90 68 69 47 35 7 7 80 37 62 74 24 63 43 15 9 28 73 81 44 26 
79 76 49 89 49 87 81 76 83 84 65 50 4 11 84 10 69 63 47 30 37 22 44 31 36 52 10 60 84 5 85 15 81 85 55 29 71 35 4 53 18 20 54 
73 30 38 34 98 52 32 79 40 53 74 22 40 77 32 51 61 36 35 27 16 71 81 97 41 15 52 45 84 72 99 8 53 88 41 3 91 73 81 31 77 55 4 
17 31 35 67 43 71 54 21 38 24 1 86 17 67 90 61 2 61 59 9 13 98 2 15 89 74 48 71 2 54 74 18 84 9 37 79 31 42 99 20 17 52 58 
33 18 47 46 20 59 4 28 71 2 29 38 42 54 85 12 56 38 85 25 73 45 13 3 27 6 2 99 23 53 56 7 22 2 52 41 60 8 21 82 61 1 19 
2 7 55 13 14 44 49 38 69 46 3 71 72 8 72 70 82 76 77 89 98 30 92 90 89 99 62 23 59 63 93 12 69 100 76 82 43 77 71 11 22 25 34 
45 85 5 67 66 33 43 6 82 73 50 71 13 48 33 35 59 47 80 70 67 79 98 100 21 74 22 84 95 47 17 91 31 73 57 48 57 100 6 38 24 55 61 
88 2 93 75 12 91 54 34 57 32 31 56 4 4 29 39 98 75 7 88 57 32 97 5 88 48 10 26 71 16 86 10 17 30 84 81 72 37 14 28 20 44 35 
24 47 63 14 96 90 21 35 46 52 31 2 39 30 63 16 100 78 53 62 47 34 45 27 5 34 40 84 53 35 18 28 81 33 42 28 22 62 62 19 65 45 21 
55 74 35 23 26 13 75 87 59 61 83 37 65 16 28 49 69 62 18 48 42 2 89 69 23 2 82 94 18 26 66 73 52 100 95 77 12 69 15 22 81 97 10 
46 13 37 46 33 98 15 80 39 17 21 59 91 74 93 84 92 70 49 64 21 49 58 49 12 78 63 86 59 12 95 56 76 32 1 8 29 67 39 20 83 11 78 
74 85 22 9 76 92 58 91 12 58 48 61 21 77 75 6 87 86 1 42 13 84 94 20 12 61 11 31 95 73 61 20 57 82 29 84 73 38 74 37 47 73 49 
67 2 75 73 88 61 25 82 73 8 27 45 71 39 7 2 34 31 14 53 88 47 81 23 20 70 97 8 16 21 56 83 22 30 7 10 42 83 43 67 90 69 63 
60 8 21 13 41 51 78 93 90 25 26 13 96 95 61 3 11 81 10 45 3 91 51 12 85 85 54 3 74 74 17 85 81 37 50 21 39 27 66 29 3 43 41 
98 89 53 52 51 33 13 95 35 4 97 98 40 81 3 42 6 77 58 43 57 46 44 30 84 22 47 64 25 89 56 22 29 8 26 80 41 38 26 75 93 75 25 
32 55 27 73 13 3 82 55 12 27 98 93 63 71 39 26 95 79 82 69 7 89 94 86 29 83 64 56 76 38 32 7 44 58 32 56 13 65 62 76 44 11 68 
6 82 6 83 76 84 64 96 42 5 89 28 85 72 43 92 99 80 23 5 23 33 88 31 45 53 92 20 96 55 87 53 88 44 35 63 79 51 11 20 55 99 99 
39 22 41 83 20 20 5 77 95 37 16 25 33 68 68 4 15 22 42 19 9 85 54 24 63 56 34 35 10 84 33 100 58 74 82 29 45 39 57 39 75 73 15 
8 92 83 63 7 56 5 25 17 89 30 40 4 85 25 38 46 60 70 46 69 95 79 98 40 17 6 30 44 78 45 3 22 79 65 28 34 69 4 50 10 86 41 
65 22 17 2 68 77 23 65 45 70 43 94 61 12 100 90 55 29 86 9 50 64 73 29 98 94 85 99 55 70 92 19 43 8 72 10 36 46 26 33 15 69 26 
75 32 77 17 38 58 2 46 59 66 70 88 15 63 24 13 17 45 56 87 87 64 58 97 99 4 22 31 18 42 9 45 25 37 61 14 94 62 59 53 79 81 92 
93 43 15 58 12 59 13 98 45 28 8 93 27 11 67 9 80 60 17 24 37 54 36 50 99 98 9 3 76 89 94 21 83 8 30 46 66 42 96 63 70 3 7 
48 65 73 56 44 85 25 20 21 30 55 70 28 4 30 31 32 70 76 52 53 84 33 50 1 74 97 15 95 51 22 42 15 46 50 11 30 74 30 50 3 36 20 
82 92 49 64 23 19 40 26 23 23 58 24 75 83 21 90 78 71 63 71 38 8 20 48 38 45 29 39 99 16 58 81 7 59 44 29 29 35 54 3 57 63 78 
84 46 50 25 75 73 87 45 10 94 17 9 83 13 37 22 12 4 31 44 11 89 39 39 69 74 45 23 82 7 1 65 4 2 89 78 74 27 75 35 21 91 43 
55 55 31 76 66 35 7 61 45 47 100 35 16 73 31 38 6 90 90 71 93 92 11 71 17 38 45 52 10 87 46 64 93 77 92 59 63 98 71 59 44 70 93 
11 94 76 1 100 65 90 22 57 33 84 79 50 73 75 53 82 13 98 98 6 26 89 64 88 38 34 46 81 56 91 44 49 66 44 100 82 85 21 38 18 5 69 
19 29 43 23 63 56 20 60 61 46 100 76 33 89 61 31 21 68 73 64 69 90 7 68 71 92 41 60 61 97 28 31 25 23 53 87 30 24 98 90 69 49 17 
54 37 77 36 58 97 8 73 65 49 80 32 19 23 72 30 35 20 10 65 45 32 69 83 61 92 81 2 13 29 18 66 18 46 53 27 94 60 99 58 60 30 90 
78 52 13 59 38 33 68 2 29 51 70 11 63 14 43 64 26 24 33 43 41 31 95 19 24 6 17 82 65 99 23 94 2 87 52 40 19 20 41 99 22 63 10 
85 28 52 100 53 75 33 95 67 15 89 85 38 94 54 71 10 52 93 3 53 80 54 44 50 25 37 49 47 99 10 83 78 13 82 30 88 14 76 54 80 16 91 
18 61 44 40 70 47 85 72 51 16 77 95 65 2 31 65 100 81 26 34 58 39 15 39 26 81 14 31 60 29 73 29 89 68 69 58 14 53 81 65 20 57 59 
36 10 41 1 9 21 78 42 78 16 9 68 93 89 81 76 48 61 48 77 49 16 97 58 81 1 38 97 20 94 55 55 4 47 7 64 67 85 58 96 52 66 63 
45 6 95 72 53 55 71 81 3 38 29 12 19 29 49 15 48 95 22 55 50 68 61 13 87 97 22 82 1 39 97 45 44 91 68 49 98 38 81 100 76 10 64 
94 38 12 60 38 6 33 92 55 1 4 20 87 53 93 20 53 32 16 49 27 59 16 27 56 53 8 7 28 17 70 73 6 34 85 95 91 17 86 98 69 42 17 
55 94 61 27 98 92 94 46 71 4 61 97 59 65 4 18 45 72 39 17 30 24 53 24 15 70 62 12 38 3 80 45 48 92 23 45 36 16 42 6 20 2 2 
30 18 58 99 62 81 90 31 10 13 83 86 27 4 47 90 94 1 21 90 48 13 12 44 48 79 85 53 98 38 6 80 55 15 30 69 48 19 99 57 84 81 94 
62 37 40 52 30 40 24 19 39 36 30 34 35 8 70 39 58 7 97 89 14 11 18 82 58 89 32 67 72 64 12 33 100 52 36 29 43 60 99 34 47 28 67 
34 88 37 72 97 95 68 85 60 31 54 41 40 94 24 58 65 88 70 50 87 73 37 68 15 48 66 100 47 46 67 80 85 55 51 81 49 71 65 9 53 70 1 
92 64 25 2 80 64 71 81 50 95 18 69 61 65 87 61 11 32 79 42 16 33 45 96 33 15 12 41 19 33 94 62 48 70 63 28 33 85 60 34 79 29 55 
92 94 41 52 56 72 30 50 39 62 94 86 94 60 97 87 78 81 32 91 29 53 54 8 37 90 67 22 21 96 76 12 41 16 15 48 39 44 97 29 57 90 14 
2 1 10 40 30 43 71 21 71 23 26 78 59 67 44 81 87 91 8 50 31 76 64 79 14 59 27 95 67 69 8 69 69 70 8 99 12 31 71 82 5 96 59 
16 62 54 48 1 45 55 2 27 30 18 57 96 28 84 90 95 52 97 15 72 66 74 22 77 4 92 10 9 39 20 76 53 74 23 53 70 77 54 96 59 23 53 
6 51 88 95 45 39 43 59 62 61 32 84 89 88 27 99 48 66 70 23 18 43 45 70 64 73 75 12 83 50 64 88 100 51 34 96 41 77 6 2 89 37 37 
29 76 64 79 23 29 49 97 46 43 93 67 7 18 93 18 100 42 33 88 93 83 21 88 75 49 93 28 89 82 65 18 57 28 96 32 56 44 80 1 87 25 19 
45 42 11 62 41 5 94 80 97 28 53 85 54 53 29 81 42 10 45 11 19 72 6 2 27 2 81 79 40 5 97 84 98 60 45 39 64 90 70 60 69 22 96 
