45 167 19
48 68 20 27 28 13 66 57 90 98 49 6 21 14 16 67 45 49 12 78 48 31 46 17 16 85 82 33 29 1 11 29 68 31 55 47 95 72 3 36 69 3 93 41 16 9 8 60 9 19 90 56 50 87 72 17 72 53 2 100 53 12 28 73 94 82 71 40 5 74 76 73 76 68 14 44 28 73 3 36 43 92 43 44 79 14 61 2 19 62 1 23 25 29 47 71 62 18 10 67 43 37 91 70 57 4 13 84 28 68 72 71 11 14 14 41 80 26 42 50 39 43 72 16 23 71 86 36 88 47 2 82 84 45 51 40 100 16 75 28 83 98 50 45 64 63 86 43 41 27 44 31 21 15 98 95 85 83 31 24 82 84 5 65 28 8 56 
28 23 82 7 57 80 56 1 95 70 86 89 62 65 32 93 37 98 90 32 83 25 62 58 58 45 63 74 25 70 29 4 44 10 10 100 41 65 52 35 34 90 75 96 54 6 40 42 4 81 73 38 57 34 95 14 31 9 87 7 30 15 10 73 77 19 24 69 83 28 56 16 17 30 63 22 36 2 63 91 83 36 28 39 21 74 53 3 83 39 9 12 6 18 37 34 36 12 2 18 39 9 86 55 39 48 28 26 2 91 68 84 26 95 74 98 68 78 1 2 69 9 66 74 79 2 59 14 13 12 84 4 21 21 10 11 20 38 88 21 28 55 56 5 49 30 54 68 7 54 70 75 15 35 100 93 88 10 58 52 22 41 55 94 61 17 4 
81 54 91 53 33 45 9 37 45 38 42 12 96 48 33 23 62 19 74 6 6 84 63 10 57 56 16 50 16 32 53 48 85 95 1 17 91 61 5 35 50 47 98 45 94 31 19 7 1 45 64 59 28 26 68 36 33 83 85 1 15 89 48 51 83 100 68 25 60 24 59 61 22 56 6 67 38 76 73 91 20 36 49 99 14 16 34 46 50 70 46 64 58 46 67 92 97 86 16 57 9 26 17 83 34 74 49 71 2 74 61 73 61 61 24 26 76 57 24 78 79 69 93 36 66 59 80 63 44 47 71 5 73 39 87 58 65 87 28 66 60 41 90 73 1 13 98 29 22 21 58 100 42 50 87 7 9 66 21 4 65 91 8 89 30 94 46 
46 81 25 11 92 17 52 64 70 65 62 50 86 34 7 85 75 56 71 34 16 89 54 20 5 97 27 93 78 73 90 23 53 14 85 44 83 36 60 52 100 73 1 85 6 59 21 33 14 44 18 82 84 23 1 88 71 79 32 48 51 21 70 3 86 6 99 68 42 10 71 93 82 71 30 39 29 50 23 95 45 40 76 28 15 28 15 85 6 46 33 57 18 54 11 56 60 61 23 53 70 46 45 51 16 26 42 97 76 64 43 20 4 70 100 18 97 14 54 2 12 86 10 81 92 21 36 3 33 11 55 3 56 51 5 23 77 46 71 4 10 13 75 65 82 74 34 30 40 87 84 51 25 93 31 16 65 19 18 98 29 24 52 84 26 8 58 
54 54 29 57 15 93 84 79 27 9 64 56 48 50 39 50 74 84 33 89 48 51 58 97 31 81 100 66 7 8 23 60 61 51 69 27 96 4 57 22 12 20 77 12 69 16 13 95 99 97 35 98 47 93 47 29 73 46 94 31 53 17 43 65 19 11 43 14 66 99 35 77 18 12 40 39 79 53 33 29 1 67 78 100 11 24 28 36 22 22 66 26 90 8 43 60 70 85 74 35 36 60 64 53 23 3 43 53 7 75 81 8 94 11 7 4 86 86 39 59 7 57 85 48 16 79 8 86 15 81 72 50 92 35 55 15 90 97 67 48 24 100 7 69 62 65 24 47 51 63 6 9 71 42 57 86 20 16 23 34 48 95 36 39 81 90 53 
22 38 72 22 13 23 28 81 84 93 5 82 95 19 87 3 89 28 11 26 99 26 1 33 73 47 20 64 27 9 68 1 46 39 22 59 13 49 91 96 93 95 78 39 65 16 94 5 96 4 83 94 82 83 78 6 29 97 69 7 5 37 7 3 27 28 13 40 29 55 35 73 2 64 12 66 80 5 23 75 60 5 68 93 39 98 99 67 94 67 73 51 3 32 5 30 11 69 21 39 23 55 64 24 71 75 42 50 31 16 76 90 20 95 83 58 92 33 76 86 99 100 88 54 31 92 35 42 60 55 32 34 61 95 10 83 21 51 32 51 18 59 93 37 54 27 46 45 59 73 82 9 72 69 62 3 12 48 96 71 54 27 57 67 74 66 49 
94 68 33 45 85 91 37 73 44 15 18 41 73 90 74 81 13 43 95 15 54 94 10 77 48 89 33 14 62 98 14 55 17 46 51 1 37 39 73 32 53 42 24 77 83 98 58 95 92 4 62 45 97 23 73 96 11 57 61 24 6 75 31 22 20 81 22 8 20 46 92 24 87 67 1 21 64 10 68 55 13 29 52 61 51 76 57 14 33 17 37 90 91 67 12 63 100 85 22 71 31 65 94 69 32 46 42 47 55 9 54 19 89 5 80 39 32 36 4 64 4 93 6 47 59 17 61 10 1 34 80 83 99 26 4 82 71 97 28 78 5 81 96 93 37 27 83 69 62 87 84 18 79 89 64 89 57 24 51 10 9 30 44 7 55 47 88 
78 43 68 55 99 48 2 43 37 29 26 5 42 64 40 59 94 29 74 34 85 49 84 46 58 14 90 16 20 36 56 49 31 23 55 81 22 57 24 58 37 49 62 30 64 2 89 57 82 14 90 18 15 74 64 24 39 53 39 10 40 94 59 22 68 13 3 90 21 26 47 9 26 61 39 89 14 79 45 47 92 86 64 58 59 79 81 49 31 20 59 23 65 69 44 33 33 98 74 54 23 20 14 100 32 52 88 45 30 84 43 74 22 7 31 32 37 12 81 20 83 39 42 99 59 37 31 91 35 4 44 9 76 10 9 7 61 48 4 43 84 98 16 5 4 98 36 93 61 68 12 43 58 5 42 16 41 24 7 27 80 2 36 55 11 96 13 
72 95 68 14 78 66 81 34 21 78 22 13 39 89 24 33 47 28 26 62 21 2 20 47 81 22 82 35 84 29 99 7 24 67 72 1 32 52 35 52 82 56 65 20 96 40 4 42 68 82 56 40 83 75 86 63 48 20 49 32 48 47 38 71 13 10 24 96 13 10 48 94 17 64 65 12 3 21 6 22 2 13 61 84 87 47 98 87 18 46 70 65 44 59 88 9 20 11 4 33 72 3 78 88 66 95 51 69 15 56 42 16 68 3 51 7 1 100 45 18 97 14 34 40 72 21 48 44 31 4 28 2 6 5 41 72 99 92 92 13 47 33 80 67 87 82 25 87 81 69 56 77 34 90 69 57 10 16 100 93 71 27 46 77 32 87 100 
82 78 43 95 76 75 26 42 14 8 18 100 88 86 8 17 19 97 85 76 58 52 75 50 23 54 96 51 85 82 2 18 11 44 64 86 70 90 80 83 49 97 35 88 35 42 4 53 38 88 80 95 92 7 97 14 60 92 16 96 25 17 13 35 12 77 72 81 18 3 64 66 100 98 53 86 91 9 90 80 48 70 26 39 28 22 4 87 13 19 34 89 87 46 75 98 74 47 31 43 49 94 60 100 43 13 85 33 73 75 64 20 96 89 59 23 11 14 61 75 85 94 64 71 91 38 21 17 36 3 11 85 96 71 36 90 35 73 74 7 99 37 26 94 25 36 68 87 2 80 62 86 73 77 8 15 14 28 83 2 30 94 38 77 64 73 18 
98 45 91 4 43 79 81 88 56 69 7 42 70 86 3 7 10 79 14 77 45 94 59 46 23 4 83 52 67 7 21 16 4 64 71 98 42 4 38 97 72 44 39 93 82 93 99 43 24 12 19 68 5 30 65 80 33 99 83 52 57 3 19 60 66 90 58 60 93 95 8 16 90 98 8 71 91 58 14 14 21 84 33 78 65 49 9 50 99 91 1 55 45 19 15 63 60 24 74 52 70 81 19 59 79 78 30 21 35 95 86 56 30 70 85 95 18 93 44 68 35 96 22 79 66 88 93 26 11 66 29 80 99 48 91 77 25 72 49 12 66 34 19 47 3 3 41 72 95 36 39 29 31 12 59 97 100 4 74 62 69 2 94 19 1 84 47 
26 55 95 37 20 28 7 66 82 9 59 53 3 94 43 83 77 55 93 73 54 96 98 67 17 99 60 35 52 43 82 77 97 28 65 68 8 71 86 89 31 44 94 85 89 36 67 65 42 11 89 47 59 86 14 75 37 73 61 88 16 94 16 12 22 32 80 29 2 65 69 32 60 14 68 48 2 34 13 43 96 1 90 54 87 55 80 75 27 41 62 94 86 77 6 59 8 37 39 61 53 8 44 64 21 11 11 74 96 75 17 91 28 58 97 66 12 76 40 90 68 1 84 54 29 41 12 88 29 51 48 33 10 43 96 82 53 58 56 100 33 72 90 60 81 38 77 92 14 16 33 81 68 16 34 96 56 98 83 84 48 82 16 57 24 63 38 
28 21 93 27 5 16 68 16 96 6 92 39 71 7 72 51 74 39 37 21 95 34 55 30 33 36 98 89 11 12 78 38 32 23 64 36 38 31 51 86 88 42 76 58 100 47 9 25 86 97 97 32 82 51 13 14 38 62 54 48 74 31 37 5 53 100 93 43 83 95 80 70 89 55 80 88 2 40 65 39 36 61 22 17 64 86 30 1 48 83 1 21 65 37 77 70 89 21 12 71 16 91 92 4 45 23 43 98 62 7 88 49 68 9 65 83 47 46 83 94 80 83 66 45 72 42 14 60 63 77 82 30 19 25 33 63 48 27 13 61 34 100 10 53 61 26 35 7 72 69 52 51 4 17 47 75 10 12 86 24 88 67 53 6 43 37 21 
42 64 33 3 49 84 64 1 96 89 87 54 60 7 5 63 10 73 9 84 83 21 21 6 60 87 59 66 82 47 38 23 10 22 77 58 5 40 10 53 29 48 58 40 55 15 2 16 87 63 100 69 35 20 27 94 59 85 11 92 31 48 14 93 69 43 2 26 82 64 30 62 11 87 2 17 1 55 33 88 17 84 8 3 55 34 97 65 70 7 56 53 55 22 45 75 64 46 100 97 61 29 11 72 16 64 40 68 18 72 55 87 7 15 89 62 48 85 26 18 44 34 70 50 55 66 24 70 63 24 66 24 52 76 47 19 91 86 87 9 10 93 47 68 7 35 29 7 72 7 76 67 40 97 16 46 62 39 15 76 62 32 51 66 8 97 36 
98 35 74 58 96 67 4 63 25 91 44 83 14 50 58 80 41 54 95 86 67 85 100 43 47 31 45 64 90 42 51 40 28 25 49 23 43 5 37 19 47 80 2 60 81 11 91 21 17 37 58 83 21 9 77 19 92 22 34 81 15 85 72 42 9 73 16 3 77 52 21 23 84 22 34 64 33 24 37 49 12 94 83 32 3 12 3 94 85 36 26 99 20 50 40 80 22 7 82 98 58 55 72 41 76 5 57 60 80 93 60 91 86 95 22 40 6 76 33 90 12 11 40 83 60 31 63 33 37 96 30 46 50 53 87 78 9 43 89 88 35 1 78 72 47 51 12 52 27 96 93 90 6 84 72 17 14 86 49 50 34 30 95 83 82 33 12 
90 27 53 29 13 53 58 37 99 9 48 2 87 95 46 76 53 81 99 69 94 85 70 95 70 99 41 4 33 26 16 74 52 20 55 17 24 12 53 74 20 52 75 58 46 72 85 98 52 84 19 97 20 88 91 89 38 83 92 22 8 59 48 12 78 2 28 1 13 32 74 85 35 100 94 32 23 79 30 26 14 100 22 33 39 64 73 28 47 64 2 6 23 49 17 52 2 96 53 14 79 78 50 13 78 44 45 100 22 26 78 35 77 99 19 15 15 91 94 13 6 95 18 80 43 87 32 44 34 36 10 13 13 11 77 42 54 21 94 27 98 71 13 74 21 31 40 35 73 34 47 79 80 17 58 23 3 89 18 36 24 79 100 89 90 77 30 
95 49 23 22 99 93 86 72 14 17 64 100 89 49 99 19 28 15 77 2 69 17 20 56 93 50 8 81 91 84 10 86 84 85 59 82 29 44 6 42 12 69 94 53 17 92 71 96 58 47 98 26 64 69 33 56 18 40 88 61 23 97 46 59 33 56 40 62 99 97 55 63 17 48 15 33 91 85 81 48 84 78 25 99 46 58 6 63 97 93 23 72 41 20 82 74 27 73 35 26 70 89 40 86 89 54 71 79 90 51 79 73 28 3 23 73 60 28 87 9 72 62 32 13 33 13 38 60 85 24 37 54 64 76 92 52 81 62 31 70 64 61 95 91 63 69 15 75 97 53 83 20 66 14 84 99 78 21 10 62 44 46 68 8 73 59 11 
53 20 41 74 35 53 20 25 16 89 91 90 37 95 24 56 61 89 40 11 66 60 20 79 56 17 46 15 41 4 25 45 75 18 18 9 70 90 85 85 78 75 26 14 22 1 21 82 89 60 92 6 72 63 85 79 31 82 93 71 86 69 15 60 86 84 21 56 25 5 92 2 32 70 67 53 70 40 86 11 99 29 16 22 43 52 52 73 34 44 95 71 65 61 82 50 44 2 57 69 59 1 22 90 70 41 94 39 80 79 1 30 59 17 4 1 20 55 73 5 51 67 75 15 27 9 64 22 10 73 42 20 73 16 61 42 56 6 32 87 36 33 16 94 1 19 94 20 74 18 77 24 36 3 90 14 11 53 36 73 25 29 92 97 96 5 90 
51 10 22 89 46 6 5 39 6 75 85 77 100 2 53 75 38 56 64 51 18 17 38 90 93 67 34 42 62 38 83 65 99 4 5 44 61 9 83 66 36 67 43 35 20 47 10 57 2 25 60 72 41 97 13 86 15 46 79 77 35 61 93 86 17 97 29 77 58 63 43 45 81 37 79 1 83 40 9 37 65 68 8 57 65 20 94 79 18 72 7 4 85 51 89 1 100 18 77 9 32 71 53 13 7 83 65 42 23 73 78 39 41 85 47 57 4 41 35 73 64 94 77 48 96 65 48 95 34 77 3 66 99 7 78 58 90 42 99 64 66 76 2 58 12 100 14 67 40 1 40 56 94 68 3 41 32 3 36 66 31 90 83 29 97 60 38 
86 53 88 1 70 63 54 28 26 53 41 93 45 41 84 100 86 51 2 79 34 56 14 51 86 3 33 67 51 44 56 36 48 44 36 18 58 89 45 84 94 37 28 38 30 63 89 67 13 42 45 98 98 58 49 35 13 81 1 63 77 57 51 24 52 38 41 9 79 37 92 72 74 71 61 3 33 49 69 45 90 14 43 87 23 43 74 35 75 74 50 51 82 100 27 33 89 19 42 67 56 85 90 81 56 50 83 88 98 3 85 40 68 79 26 91 21 99 77 47 25 26 98 58 25 24 43 66 42 36 32 49 72 22 29 27 71 63 67 21 66 51 60 33 81 37 75 53 88 52 99 64 77 48 21 54 71 15 19 65 50 50 65 22 23 94 100 
46 56 66 66 73 68 77 6 100 13 80 52 52 31 51 15 60 98 88 13 21 2 31 37 4 32 1 25 55 94 76 100 2 94 17 74 13 45 31 13 9 63 16 61 45 18 27 4 68 14 16 88 16 98 76 71 30 28 95 36 74 22 87 75 15 55 100 28 99 31 92 7 93 7 19 37 25 46 93 92 11 8 31 26 58 58 48 39 85 94 26 58 16 12 32 30 18 84 9 16 14 100 74 58 59 45 46 35 90 38 26 100 98 8 78 55 65 25 45 49 19 70 7 86 81 90 67 98 73 76 65 38 27 90 95 37 34 93 71 75 30 96 27 79 55 4 33 19 80 77 20 50 46 26 35 78 67 2 27 40 29 43 29 55 33 24 44 
18 16 14 93 97 62 19 76 16 74 60 35 5 89 6 55 86 83 41 64 49 42 42 40 70 85 69 77 69 44 20 38 11 33 30 7 46 100 82 62 25 94 48 30 82 53 36 67 35 76 82 35 70 24 75 91 60 95 67 80 38 38 17 48 23 99 54 68 98 88 81 23 33 28 4 14 80 91 80 66 66 14 1 35 37 75 78 48 69 96 27 58 34 43 5 8 93 10 27 91 49 8 65 81 87 20 94 67 10 26 84 75 39 84 62 27 10 39 26 30 86 52 39 19 46 43 78 39 5 5 81 53 64 97 34 50 16 79 68 25 56 52 51 46 87 64 72 49 54 97 30 40 100 69 10 98 11 88 88 15 44 20 20 7 16 53 8 
31 83 76 7 39 79 9 84 65 73 8 65 78 56 95 17 8 63 27 5 25 66 44 92 61 63 11 67 78 15 26 60 97 1 66 35 31 74 71 48 98 78 12 76 33 6 92 40 20 70 96 45 87 39 36 47 1 98 65 30 12 91 89 8 43 54 95 74 80 65 21 77 42 32 4 26 90 48 66 9 17 61 5 4 52 92 2 4 89 67 34 100 9 22 60 51 28 54 76 59 18 96 87 59 80 91 36 21 38 1 81 6 14 86 61 17 29 63 20 18 29 53 69 37 27 28 39 54 81 15 12 98 62 98 8 93 40 44 13 77 96 46 83 61 83 43 77 11 5 49 28 85 1 49 73 27 76 12 32 9 78 43 6 39 93 66 32 
32 61 96 61 8 41 43 21 75 37 49 86 94 97 65 78 98 13 51 76 89 14 8 49 91 2 6 81 46 71 64 30 83 60 90 43 52 84 63 27 72 63 64 65 60 28 43 9 93 45 84 33 10 43 81 52 97 86 32 94 9 96 23 91 7 64 85 10 99 99 88 71 62 51 35 21 31 29 81 23 25 64 55 34 59 35 85 7 20 69 100 28 16 75 71 74 38 7 83 37 6 23 59 67 73 93 39 55 22 19 77 98 34 83 32 44 17 68 50 89 88 50 68 3 24 38 76 13 45 11 49 2 33 7 20 57 52 58 64 25 28 40 22 13 75 53 57 91 73 6 31 60 7 99 15 30 88 42 95 84 4 43 85 36 2 4 45 
5 13 8 29 92 99 50 5 73 55 61 16 79 18 46 90 25 44 4 6 84 98 100 67 1 95 52 37 48 7 33 52 72 92 32 63 90 81 67 15 87 79 30 65 49 75 55 73 71 10 30 54 7 30 72 8 76 23 96 23 82 80 26 53 71 57 15 12 37 34 26 76 64 55 40 12 82 46 36 4 8 66 9 14 47 80 73 22 55 20 96 36 99 21 40 21 77 6 33 65 39 10 40 55 65 32 66 98 77 54 53 84 19 13 50 17 92 74 38 98 94 33 85 44 5 24 65 81 30 49 45 20 58 37 26 74 68 92 23 96 97 27 32 15 39 33 31 31 6 20 80 51 4 65 95 8 88 11 40 69 11 36 41 68 72 66 94 
91 9 68 87 5 95 70 71 33 2 1 15 7 72 95 58 75 59 52 34 98 14 73 19 24 9 59 43 80 76 88 71 85 56 9 41 50 78 12 82 79 12 49 37 36 43 94 10 53 97 44 50 62 68 20 85 76 78 80 8 6 67 30 90 22 38 30 23 67 93 57 45 57 5 33 92 99 27 53 51 75 48 100 37 16 72 73 91 1 52 98 6 19 79 47 92 16 29 15 34 21 23 30 77 27 63 68 25 89 21 75 15 68 26 51 35 97 24 26 50 75 75 55 45 54 2 37 21 30 3 55 2 25 84 79 3 46 98 79 86 18 5 1 38 30 3 72 79 26 49 28 53 24 34 97 29 87 85 1 16 87 7 70 63 91 48 65 
88 45 43 26 15 47 78 52 29 80 75 59 58 24 38 62 99 71 10 79 58 95 79 25 33 86 94 96 28 93 12 67 38 55 92 52 53 69 55 81 1 81 91 58 4 28 19 54 51 28 32 8 74 63 84 7 100 30 2 79 22 65 45 59 19 37 62 24 57 68 56 57 49 47 66 4 26 84 58 76 64 41 35 37 55 19 43 54 48 96 84 21 13 29 32 31 17 93 6 73 13 62 82 13 8 47 16 33 31 25 61 46 18 95 82 72 13 77 78 12 24 13 33 36 41 64 19 57 8 24 82 72 37 63 84 44 9 52 29 91 76 89 88 45 83 22 69 48 50 98 11 73 10 43 61 51 58 31 59 66 6 40 89 43 54 73 38 
15 24 18 57 51 58 45 48 41 66 16 40 15 13 50 39 22 45 51 24 2 81 83 19 87 74 8 81 28 32 18 94 55 36 50 57 93 94 56 85 11 71 76 77 83 26 16 57 22 66 80 23 99 14 42 85 88 1 65 67 32 34 60 38 69 9 46 14 55 2 98 17 72 26 94 7 3 9 15 24 26 94 46 24 8 39 60 47 91 76 13 22 10 72 11 30 32 57 43 38 58 93 55 81 18 48 87 20 8 1 43 85 47 40 61 6 31 20 52 21 48 16 95 57 39 5 86 70 61 29 60 18 73 14 51 90 13 37 61 72 90 3 8 36 94 68 93 76 40 44 97 87 59 91 43 97 95 28 18 8 8 77 77 80 42 27 21 
54 16 81 77 5 35 85 92 29 52 84 56 91 79 52 29 89 94 71 37 41 51 54 48 10 83 76 90 24 3 10 30 18 43 6 74 77 42 65 57 94 100 13 36 78 16 65 18 10 87 54 2 37 59 1 99 41 76 88 17 78 49 46 47 43 3 20 20 45 36 28 90 35 92 77 64 8 93 81 69 80 34 70 68 93 70 66 33 97 5 1 75 6 46 73 48 1 93 19 97 80 47 38 15 38 14 78 97 7 59 65 38 92 86 5 84 7 23 69 4 27 21 30 32 67 2 32 19 46 50 67 26 48 4 92 86 17 69 34 75 27 51 12 71 36 69 6 95 91 26 98 69 47 27 53 65 80 84 83 78 33 49 55 81 4 46 18 
20 14 51 47 93 53 58 15 89 26 20 83 68 98 32 37 44 10 89 8 41 72 42 18 56 42 72 88 45 69 5 16 35 8 62 79 60 72 93 100 49 64 82 17 61 65 5 4 74 93 63 15 16 56 84 23 49 8 11 45 76 67 13 10 74 74 40 86 97 32 85 46 96 19 14 8 83 18 64 57 62 78 23 29 34 6 3 34 65 13 79 41 80 43 2 5 68 42 90 65 25 75 62 72 93 75 80 27 92 43 35 5 20 9 85 5 15 87 39 79 100 69 71 31 11 25 35 78 18 77 94 42 3 55 14 47 29 45 73 72 87 60 28 58 68 12 63 34 99 53 13 98 73 35 80 35 59 66 64 28 42 58 70 96 12 35 42 
93 79 67 64 17 26 92 26 93 55 40 27 53 92 91 2 16 77 81 50 88 99 66 15 92 23 36 88 86 70 29 78 100 47 94 68 72 37 94 17 91 33 43 44 77 85 45 44 61 78 46 48 76 11 63 67 33 50 6 18 20 35 48 71 33 41 91 5 77 84 21 67 68 15 10 44 99 7 40 11 36 85 59 63 95 73 29 79 22 35 96 93 21 43 16 53 83 6 9 11 89 81 78 8 95 39 4 45 97 43 8 32 27 66 94 21 90 75 99 63 61 46 8 33 41 23 37 75 80 46 86 68 26 63 27 73 1 30 69 98 72 76 81 98 93 75 70 34 1 20 97 61 18 56 93 58 78 29 32 57 26 17 76 4 31 2 76 
84 84 96 33 55 24 13 5 16 39 26 50 39 46 98 51 15 53 43 72 82 24 55 38 49 72 65 52 54 18 79 37 1 75 69 56 50 34 12 65 72 37 66 63 34 15 13 48 19 8 71 100 31 26 89 31 49 53 83 2 23 13 39 23 39 59 30 88 92 93 5 64 30 70 78 15 37 90 63 55 49 85 55 79 10 43 62 58 48 44 60 22 56 50 44 47 8 26 34 52 18 38 67 99 60 44 14 96 85 28 50 34 12 56 64 22 51 25 31 50 20 42 71 28 91 66 74 51 43 59 2 61 97 68 11 8 63 24 3 47 3 4 32 15 12 48 88 62 72 70 11 92 12 33 71 54 98 44 56 41 2 57 53 50 76 63 57 
90 39 11 89 93 67 20 59 78 67 98 91 91 68 53 34 31 85 4 84 34 99 40 26 52 48 30 2 76 45 10 65 83 73 53 27 39 25 86 16 43 83 58 33 50 10 66 80 94 69 16 79 67 7 5 71 6 34 72 81 78 33 98 12 5 2 39 43 78 24 10 21 58 67 53 60 76 19 91 21 39 6 100 58 64 56 28 70 89 51 2 19 83 99 82 88 53 20 82 30 95 44 2 53 10 55 64 38 25 54 10 15 12 61 72 75 16 51 44 57 1 46 27 36 96 8 75 100 28 56 82 74 99 83 78 61 37 41 50 13 95 59 28 58 20 51 32 87 2 76 95 54 73 21 41 20 29 15 20 8 23 1 33 73 35 11 85 
72 3 34 36 49 45 15 6 16 66 38 2 19 65 49 24 89 69 65 8 49 31 79 56 5 79 41 30 14 51 14 37 5 100 24 54 44 39 59 59 4 48 12 74 64 60 97 52 81 13 60 29 96 90 37 100 69 77 29 34 79 95 22 83 94 97 88 89 35 99 47 90 46 10 15 10 22 12 13 54 76 24 82 71 14 18 71 34 46 51 19 24 45 92 59 90 88 46 78 75 44 76 16 42 38 31 3 59 94 15 12 69 39 45 40 52 15 62 85 60 64 3 36 61 94 94 50 33 91 28 7 87 55 23 28 92 5 30 2 98 96 65 18 34 10 57 37 76 70 21 35 86 75 22 46 20 67 95 53 58 74 11 96 81 85 23 72 
89 4 26 38 99 90 56 85 51 64 21 26 34 42 13 19 68 34 16 88 1 10 92 10 36 2 5 16 87 79 39 27 34 64 65 32 54 20 16 4 83 37 82 68 30 94 38 97 27 53 36 79 15 27 40 2 81 96 69 19 26 59 45 59 23 9 91 28 80 58 83 15 94 64 34 75 57 24 72 36 76 59 14 42 86 6 95 66 1 63 36 27 22 80 85 96 41 27 75 20 85 57 86 30 73 20 5 81 43 28 16 70 86 82 64 71 87 58 88 39 73 75 17 46 55 2 93 95 80 67 66 64 75 4 46 47 75 50 28 17 77 43 38 14 76 53 37 62 63 76 53 35 51 69 32 5 22 24 51 2 42 68 17 16 71 62 63 
97 63 42 65 91 84 3 5 12 55 41 25 17 16 77 3 66 46 86 22 67 9 24 20 2 92 89 18 14 2 80 11 65 21 75 7 56 29 11 19 36 3 44 52 19 20 7 36 17 92 58 84 53 81 55 54 24 95 23 90 97 54 100 13 26 26 19 82 7 82 100 42 84 43 93 54 15 51 42 31 95 99 66 47 31 21 52 7 15 75 96 63 28 47 75 54 24 46 87 30 27 38 71 62 33 16 16 47 66 57 29 60 7 95 58 89 67 62 47 33 88 42 96 67 40 22 20 64 67 58 93 93 48 16 7 80 31 22 78 48 30 6 60 36 52 69 76 18 30 23 51 17 16 98 84 56 19 55 71 38 65 15 82 12 30 88 43 
12 9 72 60 90 77 71 77 29 39 53 98 21 27 100 89 42 97 24 49 68 79 19 5 95 86 38 58 15 26 52 79 86 23 90 76 51 60 52 31 50 56 29 70 82 28 59 76 77 82 76 96 12 95 100 58 32 37 15 46 14 66 76 100 40 65 27 91 76 30 21 26 86 1 47 19 81 57 46 57 91 22 52 2 68 3 12 99 91 78 96 5 96 72 56 35 88 82 25 64 11 98 89 48 98 87 67 78 44 64 86 34 85 37 87 4 91 98 2 82 76 50 38 71 73 93 57 60 26 82 23 36 31 63 36 28 2 54 58 45 17 43 78 54 80 16 57 22 66 11 3 93 60 40 15 32 84 71 43 9 4 18 97 34 32 32 62 
33 85 19 77 53 13 6 6 44 22 63 66 87 73 68 31 84 60 45 67 95 15 61 4 19 78 52 52 10 35 65 42 19 35 71 71 48 76 29 91 49 91 56 87 15 76 17 50 87 61 68 81 76 28 36 46 6 87 49 15 21 14 8 91 48 78 14 95 54 42 86 54 84 93 41 50 68 57 99 54 70 66 87 97 93 22 42 50 61 90 16 81 55 24 24 3 1 37 49 6 78 86 12 13 79 52 62 98 60 60 4 29 77 90 77 21 11 18 71 71 60 86 4 14 9 27 68 62 63 17 19 92 2 30 4 80 33 65 30 93 76 33 73 52 22 50 24 32 19 94 55 78 32 58 44 92 36 11 53 98 27 24 41 81 53 44 12 
86 60 41 30 35 73 2 38 94 51 61 78 22 7 84 99 38 93 94 29 28 5 34 25 83 9 17 63 13 60 75 50 71 67 79 57 40 33 94 85 35 6 14 56 64 97 7 53 89 100 34 16 56 19 92 91 27 8 53 39 19 79 89 89 46 67 45 37 99 90 21 34 48 35 41 63 83 47 16 24 47 49 39 54 67 83 44 93 42 49 83 61 27 71 1 24 38 98 60 88 39 33 73 38 19 14 1 1 12 16 24 10 16 15 64 34 49 7 78 90 55 60 2 34 31 55 57 20 4 69 59 42 1 32 32 71 97 32 23 8 99 99 70 66 13 33 99 13 39 28 2 46 87 56 79 69 62 87 88 65 55 47 58 7 30 89 29 
78 72 52 37 70 50 6 87 14 38 85 26 29 12 79 74 51 34 4 19 95 90 7 11 97 5 69 55 86 57 84 63 29 87 51 50 36 57 37 49 46 73 26 26 37 4 51 87 90 54 5 84 96 63 95 92 67 15 98 4 71 33 66 51 19 69 1 54 25 89 54 22 61 79 48 97 83 98 83 72 52 40 7 99 2 53 42 21 67 39 24 38 72 42 40 90 62 92 44 86 80 97 59 41 76 6 89 10 56 72 81 7 63 87 57 64 40 98 36 6 36 12 95 59 5 87 49 66 78 44 3 58 92 61 50 19 67 38 28 22 61 8 80 23 47 36 39 38 85 74 95 20 37 90 79 41 76 79 6 5 22 8 62 13 69 63 32 
87 1 59 60 13 19 91 36 17 78 26 54 62 99 48 33 36 89 63 76 16 41 34 21 62 93 34 27 61 49 10 99 1 20 10 13 38 100 100 6 29 25 59 90 76 59 75 63 99 37 38 67 78 23 39 91 16 72 69 28 72 78 79 72 98 88 37 87 40 36 45 68 13 55 58 88 13 84 50 64 20 39 30 49 14 68 92 29 91 60 8 63 90 86 86 39 74 22 77 13 10 21 32 22 76 41 61 40 24 10 3 44 100 32 44 13 51 35 93 42 95 1 56 36 86 41 74 11 63 50 75 72 23 7 93 98 47 53 37 23 14 92 18 65 75 61 78 26 96 70 19 42 22 74 77 8 14 2 70 76 51 97 99 73 3 91 22 
1 95 11 23 60 2 40 25 76 53 54 53 48 75 71 89 97 44 17 56 58 18 77 85 20 73 84 45 75 26 66 28 21 76 2 32 29 94 8 5 46 61 57 45 36 28 85 84 23 1 39 80 70 15 65 89 88 48 85 14 73 51 93 45 78 95 29 7 40 36 63 85 49 71 81 84 98 65 19 73 65 9 52 86 23 68 74 62 15 59 28 40 61 20 36 90 66 64 96 5 100 58 41 48 81 73 83 78 37 1 2 53 9 54 38 83 21 12 97 88 22 24 27 34 95 62 23 13 78 19 69 77 28 10 76 8 82 58 38 71 10 39 23 70 44 61 52 17 24 100 4 45 23 82 30 70 95 52 82 72 22 50 48 2 11 23 9 
45 32 98 15 41 89 37 62 84 49 14 100 72 65 3 68 40 36 97 9 31 49 42 2 22 91 2 23 54 76 84 98 8 33 64 100 21 52 14 5 1 27 56 72 43 59 40 82 46 88 90 76 88 31 30 10 74 31 32 27 6 15 76 65 48 39 17 20 90 30 76 90 8 32 14 50 42 5 32 87 92 73 15 80 4 44 41 29 74 72 55 31 39 30 48 38 20 16 57 9 45 33 51 4 16 64 53 57 68 36 95 11 9 9 42 64 4 82 92 29 54 98 60 44 27 59 81 46 74 37 6 70 21 56 73 88 19 77 44 38 13 91 1 73 51 42 88 55 24 79 83 29 76 94 72 54 4 4 51 77 40 8 46 13 64 70 100 
34 47 96 72 11 38 72 35 88 65 22 94 40 100 29 68 27 74 91 32 78 94 34 6 86 41 52 50 4 21 1 90 19 96 13 29 33 36 63 73 100 84 66 40 35 46 59 13 20 50 44 97 95 77 2 32 70 5 81 73 78 82 62 96 29 26 77 14 61 91 86 61 27 3 100 13 49 58 26 20 59 21 16 6 50 69 37 19 26 18 43 3 51 57 50 79 82 78 92 43 21 29 55 47 32 54 59 32 63 36 51 74 9 66 79 58 86 15 28 63 84 70 17 34 78 19 65 60 96 56 54 16 37 8 14 68 13 25 99 75 12 49 100 20 66 78 29 3 45 56 66 28 78 82 14 55 100 78 66 48 85 19 15 21 26 81 40 
38 5 38 65 16 38 64 88 55 94 16 58 38 72 23 17 49 56 30 55 8 59 21 7 96 39 73 68 65 53 8 54 9 97 18 25 87 34 64 41 27 79 98 64 2 72 80 50 80 62 57 39 72 77 45 67 15 17 35 31 22 94 85 30 42 54 6 80 87 69 21 65 48 70 28 49 42 60 51 73 73 7 11 44 35 55 11 49 23 97 32 44 42 68 26 35 73 31 15 60 100 35 24 99 56 4 99 49 15 1 21 87 59 31 30 93 37 92 94 12 88 25 7 81 92 32 16 64 63 30 75 14 16 51 64 23 54 62 72 20 15 92 6 73 75 35 66 11 27 59 74 66 35 81 47 78 12 14 93 26 95 68 39 62 70 54 84 
