567 12 3
6 40 30 66 38 41 47 12 11 8 3 37 
34 54 82 47 90 98 51 20 17 3 49 31 
67 1 82 94 19 45 33 24 37 14 89 26 
54 87 90 16 46 92 4 31 97 86 77 86 
83 79 5 52 82 5 82 100 5 15 93 75 
12 25 98 48 90 38 73 95 24 62 11 69 
5 66 51 1 51 27 86 86 6 43 37 39 
47 18 38 4 85 30 78 96 7 28 95 96 
17 19 43 93 33 5 13 37 70 64 38 73 
90 23 58 47 17 94 85 16 63 74 71 47 
56 100 94 14 27 40 61 96 59 3 88 91 
7 100 27 77 63 16 49 5 91 6 51 7 
51 88 22 65 13 92 64 68 44 57 81 22 
97 94 17 7 96 4 97 3 56 75 31 70 
91 79 74 81 36 25 87 38 64 61 2 76 
4 65 96 47 74 28 69 70 21 37 28 17 
93 24 71 48 50 1 17 40 79 43 20 66 
19 59 3 82 71 4 9 26 21 4 73 94 
32 93 15 52 29 42 20 73 17 90 20 66 
90 89 6 20 31 77 85 49 87 39 82 57 
43 90 35 15 46 7 60 77 51 74 80 31 
67 52 4 83 41 75 100 83 63 57 2 45 
34 39 93 72 77 74 81 19 16 15 85 61 
73 44 89 23 69 20 5 35 71 60 69 64 
35 69 46 49 25 47 94 10 37 38 34 14 
64 14 84 79 28 69 91 100 12 79 74 81 
98 30 67 69 90 36 32 76 56 29 24 32 
27 17 94 64 7 27 77 70 40 60 48 19 
28 38 70 92 16 43 24 65 24 90 33 13 
77 16 40 84 96 64 68 23 32 61 86 38 
87 62 7 78 73 6 96 1 43 65 44 10 
59 67 27 82 8 11 47 37 27 86 20 22 
1 87 96 85 99 81 74 37 94 81 66 67 
38 61 19 33 77 62 42 87 80 68 21 87 
79 19 75 57 56 95 30 57 33 26 93 84 
58 66 20 52 98 86 18 36 98 36 68 27 
49 61 65 28 29 85 66 59 3 41 67 11 
87 48 19 19 25 11 54 83 76 74 34 74 
11 3 9 60 90 76 86 38 36 3 65 16 
87 30 26 42 22 44 52 8 44 70 79 68 
32 32 50 7 57 35 32 19 89 40 79 78 
67 16 67 55 18 83 22 57 65 100 98 86 
95 1 94 38 22 72 6 53 55 7 11 12 
42 43 30 30 34 60 60 53 76 78 7 45 
61 80 1 77 31 50 62 26 50 7 63 23 
30 68 27 85 75 38 48 68 80 29 49 65 
89 8 17 16 38 75 60 98 7 13 26 37 
62 87 62 64 46 25 86 75 92 13 11 18 
50 58 85 81 39 34 97 27 93 14 94 30 
40 53 79 46 17 4 83 79 43 44 42 88 
68 79 14 12 91 25 81 92 34 66 24 72 
51 21 98 43 86 43 25 25 48 3 71 64 
59 53 42 1 48 83 88 68 62 53 79 4 
77 59 48 11 76 71 82 26 43 32 21 28 
74 45 53 21 99 75 85 57 27 26 9 26 
61 48 93 74 1 71 77 77 82 24 39 9 
47 21 87 89 52 59 17 77 55 21 98 53 
95 82 62 73 59 70 98 71 70 91 44 70 
13 73 98 46 48 37 7 94 57 93 83 60 
3 51 88 57 23 85 61 17 18 22 41 29 
44 90 99 13 80 95 34 45 67 31 42 14 
67 48 8 75 92 42 86 94 44 74 50 66 
58 11 34 28 84 26 56 79 15 6 91 47 
100 24 91 66 55 32 32 73 32 39 48 23 
32 33 69 75 6 18 92 16 80 25 43 64 
2 50 94 16 7 85 62 7 60 4 24 66 
88 55 39 19 45 38 93 76 70 61 2 28 
31 93 43 10 69 37 25 70 38 19 38 44 
55 99 2 66 3 26 32 42 80 22 60 25 
59 4 52 28 65 54 55 95 98 49 56 19 
37 33 40 74 51 77 70 57 76 71 22 30 
96 5 23 28 26 82 52 36 37 55 16 1 
8 22 47 58 71 55 76 7 87 15 33 89 
92 2 45 19 72 18 100 68 23 22 95 100 
55 98 36 91 52 3 44 12 24 42 21 46 
96 96 53 82 62 37 70 53 38 14 23 61 
84 22 28 6 95 74 57 1 23 44 92 27 
46 87 90 70 28 10 15 76 5 19 57 66 
55 27 71 44 92 45 5 75 19 84 32 13 
10 89 14 32 84 57 10 30 95 99 99 74 
8 65 49 64 84 6 82 90 84 4 34 27 
48 38 54 66 21 37 79 82 77 44 66 61 
52 75 90 46 74 88 19 33 4 20 49 87 
25 30 77 60 33 10 38 80 99 91 46 71 
28 76 53 4 71 18 64 22 44 5 19 17 
44 89 2 48 8 50 34 84 31 62 43 63 
23 81 94 21 23 91 44 2 66 48 6 36 
17 21 9 60 26 27 29 69 16 30 68 23 
31 2 59 61 15 1 75 38 33 68 10 56 
59 5 9 76 52 66 64 68 87 72 80 64 
51 8 84 66 89 52 40 71 5 50 31 19 
51 5 8 35 72 18 42 82 22 51 58 26 
16 21 93 54 44 24 69 94 83 53 11 71 
56 3 41 12 52 23 82 54 27 90 89 51 
7 30 32 80 32 41 5 48 13 50 1 57 
73 22 50 56 26 13 78 81 15 71 44 66 
93 25 20 72 14 60 22 20 89 5 100 21 
98 56 20 10 5 72 66 78 93 68 33 18 
80 62 50 46 32 93 11 25 18 82 96 31 
41 69 3 82 25 54 54 22 9 25 32 66 
96 49 43 89 68 27 58 47 88 8 92 20 
100 55 44 69 88 91 52 81 59 6 14 35 
59 19 57 19 43 40 84 38 88 78 78 8 
4 36 54 44 95 98 63 46 4 58 15 43 
100 66 23 10 71 88 44 81 6 100 51 48 
91 87 38 31 64 67 38 20 54 43 63 48 
92 77 94 47 34 60 90 85 25 64 94 47 
52 37 79 9 89 29 57 31 15 46 61 31 
12 98 50 66 93 12 65 84 40 58 31 25 
17 72 9 93 35 2 91 38 90 69 47 30 
98 55 61 64 52 21 94 63 71 43 80 63 
6 45 98 45 54 80 69 23 51 29 15 38 
30 58 75 72 26 73 1 23 79 61 87 30 
34 32 45 4 75 24 18 32 20 67 29 26 
47 49 48 49 78 14 86 7 71 13 30 97 
37 31 71 16 91 9 45 24 41 41 79 67 
65 48 50 36 15 78 61 61 27 60 61 4 
26 47 62 48 11 92 96 47 74 67 14 64 
27 59 40 19 99 70 85 15 18 87 3 32 
64 15 44 42 75 4 45 52 2 59 99 12 
2 95 59 75 13 72 90 39 82 29 58 33 
99 94 99 68 80 1 99 96 68 42 37 94 
97 34 45 99 92 43 10 93 89 20 19 1 
44 8 40 77 37 49 9 87 94 60 54 26 
12 4 21 79 97 9 72 93 42 16 91 85 
11 1 29 99 72 47 52 15 55 43 92 43 
91 52 81 84 63 86 61 75 41 81 53 37 
42 25 29 35 92 72 72 2 24 100 53 95 
99 56 62 5 98 53 99 88 56 79 23 19 
16 36 45 56 16 97 92 57 73 72 44 17 
43 15 18 18 14 22 13 64 77 74 20 74 
78 18 13 85 48 88 3 63 23 99 18 90 
96 61 99 20 85 42 36 79 56 6 97 21 
79 9 37 8 34 56 33 11 74 98 95 21 
85 50 36 59 100 53 100 47 66 50 67 50 
91 54 28 98 59 24 71 90 84 59 97 17 
14 29 79 39 26 26 60 62 27 95 72 26 
99 72 73 16 73 91 65 16 44 45 13 55 
68 35 44 4 93 92 72 7 20 51 97 46 
28 56 59 54 2 31 31 53 54 3 68 26 
45 85 41 89 29 6 95 48 40 90 51 85 
81 23 43 100 25 39 97 52 47 8 57 100 
38 87 52 91 42 72 68 86 56 9 26 84 
66 72 31 57 61 82 41 41 56 35 93 80 
74 41 83 72 48 39 71 37 77 75 79 18 
46 47 56 53 7 81 36 72 5 18 28 65 
51 21 58 6 55 2 37 80 94 19 51 42 
9 74 30 86 100 9 3 45 7 10 97 13 
43 84 84 47 1 63 11 52 83 20 9 38 
73 98 69 67 16 72 60 77 45 89 62 44 
49 16 40 55 26 88 67 68 71 2 66 23 
17 28 26 99 48 87 88 20 84 57 38 51 
80 97 27 24 86 88 19 34 56 10 41 33 
97 59 52 19 13 17 93 29 44 19 27 43 
5 67 15 88 75 52 38 54 49 17 29 86 
56 99 71 11 8 11 95 4 70 46 74 82 
14 66 62 10 36 40 52 40 6 18 79 32 
22 69 85 70 85 65 7 40 63 77 3 70 
40 97 25 61 43 98 94 56 64 55 65 99 
94 69 91 52 38 69 83 59 89 20 80 73 
84 86 65 47 15 67 16 54 63 41 66 57 
90 59 65 5 65 81 56 10 49 46 61 39 
66 44 97 55 15 77 79 98 14 43 44 28 
61 12 33 24 4 98 32 93 8 96 98 24 
77 53 34 77 50 94 15 15 89 12 21 3 
40 100 53 53 94 96 81 55 59 65 30 62 
15 61 55 22 57 4 46 85 8 31 61 57 
24 28 23 65 91 44 19 30 95 71 34 40 
19 66 94 29 31 75 91 45 36 97 18 44 
52 15 80 59 45 92 15 21 19 37 37 9 
32 7 90 78 30 24 18 48 89 63 76 71 
38 18 67 25 14 85 68 65 51 47 75 48 
38 89 20 9 78 56 69 9 62 11 87 91 
34 56 90 74 18 18 97 55 87 63 31 53 
99 98 69 50 96 44 97 86 84 16 46 61 
23 14 22 36 24 60 79 9 15 20 35 32 
37 31 39 76 93 69 28 92 19 96 93 66 
39 41 3 23 56 48 35 30 14 56 65 89 
67 43 98 81 63 84 65 51 14 55 26 58 
23 53 1 93 1 93 11 91 33 13 65 40 
13 100 69 26 7 34 66 74 76 15 6 90 
98 70 41 11 76 18 21 99 23 21 43 23 
66 53 65 50 18 30 90 82 81 10 7 87 
43 24 12 71 39 18 12 36 39 52 99 15 
70 19 65 92 91 59 66 56 12 30 58 81 
59 99 62 39 8 20 78 3 43 89 25 81 
58 36 69 97 88 67 63 9 37 27 52 27 
85 17 35 48 98 92 80 9 90 41 47 49 
12 76 51 7 17 75 39 74 11 7 22 50 
25 84 10 61 62 61 88 47 29 74 46 26 
17 26 34 58 18 33 6 82 60 57 88 76 
83 78 50 93 85 23 94 61 7 3 22 68 
15 61 66 43 34 64 21 2 89 6 59 58 
38 64 91 50 72 30 25 55 8 26 99 44 
49 93 4 55 47 25 74 62 37 40 56 22 
3 76 23 43 34 81 52 23 45 95 72 68 
24 97 22 83 22 21 26 22 65 82 76 63 
58 2 24 95 93 32 16 95 59 39 89 92 
19 92 15 15 86 38 83 62 34 56 44 8 
28 70 81 92 3 9 7 60 10 30 54 2 
13 70 48 72 8 88 63 78 79 29 45 17 
67 27 78 52 34 73 11 62 94 92 5 96 
100 11 56 9 93 9 10 5 30 9 76 89 
96 91 67 26 19 63 42 37 89 71 89 74 
44 51 35 37 42 40 85 41 2 40 1 94 
100 62 99 82 70 26 70 65 16 88 43 87 
50 84 75 90 7 15 64 50 66 98 38 7 
89 74 100 91 65 52 84 65 14 34 46 35 
60 67 52 75 55 94 13 4 29 88 46 35 
2 9 36 67 58 26 26 47 99 77 89 64 
28 72 80 93 6 25 28 17 91 79 91 97 
24 56 53 52 43 98 87 44 6 22 63 63 
99 40 61 98 16 49 13 95 21 92 88 78 
68 67 94 10 97 36 7 20 91 59 71 33 
56 9 29 13 83 43 75 81 82 36 30 97 
36 42 43 56 33 30 85 100 48 30 62 44 
66 68 63 8 78 86 41 33 46 21 97 28 
63 23 61 44 10 42 92 46 84 34 53 68 
16 38 20 63 19 81 7 84 100 21 92 77 
58 84 61 4 56 57 83 18 79 95 13 89 
37 56 34 20 41 86 39 8 75 58 23 94 
90 81 29 89 1 72 65 11 7 25 14 62 
33 96 31 12 91 95 52 79 2 85 98 95 
22 36 2 49 46 24 42 35 56 22 24 57 
46 40 67 52 65 32 66 97 79 48 60 21 
43 11 99 96 47 96 90 69 84 92 17 81 
67 10 15 23 83 90 31 28 30 49 80 46 
80 97 94 10 44 54 31 86 16 29 34 63 
77 23 31 12 66 99 92 85 60 58 7 42 
48 89 70 29 89 1 26 20 97 19 29 40 
24 59 78 40 40 11 2 16 85 84 27 51 
34 18 35 93 27 93 86 26 33 55 6 21 
7 31 40 3 2 68 95 25 79 72 16 18 
34 69 33 18 52 11 68 37 80 54 81 6 
46 67 32 78 73 37 98 80 20 89 34 21 
57 28 45 87 99 13 4 84 81 36 2 85 
98 21 21 77 75 2 82 72 20 65 50 92 
54 99 23 73 40 57 93 48 84 89 34 35 
1 37 18 34 24 71 18 21 92 90 97 66 
43 78 37 62 95 38 6 48 89 28 20 28 
84 64 75 20 4 60 6 57 96 75 90 19 
46 7 39 37 48 87 2 91 64 90 4 10 
80 9 57 20 89 28 99 24 43 25 43 47 
84 100 55 79 75 44 49 20 2 87 56 49 
73 9 91 88 50 95 50 29 55 6 48 43 
86 46 67 80 70 61 78 53 13 32 83 87 
75 31 6 28 17 13 29 41 21 19 81 70 
65 30 51 20 87 98 14 24 96 32 4 17 
45 81 70 57 13 4 43 39 35 100 19 3 
12 47 96 84 65 76 5 82 57 55 53 43 
53 66 67 100 50 22 16 46 2 37 2 66 
41 96 57 75 47 75 77 58 21 24 93 37 
99 97 18 55 52 70 50 56 88 68 55 89 
89 22 34 42 59 87 8 99 82 16 25 28 
90 53 37 62 77 29 50 27 77 68 82 28 
89 83 35 28 50 41 16 38 63 1 31 73 
87 90 23 68 5 47 47 46 51 35 59 27 
15 9 54 92 28 87 71 68 69 58 96 70 
98 63 59 12 64 89 36 2 79 58 22 83 
56 68 81 7 3 39 85 17 47 38 60 74 
24 31 42 44 88 89 13 37 3 71 1 66 
12 36 20 90 46 41 24 1 8 4 59 62 
95 44 31 93 81 90 67 57 72 60 100 11 
100 65 100 2 87 100 20 98 87 39 39 32 
79 15 33 86 70 43 100 64 86 82 57 67 
23 75 75 95 86 26 57 85 90 56 86 29 
7 57 78 94 95 17 77 73 31 61 11 52 
4 62 16 89 43 24 55 65 98 81 11 83 
7 68 19 96 75 56 76 34 13 54 79 7 
22 55 32 4 16 42 55 19 55 70 7 97 
45 14 61 42 46 72 76 52 91 94 100 17 
2 75 50 14 80 28 72 1 83 3 4 50 
96 59 68 50 80 26 46 25 91 59 18 37 
82 46 88 72 39 39 40 92 14 90 5 93 
69 77 46 51 31 49 52 27 59 19 76 91 
97 74 67 39 84 36 27 65 81 15 88 20 
5 27 63 18 68 68 63 37 96 8 39 26 
8 91 52 19 61 80 61 9 5 27 48 88 
62 74 4 43 40 43 14 45 21 76 14 89 
95 76 25 90 35 15 16 95 5 19 13 18 
98 73 26 54 51 73 93 64 99 96 6 90 
90 71 34 11 99 100 99 93 27 75 83 62 
89 50 8 46 68 20 63 18 44 40 71 46 
65 16 9 63 11 67 52 1 37 38 63 87 
37 61 80 63 35 14 76 75 63 83 20 82 
54 34 99 97 74 22 94 38 37 3 52 99 
69 3 51 57 92 13 44 28 25 23 43 11 
88 18 86 50 1 57 31 54 91 82 3 16 
55 96 53 91 50 4 89 18 58 92 27 2 
4 70 29 29 44 23 39 83 41 76 32 93 
33 14 98 75 47 52 90 1 100 94 43 49 
49 84 19 58 75 45 59 30 66 40 10 61 
62 49 43 54 76 26 98 60 91 48 34 90 
51 75 90 50 68 33 51 68 16 69 26 42 
65 36 71 82 75 81 94 89 81 88 94 56 
65 92 16 55 91 1 44 41 76 86 43 95 
18 93 63 85 13 40 26 77 75 96 10 50 
28 3 90 8 42 83 64 6 74 31 60 16 
31 56 57 6 41 99 1 10 91 15 46 3 
54 23 31 28 70 92 29 98 94 18 5 87 
1 20 92 26 50 51 42 33 58 50 38 50 
48 90 59 90 4 56 44 9 78 26 89 48 
17 69 45 62 87 1 48 39 21 39 16 22 
41 9 54 99 58 44 48 57 33 59 98 89 
14 41 49 92 66 37 91 82 6 87 95 44 
87 42 34 59 80 1 81 73 10 86 23 19 
29 22 28 14 80 25 54 46 66 2 89 83 
91 79 17 96 65 11 91 3 5 76 62 36 
76 94 8 37 31 30 56 12 52 83 25 83 
59 30 28 76 31 16 59 21 46 27 68 62 
89 58 65 93 33 26 29 61 71 88 97 1 
70 4 12 73 38 88 55 97 17 35 72 100 
2 82 20 48 60 88 61 49 97 25 93 82 
2 73 42 72 61 90 25 30 94 36 54 31 
76 8 79 92 94 51 91 96 84 63 95 44 
2 55 44 50 80 36 31 81 9 24 5 21 
14 29 2 59 16 55 89 43 62 20 87 8 
22 77 3 5 91 97 100 92 3 43 94 82 
79 24 15 39 100 71 59 65 51 60 23 66 
66 63 61 79 82 47 86 3 75 88 60 66 
36 59 9 39 2 2 72 32 78 86 22 77 
8 32 93 58 91 15 76 8 29 36 86 63 
82 72 17 56 11 76 73 47 35 82 37 88 
83 8 71 12 46 92 40 53 23 32 63 65 
46 38 72 27 73 9 89 6 80 5 61 91 
81 34 89 67 67 25 6 1 84 76 13 81 
19 52 86 93 84 48 57 81 85 80 7 9 
88 47 14 20 4 26 10 84 11 50 2 77 
26 59 78 9 34 42 42 4 93 27 96 28 
74 4 9 10 83 67 70 22 14 83 41 17 
60 2 52 71 51 5 99 28 63 28 89 48 
69 30 3 62 56 98 41 81 53 49 42 87 
68 11 8 33 93 1 1 4 2 4 74 5 
8 73 32 22 100 20 21 21 1 23 34 8 
72 74 88 76 75 29 62 42 39 21 26 83 
21 26 87 75 29 12 79 88 84 62 61 36 
34 81 56 86 55 41 94 78 14 81 53 88 
62 66 81 52 86 6 35 7 83 73 33 11 
84 63 50 20 76 10 7 9 42 62 95 48 
54 40 25 67 72 29 7 33 94 39 37 80 
45 71 38 27 95 70 90 78 32 39 97 59 
1 3 68 42 16 14 90 69 5 66 88 76 
95 46 9 88 84 45 19 28 67 56 7 61 
77 48 90 60 86 39 19 86 93 38 80 9 
51 21 29 55 86 68 82 80 13 90 68 97 
86 38 76 4 94 34 16 70 81 6 82 19 
96 100 56 88 37 35 48 39 55 29 45 41 
96 26 72 61 68 91 9 5 29 84 61 22 
70 76 43 50 33 76 68 28 75 24 16 63 
10 63 1 17 91 97 9 39 75 80 99 42 
71 7 98 51 42 58 24 11 86 18 13 18 
94 80 46 68 55 13 83 17 27 35 33 18 
32 41 8 6 72 6 99 94 64 48 44 5 
58 67 16 43 37 28 60 30 59 57 49 66 
21 31 82 48 66 66 17 97 6 24 54 77 
81 4 23 44 3 66 48 60 85 15 2 21 
94 14 2 53 22 50 70 43 81 3 90 98 
68 58 46 73 81 51 1 61 54 23 4 56 
41 3 16 77 18 69 49 11 82 50 15 4 
99 84 46 31 86 87 28 5 96 25 29 76 
75 30 88 28 4 43 36 96 97 3 72 14 
71 72 77 53 21 91 56 72 27 53 2 64 
91 82 69 86 6 97 13 81 78 52 60 34 
94 95 29 90 49 53 56 20 24 32 72 97 
74 79 68 100 83 21 16 73 54 84 58 60 
32 70 92 10 21 3 43 66 50 23 7 98 
27 62 17 51 45 40 99 19 70 66 70 52 
86 85 24 40 68 33 51 100 54 94 61 26 
48 3 43 97 77 50 95 4 63 63 6 8 
55 4 26 24 69 95 28 6 80 3 97 99 
36 99 50 41 44 10 67 92 64 61 40 41 
10 34 44 73 49 1 32 55 4 9 30 24 
55 57 81 86 60 30 85 47 28 34 87 24 
96 5 15 59 66 54 99 27 40 94 51 40 
94 82 46 49 90 75 72 45 32 53 30 43 
82 66 89 61 52 27 36 47 84 2 57 49 
8 56 27 99 1 78 38 95 59 83 43 1 
57 67 45 40 71 26 82 4 92 70 64 43 
49 52 41 32 53 97 32 60 4 58 58 5 
35 47 51 94 81 45 94 90 63 90 29 33 
15 63 36 58 84 52 52 32 3 92 63 55 
41 94 67 44 52 76 100 38 23 2 31 55 
47 76 44 9 17 25 94 84 39 29 41 22 
80 45 54 34 88 68 89 28 14 7 24 17 
82 23 54 56 25 37 11 23 64 6 83 33 
30 76 16 68 5 8 42 36 52 47 70 92 
14 10 19 79 16 94 47 97 17 53 5 93 
41 15 67 4 20 49 36 2 25 3 21 81 
11 62 16 14 8 37 5 22 46 76 52 61 
69 99 10 37 3 66 29 43 80 47 46 99 
96 34 52 72 88 73 52 98 34 67 64 42 
4 20 15 1 95 18 14 16 16 75 52 18 
40 33 12 19 79 58 69 26 43 21 97 30 
45 48 80 78 67 43 71 22 14 85 22 9 
55 87 76 70 61 79 40 100 11 51 70 42 
60 39 67 54 11 64 84 55 63 63 84 81 
57 55 2 70 91 76 30 45 62 57 67 75 
36 58 74 46 60 44 39 20 34 58 25 44 
73 8 50 35 22 33 16 30 39 69 52 30 
96 33 74 58 90 92 32 25 49 57 22 9 
52 13 80 85 70 4 28 42 64 29 28 37 
62 43 19 100 64 70 81 59 54 7 68 43 
98 51 19 99 8 41 59 59 53 38 44 74 
93 23 15 8 4 42 97 65 37 15 16 52 
36 49 10 89 55 30 32 4 80 50 2 39 
42 60 98 46 49 93 19 42 67 33 1 70 
27 97 86 15 11 54 66 46 2 27 87 8 
56 18 11 36 19 65 74 61 24 23 58 73 
67 77 66 34 61 18 55 39 15 93 53 77 
98 70 75 51 97 61 58 52 30 20 87 48 
84 13 60 8 87 70 32 54 46 49 39 6 
66 45 97 80 37 49 9 34 19 83 36 15 
95 93 18 24 13 57 23 48 69 35 7 55 
4 38 60 1 86 98 6 52 43 2 83 31 
3 91 17 73 25 52 87 19 97 56 42 61 
12 17 8 32 51 15 39 6 4 98 6 90 
48 63 93 42 17 27 72 19 18 40 91 42 
92 29 13 40 36 54 100 48 22 7 31 72 
73 69 29 77 19 34 18 18 97 62 59 65 
88 82 83 57 22 25 51 65 5 63 4 40 
68 3 39 90 61 70 13 86 90 42 62 60 
27 31 77 75 44 35 39 31 17 21 40 38 
97 90 2 53 52 57 93 71 59 83 60 19 
4 25 4 94 66 17 5 92 99 82 67 42 
68 57 25 84 30 16 73 26 5 26 79 8 
82 23 78 92 57 90 11 61 14 66 6 31 
35 10 74 85 43 92 79 11 49 3 46 78 
18 19 3 74 96 33 33 78 7 10 69 64 
51 31 76 64 49 81 94 35 42 68 19 85 
11 49 95 59 51 92 36 20 10 91 45 6 
23 77 35 30 39 55 45 89 86 20 5 86 
100 50 20 93 69 90 77 80 39 23 38 41 
15 26 13 76 16 57 33 38 86 19 19 76 
74 15 16 11 34 72 96 85 22 67 78 42 
56 6 73 46 81 63 39 47 88 51 22 3 
59 7 92 96 25 63 71 98 77 87 8 11 
10 55 95 31 21 24 25 29 82 97 74 62 
59 64 8 98 14 81 100 25 39 44 72 64 
6 43 13 82 81 73 44 90 27 91 73 48 
14 97 28 95 45 53 8 56 17 67 53 82 
48 5 6 86 48 78 1 5 72 14 38 4 
86 82 93 12 72 17 11 37 65 38 84 10 
91 91 17 59 58 21 40 57 25 46 42 24 
75 95 80 98 8 18 1 45 99 45 8 22 
62 71 58 78 60 41 39 50 84 55 8 93 
76 48 49 52 45 42 76 71 36 55 20 95 
72 20 91 22 16 51 43 77 21 53 7 80 
45 45 82 28 100 41 72 27 40 20 78 84 
14 53 6 1 60 25 48 83 96 38 5 12 
88 99 40 60 51 46 40 48 91 73 27 42 
13 99 68 53 70 45 88 83 50 94 36 9 
70 83 43 18 72 99 81 60 50 20 71 100 
18 62 99 60 34 26 1 47 76 68 99 45 
64 86 80 13 31 15 73 53 97 16 70 68 
66 50 79 15 21 50 67 38 11 65 97 45 
90 49 43 65 16 41 62 80 26 41 44 9 
55 17 61 3 84 30 22 49 31 1 64 51 
2 30 41 64 94 89 60 36 38 2 52 5 
94 13 84 72 53 80 80 59 96 40 13 79 
21 35 27 3 87 90 5 88 19 45 3 65 
34 15 100 23 16 51 27 62 64 63 33 68 
42 12 79 37 3 91 67 75 25 93 77 63 
35 81 2 5 78 5 69 11 19 68 33 86 
71 11 47 86 73 31 5 14 94 83 50 96 
26 16 22 2 61 98 65 95 31 66 51 8 
22 20 70 92 39 54 78 9 64 76 94 37 
7 51 50 100 33 52 48 58 19 69 60 79 
19 24 25 1 41 76 8 63 47 29 54 85 
82 83 46 45 59 91 33 17 41 35 68 74 
86 67 83 56 36 94 87 6 17 11 6 10 
38 65 72 36 93 25 21 74 60 18 70 70 
8 55 86 1 89 5 26 26 72 8 81 7 
2 67 64 70 30 69 79 19 33 2 55 77 
79 27 50 38 44 71 7 3 25 44 3 65 
48 28 90 19 88 71 77 41 89 40 62 18 
60 41 37 44 94 91 20 72 69 21 9 12 
92 67 14 68 10 69 33 58 48 74 76 35 
96 53 27 85 44 89 54 56 81 42 99 74 
32 71 46 52 91 6 63 34 73 29 54 82 
97 38 39 44 11 67 31 7 71 9 43 14 
97 48 69 77 90 20 3 73 90 100 25 32 
5 87 66 29 67 71 63 63 8 1 59 70 
19 41 28 89 49 70 3 98 18 23 26 59 
42 28 31 83 79 55 15 84 94 32 64 60 
2 26 75 61 79 85 30 97 25 58 86 25 
79 40 22 96 14 100 54 8 27 37 90 6 
91 4 41 84 87 56 96 88 82 70 48 60 
54 30 8 30 87 45 54 65 84 28 13 50 
79 18 57 5 54 46 62 45 2 54 80 88 
10 75 28 43 44 27 54 49 56 61 78 94 
58 84 59 93 63 71 42 41 88 98 97 94 
96 59 38 97 64 69 36 25 96 15 67 91 
94 20 40 1 33 17 95 90 52 53 82 14 
75 24 54 62 73 3 55 68 13 44 16 76 
65 4 1 60 70 67 50 63 39 89 64 71 
58 10 12 9 62 93 75 88 68 80 49 41 
82 56 60 94 51 76 22 67 31 22 26 100 
40 28 63 30 68 78 52 25 87 63 86 100 
8 12 87 75 91 87 67 25 94 79 70 97 
6 91 63 36 64 41 87 56 68 49 85 35 
78 37 12 16 51 97 15 58 60 53 85 50 
92 3 26 85 33 96 81 38 38 96 25 54 
36 12 9 3 12 45 37 90 33 48 57 84 
96 72 93 55 76 77 57 67 32 34 4 64 
29 84 2 19 79 78 72 66 89 80 68 1 
76 57 42 9 4 98 92 52 69 84 58 97 
13 14 15 96 48 18 59 28 2 12 98 32 
90 69 98 30 100 17 30 76 73 71 84 29 
69 27 32 89 62 89 85 74 3 100 21 2 
69 80 81 22 43 79 54 84 99 3 14 99 
71 43 26 96 66 61 24 34 87 7 22 48 
95 59 74 49 10 94 2 78 25 83 100 68 
61 5 3 59 59 16 9 81 11 34 76 76 
46 51 9 32 57 82 32 52 92 5 100 53 
50 2 31 75 36 82 94 48 38 96 6 48 
12 67 28 22 52 4 97 98 6 57 81 63 
38 12 14 82 68 65 34 18 18 16 92 53 
49 85 100 86 80 58 85 43 76 13 64 79 
68 12 76 25 68 57 87 6 20 52 39 88 
17 72 57 86 88 48 91 36 84 42 74 15 
51 10 58 26 74 73 5 41 85 32 66 52 
40 4 9 60 56 47 99 24 19 55 9 58 
54 99 45 89 93 70 3 43 80 12 21 53 
85 25 46 69 8 63 20 48 66 81 59 21 
27 9 96 97 63 5 6 68 55 51 56 99 
72 10 42 51 22 62 4 6 38 1 74 45 
63 45 92 28 25 2 1 4 10 48 52 24 
52 58 91 59 60 98 9 31 8 50 34 29 
11 89 34 100 89 59 45 51 3 88 30 80 
90 82 83 99 30 34 23 33 43 65 43 2 
63 52 85 70 1 70 50 64 58 83 15 46 
93 59 48 95 47 29 26 88 11 8 86 92 
94 60 76 88 25 19 42 39 22 26 8 22 
95 9 37 4 91 4 1 83 62 48 29 60 
28 55 47 90 14 85 81 7 96 57 47 72 
27 88 10 48 13 69 21 59 77 10 14 19 
13 14 53 26 13 82 86 40 88 84 30 1 
20 62 60 16 70 6 39 48 93 49 95 57 
69 68 67 98 29 80 16 41 93 69 66 5 
2 3 96 41 39 77 41 58 91 52 25 12 
9 64 60 53 64 6 9 84 25 27 81 53 
6 49 93 50 69 11 6 22 65 54 62 3 
30 2 13 20 6 89 84 14 52 43 19 67 
100 27 51 25 6 83 77 11 31 22 13 51 
84 18 72 48 71 33 3 53 87 67 24 92 
55 7 57 59 1 75 25 1 54 27 77 59 
62 53 21 44 26 85 95 9 3 66 9 25 
99 11 29 37 77 53 80 83 11 36 41 12 
63 66 64 68 44 40 78 5 44 98 49 22 
83 43 30 37 60 90 13 10 100 42 46 28 
46 25 11 8 13 51 19 27 68 34 94 64 
25 71 68 21 20 68 42 54 10 23 42 22 
13 55 31 64 48 77 44 45 53 6 52 65 
8 23 91 76 8 84 39 33 6 58 5 78 
26 98 31 87 20 73 8 84 79 39 48 78 
67 91 22 19 48 25 84 55 47 26 30 55 
62 20 39 67 30 43 96 55 40 27 41 11 
51 49 95 81 39 94 58 5 36 31 23 83 
55 58 37 2 36 19 8 97 90 46 15 19 
40 11 73 31 37 66 41 39 66 87 19 56 
32 76 60 67 58 34 1 12 44 38 65 79 
8 24 75 97 69 41 68 60 51 92 90 39 
57 83 77 74 21 47 29 53 74 40 71 31 
74 72 95 17 61 59 47 68 83 21 16 3 
61 83 15 64 75 56 2 83 38 31 57 11 
77 85 63 3 77 33 33 50 56 27 18 16 
38 64 35 72 36 3 26 48 85 40 11 11 
