131 24 11
49 48 75 57 12 61 68 25 100 92 6 77 50 22 21 6 38 30 31 64 45 83 62 78 
27 54 89 70 37 12 64 37 59 90 94 70 2 13 46 1 56 4 30 5 77 50 10 67 
31 40 30 75 75 91 53 53 97 41 22 85 4 37 21 62 26 14 84 79 78 29 31 33 
84 12 38 61 13 99 27 43 39 56 70 65 99 22 17 47 14 38 31 17 74 3 30 51 
69 13 81 46 94 11 79 77 23 68 37 35 66 15 30 56 71 99 20 21 72 36 67 85 
25 49 53 50 51 82 100 19 95 80 17 40 43 47 68 65 14 57 51 31 71 80 87 93 
78 58 13 49 46 31 85 70 79 37 72 82 19 71 52 13 3 68 4 97 66 71 61 79 
27 11 62 98 91 48 90 20 57 55 21 2 85 5 24 16 42 95 97 60 17 100 24 71 
20 27 67 85 97 79 16 76 42 77 25 84 76 14 3 32 20 23 86 5 28 61 72 69 
7 20 80 23 19 3 46 90 81 64 75 77 43 90 4 84 18 28 67 93 94 21 76 13 
44 13 69 23 73 40 43 79 11 22 54 30 76 51 19 56 14 45 84 56 86 88 91 3 
67 57 47 60 30 75 73 25 87 93 47 12 85 41 42 95 62 95 76 37 45 95 44 11 
91 27 18 77 14 9 31 81 17 30 92 46 4 16 70 42 9 68 53 93 8 95 39 69 
41 15 57 38 61 100 48 51 79 65 79 92 25 62 24 42 91 16 39 46 83 9 87 91 
28 92 35 36 86 26 56 78 40 13 15 100 64 62 2 42 79 33 86 3 94 61 96 36 
28 35 81 11 95 67 53 22 58 88 57 95 13 13 73 4 77 39 55 92 53 56 86 31 
40 71 85 33 83 81 68 11 15 100 21 9 19 73 30 28 12 39 23 76 51 47 79 79 
85 33 70 89 41 55 19 80 77 56 65 60 36 84 70 2 84 42 62 2 66 43 29 78 
81 3 53 83 1 84 13 38 68 83 26 60 89 45 40 18 52 56 77 39 39 98 40 74 
91 53 75 56 95 56 33 28 58 38 62 11 73 75 48 40 9 73 100 97 69 91 66 20 
46 94 58 36 91 97 10 33 1 36 89 96 91 73 75 1 10 36 11 34 10 58 74 18 
30 25 67 99 15 32 70 12 26 28 99 68 76 8 1 77 96 41 24 38 13 98 38 75 
85 100 8 47 9 81 64 91 57 82 41 23 66 10 34 91 89 85 10 65 44 62 93 39 
2 16 77 15 65 66 89 49 18 96 95 26 29 11 68 85 44 8 8 9 70 93 51 58 
29 61 22 73 22 66 11 24 81 39 38 97 5 78 98 74 73 44 99 53 54 19 38 50 
26 97 58 47 41 9 5 70 21 78 94 42 44 4 17 76 95 54 73 99 83 70 72 56 
65 22 8 19 40 97 20 18 45 77 64 38 85 68 59 57 98 52 99 41 7 15 68 1 
21 92 51 55 13 74 10 78 96 70 48 87 18 67 56 15 43 20 4 80 39 62 36 36 
65 86 28 23 53 48 24 25 39 74 79 52 48 89 29 95 10 76 33 79 42 89 45 36 
60 48 15 98 61 3 86 77 88 65 100 40 64 23 16 3 48 95 54 47 35 34 93 44 
61 26 74 2 66 19 89 25 18 56 74 79 58 11 55 97 28 54 89 91 28 4 93 76 
98 98 22 32 83 15 27 43 92 53 96 57 71 85 33 40 40 58 18 49 69 25 45 96 
30 85 38 58 89 31 33 38 80 6 22 15 72 48 57 63 52 5 71 74 89 3 14 80 
61 83 80 81 7 24 76 37 61 13 46 49 95 30 86 27 35 7 41 7 7 97 21 58 
53 92 32 41 94 97 72 6 79 51 86 86 27 13 74 87 78 19 87 72 48 24 50 34 
83 90 40 89 39 13 98 91 4 81 84 49 77 55 55 8 58 92 93 36 5 18 74 82 
36 12 5 35 35 55 68 17 44 60 57 82 72 55 25 75 87 8 75 16 14 29 23 23 
21 15 10 77 84 83 58 71 94 14 5 81 68 24 97 64 35 54 97 6 60 21 32 46 
28 7 61 94 87 35 16 59 49 26 35 84 60 44 54 54 58 58 34 77 34 82 40 68 
35 37 26 46 57 9 44 37 15 56 30 54 91 45 64 39 22 51 75 82 94 28 87 3 
38 72 80 71 53 71 38 40 7 15 85 16 24 80 52 90 36 81 43 26 77 59 16 51 
9 90 32 2 18 18 57 55 41 88 77 93 58 66 84 65 81 21 32 4 100 83 93 35 
15 88 60 91 46 28 41 6 17 24 7 86 93 15 40 33 2 68 78 60 34 61 76 14 
33 7 69 33 41 13 19 55 100 31 97 97 58 38 2 26 13 61 12 6 27 3 90 29 
71 67 40 4 80 67 17 12 25 37 96 65 49 67 19 1 97 15 97 6 4 51 31 69 
63 42 74 89 97 15 17 67 82 8 70 13 74 38 24 98 74 72 14 22 38 32 22 34 
99 71 91 54 73 73 22 35 67 47 23 63 62 92 29 43 51 98 55 25 35 30 74 60 
1 88 81 90 71 55 75 69 77 65 75 49 38 96 35 56 95 9 18 56 100 46 50 3 
95 56 79 81 37 52 40 38 91 72 79 14 26 54 34 54 18 8 2 7 56 36 62 50 
45 79 5 96 76 54 98 70 61 28 50 97 80 41 86 22 13 65 35 90 18 69 44 87 
76 97 46 31 33 7 32 29 38 36 76 65 41 26 87 1 53 88 50 84 29 35 6 41 
99 92 82 68 12 25 7 88 22 52 70 6 10 2 86 47 89 61 64 30 86 50 82 39 
37 83 74 65 18 31 57 68 23 39 88 34 15 94 73 88 45 95 93 54 48 78 53 36 
91 16 17 76 65 51 66 53 33 40 18 50 70 26 70 44 64 57 78 31 50 2 18 46 
96 63 99 43 92 3 31 82 18 47 58 34 97 75 87 30 66 4 31 36 81 52 31 45 
8 60 27 9 62 44 6 9 58 5 52 50 59 82 31 77 80 40 62 77 15 48 58 80 
3 40 67 84 92 98 80 51 57 6 12 70 1 17 79 59 21 82 8 32 15 90 8 94 
30 69 22 44 69 31 75 71 71 42 6 14 91 85 64 47 42 75 69 95 92 47 5 64 
80 64 95 94 53 54 87 82 75 61 77 43 91 52 65 13 45 71 26 35 7 42 33 1 
68 53 95 11 99 99 75 30 14 21 23 66 27 62 100 1 22 28 95 64 31 11 77 75 
33 54 61 40 47 46 92 15 98 38 25 49 88 51 78 1 72 1 66 50 62 17 50 35 
45 96 98 75 6 26 50 39 80 62 30 26 7 73 40 5 10 17 53 97 67 30 49 90 
82 14 39 43 31 40 29 27 35 27 1 93 52 2 83 31 64 64 9 70 36 100 26 97 
16 78 45 83 60 93 72 41 6 11 36 88 50 64 14 37 90 67 29 94 68 63 76 83 
26 84 53 13 84 78 9 51 8 53 33 67 45 57 59 2 19 94 42 20 58 7 56 99 
73 36 92 93 50 68 75 75 3 27 87 38 57 47 89 16 99 21 34 95 29 92 97 47 
38 90 19 95 96 74 45 69 62 37 13 63 56 87 38 58 66 76 48 74 23 36 89 21 
8 74 68 37 65 64 35 54 53 53 100 100 79 45 68 92 33 80 54 40 19 91 49 84 
19 96 57 41 31 97 13 39 70 80 27 86 95 61 40 99 14 39 99 44 83 66 35 67 
98 88 6 68 31 55 51 49 50 59 41 33 55 53 71 24 85 49 9 79 9 48 78 74 
39 76 17 21 93 3 40 42 91 45 9 73 51 11 21 1 69 61 85 23 65 7 98 1 
55 7 80 15 6 9 89 44 36 57 17 80 60 56 74 2 52 82 74 3 45 46 55 13 
58 39 88 22 45 85 75 51 43 54 65 1 14 5 44 1 14 12 80 25 19 53 78 71 
87 51 25 31 48 79 95 5 69 34 78 13 19 52 15 13 57 79 13 22 36 9 22 49 
72 2 73 91 54 2 13 92 52 37 22 99 67 69 55 35 2 32 99 72 36 13 85 44 
43 49 66 78 9 87 78 81 88 2 23 94 3 35 85 54 71 59 4 89 27 10 23 80 
94 21 52 29 33 88 72 27 88 89 5 97 76 82 77 15 84 99 60 86 85 97 92 7 
55 47 95 33 57 17 64 50 89 67 30 73 54 53 99 42 42 3 90 69 37 18 83 20 
16 43 57 52 39 48 58 45 47 52 29 3 20 92 4 8 59 85 80 64 89 78 57 30 
81 46 98 17 63 33 88 30 27 44 81 65 44 90 61 90 41 89 44 12 32 99 19 90 
35 98 54 23 28 10 53 60 8 2 28 70 34 15 52 12 10 84 76 5 74 88 46 66 
28 41 78 60 39 96 49 73 46 54 96 25 16 100 84 23 53 11 44 39 77 47 50 86 
31 78 43 4 65 88 21 93 29 98 4 19 46 4 44 91 10 91 15 25 90 50 99 94 
60 94 32 36 41 82 73 23 59 15 78 75 55 98 19 83 96 22 1 41 78 44 83 87 
86 49 11 27 98 61 21 57 54 52 44 46 85 68 68 95 83 45 22 37 43 40 71 38 
14 23 30 91 19 12 77 4 60 39 31 9 99 51 65 52 54 60 98 91 27 65 85 61 
62 6 49 4 98 19 93 63 42 22 53 60 85 81 15 96 19 45 4 17 47 20 20 1 
79 17 91 57 34 27 18 95 85 66 50 82 37 42 96 78 15 48 89 99 28 3 94 46 
100 49 14 46 68 33 98 98 2 40 54 35 67 23 81 3 89 30 36 25 23 31 54 37 
78 94 35 57 48 80 54 47 28 67 45 47 51 42 44 52 82 49 38 100 72 18 2 60 
99 37 36 21 19 41 57 96 34 43 4 33 74 57 80 53 75 76 99 25 17 94 77 50 
43 14 1 14 84 54 25 82 42 12 3 60 52 11 7 37 6 10 69 79 18 100 32 92 
75 82 17 92 76 45 93 70 10 46 83 93 99 59 75 41 70 29 52 73 91 59 9 96 
20 77 75 38 77 58 29 51 39 97 94 66 93 39 35 3 84 69 95 82 27 21 74 96 
1 78 68 92 36 28 87 55 5 13 44 33 70 25 35 9 73 29 74 66 19 61 20 2 
29 14 35 56 87 61 3 87 38 71 30 73 98 17 79 54 29 23 86 51 99 73 59 71 
53 84 88 71 96 7 72 25 21 58 80 59 18 34 97 55 4 27 79 54 43 58 59 23 
32 97 73 30 69 83 52 21 19 40 91 14 46 14 90 18 71 21 76 41 55 73 95 10 
99 74 63 93 83 22 67 66 70 40 95 38 74 98 58 92 37 100 58 35 65 99 52 87 
20 80 27 74 52 74 83 2 47 98 46 81 71 12 46 40 3 92 29 77 89 38 20 78 
37 29 12 53 28 15 39 47 94 18 20 97 91 54 50 89 3 95 21 73 7 66 64 61 
9 92 37 97 29 57 26 17 37 89 69 64 4 60 10 49 29 81 98 71 87 47 11 89 
94 31 14 52 48 77 12 56 69 49 52 97 57 30 14 45 18 34 9 73 93 70 74 73 
3 23 43 89 69 53 29 14 83 42 65 30 19 29 37 39 29 41 87 37 70 100 81 39 
86 89 64 30 11 89 3 13 11 45 53 79 98 33 45 32 75 9 14 45 37 50 35 65 
42 21 1 11 73 34 2 58 22 65 87 84 53 89 48 63 86 100 93 35 33 89 18 59 
98 31 3 86 33 89 3 26 9 55 37 81 40 90 90 14 54 77 97 58 17 45 72 54 
96 16 88 28 5 6 38 54 88 92 91 72 80 45 98 89 52 86 21 91 75 11 4 80 
39 1 89 7 45 12 61 92 27 48 20 83 5 9 36 45 1 79 16 80 23 65 20 74 
50 41 65 76 3 20 55 41 20 95 99 16 6 59 8 85 59 79 67 15 87 55 59 87 
33 75 19 7 39 38 33 41 78 97 68 32 68 75 24 88 69 23 55 75 81 14 59 91 
44 77 6 31 31 64 69 63 90 87 22 81 77 54 21 6 2 88 38 69 62 61 8 83 
83 63 9 16 28 67 6 72 43 63 2 26 27 22 40 16 61 61 96 37 14 68 94 15 
8 31 84 21 44 91 3 78 5 11 93 33 29 51 4 24 13 57 49 91 30 40 59 90 
1 6 78 14 74 72 81 33 54 64 53 49 6 8 27 63 70 19 95 99 21 50 74 86 
6 74 76 35 13 86 77 13 92 54 79 17 77 59 1 83 74 5 31 31 12 57 93 82 
28 87 32 100 36 57 85 93 30 13 80 94 98 56 59 41 61 37 9 90 47 9 72 20 
14 54 50 25 11 43 58 90 81 41 89 69 49 74 13 30 38 92 24 35 99 82 28 60 
70 36 1 16 45 24 87 58 77 88 34 39 82 44 28 63 36 17 83 37 42 95 66 79 
87 89 65 37 22 92 96 43 80 48 10 24 71 96 33 48 84 18 86 17 13 66 79 1 
82 13 37 75 8 2 5 46 43 69 82 16 13 30 59 92 77 20 15 48 16 99 47 51 
68 84 67 81 49 98 33 82 10 69 8 69 22 12 14 16 81 96 84 45 25 94 36 1 
13 2 100 28 100 98 30 19 34 49 99 82 98 31 16 7 51 75 76 73 87 41 40 19 
36 23 63 60 16 50 13 29 51 64 8 2 62 90 20 95 38 71 28 35 1 95 93 4 
70 20 76 8 61 67 78 96 90 92 8 5 41 20 85 43 83 45 44 96 34 15 42 71 
85 22 57 38 16 49 41 37 69 68 96 81 34 73 76 75 64 35 80 4 54 16 46 89 
60 41 36 93 56 78 15 92 51 23 29 66 72 21 55 92 40 50 72 26 23 99 100 38 
34 31 42 39 47 39 27 58 32 15 3 87 44 69 30 94 92 11 11 15 83 65 6 23 
67 29 48 89 27 47 78 12 78 71 51 76 10 29 85 41 43 87 79 86 56 60 31 99 
70 42 13 53 6 70 27 24 98 74 12 76 72 42 88 1 12 38 28 21 66 13 13 61 
99 43 98 6 55 29 56 24 70 68 28 27 37 54 51 34 79 14 62 3 7 49 3 19 
