281 89 55
62 84 98 78 27 56 36 30 30 53 99 16 99 93 82 95 76 44 23 6 7 80 35 34 29 80 20 64 60 8 29 74 44 27 3 22 34 38 4 63 43 54 79 93 46 60 87 21 56 62 26 62 41 61 95 21 92 15 37 4 74 65 77 69 43 31 91 76 68 94 39 62 47 69 55 44 28 93 64 35 6 42 97 99 2 91 19 45 57 
55 48 31 72 76 51 66 6 41 42 26 86 32 87 84 100 93 27 79 86 91 14 43 32 62 41 85 52 12 29 61 18 77 43 89 52 93 55 10 86 48 35 71 79 21 55 30 66 81 60 3 23 25 45 54 86 86 90 90 97 19 50 14 47 44 55 50 36 9 59 21 56 93 92 86 66 98 67 31 30 26 33 53 51 77 58 88 14 48 
77 10 66 78 76 64 21 30 13 57 38 24 29 45 16 72 82 33 69 48 63 99 73 47 51 75 76 8 63 89 7 91 51 72 69 26 87 41 55 100 49 44 23 78 40 90 49 21 75 70 68 89 20 92 36 22 19 63 29 33 51 88 23 53 11 43 78 98 84 84 49 84 27 23 61 66 12 62 38 38 31 5 27 50 49 14 71 67 76 
51 99 78 38 73 31 1 16 8 98 51 92 46 34 70 68 47 88 31 8 25 69 90 30 47 91 30 60 61 96 35 63 46 64 53 18 94 53 85 54 50 87 45 47 73 66 14 19 53 96 26 78 64 67 59 10 57 88 21 69 35 7 31 80 71 35 49 64 39 86 17 40 72 13 86 44 31 51 62 83 47 39 12 10 5 22 72 13 61 
44 81 95 51 64 26 21 98 27 36 89 12 53 28 83 17 14 27 47 16 40 82 62 31 45 24 87 67 47 100 27 90 80 74 40 43 99 60 93 77 48 81 88 52 8 23 68 73 49 67 89 40 100 50 70 44 25 57 10 71 8 37 61 87 10 52 82 60 12 74 37 11 54 76 62 13 98 81 86 98 47 26 38 46 27 59 42 52 67 
51 22 74 39 34 13 100 86 46 12 49 19 48 59 24 75 20 88 73 100 73 22 99 50 59 96 77 70 37 80 88 88 1 14 78 87 78 78 72 23 89 72 41 88 30 16 62 1 3 86 52 28 8 2 77 18 98 5 87 86 84 27 25 37 40 3 23 17 80 46 39 20 17 31 7 98 46 20 50 100 6 1 27 65 55 56 82 52 60 
21 37 44 47 14 32 38 16 54 6 47 51 96 66 67 78 24 16 23 43 65 74 100 17 1 64 23 56 46 74 67 18 63 62 16 76 93 53 43 98 10 89 48 5 54 66 34 77 81 56 71 97 81 71 66 81 34 88 88 31 14 7 48 28 68 15 3 61 67 97 58 28 85 6 84 90 71 17 66 4 24 36 52 5 6 17 37 92 57 
25 22 70 83 22 97 50 36 51 10 55 47 20 34 83 77 18 72 99 34 37 2 10 24 54 14 82 22 50 25 78 26 46 47 8 19 95 10 7 97 71 61 95 90 94 77 66 63 48 65 49 36 18 58 12 23 71 93 45 72 17 22 50 14 21 9 85 67 18 91 64 89 3 58 30 96 87 96 11 34 12 59 22 81 16 33 4 38 25 
48 61 93 21 10 6 93 19 42 12 88 32 75 28 34 84 58 82 70 53 92 56 16 50 77 96 17 9 99 54 85 98 14 77 71 76 34 63 46 76 74 33 7 100 61 93 84 70 74 5 22 17 60 89 18 36 84 34 96 35 39 80 84 4 56 54 31 42 17 76 17 42 61 75 94 73 67 29 42 92 33 15 8 45 3 25 32 38 58 
28 24 48 7 8 52 15 61 82 56 29 10 72 23 70 98 16 42 17 44 35 8 28 49 16 72 3 92 4 40 50 83 64 49 89 23 100 3 35 34 58 64 95 81 38 64 79 53 57 47 48 43 54 27 91 21 99 93 13 54 84 14 36 99 62 76 21 14 79 56 99 36 71 93 69 8 8 99 12 64 45 11 6 50 37 48 71 87 92 
35 92 75 48 27 74 9 3 46 22 33 53 72 20 23 64 88 82 71 86 45 86 82 55 43 32 44 90 54 30 81 88 22 8 35 100 81 95 54 78 69 86 31 40 6 5 4 45 39 26 83 83 12 64 90 6 47 85 96 52 14 28 39 87 35 25 39 15 72 92 45 40 30 75 79 35 79 34 79 69 12 61 52 75 77 93 80 75 77 
75 27 42 55 17 81 89 42 19 56 13 62 100 4 91 74 34 25 4 68 56 25 31 68 28 5 96 20 84 71 48 11 97 41 65 13 73 53 6 91 8 70 53 59 73 95 84 7 72 40 26 27 64 56 46 91 12 42 62 95 12 61 57 60 1 21 24 74 26 30 16 85 99 20 44 24 15 27 30 86 66 55 64 81 62 9 71 73 2 
84 67 65 44 24 24 45 96 100 70 21 29 85 6 79 5 49 2 71 27 83 56 45 37 71 25 98 79 48 70 33 31 89 97 27 64 73 71 59 72 40 80 52 76 37 82 32 85 36 2 63 18 9 7 55 79 84 4 10 83 26 42 65 14 38 91 77 62 13 35 33 4 66 36 80 2 18 11 38 53 65 53 22 73 11 28 52 46 32 
61 28 57 54 45 22 43 35 98 5 48 84 89 51 2 25 82 55 94 45 45 98 9 97 19 81 7 47 32 53 30 44 32 86 97 76 59 40 63 8 96 10 43 84 12 44 60 46 51 53 90 95 50 98 91 21 30 49 19 62 1 48 57 85 85 6 60 43 97 22 50 92 83 92 27 95 88 87 92 38 91 81 84 93 78 74 13 7 22 
31 20 75 78 29 59 14 34 70 56 30 92 57 73 74 100 99 20 39 85 11 76 76 43 59 68 72 84 32 31 58 62 50 84 91 30 42 4 15 11 11 44 54 67 68 80 18 67 51 57 51 14 84 78 56 43 45 28 78 76 58 35 89 59 70 31 41 11 34 55 74 44 51 79 62 18 58 80 84 61 88 87 74 71 64 29 65 61 8 
43 88 17 29 29 28 99 59 68 61 93 22 86 88 72 65 2 90 74 33 25 34 20 11 7 90 27 88 7 87 47 49 26 16 29 54 43 27 13 10 40 57 83 25 96 55 89 49 96 15 33 20 48 4 83 7 94 9 46 52 47 44 100 72 59 80 78 1 7 42 10 98 50 93 22 97 99 63 46 46 77 78 65 76 82 99 34 27 7 
79 78 5 23 29 77 81 8 6 34 66 47 95 15 96 87 37 44 37 51 89 82 79 19 99 54 52 97 88 30 56 18 59 60 92 39 88 25 98 45 58 64 91 52 30 38 91 66 34 27 68 22 61 46 92 11 52 95 59 91 24 66 8 34 26 100 72 65 24 70 10 33 85 52 84 14 42 74 32 75 53 99 48 65 97 92 75 48 86 
85 38 62 51 45 95 28 96 67 92 71 88 53 3 24 57 87 89 50 12 20 76 16 71 75 80 19 66 54 66 52 91 55 13 41 51 7 68 47 25 59 69 64 64 72 39 72 10 28 21 73 99 48 89 21 22 68 39 88 74 4 91 64 10 3 4 61 61 71 7 38 81 27 53 96 50 92 67 59 19 39 84 69 86 72 90 60 91 28 
47 16 84 37 79 45 91 34 5 3 56 63 92 89 90 45 36 39 36 3 50 6 93 33 74 31 56 15 90 46 95 36 62 30 24 92 74 66 78 79 20 85 41 12 73 82 56 9 21 43 63 22 48 55 54 73 37 61 88 26 6 34 13 19 63 88 63 36 53 92 66 73 76 59 36 1 40 91 9 60 33 23 33 80 29 86 4 66 98 
43 91 56 76 4 26 38 43 88 26 96 79 91 20 55 49 55 55 41 97 15 52 29 89 85 60 17 22 15 34 20 58 25 75 33 80 100 23 22 40 48 69 18 90 40 24 91 46 30 31 94 96 82 22 84 66 33 53 88 48 86 59 5 62 33 37 93 84 59 67 23 58 87 93 48 27 68 90 24 98 20 18 45 1 91 81 19 24 33 
58 23 70 16 27 32 100 15 24 83 26 42 58 35 29 50 34 7 17 23 30 66 42 99 11 95 42 91 13 17 75 22 39 44 37 17 27 88 83 3 70 60 44 27 95 72 76 28 30 45 51 12 10 44 10 20 38 3 62 2 19 36 23 9 32 11 25 58 98 60 12 20 19 56 46 13 79 74 93 9 70 43 72 79 86 33 51 76 36 
12 77 54 100 52 63 31 62 39 40 12 98 52 31 69 59 76 33 89 1 25 49 70 19 20 1 57 53 51 32 88 62 60 93 13 11 7 95 25 46 35 36 95 38 66 63 48 93 48 36 46 72 37 15 43 56 15 99 60 17 82 47 79 41 92 43 4 98 38 80 95 24 67 42 61 32 56 8 76 3 95 21 75 31 88 17 39 54 67 
98 71 48 97 1 40 88 43 95 37 80 74 32 3 40 73 15 23 80 74 51 83 69 71 57 51 10 25 89 64 43 87 86 90 83 86 81 22 80 76 58 12 1 41 66 93 65 81 15 45 6 17 27 74 40 35 77 49 11 65 64 53 3 49 94 37 86 74 58 66 1 68 77 2 60 42 46 25 74 60 21 80 29 99 5 68 33 81 16 
95 98 32 47 100 80 92 37 18 65 46 83 18 65 11 71 25 4 16 49 30 75 21 9 55 19 65 22 3 46 90 97 43 21 95 94 52 86 82 69 2 28 51 19 92 13 89 16 17 4 16 46 31 36 6 85 6 22 59 8 67 48 4 61 68 98 7 19 35 88 88 89 15 90 7 59 3 48 26 71 3 42 68 85 29 25 22 35 46 
80 42 65 27 98 77 46 47 83 64 82 71 3 70 37 93 28 95 47 27 21 69 30 14 36 66 94 60 87 28 5 18 22 21 44 19 98 89 65 80 5 98 2 7 19 91 99 47 85 97 25 57 65 6 22 100 72 16 11 58 95 68 76 68 88 71 86 37 12 3 69 16 52 70 22 71 60 73 69 97 21 93 5 86 99 79 37 70 46 
48 79 40 67 6 60 6 29 45 43 40 99 11 7 51 32 28 21 44 52 89 92 73 33 96 10 31 26 46 100 71 45 31 63 63 88 22 69 16 18 63 55 69 73 61 19 56 41 91 99 44 31 42 68 63 90 77 94 15 75 45 86 71 27 100 34 15 21 54 30 90 16 37 58 40 49 28 95 89 70 46 85 100 87 52 15 76 81 60 
43 55 4 80 77 83 79 10 97 51 15 78 40 30 14 50 69 63 29 16 3 99 13 87 50 51 91 64 79 23 23 21 77 79 100 5 61 78 67 9 80 81 86 71 11 52 72 31 66 1 98 68 99 10 7 100 13 49 64 91 71 86 11 99 16 62 3 76 39 69 36 70 2 22 40 12 25 12 94 90 64 92 9 62 53 15 13 65 15 
76 55 85 14 17 35 29 78 38 57 68 58 92 37 59 65 77 22 89 40 16 78 3 59 87 16 11 53 28 28 68 56 82 4 69 99 39 49 28 28 57 96 37 1 32 48 65 60 69 6 51 36 35 5 94 21 20 57 26 100 84 45 55 17 48 75 67 38 75 95 17 32 42 54 32 73 53 48 85 73 53 87 9 40 92 54 60 11 62 
37 10 45 81 16 14 81 42 80 18 17 26 87 100 67 92 83 92 44 30 28 16 35 14 24 74 5 30 85 16 91 22 77 88 2 45 1 34 86 32 52 2 58 38 1 76 29 83 67 24 65 94 39 51 8 15 24 64 96 60 79 86 33 8 73 87 4 25 20 89 57 71 43 14 60 95 89 40 78 8 15 94 53 54 44 12 20 19 76 
15 30 6 52 63 65 25 49 68 49 68 57 5 91 51 70 2 45 11 42 74 70 8 67 22 61 62 34 32 32 9 98 62 66 50 24 31 74 72 98 74 39 6 31 81 56 52 83 53 14 76 26 83 83 45 5 96 6 90 79 38 50 77 51 15 26 74 45 51 97 95 24 87 52 6 68 8 10 2 60 23 77 37 6 11 81 62 6 39 
51 85 28 100 61 78 66 86 3 63 88 99 57 63 85 8 69 4 67 78 5 78 100 81 15 57 92 95 18 49 85 68 85 12 19 45 89 85 82 91 47 69 41 55 32 26 14 52 81 81 81 86 10 80 18 76 37 61 71 6 62 7 74 46 19 92 91 7 28 24 50 74 45 90 80 76 67 94 79 48 26 59 85 87 90 54 63 78 67 
85 84 28 91 57 73 9 100 15 68 80 39 17 53 83 58 85 10 25 30 40 24 55 98 60 41 87 13 3 65 79 39 100 6 30 8 31 38 7 45 5 86 35 73 91 17 31 27 78 55 56 17 30 62 66 89 54 5 1 9 21 32 47 20 37 76 27 67 14 85 64 70 23 98 43 65 67 73 91 44 79 46 13 8 7 78 96 60 34 
48 68 54 79 15 73 16 42 99 34 55 36 97 77 58 95 19 22 61 91 12 56 69 9 20 76 67 50 23 78 83 70 98 37 49 64 9 16 5 60 1 12 95 98 88 52 44 6 25 56 48 88 63 16 96 83 43 14 84 17 91 66 86 40 2 86 3 63 1 60 74 2 71 68 51 10 71 46 15 95 1 14 82 15 81 29 49 23 42 
32 91 84 98 76 24 51 62 78 65 14 37 38 15 59 5 65 68 27 10 34 21 62 47 2 77 27 30 77 1 23 9 91 7 58 67 30 60 80 7 25 93 96 14 60 54 71 24 22 97 86 55 18 99 2 71 27 80 53 4 81 75 64 71 81 21 89 62 80 68 21 56 13 16 70 72 21 40 47 42 88 84 97 5 83 50 76 61 29 
80 16 61 54 79 32 87 51 72 48 31 40 20 38 4 35 7 75 56 98 21 49 38 5 97 42 39 98 69 51 27 48 67 87 54 97 70 40 48 42 87 30 33 59 67 36 45 26 10 52 75 82 1 12 38 97 6 28 47 26 79 73 74 97 11 79 45 81 18 44 74 56 73 6 14 92 93 59 69 2 62 95 35 62 7 73 11 64 52 
57 89 82 81 14 78 43 92 75 75 61 18 48 17 43 5 82 34 97 92 2 50 54 96 85 15 54 9 77 17 60 85 58 42 65 71 71 8 15 97 82 75 15 82 91 57 86 25 42 83 16 43 84 69 90 20 36 96 28 12 64 40 49 21 33 65 44 55 72 58 52 6 32 18 39 75 74 24 99 15 58 66 9 42 35 50 13 70 45 
41 33 61 32 81 81 16 98 76 70 69 33 73 26 17 90 64 43 63 40 93 29 49 58 89 42 44 39 55 13 35 47 98 95 78 30 28 93 27 3 14 48 36 87 25 4 76 41 46 91 80 90 71 80 47 60 22 43 98 76 55 84 22 4 79 51 86 6 43 12 8 56 11 95 94 36 98 70 76 95 12 7 36 82 86 35 41 59 77 
90 34 83 74 7 87 52 57 72 9 51 35 16 59 98 63 52 85 12 21 12 7 32 18 42 66 55 76 6 66 4 48 51 87 21 58 73 24 66 96 84 17 82 51 75 79 13 78 63 25 99 74 83 82 43 76 47 50 4 5 15 7 52 65 93 24 74 17 99 92 64 82 8 46 32 34 76 97 11 91 21 61 16 55 95 59 30 41 60 
85 97 74 92 100 90 84 23 16 53 21 7 16 54 66 61 38 51 89 34 13 79 6 74 94 60 20 4 41 12 63 26 9 88 17 8 78 52 31 45 4 3 51 20 9 16 32 46 18 20 79 30 98 84 55 44 95 74 47 35 86 10 12 94 97 80 53 26 32 35 70 87 38 72 6 98 87 90 43 56 9 21 86 59 56 40 2 2 14 
48 88 51 57 100 44 6 79 48 31 62 83 53 49 72 24 6 69 63 95 11 18 4 83 3 62 90 95 15 91 60 62 30 10 71 29 5 76 60 52 6 21 34 58 21 5 82 27 25 44 21 87 13 76 69 16 37 10 10 3 52 69 65 82 30 35 62 34 10 73 85 67 94 71 77 14 27 58 92 52 53 13 38 65 88 59 32 77 68 
93 79 72 13 95 53 42 29 66 75 90 39 12 9 84 82 85 49 8 94 41 59 98 53 49 14 40 7 46 68 74 90 47 97 3 41 49 44 22 67 71 63 5 82 71 88 63 55 88 70 100 28 81 97 80 29 11 72 35 8 91 60 97 37 57 99 30 57 95 3 23 65 65 79 46 88 18 8 94 6 29 94 33 9 90 65 89 100 88 
75 59 78 87 56 67 95 6 48 3 100 50 78 64 66 56 61 53 26 20 47 31 49 40 15 9 81 31 50 33 18 24 91 48 62 98 14 56 4 61 59 55 62 36 71 27 91 31 32 68 51 78 98 51 69 65 59 49 95 8 81 65 84 24 12 45 21 77 1 24 89 11 79 50 46 49 28 88 31 59 56 81 88 5 31 56 69 42 57 
16 1 89 32 36 12 43 81 33 71 33 8 59 95 38 8 40 38 87 79 69 46 86 1 33 91 84 41 11 77 97 78 77 85 9 65 49 3 97 81 73 81 40 31 75 78 90 66 67 77 44 35 74 82 88 6 72 23 98 34 99 94 12 27 31 72 91 79 75 87 11 99 67 50 82 93 79 23 58 46 51 54 32 24 35 71 82 58 93 
79 43 91 73 6 70 55 78 60 33 4 99 43 2 17 44 83 10 75 6 19 20 56 24 3 32 10 74 13 19 18 91 62 61 15 67 30 69 96 89 53 99 39 95 53 56 91 35 17 65 92 35 36 100 11 90 31 20 15 95 39 33 85 100 93 52 18 74 20 66 62 73 64 1 19 16 8 61 3 24 77 46 10 12 97 20 54 79 40 
68 73 30 52 10 81 96 61 98 69 32 63 83 4 79 35 75 46 42 35 48 17 12 46 26 75 42 46 80 21 37 48 45 66 51 54 46 47 66 43 67 98 58 1 1 88 35 27 33 28 14 33 44 77 78 70 51 71 67 83 91 3 30 88 68 32 41 13 30 7 7 97 56 16 97 8 3 84 35 36 11 48 68 55 24 97 76 26 67 
42 60 10 44 89 97 63 73 89 27 2 47 33 50 2 1 99 10 3 82 96 90 44 43 9 50 18 5 25 95 72 18 55 81 61 95 29 75 19 17 1 21 64 34 22 17 86 72 26 88 53 73 78 49 15 38 98 84 43 75 31 14 92 37 46 5 83 74 79 2 42 32 74 5 17 47 74 2 19 99 89 23 72 18 71 38 56 21 74 
98 47 56 63 38 44 60 94 78 33 25 79 74 56 4 31 72 51 4 73 21 54 13 43 77 31 14 67 38 86 92 87 32 47 1 21 42 60 15 19 44 91 50 69 46 53 51 69 55 6 41 75 60 53 70 88 35 35 54 24 20 45 62 3 43 62 23 84 73 89 3 16 79 52 37 76 56 87 44 11 93 84 37 4 89 6 91 75 40 
97 99 11 41 60 13 36 74 88 19 46 76 21 14 7 24 2 82 80 88 26 42 32 61 30 87 49 36 30 76 27 26 74 38 18 85 50 53 58 89 24 56 65 44 69 71 20 70 52 99 9 29 92 93 90 21 31 90 56 12 65 35 37 90 72 7 75 73 11 84 62 34 39 78 30 59 48 49 80 51 47 41 80 90 85 21 10 15 10 
18 27 27 52 15 16 75 73 42 47 84 26 60 17 16 37 46 27 36 94 6 87 92 98 18 81 82 90 43 49 51 60 27 77 11 93 93 85 66 86 83 49 11 95 17 79 83 63 5 19 8 62 57 52 60 26 84 93 15 26 41 65 85 19 94 47 12 38 83 29 23 18 29 86 12 45 64 94 59 68 64 19 81 20 70 40 45 53 33 
11 31 25 28 15 44 21 14 7 58 48 35 32 65 63 17 28 7 80 74 18 99 37 36 80 57 57 71 53 9 55 16 39 80 43 6 75 15 71 81 72 18 15 3 83 77 72 62 35 51 35 4 2 72 91 33 80 47 55 84 8 10 99 46 41 41 3 15 55 73 47 78 91 61 33 25 89 4 38 75 6 73 79 7 44 69 91 75 68 
46 58 75 7 57 20 47 49 75 13 4 47 59 33 89 19 65 65 59 20 3 33 26 27 63 84 70 84 75 96 51 72 53 25 78 9 96 24 10 70 88 65 69 46 97 9 64 14 74 74 33 28 6 58 54 21 94 75 4 68 70 54 91 22 78 68 83 73 43 92 95 30 56 63 75 4 71 90 17 96 63 2 75 20 59 28 40 4 2 
95 71 23 48 61 97 77 80 79 2 22 22 96 3 29 10 77 84 32 18 1 80 32 2 54 52 12 82 43 16 35 38 38 10 37 51 6 14 30 36 67 4 57 62 6 37 23 83 20 6 52 72 85 84 25 91 87 89 72 29 4 58 18 93 67 55 43 72 20 25 59 86 28 67 99 33 3 73 67 75 78 71 98 15 54 23 5 40 11 
28 20 66 85 90 58 4 96 53 27 15 77 86 52 4 52 2 88 7 74 7 81 51 77 30 17 30 52 21 21 14 48 92 79 85 33 89 40 28 41 18 94 17 3 45 72 7 46 11 65 19 17 97 22 45 26 38 26 78 11 98 43 10 90 22 94 22 10 85 2 2 3 95 18 57 40 41 15 37 3 79 8 20 75 29 16 53 18 42 
30 80 39 24 90 80 45 35 54 6 20 55 7 22 49 76 30 88 68 45 77 71 75 84 42 50 64 57 2 33 98 83 13 89 6 2 68 3 36 21 8 7 27 67 80 76 94 10 15 62 6 91 32 80 26 73 29 89 29 82 22 79 16 34 19 74 87 86 76 74 59 35 81 85 53 60 12 47 69 27 8 26 69 39 6 95 63 34 83 
43 68 56 21 83 89 39 8 27 77 83 1 87 70 81 23 22 92 35 68 13 13 75 38 33 65 43 27 79 29 62 22 48 17 94 30 58 33 90 36 61 72 36 99 93 68 21 15 12 7 34 24 71 61 61 4 25 56 82 56 84 43 77 31 12 70 12 21 54 53 56 66 25 44 64 17 63 85 83 74 43 17 97 14 77 10 69 53 17 
50 8 100 45 36 82 56 6 45 28 59 98 35 25 74 78 40 42 41 24 25 14 19 93 63 84 21 24 52 25 40 1 33 91 97 68 24 4 25 68 31 84 17 66 60 42 95 99 84 35 75 60 1 45 4 15 28 24 38 79 48 29 31 32 19 28 52 42 83 76 61 14 11 30 79 70 71 73 21 54 60 95 65 12 39 68 26 18 43 
15 48 43 43 78 74 61 57 25 54 40 1 66 5 11 95 35 33 66 59 53 71 18 99 88 29 89 7 6 6 50 20 53 92 14 82 65 26 39 42 79 30 94 45 34 4 91 68 88 56 78 40 79 96 38 66 76 26 72 34 83 73 53 35 64 19 17 81 44 7 74 75 36 67 71 21 70 61 40 10 69 17 49 47 64 39 12 92 16 
35 25 99 8 77 33 23 95 1 3 91 7 76 65 94 94 35 66 16 95 57 25 63 74 73 61 89 11 24 80 27 59 4 77 18 33 9 40 79 10 95 69 68 22 33 62 16 19 27 31 66 84 55 28 9 79 89 49 42 64 29 20 22 84 96 91 16 56 31 95 17 77 15 85 98 100 46 65 18 24 47 83 59 53 63 19 32 3 68 
25 66 48 44 40 31 91 30 47 46 12 93 63 40 59 47 38 58 44 54 28 19 1 62 78 53 76 96 36 30 15 60 96 62 55 87 45 45 68 43 43 32 35 5 71 45 3 60 55 98 14 82 16 14 95 45 18 71 41 54 52 7 65 99 69 20 85 65 64 5 7 6 36 41 62 6 37 64 66 91 61 79 24 29 44 71 73 61 93 
65 66 44 72 31 43 92 50 27 56 65 31 62 71 18 54 32 76 90 48 41 33 60 71 56 40 66 78 13 78 70 77 44 14 100 74 56 43 75 34 98 39 17 11 61 34 16 45 9 58 44 1 90 3 71 97 43 36 75 7 66 44 35 9 9 35 34 64 29 60 98 27 98 14 89 11 47 5 55 8 62 98 8 3 52 31 51 46 18 
25 52 83 21 39 43 29 73 76 45 1 35 42 79 85 7 20 95 5 24 49 12 37 98 72 91 49 2 41 47 19 18 98 54 90 88 96 70 12 72 14 13 58 7 43 42 13 14 36 18 89 36 81 25 33 52 67 34 53 60 80 24 29 29 77 18 17 72 39 28 95 53 92 53 11 87 46 24 100 82 41 89 69 21 65 2 73 32 87 
77 43 66 100 71 46 28 40 62 52 78 42 46 82 33 50 93 19 96 16 71 29 8 59 97 80 23 50 4 6 36 81 48 53 32 18 99 12 57 12 63 87 53 60 68 38 10 60 8 57 27 78 85 34 88 81 66 11 31 69 68 18 1 16 71 85 85 21 96 94 32 10 80 37 69 99 74 78 59 33 34 37 11 70 23 98 51 88 60 
33 56 28 2 9 43 24 93 79 44 88 72 28 49 51 64 17 2 89 47 60 21 32 48 83 2 70 33 4 9 92 88 17 71 89 25 65 13 17 44 8 56 15 35 4 18 50 72 19 90 18 30 63 2 29 97 3 51 29 58 59 73 45 75 43 33 99 8 97 67 3 5 74 69 91 29 38 93 1 56 34 70 37 96 71 18 45 25 68 
73 82 26 97 26 1 40 59 51 99 7 70 53 11 95 21 54 24 59 46 76 66 79 45 55 27 68 72 71 92 39 95 74 16 92 99 68 83 9 71 33 16 40 85 78 86 5 31 9 63 28 36 81 59 33 35 37 100 6 59 91 96 53 16 11 96 15 79 30 75 49 62 90 40 46 20 25 3 2 86 17 30 73 97 40 5 31 76 4 
88 34 47 83 38 62 46 34 28 76 15 3 24 77 44 15 74 63 91 76 17 76 45 46 49 41 37 5 24 12 9 63 97 7 98 86 20 43 71 48 18 86 2 93 62 45 7 87 60 97 15 76 25 59 73 25 51 9 29 74 72 89 89 68 95 86 5 15 28 76 14 97 61 15 89 22 11 47 60 22 95 74 49 71 32 21 95 83 81 
76 8 52 64 96 71 11 81 76 77 60 51 90 56 63 4 96 36 66 94 95 88 89 69 36 59 100 9 6 34 89 33 94 93 48 89 15 58 22 42 86 81 44 75 89 6 30 84 41 96 78 36 35 18 56 70 28 7 30 85 41 71 17 34 63 65 74 29 74 95 71 60 28 14 86 16 72 16 51 12 63 80 99 97 49 54 18 77 61 
48 61 53 70 30 38 32 46 11 12 19 58 82 30 37 48 16 4 19 31 6 82 93 86 33 41 86 86 58 62 98 57 75 2 26 4 39 9 49 2 21 19 11 54 49 47 53 64 50 23 46 55 5 38 92 37 30 78 74 87 91 24 96 17 25 73 20 16 82 20 17 54 39 27 59 39 25 12 2 26 34 99 32 38 36 76 26 65 5 
52 3 95 75 50 12 99 23 83 14 56 55 82 9 45 60 19 83 84 30 36 61 64 34 93 53 21 68 31 37 72 82 91 18 56 41 81 6 15 64 72 70 18 53 30 14 65 48 96 100 78 83 61 93 16 5 97 88 24 27 24 95 60 14 64 67 6 45 73 20 60 96 41 29 48 70 42 64 18 89 64 47 71 24 91 38 28 87 25 
51 66 100 97 77 65 12 44 71 8 68 42 19 63 83 47 62 52 40 26 21 28 89 19 98 64 61 35 43 100 11 45 65 10 93 41 75 4 36 97 64 3 38 82 65 20 29 27 24 68 52 96 48 92 67 97 7 27 32 49 26 94 93 42 4 85 35 78 40 70 26 3 25 63 85 89 35 65 67 58 84 70 5 31 61 23 28 67 50 
11 67 27 4 59 21 59 95 7 88 87 28 13 41 52 76 25 41 10 41 7 19 25 77 75 7 89 98 86 8 99 96 74 77 52 85 97 62 31 55 50 17 83 62 58 86 89 34 78 50 75 85 20 51 13 47 9 53 44 95 12 94 90 86 70 93 70 19 55 100 73 4 69 7 17 26 93 58 11 70 59 85 6 79 87 70 25 96 75 
20 90 86 13 31 71 82 24 92 52 30 44 25 85 12 83 1 89 27 10 99 97 69 36 54 99 74 76 75 69 50 94 10 35 58 41 58 91 16 1 43 45 96 19 29 59 53 81 47 80 91 98 28 11 33 81 9 6 8 35 27 57 80 36 44 37 28 53 79 43 53 73 87 49 43 67 7 96 100 6 75 90 3 2 52 87 34 12 44 
42 46 22 50 77 58 93 65 37 45 43 80 50 68 18 50 10 85 8 5 84 65 31 25 19 32 28 5 18 39 1 11 36 74 60 12 83 5 28 20 1 70 99 50 37 16 51 99 52 59 3 87 23 34 63 42 17 42 98 86 80 50 96 67 24 8 30 6 12 57 77 12 79 75 14 67 43 64 65 46 74 20 33 49 53 47 42 21 89 
39 7 20 41 54 39 16 61 68 73 72 77 50 84 7 24 49 25 18 12 42 64 38 61 48 86 65 94 27 85 34 17 43 54 57 97 44 72 57 63 45 29 91 46 64 97 69 64 74 87 75 15 50 12 75 49 97 91 42 75 27 76 92 70 81 48 66 76 72 74 38 68 54 29 13 69 25 81 32 50 19 7 64 20 70 90 68 19 80 
62 93 7 89 36 76 21 84 93 96 7 18 33 74 72 61 86 40 38 18 72 87 89 30 3 60 51 92 28 21 72 41 66 78 29 1 5 49 36 49 44 42 66 28 15 89 41 52 81 78 22 4 16 10 85 18 69 35 10 48 8 33 40 73 62 68 25 66 68 61 66 11 2 83 91 69 24 31 72 4 60 45 7 75 54 43 45 75 77 
6 74 36 38 14 8 99 33 33 16 1 45 33 63 98 15 53 18 90 35 90 93 94 34 51 21 40 93 65 66 22 22 91 57 59 4 17 9 89 1 24 89 45 8 51 94 74 56 12 64 90 53 8 84 86 59 4 77 3 20 94 24 41 85 33 99 40 1 59 28 1 34 16 97 41 19 90 14 74 1 29 63 53 37 98 91 95 1 19 
49 72 13 25 12 49 9 62 88 9 20 68 61 53 83 57 45 53 98 59 26 51 87 41 55 75 38 45 21 91 16 70 62 80 94 26 28 54 87 67 62 59 34 22 63 69 30 8 73 79 18 99 29 4 91 84 79 28 80 51 70 47 20 32 26 65 57 5 18 95 72 31 53 57 52 16 77 33 23 50 12 40 48 92 95 90 27 25 69 
7 76 39 53 47 22 31 12 30 35 81 24 6 12 29 15 15 96 91 100 70 40 11 9 39 54 55 28 81 32 97 39 59 87 91 5 8 21 68 37 56 1 12 13 12 40 27 26 35 18 25 4 9 87 64 48 41 71 27 73 2 75 11 12 61 53 68 68 74 36 56 81 36 68 45 99 7 72 24 94 41 1 49 1 39 13 100 31 35 
27 3 36 1 65 99 14 18 66 33 91 53 89 23 40 56 67 38 14 90 14 59 30 14 8 83 52 72 82 35 6 60 37 93 13 2 91 26 71 56 58 61 61 46 35 100 53 1 38 19 43 51 77 24 16 36 6 19 7 88 53 64 47 42 56 59 95 98 84 65 54 94 77 66 91 11 65 96 63 2 14 5 4 42 29 19 78 34 38 
36 73 90 100 20 31 55 30 25 53 66 41 58 59 17 75 1 27 39 96 90 41 9 46 96 3 74 15 32 60 52 67 32 93 18 3 76 73 33 52 77 98 93 86 8 9 60 8 36 50 56 77 42 64 22 38 18 96 52 49 7 55 16 38 47 33 41 74 57 25 26 85 22 18 22 81 26 33 40 13 83 95 41 24 11 63 13 28 10 
64 77 16 70 44 5 17 28 45 90 37 69 67 73 42 84 47 74 62 79 14 26 13 8 67 89 18 29 1 46 90 17 74 57 86 69 61 54 96 58 96 84 26 62 57 20 98 3 93 11 33 6 36 46 66 2 34 83 82 86 80 23 2 53 79 40 73 40 93 69 97 88 4 74 2 12 45 99 14 38 9 99 95 96 44 60 50 29 95 
83 66 74 6 20 79 84 59 51 23 51 71 71 91 75 45 92 38 41 42 4 78 2 2 25 97 97 36 46 77 30 29 42 56 34 61 34 69 19 36 44 22 7 14 12 33 10 3 70 51 96 73 80 97 74 4 93 22 92 91 98 21 19 40 76 4 100 61 72 71 97 15 92 55 81 3 87 42 57 8 92 52 33 24 48 58 27 92 80 
70 82 77 91 100 16 18 55 68 79 27 38 27 93 81 81 25 83 19 67 91 26 58 94 58 33 41 16 12 32 47 81 66 23 71 65 91 41 72 10 71 50 99 97 42 79 77 19 13 95 85 3 72 94 96 82 27 88 97 38 71 43 18 36 17 41 53 59 33 24 68 3 73 66 99 66 96 27 84 8 73 68 62 96 14 9 77 40 48 
25 29 19 19 46 6 36 38 58 94 70 81 14 24 5 31 74 71 27 100 6 86 24 74 100 20 87 8 96 78 8 73 6 26 91 3 83 78 93 41 72 14 73 37 38 30 67 11 100 93 63 5 31 86 30 30 57 68 37 5 97 44 77 54 21 67 57 4 45 1 96 68 14 20 4 51 49 22 14 100 15 76 57 45 13 38 26 70 6 
62 74 54 58 2 8 30 68 16 85 64 16 80 31 81 52 86 84 100 8 97 100 74 24 56 70 36 93 95 57 50 8 82 4 17 83 63 47 3 78 31 66 45 63 97 25 14 34 8 13 41 4 64 66 79 71 35 15 16 81 23 65 89 5 20 5 39 34 3 41 11 34 7 7 48 55 32 61 88 39 25 81 95 41 98 73 11 85 39 
26 65 14 43 5 18 14 62 8 48 64 49 10 49 7 17 96 61 100 56 100 90 33 32 84 73 30 9 83 14 99 61 30 12 3 35 81 68 96 89 15 59 89 77 8 95 93 55 7 44 63 6 33 95 90 69 19 71 77 53 36 27 13 65 39 67 51 71 35 46 59 1 57 47 77 16 93 21 70 99 64 84 5 49 78 46 17 48 16 
93 1 51 71 65 15 9 32 18 32 18 63 90 18 71 89 47 38 81 19 60 80 83 43 36 31 73 81 99 20 48 91 72 98 13 37 64 74 20 81 5 37 96 94 6 18 34 4 56 67 23 67 46 57 9 33 87 33 65 85 53 12 27 24 9 39 12 24 64 31 5 68 67 52 14 25 69 47 28 24 13 50 42 10 6 51 42 44 83 
58 80 87 69 58 63 29 49 74 53 12 5 9 80 23 60 93 47 28 91 75 4 4 76 45 65 34 47 59 77 82 16 9 68 85 66 82 65 66 56 17 78 12 25 57 34 84 1 33 64 91 59 67 46 34 11 63 67 58 21 96 91 88 56 58 72 21 92 89 87 47 5 16 10 82 24 43 17 24 75 80 66 33 46 64 19 9 26 37 
18 98 84 8 85 39 17 9 12 8 97 98 6 1 65 67 34 88 10 51 63 36 82 80 21 28 43 91 88 20 27 5 17 63 64 2 1 80 10 12 40 58 61 97 10 25 64 44 64 25 46 78 60 27 58 32 6 52 22 93 72 1 97 40 63 12 93 63 92 54 27 83 11 87 79 21 64 94 16 27 18 61 5 78 87 14 61 93 65 
35 85 88 35 34 80 49 97 72 63 88 26 89 22 88 28 53 60 91 46 75 17 64 35 73 93 74 86 53 18 3 87 2 90 73 87 69 73 84 93 36 23 70 76 97 57 3 49 17 93 94 91 62 57 78 86 49 3 24 54 20 26 40 73 15 65 60 36 37 95 28 24 69 97 100 65 5 2 65 73 47 59 16 60 15 93 45 16 95 
20 69 14 45 60 86 12 24 97 47 13 43 26 36 64 74 87 80 30 89 45 3 87 55 18 98 69 62 42 36 8 62 4 73 58 64 10 69 39 7 67 51 1 92 39 16 17 25 96 47 65 92 49 51 46 18 48 66 79 42 2 86 55 5 58 64 20 67 33 59 25 99 61 78 43 51 93 11 76 40 57 40 31 57 43 76 26 42 42 
4 35 95 41 41 99 50 5 71 69 37 81 93 87 93 22 81 44 67 92 19 6 100 10 37 9 52 64 34 46 57 90 80 51 82 21 2 32 25 24 100 13 4 44 99 96 18 32 39 84 75 9 89 74 19 77 34 22 93 20 19 1 9 99 4 42 71 57 73 47 80 24 59 35 20 9 82 37 92 21 20 66 81 60 92 51 89 25 73 
81 96 43 33 4 93 36 98 63 92 70 61 23 46 71 57 65 32 39 53 23 11 72 89 43 83 80 94 71 56 18 3 52 60 88 7 53 23 4 67 67 26 28 89 71 98 46 87 29 36 39 52 98 62 92 40 44 23 33 67 78 50 21 81 62 8 88 14 31 43 80 97 68 59 37 90 57 34 76 37 69 14 40 18 75 31 58 71 5 
90 37 83 92 57 15 53 65 2 18 47 45 97 95 64 8 31 54 64 65 29 52 85 43 92 3 69 74 60 39 79 1 75 13 44 84 27 48 100 81 65 98 77 14 92 40 21 74 93 36 38 74 87 75 68 30 77 36 4 88 27 34 40 53 98 36 88 24 83 87 56 100 84 32 65 27 72 37 1 16 72 90 41 10 16 8 92 92 96 
47 31 22 80 23 26 77 58 14 52 92 100 8 91 36 91 7 14 62 43 14 30 66 56 22 76 71 30 19 15 77 65 97 50 44 19 75 72 28 88 23 20 40 82 62 27 73 69 40 86 11 6 67 77 61 89 4 83 70 22 97 46 86 46 95 81 64 21 52 92 61 26 63 52 60 24 78 84 92 69 69 55 74 36 31 86 76 86 21 
45 7 17 42 44 14 88 24 78 8 27 21 68 52 83 71 63 58 48 46 50 17 15 4 42 2 86 80 29 71 100 73 77 68 66 20 82 53 95 11 60 21 31 80 24 65 50 87 22 50 32 23 18 98 78 11 51 63 90 79 33 89 3 61 9 68 32 42 20 26 52 32 98 34 11 22 98 12 8 71 13 91 94 30 89 71 41 39 86 
30 70 70 71 72 31 31 40 14 72 11 92 23 42 89 56 4 10 5 68 69 27 80 60 72 10 100 43 2 90 80 83 59 49 5 31 31 35 22 45 58 84 36 80 78 76 87 81 86 43 100 6 22 80 65 93 41 64 87 94 54 66 76 64 15 81 94 45 67 67 41 25 3 76 56 80 52 95 12 89 89 12 94 10 43 11 3 35 74 
89 28 79 7 55 43 21 87 88 17 54 7 58 30 9 85 37 88 36 83 99 76 24 62 22 85 56 32 39 90 57 80 69 36 86 24 30 6 10 17 74 15 23 31 96 31 16 85 70 3 19 21 79 42 82 52 79 90 83 17 79 39 96 48 74 33 23 3 38 32 72 64 99 46 94 94 77 61 30 98 64 49 18 94 42 52 45 20 41 
27 37 71 17 84 18 91 17 92 45 6 24 68 69 74 14 15 67 42 75 97 39 38 97 9 83 38 60 27 58 52 5 46 22 22 29 92 64 97 83 60 3 58 28 23 31 41 37 50 82 12 98 20 1 94 80 84 31 91 62 88 42 19 85 16 40 66 59 55 62 41 14 16 51 41 39 81 33 75 82 14 38 79 86 39 72 65 74 3 
56 87 42 49 5 79 64 96 44 22 50 5 15 16 21 17 8 11 49 41 37 31 6 75 9 91 65 81 8 90 35 15 76 28 63 81 6 79 76 49 52 78 6 18 45 78 34 52 88 83 44 24 13 50 50 73 92 14 5 51 55 39 65 31 19 80 63 24 58 90 25 61 67 82 79 11 59 64 15 46 98 58 21 62 7 71 35 51 36 
39 1 91 30 66 73 48 45 35 23 54 24 99 66 43 80 44 53 38 60 19 35 57 77 56 19 83 78 53 33 13 43 34 55 72 51 27 71 47 61 46 100 37 44 17 79 24 61 83 13 72 2 48 28 78 55 98 12 32 2 97 44 45 82 51 68 32 77 91 78 90 36 29 26 79 45 56 54 57 38 19 80 91 18 60 20 72 57 32 
3 59 28 98 55 61 48 74 92 77 64 21 66 99 1 43 30 97 50 35 6 87 53 85 30 22 96 49 93 53 32 47 63 11 97 69 71 96 42 14 72 6 86 89 56 38 31 85 35 80 20 92 19 24 28 100 46 24 48 90 28 80 89 90 90 85 58 13 80 99 26 52 56 12 40 12 49 23 96 35 54 67 78 24 43 6 23 40 81 
23 81 8 54 69 97 95 53 54 7 85 4 33 36 60 96 27 71 96 1 18 31 7 85 8 30 79 65 5 18 45 27 50 52 32 19 100 26 71 5 33 55 9 17 42 20 12 21 90 7 21 7 89 27 43 49 9 73 13 13 42 10 91 92 61 22 10 13 99 32 17 31 39 25 47 32 44 10 52 85 69 25 44 57 3 38 57 63 11 
70 75 4 31 17 95 43 90 56 55 89 88 72 19 78 48 18 9 92 79 13 28 47 89 71 56 43 61 12 6 23 33 32 26 63 49 21 58 38 76 12 26 15 35 97 44 83 66 5 26 44 69 53 91 57 76 98 51 36 9 56 58 94 88 83 8 88 55 65 25 83 77 3 49 11 51 93 45 16 97 70 59 17 75 1 73 50 98 23 
37 59 31 46 52 18 80 59 57 35 76 33 69 4 35 17 14 85 61 59 52 9 80 11 25 54 11 49 55 61 72 91 19 54 36 22 23 16 32 79 2 7 11 22 10 98 90 76 34 51 86 86 59 65 96 36 71 58 84 25 18 7 16 88 60 3 9 82 70 93 60 23 99 23 44 61 20 34 88 5 36 73 90 94 89 37 81 11 47 
65 36 64 71 3 52 31 5 12 12 27 4 24 49 55 46 45 67 17 78 54 21 13 78 63 58 18 51 39 29 97 55 16 61 25 18 64 7 22 27 71 48 83 94 49 89 91 93 55 59 22 60 79 86 89 93 95 58 44 85 86 40 39 1 52 16 70 15 22 92 94 92 91 76 37 91 64 79 83 70 37 56 29 68 41 69 12 36 26 
55 20 64 47 59 16 98 74 86 65 47 29 58 91 71 33 79 62 48 58 96 17 46 52 45 65 44 65 77 79 90 31 51 53 77 61 69 27 86 54 91 32 34 48 74 4 32 53 65 79 62 13 95 59 16 91 24 59 55 100 90 96 82 40 1 11 52 69 37 37 74 79 20 7 78 94 62 9 98 79 87 11 91 33 69 58 75 92 16 
29 43 57 76 25 48 76 87 99 96 75 87 21 53 7 27 30 52 41 90 1 19 28 11 61 60 79 18 34 23 33 14 65 42 41 41 89 17 79 88 12 5 26 33 57 84 11 38 87 3 79 87 21 6 49 81 17 80 98 2 2 83 15 18 76 8 11 64 24 41 3 87 46 29 19 54 12 82 44 99 84 22 37 57 28 86 37 96 65 
87 98 18 21 64 87 96 71 49 11 46 90 14 33 35 94 3 88 5 84 31 55 20 53 92 76 32 29 64 27 45 2 76 14 22 40 100 69 62 49 80 8 38 45 40 24 38 42 11 42 78 94 49 49 46 92 76 29 72 39 7 16 93 35 29 14 74 80 35 87 28 66 94 17 10 85 40 47 79 51 40 8 44 88 56 41 31 31 21 
2 21 79 17 13 13 97 79 38 77 65 25 56 30 70 73 39 55 12 37 85 14 76 92 9 64 99 1 94 81 21 48 1 100 64 66 12 13 44 50 89 8 26 44 89 95 16 27 1 80 63 85 93 38 28 54 53 26 54 99 6 27 46 59 26 61 24 89 73 19 90 61 78 15 57 66 10 24 92 10 3 6 47 48 95 74 53 100 100 
6 98 57 32 95 15 9 55 90 50 28 8 39 40 85 54 96 50 15 72 93 76 74 50 22 73 45 96 25 44 47 83 93 55 66 87 22 75 41 11 76 20 71 14 12 7 19 59 9 85 30 1 61 4 51 34 28 47 29 5 90 27 87 82 82 52 68 3 78 60 65 53 32 35 19 43 42 37 1 2 22 31 54 34 86 4 67 13 2 
48 17 43 74 55 24 7 7 43 9 84 55 26 89 86 60 7 28 53 95 28 54 68 10 8 1 95 63 20 60 17 67 28 59 92 83 83 99 41 77 59 76 31 84 64 68 96 22 47 48 17 75 54 84 36 13 37 31 27 56 42 43 74 69 2 65 51 36 15 91 64 74 19 47 57 82 14 4 56 61 52 72 87 57 7 22 21 95 4 
47 2 45 42 75 14 95 40 16 30 54 59 45 79 77 91 88 10 57 91 65 17 94 88 55 2 95 28 22 41 32 21 43 76 62 17 41 56 8 9 37 14 67 81 92 95 24 79 4 80 22 21 48 15 8 2 17 2 81 90 43 12 10 37 40 71 53 32 78 61 40 66 26 58 47 17 52 22 48 8 1 69 28 48 35 35 1 51 89 
81 93 83 45 2 19 84 25 71 67 2 83 7 68 8 64 66 77 16 87 24 75 39 44 2 38 78 36 38 81 76 70 73 58 14 26 76 49 50 99 16 4 33 74 23 93 37 40 69 4 26 44 78 16 39 31 53 16 67 42 48 94 11 72 52 77 98 79 77 99 29 44 2 14 17 24 6 6 63 26 61 40 21 39 55 59 69 59 26 
87 100 74 81 11 97 84 39 94 14 15 45 43 59 46 56 27 22 13 32 36 90 93 28 10 83 34 68 3 93 45 90 92 18 22 54 67 57 92 12 70 59 56 64 69 2 71 95 75 83 79 10 72 71 37 33 5 23 52 7 15 97 48 6 66 21 12 32 77 3 44 47 13 99 10 81 52 81 76 26 15 6 88 39 76 76 71 32 98 
23 38 12 19 86 70 84 6 81 68 35 35 11 81 100 61 42 80 13 22 7 38 89 12 77 27 39 53 97 70 50 71 60 62 89 97 83 25 2 15 44 88 1 54 68 100 14 62 80 78 83 38 68 71 2 44 49 40 96 46 62 46 68 21 59 57 69 93 33 22 7 76 10 7 81 77 59 46 38 90 24 73 27 91 95 28 86 44 20 
82 41 33 79 8 5 37 16 73 29 100 94 87 27 3 45 59 32 3 5 21 92 80 45 19 22 92 98 7 87 69 88 27 53 66 86 9 54 54 81 34 53 27 20 32 81 65 90 12 19 46 85 11 25 29 81 98 20 78 5 58 99 44 84 3 62 22 12 15 75 92 1 79 70 72 62 51 88 52 14 7 49 98 17 74 79 97 71 50 
26 27 8 24 71 43 27 32 64 90 98 90 81 98 21 51 22 82 53 9 85 66 15 34 64 31 59 94 27 81 43 53 8 50 28 30 93 6 13 8 95 62 98 28 60 18 30 81 51 82 41 36 99 56 21 62 86 79 55 65 59 50 69 18 99 48 47 43 54 11 51 100 73 100 79 32 69 8 64 19 41 4 6 40 11 26 53 97 4 
60 13 63 9 81 32 7 28 79 2 33 89 52 85 13 51 63 96 19 23 59 89 63 15 95 54 77 20 59 73 24 18 37 38 26 17 21 84 97 99 85 29 40 88 13 52 38 28 48 8 50 58 49 64 24 43 18 1 14 76 25 89 45 62 26 70 30 47 53 26 97 90 55 88 77 19 92 67 46 91 26 47 100 74 11 76 16 80 76 
30 55 52 18 99 65 96 20 95 94 24 72 42 13 78 82 42 97 73 8 94 15 33 41 14 7 51 89 74 30 16 55 36 20 25 86 84 72 5 30 17 80 2 58 93 31 91 34 27 15 93 73 29 77 65 95 83 15 83 9 96 51 15 83 70 39 68 5 62 24 87 78 3 40 88 47 70 78 32 49 93 76 73 73 53 37 67 87 3 
2 95 98 52 10 32 73 100 99 29 62 74 67 91 28 6 78 27 28 8 58 28 100 86 100 24 38 36 91 24 90 92 19 87 95 80 18 19 31 68 47 92 93 66 83 20 23 12 46 50 19 56 29 70 41 28 94 78 15 84 53 4 27 23 42 73 54 11 91 85 30 89 76 22 54 10 94 77 22 91 78 40 46 7 10 38 86 55 67 
53 38 72 8 16 94 50 88 48 60 30 32 42 18 59 63 24 21 8 52 42 99 29 33 96 87 94 34 25 48 52 77 37 23 84 52 69 33 91 16 45 20 99 38 90 57 100 65 77 8 16 70 58 96 3 53 83 48 38 7 96 90 35 32 64 18 36 32 3 26 99 99 98 97 36 87 6 87 51 82 46 18 4 3 13 58 56 47 5 
93 5 52 34 39 84 50 57 71 33 11 96 32 9 45 28 96 31 33 82 33 67 28 50 70 30 15 27 37 61 83 82 66 35 67 4 70 16 12 40 49 22 87 32 82 32 59 77 14 44 59 99 10 38 100 31 19 14 9 56 27 43 89 92 77 55 47 98 71 11 37 71 84 76 2 66 7 12 94 72 55 4 70 16 41 22 98 12 35 
6 67 13 49 55 56 77 9 55 75 31 65 63 1 48 38 54 65 96 66 59 20 20 14 89 88 7 62 85 18 49 43 84 61 43 90 17 71 50 71 45 33 87 60 85 86 97 39 51 45 4 61 64 75 26 4 62 32 66 99 49 14 93 84 26 35 73 94 57 75 64 54 7 2 13 91 88 61 29 90 5 84 50 68 59 75 24 72 7 
89 70 7 54 14 91 79 48 63 73 57 89 88 10 95 90 22 86 29 82 66 18 87 50 67 6 8 93 29 31 51 69 53 10 22 66 100 53 66 62 77 22 3 16 31 97 57 52 34 85 33 100 2 71 1 20 29 60 65 57 90 15 78 42 76 51 8 75 55 73 89 31 94 91 99 24 87 55 27 21 40 11 72 41 82 72 13 10 31 
77 18 72 43 95 14 19 46 73 93 100 45 81 83 90 71 81 13 10 87 91 82 26 1 53 19 82 76 31 43 58 7 61 29 1 7 94 19 4 66 12 56 10 44 38 51 15 70 15 76 56 5 57 34 6 61 4 39 36 34 82 93 92 94 73 44 100 67 63 56 32 26 11 94 69 48 44 35 69 59 10 76 63 66 9 68 26 12 7 
13 97 40 5 40 33 30 84 84 96 98 39 27 23 49 20 91 48 64 26 16 74 87 92 36 5 52 56 30 16 14 95 64 53 51 4 37 80 39 20 75 36 11 2 10 11 73 100 59 88 77 26 61 64 69 97 20 73 4 1 88 17 95 51 69 46 6 5 25 96 76 52 83 38 5 92 49 77 44 59 17 20 36 77 35 57 25 54 29 
28 55 68 96 1 70 64 46 76 20 23 23 96 74 6 33 78 97 33 6 40 91 22 12 27 51 98 83 27 4 63 55 10 30 50 10 99 66 8 26 37 30 49 32 55 54 17 84 2 1 89 42 92 63 5 70 13 2 4 39 5 66 45 14 47 47 76 45 64 83 71 100 12 71 84 18 24 52 1 77 52 41 70 95 3 74 64 67 76 
19 58 32 84 54 98 30 100 73 27 15 55 49 15 18 19 98 35 94 1 87 70 52 27 40 47 82 13 62 48 40 81 57 24 16 11 21 98 62 45 24 77 99 24 91 68 94 40 54 87 40 40 8 43 18 47 89 99 12 3 99 3 35 7 78 50 17 98 99 79 94 74 55 44 97 97 11 90 36 64 76 75 55 84 69 73 82 58 23 
45 12 73 48 46 80 25 47 96 75 46 26 68 19 80 12 16 76 74 57 63 38 85 37 44 20 58 68 1 15 91 46 78 15 45 23 94 69 69 42 43 66 67 63 85 99 26 52 26 99 8 89 36 92 77 32 11 34 99 64 100 89 61 77 56 5 51 1 73 20 94 68 37 13 82 21 11 7 72 36 5 32 24 93 75 1 24 86 86 
22 1 86 63 61 62 18 65 13 18 89 84 64 8 20 76 89 41 86 95 64 73 52 47 49 44 22 1 67 7 86 88 59 71 50 19 33 19 35 97 89 75 80 52 83 99 27 23 91 64 70 7 88 21 53 36 16 74 36 34 32 22 21 42 92 23 12 76 93 46 72 81 73 51 84 7 2 62 81 44 25 50 2 13 22 55 48 89 80 
36 22 64 57 95 5 100 69 69 28 61 66 99 94 38 2 77 44 55 39 77 98 15 26 100 79 100 6 27 40 37 14 62 52 22 56 57 21 24 25 100 36 90 99 29 80 52 58 75 6 96 51 3 62 29 54 41 80 11 19 19 48 32 80 99 53 87 7 25 10 83 25 46 25 75 26 56 26 83 30 31 30 33 85 92 61 91 32 40 
1 2 10 100 33 90 51 37 28 9 61 90 44 37 35 68 11 12 23 88 95 4 70 24 36 55 67 48 45 50 39 97 51 49 97 83 90 47 19 17 7 32 6 50 20 92 17 83 56 91 70 50 47 40 25 34 94 44 82 90 93 72 86 44 20 34 78 61 80 49 30 87 32 87 36 51 31 5 33 86 47 3 87 93 94 11 79 39 54 
60 28 99 83 65 42 3 99 71 15 30 19 96 68 2 83 56 53 13 60 85 50 58 39 36 3 32 98 81 22 4 92 49 2 74 14 95 28 12 65 95 93 36 90 61 37 72 16 41 36 27 26 85 84 16 20 38 100 70 18 21 73 61 22 74 87 87 68 14 98 32 8 42 19 98 2 56 21 17 96 9 95 73 93 31 41 65 68 92 
34 38 64 6 50 85 31 36 71 98 50 20 81 9 62 52 58 15 7 79 32 54 39 78 79 31 8 19 47 76 62 32 65 25 89 14 62 19 50 32 68 99 4 1 59 65 52 17 79 10 47 62 63 85 40 93 67 99 63 66 74 24 97 90 1 86 4 62 56 53 45 76 3 48 76 61 64 79 29 95 88 27 56 2 11 47 95 30 46 
57 95 71 33 91 61 33 28 64 46 36 68 90 11 22 38 38 82 1 16 63 95 3 89 3 4 52 1 50 81 98 59 27 21 91 69 81 75 97 96 20 84 15 61 94 36 98 83 69 51 98 31 97 100 72 51 55 23 52 57 55 1 15 81 21 57 49 53 83 97 100 54 80 14 14 25 49 64 7 18 14 56 100 62 55 71 13 62 93 
16 18 99 68 84 79 89 40 80 41 22 76 41 75 8 6 88 32 55 51 91 24 16 46 23 78 53 94 42 66 38 57 35 37 24 18 67 64 57 46 57 78 22 49 52 81 54 91 64 8 94 54 83 9 52 6 38 56 51 79 21 88 87 55 76 63 72 43 26 80 88 34 57 61 82 60 41 36 2 5 95 95 10 78 4 13 35 93 68 
85 72 40 24 58 46 100 72 69 94 50 48 81 83 56 94 65 67 34 52 69 90 98 63 52 27 18 16 61 11 84 97 34 75 21 43 73 20 15 41 65 64 41 45 98 96 38 14 63 24 65 83 65 15 45 68 41 15 84 2 25 19 98 58 93 70 52 17 41 66 58 5 81 50 50 79 45 39 92 59 14 9 41 31 23 38 98 63 52 
33 16 28 51 14 37 96 83 88 12 24 6 21 28 86 70 29 64 67 20 56 25 85 64 18 15 38 7 65 100 10 97 16 89 100 81 25 95 15 64 6 90 69 79 70 7 48 98 70 14 69 77 91 54 92 8 20 29 14 36 29 75 85 96 63 84 76 87 78 90 2 35 32 23 13 1 29 13 50 98 26 19 27 16 24 18 75 95 47 
40 31 75 14 15 22 76 98 97 14 27 38 68 13 69 90 78 69 70 90 71 67 67 89 45 35 64 63 9 58 9 1 88 35 14 2 56 42 51 4 7 77 93 26 42 62 15 19 82 36 8 4 55 26 92 99 60 7 61 21 65 69 21 52 55 86 6 62 79 8 65 86 37 58 11 78 71 78 96 4 13 55 8 19 32 51 18 92 58 
78 12 22 99 32 25 53 17 82 15 48 90 31 33 26 88 95 55 10 24 2 14 89 56 73 7 87 23 24 30 32 54 41 5 52 24 30 56 93 63 70 40 4 1 24 81 40 18 35 2 94 36 67 34 43 39 40 30 13 16 11 97 69 52 1 72 27 82 27 19 45 49 58 48 1 81 29 92 51 15 93 96 51 59 29 93 49 20 74 
14 87 37 10 7 88 10 78 14 92 57 85 88 5 94 87 57 27 67 48 77 82 41 24 84 51 52 28 100 23 54 65 10 90 74 16 29 35 46 94 78 2 78 65 6 72 4 62 98 70 61 26 3 1 49 86 4 52 66 55 26 19 19 35 8 92 3 36 78 48 81 56 1 59 72 58 82 75 71 31 97 31 8 51 84 56 89 87 59 
54 41 36 72 59 23 31 2 25 18 79 24 98 86 24 8 58 81 89 84 51 19 32 33 26 83 16 33 71 2 43 24 42 31 47 52 53 29 5 77 46 36 52 43 21 27 3 30 7 91 66 9 62 97 41 39 31 57 24 53 10 18 76 4 48 74 55 100 2 12 28 47 47 31 42 19 57 96 49 15 86 66 23 99 14 16 90 45 24 
65 97 33 34 25 36 82 98 43 33 52 54 13 50 52 95 43 70 52 38 70 66 76 35 41 74 49 8 15 45 31 79 41 63 13 17 51 46 15 93 30 18 98 94 67 49 89 10 18 40 99 88 57 74 74 97 100 74 56 14 18 86 45 59 1 9 27 51 6 93 95 35 10 92 29 77 92 69 38 61 8 36 48 64 62 74 13 61 47 
20 26 65 6 22 75 58 30 1 60 87 94 54 22 55 97 2 31 88 70 20 48 29 8 48 44 21 73 8 81 19 28 58 35 85 80 9 42 61 62 1 48 7 54 21 61 2 22 44 41 43 63 40 23 22 39 66 42 11 74 74 82 53 32 16 37 63 77 78 23 38 78 70 44 83 42 4 36 15 47 76 57 62 67 79 35 6 97 29 
68 22 54 49 74 37 65 10 99 93 39 74 30 68 95 25 50 37 80 85 51 79 12 8 92 78 38 78 35 34 6 3 55 60 3 80 48 67 41 47 11 79 20 40 46 14 16 47 2 96 31 53 26 94 60 17 24 49 94 58 35 52 12 41 63 15 21 10 33 61 8 44 92 79 35 37 45 51 84 46 98 66 98 23 12 9 39 35 58 
84 44 44 35 56 84 97 22 56 59 54 69 66 97 60 45 32 48 89 34 83 34 31 49 84 53 12 92 43 46 1 78 41 44 13 96 80 61 69 87 71 23 55 37 71 66 33 54 14 73 87 96 58 69 96 41 21 7 85 15 4 85 93 97 81 57 44 60 69 13 46 40 35 53 28 5 18 12 11 31 36 97 79 93 66 26 86 38 85 
70 5 40 6 97 36 86 5 80 97 25 92 95 16 78 47 95 34 64 6 44 47 93 41 77 86 58 54 23 95 38 44 99 78 1 47 65 39 3 44 35 28 87 29 43 64 27 90 98 43 95 41 41 88 33 69 25 42 22 99 37 60 42 87 89 42 86 53 80 88 97 67 67 83 47 62 99 74 51 96 68 97 88 8 36 73 76 60 14 
97 58 2 8 51 41 96 45 26 49 76 65 97 42 84 31 41 45 29 66 47 76 33 95 16 92 31 88 67 42 53 15 100 55 23 2 95 70 98 20 18 74 36 66 67 19 97 59 15 77 24 13 53 8 8 68 99 38 7 65 79 59 32 30 13 6 84 7 75 81 78 45 6 66 10 73 84 58 83 51 35 7 63 87 14 70 6 13 7 
12 29 38 70 60 67 35 17 50 93 92 31 23 36 88 88 45 60 23 3 95 25 37 1 88 75 66 9 80 78 68 43 59 5 64 70 23 98 87 73 43 78 55 65 65 42 4 9 54 26 63 48 3 51 100 90 77 65 98 8 95 17 50 53 21 66 74 44 15 60 68 57 89 22 73 53 15 76 14 68 54 28 67 56 79 66 97 7 31 
46 15 25 63 16 77 35 81 2 78 96 62 97 4 2 70 77 55 85 4 20 4 57 47 71 64 77 36 60 84 66 58 50 42 20 65 70 6 98 72 84 45 85 32 48 86 2 76 40 86 80 11 89 88 58 59 4 86 47 15 69 64 72 70 6 43 35 75 49 84 98 84 28 82 15 27 68 16 3 59 53 34 70 42 73 79 52 28 64 
98 43 85 14 66 54 19 9 88 45 9 23 43 44 50 24 58 29 43 26 31 2 78 16 71 71 40 49 75 68 64 72 62 48 85 27 2 55 87 41 100 47 64 94 90 13 69 48 41 12 25 23 13 54 90 35 25 82 35 99 49 98 22 10 46 59 88 99 13 27 39 64 73 2 57 63 67 26 62 59 89 38 34 1 91 75 87 15 56 
21 65 56 70 39 17 67 97 5 65 61 83 56 77 55 9 85 69 75 62 30 86 50 67 71 2 58 45 88 24 53 60 41 8 30 79 77 96 27 81 13 39 63 68 15 69 76 52 38 3 13 67 40 63 86 10 64 95 6 4 18 58 63 10 18 92 88 94 40 66 26 4 5 40 71 71 8 98 22 97 52 35 16 91 49 1 52 64 47 
58 67 16 67 30 26 36 73 65 29 12 31 6 67 35 45 89 5 5 87 79 1 38 13 68 81 61 68 32 76 14 89 43 30 8 72 7 43 44 71 24 8 1 29 26 87 26 15 44 30 53 22 82 90 86 50 22 98 69 54 73 35 94 15 64 1 38 22 96 34 92 19 93 93 47 18 31 72 32 74 53 84 47 35 26 32 36 47 29 
4 52 54 38 98 68 53 98 6 74 45 39 18 63 83 62 10 100 92 33 84 18 86 67 64 72 44 48 7 43 28 62 94 81 52 91 49 4 41 6 30 85 96 47 100 78 8 61 77 51 93 60 68 30 79 84 53 74 31 11 16 58 73 62 39 24 52 39 79 44 44 60 81 91 6 80 68 65 92 96 68 36 8 35 18 38 70 70 11 
100 33 27 10 5 88 100 80 91 38 10 87 33 70 67 23 27 98 42 44 41 37 11 76 44 97 93 81 67 63 92 18 95 70 79 51 57 78 82 47 67 43 33 51 64 51 73 43 100 14 86 40 3 48 16 46 44 8 79 62 22 22 32 68 91 10 70 99 40 3 97 6 46 82 57 61 32 81 3 84 95 88 23 49 87 90 94 31 50 
24 44 23 97 75 91 39 85 12 37 24 15 86 81 12 67 89 72 50 70 75 33 16 14 8 64 1 49 9 83 98 33 26 21 81 53 63 20 89 74 8 12 40 45 44 51 11 33 23 13 2 49 97 17 14 4 80 14 53 40 96 2 72 74 22 5 26 84 76 14 10 83 77 49 28 72 100 90 4 74 2 57 74 51 25 87 54 56 1 
58 96 48 12 19 73 33 23 50 69 98 15 78 33 43 78 12 15 29 53 70 2 7 79 27 57 3 14 62 11 66 72 6 65 83 76 38 67 51 39 35 100 54 64 84 48 42 95 14 22 100 84 24 6 62 2 62 16 15 75 78 80 46 35 97 28 11 34 47 61 24 81 12 29 97 96 77 90 90 90 11 89 25 86 46 38 88 59 54 
54 34 83 34 79 18 30 59 28 15 57 40 90 89 51 19 85 46 95 26 88 84 37 28 9 74 26 46 61 84 51 15 17 34 100 48 51 81 58 30 47 14 21 36 2 23 6 39 69 100 16 8 36 4 87 96 78 12 93 90 96 96 56 64 29 7 63 31 39 20 12 85 85 32 73 39 54 78 29 74 30 44 33 65 48 20 12 77 83 
4 66 30 99 74 94 79 80 56 61 71 28 72 55 12 55 79 2 61 9 30 86 38 26 19 54 73 90 65 1 24 20 66 54 71 91 99 1 23 54 62 93 33 85 99 97 40 30 98 52 38 80 37 27 5 7 32 29 96 48 29 20 67 46 25 89 37 23 90 11 28 51 3 61 87 53 9 26 82 6 29 71 37 66 97 41 72 28 21 
20 75 49 91 94 95 15 82 83 37 71 93 16 73 47 28 60 99 36 37 33 94 66 3 30 31 100 23 54 79 43 73 54 92 15 99 38 29 80 72 17 51 64 33 75 62 60 34 60 96 71 92 89 36 95 70 18 46 92 23 24 87 48 29 30 62 27 67 91 59 38 7 61 53 91 35 14 3 69 25 98 39 69 38 26 15 59 43 12 
3 17 35 89 64 16 18 26 94 36 16 4 25 74 64 29 17 51 94 19 19 18 68 9 38 57 86 52 15 80 63 17 96 50 57 60 17 26 85 62 61 52 66 37 77 29 17 93 31 10 63 49 80 30 9 17 86 94 21 53 25 83 21 21 84 78 80 52 3 16 14 16 67 79 4 95 59 21 88 90 30 2 90 9 32 51 78 69 44 
98 73 69 32 94 41 68 71 20 19 25 87 32 40 53 62 44 47 21 16 86 62 45 40 3 6 23 53 35 91 49 32 16 69 63 9 9 30 79 80 1 55 66 32 95 70 94 90 68 66 5 6 79 1 45 81 58 67 34 92 9 82 23 24 50 38 32 58 19 62 89 19 17 54 3 63 23 48 52 90 65 8 95 43 60 91 23 18 57 
8 61 66 41 36 89 90 25 73 99 43 86 87 14 2 92 68 16 14 15 19 56 79 26 2 73 38 93 47 7 1 55 67 66 95 2 7 37 26 31 87 21 16 74 34 18 17 53 33 83 67 52 38 97 29 91 69 18 83 15 24 84 21 91 1 68 44 59 4 70 89 90 42 5 15 27 74 32 79 58 66 45 9 3 93 90 45 61 7 
80 27 31 15 48 73 15 67 16 74 70 37 62 11 30 18 78 56 91 61 34 49 26 30 9 80 22 50 24 34 57 3 61 39 17 60 63 84 26 78 9 47 67 22 9 96 40 86 4 30 46 89 30 71 19 39 50 92 88 74 78 96 28 90 86 45 49 48 80 26 78 88 24 96 9 32 91 48 18 46 30 15 35 59 86 53 49 87 96 
89 12 73 84 40 62 70 36 62 69 15 87 46 54 62 41 62 94 84 10 63 29 91 77 63 49 14 67 50 53 15 38 16 87 21 7 49 42 42 62 63 8 49 8 13 62 1 75 7 36 36 69 16 26 98 31 26 63 49 75 15 63 12 31 50 85 37 50 78 31 11 40 90 11 100 3 73 52 29 79 87 64 100 54 89 49 84 66 11 
33 41 78 47 4 8 96 88 96 97 66 78 8 57 20 70 8 22 94 59 2 25 97 65 24 51 5 72 86 70 34 70 10 11 17 14 70 64 53 66 61 70 95 20 27 14 89 34 87 35 45 88 59 93 52 34 95 8 57 81 78 90 2 87 1 18 52 70 82 5 87 94 74 82 13 52 47 53 86 34 39 82 73 97 74 77 82 69 84 
38 1 61 28 2 100 28 72 51 49 5 55 36 98 81 69 62 32 15 66 69 100 57 50 73 53 76 1 87 96 84 24 48 97 51 1 96 30 72 98 31 28 53 66 77 85 86 90 16 100 8 85 100 64 86 24 68 13 24 54 60 7 78 7 3 80 8 50 62 31 48 92 11 52 9 87 36 94 29 51 45 36 87 44 99 25 19 18 37 
42 72 49 1 1 55 55 32 14 5 93 97 52 36 7 55 96 45 90 89 73 92 34 8 31 29 58 55 48 76 43 41 99 91 41 51 98 96 82 11 52 27 59 3 62 65 9 58 62 98 98 34 41 83 94 71 64 51 77 63 78 72 3 28 62 44 78 11 91 12 74 42 38 32 96 99 49 4 8 10 53 6 43 93 40 36 64 3 39 
40 65 68 63 20 96 77 63 25 87 5 36 60 46 73 92 93 24 40 96 31 49 48 88 43 40 28 31 55 30 69 47 47 88 9 66 83 85 80 60 72 84 95 83 81 20 26 25 43 17 20 25 65 19 13 60 10 92 90 17 73 10 63 19 97 23 36 80 60 15 91 31 50 37 65 82 56 91 6 50 7 77 27 24 47 39 83 9 30 
24 25 2 33 39 73 29 61 8 60 20 75 50 2 76 87 19 10 94 9 15 96 67 44 22 42 42 12 24 50 93 47 26 94 31 64 18 60 77 78 19 48 52 21 2 79 59 72 88 52 80 55 99 98 50 72 40 91 83 15 93 75 14 18 21 44 34 38 3 62 15 74 61 18 94 14 49 52 85 36 55 16 42 54 14 91 25 5 34 
60 19 26 34 32 95 54 76 80 44 30 93 10 3 6 80 48 19 28 99 4 15 6 19 57 59 84 99 35 88 32 46 59 9 80 90 56 85 17 35 80 99 80 42 53 85 21 1 3 100 99 58 66 4 29 22 14 64 21 1 4 4 46 62 13 77 51 68 14 20 54 93 18 33 34 70 69 6 22 24 57 21 81 23 76 61 96 42 25 
16 94 28 72 91 89 84 68 91 3 81 62 56 25 31 41 11 1 9 68 74 32 25 46 65 47 22 25 42 15 1 10 8 80 81 98 68 16 17 11 70 49 24 25 74 55 17 36 7 26 3 80 9 79 26 73 77 99 50 71 13 50 80 72 30 12 21 49 79 38 11 48 86 35 24 11 89 41 46 95 18 1 74 26 79 51 99 8 49 
100 78 61 49 9 84 30 72 5 79 50 42 41 49 79 75 72 90 15 64 87 61 81 39 35 59 70 37 9 77 86 8 54 98 56 62 82 86 33 86 16 34 79 8 34 57 83 57 98 49 21 37 10 53 75 96 11 96 32 19 72 17 26 25 15 34 38 96 71 22 33 86 7 11 45 40 19 27 97 69 76 17 5 37 21 31 32 32 27 
63 50 50 80 28 27 94 61 64 41 31 86 73 68 92 35 12 84 53 91 80 73 18 48 29 54 68 60 85 99 38 47 1 39 78 28 65 23 40 29 63 70 66 87 89 9 21 52 92 26 42 71 50 59 70 79 64 38 90 100 88 79 47 88 17 76 67 82 99 58 10 13 79 27 52 67 35 24 19 79 1 12 1 51 23 71 29 86 8 
18 86 47 96 84 35 12 11 53 45 61 11 54 74 89 32 77 8 19 100 26 97 53 89 49 3 11 19 83 97 78 100 34 25 47 17 11 10 79 63 55 40 25 60 13 14 92 41 21 62 92 98 58 44 86 58 46 97 77 80 45 6 79 78 30 77 46 92 39 76 55 93 15 79 4 79 44 47 19 16 8 11 65 17 6 51 75 4 99 
3 83 95 8 62 24 90 90 21 81 28 96 35 72 11 66 76 89 61 74 8 77 34 70 41 50 75 43 76 78 93 78 61 87 38 74 10 27 15 82 7 43 78 94 66 88 11 93 76 71 67 35 99 100 4 92 1 31 86 77 8 79 6 20 17 43 93 79 21 8 60 28 2 37 73 67 24 35 60 52 57 78 86 56 77 42 99 29 72 
84 5 31 14 63 51 31 5 95 9 26 2 68 5 55 5 29 22 80 63 33 31 19 10 69 26 38 10 76 66 33 60 23 63 73 85 65 3 41 60 63 18 13 31 74 68 35 2 41 14 16 73 97 87 34 65 12 71 74 88 36 58 99 58 20 23 94 37 26 35 96 40 52 60 70 26 27 56 79 19 22 95 43 18 81 76 82 44 98 
7 83 86 64 33 95 35 56 89 71 33 23 18 72 26 78 42 3 56 49 82 75 70 28 69 39 60 45 72 3 94 78 38 79 93 70 74 80 25 62 2 57 36 20 29 13 49 22 16 4 70 49 30 92 76 99 30 35 95 2 89 88 31 26 67 76 96 92 7 72 5 8 29 92 79 9 4 27 30 71 31 51 19 12 94 94 10 24 80 
56 77 69 44 59 94 62 86 41 53 92 13 57 100 93 48 78 1 3 5 30 74 87 32 92 50 26 38 60 1 17 15 29 37 10 87 83 71 73 23 75 16 87 31 15 79 30 45 79 33 49 60 58 87 92 1 36 69 90 47 69 59 14 97 95 23 35 77 46 59 52 20 75 38 3 41 17 32 85 47 16 85 7 25 71 50 26 59 70 
15 5 38 25 18 86 20 93 72 48 38 31 99 57 57 89 59 97 57 43 82 3 10 66 61 35 89 62 12 47 31 78 3 20 3 73 57 22 65 29 21 54 59 72 62 67 60 73 63 16 67 44 70 76 62 31 62 50 92 73 96 75 51 50 94 53 22 51 26 38 79 98 91 89 69 5 55 28 77 17 95 43 13 65 70 74 47 32 23 
90 4 70 64 6 19 58 10 93 8 35 30 38 33 73 78 53 77 32 81 5 100 27 47 12 43 68 37 89 99 59 79 3 80 42 60 51 51 70 43 10 56 72 47 88 44 24 93 20 7 25 24 7 51 22 70 94 90 7 82 88 17 12 42 49 54 54 99 56 23 41 66 78 12 12 18 8 88 10 79 46 34 55 52 84 76 74 29 17 
32 63 57 100 74 50 48 79 3 98 35 25 38 100 55 2 63 72 61 2 33 39 48 66 93 51 1 21 24 82 89 7 44 97 7 17 47 6 48 1 4 82 78 93 33 32 46 47 55 58 49 87 97 96 52 41 98 4 13 74 85 54 80 28 50 38 97 48 44 44 49 99 77 26 43 9 9 41 7 63 98 55 49 94 2 52 87 100 55 
51 73 92 4 4 71 54 42 67 53 37 62 1 35 38 78 29 98 86 69 5 100 67 11 48 12 13 51 50 64 58 1 88 49 56 91 71 9 32 38 62 68 99 14 54 89 92 83 38 29 51 42 29 69 5 28 81 17 79 30 32 88 82 19 88 38 9 58 46 93 47 59 60 98 25 14 86 16 96 23 96 98 17 24 67 73 4 47 89 
34 28 72 21 10 90 60 47 50 17 44 42 64 55 2 13 79 67 98 46 62 72 41 11 40 17 77 12 20 75 52 53 3 23 25 12 64 84 58 14 100 1 7 15 55 60 27 85 26 76 30 39 100 71 50 91 39 26 3 58 1 6 62 55 81 86 66 44 69 75 9 20 75 68 87 82 27 65 66 53 93 48 43 92 70 92 82 8 70 
36 17 22 94 78 76 74 63 41 69 31 15 30 2 41 97 40 74 75 5 92 79 97 39 22 40 8 13 73 67 34 61 83 55 54 60 30 79 22 22 47 4 88 28 57 81 24 97 54 51 1 45 29 49 83 50 88 42 15 12 8 48 72 90 55 25 1 36 3 74 58 2 77 97 29 34 77 5 82 31 55 82 27 35 82 62 85 69 55 
51 32 63 50 4 4 4 80 57 40 35 30 49 36 7 97 16 92 74 20 25 56 26 58 34 61 39 95 97 59 2 47 90 16 96 93 71 100 25 27 91 59 57 91 46 15 87 61 58 12 33 82 19 58 39 53 18 77 99 66 87 100 12 76 15 8 21 86 59 45 64 1 55 20 91 100 86 29 60 43 93 92 76 11 2 14 15 19 42 
66 85 28 17 48 56 32 55 76 69 65 72 32 17 26 4 7 77 89 88 36 84 32 80 59 42 81 73 9 51 66 74 87 46 90 35 1 73 41 28 93 6 51 25 74 28 80 81 4 68 20 39 51 51 70 10 44 50 34 4 1 51 77 87 96 19 21 48 91 14 75 36 71 77 60 44 4 91 76 7 10 95 98 61 97 67 22 93 17 
7 96 17 57 73 55 5 43 28 52 85 41 79 20 11 55 31 54 59 21 30 65 31 76 62 43 25 81 16 17 97 22 12 65 30 36 19 86 78 46 38 63 38 16 82 48 70 65 54 80 85 35 97 15 10 10 9 34 90 24 2 86 97 66 2 79 1 73 64 31 70 53 45 8 68 78 7 90 42 60 21 27 94 17 93 56 27 2 41 
16 77 43 54 26 8 7 4 60 79 67 42 49 72 86 8 39 64 14 80 57 26 53 83 71 69 28 26 95 81 19 63 57 13 68 82 72 74 37 31 53 4 73 53 27 10 60 65 73 25 97 30 50 49 64 21 69 91 98 16 71 16 78 80 28 97 13 99 70 50 82 74 53 6 78 31 15 89 47 88 14 43 69 15 43 84 35 12 27 
33 79 97 100 56 28 28 4 41 78 25 90 59 51 94 16 28 24 31 69 70 70 82 65 38 96 7 73 83 70 99 67 48 48 66 55 75 45 10 15 75 35 56 85 85 49 1 64 72 31 32 94 100 65 58 89 13 16 61 95 38 60 13 37 7 30 92 33 75 53 100 1 87 55 85 71 4 85 35 27 15 66 72 66 31 29 54 43 97 
67 89 34 78 1 22 36 82 65 68 56 18 67 8 4 22 93 27 77 77 61 55 44 78 27 9 60 7 15 54 55 81 94 40 58 46 62 93 28 26 12 35 95 31 43 99 4 35 25 80 63 37 86 6 14 64 15 26 23 29 31 77 61 25 69 70 70 82 14 97 59 25 84 54 55 26 52 58 60 76 89 74 64 27 80 29 90 94 54 
64 74 85 93 86 61 61 55 30 42 68 79 100 44 14 53 51 39 56 60 50 83 1 23 46 27 2 75 68 47 80 32 72 64 24 9 76 84 63 58 77 82 88 28 78 1 81 28 39 88 39 40 71 39 14 16 65 68 90 33 66 70 64 90 85 39 98 61 22 13 18 50 94 5 77 23 57 9 2 47 97 41 86 67 79 51 82 96 18 
24 28 84 45 43 73 81 81 22 41 54 34 10 3 28 66 31 2 22 40 4 68 36 44 5 2 74 8 35 69 25 10 48 60 54 42 84 35 22 6 27 27 39 89 81 18 54 12 20 28 3 23 47 38 18 4 91 91 11 77 60 87 87 7 99 92 49 82 26 22 39 5 1 30 93 81 99 98 44 70 77 98 44 24 87 61 79 77 52 
89 6 63 27 92 21 25 35 21 7 13 95 97 17 95 26 61 27 25 58 23 94 35 20 38 10 7 50 88 35 1 28 40 15 54 83 88 79 18 8 85 30 54 81 98 100 59 58 27 83 15 1 28 1 72 17 10 30 67 49 65 19 76 56 34 30 91 21 8 8 80 44 89 34 76 86 33 34 43 11 68 9 63 48 62 35 64 23 64 
30 72 80 49 47 36 34 76 26 6 35 85 85 78 25 70 54 10 55 39 4 65 7 64 80 54 77 14 17 100 29 99 71 9 99 69 96 32 97 73 37 83 9 73 61 33 95 66 94 49 4 49 65 62 12 44 67 41 57 36 40 38 34 62 46 32 82 93 15 78 65 51 61 73 75 73 5 69 38 50 17 93 98 34 55 61 77 21 1 
86 8 40 23 41 53 20 24 35 12 38 64 76 40 76 100 15 48 56 83 37 5 52 30 54 85 36 14 13 8 15 50 16 6 72 8 11 91 32 45 54 69 60 81 9 36 32 75 83 87 9 20 43 12 1 96 48 88 62 61 95 76 10 62 33 34 70 43 76 1 39 30 21 99 62 81 34 94 7 68 80 16 87 75 27 39 70 75 26 
31 87 73 58 96 34 43 29 3 85 57 55 76 86 28 74 47 60 7 40 67 74 72 34 13 98 60 3 67 86 29 50 72 1 59 20 86 1 100 41 38 56 95 13 41 74 86 40 34 44 31 52 69 54 85 33 51 96 36 70 82 16 71 53 68 29 72 53 82 72 93 71 79 40 83 20 13 20 11 98 15 41 49 35 47 33 68 97 81 
3 66 62 70 36 66 37 17 90 41 98 13 34 20 91 25 54 62 37 73 72 87 39 65 35 73 11 20 92 7 100 46 73 61 15 60 78 3 76 67 44 73 79 77 44 70 53 97 31 89 21 55 75 59 19 62 84 29 33 75 87 32 73 11 44 87 71 21 90 46 40 85 71 18 13 14 87 65 11 70 53 31 24 80 42 42 93 25 22 
25 51 8 56 23 71 51 62 41 23 3 86 62 87 8 80 99 22 18 63 84 87 67 14 62 98 7 55 90 83 28 14 34 36 21 8 58 71 21 98 94 23 35 7 9 43 86 59 16 56 73 99 42 40 64 56 37 71 10 79 53 38 92 38 25 13 46 82 35 66 31 80 41 65 87 1 7 24 60 22 79 32 72 73 23 36 28 12 6 
89 90 10 26 33 48 2 45 45 35 32 10 65 11 2 30 49 3 88 73 14 10 3 97 33 75 20 68 2 83 25 43 72 35 20 4 34 22 1 78 56 84 39 73 46 41 2 47 43 89 19 8 50 21 4 83 48 75 2 1 57 27 43 80 13 63 36 46 36 88 23 43 71 61 15 68 1 68 14 95 57 32 2 58 5 6 92 4 32 
46 4 89 72 47 68 36 61 55 81 96 42 55 38 12 15 5 80 68 72 45 62 80 77 16 90 33 73 81 36 4 26 91 44 49 37 64 84 49 18 16 96 60 70 34 23 85 90 54 4 61 99 17 41 27 32 30 59 56 62 46 12 40 36 55 88 25 18 24 73 36 39 21 95 61 54 17 97 95 23 100 55 21 16 95 47 100 76 57 
7 38 2 18 77 89 73 16 65 42 39 90 77 30 10 23 90 15 92 86 9 14 37 63 34 4 10 32 3 37 88 62 26 41 79 2 29 3 70 94 45 60 35 21 89 44 44 30 58 87 67 66 100 55 80 85 59 41 16 13 78 3 74 3 43 53 57 23 55 26 68 99 37 2 72 26 97 67 7 54 53 26 71 52 80 3 36 38 43 
3 3 72 5 76 75 99 28 83 73 35 60 93 33 96 46 56 73 43 22 80 48 74 57 71 25 36 73 12 26 67 14 28 39 70 55 65 20 83 47 45 69 6 37 53 53 82 9 26 76 30 57 24 4 13 94 80 100 18 44 77 36 9 4 26 79 11 90 50 93 88 94 13 45 82 65 98 64 73 23 39 3 79 14 58 43 59 89 42 
28 32 19 64 41 74 89 71 84 31 20 28 18 66 40 15 47 5 64 62 29 86 53 83 16 66 40 58 77 29 51 4 12 69 67 4 95 8 74 30 38 46 58 7 63 49 73 9 5 36 71 34 21 75 16 88 40 8 97 68 88 48 72 99 68 90 3 62 49 28 92 86 73 1 45 87 49 17 96 54 53 18 39 25 92 54 65 83 13 
61 51 100 60 74 51 28 63 53 41 12 32 32 49 57 84 93 43 85 62 90 38 66 59 28 90 50 33 6 85 46 67 87 45 26 60 47 5 74 99 46 37 83 29 86 39 13 30 81 97 43 71 86 8 29 13 50 31 97 55 67 42 73 5 39 51 64 85 55 89 36 100 26 18 81 11 56 93 92 88 41 35 10 78 42 91 42 43 73 
38 98 39 80 22 43 18 72 58 54 27 46 89 78 71 6 58 33 13 2 25 1 42 11 10 71 4 100 12 47 24 50 44 62 81 65 56 98 89 65 3 15 63 92 44 85 49 2 18 62 55 94 62 49 4 23 19 7 75 31 5 98 32 48 12 12 65 19 61 5 36 63 71 98 54 14 82 3 67 51 16 22 44 77 70 99 51 88 58 
25 70 62 75 1 62 38 64 78 56 24 82 91 87 52 40 92 65 22 46 32 72 61 5 68 89 74 18 40 13 75 16 35 89 90 87 50 27 51 79 35 26 60 77 64 63 17 56 79 90 53 62 13 14 66 32 2 91 50 41 56 76 9 90 64 98 28 65 77 78 43 63 4 2 91 67 64 7 74 95 48 27 56 13 40 22 44 93 64 
45 86 19 21 94 8 84 43 88 49 71 65 43 85 20 45 76 39 60 34 64 54 82 90 62 94 81 83 89 26 98 34 63 17 54 56 76 89 50 63 89 73 28 32 57 99 28 32 89 87 18 53 93 51 94 6 96 27 88 84 4 85 69 66 53 22 21 29 63 22 91 51 94 70 34 3 21 61 86 9 100 3 13 44 53 59 49 48 85 
88 84 88 24 52 5 77 26 77 57 88 98 47 90 44 17 76 46 37 36 31 97 87 86 10 82 38 68 30 38 4 69 73 43 93 76 47 21 1 23 77 40 20 75 82 15 91 57 60 79 44 43 76 31 28 37 64 17 4 94 6 59 14 30 1 58 6 47 78 58 21 6 98 92 81 79 7 23 87 18 2 30 12 29 12 39 65 76 8 
20 21 65 30 34 95 30 92 52 28 21 9 48 27 58 39 7 88 97 29 74 15 82 4 26 62 15 17 78 90 76 97 10 40 26 96 86 7 87 37 34 7 98 33 85 55 72 91 43 68 72 68 34 5 71 60 67 38 28 44 79 3 93 41 42 70 36 80 29 74 68 14 32 65 47 17 72 70 59 66 89 82 33 23 87 56 34 5 93 
13 100 23 15 44 15 8 66 2 87 94 75 55 59 7 71 5 75 42 26 33 7 15 15 40 89 53 95 74 9 39 86 60 13 100 4 28 59 21 29 46 66 56 52 24 14 22 81 88 16 6 20 22 20 86 13 8 38 7 81 98 97 18 58 10 17 13 89 76 33 17 73 98 24 24 73 37 97 53 24 12 59 96 34 30 81 46 90 71 
5 22 68 53 40 77 62 56 89 2 83 73 19 55 22 94 30 95 31 27 99 54 90 57 1 75 39 82 73 28 4 77 49 23 81 88 100 43 96 40 96 78 13 14 85 34 60 14 80 90 92 79 95 82 87 96 56 25 29 80 4 32 56 53 54 37 92 5 31 87 45 26 65 9 92 1 94 51 14 74 92 6 4 86 39 42 81 46 67 
61 26 70 92 33 74 98 21 66 2 51 52 46 29 68 54 72 68 48 74 34 73 65 91 28 50 29 69 83 26 87 43 51 9 87 36 82 84 56 99 85 59 3 83 87 22 88 10 90 87 83 75 59 99 65 38 48 45 7 82 70 93 77 73 1 15 8 35 98 15 33 34 73 35 68 11 9 56 20 98 94 2 24 5 100 88 42 100 84 
48 33 5 41 61 77 93 75 36 79 24 51 12 10 23 98 29 34 6 84 5 55 30 59 30 34 58 69 75 9 52 23 94 57 15 54 85 59 81 73 38 56 75 1 17 49 50 46 34 8 81 39 14 10 97 44 43 6 12 18 67 16 92 60 24 6 65 60 16 97 32 53 53 58 5 21 7 55 66 40 62 99 30 75 8 78 70 3 84 
82 20 50 97 63 9 72 20 25 31 35 22 15 40 74 72 44 46 30 50 12 22 11 62 51 38 69 29 7 71 64 40 42 13 88 56 73 59 75 97 90 10 18 56 49 43 27 44 89 57 94 52 30 56 13 80 93 33 60 52 56 23 43 49 87 31 5 59 41 79 8 82 40 25 37 40 20 16 36 60 24 29 63 53 84 75 84 29 59 
96 32 66 70 74 15 57 56 71 67 97 1 74 30 93 51 67 32 70 34 19 29 57 47 91 9 83 17 44 63 27 39 46 93 9 19 59 17 27 81 83 75 33 57 4 25 7 22 9 28 55 27 8 63 26 50 23 8 66 67 22 44 57 67 88 65 37 98 81 63 30 16 89 63 72 45 87 30 18 47 57 25 74 64 87 99 13 10 58 
30 28 79 25 84 97 13 1 33 62 33 48 92 48 36 54 19 80 92 100 98 39 56 22 64 71 60 14 35 21 71 64 48 1 89 84 97 53 84 81 14 68 28 57 16 64 10 86 95 54 86 44 44 93 17 7 64 29 72 98 49 94 14 97 94 54 80 42 58 15 22 23 82 2 80 49 17 41 87 11 94 72 7 89 16 23 47 31 51 
18 81 52 11 46 48 56 99 79 97 56 45 71 30 78 24 9 27 40 50 65 50 95 88 8 36 3 83 82 34 85 100 66 36 10 11 35 66 9 13 14 16 9 36 45 87 59 6 65 50 7 29 52 53 16 59 88 70 41 70 55 26 21 20 13 30 30 48 47 90 60 13 57 21 100 54 59 11 11 23 60 17 3 11 21 70 22 9 91 
62 30 46 39 50 17 52 31 99 99 30 88 10 94 97 82 45 2 40 55 12 14 67 80 68 77 100 37 98 60 80 12 89 25 50 90 93 53 73 91 3 2 31 13 47 27 94 91 28 34 46 91 99 12 70 67 40 69 55 90 29 34 1 69 10 2 11 3 55 83 93 57 36 23 21 82 49 67 24 28 52 21 70 50 32 39 16 24 60 
71 13 40 56 65 8 66 66 18 68 72 52 60 81 87 35 1 20 35 19 44 15 70 64 84 20 48 23 87 23 34 57 35 73 65 51 32 30 16 2 49 40 5 8 20 92 94 72 63 29 91 6 43 60 22 26 31 21 100 18 43 85 26 29 57 90 79 41 19 46 94 67 85 98 27 4 41 20 28 4 100 18 61 42 29 82 20 60 2 
19 77 44 4 2 72 12 92 2 4 62 48 97 29 32 95 7 88 87 78 15 90 78 84 51 19 12 32 38 23 86 9 99 81 64 53 5 75 96 6 79 57 53 27 37 37 73 43 24 60 21 90 49 98 25 51 68 88 83 58 11 20 66 61 100 29 65 56 55 60 62 33 17 66 12 5 2 84 100 77 43 20 18 44 69 42 94 88 82 
28 45 92 99 10 4 99 38 69 6 93 28 67 77 96 85 88 1 38 24 100 15 18 71 84 61 91 78 7 78 59 34 23 2 85 84 5 35 74 25 40 66 53 59 94 100 43 34 52 80 9 3 46 26 25 30 39 15 59 45 45 17 30 19 70 14 2 26 48 75 51 88 92 55 46 86 54 40 71 58 19 79 60 17 4 85 98 42 51 
56 38 95 24 68 13 93 33 67 18 81 41 68 20 33 74 17 70 80 8 40 37 26 18 48 94 73 84 91 67 35 46 4 81 69 23 46 13 56 64 31 88 4 50 59 36 24 27 57 3 34 96 39 11 65 38 5 90 22 47 56 8 93 11 40 13 34 37 26 41 100 8 80 4 57 38 91 32 16 48 34 49 95 24 59 12 62 63 1 
35 62 56 42 6 66 81 18 51 18 95 91 69 54 22 72 11 11 15 94 26 14 28 74 60 3 33 71 64 47 71 50 8 78 91 13 44 24 83 46 93 29 37 61 83 10 85 45 21 51 38 46 64 17 20 23 20 4 46 35 50 16 85 10 94 27 74 89 2 56 34 94 37 22 7 71 32 91 15 52 93 4 97 56 73 16 30 44 71 
27 78 21 43 14 82 88 93 55 76 94 63 9 88 51 83 94 21 14 36 87 65 28 42 13 35 14 81 16 57 51 43 87 23 37 52 4 24 44 59 51 90 73 11 77 23 93 22 43 6 9 81 22 88 22 35 74 36 67 41 44 17 35 30 40 71 82 43 46 77 53 96 66 77 7 94 99 51 67 93 57 27 73 30 14 95 16 39 30 
82 80 25 99 14 55 90 37 88 32 34 16 37 30 34 13 88 27 64 90 46 56 46 24 29 28 90 23 43 28 4 25 59 28 75 73 34 64 61 73 47 94 89 35 75 22 48 14 100 11 4 97 18 1 21 46 28 10 20 23 89 75 99 48 55 73 72 40 88 32 13 34 77 53 69 4 74 68 17 25 30 72 74 47 25 94 45 4 55 
16 26 43 43 24 90 97 48 61 36 35 44 100 69 73 52 89 76 77 8 44 54 89 16 27 87 92 72 31 95 26 99 73 20 41 48 10 89 96 22 24 30 18 76 50 90 27 90 65 4 97 8 57 37 75 35 24 66 6 54 13 83 4 85 2 44 32 63 32 79 85 8 9 54 83 10 43 61 100 59 16 48 66 24 85 93 58 8 10 
15 13 22 97 17 58 99 12 42 61 44 20 97 3 80 50 37 90 44 97 89 2 13 36 20 88 72 12 46 79 73 60 92 47 9 60 4 7 71 97 19 14 69 68 68 48 17 4 37 13 1 77 14 65 65 33 4 36 96 49 15 69 61 58 15 21 17 70 27 87 67 97 53 35 64 72 34 33 76 71 45 28 47 58 44 11 91 47 99 
38 48 13 6 60 22 20 80 90 42 6 28 60 54 32 94 18 4 79 50 79 49 94 58 48 51 1 10 93 47 8 83 46 72 88 5 93 60 84 34 1 89 62 60 43 93 5 12 96 83 61 74 84 6 83 31 8 83 92 53 82 100 35 27 23 22 32 16 33 67 1 33 56 62 44 50 55 100 13 50 83 73 76 18 30 58 100 37 93 
91 89 26 90 23 52 65 97 35 80 29 2 80 14 9 94 57 10 48 57 74 49 91 46 24 60 75 34 59 63 78 49 52 3 91 26 6 55 22 93 86 51 46 17 64 6 10 72 15 57 80 88 6 70 85 81 29 11 66 87 73 43 88 76 45 78 2 3 32 75 95 17 25 40 33 40 45 95 12 11 51 91 50 8 13 86 41 93 96 
6 32 20 1 19 48 97 96 1 99 79 75 93 95 100 84 79 39 28 73 2 90 76 93 39 35 5 24 27 97 71 85 28 43 85 46 90 81 93 90 32 71 16 24 17 15 60 48 6 39 72 7 29 47 51 19 34 55 43 60 4 65 44 83 7 80 81 48 13 73 89 44 96 5 19 12 71 78 11 76 17 83 35 97 29 85 15 14 92 
9 26 95 74 21 77 32 1 57 80 13 82 68 8 77 72 26 40 43 56 51 70 72 33 56 20 13 41 34 27 84 95 4 78 68 24 6 99 24 63 30 88 96 50 95 72 21 73 11 15 28 13 37 51 45 92 70 10 84 55 88 67 49 91 96 68 14 2 67 90 16 48 77 63 97 24 34 70 96 96 36 23 61 72 25 5 16 94 14 
51 48 1 70 49 43 65 16 57 18 34 46 85 82 74 47 78 49 32 99 96 80 35 18 40 58 94 44 73 87 10 76 87 62 45 35 5 61 50 13 31 84 10 67 17 83 14 94 84 97 93 79 76 79 49 15 36 42 11 9 29 72 36 67 33 80 1 89 92 2 53 74 85 62 41 1 97 54 47 80 50 91 58 78 69 6 92 4 100 
54 64 80 25 99 46 10 30 98 50 74 99 3 47 36 64 87 88 60 92 34 91 94 76 49 71 96 6 62 100 5 68 15 36 92 66 81 1 95 78 51 68 77 5 67 12 68 53 51 80 45 85 70 38 12 70 8 8 28 21 59 84 88 73 20 32 38 100 32 85 78 34 4 6 38 70 69 58 75 19 37 19 55 6 8 67 28 15 26 
55 87 36 38 27 8 57 58 98 57 41 34 86 75 37 91 64 59 11 21 33 29 57 3 84 15 10 2 42 76 27 96 14 14 85 40 21 42 97 70 50 38 55 35 64 44 77 27 2 87 100 86 15 56 40 50 22 49 51 15 76 29 62 89 42 47 29 15 88 77 36 37 66 91 23 81 86 99 8 87 37 59 24 51 14 63 53 88 63 
55 2 38 36 64 78 29 10 58 43 49 35 31 37 52 73 59 33 58 57 92 96 93 50 71 95 15 85 99 2 47 54 4 36 89 19 13 17 28 71 12 28 57 94 64 8 66 22 92 75 30 83 70 74 32 92 20 47 76 19 100 22 24 55 9 12 73 73 80 52 95 43 79 51 36 42 11 53 15 54 79 44 37 48 17 20 91 89 18 
66 7 18 39 82 72 47 93 97 20 24 48 14 19 27 17 54 68 79 59 83 32 37 78 20 37 47 92 27 35 9 93 93 78 83 74 2 30 18 98 1 93 45 66 11 71 82 17 91 12 75 25 96 63 54 67 99 100 58 78 86 67 22 30 96 4 55 97 33 72 94 85 65 91 51 27 13 84 43 55 96 17 79 43 32 85 9 82 84 
67 59 22 85 32 51 80 36 6 77 20 29 22 5 45 64 55 72 77 38 14 31 85 83 62 27 66 46 88 47 81 54 6 54 38 37 5 17 24 62 45 44 90 19 100 35 82 6 58 58 43 23 41 80 57 54 58 22 99 45 69 31 50 26 85 87 14 41 56 38 2 52 33 43 70 32 29 4 37 86 13 31 9 53 62 65 6 20 39 
56 16 7 87 66 32 23 4 45 63 11 34 16 63 66 58 84 49 87 39 85 72 52 68 32 4 29 49 62 100 87 17 16 45 55 33 28 29 88 24 91 99 58 6 13 75 16 96 24 2 35 8 25 38 27 9 41 56 57 54 55 95 71 22 91 77 54 18 6 42 41 48 92 50 6 4 25 21 51 48 22 37 7 98 74 86 6 15 41 
14 20 47 60 42 69 50 19 74 19 76 15 12 23 58 61 28 61 37 48 12 36 21 48 43 19 22 80 76 88 20 90 7 66 1 49 86 3 19 60 21 94 26 32 16 84 45 96 44 81 43 7 17 16 55 11 34 28 90 61 67 61 2 25 26 3 25 64 5 43 23 77 36 100 9 4 83 53 99 79 85 93 37 1 8 43 11 93 70 
52 54 88 12 55 13 90 9 37 53 65 80 75 42 67 26 2 70 9 54 20 39 90 13 75 91 72 18 53 65 39 5 70 27 68 76 39 57 85 27 9 49 6 35 42 25 61 43 46 21 48 66 11 38 30 85 28 1 54 32 65 45 88 34 23 56 10 13 12 46 39 21 46 97 55 88 21 67 30 66 87 78 83 97 15 12 34 94 13 
39 25 29 83 13 15 5 68 24 69 31 21 8 51 66 4 58 53 76 24 35 41 63 12 24 11 26 35 44 71 99 35 95 28 69 59 42 74 78 17 94 9 37 1 11 54 56 20 59 31 96 93 72 58 4 47 68 81 33 64 51 32 98 97 11 18 8 52 43 37 20 37 45 8 37 8 61 93 27 19 75 22 63 98 31 18 44 51 98 
29 14 100 60 63 49 70 80 8 73 23 44 92 11 41 99 47 100 11 91 26 82 18 100 44 15 30 62 11 80 11 39 45 63 50 59 11 71 91 70 43 65 13 86 75 5 84 73 4 46 16 30 27 33 81 23 47 10 36 9 42 46 47 38 8 48 97 70 18 39 39 60 55 52 97 29 56 32 53 12 78 68 41 56 52 21 78 51 82 
13 59 23 11 58 13 70 5 9 40 23 99 78 34 53 81 31 33 89 62 85 100 39 5 92 95 56 64 24 6 97 89 65 72 99 22 84 68 26 92 59 48 42 37 82 94 69 12 26 57 73 10 8 64 14 99 58 22 14 33 27 11 21 91 82 71 64 65 91 90 8 49 89 49 85 22 94 6 33 19 62 58 80 22 21 46 72 30 67 
86 14 93 48 35 36 29 57 99 45 47 40 52 96 29 52 32 50 97 37 35 67 51 44 46 72 16 43 95 45 61 80 10 6 27 44 41 7 53 91 51 99 31 54 46 11 57 30 60 53 66 46 19 68 89 17 91 4 11 86 100 72 17 10 77 96 5 69 2 57 59 5 8 89 10 5 99 19 34 11 23 100 56 94 19 97 10 62 100 
72 47 52 43 15 61 71 10 17 39 64 26 98 68 33 38 29 37 89 99 23 99 22 22 6 15 92 2 76 53 54 47 51 57 42 66 17 12 75 85 51 38 10 100 57 94 37 38 83 25 36 5 75 57 78 33 23 21 86 50 74 39 97 76 95 90 41 63 1 68 100 3 57 9 2 66 55 39 3 89 15 90 93 42 99 22 74 73 42 
59 23 67 50 71 43 96 60 35 11 12 2 10 15 59 70 16 76 76 6 30 64 73 19 8 66 17 81 39 90 23 49 64 41 50 34 35 98 93 70 8 4 71 17 70 81 38 38 8 14 43 37 29 67 56 37 32 24 17 22 65 91 71 28 84 72 13 18 69 5 87 76 61 10 44 82 90 34 19 50 47 14 86 27 80 41 63 12 17 
32 33 33 74 55 61 57 27 73 75 47 30 61 75 42 70 18 23 12 3 94 61 49 7 46 76 86 39 90 49 7 73 82 39 47 88 51 3 66 76 77 13 57 90 87 50 11 56 24 22 59 17 34 59 23 32 86 61 22 28 9 28 100 42 18 46 30 21 1 95 96 29 7 52 18 45 1 81 1 24 2 11 93 88 21 15 19 7 75 
40 86 36 19 85 77 36 83 6 56 35 1 3 63 59 6 33 56 58 13 56 34 66 18 26 53 38 92 23 96 19 14 81 54 32 18 30 20 52 88 27 86 40 30 100 98 87 32 53 45 96 60 78 14 29 55 18 67 46 41 14 64 54 47 69 38 64 99 57 15 38 35 100 77 16 99 74 3 83 79 99 30 90 76 43 19 82 61 37 
27 53 2 43 58 48 11 95 11 61 3 77 98 38 28 74 5 79 100 7 13 78 5 42 19 32 37 37 13 97 25 92 1 27 34 58 74 44 53 37 5 55 13 54 44 93 28 49 71 27 7 83 56 64 76 74 47 12 63 60 60 87 3 60 13 36 18 39 31 22 75 87 28 39 41 72 31 20 72 53 46 30 35 53 45 11 78 92 74 
40 3 34 79 5 93 43 40 62 81 70 83 7 9 11 46 49 34 76 68 57 29 65 86 15 69 83 77 46 74 51 38 28 36 68 32 80 10 23 42 43 44 24 49 52 86 94 100 19 22 19 75 2 83 13 68 51 95 45 49 20 47 38 47 82 5 30 61 14 52 54 56 95 78 5 99 63 50 98 34 71 17 60 72 51 72 40 54 18 
36 2 89 34 39 35 15 43 16 27 8 67 81 16 14 10 72 12 24 21 61 9 44 77 69 67 80 92 58 33 62 93 34 50 26 24 37 92 18 52 71 77 19 3 92 84 64 15 95 87 88 55 96 31 84 16 49 63 7 7 47 68 51 80 70 29 55 6 72 72 57 42 100 27 96 44 10 59 58 56 98 97 11 45 79 46 60 28 8 
18 34 54 38 36 85 7 64 91 12 36 14 20 29 13 99 25 56 60 35 14 16 32 62 78 28 41 23 39 68 82 57 53 87 94 88 71 52 4 13 15 39 26 86 19 38 84 95 94 44 30 59 59 13 20 36 41 60 10 79 79 91 87 31 77 32 71 99 83 74 11 49 64 36 35 82 73 18 77 66 13 6 24 23 70 96 10 10 55 
19 41 34 9 79 16 37 11 86 35 45 59 45 94 22 80 80 4 5 49 32 70 62 89 46 36 58 41 46 20 47 16 60 32 77 90 48 13 100 33 100 45 92 44 90 65 76 21 20 80 69 51 1 82 39 98 18 97 90 15 68 37 30 79 68 58 68 15 71 68 100 22 64 43 65 5 7 92 25 27 23 93 77 24 27 68 73 44 16 
63 10 83 99 39 61 18 97 80 85 19 47 84 40 62 26 56 18 32 100 42 10 22 87 87 97 13 6 70 8 21 84 17 55 82 7 67 99 55 46 35 73 45 18 64 58 43 72 76 27 71 17 36 44 55 74 41 19 79 62 26 51 45 42 57 78 1 23 28 55 21 63 28 65 80 43 22 75 14 97 1 36 66 36 80 72 10 72 91 
40 85 16 91 29 10 99 58 10 22 85 64 94 99 43 58 79 86 31 5 51 80 5 87 97 92 18 68 1 89 58 93 73 26 83 53 35 33 10 44 54 46 59 47 45 2 56 75 39 39 79 89 18 35 27 66 26 44 33 79 32 43 71 56 68 5 8 2 37 69 97 91 15 55 89 11 8 97 37 98 35 15 87 4 1 65 21 26 9 
53 4 92 47 74 100 14 30 59 67 67 28 15 9 94 22 49 4 29 45 40 79 31 6 65 34 6 81 54 83 41 59 39 85 5 64 84 71 94 42 89 60 21 4 20 14 77 68 69 57 13 60 35 43 65 51 29 22 32 34 57 72 44 95 56 49 58 91 71 51 33 59 62 53 14 81 19 90 1 87 47 65 47 81 7 63 32 87 37 
15 73 93 86 16 39 94 16 96 84 86 99 68 97 12 73 62 45 91 4 45 29 50 9 27 82 67 42 65 6 78 79 78 22 17 93 12 10 61 59 45 46 57 13 94 21 85 8 17 75 11 13 55 12 21 82 93 39 23 10 96 52 40 25 73 56 70 36 17 30 94 62 27 3 74 21 23 10 80 91 36 90 3 90 1 75 71 45 13 
93 6 61 96 46 85 20 53 54 55 70 83 49 31 62 51 56 34 25 65 13 15 100 2 17 89 54 91 12 50 55 56 56 15 52 53 52 71 5 57 26 74 92 26 56 53 76 63 86 100 27 98 66 78 51 82 19 4 24 30 5 78 85 60 45 88 12 48 59 69 4 36 42 95 61 50 47 88 12 84 39 91 33 4 68 83 37 86 38 
60 67 43 37 52 2 33 91 66 80 49 34 84 36 27 30 48 28 29 35 40 12 25 30 45 28 49 79 64 35 17 75 53 59 64 4 12 96 47 29 76 95 14 11 83 41 40 30 68 20 17 59 32 93 40 28 21 89 6 36 75 22 63 27 32 26 83 44 21 29 24 48 75 38 58 57 30 50 39 97 69 7 8 52 99 47 79 71 87 
37 59 61 58 21 40 90 98 22 85 18 50 8 18 76 45 27 85 74 76 23 23 97 81 82 100 31 28 79 2 67 67 12 27 24 84 66 65 81 39 1 50 40 9 67 16 5 94 100 31 21 74 5 69 54 86 69 84 65 99 37 31 65 100 58 40 83 75 5 63 14 57 13 53 17 31 68 22 24 19 4 45 92 8 13 45 93 33 81 
57 31 17 40 95 17 97 35 51 23 91 14 88 99 78 93 16 8 12 89 84 31 92 80 22 51 44 19 43 77 99 51 7 67 90 54 35 38 40 86 13 82 51 100 80 80 92 47 39 4 35 22 34 26 53 7 28 97 25 70 73 75 73 31 42 14 36 28 4 75 13 16 56 15 67 88 46 59 34 85 14 69 58 99 46 11 5 26 7 
82 95 31 56 19 13 97 33 49 77 88 23 41 3 31 56 69 70 53 79 3 37 92 23 95 42 21 57 47 46 63 28 92 45 83 63 57 32 47 5 8 34 80 100 88 10 55 56 31 60 87 33 96 30 8 42 72 80 98 18 77 12 97 20 8 31 82 65 62 28 21 21 61 100 21 48 61 27 56 91 86 94 76 34 23 83 75 94 14 
25 63 42 88 59 61 96 90 43 60 3 22 80 76 83 32 48 82 92 74 89 83 12 82 58 97 5 92 23 50 57 47 13 98 35 23 58 82 64 100 93 19 22 72 94 56 55 41 89 47 66 78 29 29 59 38 25 15 29 48 65 85 46 77 82 32 51 91 13 15 43 5 33 16 29 26 71 83 18 59 29 35 88 9 64 47 46 40 61 
26 39 25 62 85 53 95 16 4 86 29 70 28 85 2 43 13 79 65 96 48 75 76 82 63 85 97 9 82 37 21 8 75 98 69 11 50 16 27 5 53 7 74 80 91 27 74 4 5 90 51 52 64 26 86 26 10 82 86 92 18 7 51 45 56 71 55 57 86 33 62 38 39 87 69 82 14 42 37 70 31 87 22 47 12 7 72 22 40 
10 65 10 16 15 54 23 85 60 79 71 45 92 60 35 79 29 16 44 22 52 13 5 38 86 51 50 44 74 23 84 83 87 93 50 1 98 72 37 57 51 59 1 42 19 36 72 99 3 15 20 55 28 24 44 13 26 45 57 100 67 92 82 5 84 84 57 81 55 94 89 57 52 42 51 70 29 22 68 31 37 40 37 64 15 81 28 41 77 
36 92 44 27 25 100 62 8 57 94 15 50 35 71 53 76 21 23 4 43 42 86 31 33 23 46 48 55 73 40 31 61 31 26 39 7 26 1 15 82 94 29 83 28 51 35 55 72 9 10 66 3 96 96 35 70 93 82 24 17 21 6 77 3 32 16 10 9 16 76 42 61 4 24 41 54 10 95 77 19 57 94 21 52 89 7 21 33 89 
96 50 61 1 26 16 84 93 25 44 8 100 85 21 55 60 13 60 70 59 37 40 15 30 12 66 71 18 38 3 6 33 52 19 86 30 34 69 22 10 13 82 9 49 54 15 9 66 74 30 76 62 69 91 44 32 8 14 49 98 68 7 82 72 25 67 53 10 88 74 19 52 7 79 100 60 93 60 77 18 89 53 80 9 95 23 40 54 88 
41 51 7 47 33 78 23 99 82 32 38 56 50 89 14 80 41 74 72 100 2 89 41 6 20 1 100 42 93 6 29 33 56 88 79 40 65 1 91 47 84 28 54 85 17 67 64 9 92 87 8 46 75 100 51 47 1 3 88 45 8 69 77 63 56 7 55 72 59 45 70 42 72 75 78 40 42 41 48 85 27 8 30 53 7 33 99 59 35 
39 3 42 59 31 56 66 37 62 37 47 6 59 40 30 33 17 69 26 57 69 63 35 76 44 88 34 76 38 45 10 76 99 3 34 82 11 51 18 72 88 17 30 98 56 59 30 73 27 56 29 47 70 64 74 13 3 60 89 40 56 50 68 54 5 53 35 15 4 5 38 43 21 19 40 76 77 69 100 56 76 81 2 45 96 28 58 98 87 
46 89 42 47 8 47 51 61 82 17 64 38 7 58 58 25 97 85 54 65 37 9 93 17 62 89 12 89 46 61 27 43 1 68 90 9 15 92 21 48 9 84 85 15 41 94 91 89 30 44 53 66 4 97 34 18 86 97 6 83 9 85 26 10 52 67 70 18 58 90 17 18 25 53 84 17 46 75 5 28 70 9 45 74 6 79 91 43 75 
48 25 36 32 50 45 36 68 14 5 78 55 22 95 79 74 79 95 72 5 99 51 26 7 95 99 64 73 41 6 100 41 31 87 72 32 31 59 52 96 16 29 2 89 75 80 14 5 26 85 9 24 35 87 82 82 85 46 6 78 3 57 18 85 43 41 69 25 52 20 72 67 100 73 55 74 52 68 79 77 5 39 52 91 25 34 72 62 31 
78 39 85 34 8 70 77 48 38 53 99 9 25 17 8 97 71 81 1 39 11 77 43 2 81 33 78 66 5 91 48 34 81 32 19 88 53 47 88 90 100 38 50 24 55 57 20 25 90 20 15 52 49 57 53 29 42 83 94 98 73 41 83 54 24 1 93 77 48 80 18 47 18 68 70 24 76 89 48 65 61 63 17 9 71 21 37 64 55 
82 13 28 74 95 33 97 96 77 73 43 57 43 41 26 62 10 49 37 50 48 54 10 62 70 70 85 42 58 100 97 39 13 76 64 7 60 61 54 36 85 48 44 79 88 69 40 49 69 77 51 69 30 60 82 51 82 66 92 39 18 40 30 30 67 93 88 26 5 42 14 90 41 57 68 29 78 8 29 98 36 79 18 65 91 100 67 72 17 
10 62 34 50 91 63 68 36 3 46 40 96 59 29 36 67 49 16 44 56 45 94 43 75 11 7 65 10 73 88 27 82 50 60 83 92 75 3 27 29 48 67 24 6 47 59 72 95 27 68 2 23 61 44 97 71 2 62 81 26 1 59 60 50 70 42 94 96 96 20 24 43 86 47 100 33 58 24 79 84 91 81 6 3 24 54 73 78 67 
5 3 68 15 62 69 85 56 62 32 51 82 56 94 19 54 45 51 63 68 30 98 10 62 55 12 85 9 37 14 75 93 17 42 8 30 11 44 85 72 27 88 5 34 33 24 88 77 26 2 45 55 100 6 68 54 18 5 62 6 18 37 98 34 30 57 16 40 52 100 64 79 87 68 12 19 91 51 48 69 53 92 23 52 49 43 5 66 47 
19 71 64 55 21 50 36 77 65 76 81 64 91 59 3 58 70 73 1 21 20 69 73 63 43 76 12 85 32 29 83 50 52 47 56 72 96 92 100 12 19 80 27 9 90 29 18 60 54 70 32 25 38 56 88 33 31 51 69 62 31 52 12 82 50 19 5 97 10 5 8 28 36 34 88 26 15 6 37 20 75 68 44 65 75 83 49 5 85 
17 66 16 20 29 97 21 100 2 17 9 58 76 89 45 62 76 22 76 81 58 47 56 77 90 72 51 25 20 7 9 88 25 24 8 5 73 80 4 26 97 13 83 24 53 79 85 28 1 12 61 10 58 16 39 48 39 41 24 58 48 32 45 72 8 4 76 80 84 80 5 32 44 39 55 96 17 92 23 69 3 83 79 61 50 17 60 88 57 
83 97 56 66 94 27 25 97 55 4 32 86 60 15 29 50 22 24 19 13 98 87 15 33 65 27 34 33 86 22 42 20 70 97 86 63 76 10 60 30 66 43 15 77 58 95 79 79 18 97 43 67 83 57 99 100 84 33 84 21 6 25 41 75 74 78 90 49 39 1 30 56 43 44 33 52 38 63 82 7 59 24 73 93 33 24 92 68 56 
28 88 13 52 80 39 25 57 28 25 96 28 54 3 71 97 87 74 86 49 56 44 7 79 69 52 63 92 95 30 99 22 70 63 74 49 1 50 58 29 75 5 8 28 7 30 77 94 4 14 42 11 58 1 89 78 52 4 69 46 33 19 68 54 33 93 3 33 42 60 13 68 64 21 96 70 50 24 15 5 37 57 15 46 57 56 23 60 59 
43 5 43 13 24 97 45 68 51 78 62 10 42 29 25 62 76 46 64 99 61 68 88 17 83 33 25 90 8 84 48 2 40 42 15 16 38 11 83 88 88 44 49 82 25 73 43 100 19 58 51 31 78 38 99 12 22 23 1 29 58 100 83 49 41 97 16 31 7 51 70 47 94 19 80 70 43 74 70 13 32 72 43 9 9 41 20 82 15 
