524 20 3
80 95 92 51 70 10 56 76 30 16 14 51 41 100 26 44 37 25 99 20 
8 12 11 50 12 67 33 92 90 53 34 21 99 77 71 20 38 79 96 68 
94 61 70 87 12 95 30 48 19 80 67 26 43 78 28 54 44 60 45 85 
64 31 5 63 7 28 82 45 58 29 64 3 89 33 89 1 27 70 100 45 
49 19 23 91 96 2 44 91 61 41 27 25 23 83 39 29 10 20 25 19 
49 88 22 89 72 62 41 98 32 41 95 32 59 69 23 6 70 18 48 30 
58 74 6 80 56 44 61 18 16 37 36 16 77 9 4 48 71 45 98 54 
37 92 85 95 60 59 52 29 77 99 10 86 24 68 18 31 63 30 100 78 
18 36 45 94 96 49 94 18 45 91 71 33 34 8 27 93 66 78 73 42 
28 34 80 51 1 49 33 64 78 33 93 95 68 38 41 15 38 34 33 34 
76 55 66 9 62 44 53 28 73 77 21 100 10 100 2 63 48 34 26 77 
66 70 24 85 7 64 100 96 49 84 29 76 38 46 36 100 89 88 27 61 
64 47 60 25 99 61 87 98 47 64 75 12 34 98 97 92 13 48 88 13 
31 68 88 68 14 23 67 2 62 45 15 77 92 74 1 42 87 40 39 33 
3 13 96 36 62 92 80 26 91 67 38 21 86 25 89 51 99 7 53 60 
52 67 36 95 92 89 36 30 28 74 14 82 39 10 18 52 53 49 78 44 
67 67 16 52 92 4 3 42 63 7 2 14 25 89 60 16 29 95 98 8 
68 11 90 58 20 7 10 25 55 39 68 73 5 83 24 48 39 26 90 1 
84 43 66 8 83 25 76 12 71 73 19 90 83 60 48 55 66 9 79 72 
99 98 44 3 80 20 3 70 97 44 22 81 86 87 40 20 63 15 31 33 
87 2 23 22 61 22 28 79 30 6 2 28 3 98 82 34 69 36 4 65 
79 25 97 16 64 37 36 26 3 18 11 42 71 33 63 84 6 90 14 35 
47 15 14 49 64 47 34 84 83 37 49 13 14 97 29 77 85 64 54 88 
33 64 29 4 48 43 39 53 32 52 39 30 18 4 78 82 51 11 17 85 
100 65 97 65 14 77 41 98 92 46 85 25 62 13 80 9 55 18 14 38 
69 4 67 86 8 96 19 10 59 36 46 10 52 94 74 65 71 14 63 62 
11 99 86 72 12 17 81 18 34 46 8 2 1 26 40 8 22 10 69 80 
45 66 41 49 60 14 65 30 79 27 91 89 78 29 61 89 45 93 58 79 
38 17 32 90 43 23 50 64 33 18 95 29 84 35 77 43 48 42 24 78 
20 14 66 97 94 26 37 39 18 47 69 7 63 52 97 5 27 46 20 59 
15 66 39 50 100 68 44 99 61 67 76 80 33 94 29 26 19 17 64 89 
15 84 47 78 88 95 34 14 40 54 72 7 71 62 56 71 29 52 21 89 
18 49 21 50 42 1 76 12 17 91 100 32 27 47 61 14 41 46 27 33 
99 50 91 22 63 98 92 92 49 64 32 67 12 52 68 5 4 95 17 73 
38 68 56 16 66 16 81 59 61 59 43 12 8 33 33 22 30 76 13 31 
91 45 49 3 48 16 59 4 63 27 76 52 95 31 67 60 46 47 70 58 
5 12 21 64 96 53 85 26 80 98 56 71 94 4 25 93 71 83 96 85 
10 71 36 56 53 2 67 98 48 37 8 52 48 28 67 44 33 52 21 12 
1 28 34 94 83 58 38 5 93 34 90 2 56 25 9 9 27 75 58 26 
11 65 30 11 45 96 54 77 47 26 40 47 53 26 92 87 83 82 91 75 
67 80 28 22 5 36 82 83 11 40 8 73 56 89 83 52 85 88 80 83 
13 20 82 17 45 25 3 79 6 94 6 72 25 85 46 81 73 27 63 35 
18 23 7 74 11 90 25 47 77 57 30 42 76 11 58 72 87 61 2 93 
6 59 64 30 44 61 11 16 88 25 50 5 47 56 30 10 97 7 56 74 
63 37 15 90 99 24 13 86 84 14 78 41 73 93 23 68 54 85 83 93 
9 84 97 8 91 79 69 88 85 76 13 47 13 79 36 11 2 48 96 38 
13 25 78 85 70 52 52 75 36 86 67 97 21 15 56 12 93 24 99 77 
99 63 23 63 41 10 74 42 57 21 31 70 98 61 6 67 12 10 41 48 
47 59 96 68 73 51 79 66 26 29 94 76 43 69 39 83 78 64 76 87 
84 59 8 33 19 65 99 30 74 91 29 73 1 24 40 74 26 70 91 51 
50 84 79 92 52 17 26 82 80 1 68 15 59 27 100 77 91 50 59 17 
41 87 89 93 63 80 66 88 49 56 91 98 92 69 89 95 37 14 76 68 
66 95 34 77 21 33 5 12 83 63 80 75 2 68 67 16 47 33 55 47 
40 45 44 83 65 84 78 53 49 5 20 14 100 54 42 20 86 47 83 20 
61 62 94 14 81 61 29 79 45 84 25 36 80 20 19 45 3 48 49 3 
52 69 69 51 74 10 23 59 8 57 31 21 71 24 34 51 36 63 82 32 
46 6 68 77 78 38 73 32 85 22 35 88 90 3 91 63 64 13 73 24 
21 3 44 91 79 77 42 14 91 23 46 88 80 65 65 57 54 37 89 38 
58 75 77 47 29 67 61 92 31 86 67 52 88 10 42 18 87 35 32 77 
9 29 17 41 45 81 49 98 17 89 87 75 63 63 73 91 82 86 35 12 
71 1 15 10 63 9 28 1 43 11 29 4 91 45 44 35 25 92 32 94 
81 70 20 43 84 92 86 65 29 72 29 99 24 43 9 86 51 88 86 46 
98 15 49 88 59 92 22 84 83 5 77 15 74 96 58 57 39 95 74 20 
66 2 18 89 96 78 27 99 65 12 44 62 26 44 1 37 35 22 20 69 
78 48 36 51 95 93 60 85 39 33 4 56 86 74 44 33 3 22 31 68 
34 26 81 11 69 82 47 55 55 18 76 33 17 11 35 63 55 46 48 93 
30 3 48 15 28 43 100 31 65 30 50 50 56 30 60 76 63 59 31 70 
28 6 2 45 68 88 7 22 34 6 14 63 61 13 30 88 7 29 18 71 
58 19 72 65 1 84 41 63 42 23 32 69 80 85 65 47 73 24 68 6 
29 33 20 41 45 49 29 51 77 98 74 87 17 45 51 69 80 43 31 21 
65 15 42 44 99 58 90 23 81 9 28 62 41 48 2 85 48 82 88 25 
32 61 63 100 57 13 68 37 8 50 9 24 64 50 20 15 60 9 37 40 
70 17 53 10 16 55 95 63 88 82 39 19 94 1 18 50 66 85 38 73 
35 47 96 50 48 15 64 7 76 53 99 45 69 51 54 84 5 100 98 93 
33 37 63 78 37 81 28 2 17 17 26 3 63 74 53 11 88 16 69 15 
20 67 11 88 18 17 23 74 16 21 18 1 9 81 78 45 13 57 99 29 
74 24 32 88 97 84 98 37 51 67 51 71 85 62 10 2 30 33 76 45 
5 93 97 13 25 27 9 37 35 7 66 8 83 49 48 79 84 97 67 34 
15 70 56 100 83 66 1 12 50 28 8 6 73 5 18 97 31 26 34 65 
85 51 25 67 51 72 97 34 68 16 19 35 85 27 34 67 92 34 30 93 
14 37 98 86 41 67 82 23 44 67 40 28 17 64 46 19 87 95 52 6 
10 71 40 46 97 25 12 40 11 41 84 24 77 33 9 70 99 42 92 42 
9 31 22 77 46 67 96 84 13 99 42 22 21 81 67 69 6 30 60 16 
22 43 91 51 75 99 20 25 92 63 67 52 46 88 29 43 6 76 27 19 
74 68 92 95 100 59 63 57 40 23 24 62 17 14 12 44 64 83 68 56 
97 34 7 42 73 87 85 31 62 63 1 88 30 92 34 81 2 96 38 42 
70 61 55 39 75 18 82 38 100 49 45 48 35 4 90 59 90 26 89 4 
88 89 91 69 81 24 49 82 71 38 75 93 99 29 31 25 46 12 14 97 
12 59 45 46 62 34 5 3 11 45 6 50 34 48 70 66 71 70 99 94 
8 74 86 6 54 68 82 100 79 95 48 90 5 92 88 66 77 92 21 87 
36 26 88 21 26 57 38 96 27 89 41 34 14 78 91 67 45 72 18 23 
18 66 65 23 57 52 40 34 95 60 72 30 38 60 3 63 68 40 10 94 
80 51 79 93 80 21 60 25 44 29 47 62 94 63 36 3 14 75 88 8 
87 59 90 24 70 44 38 38 35 47 83 15 49 14 7 29 34 66 5 30 
95 3 91 40 66 78 42 31 52 29 39 38 40 80 13 9 23 2 98 57 
1 33 71 49 46 78 29 31 95 85 60 41 88 2 33 53 79 74 83 83 
55 73 72 94 52 85 54 74 86 4 83 86 36 53 87 33 82 67 63 77 
52 75 69 91 76 1 43 7 27 77 89 81 50 60 26 53 96 79 79 34 
82 61 71 69 13 9 1 47 28 64 23 31 38 43 21 65 96 15 71 22 
91 59 54 92 71 79 45 18 57 23 51 91 35 74 59 47 82 60 93 9 
75 67 39 12 62 11 28 57 25 99 30 16 9 83 59 31 61 55 49 69 
29 99 59 63 72 70 62 6 29 6 66 55 25 5 18 86 67 45 94 92 
95 23 59 4 5 17 34 17 72 82 85 100 33 96 15 56 65 76 61 45 
81 79 99 5 83 16 90 49 60 35 92 55 57 50 10 13 19 43 29 42 
77 14 93 61 61 7 68 25 82 81 69 63 59 67 67 93 82 9 41 93 
43 85 47 52 34 56 64 4 51 45 45 79 10 38 39 70 44 6 94 26 
38 62 40 96 80 58 88 13 66 81 5 61 65 4 64 50 59 79 54 61 
23 98 39 32 35 29 1 31 35 46 56 72 7 95 20 38 4 7 50 22 
87 7 34 3 10 97 53 20 75 58 81 98 55 19 81 42 48 82 72 34 
79 79 57 86 25 76 75 28 35 77 49 73 83 82 76 44 30 80 63 5 
37 43 54 43 62 86 84 61 19 7 94 98 37 50 35 61 78 9 41 12 
37 89 84 19 23 11 62 52 90 25 8 78 19 13 21 80 99 56 40 69 
63 85 66 99 87 100 12 64 61 52 27 97 92 62 68 66 73 29 70 14 
5 77 92 24 42 12 55 92 67 47 60 81 31 26 32 17 77 43 32 37 
94 58 34 37 20 1 3 44 81 72 57 38 100 100 13 93 11 67 84 30 
65 96 62 96 21 93 64 97 35 96 86 80 53 71 69 24 23 71 67 3 
94 76 92 45 75 56 38 38 23 73 19 87 68 80 34 88 25 98 37 11 
93 22 91 97 44 59 73 66 81 91 20 74 66 12 70 93 67 7 30 41 
80 100 80 47 31 65 87 55 62 75 66 6 96 8 55 39 18 27 56 98 
17 75 23 35 86 92 27 5 51 8 45 30 7 76 28 37 41 66 44 54 
40 9 60 87 68 66 77 85 44 32 34 60 7 56 46 92 99 72 48 49 
79 45 30 37 20 10 26 12 75 69 66 15 29 77 1 48 42 78 32 85 
9 65 96 15 72 42 59 70 65 6 71 44 50 100 32 22 9 9 33 36 
29 98 50 57 74 50 56 67 27 87 51 88 3 99 54 74 40 12 96 56 
70 66 51 71 17 83 92 26 91 25 61 20 74 62 28 100 11 84 66 90 
22 69 29 25 19 82 50 58 94 45 65 63 10 16 85 27 98 77 4 40 
53 16 11 78 77 91 77 39 26 43 80 47 63 8 23 81 90 25 90 35 
69 54 49 79 69 33 57 18 9 12 10 13 27 20 91 55 62 67 93 87 
61 73 86 75 32 60 55 21 84 96 55 53 2 3 83 70 36 91 40 96 
2 49 61 28 20 51 82 82 69 26 20 82 50 5 56 82 65 63 2 48 
58 9 52 11 11 86 81 98 76 72 46 77 72 6 56 91 56 89 24 76 
15 44 57 64 100 13 45 16 27 99 16 36 7 67 47 17 5 79 67 80 
50 12 9 73 69 64 15 76 53 39 51 67 34 8 82 85 72 79 1 98 
77 68 85 83 86 31 51 90 9 69 70 10 80 78 34 100 41 49 75 45 
39 26 63 24 33 45 8 56 75 60 5 51 27 89 33 13 20 35 2 80 
4 23 42 35 100 75 35 93 23 9 37 61 86 52 84 70 48 44 25 22 
3 29 72 82 70 56 46 89 90 47 20 45 70 61 80 21 88 66 65 10 
74 54 23 12 5 58 81 52 1 58 73 56 38 96 89 7 51 34 47 92 
32 67 37 53 79 68 74 66 33 38 28 58 91 50 69 47 59 50 98 60 
59 22 67 96 69 7 3 19 40 49 63 71 67 99 76 46 66 49 63 50 
38 90 7 81 39 76 27 98 77 77 9 35 50 27 82 19 85 84 89 24 
85 51 46 51 1 21 96 18 21 59 67 11 100 74 91 91 1 69 88 29 
97 48 15 47 26 96 17 10 80 57 85 64 60 82 66 60 3 62 30 75 
72 96 85 71 21 27 61 21 96 100 49 92 99 63 90 76 11 58 37 90 
15 21 5 74 3 70 85 57 83 14 83 6 62 68 29 82 94 41 55 41 
41 55 85 91 70 26 19 80 84 55 21 50 28 25 75 82 94 11 38 29 
25 72 34 38 91 62 71 37 3 25 77 95 80 13 37 1 39 55 80 74 
62 100 75 89 76 49 70 21 11 59 49 35 30 83 24 21 96 95 57 50 
19 85 44 50 98 81 50 88 87 81 13 48 32 87 88 7 87 57 28 97 
67 76 84 49 10 7 69 58 1 77 7 72 13 51 73 62 83 75 49 21 
55 61 69 87 99 8 93 85 65 20 82 31 48 65 79 9 23 99 66 24 
27 73 47 92 75 19 53 9 93 2 29 100 14 49 86 13 57 30 49 73 
2 30 55 1 46 86 9 69 84 75 44 63 99 90 54 73 60 6 33 5 
59 61 4 25 62 41 89 18 22 37 42 75 67 96 75 12 81 84 32 17 
10 75 79 60 16 84 84 76 41 16 32 52 28 87 76 89 79 16 58 100 
52 99 75 70 47 1 82 27 36 65 43 45 40 73 4 55 8 87 82 49 
54 13 100 82 99 27 22 77 42 32 29 93 30 3 63 28 55 96 55 91 
60 49 35 51 74 91 6 81 29 87 81 35 52 80 16 50 58 89 79 99 
20 7 44 2 61 58 29 15 5 83 5 16 84 92 67 57 34 24 89 62 
62 70 96 13 49 63 15 59 52 93 9 23 51 4 24 11 61 53 25 17 
87 82 33 70 73 51 78 6 26 67 19 87 36 67 52 36 81 18 94 32 
62 55 7 12 58 30 22 19 82 98 87 21 31 71 42 3 73 20 60 98 
38 79 37 73 97 88 60 77 57 6 61 18 60 67 29 17 96 2 87 30 
51 74 50 82 96 91 36 69 10 96 66 99 26 2 23 22 41 83 98 97 
40 58 14 99 24 94 67 20 95 6 49 98 79 98 79 26 40 14 94 2 
61 12 100 86 13 23 7 6 57 57 54 96 14 20 46 90 13 12 9 60 
17 9 57 47 58 87 73 97 52 18 50 13 29 50 98 94 24 57 99 80 
65 4 75 78 23 72 19 88 83 27 99 52 87 55 50 96 93 74 45 44 
92 94 56 72 43 6 65 66 14 15 97 78 19 23 7 93 94 26 32 29 
4 30 80 43 36 81 38 28 55 82 24 98 28 79 69 70 36 34 88 1 
100 84 30 18 7 89 63 52 66 94 80 69 24 59 63 59 92 53 39 98 
34 62 95 13 92 15 83 80 100 22 80 100 57 62 69 15 50 31 67 15 
25 46 35 48 57 98 58 100 50 96 97 35 9 43 48 1 9 82 80 9 
55 11 60 63 72 28 30 21 59 96 87 83 93 22 82 1 19 91 100 20 
87 48 6 47 90 53 47 99 86 78 59 92 41 18 55 12 97 84 85 55 
31 71 89 75 92 22 76 62 13 27 33 51 75 39 97 16 43 44 66 81 
73 24 72 13 93 26 77 90 61 13 96 91 35 85 18 79 58 93 40 70 
71 73 20 97 63 17 13 5 12 78 85 36 54 57 49 46 34 77 87 47 
89 83 89 23 19 6 1 76 50 93 46 21 17 65 17 79 33 81 35 44 
59 20 80 64 28 80 9 13 8 96 59 96 30 100 70 48 5 23 23 55 
67 68 27 83 85 43 13 17 24 47 13 34 18 44 97 97 75 57 62 82 
4 72 29 33 71 50 80 76 72 3 82 90 22 8 72 6 2 36 75 25 
83 39 10 52 82 6 1 8 63 62 41 66 33 21 51 56 70 30 31 94 
32 64 83 6 71 7 11 72 42 37 49 76 75 58 80 8 16 80 15 30 
93 7 47 25 27 97 80 49 27 62 42 10 25 76 15 47 82 78 19 24 
14 19 51 89 28 30 48 43 9 15 24 1 21 71 78 48 19 9 96 97 
71 89 7 47 64 73 94 46 50 64 21 16 34 71 56 61 1 3 56 61 
17 79 62 38 1 91 37 20 99 84 16 21 72 74 68 87 47 13 84 48 
28 4 63 61 27 70 73 79 73 28 39 41 59 100 30 59 90 66 78 41 
1 46 61 72 19 80 59 17 92 42 65 71 98 79 83 24 49 56 2 73 
35 92 13 45 92 43 4 33 60 33 25 61 30 86 32 49 65 42 65 9 
36 81 79 85 60 14 8 60 21 61 32 55 52 96 52 95 90 7 80 50 
39 4 10 69 41 93 69 6 87 85 66 22 66 96 6 77 9 65 36 29 
77 19 36 80 66 87 75 56 93 6 5 83 9 66 3 2 58 71 59 44 
8 24 17 73 19 74 49 80 38 36 8 66 6 95 46 71 81 20 78 25 
77 82 8 37 99 62 38 57 85 96 52 92 71 69 16 90 42 16 69 32 
51 28 97 8 23 42 30 55 13 8 80 89 41 39 26 40 100 15 48 36 
11 99 27 81 67 42 22 61 9 42 92 59 70 88 18 92 82 48 46 46 
7 77 35 99 15 12 90 67 26 37 2 88 88 81 21 54 74 42 14 83 
84 57 93 53 45 11 96 78 10 93 23 68 70 9 18 36 20 8 2 98 
96 56 37 83 36 57 89 9 51 54 43 34 11 36 38 7 98 85 84 7 
77 58 26 98 67 43 34 38 2 87 87 98 42 24 80 29 32 68 90 82 
74 32 67 84 67 56 90 64 92 25 22 21 82 99 18 100 94 3 38 95 
90 76 92 31 51 24 12 83 43 1 16 16 32 83 99 51 90 40 66 82 
64 40 54 98 38 71 97 31 74 86 78 63 62 69 45 12 92 56 46 87 
56 62 2 40 96 53 90 37 92 55 70 8 46 23 5 84 94 53 66 19 
91 43 33 4 64 29 67 7 85 13 93 92 26 47 31 73 99 72 9 90 
79 79 49 24 53 5 59 98 58 25 16 48 19 100 3 82 29 69 41 13 
81 33 56 58 79 39 30 29 10 39 19 88 69 19 12 21 24 22 19 33 
98 86 32 17 86 34 50 14 2 90 78 35 75 85 92 53 23 22 82 33 
12 52 72 80 70 35 52 45 57 70 77 54 8 8 22 45 93 72 10 95 
61 39 29 87 23 72 40 46 93 73 30 4 76 1 35 97 36 87 42 44 
8 70 97 15 30 19 59 22 42 68 16 54 58 96 41 81 68 80 26 12 
4 55 68 79 7 2 75 42 88 68 85 96 38 34 62 67 52 21 88 93 
40 56 46 98 3 86 30 70 17 55 34 20 61 1 50 67 2 77 61 42 
44 45 37 81 30 98 99 81 70 39 25 62 94 23 11 96 60 40 18 29 
46 51 100 6 3 50 24 4 26 84 97 21 81 33 2 10 83 52 43 4 
90 19 65 83 93 75 31 53 14 100 81 11 50 32 16 4 81 40 7 58 
75 4 79 7 88 32 17 22 83 11 26 73 81 90 7 74 17 89 26 82 
88 58 93 89 89 60 92 22 51 51 79 26 6 57 32 93 40 100 15 23 
62 92 47 43 33 5 16 49 94 93 83 33 2 27 22 90 86 13 11 37 
63 42 14 68 50 97 13 90 49 79 64 62 70 10 4 54 66 71 55 11 
15 37 44 16 15 17 6 100 29 68 88 44 9 1 63 59 50 75 100 98 
5 63 59 26 24 15 80 89 37 34 52 52 22 95 67 36 11 72 35 91 
92 75 86 100 27 49 10 76 75 9 25 80 71 36 5 46 2 84 35 38 
69 86 89 90 32 56 77 94 79 64 36 22 38 22 22 64 70 83 92 44 
92 16 23 14 51 80 60 52 15 46 90 84 83 30 25 14 37 2 59 68 
17 94 89 54 15 62 69 84 45 60 80 88 76 2 53 78 33 12 30 48 
9 71 83 91 52 7 56 89 60 14 56 76 8 96 81 22 58 50 58 54 
61 37 93 36 90 45 14 75 9 95 22 17 17 4 8 68 62 63 8 22 
77 15 49 36 11 30 57 20 31 66 25 91 54 17 79 96 61 92 70 69 
38 91 86 6 46 45 73 7 7 81 80 83 47 29 18 57 58 27 28 40 
44 52 30 98 20 8 93 81 51 14 1 40 56 38 45 1 82 70 7 89 
2 87 23 48 67 93 57 76 71 84 15 66 88 96 63 7 4 7 39 6 
72 40 46 27 29 42 27 11 11 86 51 12 72 25 60 38 69 16 13 39 
51 79 5 38 74 19 45 29 78 35 35 49 26 32 76 55 25 54 65 36 
39 67 99 62 91 58 51 60 25 15 50 76 93 6 65 67 77 61 47 54 
96 81 54 21 64 81 75 89 35 91 76 73 57 74 87 100 32 37 11 8 
52 12 35 96 18 100 14 94 12 61 99 7 41 52 80 57 33 54 45 19 
97 20 43 5 45 29 56 28 18 66 36 69 78 22 16 47 21 30 40 33 
90 38 91 82 41 70 38 25 76 34 43 72 5 86 28 50 66 84 77 83 
1 64 3 78 86 19 24 6 48 15 90 37 4 33 18 97 2 56 21 77 
41 16 100 46 53 80 47 18 63 23 1 63 87 3 93 72 21 68 29 68 
83 71 56 38 3 74 34 56 81 7 85 73 22 36 18 74 15 64 43 77 
39 43 92 77 98 84 100 70 3 80 90 37 50 45 75 4 70 60 12 50 
18 96 23 39 31 92 64 46 8 7 74 46 1 65 22 98 100 73 20 3 
52 9 39 2 53 65 57 23 77 68 24 94 15 98 85 46 42 48 43 49 
6 16 46 7 33 19 56 32 91 75 86 42 35 77 95 88 41 52 62 17 
71 37 11 86 35 95 83 76 94 77 76 100 44 21 58 76 39 65 60 29 
92 45 70 26 21 17 65 14 68 26 82 90 63 92 27 49 38 61 76 84 
37 51 35 81 71 92 8 61 8 67 89 99 64 10 77 36 26 41 1 45 
19 83 87 81 26 13 81 64 26 56 99 62 6 33 94 76 76 2 88 83 
20 76 34 35 37 10 23 15 2 23 59 20 5 97 100 31 10 32 46 35 
87 44 48 92 76 94 19 51 47 6 33 66 33 18 53 70 27 75 36 29 
97 46 48 2 43 100 32 4 31 29 38 70 72 37 61 99 30 80 49 76 
37 33 94 70 51 46 91 29 72 26 9 68 71 9 21 65 60 4 68 90 
32 57 59 55 94 72 53 75 3 1 3 39 86 96 60 88 93 2 16 64 
27 77 83 50 85 56 14 44 59 34 85 43 90 96 97 35 67 50 10 21 
2 12 59 87 59 71 26 51 72 42 66 51 18 100 52 54 55 65 97 14 
50 81 56 40 28 4 74 46 53 83 66 7 46 77 45 4 47 71 6 70 
64 71 20 33 23 71 86 77 88 34 42 37 14 97 28 94 53 2 39 57 
36 5 63 34 81 8 37 79 78 95 48 41 17 68 25 39 90 10 16 29 
43 57 66 8 6 93 1 58 46 40 14 82 44 29 67 76 36 3 54 65 
97 53 57 66 72 81 4 62 90 19 90 84 28 7 91 33 52 44 42 49 
83 7 82 78 35 48 5 22 3 58 86 51 10 94 16 82 74 20 95 15 
38 36 98 65 95 41 49 98 84 90 46 66 97 28 95 31 27 99 53 29 
8 90 80 69 84 95 2 57 14 48 24 4 84 21 20 30 61 21 27 96 
10 24 61 58 3 7 41 30 57 45 58 64 34 37 85 69 84 38 26 49 
86 1 4 21 21 76 50 34 96 28 29 57 51 42 15 54 100 55 35 57 
99 92 72 84 81 56 53 16 94 30 64 31 30 68 51 2 95 52 87 90 
79 16 46 81 9 12 86 8 66 20 64 16 64 88 52 44 43 4 59 88 
33 74 18 14 93 68 15 87 19 54 76 49 21 74 82 29 85 67 88 3 
39 4 18 2 91 69 97 85 24 7 73 8 80 90 21 73 10 88 11 80 
41 39 81 61 12 62 41 96 28 28 98 66 83 68 19 73 88 15 58 12 
21 82 19 1 23 92 25 32 31 35 64 71 73 44 83 36 57 23 32 36 
2 81 2 85 48 20 57 88 87 66 99 7 47 69 59 70 12 83 53 42 
70 68 64 94 63 46 30 19 20 13 55 74 45 8 58 45 79 66 32 65 
84 82 72 82 2 30 51 14 65 56 7 86 23 71 79 38 68 60 56 40 
24 62 13 69 69 22 13 48 87 96 64 22 77 35 4 30 17 6 43 81 
61 2 66 36 24 96 73 91 8 80 30 31 42 94 51 62 15 15 61 54 
10 25 75 38 11 30 68 27 36 62 59 96 63 24 83 86 72 7 29 79 
87 10 9 80 4 12 93 70 26 54 75 36 30 50 73 40 31 92 67 66 
54 25 14 68 1 96 6 24 55 86 2 93 95 62 72 50 73 16 20 99 
69 94 86 98 95 10 38 26 2 56 43 7 32 56 26 84 52 83 7 58 
68 60 50 63 22 21 64 46 88 35 96 57 29 81 6 75 43 95 52 96 
50 95 2 34 50 79 17 53 62 76 10 81 35 59 43 8 31 59 6 19 
93 1 27 73 34 32 48 76 79 51 71 80 45 24 13 47 54 82 51 67 
57 61 48 91 71 42 51 54 100 56 24 93 8 50 65 41 33 64 68 11 
67 90 91 63 65 3 9 19 84 12 85 92 72 32 35 94 74 85 47 25 
92 70 17 99 71 34 92 4 49 59 66 67 1 56 30 65 11 90 83 46 
1 20 90 24 3 24 18 76 60 16 53 51 38 69 1 60 54 92 63 55 
3 81 21 3 88 2 67 50 92 2 48 44 21 37 68 23 60 37 51 19 
4 3 21 41 23 21 1 29 65 15 35 67 47 7 21 35 9 87 84 52 
40 31 95 12 19 14 87 78 50 89 48 54 43 68 46 17 41 98 45 5 
65 31 71 11 38 91 97 98 29 33 49 21 63 95 32 34 9 70 11 10 
58 11 15 52 78 61 69 18 10 65 22 26 96 44 37 33 86 85 82 15 
17 30 35 32 76 18 65 36 40 27 46 49 37 12 1 15 24 69 84 34 
33 58 59 28 53 47 12 39 32 93 5 100 74 91 31 50 60 95 37 99 
22 34 48 58 46 48 24 69 16 60 54 48 69 65 28 21 63 39 59 94 
84 63 46 57 5 76 58 65 23 95 63 44 28 10 53 25 57 29 46 24 
88 99 24 56 63 51 76 78 41 87 23 24 1 68 33 6 44 90 70 66 
36 84 61 16 94 13 40 2 93 85 78 80 36 1 35 50 3 63 27 95 
1 50 71 1 17 3 58 60 44 79 77 80 63 37 95 8 2 86 9 94 
23 86 26 58 38 12 7 92 26 34 87 26 83 57 79 51 59 36 63 2 
15 39 33 29 28 79 36 81 65 44 26 87 82 51 96 71 15 2 63 40 
87 49 18 69 5 96 20 15 31 34 68 97 72 1 25 51 31 60 83 95 
56 9 33 89 11 80 59 25 82 73 17 68 21 34 89 77 29 60 43 11 
93 11 60 16 11 84 67 41 96 49 88 3 9 72 91 20 52 1 96 85 
74 64 52 46 97 92 75 77 51 17 40 43 27 99 59 89 34 77 82 81 
77 21 83 86 44 25 57 95 78 52 31 51 16 83 48 64 26 22 93 77 
39 84 71 17 34 81 6 19 9 39 100 86 59 34 71 2 11 27 49 88 
30 79 90 97 13 37 13 39 11 5 67 1 40 37 17 73 70 74 91 78 
12 42 63 22 76 85 24 86 11 24 25 93 2 14 89 67 50 1 5 12 
5 71 12 96 59 29 68 80 54 11 10 18 52 72 39 79 9 14 16 19 
37 40 63 91 53 52 57 55 52 13 66 9 35 78 4 93 58 24 25 63 
34 34 80 85 57 19 64 65 84 31 36 73 71 98 63 75 49 19 81 53 
31 47 61 65 76 16 9 33 39 85 95 72 18 27 9 75 97 24 91 80 
54 26 52 76 24 66 3 24 36 83 28 66 29 88 82 4 56 43 88 94 
27 35 18 97 61 26 23 9 49 13 88 54 91 92 30 14 57 32 89 93 
66 17 10 95 56 44 50 63 38 38 57 64 24 26 12 36 3 34 44 3 
99 83 56 89 74 37 54 83 20 42 27 86 10 36 32 18 31 81 80 68 
70 88 32 93 13 95 28 15 29 23 17 27 6 25 15 79 13 20 61 33 
61 87 70 23 75 1 40 5 81 19 73 51 7 56 95 71 50 75 86 30 
97 54 8 2 30 74 81 43 93 93 27 6 32 96 28 58 96 67 14 76 
37 86 78 43 93 25 14 95 99 51 76 95 56 84 49 38 9 81 80 54 
73 6 59 56 53 38 13 48 56 27 75 92 64 53 87 9 29 52 3 27 
54 78 73 9 13 21 98 22 1 29 75 26 86 85 33 38 22 98 85 77 
24 60 68 39 64 6 47 92 57 1 70 10 79 94 71 91 67 68 64 67 
97 38 44 82 22 77 20 95 74 56 71 49 15 91 39 30 96 86 73 53 
86 94 62 16 88 84 7 6 52 22 24 48 60 68 81 33 96 52 80 21 
8 50 69 74 92 7 56 88 44 28 92 82 74 5 97 61 89 55 66 40 
77 89 39 88 8 19 72 3 71 51 23 30 53 43 3 44 2 58 31 97 
38 74 78 11 79 27 23 67 33 88 58 61 28 96 100 88 66 72 42 36 
74 17 17 78 59 20 22 60 29 4 57 66 78 86 76 8 12 98 74 97 
37 31 57 17 78 57 4 43 80 45 31 5 61 47 83 72 66 56 83 95 
11 91 12 88 77 88 47 40 37 72 36 74 2 45 90 31 1 45 74 32 
41 56 36 54 2 18 25 20 25 59 66 36 50 77 75 78 64 22 69 53 
93 57 26 47 1 67 77 53 63 2 84 3 57 19 8 11 89 32 30 13 
43 95 48 92 23 23 69 39 44 89 91 88 45 16 34 45 34 63 97 96 
64 32 98 73 51 6 83 91 89 12 3 31 58 3 74 80 25 94 18 20 
83 8 7 27 75 93 24 8 55 72 3 70 4 1 42 54 58 24 96 98 
87 98 81 96 100 54 76 76 48 45 95 30 53 54 8 27 46 31 35 52 
3 37 21 6 89 15 11 98 90 6 48 29 55 28 24 7 81 99 82 80 
44 29 61 48 82 69 26 79 51 60 82 5 49 54 10 89 68 72 87 10 
29 34 38 84 13 61 90 45 12 23 25 7 51 37 54 84 5 79 62 8 
91 43 12 91 49 74 79 16 45 17 25 26 2 62 9 14 75 50 59 86 
72 35 44 23 71 49 6 28 27 20 35 69 14 46 59 62 71 38 30 16 
54 54 41 8 68 1 21 42 2 31 79 73 65 22 47 36 70 53 63 48 
24 49 69 37 46 27 51 17 16 80 84 22 33 76 29 52 28 1 45 29 
32 23 1 96 96 48 83 17 52 97 17 27 45 85 63 43 63 65 59 79 
44 94 52 29 69 80 80 96 80 25 24 63 99 76 11 95 75 93 63 78 
42 79 4 38 15 19 80 78 83 90 8 27 83 11 55 51 90 86 98 21 
10 21 36 9 49 46 55 23 90 69 1 31 48 56 69 14 74 100 43 57 
90 2 35 24 12 41 27 53 26 24 74 36 97 9 96 45 6 2 19 95 
70 71 26 69 27 46 83 100 45 77 8 86 79 42 62 90 34 88 43 60 
11 68 47 59 28 42 55 33 95 74 79 64 44 4 33 22 1 15 22 98 
91 81 83 21 75 44 63 8 31 57 67 94 24 65 4 3 58 59 87 52 
32 65 16 27 21 48 49 21 14 22 18 56 2 53 77 76 96 39 84 79 
95 2 24 70 67 27 24 24 85 10 76 68 26 43 47 46 90 95 67 55 
16 36 10 69 88 86 45 36 76 28 14 22 81 89 91 47 15 14 71 52 
75 98 71 1 40 17 46 81 11 64 35 78 100 44 47 87 82 43 22 9 
70 87 31 50 75 21 49 42 87 71 45 61 68 15 13 59 84 59 39 94 
22 25 24 73 20 22 60 1 64 33 10 33 72 40 34 98 12 34 91 50 
4 35 63 23 2 75 81 85 85 71 30 59 47 53 31 67 74 42 67 37 
27 28 21 98 19 7 95 83 40 86 84 96 72 46 18 73 73 51 57 57 
73 39 67 20 91 98 86 17 91 4 5 17 84 78 14 54 36 61 36 75 
46 20 22 17 17 40 42 89 42 98 98 14 88 64 33 79 13 70 47 4 
26 51 72 61 80 38 14 15 98 2 42 95 21 63 11 89 54 4 78 95 
54 27 9 41 42 93 19 55 15 17 10 92 20 33 52 99 70 65 66 19 
66 7 13 38 21 76 27 27 79 56 21 32 34 81 73 75 26 43 81 40 
60 90 83 31 75 34 29 44 50 46 15 68 52 27 57 25 54 83 51 33 
90 23 64 75 4 88 50 29 31 30 20 42 72 2 72 98 87 52 93 88 
98 7 55 1 34 12 25 87 46 27 71 88 50 87 62 53 74 11 33 56 
93 4 97 16 57 20 13 43 72 5 82 21 64 37 21 97 100 98 35 45 
76 6 84 25 44 46 29 17 8 13 25 52 16 21 19 72 93 31 66 16 
88 48 36 51 36 8 99 35 57 85 31 33 42 15 57 85 12 38 54 19 
50 78 23 66 50 41 89 42 24 55 57 63 54 44 65 89 52 63 75 8 
99 5 92 41 71 49 77 82 86 30 53 87 7 27 52 57 67 93 50 42 
99 59 4 52 2 68 92 5 82 18 65 81 74 56 73 45 56 49 78 93 
79 82 80 37 8 83 93 27 75 95 68 25 53 24 76 54 43 19 11 25 
36 75 57 62 82 29 6 38 77 35 30 7 69 61 44 28 96 88 54 70 
82 74 95 86 97 22 92 91 93 2 15 80 28 71 41 9 51 98 46 28 
33 28 34 1 40 29 28 35 17 34 57 50 59 3 36 7 24 27 97 68 
28 12 48 55 34 88 15 85 86 13 64 70 92 49 22 31 78 1 18 46 
86 74 95 44 76 82 50 51 8 47 19 87 10 18 93 43 57 8 79 94 
72 42 63 63 91 36 93 20 37 10 65 22 35 11 66 10 93 67 13 52 
13 31 91 74 100 35 17 56 94 47 50 65 89 64 27 31 100 20 2 36 
81 66 9 16 28 26 77 72 93 89 24 57 71 66 31 70 100 99 78 94 
45 27 10 85 42 37 67 41 8 68 28 40 85 37 55 65 14 32 36 58 
72 11 15 43 76 97 64 28 47 41 73 43 67 82 80 9 18 46 1 77 
66 29 17 2 17 23 66 82 6 2 40 78 12 6 20 40 2 35 67 100 
76 91 42 94 72 73 54 42 71 55 18 36 35 86 37 51 9 55 32 14 
56 71 43 19 28 14 58 29 49 76 80 24 66 74 17 90 46 71 31 16 
77 100 3 11 86 92 61 94 46 44 59 53 67 2 71 94 15 29 75 63 
56 54 38 22 79 55 63 25 77 93 92 53 44 47 63 29 90 75 74 35 
18 85 87 84 86 9 30 52 37 4 67 45 9 4 18 88 10 80 64 38 
24 7 90 67 53 4 96 42 78 21 28 96 5 66 31 42 75 60 46 63 
15 12 7 24 67 24 11 29 55 26 66 78 32 8 45 37 11 92 30 41 
12 58 36 17 75 18 10 1 30 55 64 44 18 22 19 37 46 81 17 52 
6 34 30 38 41 74 26 4 65 55 44 76 64 31 44 39 100 6 91 29 
60 54 25 30 76 95 66 73 76 34 24 33 67 5 22 60 78 47 15 94 
54 58 70 17 40 65 7 39 70 98 20 82 51 96 11 78 42 28 2 69 
61 78 2 79 82 75 90 60 22 4 53 75 13 74 43 52 91 50 43 12 
47 14 93 49 61 55 79 54 82 80 23 94 9 24 25 91 50 14 2 71 
18 6 97 82 32 40 34 22 41 28 33 87 93 78 87 5 32 17 58 66 
49 80 11 57 55 35 47 5 49 100 27 18 6 24 99 37 15 84 10 55 
63 94 93 55 71 31 59 55 48 69 20 96 48 30 52 55 65 51 59 65 
50 37 34 7 12 32 43 26 68 52 32 30 46 76 37 68 7 47 22 6 
15 41 1 15 23 4 69 39 6 27 3 8 15 36 14 27 19 57 52 38 
60 36 68 57 11 4 25 17 2 46 22 17 39 74 31 61 30 51 99 35 
29 53 42 43 40 8 69 10 64 21 48 75 8 15 32 18 70 8 87 71 
53 60 39 43 86 21 3 15 71 53 1 51 5 95 94 44 2 62 54 17 
34 1 91 41 67 74 59 36 81 97 58 86 56 49 28 41 21 83 7 44 
35 8 94 40 2 87 35 3 1 88 19 34 40 61 27 6 35 37 93 67 
33 3 4 88 51 32 81 23 14 87 66 100 94 60 39 47 98 74 49 98 
13 19 32 53 80 58 10 66 46 3 84 78 57 88 17 59 19 97 81 84 
36 47 35 81 6 74 80 3 99 28 53 63 99 36 67 30 45 77 47 90 
31 30 67 87 17 83 45 87 32 77 70 19 23 57 51 80 30 30 35 80 
10 87 42 8 22 61 37 66 37 83 55 19 64 73 57 81 7 53 67 90 
29 89 8 52 45 59 83 26 88 17 57 97 55 50 56 76 10 44 93 98 
78 99 16 42 71 72 22 30 24 88 19 5 28 27 8 72 37 90 49 76 
7 5 73 13 55 28 89 16 72 33 14 49 84 29 42 6 53 63 35 28 
3 54 32 30 32 39 54 68 81 54 43 39 59 67 51 65 47 91 80 70 
24 93 70 7 74 12 64 78 26 99 5 28 4 89 10 35 79 15 54 59 
68 48 97 26 67 100 42 13 90 22 82 65 66 3 23 39 14 87 16 40 
85 73 19 40 61 80 74 91 94 79 50 62 78 98 39 44 49 81 8 39 
2 41 3 19 44 78 10 9 64 77 100 100 49 19 39 61 98 64 52 44 
42 53 5 19 2 43 15 51 75 22 41 76 63 95 47 6 72 56 14 35 
32 66 34 81 84 72 93 33 35 44 76 28 48 32 99 2 27 13 4 1 
34 44 29 96 38 75 53 10 30 19 96 61 84 30 93 19 53 86 3 40 
81 31 19 81 62 17 82 40 29 85 41 15 28 69 62 17 95 67 26 24 
85 22 36 20 3 81 90 7 66 92 46 98 22 65 78 36 33 59 75 14 
95 67 80 74 87 41 91 81 59 68 56 43 41 92 14 95 72 3 2 89 
47 99 86 20 15 64 7 48 74 82 13 21 100 92 94 87 32 36 67 91 
4 23 85 44 66 51 91 89 5 92 77 51 90 62 23 5 77 29 4 3 
62 16 23 62 7 16 100 38 4 18 80 7 40 17 2 57 19 92 45 23 
83 21 26 25 35 48 29 63 28 32 65 90 47 39 3 5 7 2 94 10 
19 74 16 11 42 69 67 60 61 64 34 95 84 11 19 70 58 99 33 38 
82 97 27 80 88 81 84 94 34 78 3 52 3 18 14 96 38 33 7 98 
96 40 45 31 51 15 1 60 66 85 97 47 33 75 79 20 7 62 13 40 
91 15 44 45 84 57 40 22 41 98 71 36 90 15 19 92 82 19 51 47 
3 100 45 35 26 23 55 85 37 19 24 27 34 67 24 69 76 15 90 16 
13 13 4 2 27 22 93 60 92 95 6 46 46 51 32 24 25 86 8 61 
57 31 40 90 50 63 10 77 77 100 44 41 12 47 42 90 20 86 50 11 
81 7 8 26 9 40 1 34 77 8 46 33 91 85 74 40 99 84 16 76 
35 11 68 98 58 10 87 29 95 88 92 27 47 99 5 55 38 5 40 67 
13 86 99 3 22 25 94 21 8 61 48 42 71 15 91 80 24 77 61 71 
17 52 97 63 50 1 69 40 58 9 58 70 46 56 24 67 80 69 87 39 
81 86 32 51 1 22 83 76 51 43 46 67 94 95 81 95 47 1 86 4 
9 43 25 6 51 48 73 82 68 11 21 48 97 52 51 49 26 33 24 76 
27 22 94 20 16 74 66 62 74 4 66 35 98 90 92 48 90 16 30 57 
27 2 57 75 53 7 23 78 39 46 5 17 67 98 88 34 23 53 96 97 
8 13 83 6 2 74 5 43 90 34 100 68 35 8 42 40 14 16 69 4 
61 74 20 80 71 7 13 94 11 60 42 19 72 76 76 74 1 80 68 42 
66 19 61 100 26 2 91 39 69 60 42 82 33 13 61 55 19 25 100 30 
85 93 100 56 68 75 81 21 6 49 62 71 67 23 71 45 76 13 83 45 
72 77 78 56 89 38 63 60 14 62 41 98 55 92 6 74 66 86 94 71 
86 8 42 53 30 64 97 57 76 31 53 100 59 30 7 48 19 69 59 33 
83 51 30 89 42 35 62 59 73 8 81 58 15 74 62 96 37 10 4 65 
93 57 16 51 86 22 50 57 43 8 89 25 58 70 13 51 57 26 9 29 
85 90 38 99 63 100 46 52 61 50 68 53 6 83 4 43 56 53 99 98 
13 39 74 22 9 38 73 17 64 81 97 48 22 34 99 37 85 44 88 46 
45 7 98 50 89 53 45 96 58 95 94 70 34 19 91 94 57 15 62 20 
48 58 19 69 91 69 57 28 65 44 73 9 2 22 11 42 75 55 38 32 
49 83 53 34 1 95 27 57 10 88 28 9 97 99 77 88 67 34 67 31 
29 39 92 31 12 2 72 38 56 61 21 56 43 73 90 96 68 68 52 29 
8 32 37 4 30 65 43 48 50 9 31 31 99 22 61 11 23 84 100 30 
45 21 85 39 45 74 34 12 94 38 92 1 69 80 4 50 45 99 97 94 
7 79 24 58 100 36 20 74 72 19 3 68 39 88 6 84 13 92 47 6 
29 91 58 49 70 14 50 14 12 98 60 70 77 35 27 28 23 46 2 94 
17 4 13 55 43 18 90 56 61 37 13 41 27 71 41 96 84 90 62 95 
88 73 16 16 7 43 43 29 40 44 74 56 100 86 63 42 56 52 97 16 
40 62 9 18 32 49 66 15 39 79 61 78 51 76 93 9 70 87 38 62 
83 63 69 82 1 31 23 56 35 72 23 26 33 83 96 64 32 61 30 22 
39 42 51 41 17 95 49 39 81 38 100 63 53 20 44 53 3 19 8 89 
42 82 14 74 65 9 89 48 21 70 69 11 11 19 3 27 65 52 17 45 
89 68 60 41 88 55 45 90 73 4 30 14 86 43 39 2 4 27 1 76 
96 69 39 6 39 41 85 3 92 1 99 33 21 58 25 8 13 22 49 37 
25 30 51 62 72 89 15 27 68 15 55 15 35 93 73 73 85 57 27 29 
9 78 13 29 35 37 88 99 10 88 36 35 17 38 96 41 78 11 19 45 
25 25 12 60 69 84 84 54 40 63 82 100 40 94 81 26 82 20 25 92 
60 12 26 76 49 73 68 26 83 39 23 60 63 34 71 32 17 6 85 8 
68 18 7 59 11 39 85 92 59 61 35 18 72 60 45 20 33 65 97 67 
3 19 78 65 4 100 48 20 6 84 27 73 1 86 84 63 24 68 7 34 
28 41 51 99 53 48 70 37 12 66 3 14 85 33 30 88 32 30 60 37 
13 38 62 66 75 45 28 51 64 34 84 91 75 87 41 27 34 10 63 97 
75 17 10 11 1 91 51 33 20 10 21 85 99 82 50 74 78 77 24 41 
63 7 31 37 45 71 15 30 32 29 26 7 45 87 69 46 78 19 30 49 
80 50 33 79 32 34 52 61 11 27 2 73 85 32 61 30 55 75 59 86 
55 37 44 99 23 13 96 52 31 77 1 63 27 85 41 10 19 44 70 81 
70 71 53 6 55 65 35 61 91 46 46 45 82 90 95 4 54 43 8 36 
19 8 98 97 44 90 6 62 33 28 42 54 50 46 60 4 10 46 64 52 
91 62 96 72 3 91 28 56 33 35 91 3 94 41 100 37 30 5 51 63 
32 44 68 34 90 27 37 51 25 53 3 15 14 50 39 16 40 66 23 24 
52 13 27 45 5 26 33 35 30 83 49 14 79 16 99 68 95 35 70 19 
39 24 85 52 74 23 19 65 40 41 89 91 6 15 87 10 40 72 44 21 
6 44 86 84 60 84 3 6 71 73 76 9 48 60 13 21 83 31 86 22 
24 26 65 29 40 3 90 31 74 86 3 80 29 89 63 40 24 18 97 46 
42 72 55 89 32 67 62 66 49 99 87 72 24 3 52 63 6 94 93 79 
79 95 10 59 35 25 51 11 42 47 56 83 71 10 23 2 28 84 67 29 
82 5 52 5 8 4 19 13 49 63 43 79 10 53 37 96 77 87 6 70 
86 62 52 56 23 26 9 51 10 27 31 43 31 82 100 90 37 70 54 85 
33 97 63 94 1 52 89 29 90 95 98 75 8 1 82 30 26 90 32 87 
16 62 82 99 96 33 40 32 2 94 69 86 42 31 79 42 82 20 70 72 
66 19 98 73 19 80 54 96 21 86 35 89 99 16 39 94 48 78 78 1 
23 46 87 64 76 17 57 10 88 78 33 53 96 30 77 66 61 31 14 34 
16 48 74 66 63 12 60 62 41 37 14 64 82 52 79 9 21 36 18 8 
13 2 61 61 32 89 26 44 19 39 29 34 38 2 100 52 65 11 13 6 
99 79 21 32 30 99 40 50 34 10 58 99 11 70 59 94 58 36 38 77 
27 18 62 64 20 13 16 84 75 80 41 73 58 61 4 88 60 96 89 93 
5 46 43 15 67 1 9 77 89 98 5 15 15 18 78 86 83 93 70 57 
73 62 82 82 23 85 69 82 32 58 26 36 55 69 3 74 21 11 2 9 
60 6 23 74 75 53 12 57 97 33 14 21 94 47 3 16 83 23 49 15 
80 27 50 87 95 52 12 67 14 13 76 73 70 50 99 44 54 62 1 51 
94 66 71 87 12 73 55 94 96 3 8 27 29 10 65 75 13 76 42 27 
40 69 51 9 70 1 53 24 62 5 74 55 22 96 94 33 69 48 78 16 
50 38 94 31 99 59 5 11 86 98 89 26 18 40 86 88 92 90 11 54 
94 36 60 15 31 53 99 51 52 29 66 54 18 12 84 16 22 40 26 7 
38 15 84 55 6 22 94 49 11 4 2 5 91 14 71 22 18 22 72 70 
50 90 23 67 1 58 82 74 97 59 32 86 25 16 93 30 89 86 79 99 
42 32 55 84 97 26 5 15 99 29 36 48 70 10 66 22 19 47 95 67 
57 26 53 82 93 97 63 81 34 93 32 27 25 86 11 73 63 67 39 61 
47 74 8 16 35 25 37 53 71 83 20 80 9 24 61 53 72 23 34 5 
68 65 32 44 2 94 16 65 60 55 25 7 80 85 74 67 9 63 19 32 
