92 94 66
34 6 72 7 47 32 84 59 40 63 90 58 15 70 3 33 7 32 43 28 27 52 95 4 72 100 28 91 43 21 73 28 78 96 34 76 79 17 34 19 32 23 28 46 45 82 31 51 13 73 30 91 76 77 94 47 76 21 90 70 93 14 98 23 9 83 98 39 52 32 57 83 6 36 80 50 70 10 52 82 34 82 73 10 58 18 8 85 91 97 6 35 10 55 
57 70 38 55 9 89 86 17 23 91 5 2 93 74 64 44 7 97 25 79 6 34 49 66 18 39 62 76 25 24 30 82 45 67 36 5 7 73 74 29 15 78 83 7 51 98 51 9 94 27 88 52 13 88 17 30 78 30 5 2 5 87 83 50 53 70 6 12 42 79 92 57 56 74 15 58 23 65 67 17 44 6 68 56 45 36 37 22 65 94 23 70 80 58 
71 84 27 76 95 69 55 87 77 62 12 91 72 35 8 90 3 51 47 70 58 91 5 94 12 21 39 86 42 18 95 12 2 22 40 96 42 94 34 70 7 46 60 78 32 19 19 34 69 65 55 78 55 59 72 18 31 10 4 73 80 98 84 81 71 23 28 64 68 62 33 27 59 45 56 42 63 75 75 84 39 29 61 46 39 84 63 69 46 66 93 77 16 29 
9 38 51 36 2 71 49 86 97 59 30 4 100 45 78 74 80 69 54 92 14 92 76 76 13 73 94 5 49 61 33 57 98 36 44 51 6 45 37 54 3 18 57 3 14 87 76 93 55 82 85 20 73 12 95 85 36 40 90 36 100 22 44 98 9 87 100 14 31 88 19 34 6 28 88 71 66 15 64 72 96 100 91 69 63 37 5 98 77 46 33 76 20 76 
25 28 14 25 94 97 12 12 82 69 91 69 92 56 83 55 27 79 6 69 99 68 6 3 65 82 49 49 9 68 76 86 95 89 62 40 37 25 52 18 94 94 86 85 2 69 91 80 99 48 49 97 15 6 51 31 39 51 31 47 70 6 84 17 46 45 56 83 70 59 100 15 53 38 51 6 6 93 85 56 40 85 4 6 90 6 88 28 57 18 27 26 23 10 
42 20 7 50 54 76 8 54 42 12 91 92 17 48 84 2 55 75 38 58 80 28 15 67 7 71 36 33 49 10 95 42 29 1 91 83 28 51 88 69 62 30 12 79 29 47 32 35 21 69 44 52 48 58 70 55 29 5 39 29 14 33 70 94 33 13 28 60 63 67 80 24 48 91 54 76 37 37 62 9 58 5 60 57 63 29 11 43 85 50 71 50 82 92 
44 67 4 23 78 18 90 58 94 89 100 99 65 37 36 78 45 45 83 57 1 45 85 64 87 22 65 9 71 98 52 66 64 56 89 94 25 30 51 18 18 50 69 34 38 56 12 83 100 46 39 52 90 75 15 28 48 79 88 19 29 39 36 92 46 76 85 71 57 87 40 75 89 8 60 26 15 23 60 14 68 50 18 57 77 84 36 24 63 23 94 91 14 30 
34 59 57 71 81 14 57 21 88 97 80 99 23 95 22 34 60 89 84 77 98 60 61 85 35 75 8 81 17 21 10 2 31 18 72 12 31 81 84 70 77 63 69 51 9 42 85 21 30 20 97 79 31 9 64 65 35 23 45 51 43 6 53 25 24 76 36 6 8 19 76 85 34 96 87 42 89 71 62 18 90 11 49 20 19 12 37 54 34 81 56 28 39 60 
52 14 36 40 19 95 58 46 31 91 93 18 85 81 88 46 51 30 56 99 1 27 62 89 32 47 70 87 26 60 99 29 73 86 68 43 80 78 41 11 68 33 28 52 66 67 50 16 48 57 66 49 83 79 37 66 25 58 5 2 69 3 30 41 88 50 36 67 27 76 77 46 60 4 98 25 23 99 92 70 55 9 18 90 87 7 55 63 16 59 64 85 61 46 
77 48 95 12 67 73 39 43 18 51 99 67 75 21 65 19 90 20 27 60 61 14 18 67 28 33 26 92 17 38 37 46 38 83 9 4 55 48 98 24 98 96 91 24 68 55 42 58 26 21 69 86 34 86 53 61 70 30 4 39 19 92 84 8 26 92 11 80 91 9 56 40 56 46 64 24 100 57 33 78 77 53 15 62 90 67 75 59 48 30 97 19 22 32 
26 47 76 37 79 66 97 34 6 4 31 21 79 82 29 11 59 58 63 74 71 4 92 45 63 92 75 11 10 48 43 35 94 18 23 24 35 71 9 92 75 39 64 53 21 93 16 31 2 30 4 72 34 48 17 96 39 43 6 48 90 100 82 35 69 57 11 4 27 19 95 1 10 59 6 82 3 21 12 4 50 68 75 35 15 43 82 53 37 88 52 26 39 85 
13 8 41 75 11 68 45 57 20 54 67 25 87 21 97 99 24 99 66 51 33 32 45 15 84 82 54 87 59 44 71 71 51 64 97 13 83 42 22 2 95 88 79 82 9 75 32 84 73 49 34 58 80 31 72 15 12 77 1 70 20 23 93 71 86 89 35 68 30 56 22 77 96 100 10 4 26 41 39 99 89 25 8 20 55 31 34 66 7 86 35 26 8 79 
48 46 68 35 65 49 90 86 25 85 37 34 40 63 26 79 13 66 3 72 37 9 2 70 74 8 7 60 85 15 39 85 12 58 19 28 6 60 14 83 97 2 68 36 16 46 66 80 11 20 51 48 28 4 69 53 11 76 13 48 42 3 32 5 60 2 32 17 61 97 99 9 51 19 45 66 64 62 98 74 82 100 73 61 4 94 14 66 69 78 13 62 80 96 
66 91 49 49 59 62 46 58 70 96 76 66 13 39 28 10 64 61 10 89 73 65 82 86 30 2 15 95 63 94 42 80 36 91 28 95 52 25 4 73 20 79 39 33 69 18 94 84 30 55 72 2 19 53 40 1 54 54 95 68 100 36 99 35 26 27 29 29 3 32 54 23 62 92 7 82 61 52 66 90 7 37 91 25 42 82 25 47 36 71 15 35 7 13 
69 84 91 50 65 94 33 18 68 95 61 26 28 21 77 93 62 83 82 4 60 75 86 36 21 21 59 87 7 65 52 75 100 42 76 16 87 9 33 6 55 93 31 82 65 8 75 26 42 8 30 53 82 15 41 54 87 99 41 93 15 92 19 66 85 95 82 24 3 14 29 57 59 60 90 75 19 16 1 12 23 82 17 56 48 57 10 34 7 50 78 73 93 96 
38 77 90 71 100 44 37 29 52 95 40 42 21 10 57 21 21 32 54 37 87 1 45 96 86 3 97 63 75 41 59 65 18 100 35 69 96 23 49 47 69 88 40 90 49 49 62 70 80 16 58 18 68 55 66 54 57 14 68 84 55 26 48 72 78 34 92 73 57 41 71 77 80 63 66 29 63 28 50 94 95 59 11 62 13 28 67 70 42 35 5 96 12 4 
19 41 37 62 65 45 2 88 74 34 50 39 14 12 18 15 5 12 73 67 26 38 95 92 59 88 78 63 35 42 66 53 82 54 14 47 51 68 34 24 53 35 62 18 46 32 32 2 43 56 20 20 93 66 64 51 53 41 65 87 82 30 91 16 84 5 62 86 24 95 9 28 81 22 45 26 53 76 79 48 83 50 67 76 16 30 78 68 23 43 7 56 72 97 
71 7 53 32 92 76 78 52 55 58 74 99 35 26 26 65 73 9 15 92 84 30 21 61 49 95 55 55 51 27 52 21 85 4 53 77 32 82 80 86 40 53 85 26 31 10 91 55 18 5 46 53 34 19 66 82 13 20 89 63 98 40 84 83 43 88 11 26 69 90 12 60 95 48 86 77 9 76 31 27 80 29 31 65 99 48 98 11 20 86 26 17 77 61 
51 72 100 61 97 68 3 60 80 49 7 65 25 16 40 55 94 71 35 76 87 33 24 36 96 43 74 73 11 50 33 62 21 32 74 70 51 76 29 30 76 36 46 100 3 37 7 48 59 41 23 45 26 46 81 21 40 6 93 51 55 77 12 28 60 85 97 62 13 77 44 40 64 89 40 66 26 98 13 84 38 36 81 63 33 13 35 73 18 79 75 24 55 86 
51 14 22 99 76 86 76 71 26 39 59 65 57 36 62 21 72 51 8 4 66 41 16 100 65 85 31 39 8 85 76 11 51 97 61 78 83 36 48 8 27 58 24 35 94 37 55 17 87 15 20 4 7 87 56 71 71 86 61 30 70 88 92 20 84 53 49 18 40 96 77 18 54 52 52 99 88 59 15 27 73 34 30 31 72 85 1 42 22 13 23 92 100 15 
63 35 19 12 53 58 59 81 76 64 33 79 62 72 89 28 50 13 61 80 43 32 16 95 25 38 7 48 81 58 14 43 93 32 6 97 41 17 77 68 80 61 47 94 85 87 21 34 100 34 65 94 17 81 89 42 70 47 41 50 5 6 44 97 89 2 93 29 18 21 97 49 34 95 42 18 81 63 51 32 48 16 26 64 48 14 5 17 60 97 66 64 54 61 
12 42 62 56 71 31 77 67 80 10 61 73 79 93 87 29 25 34 96 50 98 43 15 54 11 26 3 76 42 56 89 53 98 50 9 68 33 37 86 12 46 98 36 24 90 23 4 66 8 52 67 57 94 81 11 5 59 65 32 100 72 20 52 69 22 12 88 54 48 25 17 45 22 52 20 64 26 76 29 34 27 96 90 72 28 52 76 86 68 60 85 40 31 89 
8 4 52 48 9 100 72 25 96 94 29 68 9 54 43 37 39 69 84 81 40 12 84 68 97 52 79 34 91 9 22 50 65 73 97 73 24 21 50 72 14 78 39 22 83 81 10 74 1 94 54 40 5 37 59 53 88 37 86 30 98 59 80 62 32 28 86 7 48 35 78 13 64 16 86 47 48 96 20 48 41 25 40 97 13 50 49 1 87 87 82 36 45 61 
49 28 89 34 35 88 21 64 1 84 32 86 82 79 81 53 79 73 29 18 69 42 67 18 42 5 4 75 92 100 36 40 28 76 26 14 63 98 29 63 33 60 1 15 39 33 19 69 6 48 86 74 89 4 43 82 61 46 56 4 98 91 96 77 18 21 42 33 70 70 95 2 30 47 68 20 80 87 88 85 86 25 58 74 80 1 55 92 98 62 96 47 5 91 
23 22 63 64 54 32 34 1 85 15 47 53 86 26 91 25 62 76 49 20 49 80 72 55 72 69 16 67 16 20 9 90 94 71 54 47 2 39 99 38 5 98 90 90 75 80 14 37 55 14 8 55 93 79 9 16 99 77 34 66 96 42 56 89 12 61 88 65 99 86 3 55 35 92 44 10 24 9 46 30 22 53 85 66 31 45 82 29 21 15 95 69 9 2 
57 20 62 96 37 12 34 39 66 68 82 61 77 5 21 22 87 42 26 71 59 56 67 92 37 88 59 83 56 67 84 64 86 97 12 22 60 45 12 25 12 94 37 41 50 57 62 36 50 88 58 8 95 25 52 83 64 10 65 71 76 100 34 13 48 45 87 7 41 98 83 5 43 19 45 93 27 58 80 76 97 90 36 92 66 39 26 29 48 91 99 23 42 84 
87 90 81 73 48 21 71 31 25 65 1 21 9 28 79 89 55 75 30 42 18 95 80 44 23 27 86 21 1 79 56 88 68 36 12 16 57 34 98 33 99 98 6 7 25 84 95 32 10 76 73 80 70 53 75 92 31 60 64 84 38 20 23 58 7 34 25 15 68 22 48 66 71 5 72 96 40 19 79 49 94 51 80 16 55 54 7 38 65 23 21 55 94 43 
64 100 28 40 15 95 13 14 12 83 18 36 30 57 54 8 57 99 11 89 14 65 94 73 54 11 95 74 17 40 68 80 39 48 71 5 42 83 70 6 65 87 41 95 95 94 54 4 44 64 92 58 81 85 30 34 95 76 60 11 67 79 42 57 26 12 62 20 94 31 77 59 70 17 5 64 62 58 19 5 74 10 14 54 95 95 39 41 70 50 52 36 29 93 
45 6 5 6 77 50 88 53 8 9 69 64 25 30 22 43 87 95 53 100 100 99 95 38 39 16 88 90 4 68 35 48 73 91 5 50 40 44 54 100 53 23 63 77 4 36 71 42 82 23 42 81 73 88 71 12 55 10 53 58 77 87 57 1 29 13 2 21 57 56 20 61 30 34 89 33 22 59 75 3 34 68 36 6 7 6 69 61 15 22 71 43 60 79 
43 89 92 45 9 48 100 80 60 81 65 48 13 86 6 39 89 91 58 76 97 16 81 65 77 47 38 99 89 98 77 83 38 68 79 98 67 78 29 78 10 93 25 23 79 83 13 19 73 23 94 21 38 26 38 66 24 27 64 64 24 41 46 13 60 25 10 79 54 38 56 64 83 33 38 61 67 50 31 39 24 24 12 62 1 1 27 24 27 91 87 3 83 32 
15 94 8 77 24 62 66 32 77 48 16 14 60 82 15 42 72 39 65 35 52 17 35 78 40 14 20 26 16 54 10 30 100 17 58 23 30 24 6 58 23 21 71 35 2 38 76 74 28 93 8 79 9 95 8 49 8 28 26 23 33 87 4 32 56 62 55 37 37 60 95 11 33 65 45 34 54 21 59 81 65 67 11 73 13 19 73 20 98 51 94 30 37 97 
62 92 10 68 29 98 79 75 9 11 91 5 97 45 25 55 77 89 73 88 14 85 58 38 4 55 88 49 84 25 46 97 68 7 64 48 5 95 22 65 5 13 69 1 9 46 8 85 86 80 24 99 17 81 37 72 35 76 21 71 52 66 67 20 24 83 19 28 77 93 44 33 57 13 34 65 58 41 1 43 72 77 94 88 57 82 60 92 57 80 14 9 97 80 
80 20 14 50 100 90 42 43 23 50 55 8 66 64 100 67 59 23 43 4 11 51 85 22 94 93 1 7 53 97 87 32 68 52 82 67 42 75 62 16 25 16 75 42 32 74 60 42 96 54 45 58 5 81 79 98 73 31 5 78 79 43 9 47 94 42 65 87 69 26 2 45 94 76 86 25 1 46 66 49 99 62 6 55 42 37 53 66 67 9 43 46 51 4 
44 96 97 8 83 65 34 36 61 27 64 47 3 16 44 20 64 94 81 22 49 22 58 53 39 24 61 82 21 63 85 64 10 81 72 92 98 57 80 58 35 95 56 37 10 51 56 74 45 36 95 45 9 4 97 47 79 9 80 52 71 16 15 80 97 38 24 46 46 55 55 80 49 11 16 58 13 23 83 9 10 29 53 18 32 1 17 63 9 96 14 79 12 28 
11 60 18 86 57 63 40 11 43 88 73 10 97 86 33 80 46 42 8 99 12 92 99 80 54 60 27 19 38 90 46 100 49 15 85 57 78 24 20 72 63 92 33 12 29 65 91 75 59 50 25 70 93 23 1 98 82 27 16 72 17 14 23 17 28 8 74 57 83 93 80 98 36 13 9 17 77 51 91 87 52 67 8 45 89 8 42 23 35 10 46 51 23 20 
67 50 27 92 59 62 36 38 11 72 50 19 88 79 21 30 65 72 96 73 16 36 32 10 10 66 19 7 68 41 27 87 42 5 78 100 66 66 90 28 37 39 98 76 69 18 57 34 90 4 58 57 39 89 66 1 7 36 7 26 28 85 12 70 90 42 21 7 7 10 35 95 1 32 22 69 50 78 54 91 81 11 47 71 52 65 23 10 100 30 35 28 14 47 
49 55 40 69 62 98 79 96 92 31 79 65 99 80 42 53 70 74 15 17 96 66 33 19 75 32 100 62 11 65 8 59 20 99 28 33 96 58 80 39 40 58 3 38 38 96 42 7 21 57 75 68 74 59 86 1 91 37 62 53 54 21 12 73 19 91 57 66 100 36 4 39 93 58 76 82 5 70 41 25 26 15 92 99 74 30 99 16 18 12 68 71 32 31 
95 50 21 51 67 72 86 70 10 79 79 38 12 83 7 52 7 84 67 51 34 92 32 85 59 49 96 78 20 28 61 66 29 33 17 96 5 2 17 14 32 96 3 44 78 61 95 37 44 13 39 78 56 70 62 66 70 57 96 41 36 56 7 65 88 23 12 92 76 28 58 8 23 12 3 53 73 49 89 16 14 79 45 69 48 6 87 17 15 82 10 50 37 16 
66 24 38 77 68 13 5 77 72 79 88 26 31 60 75 71 76 88 1 20 8 48 78 94 17 92 75 78 93 11 93 59 87 30 35 54 94 39 30 18 70 69 43 52 29 17 75 56 56 75 27 64 75 4 57 43 47 32 20 40 94 12 98 32 93 32 37 38 23 18 55 92 87 50 43 15 66 69 70 74 44 48 37 18 52 93 60 98 76 31 89 22 42 86 
53 86 18 90 23 92 7 78 83 45 27 77 59 44 46 80 17 41 28 5 58 31 50 69 80 25 99 69 98 92 54 51 77 23 92 99 14 50 28 48 95 6 77 5 2 22 85 18 14 64 75 71 46 24 91 25 100 41 93 98 32 99 100 60 21 91 10 87 92 38 86 86 95 62 91 96 35 27 66 48 42 40 70 87 63 60 11 14 52 56 11 83 54 10 
42 26 52 4 64 44 41 50 81 35 11 23 83 98 1 48 45 94 39 67 80 1 26 43 66 78 98 77 12 3 38 6 80 42 9 44 37 1 45 17 87 7 92 69 4 44 68 1 38 6 67 17 58 44 11 24 73 60 100 37 62 89 42 94 30 2 37 18 2 81 87 40 87 78 9 43 21 76 43 58 34 61 27 91 4 37 14 29 97 65 65 10 54 58 
3 35 59 91 53 12 71 39 51 10 68 11 52 40 39 46 98 72 6 76 62 9 12 28 37 60 92 53 22 97 10 24 84 68 15 88 31 37 78 34 46 97 44 49 36 34 94 85 57 51 60 19 60 24 98 48 83 41 1 56 90 62 80 73 30 94 12 12 82 89 45 80 85 41 28 72 74 74 57 31 24 16 1 35 39 98 35 74 38 87 29 79 48 60 
51 29 5 14 41 87 2 85 66 38 25 45 10 51 18 66 81 94 33 33 80 24 82 14 97 71 100 77 50 100 89 100 28 93 14 68 79 67 5 96 57 81 41 18 83 10 83 63 55 67 47 35 90 28 48 38 99 100 15 48 99 55 99 78 47 12 98 78 31 54 73 87 34 65 4 69 27 38 83 81 4 30 67 46 57 67 83 55 66 49 54 16 3 53 
45 50 16 42 27 46 95 51 84 81 68 39 49 94 76 31 26 32 60 93 77 69 59 11 75 76 12 29 43 14 81 87 15 96 81 93 94 27 96 77 7 63 16 7 56 43 90 33 26 1 25 2 69 35 65 44 10 76 24 4 41 4 91 56 51 23 100 96 49 95 73 56 9 40 14 16 82 3 49 8 4 73 61 72 60 77 67 69 52 42 25 45 97 15 
52 48 89 51 43 37 98 67 44 6 6 58 22 88 60 70 47 15 94 7 87 53 84 5 74 87 47 98 31 43 64 82 42 52 85 37 40 82 3 84 87 61 41 60 100 52 81 46 67 27 4 5 79 39 61 4 26 59 53 8 54 68 42 95 71 26 83 11 7 38 94 45 98 86 57 97 89 37 94 55 63 97 11 94 88 72 49 13 30 2 72 83 21 13 
30 92 38 12 2 96 49 47 41 98 84 97 94 72 85 39 27 48 36 37 93 23 60 41 87 42 94 58 76 15 71 5 58 60 69 11 56 17 57 48 15 92 44 60 63 80 99 89 27 86 78 71 60 89 64 98 30 57 7 6 23 29 62 80 89 30 42 44 47 50 91 13 41 86 24 4 65 74 44 44 11 73 66 70 62 29 19 43 86 26 48 60 54 10 
92 94 39 33 89 37 35 31 1 75 16 77 78 33 50 74 28 13 46 93 34 7 74 53 50 59 30 49 70 83 10 61 29 1 46 17 89 80 48 42 54 15 18 84 99 19 57 26 31 54 71 65 61 44 69 62 54 98 62 23 32 72 36 60 24 33 29 12 12 76 53 17 90 22 52 89 41 60 66 23 14 36 87 26 31 7 39 36 4 100 11 88 23 46 
47 46 78 75 58 41 2 62 9 44 84 61 32 24 20 49 98 33 37 37 58 67 43 96 3 99 48 13 86 70 10 32 16 39 59 25 79 60 86 87 3 69 99 86 44 19 35 42 3 71 78 13 89 20 8 43 70 7 7 55 77 16 87 92 54 97 68 84 8 53 23 63 74 73 48 17 91 34 10 94 56 87 6 97 59 65 39 28 72 46 83 100 61 21 
43 67 69 10 2 76 62 76 38 35 49 38 4 91 23 13 84 79 52 41 75 62 58 65 89 81 10 23 80 23 95 22 41 63 31 42 91 44 18 80 31 18 17 34 8 40 98 44 70 49 84 44 62 93 60 51 73 70 25 52 92 72 73 32 86 55 25 28 99 94 8 29 11 76 14 71 15 11 14 36 12 49 31 73 42 91 75 14 60 52 18 3 23 90 
86 60 97 10 88 95 56 95 75 66 70 40 36 37 2 1 24 13 50 55 38 91 45 64 4 56 15 21 10 89 63 95 1 11 56 88 5 11 34 31 29 55 22 16 43 23 17 67 88 66 21 25 56 17 40 11 24 55 84 33 95 98 27 95 8 34 34 64 45 67 46 73 74 67 40 16 89 56 82 28 21 54 4 28 22 44 91 45 50 26 77 44 23 55 
91 30 89 24 45 85 43 90 57 16 56 48 31 96 4 65 24 76 70 27 56 92 22 46 36 71 71 65 15 93 19 57 74 59 32 18 43 74 59 51 41 66 99 24 61 2 40 36 77 9 15 84 100 36 29 88 7 51 52 73 43 22 81 68 81 12 37 23 38 95 74 78 60 72 53 73 25 92 60 53 1 74 37 52 62 65 39 20 16 90 44 10 12 24 
30 44 35 66 66 24 13 91 54 24 62 6 48 86 98 8 91 50 33 27 1 46 43 40 65 10 81 8 20 44 31 1 87 18 18 53 41 30 43 46 6 57 52 53 94 1 12 84 50 97 10 2 94 5 93 59 14 74 18 85 17 1 85 4 70 3 8 62 84 50 8 89 58 59 94 52 11 57 87 60 53 49 13 47 53 6 57 66 79 26 51 95 26 87 
50 47 89 57 9 25 59 16 13 68 26 58 19 36 15 58 47 19 6 59 17 10 64 25 27 94 51 29 41 28 16 90 27 56 99 35 80 57 2 45 24 27 2 95 62 68 4 8 39 61 18 7 70 34 32 96 27 34 77 67 13 92 9 39 99 7 25 79 15 26 75 90 52 28 36 65 96 39 24 86 99 42 92 20 75 75 68 53 60 44 72 25 35 80 
15 85 38 40 63 4 65 89 45 17 17 81 33 64 71 57 49 22 98 92 41 24 19 8 76 30 51 99 54 37 30 69 22 19 60 36 22 24 25 19 92 93 99 25 56 21 81 56 42 30 99 83 5 17 42 32 99 93 31 52 81 60 72 54 79 31 42 52 7 18 70 98 10 20 74 65 41 54 72 82 35 70 16 39 87 58 71 85 2 1 88 34 12 12 
88 90 42 29 94 100 46 63 98 55 83 71 71 75 77 42 56 63 63 24 2 49 81 24 85 34 24 25 67 87 36 54 29 29 34 22 81 31 36 78 85 18 100 7 92 28 100 100 91 63 23 44 63 55 67 100 40 42 76 6 28 11 12 56 91 97 29 71 28 65 100 64 82 52 71 26 79 22 77 21 84 51 64 99 57 30 98 96 71 73 53 51 35 16 
58 77 13 87 100 40 51 51 55 84 2 77 61 81 99 37 53 34 39 17 32 95 46 81 42 69 5 95 71 39 62 28 68 74 66 67 65 16 69 20 52 71 96 64 3 46 1 55 80 91 71 63 86 69 44 27 89 100 73 11 39 35 38 58 60 4 76 25 71 44 96 74 66 43 38 68 89 90 75 20 80 45 82 17 65 77 96 5 77 68 15 67 54 5 
24 14 60 99 38 82 94 85 56 60 27 45 27 15 34 1 34 65 98 68 82 14 44 77 19 72 96 33 38 50 89 61 15 48 11 4 30 57 88 37 16 14 81 94 81 14 47 66 30 96 85 63 9 29 91 79 100 87 64 38 88 52 50 2 100 13 5 29 69 92 65 84 57 97 29 89 62 75 55 91 70 39 54 31 19 44 9 71 82 72 60 69 24 61 
22 23 73 26 3 41 69 19 76 78 15 5 66 76 31 72 18 53 63 71 83 81 67 91 3 48 63 62 69 38 23 90 12 47 16 14 40 36 84 15 13 50 71 79 77 54 50 94 6 64 17 40 97 35 30 99 82 44 13 50 81 87 92 92 33 59 57 72 94 92 39 7 41 61 37 69 14 38 63 71 2 31 10 98 65 40 96 98 35 60 100 68 46 91 
59 79 49 68 2 42 59 40 100 52 1 36 20 14 74 34 37 75 64 46 24 80 37 71 78 72 31 77 39 76 19 49 6 19 16 8 60 27 99 12 78 99 99 49 65 72 83 1 98 98 98 21 78 35 92 7 6 74 35 96 1 53 44 7 71 12 66 82 38 64 45 67 15 44 15 31 15 97 83 65 47 80 37 24 14 28 82 71 53 16 66 54 20 10 
60 42 73 77 75 10 92 20 28 58 63 42 88 29 91 22 93 37 54 30 12 19 9 93 90 14 60 55 67 31 16 78 72 40 54 98 49 45 17 76 55 31 70 42 60 60 16 4 48 69 85 59 87 46 3 28 59 62 83 77 44 50 54 15 90 7 64 90 3 81 18 57 63 39 51 74 98 18 30 97 86 14 55 24 11 9 52 21 22 86 97 65 87 50 
31 76 8 94 18 63 74 87 71 37 25 21 62 74 90 91 70 75 57 76 51 67 84 2 88 5 39 36 69 25 86 99 53 45 44 70 7 70 56 78 58 80 50 19 5 40 10 74 66 66 49 16 32 32 69 71 88 7 59 8 32 96 58 36 40 1 5 47 70 12 76 27 43 77 46 47 16 55 72 34 20 20 49 3 3 70 26 90 76 84 49 59 79 6 
46 18 6 2 16 76 13 43 2 7 20 99 5 87 53 76 20 24 47 69 79 49 38 4 90 65 87 38 76 17 43 21 86 49 23 54 76 87 96 29 46 15 28 2 2 32 78 21 56 24 41 34 25 30 89 14 47 75 4 74 43 98 94 28 98 68 81 73 7 77 54 4 43 81 5 96 12 34 69 19 58 9 4 34 91 92 99 37 18 2 10 60 100 55 
40 97 75 20 22 33 48 75 36 43 7 92 38 18 26 58 89 35 67 92 68 9 84 66 45 1 20 6 13 71 12 52 67 38 23 40 70 23 14 57 17 72 1 54 90 26 64 30 60 30 21 27 90 56 44 86 9 63 91 73 33 54 24 52 92 98 43 13 20 57 22 36 28 22 42 69 47 5 50 58 86 23 36 27 78 79 12 38 94 2 10 78 7 85 
29 98 83 72 63 54 80 84 42 59 57 83 80 3 39 81 12 76 3 47 2 33 25 65 70 70 66 80 48 24 64 76 22 98 99 36 52 30 71 93 89 27 27 20 81 17 100 92 44 3 38 97 87 14 61 56 84 78 87 31 1 3 58 74 100 57 9 3 38 79 95 78 57 73 97 37 41 49 28 84 3 17 32 89 31 92 44 14 69 83 96 22 85 53 
95 84 61 56 39 99 86 85 76 43 58 25 31 50 25 11 34 27 27 17 15 9 9 10 22 29 44 69 50 28 22 97 64 34 52 2 32 89 86 60 31 95 36 62 45 60 72 30 86 50 46 52 59 54 13 32 35 57 1 36 36 74 32 99 7 35 52 91 24 38 50 6 84 85 19 28 96 42 57 33 92 3 84 50 8 48 33 94 56 33 30 92 6 61 
42 13 48 94 55 71 83 4 76 66 40 95 94 87 36 2 19 79 56 54 80 64 1 13 57 57 45 38 100 3 99 41 67 46 86 21 68 68 76 43 34 67 89 79 53 77 80 71 55 36 24 35 51 76 99 59 84 43 97 83 97 47 76 15 44 61 35 11 29 10 5 14 28 46 44 80 22 23 50 76 10 25 62 12 53 60 23 36 55 19 71 3 17 46 
18 60 58 52 22 38 14 26 51 41 71 94 73 44 69 74 72 30 99 33 42 51 45 64 38 51 34 8 53 2 5 70 61 63 74 82 100 87 59 3 79 82 48 51 25 68 77 96 98 75 81 91 77 77 6 14 27 91 22 79 92 26 1 52 40 74 85 92 12 95 94 42 76 93 45 53 61 21 100 10 95 80 100 23 56 57 88 82 47 61 13 38 39 13 
41 78 38 77 69 49 23 14 90 51 7 34 3 67 54 2 28 100 34 27 22 89 35 62 23 33 22 87 70 60 99 62 38 88 90 6 36 64 20 25 14 78 11 68 44 16 22 23 16 55 1 89 95 35 50 69 67 72 55 88 31 5 1 20 92 42 78 27 5 49 4 19 26 66 86 21 81 7 43 96 13 43 37 8 77 38 28 95 9 83 82 92 39 82 
11 31 23 40 9 79 88 64 97 13 81 35 33 62 93 75 9 6 69 45 65 45 83 92 39 43 26 72 86 65 5 49 47 79 88 7 58 76 23 54 88 3 40 73 16 33 99 25 90 68 21 54 64 55 97 55 50 75 26 35 91 31 83 89 61 71 95 18 98 69 24 37 24 63 9 39 95 60 15 36 27 88 41 90 42 38 44 43 12 22 78 54 4 60 
42 64 82 36 82 79 57 5 16 80 19 76 70 66 35 37 1 61 24 42 3 17 31 98 60 42 19 37 95 74 48 36 38 30 23 71 60 31 27 75 62 45 51 32 10 37 68 11 98 43 4 52 59 34 49 18 27 20 6 73 93 6 60 82 35 82 52 46 65 30 21 26 75 23 57 36 11 76 46 8 18 1 11 29 34 60 46 60 79 4 32 23 9 91 
5 95 25 8 40 89 38 12 14 64 86 23 99 97 98 97 56 68 97 67 96 31 78 93 42 8 96 74 30 56 16 86 50 40 46 42 80 83 53 94 98 91 16 96 39 65 92 94 32 41 12 27 23 89 72 64 96 67 89 26 75 5 63 76 44 8 17 24 42 22 69 39 12 36 35 50 100 78 95 84 70 7 62 92 95 33 56 91 52 96 68 26 100 30 
1 96 38 18 71 79 91 39 18 2 26 4 3 25 33 97 8 55 3 22 46 98 54 53 40 5 49 7 82 48 36 83 95 73 52 65 4 42 55 73 95 80 28 97 5 12 45 64 66 48 37 64 97 91 16 36 47 16 42 29 16 29 63 10 54 66 75 57 59 81 81 53 61 8 1 17 71 45 32 37 44 69 100 92 59 67 27 57 83 20 85 98 1 99 
59 54 64 85 62 22 66 94 26 26 53 26 94 23 23 25 59 18 93 10 10 3 77 88 60 59 60 96 8 60 95 66 65 10 51 78 32 16 71 9 93 23 87 86 45 9 10 56 78 55 65 87 9 41 27 20 51 86 16 58 97 62 24 61 71 74 38 54 89 60 15 81 82 1 18 78 61 27 85 38 33 50 77 42 42 3 61 93 40 28 50 36 89 73 
96 12 46 85 17 86 96 31 66 77 31 83 6 43 62 91 81 46 92 9 87 33 63 100 25 2 27 75 37 68 47 84 79 45 20 95 30 15 78 48 43 8 82 100 51 95 90 83 41 33 91 27 66 5 26 90 6 5 16 94 72 15 77 50 59 48 96 88 62 73 87 56 33 69 55 35 63 45 17 3 29 59 82 94 63 7 36 20 11 51 13 82 65 89 
83 75 88 79 63 49 3 1 4 35 69 58 69 84 54 37 86 83 47 67 28 9 26 63 80 88 14 92 22 30 32 56 5 19 86 19 67 89 19 22 23 40 32 44 23 85 32 60 19 79 79 47 39 56 9 19 43 74 10 16 56 42 72 60 60 57 78 79 97 48 52 72 87 83 15 9 20 46 69 38 76 99 36 15 54 45 33 48 70 94 64 25 35 87 
36 47 95 13 77 92 13 28 63 99 11 29 60 30 26 80 19 2 78 55 16 31 51 100 78 72 93 93 97 80 79 32 78 74 97 54 65 9 33 79 59 95 7 18 76 32 97 95 85 74 1 100 56 51 51 34 22 44 78 70 23 57 54 100 30 50 5 46 10 37 24 68 32 82 86 7 65 34 53 50 8 53 1 15 55 52 100 77 95 78 98 69 34 51 
20 15 52 24 60 13 12 35 33 43 16 18 2 80 3 54 81 62 59 82 77 13 33 76 41 27 53 39 47 38 41 66 4 45 89 15 57 100 49 89 95 16 58 96 48 61 1 28 22 59 9 98 24 93 26 64 19 30 2 65 68 95 82 23 39 70 38 95 22 86 36 16 54 93 63 53 53 15 80 27 74 41 76 97 33 1 60 4 83 14 20 2 8 2 
24 46 71 61 92 44 99 27 11 52 20 73 4 24 88 35 2 13 75 78 61 60 30 72 63 12 37 82 13 44 83 37 41 6 97 33 1 95 11 12 98 30 84 53 6 23 88 7 35 14 36 47 73 66 19 35 29 55 69 42 51 51 30 91 8 26 75 9 73 86 20 22 67 55 75 24 30 62 31 64 75 18 11 100 83 81 34 12 35 2 5 37 5 34 
28 64 11 54 24 35 91 95 57 58 50 83 81 79 96 63 94 70 81 56 21 15 88 55 78 75 8 34 11 64 19 90 28 30 44 51 16 34 98 24 43 47 6 24 77 1 38 22 23 70 30 43 37 17 49 14 91 9 48 2 72 18 43 51 47 86 54 15 72 51 38 14 49 44 89 77 96 27 98 18 48 79 61 84 96 61 98 38 69 97 91 93 14 34 
43 13 19 96 79 42 98 16 56 46 11 44 74 7 22 24 24 70 2 36 53 97 97 2 87 17 98 77 9 64 62 52 28 81 99 6 22 49 73 29 46 84 73 20 90 94 43 65 63 44 1 68 93 49 69 79 65 19 7 26 34 69 29 61 1 79 18 74 27 90 3 73 25 27 44 66 20 86 31 35 81 83 2 73 83 22 3 99 40 62 24 73 30 52 
85 82 31 2 55 9 44 9 33 68 35 76 34 7 61 16 93 42 50 46 66 32 67 21 30 59 82 6 31 63 9 16 44 91 69 98 100 12 59 32 32 93 8 17 99 20 32 43 13 81 88 79 64 55 99 45 13 80 50 95 94 59 62 37 49 31 86 100 94 44 32 77 37 91 93 87 10 76 30 23 8 69 53 71 75 51 16 39 82 65 34 75 75 95 
63 76 77 48 75 23 92 58 99 80 48 44 66 10 19 47 84 27 16 36 49 42 38 64 81 19 81 14 45 7 60 7 82 89 6 57 11 97 66 61 76 14 4 94 23 75 40 6 1 7 93 1 49 30 65 29 100 97 94 96 55 5 2 37 93 59 45 55 56 10 16 31 75 71 76 49 45 16 54 97 74 98 98 74 27 14 54 26 62 47 21 16 4 74 
4 96 33 100 3 88 10 70 70 36 40 46 85 37 13 90 33 38 88 82 12 14 47 17 40 8 16 12 76 19 86 79 14 18 31 16 57 40 37 78 75 77 75 11 13 39 1 97 77 88 31 40 1 77 56 92 37 71 4 12 89 41 42 55 10 72 22 66 63 59 95 90 87 70 100 51 8 100 99 36 39 29 75 40 58 31 31 94 53 86 57 94 26 50 
100 35 74 21 52 88 31 47 77 69 68 29 19 27 80 18 63 19 98 89 58 7 71 40 52 24 78 8 69 3 10 68 90 35 40 41 22 71 39 51 39 58 79 10 85 58 79 99 76 76 87 85 83 58 77 34 33 54 94 1 8 55 68 97 89 7 90 10 29 80 60 20 90 90 29 26 48 59 24 75 34 62 60 68 19 88 54 3 41 99 3 100 53 70 
97 41 29 38 2 9 69 14 28 58 3 8 83 50 66 6 77 52 20 88 19 90 75 24 93 67 22 95 66 74 17 14 66 97 51 68 5 20 81 33 77 83 92 60 85 58 17 13 9 36 100 79 78 26 55 70 92 76 64 57 50 32 71 15 28 73 34 33 92 14 17 21 49 8 32 85 17 100 97 77 88 48 56 65 73 62 34 16 37 49 72 86 33 94 
53 60 67 38 44 10 4 12 82 52 20 65 88 36 65 36 13 4 83 20 68 7 81 53 22 69 53 45 55 85 39 59 97 57 96 92 18 99 4 52 2 23 16 41 10 32 76 74 35 10 45 54 16 77 58 89 46 11 34 52 47 24 62 95 80 57 87 49 8 90 100 61 64 16 2 73 47 29 99 34 39 43 87 6 72 45 95 17 7 28 68 53 51 29 
48 82 37 34 30 96 75 82 57 38 49 10 62 95 38 12 80 76 7 67 34 78 63 28 94 69 7 13 73 57 93 20 90 29 5 71 77 31 52 33 20 100 94 34 47 31 45 26 59 3 44 92 80 6 19 25 26 77 37 99 85 29 70 74 10 27 96 86 9 48 70 29 99 15 14 97 45 10 75 55 13 18 46 92 76 16 17 53 92 5 3 76 34 73 
1 95 51 97 32 59 96 53 39 46 67 52 43 63 62 69 18 26 38 15 17 13 83 85 18 26 90 20 54 75 44 54 21 94 2 52 5 49 56 95 95 22 99 89 84 60 57 53 37 94 68 53 59 2 90 76 27 79 47 80 5 91 86 25 36 87 28 40 88 83 35 82 56 33 70 91 44 78 44 80 23 63 84 33 64 25 8 42 55 7 74 59 97 59 
35 32 97 62 24 84 96 58 17 51 42 38 94 37 15 37 68 90 51 3 22 66 28 82 7 82 88 80 93 84 90 27 67 87 41 90 22 88 99 39 91 92 28 84 28 43 20 47 32 22 50 5 87 29 86 45 10 73 77 2 8 66 81 75 4 73 16 26 60 15 16 50 58 43 33 86 37 4 84 20 25 33 25 63 61 10 8 23 35 84 76 94 1 56 
20 5 80 36 82 40 2 49 89 59 43 74 96 80 77 80 51 54 12 75 16 25 37 75 99 23 58 74 16 11 82 36 15 61 23 48 100 24 96 41 34 38 14 30 69 90 61 20 43 24 46 59 48 34 33 46 56 43 72 72 53 53 59 19 13 81 66 65 56 13 5 89 2 18 70 71 59 30 42 2 54 87 12 53 21 96 51 28 90 22 51 94 74 9 
64 38 41 29 2 48 93 6 37 95 75 58 17 34 88 10 87 93 96 50 45 68 45 95 48 87 68 98 80 41 59 44 79 51 24 80 99 69 38 87 63 12 44 31 97 83 40 83 27 87 32 72 7 29 18 54 67 86 3 46 78 13 41 56 64 17 88 62 85 77 48 99 40 43 29 37 78 20 71 4 58 55 27 64 35 45 69 1 82 24 98 59 36 39 
67 99 55 6 12 91 82 11 89 21 54 69 9 83 88 80 86 97 34 13 61 20 9 81 20 42 56 17 100 92 7 18 42 61 75 54 51 56 64 91 29 69 59 37 51 98 68 89 95 53 1 7 72 9 87 43 50 95 60 1 86 66 71 27 79 97 32 81 53 48 72 33 16 82 21 19 80 41 59 74 93 59 80 17 19 18 59 20 12 18 72 49 36 94 
