133 11 1
62 40 79 12 61 55 22 77 6 90 70 
6 81 95 85 56 54 70 59 88 69 10 
84 92 59 95 84 85 79 94 13 40 34 
43 51 94 50 25 22 55 66 43 60 47 
89 96 54 42 65 12 82 34 21 65 77 
79 59 60 16 37 54 80 29 39 74 79 
84 23 3 57 30 21 51 41 67 39 37 
20 33 53 31 14 86 3 30 14 33 89 
74 48 77 27 79 5 17 5 36 100 79 
90 8 8 10 58 1 76 96 89 47 80 
41 29 45 79 31 75 92 16 15 65 15 
91 43 94 48 59 98 83 10 28 72 17 
36 34 74 88 9 22 76 8 1 68 36 
98 46 19 72 90 34 38 6 48 28 49 
93 27 59 42 9 21 70 33 89 57 66 
63 44 26 36 71 33 88 38 21 85 36 
39 8 25 24 45 30 23 25 30 16 51 
41 9 12 61 30 96 49 86 13 63 81 
38 50 51 23 38 89 95 74 24 33 82 
100 8 78 81 30 2 11 97 5 3 58 
68 15 87 63 15 25 75 30 57 64 79 
8 38 68 48 32 42 23 16 75 22 23 
4 54 5 6 16 53 62 18 10 29 32 
49 43 99 73 17 28 29 32 6 88 22 
26 35 53 19 9 21 45 82 95 48 36 
51 5 51 4 66 21 13 46 52 61 88 
2 85 56 29 14 88 87 53 61 12 40 
65 82 48 85 26 30 32 73 65 82 30 
67 85 47 87 50 93 91 10 80 92 95 
88 21 60 75 59 64 35 70 3 99 3 
51 36 28 80 67 52 96 100 81 62 85 
28 49 34 72 39 95 3 30 41 90 2 
52 16 60 16 2 81 18 53 83 68 88 
62 99 6 14 94 5 46 56 41 25 56 
74 96 94 21 51 75 61 40 77 13 56 
36 28 9 69 45 61 51 65 48 65 63 
5 78 9 62 75 64 2 100 19 76 47 
64 96 97 38 8 89 14 20 96 2 99 
4 70 96 65 72 60 64 36 74 21 65 
82 82 40 97 83 91 67 10 89 30 57 
86 20 65 26 33 84 21 86 35 76 7 
30 40 31 41 56 18 14 76 83 48 57 
74 44 39 16 63 1 4 92 57 41 11 
21 66 96 57 38 33 91 14 40 72 53 
22 12 60 39 77 35 73 24 43 98 20 
34 13 82 34 17 25 90 57 88 11 75 
35 67 12 67 9 25 58 80 30 79 43 
89 18 19 24 42 95 66 40 66 51 52 
99 84 68 23 74 77 62 84 51 96 2 
62 63 10 39 20 41 68 51 83 56 20 
53 31 61 99 49 100 64 99 52 14 83 
71 89 56 99 50 91 1 46 92 15 60 
53 53 79 93 20 81 27 27 100 79 58 
61 78 6 60 93 56 63 7 38 86 95 
93 84 96 35 37 41 26 51 100 78 3 
31 22 22 11 48 48 11 27 57 23 56 
14 34 100 70 49 58 7 34 4 52 69 
100 86 5 92 64 55 92 41 57 74 63 
30 84 10 30 46 88 86 68 95 100 54 
47 21 2 4 27 35 60 30 55 59 16 
60 2 79 66 93 71 75 18 85 4 2 
95 85 99 34 23 19 81 74 72 27 94 
73 82 72 59 41 2 13 51 17 24 53 
47 90 97 17 64 15 2 19 68 48 56 
66 33 78 36 13 51 7 91 96 31 73 
67 89 13 68 54 16 36 77 68 82 18 
16 51 33 82 52 52 49 51 7 67 83 
36 2 48 38 61 38 33 91 10 99 32 
75 67 37 90 2 13 9 36 83 76 86 
15 58 89 18 6 39 76 24 73 63 26 
20 100 86 58 32 28 19 83 59 93 49 
47 34 2 60 94 89 94 70 74 60 27 
62 30 84 100 57 8 25 20 85 44 19 
22 53 3 49 72 85 60 64 85 6 50 
38 17 95 27 62 64 100 22 42 14 51 
78 65 59 37 89 78 21 33 49 42 85 
3 42 56 39 1 72 23 59 73 12 75 
67 38 89 83 38 10 24 3 12 53 67 
70 89 56 100 9 88 100 2 24 54 44 
32 92 96 55 66 54 27 77 81 93 15 
69 27 4 30 51 6 41 55 72 62 44 
79 13 4 18 64 58 42 17 1 25 60 
48 79 77 2 57 54 34 1 20 54 28 
75 83 30 80 75 84 3 88 27 34 1 
83 51 16 40 44 85 92 68 44 39 98 
73 92 54 26 25 55 45 78 82 19 12 
11 50 86 94 4 74 73 37 26 55 88 
41 46 83 25 37 51 21 27 48 93 19 
2 70 43 56 66 73 89 84 84 99 85 
22 92 40 95 16 77 72 22 16 12 67 
98 89 55 100 9 82 100 53 100 1 22 
94 8 87 18 96 22 54 46 58 75 37 
97 21 5 73 92 26 40 55 45 38 43 
51 89 3 32 88 55 83 40 28 29 47 
14 46 94 87 51 39 44 25 28 41 97 
32 65 40 9 5 95 53 94 37 56 34 
92 87 22 46 22 61 74 2 60 39 99 
53 26 50 44 21 26 71 13 23 54 78 
14 62 34 8 67 79 97 22 12 88 60 
85 85 33 98 10 34 57 49 33 61 26 
34 4 98 59 26 11 33 79 88 47 41 
73 54 59 3 2 80 66 89 39 51 26 
72 48 35 57 56 35 89 16 60 22 72 
58 33 97 20 65 76 7 63 68 31 69 
26 33 70 57 50 11 47 100 36 70 99 
70 27 54 5 67 22 16 89 93 25 73 
41 96 37 16 2 100 35 84 68 12 68 
89 20 18 99 67 69 86 36 68 56 14 
73 12 81 46 79 21 90 56 93 31 51 
81 98 5 32 33 40 51 96 8 40 16 
25 90 34 45 76 21 12 31 35 37 94 
67 82 24 87 72 31 31 2 82 11 51 
38 43 35 77 45 31 84 84 98 60 74 
31 5 49 3 68 31 37 56 76 3 38 
51 41 61 82 23 14 63 34 64 52 28 
99 28 72 81 64 8 78 75 33 60 31 
33 62 51 15 51 6 42 5 95 92 98 
7 73 20 20 87 53 36 38 32 86 18 
56 18 33 63 47 7 47 6 90 79 19 
40 93 21 45 34 26 92 77 23 98 50 
42 18 88 47 5 78 30 42 95 85 59 
27 99 5 85 45 62 74 75 80 13 19 
53 10 4 78 1 81 52 98 82 45 67 
21 43 71 98 73 64 44 9 22 22 60 
26 7 56 87 32 31 19 45 1 23 6 
5 100 6 37 3 55 70 99 22 90 42 
44 88 66 8 31 26 29 53 85 7 11 
41 45 42 23 15 38 23 37 43 79 88 
100 67 42 55 36 41 28 26 82 71 13 
99 30 95 24 11 99 9 69 61 1 13 
3 75 80 92 49 16 35 28 56 86 46 
97 40 82 37 67 7 70 90 71 68 19 
65 44 81 16 52 49 76 4 14 30 78 
