414 3 3
20 95 76 
90 7 81 
58 80 51 
12 42 11 
97 23 3 
31 10 3 
97 28 61 
53 54 1 
89 26 93 
36 39 95 
76 10 41 
4 51 47 
84 9 78 
34 72 20 
96 68 94 
98 50 55 
52 47 34 
13 51 88 
65 91 65 
9 26 4 
55 54 65 
95 9 16 
93 44 76 
71 29 47 
42 25 15 
87 74 16 
41 26 62 
27 38 64 
14 54 54 
78 63 32 
33 17 85 
50 12 45 
65 56 88 
92 78 16 
38 19 92 
4 5 66 
20 98 91 
33 24 80 
97 89 33 
50 18 95 
81 3 12 
17 52 75 
61 68 30 
100 59 8 
68 96 78 
59 100 35 
24 19 32 
14 3 7 
93 99 47 
78 49 64 
72 81 66 
35 50 69 
9 62 36 
91 62 94 
50 29 42 
27 87 93 
61 11 63 
44 76 65 
2 21 64 
48 98 64 
64 69 96 
81 56 45 
50 64 7 
85 6 68 
31 55 48 
72 34 34 
64 46 96 
26 42 72 
90 43 92 
5 43 41 
68 58 9 
16 38 64 
60 87 80 
18 24 85 
37 6 92 
84 77 77 
70 92 22 
65 69 15 
88 10 10 
31 15 52 
71 34 9 
32 49 98 
47 61 37 
26 78 12 
63 15 17 
6 98 45 
82 19 88 
55 84 56 
70 23 17 
79 6 83 
82 76 17 
42 59 17 
39 6 77 
27 83 7 
38 97 21 
54 54 70 
98 87 89 
85 42 24 
92 63 46 
9 93 51 
91 26 79 
59 67 89 
76 57 46 
4 84 29 
10 73 77 
82 79 31 
52 76 17 
40 13 10 
63 56 24 
60 16 16 
63 59 41 
93 17 59 
81 44 68 
27 100 3 
7 9 75 
83 91 53 
65 94 81 
82 85 45 
43 47 52 
67 58 68 
34 20 26 
27 12 42 
37 93 38 
4 71 37 
6 77 97 
33 59 39 
85 24 32 
17 57 16 
13 99 14 
65 17 72 
32 3 91 
57 29 55 
50 17 47 
39 21 69 
75 78 45 
72 10 3 
10 47 78 
94 63 34 
9 28 85 
23 92 53 
46 23 55 
36 31 35 
42 32 52 
40 71 24 
8 97 1 
52 68 63 
7 30 9 
84 23 23 
70 83 50 
6 57 41 
58 2 15 
65 90 97 
51 31 81 
54 71 51 
77 78 99 
30 30 67 
92 36 48 
100 71 22 
74 40 4 
76 97 13 
16 7 14 
83 71 55 
31 73 86 
11 27 8 
13 55 37 
12 84 66 
30 27 53 
77 78 76 
50 52 67 
53 27 64 
65 94 70 
31 28 92 
85 59 16 
22 69 94 
29 34 49 
66 45 84 
83 74 11 
88 2 40 
63 51 91 
81 55 69 
96 20 15 
65 2 42 
8 86 100 
24 8 21 
17 88 6 
17 53 50 
1 88 75 
63 75 76 
2 89 78 
45 21 32 
13 17 3 
27 33 4 
21 41 42 
72 16 1 
44 84 88 
49 1 93 
98 53 80 
24 67 6 
99 20 94 
28 64 14 
60 29 82 
14 55 15 
70 27 7 
11 99 22 
63 42 57 
50 91 57 
42 40 61 
73 64 27 
78 14 99 
23 42 62 
89 53 90 
70 18 97 
84 87 23 
90 49 21 
63 11 15 
20 61 57 
28 54 96 
89 27 59 
67 56 25 
65 79 18 
79 67 70 
68 88 39 
16 72 26 
91 13 74 
63 28 37 
77 47 49 
33 74 2 
29 14 80 
39 33 36 
15 49 66 
32 27 84 
53 47 71 
92 14 94 
17 4 7 
42 67 86 
30 43 32 
78 28 57 
32 8 23 
11 46 7 
98 13 55 
15 44 34 
98 97 32 
69 88 45 
62 56 49 
20 49 15 
5 79 57 
88 56 84 
97 39 91 
19 2 89 
25 99 1 
31 66 96 
64 63 92 
95 83 31 
40 97 86 
88 16 87 
2 73 65 
10 12 72 
46 8 11 
88 26 12 
28 2 62 
80 33 27 
76 96 42 
19 43 24 
50 82 20 
87 21 88 
73 74 12 
89 83 23 
61 80 83 
23 20 60 
34 47 62 
47 27 46 
26 54 93 
67 72 35 
90 73 16 
62 12 88 
49 84 61 
12 25 96 
34 85 75 
68 59 46 
28 44 93 
41 90 71 
86 67 76 
78 33 99 
13 75 72 
80 36 83 
20 36 18 
80 99 42 
75 84 78 
2 52 88 
47 79 31 
91 71 73 
13 56 39 
40 85 24 
39 49 98 
62 81 85 
44 100 72 
13 79 70 
7 6 53 
36 59 4 
24 57 34 
6 100 4 
78 64 11 
69 4 48 
92 42 96 
89 3 76 
25 98 27 
96 62 58 
17 68 15 
69 56 73 
25 31 81 
10 36 80 
66 66 96 
76 34 99 
23 25 40 
71 65 94 
98 41 91 
25 36 52 
82 4 72 
96 72 79 
20 48 9 
100 58 96 
32 23 13 
27 50 98 
25 25 74 
16 95 38 
9 92 78 
51 16 65 
54 49 68 
25 44 92 
55 63 39 
15 15 96 
63 98 70 
75 24 20 
73 100 44 
46 15 90 
36 75 81 
65 25 49 
82 78 97 
49 55 93 
92 9 7 
31 24 21 
78 86 70 
100 12 93 
71 36 92 
14 34 58 
55 69 32 
35 85 8 
35 66 86 
84 67 92 
76 10 100 
34 92 75 
7 22 12 
76 21 24 
69 91 59 
12 56 92 
70 10 12 
53 96 49 
13 31 14 
98 14 32 
41 89 94 
40 74 85 
67 80 6 
78 56 26 
53 24 68 
64 87 23 
55 56 84 
19 61 80 
67 73 10 
32 22 75 
16 62 15 
9 53 88 
93 71 68 
99 1 23 
76 53 46 
96 16 84 
70 23 92 
54 41 52 
33 7 76 
94 38 97 
68 5 10 
82 13 14 
69 6 85 
36 56 85 
58 83 37 
55 78 5 
39 48 27 
30 1 67 
33 85 25 
8 78 14 
56 45 19 
17 26 31 
30 46 88 
66 82 95 
50 91 78 
39 98 7 
43 36 6 
21 17 58 
39 49 42 
63 8 19 
28 15 15 
46 31 92 
29 12 38 
68 78 71 
63 27 61 
92 17 58 
50 59 45 
56 31 61 
13 69 61 
55 31 20 
25 59 34 
40 56 16 
83 36 28 
20 4 5 
42 18 83 
