202 107 15
90 17 8 11 96 35 31 25 75 84 49 85 69 21 93 13 28 14 29 58 7 22 76 59 78 94 59 77 47 18 47 37 86 6 99 81 41 30 58 67 13 6 3 33 26 95 46 54 60 26 63 67 48 38 77 25 83 88 53 30 57 99 66 42 57 64 74 49 45 31 67 57 88 70 90 14 64 87 19 24 12 33 42 59 22 18 36 5 57 88 34 13 39 51 54 95 66 80 95 11 10 61 67 98 30 8 63 
94 94 33 69 6 65 62 16 86 79 3 42 88 91 27 100 81 77 6 27 43 85 21 5 94 81 23 43 11 31 5 56 24 37 76 81 53 37 49 39 67 51 32 54 41 59 54 73 35 11 99 29 95 19 85 40 100 8 83 62 38 39 17 13 28 44 46 80 80 94 70 46 44 54 100 37 12 5 9 98 15 60 79 61 78 63 100 29 70 82 90 59 73 58 24 52 1 21 31 80 14 53 78 9 6 29 97 
69 85 58 66 51 17 44 11 46 59 10 75 80 44 16 91 16 74 14 67 26 34 49 58 99 53 35 59 10 63 56 78 47 65 44 97 33 39 59 78 49 68 4 29 63 20 19 30 45 84 96 70 69 97 27 67 1 61 77 11 75 32 40 73 48 35 21 80 26 79 10 74 47 13 2 9 32 72 39 76 55 86 98 23 34 24 41 87 37 18 97 63 1 88 36 49 23 56 28 48 87 37 21 33 2 75 93 
33 46 83 61 1 21 10 23 6 33 64 92 21 81 40 84 81 28 71 81 50 78 61 49 64 49 69 48 50 95 41 35 41 75 47 93 95 56 67 53 40 30 44 61 62 84 96 95 63 18 27 12 95 87 12 59 88 32 6 37 27 98 71 67 25 17 59 71 24 25 23 64 7 67 24 20 2 71 66 64 88 45 27 34 31 38 92 18 69 50 7 47 99 29 13 23 98 23 46 21 100 68 84 58 86 59 29 
39 29 47 2 68 91 80 2 73 69 93 43 90 94 49 36 45 77 1 67 74 75 64 47 74 32 30 83 69 89 12 8 69 58 61 37 48 41 38 20 61 82 62 50 28 62 38 72 91 90 90 16 64 54 62 38 37 92 20 5 32 83 12 100 40 25 36 39 17 25 59 77 7 72 79 86 34 68 57 76 57 46 91 20 99 53 9 35 96 81 92 27 63 55 78 3 79 14 41 95 90 51 24 48 23 2 33 
8 69 89 35 25 87 25 96 37 29 5 24 24 85 15 2 47 69 80 1 48 93 42 94 34 44 17 82 18 18 14 77 38 3 11 14 41 36 10 77 64 14 100 40 50 14 41 96 35 20 49 34 64 42 27 98 85 44 79 3 13 92 31 3 46 42 16 86 29 77 63 44 42 14 83 91 80 24 39 14 43 87 47 59 28 73 56 64 68 34 18 33 77 49 35 23 42 50 60 70 79 74 13 20 88 96 63 
67 71 53 32 65 39 78 23 18 2 78 33 70 63 51 2 40 99 88 14 92 89 73 61 67 99 25 39 38 20 1 4 42 53 35 7 43 64 29 12 65 7 44 86 69 94 39 60 44 26 73 35 15 98 95 33 96 72 71 33 91 23 88 85 75 74 91 69 37 19 80 53 77 24 39 46 69 29 5 13 7 30 47 21 27 94 5 22 65 76 6 7 98 93 91 25 18 33 45 54 52 25 58 28 100 48 25 
68 77 82 80 83 11 79 55 37 24 59 10 88 34 67 46 84 11 89 60 28 21 4 33 24 80 90 4 79 38 28 47 14 61 78 48 71 56 2 59 79 60 20 18 46 38 64 81 48 4 92 27 24 47 59 48 27 1 51 5 90 30 3 55 91 81 2 13 36 55 24 67 14 95 84 11 33 99 43 32 2 34 59 78 81 69 25 59 21 27 63 10 56 18 64 98 98 65 63 85 19 86 3 85 32 87 47 
64 37 42 96 39 75 6 68 7 26 92 65 47 70 80 56 77 97 20 75 46 36 89 30 7 26 33 43 57 71 89 73 59 30 20 49 57 25 16 15 50 59 32 96 28 11 4 5 59 23 31 4 58 19 85 16 96 69 58 52 91 47 24 50 28 95 98 36 19 14 3 21 72 34 68 52 96 71 56 54 45 38 9 55 8 45 70 3 66 28 54 8 26 30 57 53 76 7 41 47 72 43 67 95 76 86 46 
23 9 53 28 53 90 88 7 97 32 29 99 49 56 5 57 81 86 65 85 61 71 77 7 94 19 25 89 46 63 86 68 71 39 95 75 80 34 34 29 18 62 79 66 17 83 74 49 20 39 85 33 61 62 91 7 80 68 47 78 30 32 97 52 22 44 78 2 77 11 82 94 72 60 12 40 43 85 88 14 75 73 46 88 86 89 94 17 56 40 94 37 71 91 88 45 34 65 98 62 28 79 56 51 38 67 91 
32 3 30 46 78 54 43 65 39 31 10 56 86 49 1 74 71 43 61 15 28 78 64 90 57 42 97 7 80 15 97 63 17 79 8 46 84 3 10 23 33 19 30 71 19 30 44 90 73 57 56 100 86 20 41 42 13 37 48 44 51 97 7 68 27 66 13 10 68 75 84 1 45 13 23 16 95 18 57 19 74 12 70 59 83 63 52 96 99 100 91 2 48 97 69 74 63 33 35 30 59 19 82 56 83 56 71 
29 74 27 99 47 90 69 58 25 31 9 72 81 60 62 82 59 59 2 84 21 87 19 2 97 37 36 52 19 91 74 100 64 52 98 63 42 18 72 18 48 80 89 81 92 50 14 50 8 16 86 80 54 4 82 50 40 69 54 10 59 79 61 23 31 59 37 24 76 8 41 76 39 29 56 30 78 69 32 38 36 17 17 41 72 50 91 63 18 96 72 77 74 33 51 4 43 87 79 18 94 19 93 84 47 100 66 
77 21 97 14 8 65 82 49 36 32 39 50 1 86 21 29 59 5 79 15 99 17 93 17 62 12 61 46 10 61 11 86 33 59 99 40 75 81 88 62 64 78 11 64 63 83 45 22 40 75 88 38 92 80 54 5 43 15 2 53 27 64 90 59 74 41 98 48 21 38 61 36 15 71 51 78 6 95 51 45 70 38 34 13 69 88 69 12 54 71 16 32 86 5 42 60 45 39 59 17 28 20 52 43 42 55 20 
47 49 22 43 70 59 77 34 27 16 3 90 21 25 5 52 10 62 93 21 6 83 80 75 11 99 78 5 40 32 24 39 33 45 81 2 55 57 88 33 72 90 23 44 66 79 95 75 40 39 96 98 74 27 72 36 25 49 40 16 81 15 54 13 11 87 66 17 43 53 49 67 94 23 10 59 2 57 86 93 47 33 90 72 59 61 7 35 10 98 50 42 64 56 6 26 42 23 42 36 28 91 54 21 13 16 32 
66 24 69 59 70 53 48 94 11 61 52 97 22 50 98 63 65 53 20 91 46 42 84 34 69 74 39 42 39 54 25 56 77 45 14 99 97 14 92 59 74 43 55 95 44 52 9 61 57 28 51 54 21 86 39 42 12 78 35 50 83 11 5 12 55 71 10 51 84 53 61 57 47 15 3 91 18 11 3 74 90 5 80 62 90 18 3 1 95 89 50 78 99 7 89 53 29 50 55 12 2 67 20 100 81 22 90 
99 84 44 24 73 48 3 34 38 21 89 38 67 77 40 44 76 98 84 80 26 33 87 89 86 53 8 86 86 81 27 36 64 71 59 88 18 14 21 7 86 61 45 52 38 36 48 65 33 31 96 10 16 82 98 53 87 5 38 72 85 17 7 100 39 17 87 56 30 7 15 67 68 11 19 57 46 18 21 30 48 16 39 15 50 36 68 36 92 57 59 28 73 17 27 11 33 13 19 15 71 33 81 90 95 51 46 
40 68 18 69 16 86 7 82 35 94 49 22 37 58 32 64 30 48 90 93 80 2 63 46 72 47 27 14 41 77 59 32 45 77 100 12 14 58 93 48 3 94 21 39 51 52 2 32 99 91 76 30 44 90 76 67 36 54 80 28 30 91 59 26 19 10 37 32 67 82 31 69 27 51 7 29 54 8 60 4 50 88 33 45 77 8 64 65 61 43 44 43 85 3 68 3 64 57 34 31 38 16 51 64 18 58 92 
71 17 3 74 19 42 59 63 71 66 26 87 79 21 30 73 5 84 92 60 48 48 93 30 37 61 80 52 78 89 95 49 58 50 74 76 91 32 90 61 50 68 99 80 40 29 52 96 64 43 55 11 91 100 92 79 60 72 31 37 60 25 37 69 74 11 96 17 42 86 29 91 5 28 70 96 8 73 91 71 16 46 34 58 45 25 36 56 48 18 92 60 95 29 28 68 91 24 36 32 61 65 75 65 92 96 12 
51 69 2 21 84 99 6 93 95 31 80 50 78 98 94 37 92 74 65 11 64 40 47 95 100 11 21 16 54 17 27 4 85 80 76 20 31 82 12 25 64 43 27 41 40 20 30 83 93 46 94 56 85 92 2 36 54 23 3 7 39 29 62 75 60 37 94 90 18 57 15 81 99 41 74 91 12 55 73 56 100 18 11 36 9 64 71 62 38 73 20 28 53 81 2 12 18 95 54 87 3 68 20 2 60 93 44 
23 47 16 78 98 86 40 33 46 55 55 8 93 79 79 20 31 60 22 94 29 68 99 15 71 18 86 24 29 30 67 51 28 34 80 25 19 19 9 65 74 63 24 66 93 2 37 75 13 58 21 41 78 19 8 100 37 93 23 65 23 41 16 50 26 95 27 45 66 35 61 91 50 36 8 42 37 44 69 50 54 89 42 31 7 49 30 43 94 4 8 16 96 75 17 21 21 43 17 86 78 77 76 79 12 35 72 
1 79 40 2 32 28 43 14 35 44 43 77 37 98 36 4 93 10 20 65 31 15 82 68 44 10 96 22 74 30 93 74 60 33 27 91 12 69 56 46 64 50 75 100 47 62 55 91 72 75 8 54 89 89 73 84 50 20 5 23 50 49 48 61 33 74 4 45 95 59 90 58 9 16 10 7 78 64 98 1 90 57 6 30 45 78 13 46 50 17 69 99 18 68 59 50 42 14 94 88 73 36 45 81 51 6 87 
80 70 36 80 11 92 85 41 88 15 53 86 64 22 54 14 91 73 24 40 14 38 86 53 10 21 98 42 23 55 80 3 76 68 34 87 59 71 79 99 85 83 84 100 4 89 65 46 61 88 86 27 77 71 79 38 43 28 79 17 83 11 19 10 78 53 96 36 75 74 86 59 57 21 10 12 9 74 58 22 13 95 48 90 17 78 27 11 6 58 27 40 68 98 49 97 2 97 32 76 22 70 86 30 90 95 42 
51 68 51 72 32 97 19 21 65 96 100 75 53 9 53 44 28 50 93 24 51 41 7 26 62 76 11 92 18 57 85 68 76 87 39 8 83 9 28 99 56 79 73 61 87 25 4 14 75 48 89 77 88 96 55 2 23 65 93 40 74 29 59 49 15 49 56 49 9 84 47 65 14 71 77 1 95 80 66 21 80 7 98 19 2 52 20 24 68 64 16 93 92 26 42 58 75 97 6 83 32 4 99 46 74 27 98 
21 59 15 41 38 21 90 56 74 93 28 50 13 91 65 5 35 90 46 92 16 95 50 51 26 5 1 71 79 28 20 51 86 35 91 23 7 33 30 81 77 57 30 89 100 46 46 34 87 91 25 3 85 26 53 63 31 5 85 61 32 5 11 17 91 53 91 97 85 73 77 14 29 6 2 28 51 99 13 38 90 38 92 26 15 96 40 45 100 25 5 32 29 15 100 19 20 91 67 4 15 44 69 43 1 71 23 
4 69 35 93 10 24 84 88 39 31 79 83 30 3 40 13 83 6 13 53 25 55 20 81 69 15 49 63 15 71 37 18 92 72 10 53 47 45 92 85 75 71 20 57 73 59 21 8 16 85 60 41 39 31 21 59 45 69 74 60 92 10 29 83 33 39 35 32 35 27 16 62 97 87 70 21 97 90 80 13 75 92 53 65 22 25 76 67 45 49 78 36 10 6 18 95 96 5 26 31 31 93 44 79 80 13 51 
76 2 31 40 28 22 44 93 95 68 68 61 13 68 38 48 77 44 18 23 39 22 48 21 4 41 64 34 72 76 84 99 30 66 39 57 39 82 1 34 2 68 94 14 87 84 13 16 79 82 38 69 3 86 90 58 78 5 91 49 33 75 47 62 92 85 70 31 19 71 16 20 90 61 85 77 44 49 92 22 31 81 91 85 18 32 43 95 36 33 43 20 7 42 33 51 78 3 81 96 73 96 67 62 56 3 90 
52 52 33 73 82 14 15 18 31 98 60 78 86 93 20 5 51 13 38 1 91 92 81 38 64 28 5 77 84 59 19 87 10 51 11 43 64 26 61 47 75 20 24 60 64 95 17 15 8 54 15 50 97 48 87 12 75 43 40 10 2 58 96 63 9 7 6 24 84 18 22 58 89 45 70 53 92 86 67 51 91 33 100 87 80 86 98 7 29 37 16 82 47 64 44 7 22 1 30 5 18 4 14 59 100 35 11 
91 20 29 41 62 61 92 48 93 78 97 99 58 86 66 39 32 81 34 38 2 35 19 58 4 22 72 62 22 58 72 64 78 52 57 39 13 48 39 57 77 35 55 34 72 72 24 3 53 10 92 54 44 11 64 99 84 87 61 57 44 84 21 21 88 77 12 52 76 50 8 53 36 14 38 8 85 62 62 89 71 54 43 66 64 58 16 47 44 76 4 87 12 76 60 99 4 71 2 79 72 9 83 7 22 21 66 
58 82 28 47 4 81 41 21 44 98 36 42 41 64 97 27 27 24 38 25 27 8 26 58 79 86 40 38 59 60 3 16 93 30 62 48 10 2 68 5 51 4 99 91 67 47 70 93 71 7 69 97 67 46 6 45 83 46 82 41 57 37 56 50 66 70 49 28 71 17 84 74 72 34 64 38 81 85 82 51 44 2 99 10 99 5 54 81 2 88 21 58 76 28 59 93 97 8 20 20 76 56 93 47 89 8 36 
21 93 69 71 36 70 22 45 20 78 50 52 79 89 72 88 64 99 99 57 48 58 28 67 33 35 59 31 24 18 66 44 10 34 67 97 55 88 93 26 65 95 77 95 83 100 82 99 50 32 7 97 89 86 63 21 21 73 51 44 91 68 39 52 53 57 1 7 44 93 32 60 87 60 6 22 59 88 72 9 19 78 5 60 63 20 32 83 92 83 78 34 2 69 38 55 25 38 13 21 30 97 32 69 56 38 90 
15 77 61 23 47 90 27 6 52 98 38 87 90 72 16 75 73 84 12 79 61 49 92 81 79 88 64 99 43 1 88 57 29 100 31 76 89 10 81 92 7 70 78 48 41 46 23 66 29 86 44 41 35 35 73 65 22 37 63 17 89 2 73 18 1 56 93 41 65 25 32 71 95 62 71 35 7 93 52 87 30 96 28 64 30 100 80 4 36 94 20 77 95 44 94 47 99 86 87 15 62 19 86 56 80 8 43 
38 100 94 24 29 41 51 45 23 51 76 26 38 70 97 14 16 40 7 63 91 44 1 5 6 71 42 13 2 49 55 39 100 1 63 81 41 65 77 63 15 52 40 5 21 36 70 89 28 29 3 70 72 3 74 29 26 68 94 27 68 100 18 20 100 32 100 93 96 76 7 63 27 99 67 100 34 36 40 13 64 42 82 88 96 8 68 21 27 61 100 94 61 17 13 60 48 64 4 95 39 11 57 18 9 23 69 
94 11 60 59 26 1 40 13 48 47 33 69 25 93 20 19 53 88 83 65 87 47 20 81 37 82 38 6 42 12 26 36 74 85 94 100 37 85 64 85 84 96 5 8 41 24 78 93 63 61 9 49 59 29 81 47 10 18 53 52 82 30 39 55 15 84 6 3 68 22 87 51 69 91 11 9 66 88 54 28 100 62 28 58 90 9 5 52 78 9 3 59 38 93 66 4 76 23 7 43 44 45 46 13 36 8 21 
53 95 74 33 47 88 60 4 29 20 60 80 98 20 34 8 10 26 73 13 1 96 71 96 91 16 41 3 3 100 76 55 46 49 39 92 88 99 48 17 70 7 96 67 79 30 75 88 7 99 100 8 46 23 55 37 38 47 39 92 46 14 98 91 15 37 83 2 87 30 18 56 88 66 23 66 47 49 53 53 47 5 12 93 27 66 29 16 12 19 7 57 85 4 48 99 92 82 100 78 11 70 86 50 35 60 16 
81 8 20 33 6 24 97 50 2 62 30 69 74 49 75 82 33 31 29 83 74 62 82 4 24 3 89 74 37 48 89 69 7 60 54 12 84 50 62 37 11 91 6 36 91 32 18 23 14 98 5 40 60 39 43 83 41 31 56 30 30 96 98 36 56 51 99 91 100 60 79 11 3 84 98 93 68 15 68 33 13 72 72 72 62 14 6 55 96 14 84 25 9 81 12 16 84 11 58 83 70 37 45 72 72 43 17 
91 9 84 24 21 7 95 44 69 61 2 23 56 15 6 33 75 38 44 91 21 54 48 56 76 36 52 99 8 46 15 98 55 98 73 27 5 68 71 25 28 24 47 35 38 4 67 12 93 11 54 66 64 54 21 39 89 24 90 48 70 4 98 76 54 70 2 58 89 24 34 68 47 80 3 36 35 69 48 27 31 53 92 47 6 64 85 47 40 26 94 61 30 43 36 83 13 89 92 53 13 25 21 11 56 75 47 
90 95 46 68 26 50 12 72 56 27 8 2 66 34 47 26 63 42 13 97 6 2 88 58 14 64 30 76 19 4 74 60 99 19 27 24 69 90 95 76 17 54 29 82 87 27 60 1 68 72 97 73 25 36 31 90 99 60 66 17 16 39 28 14 10 55 89 30 96 83 57 12 88 85 46 75 63 57 75 31 28 24 3 5 59 85 94 58 97 59 26 12 50 54 77 11 60 65 92 55 99 48 19 86 84 64 60 
46 20 87 76 99 10 31 3 20 67 49 29 15 59 55 78 8 60 54 70 71 70 61 77 68 8 95 54 91 10 65 89 29 3 64 80 64 46 34 84 65 82 12 79 41 18 57 100 29 62 70 99 32 30 28 99 90 22 4 80 32 21 68 12 75 84 43 39 81 77 74 45 10 37 76 2 7 84 2 35 45 71 86 28 52 13 79 41 86 34 73 69 54 92 81 81 27 23 71 8 51 96 4 61 32 31 62 
90 14 15 77 11 37 62 38 89 26 68 81 63 2 53 32 7 45 12 87 23 86 57 30 37 4 86 49 36 16 62 77 82 77 53 44 13 66 81 53 43 49 34 6 2 86 37 8 82 100 47 5 85 55 86 73 59 23 73 46 91 35 22 72 63 27 15 75 92 47 80 87 47 13 92 48 98 80 8 32 79 54 88 15 8 25 88 66 48 60 11 38 46 85 61 8 11 27 35 54 25 14 40 72 78 83 71 
75 62 30 58 40 83 45 7 43 70 94 8 69 5 71 58 3 7 18 62 17 96 96 22 20 61 62 43 38 44 14 65 58 43 74 49 78 71 55 20 40 100 79 60 57 1 17 59 7 34 72 75 81 20 97 100 80 10 43 70 5 8 34 62 2 59 11 31 29 17 50 20 17 81 79 25 33 95 35 40 80 6 66 60 25 14 12 57 23 6 26 28 13 11 41 66 69 3 97 98 20 98 17 88 30 48 64 
63 94 98 2 74 3 19 85 80 33 48 36 55 53 61 34 17 71 27 83 91 29 31 88 100 80 57 39 10 4 2 72 97 99 25 22 54 43 59 33 27 6 68 34 11 80 67 27 2 93 61 92 74 43 32 73 23 88 12 32 43 13 55 91 64 31 65 17 73 23 1 52 80 20 85 90 99 51 17 100 96 77 43 69 72 74 93 94 13 4 77 7 69 31 50 32 61 14 100 85 36 100 36 15 19 72 5 
69 23 73 20 70 1 14 90 72 40 82 17 4 38 93 11 58 75 60 89 87 25 40 72 12 91 59 26 61 83 82 29 57 6 100 26 7 13 15 30 52 48 47 56 37 39 18 94 14 29 34 100 53 73 23 64 63 34 41 23 16 75 51 72 80 2 49 38 15 15 68 18 14 14 73 51 4 42 44 69 70 78 69 74 50 43 89 65 28 30 87 95 4 90 18 35 91 66 73 57 32 40 75 46 5 99 96 
8 41 39 77 10 68 97 36 18 91 24 82 19 53 20 65 8 9 83 95 52 100 67 8 32 58 82 77 62 81 72 21 21 62 97 82 30 45 17 99 36 93 32 6 97 51 70 5 60 52 51 11 52 17 18 35 74 52 11 87 32 82 7 4 43 56 85 24 100 54 22 35 46 53 40 42 4 62 98 15 13 48 77 16 16 46 50 41 97 12 27 80 93 86 83 88 41 68 11 40 73 33 75 18 37 66 11 
40 27 61 54 92 60 82 59 76 28 61 68 24 72 95 56 17 32 38 56 72 57 18 11 29 2 37 98 39 55 61 78 81 21 84 24 80 17 83 7 44 95 75 20 66 21 75 34 52 64 89 23 21 7 85 49 8 74 99 98 28 59 76 60 31 11 36 10 79 18 69 23 64 43 94 29 15 20 15 66 83 3 40 3 61 76 4 21 49 2 18 28 12 45 40 42 7 75 3 86 44 71 8 7 13 53 87 
27 72 1 44 54 4 83 57 64 59 60 36 59 13 54 87 24 98 26 17 5 52 19 90 95 90 49 1 54 1 87 33 72 88 76 25 43 11 81 58 69 92 94 79 56 47 65 31 44 42 47 100 93 66 89 87 55 37 39 60 37 26 92 8 65 68 85 7 78 17 64 98 61 9 76 16 55 93 47 51 86 45 50 79 10 39 17 16 27 8 76 64 85 67 23 49 86 59 7 63 76 70 12 36 31 40 51 
85 32 49 35 17 94 37 47 55 27 16 71 53 23 46 68 7 64 91 7 50 1 13 64 76 34 28 11 64 67 14 49 50 62 35 18 7 23 65 62 49 32 32 2 6 29 69 12 44 11 18 45 12 30 9 87 15 36 50 79 54 63 79 3 76 13 20 35 36 36 96 36 19 79 37 24 7 58 35 50 68 4 47 31 85 55 70 100 42 19 78 47 33 56 49 60 20 20 94 7 8 89 43 26 67 31 50 
25 88 36 27 8 40 73 38 24 79 7 75 72 77 52 18 61 59 18 21 79 37 66 37 44 55 79 22 73 62 71 50 49 6 28 56 97 100 94 73 30 52 47 1 29 51 18 41 9 35 61 39 23 79 28 67 85 58 40 57 19 10 58 68 67 85 23 64 84 68 88 13 72 34 65 100 36 82 92 97 68 5 87 91 83 14 9 67 72 48 23 90 57 33 9 75 17 32 90 53 51 77 17 22 63 82 73 
98 15 65 94 83 69 81 73 51 46 81 69 17 28 43 7 36 75 67 10 92 98 100 96 1 28 12 74 90 93 47 88 8 63 33 42 83 65 14 85 11 46 53 79 73 95 37 60 70 4 69 13 53 20 8 53 48 19 27 37 64 25 76 23 39 61 64 21 77 77 5 39 22 57 18 46 51 54 5 72 57 25 84 10 45 43 14 44 62 92 32 77 68 60 99 6 20 62 26 48 90 30 87 63 38 4 8 
41 57 64 12 66 88 48 27 84 90 40 79 3 84 11 79 51 70 77 57 41 90 34 88 79 64 74 41 53 29 100 93 38 15 57 3 55 56 29 90 45 20 69 100 55 31 78 6 52 7 14 92 96 47 31 27 62 57 67 15 85 19 7 74 33 15 76 39 70 56 29 67 76 97 66 30 79 95 87 30 1 100 73 97 99 55 23 60 11 41 74 48 11 33 21 96 99 49 34 69 4 62 35 31 10 52 13 
88 46 99 17 99 51 41 95 49 96 69 60 6 61 86 5 24 18 78 19 16 26 52 36 81 66 22 12 75 25 24 15 71 74 31 69 76 24 15 76 19 35 36 76 47 21 81 70 90 10 40 57 35 44 93 15 9 66 78 35 91 53 49 61 79 32 81 54 55 47 82 73 33 17 48 79 89 80 1 30 89 40 86 75 83 30 42 43 96 19 78 86 24 78 98 2 61 30 7 15 28 88 39 60 56 39 38 
96 70 38 25 59 78 11 85 12 92 26 55 87 97 32 24 20 61 73 21 22 54 27 36 81 15 27 40 22 17 30 18 86 67 42 96 96 4 81 8 96 6 14 34 2 45 58 21 5 82 93 26 36 20 14 68 86 92 60 7 8 89 76 93 7 18 89 3 73 69 62 68 26 75 2 28 71 11 100 27 44 93 5 31 64 18 99 1 9 58 59 68 98 35 12 4 52 100 58 76 20 71 44 98 45 97 77 
67 7 76 94 2 20 98 33 83 67 83 83 27 92 42 94 89 28 5 92 31 57 2 6 28 72 49 25 17 45 53 35 3 81 28 5 100 25 89 35 91 71 69 17 62 62 62 50 89 67 93 19 75 94 25 2 66 25 79 34 22 31 68 76 11 96 80 63 72 20 97 15 90 17 83 51 79 45 52 67 63 45 38 89 38 14 42 55 90 20 88 11 3 56 87 65 3 18 79 26 38 27 40 79 44 75 30 
22 71 81 40 33 25 29 21 15 94 62 69 84 34 9 46 88 16 84 4 18 2 35 95 91 61 35 69 4 61 50 77 31 83 69 63 59 97 35 73 91 48 94 74 33 2 71 72 17 55 28 86 8 62 80 98 22 66 18 78 26 20 54 56 2 22 70 60 71 56 33 13 4 78 38 88 79 8 12 47 62 39 32 69 100 11 18 73 77 88 50 2 7 56 10 8 29 79 19 99 35 3 63 90 80 100 29 
10 8 40 56 21 30 87 90 29 50 59 54 26 46 3 79 4 58 88 11 39 19 82 37 5 84 52 46 16 51 74 25 58 66 33 79 95 19 20 76 68 78 29 45 76 31 76 79 41 63 42 31 33 23 67 37 58 18 82 73 21 8 50 30 73 82 8 19 100 79 94 20 9 22 16 84 5 91 62 97 6 3 27 38 25 45 27 83 15 60 7 35 67 56 64 91 37 24 10 89 54 3 8 62 77 23 45 
33 66 7 81 71 9 7 60 86 3 38 20 17 98 26 3 16 82 19 7 18 94 68 6 47 22 65 9 98 40 53 82 57 11 62 27 72 20 38 57 23 76 28 91 25 53 94 40 86 64 98 56 57 65 13 3 87 78 63 36 69 68 18 25 30 31 3 1 51 40 9 73 67 36 15 91 41 60 83 26 23 80 81 79 97 46 34 83 75 48 70 43 15 39 19 45 70 21 97 20 12 6 44 31 93 58 73 
85 18 55 11 92 87 43 23 35 88 8 69 62 55 38 56 22 77 74 18 98 46 14 69 58 71 12 40 16 21 12 100 90 19 62 82 57 5 4 91 44 11 59 58 17 96 65 38 24 39 55 73 36 21 41 45 91 4 84 6 25 48 6 66 66 67 99 22 23 54 64 19 64 22 28 33 69 92 70 45 82 77 17 18 97 10 14 87 13 98 45 89 45 2 55 62 20 5 35 43 59 98 13 74 71 92 6 
91 83 28 35 17 4 4 86 100 13 99 38 77 96 34 66 92 35 72 5 55 76 91 49 34 88 61 8 10 52 65 1 86 92 87 2 95 42 87 46 6 38 84 83 85 69 100 29 4 71 33 58 98 24 6 32 63 18 91 25 21 55 77 58 47 15 12 93 57 50 39 62 87 74 96 72 42 95 100 45 65 84 54 63 7 11 46 22 80 88 46 100 42 22 10 40 88 21 33 44 70 71 58 57 96 53 80 
37 48 79 34 12 62 87 26 21 98 23 94 77 10 39 29 52 12 38 91 99 10 23 95 79 45 52 87 40 4 66 29 51 96 62 15 10 48 92 82 97 15 75 26 24 65 6 27 76 43 70 26 4 92 20 34 89 23 21 28 27 38 8 29 86 69 95 47 69 87 28 17 1 2 42 76 66 47 55 93 41 24 70 44 67 42 78 55 64 50 35 42 39 42 71 76 63 17 22 31 3 49 47 55 2 41 83 
19 87 37 11 80 60 81 23 78 22 52 33 37 53 19 79 44 12 1 71 74 17 93 4 20 93 3 26 47 43 8 65 81 96 76 60 55 8 35 33 81 38 17 17 91 87 95 86 98 47 56 72 64 100 27 35 93 81 60 91 23 20 55 56 15 82 15 22 89 1 6 69 39 74 86 81 60 32 18 57 79 73 80 42 73 59 28 17 39 39 7 14 58 13 69 25 95 35 98 83 88 3 4 26 76 89 58 
87 72 75 95 50 99 75 43 23 33 22 91 23 61 49 36 70 62 56 46 56 91 43 90 30 45 93 7 72 33 64 10 57 90 5 58 40 79 1 63 63 74 5 85 34 54 21 56 67 28 1 74 70 44 63 99 40 8 5 64 40 20 73 96 9 77 54 49 7 6 63 69 31 19 6 65 24 26 72 90 5 72 63 75 15 26 73 7 33 78 70 24 97 42 72 58 19 77 58 77 82 72 46 12 90 51 28 
14 28 99 55 32 23 18 6 37 95 31 43 79 60 64 2 8 6 73 17 76 1 74 52 82 97 49 46 87 51 25 52 78 24 6 62 98 75 19 34 69 1 29 47 60 92 1 68 49 25 84 76 26 10 80 59 6 28 4 44 79 81 95 8 56 53 21 53 79 40 86 48 40 66 46 52 10 98 19 10 23 54 86 100 15 65 58 21 44 14 64 74 94 11 82 49 15 54 53 93 93 90 92 85 56 38 88 
17 35 58 26 9 11 63 60 26 79 18 98 23 83 13 96 28 75 29 28 89 83 80 34 27 69 25 63 76 14 50 92 49 7 70 9 70 84 69 47 63 38 44 37 20 8 32 99 83 13 26 71 95 57 4 73 25 81 88 1 94 37 44 94 96 65 3 17 49 23 63 11 60 58 99 31 65 30 81 47 94 58 70 40 14 73 13 38 53 52 90 99 88 34 92 35 50 46 51 98 68 13 60 79 22 58 61 
87 40 41 85 33 98 54 25 11 79 89 1 31 40 90 29 27 75 73 14 77 18 64 74 86 29 86 16 2 43 77 88 34 17 25 19 67 78 43 29 56 31 29 39 22 71 19 100 97 91 13 73 9 29 99 46 57 84 61 58 78 37 98 12 6 22 82 24 99 24 52 7 6 33 45 27 3 63 78 51 54 91 24 14 19 22 59 27 57 19 36 34 8 33 45 65 6 26 88 57 1 39 63 58 23 7 36 
25 21 14 76 26 4 51 39 74 24 49 100 80 20 35 13 27 20 10 91 25 87 30 81 88 20 43 97 43 1 33 19 22 46 46 47 1 96 38 74 71 86 73 50 5 59 15 31 78 24 73 55 10 54 87 49 74 82 98 68 82 30 86 55 75 32 54 75 79 91 100 50 76 24 51 81 82 65 63 12 40 88 18 2 41 4 2 66 37 99 33 19 28 19 25 54 2 78 80 80 20 79 81 96 2 84 28 
36 48 42 99 88 81 16 41 22 71 42 39 8 41 72 78 68 42 54 22 95 84 53 74 3 32 7 50 85 90 77 72 89 71 70 28 51 37 68 24 60 10 63 19 50 86 48 69 79 1 42 73 84 95 98 87 26 4 36 62 45 65 34 34 35 55 61 85 44 29 9 3 90 23 21 39 8 68 59 86 20 1 58 4 95 55 42 72 11 77 85 55 93 18 40 27 25 1 64 68 81 24 22 70 46 94 60 
5 13 18 42 32 70 51 87 64 57 28 87 67 57 72 74 49 89 13 28 65 65 43 84 45 66 5 66 63 98 77 67 62 47 60 94 16 10 80 32 66 60 18 33 68 89 58 16 30 70 95 94 87 37 78 31 54 34 49 16 84 25 34 45 23 93 38 39 2 70 70 20 81 39 52 48 28 61 15 57 82 10 2 68 98 31 99 4 65 99 19 48 75 5 92 98 97 82 88 51 3 9 70 83 47 73 30 
74 33 44 82 14 5 84 34 55 66 84 58 30 82 28 29 56 32 73 5 81 6 92 83 8 52 52 90 99 76 71 24 60 66 6 25 71 41 58 25 6 41 34 88 22 61 16 30 93 40 34 25 45 78 7 52 29 58 93 79 85 15 3 44 81 60 68 3 52 26 79 57 66 12 96 40 72 12 69 16 3 54 40 48 83 46 51 64 55 44 42 39 10 96 82 90 55 2 92 6 27 22 15 44 33 10 35 
5 73 3 20 76 9 60 75 43 5 25 6 12 68 100 50 78 95 32 19 2 33 63 59 11 84 25 6 17 87 41 73 59 95 92 86 3 3 60 98 60 85 3 71 4 54 20 33 1 3 52 54 87 66 12 97 49 89 55 17 75 95 89 85 89 33 71 92 87 82 41 46 66 43 68 22 49 88 54 49 42 57 2 29 22 65 77 23 5 31 91 79 25 80 64 66 64 86 9 50 67 49 96 85 43 63 6 
91 2 11 39 96 68 92 76 41 9 4 15 13 35 6 92 11 37 7 28 100 92 36 1 10 84 48 94 27 63 99 17 64 62 8 11 81 99 86 73 59 90 88 72 76 45 63 38 81 21 66 32 12 1 32 21 37 80 67 63 42 17 31 57 78 38 68 58 89 5 31 47 94 70 18 69 14 32 59 94 4 24 77 67 76 8 88 12 39 6 74 32 22 5 89 100 94 8 9 34 12 91 81 58 60 50 78 
73 34 36 18 37 11 46 4 87 54 43 50 44 48 24 76 21 80 16 72 25 23 81 59 86 23 91 43 83 92 73 7 25 8 77 14 71 22 69 9 27 63 58 71 62 33 46 82 64 61 54 89 35 86 99 20 8 41 15 42 32 87 49 9 46 25 74 16 98 42 76 25 56 34 95 17 66 92 98 82 52 3 70 86 88 20 57 48 60 71 89 43 9 89 51 7 13 76 74 11 17 50 87 72 83 81 40 
100 72 38 81 75 92 2 12 32 73 68 79 84 91 19 27 51 8 29 57 20 5 31 82 73 80 68 45 14 100 36 65 71 73 46 97 65 99 8 96 72 76 26 55 18 44 33 68 51 62 25 23 66 55 56 38 86 76 34 51 75 70 15 98 94 12 94 10 11 2 57 34 29 82 88 46 78 73 13 80 34 37 2 99 43 10 88 80 85 74 30 11 43 45 8 88 56 54 98 18 55 6 51 83 40 91 80 
17 63 92 96 96 81 50 46 75 11 85 55 47 58 36 57 52 32 17 92 40 70 89 57 24 46 60 58 85 50 37 1 64 80 49 11 12 50 56 87 12 92 93 58 50 28 14 53 12 82 44 51 51 84 59 26 30 18 83 14 19 71 67 82 3 67 92 14 68 99 52 31 91 44 88 92 24 53 96 35 35 92 37 85 75 95 11 56 13 45 22 83 68 40 65 22 6 8 35 25 7 39 55 49 82 94 92 
5 46 39 91 32 30 27 17 5 74 79 12 38 75 33 20 94 72 36 15 29 44 2 53 2 40 59 2 73 52 45 78 50 83 20 81 13 99 49 69 72 27 80 9 54 13 28 47 84 64 62 65 59 15 69 60 54 28 13 26 31 57 55 80 39 27 13 51 25 61 19 96 40 51 4 93 63 83 39 98 98 52 62 56 66 31 67 71 10 79 49 40 35 3 72 74 81 84 76 5 96 47 100 35 97 55 79 
59 90 70 56 87 21 70 95 39 100 61 61 9 40 9 100 26 64 71 51 44 6 27 49 54 25 100 40 21 7 19 31 96 88 38 34 60 7 28 50 58 41 11 18 32 71 18 57 34 40 8 30 98 86 30 51 10 81 42 82 87 60 12 34 99 49 20 59 8 47 8 65 39 18 83 70 89 52 27 74 91 86 3 40 23 32 42 32 13 84 65 51 43 76 37 42 76 56 52 35 54 59 52 93 29 86 62 
69 37 40 94 79 77 97 19 99 80 60 82 44 43 46 47 38 73 83 31 1 38 82 35 91 40 86 83 20 71 97 40 59 88 34 38 65 82 8 15 13 19 97 9 14 94 55 51 67 37 81 67 26 14 53 68 5 39 3 25 61 99 64 72 86 49 9 2 30 68 17 43 86 13 51 51 58 57 1 24 45 33 42 70 46 95 37 51 85 39 27 45 89 42 16 27 91 76 80 20 95 96 14 33 60 16 83 
18 72 36 93 16 68 35 37 66 81 26 16 65 16 94 61 5 35 29 83 25 56 62 97 51 10 62 83 69 78 17 38 1 52 31 69 20 17 57 37 97 82 4 61 98 97 21 54 31 1 36 8 57 49 4 7 58 17 41 79 46 57 16 47 9 98 67 80 14 23 16 10 57 19 70 6 15 43 59 97 43 46 4 51 46 59 57 4 76 49 34 21 6 49 19 66 47 85 45 12 60 12 22 16 30 43 21 
96 85 31 92 80 28 96 30 73 6 39 28 81 39 61 2 44 62 72 61 8 57 57 71 68 68 92 35 49 35 7 44 71 37 36 2 16 83 32 88 88 22 16 21 60 76 74 56 37 45 16 96 1 25 67 20 92 10 54 41 44 60 36 67 48 71 68 63 5 51 3 93 72 18 65 84 45 38 39 34 82 6 81 35 82 99 54 74 9 60 66 4 71 1 22 19 24 90 33 28 40 35 72 64 4 36 99 
1 73 37 86 7 94 66 41 76 17 94 1 25 53 18 80 24 70 2 94 45 43 78 25 82 65 48 97 68 84 95 20 8 83 5 14 29 71 6 56 87 100 8 63 4 25 94 79 46 95 24 91 37 2 15 71 66 14 19 85 97 14 5 57 48 61 22 76 83 28 31 69 79 38 83 34 14 77 65 60 23 88 2 12 41 68 34 6 81 52 43 30 17 99 38 65 59 11 40 42 38 23 62 68 60 97 54 
26 25 18 85 99 57 38 10 98 57 95 55 37 47 97 18 63 47 55 79 58 66 19 51 55 41 12 23 52 60 28 77 84 45 13 35 1 2 96 98 58 91 5 95 89 1 12 51 100 19 82 57 84 100 7 38 92 70 12 95 30 39 72 65 35 36 99 36 38 47 85 95 37 89 41 25 42 53 27 93 71 8 49 6 59 7 43 2 76 7 97 57 45 20 74 32 7 24 67 44 70 3 91 6 44 31 82 
37 35 9 29 5 68 77 62 27 35 5 80 10 11 28 19 7 99 92 38 6 15 56 1 85 11 91 42 54 22 24 42 56 84 70 13 51 98 74 29 32 30 9 93 92 88 11 51 87 54 40 92 69 96 92 5 58 35 98 63 56 21 4 63 56 73 27 7 70 53 87 53 82 47 45 26 35 8 76 21 61 15 64 29 62 7 85 71 41 83 33 96 55 36 11 11 60 89 69 81 41 55 33 75 54 30 100 
88 37 27 60 97 93 75 78 7 81 14 77 22 48 10 69 3 97 79 65 9 68 85 89 60 91 74 34 44 55 85 83 91 63 94 87 56 68 16 62 49 30 38 70 77 99 38 31 48 69 47 56 88 31 96 99 74 21 33 17 75 69 52 17 32 45 56 39 13 71 100 61 52 89 82 29 40 71 11 87 91 58 94 78 40 41 29 13 62 13 82 88 81 33 5 64 77 60 2 41 82 53 53 34 42 34 14 
33 57 24 19 47 81 64 77 21 4 5 85 17 17 66 57 49 98 13 13 27 72 66 19 5 19 72 90 12 57 3 44 13 27 14 12 59 77 88 31 32 44 68 1 12 33 57 12 83 69 76 61 92 42 79 96 60 2 86 23 59 40 66 23 18 79 86 29 7 73 11 38 68 78 38 79 11 94 91 93 14 66 5 5 59 83 53 70 85 90 92 95 29 57 69 99 87 55 27 93 79 37 83 47 15 20 77 
77 66 19 21 79 37 25 36 95 59 88 17 43 77 8 89 57 17 58 55 3 12 81 48 42 70 30 88 36 1 17 12 18 35 84 49 23 8 84 70 18 23 86 61 99 93 1 7 61 10 62 64 73 94 63 15 15 44 2 50 96 70 13 14 57 48 14 79 7 49 48 25 71 33 85 21 78 37 27 38 47 40 53 19 34 15 33 48 58 87 50 6 8 14 71 64 62 84 43 68 32 90 92 2 75 28 74 
52 65 100 89 63 40 42 81 25 8 66 24 18 4 73 23 11 39 93 75 100 76 69 19 59 58 11 12 84 90 85 35 54 36 76 68 27 69 1 51 76 18 75 45 21 99 67 83 89 11 57 88 38 77 7 48 87 69 59 70 58 95 57 64 31 32 31 57 52 83 60 79 100 86 24 20 36 42 55 25 53 63 64 42 40 22 90 26 90 48 95 100 95 51 63 25 34 45 33 85 28 44 64 27 29 87 99 
65 28 53 41 32 15 4 26 6 26 15 31 15 14 26 14 8 28 28 84 62 25 17 46 52 12 61 30 41 47 80 57 27 84 97 10 99 100 35 56 77 1 87 92 15 12 57 74 91 37 58 52 61 26 50 64 37 10 93 29 9 73 85 87 8 81 96 58 33 83 14 9 83 100 52 49 63 61 23 53 97 32 5 57 9 6 72 97 15 64 26 75 88 62 61 96 43 9 53 27 43 66 35 25 17 39 26 
79 99 100 32 47 83 88 3 91 45 26 87 11 89 64 86 29 26 98 24 20 6 28 46 48 46 32 25 62 22 50 41 20 1 24 66 83 11 20 73 55 45 11 65 86 27 2 14 4 100 89 23 57 68 20 5 13 3 81 75 25 82 67 96 82 90 62 64 52 33 88 58 78 50 22 15 28 76 28 31 75 68 53 31 35 24 87 48 27 67 74 3 100 40 98 81 81 59 96 32 44 35 89 73 37 62 87 
64 37 66 95 63 33 99 46 67 75 32 66 1 51 91 55 50 30 52 83 62 63 30 93 6 65 81 78 1 95 16 64 31 81 10 46 13 61 91 31 35 22 49 87 24 39 41 26 21 44 60 82 6 89 27 63 53 7 92 5 53 7 21 84 39 82 29 3 42 71 86 28 92 34 14 68 24 6 45 44 50 4 78 7 92 4 22 97 62 13 53 15 72 73 50 10 55 30 65 48 100 50 76 43 83 89 62 
58 47 6 2 96 9 31 2 1 34 23 49 47 88 1 13 11 74 62 72 80 43 36 79 42 85 54 37 19 95 98 77 41 4 30 36 64 60 89 64 45 64 64 91 3 65 4 13 90 17 84 21 60 72 99 53 8 53 41 27 47 39 55 87 94 84 74 57 95 14 73 39 77 36 81 31 52 36 43 41 5 79 61 64 50 60 68 9 64 9 35 62 99 89 100 44 24 73 100 18 38 24 8 67 12 41 97 
63 76 92 56 32 22 68 95 23 79 15 31 42 75 66 3 25 6 54 68 82 26 19 51 16 43 59 82 54 99 30 68 26 21 23 58 42 91 4 64 69 70 95 63 44 12 17 20 69 71 87 50 48 6 1 63 48 11 96 53 61 26 20 38 46 43 47 40 85 51 3 5 72 49 67 68 60 36 87 29 6 74 30 5 31 82 68 78 92 15 82 52 40 1 42 86 95 88 77 31 38 79 36 62 28 54 29 
39 89 67 19 46 40 49 51 22 30 70 51 74 84 32 77 24 33 18 61 79 6 37 10 95 67 45 56 46 98 36 37 39 3 55 84 94 55 86 16 37 55 66 10 39 50 38 14 82 56 26 12 61 62 21 7 80 17 63 26 67 50 62 5 52 68 40 98 75 26 65 11 32 82 72 70 31 9 35 64 64 60 76 76 73 48 83 53 65 97 30 83 46 43 39 50 10 78 47 84 55 11 46 87 92 17 8 
23 26 95 38 41 54 13 17 27 61 51 31 77 47 60 59 92 2 97 41 63 26 39 99 33 1 44 19 93 61 78 67 38 72 4 30 78 69 98 56 81 48 86 57 46 97 67 90 50 15 30 12 40 21 62 72 21 6 42 13 18 72 31 7 43 87 36 72 55 34 27 87 33 64 43 79 60 61 68 61 75 49 25 66 69 86 38 42 91 31 6 60 2 37 66 97 75 2 68 81 87 47 67 71 10 61 1 
22 21 20 82 47 21 58 12 41 44 49 82 86 32 88 46 33 24 63 81 50 16 49 30 54 47 96 25 56 56 25 29 28 97 63 74 17 20 85 57 63 86 39 1 17 26 46 1 1 60 82 50 76 82 31 29 28 26 53 35 33 30 64 60 26 78 85 94 97 21 50 12 6 40 12 74 17 9 75 69 68 56 18 43 89 100 24 16 25 76 50 9 57 65 20 34 94 4 27 91 25 29 54 82 68 65 56 
37 25 30 5 44 37 23 39 25 74 62 92 99 37 93 59 46 58 79 79 51 34 58 93 10 86 46 44 5 62 99 41 38 80 46 82 68 20 20 44 93 33 35 43 21 27 54 66 36 32 45 39 17 54 31 79 39 29 22 95 42 20 36 32 51 33 65 18 52 36 61 96 68 95 91 88 73 44 54 9 27 50 47 43 3 29 73 93 9 94 39 3 65 74 86 67 58 50 84 61 85 96 57 52 42 99 39 
15 42 44 75 68 45 73 62 47 53 35 91 62 80 30 16 97 55 1 63 65 2 47 25 86 94 33 89 36 31 79 50 72 23 76 39 67 48 53 66 100 39 8 13 18 37 28 14 44 80 29 8 81 27 32 18 20 17 6 55 47 85 56 19 59 31 9 25 78 13 42 78 51 50 90 69 38 70 34 81 1 62 40 82 88 24 99 60 40 57 14 86 41 70 56 51 52 17 75 30 29 17 59 80 18 48 100 
55 69 85 88 70 99 27 3 38 50 53 97 89 9 63 27 1 84 82 51 35 50 78 64 79 46 74 10 63 22 61 17 42 97 4 11 47 83 13 85 32 66 33 21 26 95 99 27 30 80 77 65 82 54 80 60 51 54 21 13 27 33 82 20 29 37 31 76 19 95 12 51 12 96 23 38 43 21 16 72 52 44 88 33 50 68 92 100 73 64 13 51 48 94 70 77 30 52 4 49 47 67 51 10 62 73 99 
4 93 14 28 44 58 15 77 7 34 20 6 6 36 70 8 83 63 78 11 45 29 14 45 27 32 95 89 94 19 87 49 11 1 76 6 10 43 82 16 76 54 73 34 89 43 41 23 57 70 34 53 51 99 97 77 31 43 17 76 61 4 76 23 56 52 29 65 46 62 32 21 67 56 54 7 50 47 30 59 16 63 11 66 13 60 95 95 2 11 70 15 66 46 37 21 49 17 37 94 79 20 66 97 28 20 4 
77 66 33 35 33 47 98 99 59 57 93 54 10 55 75 76 21 72 65 41 20 81 30 65 11 1 31 8 28 2 11 57 19 43 43 51 41 40 1 99 48 93 4 58 100 31 33 20 2 97 12 74 30 93 38 40 94 20 99 73 73 9 29 91 3 72 94 43 63 46 94 11 91 49 68 90 79 52 9 81 1 20 6 30 13 95 21 58 15 20 30 39 80 59 82 35 82 75 77 44 20 22 6 10 23 25 51 
1 77 59 33 29 31 90 58 95 85 30 52 51 49 81 89 81 91 70 15 72 96 43 68 16 65 73 77 39 98 80 39 26 38 24 54 20 13 63 14 97 92 65 99 93 98 88 73 88 57 87 12 53 81 31 20 97 3 48 35 52 27 26 77 17 49 82 36 13 44 50 62 88 66 60 80 15 47 4 55 56 42 66 8 22 48 79 19 2 78 53 54 5 78 82 73 78 64 8 91 59 9 4 46 27 63 25 
41 62 28 95 17 69 12 76 43 11 6 61 13 83 13 18 39 43 99 11 20 14 71 62 73 79 17 18 57 80 95 98 93 74 44 61 95 8 88 37 18 93 97 30 27 61 47 66 55 98 28 27 11 98 88 83 29 57 53 85 36 47 82 80 72 78 40 66 85 79 2 2 23 50 84 49 11 30 14 17 27 94 43 90 91 83 24 19 39 76 4 74 74 37 5 46 14 96 63 98 74 65 100 96 66 35 96 
76 64 62 93 43 55 87 84 45 69 7 64 7 35 19 32 60 55 36 57 69 83 20 66 56 36 17 3 1 51 99 29 67 12 73 61 66 59 44 10 28 2 25 34 36 43 66 48 98 53 4 66 36 75 83 43 10 52 98 11 54 48 91 72 59 63 32 24 21 27 85 100 29 10 86 16 52 3 63 49 55 19 66 42 93 49 37 3 100 34 65 5 33 55 77 43 69 8 66 41 87 50 41 67 11 26 82 
63 80 97 11 34 67 77 28 59 77 64 13 28 49 29 32 81 35 8 23 3 68 40 44 6 41 36 72 52 13 53 14 92 1 76 77 67 4 4 78 80 19 42 7 67 71 91 99 5 50 73 60 17 64 55 74 5 42 45 8 54 50 21 97 50 48 73 69 52 29 98 31 99 39 90 18 61 32 16 18 81 41 29 50 4 83 23 60 24 68 67 29 17 39 25 18 87 49 38 38 29 35 20 28 26 61 45 
86 92 12 55 73 52 83 22 8 17 96 67 40 63 34 68 79 72 44 49 10 45 86 99 73 73 19 52 98 31 48 35 75 60 42 99 63 24 72 70 41 67 37 32 30 22 52 60 93 95 8 3 91 46 1 16 18 71 67 67 54 15 53 28 26 94 26 88 18 97 58 10 63 46 41 44 67 92 4 11 39 63 65 81 8 18 96 77 88 63 95 93 29 48 20 54 41 97 93 10 45 2 19 60 47 60 3 
65 3 58 28 93 21 92 74 80 9 21 9 49 83 3 41 63 50 13 16 91 9 61 100 6 62 71 65 61 82 67 25 36 25 52 29 97 96 54 28 4 74 36 4 9 91 45 71 92 9 39 34 69 99 86 74 12 56 38 72 37 57 97 72 33 100 52 29 95 57 8 51 83 96 54 91 86 50 13 77 58 3 11 79 1 96 52 13 3 90 84 39 98 32 62 30 84 66 10 30 22 17 80 4 12 86 46 
49 87 59 26 97 61 88 75 14 35 78 78 37 67 13 75 64 45 88 45 80 53 54 9 75 71 41 30 34 26 76 83 64 86 60 12 46 99 86 11 33 64 88 69 82 1 43 98 97 82 94 76 35 48 84 61 70 24 90 55 1 17 37 17 2 48 28 100 46 66 10 78 81 98 46 14 50 40 63 46 22 57 73 8 4 56 68 25 32 9 79 32 78 68 100 79 15 28 78 13 93 88 90 25 37 88 38 
86 79 1 31 52 57 3 59 12 10 78 36 41 39 14 25 16 81 24 46 96 3 24 60 47 63 49 71 99 88 9 84 67 61 66 70 17 20 81 80 29 10 15 22 48 28 98 15 9 73 61 56 76 36 15 22 98 15 45 96 55 5 79 73 65 96 42 33 15 22 12 95 84 26 16 83 5 13 98 65 38 10 72 13 45 38 86 42 53 82 89 59 86 19 31 50 14 72 34 28 46 45 22 81 22 90 63 
27 54 12 43 91 21 15 55 65 52 93 58 56 74 46 14 60 64 44 61 29 68 47 56 65 43 30 45 65 71 7 43 24 19 85 67 91 51 21 8 3 65 17 10 39 63 24 50 78 67 62 7 86 8 14 50 3 95 46 67 65 5 61 41 23 97 7 65 48 79 72 2 96 89 11 34 3 34 35 32 53 48 90 90 8 56 92 10 50 37 76 67 41 88 7 15 84 65 80 83 95 3 84 90 43 47 75 
45 80 61 29 84 9 18 74 16 73 65 25 75 53 52 41 94 91 99 60 74 63 91 9 9 94 92 99 36 90 25 33 70 86 13 5 46 30 30 13 55 46 37 29 99 40 69 44 30 67 3 55 81 46 63 89 39 7 39 26 96 16 10 17 53 22 74 98 4 3 10 58 1 98 86 99 37 6 94 18 72 48 72 4 93 87 44 83 93 35 61 88 50 70 57 2 44 30 51 47 32 60 56 32 9 41 82 
97 98 27 14 69 75 37 24 67 23 67 2 15 1 62 55 50 31 11 3 26 40 53 72 23 64 79 7 72 19 40 68 16 67 33 36 41 70 11 59 92 78 60 7 30 73 13 32 56 23 86 81 14 39 5 36 2 83 94 26 2 34 45 69 100 78 57 92 47 67 50 38 96 62 96 78 34 8 9 89 82 94 22 95 84 26 83 38 8 76 63 61 61 59 82 60 36 38 3 34 56 53 72 4 66 19 81 
51 79 41 92 60 34 13 7 70 38 89 7 45 16 21 6 29 31 87 40 67 76 43 100 31 47 23 86 12 42 66 62 72 6 5 31 92 17 37 61 54 77 19 51 45 91 8 73 21 46 12 39 21 6 39 3 52 13 89 63 6 54 77 77 12 81 60 3 50 48 15 55 25 85 5 21 75 12 45 47 57 8 86 29 14 76 32 65 88 20 80 94 25 56 22 36 88 81 90 89 29 56 44 5 40 48 25 
66 12 21 65 68 28 2 97 41 77 80 6 16 51 85 61 75 92 83 63 31 15 4 20 95 12 63 99 51 10 75 69 21 95 85 41 23 86 89 15 14 68 20 29 70 56 42 96 99 76 10 30 90 14 1 85 25 63 35 27 24 10 47 97 56 31 89 30 68 77 45 81 96 16 62 65 24 3 60 22 78 70 3 19 35 3 55 11 17 90 89 41 51 36 37 6 18 77 88 86 53 32 18 100 99 79 64 
22 33 75 96 10 96 50 81 82 53 35 92 69 24 81 61 26 68 49 32 85 25 19 22 29 2 40 28 100 70 43 74 3 70 21 64 65 70 96 47 74 31 90 95 6 22 7 32 89 56 15 26 32 33 47 61 86 38 88 37 60 31 62 14 100 82 77 16 4 73 14 77 55 4 23 60 25 30 91 66 37 5 91 68 89 89 28 26 79 16 63 38 98 24 51 49 58 79 64 61 3 78 89 57 33 64 17 
9 93 59 74 29 16 64 96 56 53 76 82 31 91 44 20 40 19 70 88 76 48 3 88 3 32 29 59 64 92 27 25 36 38 98 16 53 62 63 8 66 38 89 48 80 84 67 19 55 36 58 82 35 61 70 89 44 50 48 60 93 74 84 28 11 81 95 15 94 57 75 59 95 15 58 74 99 24 45 5 11 2 86 98 14 55 86 10 56 33 69 48 59 52 27 21 84 21 36 30 78 62 88 24 76 46 49 
74 21 93 78 32 47 16 29 12 22 14 21 78 99 41 77 57 44 4 29 28 76 16 57 5 77 96 28 53 93 77 78 14 21 8 97 67 23 25 31 44 90 51 21 88 92 98 96 87 53 25 14 28 40 22 33 17 70 12 69 14 40 98 79 61 5 75 27 27 51 9 71 93 60 43 32 3 92 28 89 44 4 55 24 95 28 8 11 49 71 31 63 11 29 93 71 33 20 49 12 22 58 82 14 69 76 46 
71 68 25 11 63 28 17 86 22 45 45 85 45 16 67 59 26 47 52 96 80 23 96 43 44 53 24 58 21 99 55 43 18 31 54 81 58 70 66 31 66 63 67 11 78 34 69 3 80 72 50 11 94 45 53 38 50 28 47 70 79 53 13 96 83 18 76 92 87 94 74 5 56 41 67 33 26 35 87 57 59 88 68 52 32 72 41 81 52 39 3 30 91 15 25 73 84 53 16 70 46 90 26 53 82 92 37 
7 79 23 63 37 10 82 40 93 6 81 26 57 71 28 86 62 42 62 86 25 14 54 46 11 43 24 63 24 15 99 82 45 73 44 81 34 78 73 27 83 5 52 39 75 31 24 36 72 85 74 48 51 27 45 61 21 20 76 44 35 26 25 79 99 20 12 84 97 84 62 31 88 65 69 62 95 44 50 18 81 75 17 31 53 14 43 73 33 18 68 19 44 44 98 94 63 61 77 12 44 91 42 83 55 63 96 
50 6 97 19 86 71 36 16 23 49 59 47 33 76 14 52 71 57 1 64 72 61 93 35 56 83 76 38 89 38 85 90 44 82 9 81 4 96 97 79 44 7 25 28 34 91 79 5 99 79 20 70 39 64 56 46 46 32 35 35 21 20 24 16 53 84 97 56 79 45 34 74 51 11 2 84 53 80 40 51 11 60 73 49 23 28 47 21 11 81 7 84 100 82 51 52 66 47 60 96 91 45 70 93 7 23 29 
59 54 68 62 64 79 34 65 54 13 11 74 76 91 32 59 43 65 9 46 82 8 5 78 50 2 99 43 8 21 23 67 26 90 80 90 69 13 6 22 77 16 47 4 58 30 14 100 94 75 98 76 82 2 53 83 55 3 77 63 75 99 81 100 89 60 89 9 24 46 82 52 61 28 56 19 57 69 70 2 43 67 77 76 21 81 59 75 83 35 89 57 34 69 57 74 80 97 82 3 43 63 7 55 42 62 25 
50 82 95 51 25 13 28 100 85 8 10 12 91 45 100 99 30 21 55 55 52 4 36 7 46 50 13 100 43 74 25 92 7 71 94 31 35 21 83 20 81 44 83 23 40 34 21 69 54 28 23 58 31 10 64 76 11 76 27 53 1 3 96 7 73 90 90 60 62 72 31 42 67 13 16 7 46 37 75 52 16 50 9 46 11 72 73 74 47 99 26 99 2 74 5 26 63 94 85 76 17 15 70 84 79 85 90 
25 73 16 76 88 17 36 85 80 7 57 53 5 56 30 55 9 55 59 86 69 5 71 45 73 37 14 56 16 50 97 92 75 65 19 14 33 54 99 64 12 55 16 68 62 98 22 22 52 32 8 21 36 78 17 9 66 82 16 81 31 65 24 57 81 42 71 13 95 21 77 6 75 44 73 89 93 46 10 45 78 17 17 13 46 33 73 12 14 41 44 96 5 68 53 85 9 75 49 56 95 77 13 21 21 38 9 
13 83 71 9 60 87 25 25 85 9 49 96 74 89 91 22 45 10 26 81 19 100 30 26 46 6 38 66 78 75 27 91 58 97 51 69 35 28 93 19 36 94 66 62 34 57 83 79 66 60 59 36 59 88 61 56 46 99 73 23 73 99 65 30 47 16 99 82 95 43 52 82 88 18 43 22 74 77 100 91 36 10 27 46 50 87 1 95 37 26 69 10 24 86 91 23 53 41 4 47 36 55 28 23 24 23 44 
97 51 95 40 87 57 66 84 6 4 37 52 41 62 20 50 37 57 92 59 9 33 14 55 68 21 35 90 44 57 86 93 7 32 32 45 88 97 29 45 100 17 96 92 78 68 93 14 24 85 73 85 17 86 39 84 6 25 25 50 81 62 42 40 46 25 36 33 21 64 30 72 80 25 64 9 44 56 23 20 40 47 4 8 84 94 43 90 19 68 91 51 81 84 42 26 8 78 59 80 93 40 51 25 64 66 33 
60 74 7 31 65 53 34 73 37 79 15 78 97 34 68 48 15 3 89 40 10 18 50 41 11 89 43 35 5 9 67 16 34 74 46 98 78 31 70 66 9 37 43 6 70 62 5 36 64 45 76 25 63 77 65 73 66 60 7 22 68 25 37 53 50 82 50 28 12 72 93 72 8 88 77 29 49 33 65 65 78 92 89 40 68 6 64 85 17 70 6 84 46 94 88 96 75 37 75 38 60 19 10 19 6 38 48 
7 71 64 71 48 55 11 39 74 68 2 59 84 23 64 19 68 58 6 15 84 95 89 74 54 8 35 73 65 72 20 71 94 35 41 93 89 4 31 62 71 84 72 7 6 36 25 26 45 31 40 80 77 81 5 30 40 39 2 4 63 73 27 56 7 19 49 47 22 79 61 45 15 32 51 20 19 75 97 15 57 89 95 33 69 99 15 8 90 16 63 52 41 89 7 47 8 7 46 81 86 6 25 52 37 75 71 
8 2 20 22 58 8 68 43 28 67 57 87 56 24 49 59 64 90 65 63 49 72 8 29 9 13 54 60 1 28 82 8 29 53 30 39 60 97 81 87 15 89 73 22 12 74 80 28 63 97 90 63 20 97 91 28 61 44 39 61 24 72 21 4 25 50 42 36 98 74 75 65 14 99 38 78 72 18 5 86 66 46 48 85 42 39 64 2 34 54 14 9 25 34 13 1 35 6 89 85 32 63 1 97 61 38 74 
85 7 30 22 72 75 70 8 68 60 71 21 45 24 35 54 1 20 18 53 55 75 41 91 6 3 91 55 16 80 28 100 87 10 21 10 84 42 18 4 53 40 24 98 64 10 3 16 30 20 68 36 46 9 78 52 63 20 58 78 99 37 29 37 46 2 47 82 43 16 85 48 55 60 45 70 70 47 85 51 18 53 38 63 13 15 66 75 86 75 5 84 12 33 21 57 86 67 90 81 82 26 28 88 86 24 58 
7 22 42 9 39 46 98 53 58 64 71 33 49 45 89 32 56 21 4 65 59 22 54 39 55 32 66 43 69 89 100 27 10 93 35 100 39 84 4 96 47 74 80 95 71 20 78 26 41 34 42 51 55 48 89 10 79 6 4 47 46 3 73 7 47 59 6 85 42 61 33 88 35 64 34 5 84 63 82 76 96 24 26 51 71 66 12 1 71 15 47 16 69 71 22 15 29 79 52 22 39 36 61 25 99 46 29 
34 8 63 9 4 38 86 6 60 51 17 60 21 31 58 88 51 28 9 17 8 87 68 81 26 3 41 50 54 86 31 87 93 45 48 48 82 85 53 93 36 21 52 8 3 9 48 53 88 56 70 47 95 89 27 20 92 19 21 97 4 3 35 48 47 82 48 80 19 52 72 6 73 75 65 27 35 12 80 22 68 1 20 62 89 46 33 32 64 5 80 19 60 15 19 58 48 66 38 66 69 61 71 41 88 36 68 
22 99 99 96 66 51 15 79 91 61 63 75 76 20 54 47 79 68 65 36 16 82 25 33 50 86 56 43 73 43 62 46 41 60 41 59 10 56 37 52 68 52 26 95 71 80 41 49 99 57 36 66 90 61 99 40 98 54 82 22 96 43 67 36 54 8 94 15 15 83 66 34 86 44 28 56 23 21 56 73 29 91 39 19 3 89 58 100 42 91 21 89 85 40 76 90 47 22 4 13 56 21 46 41 64 25 96 
38 45 3 63 26 93 1 44 48 89 53 47 82 43 20 70 79 59 97 68 57 18 23 69 73 95 66 13 11 90 60 100 87 62 62 12 7 62 7 54 2 59 52 83 53 71 4 31 29 1 50 85 18 24 5 43 70 70 7 80 12 67 80 98 80 93 61 38 7 67 91 8 77 95 91 29 65 46 11 94 46 60 30 16 35 35 58 4 56 64 36 67 82 67 16 62 59 76 99 65 94 42 25 70 36 15 98 
52 12 8 97 58 19 27 73 5 13 82 61 68 97 96 35 79 62 50 92 72 78 42 37 71 35 61 93 70 27 90 74 38 50 70 47 20 96 71 25 60 4 85 28 1 32 62 31 93 63 74 16 40 15 4 63 2 64 55 71 42 96 96 32 97 66 30 17 13 1 41 73 4 77 100 56 8 13 86 52 75 59 67 67 26 71 81 27 86 35 49 80 82 45 63 79 10 92 95 74 92 87 46 48 15 45 3 
22 9 89 25 84 99 91 2 76 13 82 54 51 68 3 30 49 99 92 27 60 35 73 33 79 59 79 26 25 75 28 98 84 68 22 19 19 65 20 46 29 53 100 79 20 54 60 68 4 51 47 63 38 19 47 16 30 77 41 54 4 20 52 87 88 25 57 58 41 28 3 70 80 2 48 99 7 8 18 10 10 64 72 47 35 71 62 16 47 54 69 2 74 72 88 13 49 96 70 89 23 72 58 2 26 58 52 
32 17 22 42 78 37 65 25 71 87 38 86 86 44 7 87 17 30 27 29 78 22 50 19 97 73 28 98 98 85 2 82 53 75 75 31 11 39 7 34 78 44 71 63 87 77 49 55 59 75 35 88 49 84 6 45 57 34 94 6 70 47 87 23 21 61 53 32 52 11 65 29 54 35 43 93 64 91 99 74 18 34 61 18 17 19 62 25 52 7 31 73 54 69 95 74 30 99 57 33 9 21 13 15 8 55 59 
23 97 57 96 66 42 8 83 11 26 96 35 29 55 17 2 8 86 48 33 67 99 90 99 59 62 63 25 21 17 83 43 65 92 90 31 85 50 65 95 75 13 30 4 67 98 57 74 83 4 58 49 2 47 99 13 61 61 37 81 29 20 76 94 63 17 76 47 66 40 94 93 52 75 48 70 72 4 95 55 59 53 3 13 99 54 25 11 14 61 92 43 32 67 36 46 35 11 93 1 2 38 93 6 12 92 75 
83 95 70 37 5 22 92 17 72 97 93 35 10 6 26 4 37 44 91 83 78 53 27 30 55 16 74 60 27 65 86 9 11 7 98 16 80 41 84 4 37 29 38 46 34 63 50 22 6 92 56 35 45 34 65 99 49 38 10 75 3 47 84 65 54 33 32 33 73 16 36 61 44 73 58 29 87 59 50 44 51 6 79 95 39 95 93 88 32 54 14 86 100 49 3 5 81 34 38 5 49 25 65 44 50 23 24 
88 81 74 32 31 31 62 25 21 56 69 8 39 22 22 77 74 70 79 78 3 64 67 7 65 92 72 60 93 46 84 80 26 9 11 9 39 24 85 59 31 54 19 70 27 40 98 100 61 28 30 63 91 96 22 55 39 45 15 31 90 50 11 67 58 73 27 96 97 12 6 27 65 24 48 43 15 97 95 28 24 24 42 67 71 63 21 10 59 87 92 100 36 54 67 93 27 45 40 23 56 98 1 72 21 49 15 
88 45 61 15 21 36 56 87 6 71 59 67 29 98 59 29 33 12 47 78 90 91 69 64 99 66 65 70 87 65 36 26 61 96 40 33 31 47 19 89 69 30 55 50 27 65 30 11 29 28 88 70 18 57 34 68 74 50 38 12 14 25 37 26 21 76 59 3 75 29 91 43 58 98 44 36 14 73 47 94 100 86 64 70 94 97 37 68 98 26 79 11 51 16 88 23 43 46 77 69 27 20 64 36 17 7 72 
82 80 70 76 31 55 91 100 1 39 37 68 36 14 98 98 64 13 85 38 8 83 15 76 61 34 39 96 2 46 67 83 77 88 10 7 95 52 7 95 90 95 62 77 60 11 26 24 76 11 13 83 45 27 10 5 12 1 52 13 98 19 48 74 58 9 32 52 61 90 46 2 36 59 31 96 70 56 71 45 18 83 79 62 10 88 18 73 88 70 86 85 40 85 10 97 93 42 49 53 31 46 7 19 5 37 14 
26 92 84 70 10 66 100 23 27 87 93 100 27 62 37 63 53 21 25 1 13 18 49 18 48 47 24 18 51 12 31 76 3 14 97 64 80 96 39 58 34 31 57 12 44 45 75 96 65 51 96 78 68 97 95 67 43 70 85 45 81 15 72 35 29 20 51 60 15 89 69 100 19 78 12 62 22 38 9 87 88 56 64 55 52 10 21 46 31 57 42 11 72 65 97 52 84 47 63 50 87 31 50 5 8 13 18 
30 50 78 68 89 34 83 95 37 92 67 35 74 24 76 36 95 41 32 98 76 31 60 26 17 90 27 74 50 39 43 31 40 21 98 28 6 80 22 42 23 88 76 96 63 4 31 57 44 14 6 19 44 65 96 61 7 22 86 56 60 28 86 99 100 35 78 5 14 99 99 88 39 26 83 1 29 65 10 24 78 15 95 74 32 90 86 38 12 71 93 71 50 30 22 50 64 99 6 29 98 4 16 88 82 50 40 
10 66 1 34 43 68 28 16 99 17 53 36 80 23 80 51 73 61 24 74 24 22 31 4 71 35 71 10 68 20 50 77 37 50 62 31 17 89 99 15 58 51 2 37 74 33 39 98 93 62 71 16 36 53 71 6 87 41 68 6 12 17 83 48 18 44 79 35 85 77 1 94 27 55 82 52 87 21 49 80 34 71 95 21 24 66 79 62 58 46 68 70 62 2 17 79 97 47 65 81 23 18 74 2 72 56 53 
58 28 2 37 13 24 32 34 99 49 12 13 6 9 80 75 70 33 44 100 29 90 17 10 65 34 35 66 5 42 18 62 21 71 99 34 47 82 19 45 82 82 57 39 90 88 66 11 20 9 62 1 50 78 62 14 63 48 79 67 90 49 81 62 19 31 95 65 64 65 62 45 46 70 83 87 58 48 97 29 8 11 81 58 40 42 23 3 90 54 21 31 2 53 92 72 83 39 89 46 3 50 90 1 19 25 87 
28 24 36 9 32 46 89 41 85 31 15 39 72 68 12 2 69 64 93 93 47 31 81 44 86 30 34 86 100 10 72 80 33 59 88 16 4 76 8 41 58 23 31 29 42 42 82 63 6 75 55 4 57 35 47 42 16 32 27 15 41 51 94 26 9 33 41 65 61 1 57 18 23 87 99 64 81 80 78 86 6 32 89 63 66 87 4 81 19 31 48 11 81 93 36 41 26 29 5 86 29 61 55 3 48 5 18 
28 37 96 65 42 27 5 56 45 91 60 77 61 42 76 72 74 69 7 14 94 87 19 31 15 31 37 69 30 42 87 9 78 34 73 71 60 29 27 56 72 86 85 32 79 60 3 52 28 62 17 73 48 35 55 15 18 92 83 47 33 21 56 62 54 80 32 66 9 58 21 32 95 57 63 73 17 18 76 96 79 93 21 78 27 75 44 96 66 79 43 50 99 50 11 5 29 43 70 89 52 42 20 47 99 35 71 
67 52 47 62 82 39 34 11 17 9 55 13 26 85 7 76 35 56 38 39 36 32 8 25 84 2 96 82 52 30 52 18 33 98 31 14 88 65 77 5 25 83 69 2 67 75 77 1 82 67 40 17 98 99 93 81 52 41 14 3 22 66 72 55 15 55 20 3 19 96 59 95 78 79 96 96 5 25 49 86 91 40 54 40 90 47 73 42 39 86 44 60 51 68 14 18 22 86 20 92 81 30 86 11 60 33 58 
64 9 6 1 51 45 54 91 35 52 63 28 90 48 23 50 51 90 15 68 11 100 39 2 33 20 39 95 79 24 52 42 32 10 42 83 54 47 25 40 99 87 67 40 86 90 89 88 31 56 55 42 55 45 95 39 64 86 33 94 9 37 35 40 46 28 74 51 75 98 43 25 36 9 64 22 50 5 9 81 60 16 74 66 60 68 5 76 53 89 69 13 25 56 53 22 83 26 73 9 76 67 85 11 27 49 84 
77 53 93 9 64 60 82 29 71 1 85 46 6 74 15 18 50 70 22 72 4 100 96 65 75 62 49 85 88 97 69 16 1 13 76 64 24 57 93 94 10 77 40 15 2 6 84 52 75 6 75 30 5 70 46 31 83 95 67 22 43 87 38 44 51 65 59 74 74 3 68 83 32 7 49 33 12 84 84 38 89 10 19 45 79 65 27 13 59 94 35 53 32 24 48 83 88 7 56 61 9 75 95 40 81 95 25 
44 79 60 33 19 70 52 64 100 16 42 13 26 87 47 78 19 70 26 53 9 84 8 70 44 83 16 36 15 11 60 11 89 19 43 7 40 94 22 40 61 64 52 38 50 98 16 20 19 93 72 27 28 32 48 71 66 16 6 80 26 65 90 66 36 33 24 75 78 46 66 39 61 17 76 62 66 43 82 36 87 53 15 14 84 62 85 49 29 42 81 6 7 22 71 94 6 95 20 84 92 86 74 52 54 1 13 
20 96 94 55 82 99 69 48 34 83 32 83 63 25 15 69 83 36 91 76 42 85 48 77 76 85 50 79 38 2 92 9 97 37 16 79 87 36 26 21 70 9 55 33 33 21 1 16 56 91 43 49 28 90 25 55 74 26 34 64 28 77 72 24 65 87 54 4 75 31 24 44 39 30 76 24 50 28 91 57 71 33 6 50 75 82 4 100 8 89 63 87 17 87 10 34 25 16 37 99 46 12 43 85 41 70 60 
42 50 50 98 20 82 55 69 56 37 24 56 96 65 70 82 81 56 43 14 81 58 2 79 4 13 73 40 5 43 99 46 44 48 96 63 29 50 83 37 86 6 44 33 70 13 14 3 69 57 68 1 66 70 31 69 82 4 8 39 98 58 36 41 5 31 55 86 81 37 22 18 94 17 51 16 29 16 18 49 24 37 1 90 6 32 10 40 35 18 78 84 75 65 76 32 96 30 17 28 18 90 45 11 6 47 78 
86 15 47 87 38 84 87 27 41 18 37 80 4 6 9 39 32 74 14 63 69 95 31 96 12 72 92 75 29 91 52 67 5 51 53 94 34 91 21 74 61 9 6 16 66 14 55 97 39 20 12 59 15 94 6 26 66 98 52 46 40 4 12 96 54 64 89 39 7 9 12 67 69 69 82 34 83 88 83 73 8 46 32 22 39 37 99 56 34 51 2 25 6 65 20 11 29 9 49 35 69 12 53 38 81 34 23 
15 22 5 87 81 2 18 54 93 55 52 48 40 54 1 65 59 66 84 69 46 44 69 32 13 81 84 2 61 69 24 75 90 81 61 22 82 79 75 74 33 27 74 24 32 26 88 43 91 24 11 36 67 80 67 31 12 2 32 72 71 8 98 12 40 58 34 73 88 8 99 72 86 72 96 18 97 83 60 40 58 22 75 77 53 94 7 64 47 91 87 69 50 84 81 89 42 66 13 81 73 11 53 11 34 48 80 
31 82 39 22 40 12 48 68 65 93 26 80 40 68 67 8 17 2 40 57 43 5 70 24 30 80 28 40 14 75 19 96 8 9 17 99 72 16 66 88 9 92 68 48 11 86 7 28 87 47 36 82 3 5 57 32 37 84 23 2 10 93 49 17 1 17 16 73 32 33 60 40 76 79 39 87 64 46 66 3 44 1 84 46 58 40 78 94 75 52 47 84 45 95 100 45 11 67 69 42 100 81 34 75 59 72 13 
75 69 78 77 12 79 60 58 88 51 87 33 25 38 79 8 82 73 59 79 35 78 99 28 77 79 61 3 90 33 68 64 1 45 40 65 75 51 22 62 53 60 94 77 49 24 36 83 48 46 61 82 23 59 10 51 90 70 6 79 54 73 42 55 17 33 71 44 35 44 57 87 3 51 63 3 26 50 85 74 95 45 55 70 56 16 20 45 86 25 23 91 49 16 97 18 48 67 61 82 10 17 68 12 19 82 15 
45 83 51 18 77 96 24 46 3 92 18 99 77 94 73 19 43 88 16 60 87 82 20 20 92 88 39 55 7 72 21 51 54 72 20 30 19 95 28 21 86 45 71 14 90 43 33 32 82 48 43 20 81 62 39 72 2 29 79 8 100 99 10 53 70 81 34 88 75 61 60 13 57 30 26 99 24 10 30 5 57 25 76 90 38 14 61 39 42 91 46 93 90 55 45 11 35 31 51 62 91 10 74 100 92 99 98 
67 61 79 24 17 3 99 58 41 65 19 31 6 9 77 51 50 83 95 61 70 77 11 31 20 72 56 19 15 6 68 82 66 98 5 35 53 55 92 45 19 10 75 77 71 3 27 72 86 73 32 55 50 94 37 69 66 92 39 32 97 58 13 63 7 69 97 59 24 88 55 94 50 30 70 72 84 96 43 69 69 27 75 70 20 63 38 37 6 28 21 3 85 33 17 91 54 65 2 29 4 56 22 53 37 92 76 
21 39 19 41 59 97 16 28 16 30 17 5 36 44 25 90 28 9 6 71 14 70 72 42 25 27 16 78 64 59 5 84 97 23 24 56 19 91 83 87 73 52 43 8 95 67 97 23 27 54 93 41 75 64 34 99 42 1 28 5 59 33 40 56 7 16 11 78 58 45 64 30 96 58 37 91 76 85 65 2 38 9 94 64 24 80 63 17 80 90 22 39 74 13 94 81 28 56 58 86 52 73 15 100 30 4 90 
5 40 6 58 30 66 4 93 41 83 7 57 62 97 30 52 22 43 97 2 22 52 59 7 56 83 74 55 64 29 96 68 68 1 78 97 18 81 42 10 15 48 18 28 96 48 80 18 42 76 19 63 80 30 22 35 64 95 89 28 23 84 47 42 36 24 91 5 56 32 14 22 79 31 50 75 30 29 44 71 56 14 34 35 43 55 69 59 1 57 86 75 92 32 16 27 8 6 31 15 89 96 37 68 27 86 94 
56 66 37 79 21 50 12 56 45 18 76 55 18 85 40 92 76 23 7 55 82 65 37 49 53 33 85 72 11 22 17 18 87 5 96 59 55 7 66 51 76 94 5 93 78 96 84 5 70 43 11 52 59 48 52 63 32 36 35 42 9 51 11 95 8 7 5 62 65 71 64 41 64 20 33 93 67 69 49 36 11 60 39 69 7 90 31 38 77 17 31 85 20 41 31 27 99 88 40 64 58 55 56 73 26 40 17 
92 8 65 79 70 24 70 38 82 11 21 19 40 89 1 24 60 94 7 86 92 94 77 7 3 31 62 27 56 2 43 99 9 7 30 79 83 99 68 64 61 40 35 100 81 87 76 40 80 82 78 72 27 54 78 29 37 92 55 44 93 49 43 53 7 24 83 41 22 3 5 34 94 91 34 74 77 61 14 57 94 91 80 20 96 9 100 32 100 6 76 44 54 70 97 12 93 31 53 66 33 9 99 27 99 84 100 
75 44 65 31 37 7 62 8 3 71 7 86 70 12 61 14 17 82 62 29 26 92 33 91 25 41 42 3 39 25 54 13 21 19 96 9 77 57 17 79 27 23 17 49 87 29 14 3 11 75 83 36 18 15 79 94 7 20 96 45 44 50 10 16 20 5 25 96 13 41 27 92 15 43 92 1 71 5 56 33 31 38 69 48 5 47 42 11 18 37 8 61 38 17 29 57 73 53 5 37 93 83 80 7 25 71 8 
47 75 15 80 57 52 100 5 8 98 98 71 15 86 30 27 24 98 55 32 70 7 88 58 51 70 38 58 46 8 17 93 35 31 24 91 34 23 47 94 72 96 16 86 82 45 64 57 42 19 40 63 77 28 20 28 49 9 37 95 17 53 39 3 35 62 45 20 36 44 13 7 39 80 92 20 24 55 28 17 25 68 79 2 47 51 81 95 59 17 41 27 21 79 81 55 40 26 26 27 69 39 33 59 18 76 31 
94 31 58 10 7 77 41 60 23 91 40 18 1 56 58 80 76 89 60 82 80 85 8 7 5 98 39 64 67 15 46 12 97 3 22 55 80 14 15 2 56 54 71 56 62 81 35 89 69 95 71 100 31 30 6 88 79 97 51 45 11 96 57 59 50 30 13 29 43 79 83 50 33 5 5 94 37 92 82 5 38 4 5 68 85 62 55 63 58 57 60 20 4 68 78 6 97 43 86 91 21 68 40 5 25 96 50 
61 87 32 18 24 87 74 44 72 35 50 86 93 7 45 12 62 12 42 67 60 84 53 2 56 72 93 61 48 41 10 9 27 93 26 3 32 51 98 55 85 47 40 29 5 37 41 67 48 34 85 60 69 37 61 24 61 6 36 8 46 98 16 24 42 93 26 73 43 23 79 80 22 19 8 26 55 48 92 54 33 77 13 1 65 26 25 77 31 12 85 28 61 52 51 3 45 29 27 39 3 6 18 24 76 78 50 
82 77 93 87 10 21 52 10 38 29 86 14 59 98 98 86 10 50 88 12 46 16 91 36 19 48 6 42 75 83 43 8 59 36 94 68 8 45 78 45 73 63 59 83 12 56 20 22 57 60 85 54 75 75 90 93 74 95 87 48 77 29 55 87 16 49 55 24 45 32 68 70 46 26 4 10 34 76 83 42 35 67 96 9 94 85 54 67 31 40 15 59 20 21 45 88 69 99 11 66 82 30 87 80 56 90 89 
41 65 71 82 51 89 77 60 82 13 65 1 95 56 67 53 75 87 50 62 8 100 24 73 82 54 59 13 61 100 1 53 17 23 34 67 63 63 78 97 27 42 97 74 97 15 78 24 1 27 37 8 27 61 32 60 66 90 72 78 42 24 30 58 98 15 24 60 77 2 8 56 95 56 29 92 70 6 67 71 85 3 30 11 15 62 22 80 3 93 9 44 16 38 1 65 53 77 76 81 30 84 88 24 39 16 67 
61 74 33 83 58 88 12 20 2 25 41 34 28 85 42 71 100 80 24 16 84 100 91 16 81 74 4 56 65 71 23 25 44 7 59 53 94 70 24 48 95 64 33 74 48 74 44 99 5 19 14 40 18 5 56 50 30 59 6 94 29 80 70 25 86 28 29 32 50 53 31 96 68 63 69 68 36 12 18 93 31 32 32 100 88 87 2 69 97 7 63 26 86 84 2 23 12 30 54 61 82 84 56 2 46 76 69 
34 39 86 78 21 69 9 21 56 48 74 25 44 80 39 21 17 22 22 39 85 4 45 45 37 80 52 38 78 27 6 11 66 92 40 38 12 48 58 68 47 31 44 43 62 34 63 78 7 37 69 92 92 13 88 28 44 92 66 21 70 23 83 87 14 22 25 26 22 34 45 68 17 40 10 78 25 25 8 31 61 76 74 52 40 14 31 83 5 96 56 74 19 38 13 84 60 37 61 33 70 57 100 86 48 62 16 
72 86 75 55 98 2 80 1 41 93 31 75 97 79 30 23 49 68 35 32 79 71 45 11 92 53 62 30 1 23 97 24 8 71 30 57 72 10 57 64 2 88 38 51 18 20 73 66 39 7 49 17 29 93 79 72 98 92 1 50 15 97 25 74 19 55 31 90 16 39 53 69 78 43 19 95 62 91 60 100 49 9 68 29 53 98 1 2 89 53 51 3 2 28 29 20 82 11 10 49 49 14 17 79 56 36 73 
17 78 85 68 27 93 35 55 97 32 7 99 21 60 1 75 61 28 55 32 61 17 41 9 18 7 78 96 62 13 68 31 42 4 50 68 96 85 75 45 68 33 95 88 92 95 15 4 75 21 36 35 38 28 96 55 34 73 50 48 37 69 30 78 73 79 98 20 63 24 64 83 56 10 70 100 57 36 55 31 57 90 17 46 18 12 100 3 36 1 50 72 69 31 2 93 10 51 13 24 74 28 6 81 38 28 32 
46 63 87 76 71 76 92 16 45 56 67 100 91 67 49 15 36 32 68 28 41 18 92 64 43 72 70 75 61 49 7 6 11 93 81 34 20 24 1 17 31 68 16 74 34 16 88 69 47 7 49 87 76 92 3 70 63 24 44 23 72 2 28 34 46 60 67 66 36 20 34 66 87 49 39 20 64 78 41 11 36 41 49 11 32 3 80 95 26 76 69 49 77 49 83 23 60 1 40 95 20 73 13 58 21 3 78 
36 81 70 98 16 10 99 79 41 1 58 87 79 85 8 27 62 56 61 36 15 14 75 62 85 99 26 43 71 28 72 6 60 41 56 28 50 54 6 42 6 15 29 84 100 88 63 61 43 75 48 9 88 74 22 25 72 47 19 42 27 90 99 86 82 6 13 31 59 70 24 17 85 4 100 36 91 14 48 85 89 95 94 28 68 67 52 39 66 70 32 92 11 82 29 92 88 94 74 98 63 98 14 99 1 66 86 
44 31 33 28 19 27 73 99 46 40 50 36 57 72 67 100 82 1 28 26 40 21 99 89 36 48 3 86 1 20 72 44 2 4 71 21 83 96 19 28 87 20 64 43 43 82 42 25 34 21 2 73 94 100 62 29 48 16 66 48 87 37 43 88 93 65 60 75 60 30 54 98 50 17 40 44 51 33 68 84 54 21 9 47 21 70 27 20 37 92 19 23 81 61 10 73 25 22 99 37 51 4 34 52 73 26 96 
23 58 15 58 63 36 66 61 56 87 87 75 23 31 93 97 63 5 59 87 29 80 85 17 30 88 51 82 12 76 77 34 85 91 44 48 26 9 8 33 48 47 59 22 77 3 19 39 7 29 77 88 8 61 4 89 100 54 70 12 81 98 97 66 41 40 13 18 1 72 3 100 18 61 21 46 16 39 36 74 67 12 61 26 24 17 15 24 22 36 87 3 86 35 20 26 27 84 95 79 55 97 78 25 10 98 70 
25 89 6 98 7 69 11 33 93 27 99 68 100 86 6 54 71 40 73 48 18 56 43 96 63 39 73 87 100 23 8 76 11 13 74 69 34 36 1 26 14 51 93 13 37 98 67 7 89 39 55 7 47 49 2 9 39 75 47 39 97 54 14 59 19 39 27 52 74 80 77 39 30 21 52 18 18 18 77 6 8 83 64 54 31 66 14 69 92 60 59 40 14 25 98 32 63 24 35 89 55 11 27 85 31 30 54 
100 99 30 57 7 12 21 12 94 86 78 15 77 37 73 16 2 49 65 85 64 40 19 52 95 81 30 31 63 60 84 62 58 14 19 16 77 91 80 71 76 57 37 4 45 61 71 99 10 35 83 73 74 54 76 20 86 5 50 49 16 34 62 26 99 32 41 75 22 72 97 49 28 33 4 25 46 74 23 55 60 5 79 86 10 54 5 96 10 55 96 26 40 57 3 38 41 95 12 62 67 61 63 94 45 66 18 
90 92 92 96 3 49 74 88 58 27 45 5 89 99 52 14 38 9 68 27 1 62 90 14 28 50 76 74 47 94 43 36 85 35 32 87 83 57 27 92 84 71 97 72 21 48 37 10 8 56 88 60 17 77 74 97 27 49 70 25 94 64 60 30 98 43 17 32 100 95 24 35 17 72 58 89 19 46 50 79 1 37 38 17 13 11 13 91 12 34 15 57 98 27 87 95 69 55 79 20 49 2 6 17 73 15 5 
43 60 54 21 60 90 11 29 2 73 93 93 36 27 59 93 76 85 79 70 6 33 100 25 33 1 83 49 73 97 5 16 9 58 88 68 47 50 48 100 23 41 44 58 19 3 2 94 87 32 15 92 16 15 69 48 15 51 48 40 99 52 7 7 9 46 27 7 96 74 59 18 66 2 27 84 4 29 29 91 60 44 34 28 58 2 75 24 4 75 63 55 26 21 13 87 67 39 45 62 65 3 31 30 57 9 66 
60 37 94 2 49 37 88 28 46 41 2 70 97 28 84 51 6 5 63 44 23 54 88 36 18 43 66 99 51 74 16 62 63 10 64 63 98 3 90 96 43 43 17 39 71 100 89 76 56 4 19 30 57 58 65 26 52 30 76 2 56 92 64 70 1 79 32 50 81 73 45 23 15 61 14 37 13 2 64 68 57 82 50 65 92 14 90 43 96 66 97 51 57 60 20 9 38 3 58 70 75 55 92 41 15 5 78 
79 59 93 47 67 27 48 32 18 61 21 12 56 38 8 58 46 19 77 54 8 31 64 77 57 18 21 98 84 77 27 63 35 19 61 2 45 8 85 14 20 57 26 76 95 85 33 40 4 62 46 11 92 61 88 49 78 8 98 13 84 24 27 71 94 87 24 39 46 8 52 66 64 29 93 10 14 25 2 17 38 47 27 82 7 66 30 36 73 79 100 9 54 27 79 47 13 54 37 11 61 41 76 76 69 68 86 
82 44 87 50 82 85 29 63 43 94 44 78 19 22 77 27 27 55 57 73 68 10 10 30 22 2 5 97 70 24 34 4 67 72 53 100 56 33 62 50 27 57 79 97 30 8 75 56 62 31 81 29 92 90 10 65 43 14 13 12 89 47 67 56 70 72 7 78 4 21 27 82 77 6 78 7 13 52 14 74 34 94 55 25 35 64 41 77 30 54 41 18 100 7 25 21 78 32 98 34 4 25 15 80 82 93 38 
94 96 52 19 82 97 73 58 32 89 99 60 70 52 100 87 3 7 64 23 84 47 21 17 50 97 84 81 78 28 19 23 23 22 41 56 70 66 14 1 6 12 61 75 63 60 13 17 18 28 39 54 74 11 22 75 59 5 56 88 32 26 10 7 99 3 62 68 20 75 21 25 86 33 51 100 44 63 16 62 91 7 15 16 17 36 91 28 93 98 15 24 23 25 30 73 79 44 40 50 18 12 26 56 44 76 7 
40 90 75 1 32 81 67 48 49 54 90 76 46 87 91 22 9 67 3 33 97 46 72 46 16 84 71 23 79 46 29 18 87 3 70 19 83 88 66 84 42 55 59 39 93 1 60 1 19 63 85 15 60 56 12 27 91 82 49 22 79 78 91 66 32 61 36 67 48 1 50 41 7 60 32 99 13 91 51 31 5 35 46 17 42 9 43 85 91 92 6 21 21 96 38 4 8 73 70 8 25 71 48 31 31 31 81 
43 22 31 25 78 17 22 94 59 31 89 43 73 32 48 93 52 95 31 55 3 55 77 10 80 47 9 62 29 40 43 23 13 25 48 42 42 69 88 100 99 76 42 71 7 41 16 10 35 98 16 89 52 44 50 83 91 11 45 71 50 39 94 14 63 41 55 4 61 42 3 60 69 96 82 27 88 97 88 75 46 56 63 50 99 13 32 41 23 28 12 24 66 57 89 29 97 43 84 57 37 39 68 57 86 2 84 
74 50 71 48 96 26 10 45 77 74 76 17 48 4 80 71 21 36 59 1 32 54 85 41 42 23 60 98 8 61 81 33 11 4 80 6 81 42 2 9 15 77 26 15 32 5 37 5 41 96 5 24 1 41 16 42 15 28 39 23 88 72 7 50 27 87 7 59 80 8 68 46 37 93 60 20 49 97 24 41 44 81 17 44 21 84 37 36 11 27 10 99 98 16 100 76 54 7 35 33 66 2 79 2 46 38 22 
46 86 97 87 29 77 55 72 98 38 60 33 49 87 42 99 84 9 98 12 63 56 46 95 22 99 25 75 44 15 48 41 100 45 27 81 21 81 4 70 71 64 2 19 50 95 17 85 4 66 96 66 74 41 12 95 91 37 21 86 3 69 27 54 13 5 34 85 86 38 55 56 1 8 26 50 3 94 34 58 11 82 23 84 74 86 30 65 74 51 50 76 19 28 30 83 33 63 67 70 100 73 77 52 81 2 1 
83 47 87 40 57 68 14 41 41 99 22 5 25 72 7 100 42 34 81 76 66 96 43 87 47 15 63 99 47 64 99 81 10 85 72 19 4 85 11 45 36 32 1 12 56 7 11 49 93 44 25 10 39 19 97 85 85 59 83 32 75 34 12 36 70 84 54 74 20 64 70 7 48 70 18 3 29 81 51 73 76 27 82 14 45 78 50 30 37 85 13 63 70 24 98 39 59 52 64 31 67 33 37 14 55 7 16 
35 39 19 7 14 45 88 79 42 18 28 71 6 64 83 68 33 58 65 72 69 68 87 99 35 72 87 48 26 93 64 12 31 82 18 44 78 57 74 19 74 2 41 31 17 75 98 50 33 63 73 1 30 59 51 64 30 37 12 7 30 27 18 12 60 87 8 89 44 81 8 69 34 48 100 51 75 97 100 7 11 72 59 93 30 9 8 12 45 71 18 26 97 88 38 8 74 45 97 69 77 56 38 11 55 89 61 
29 37 60 35 48 83 45 92 64 5 99 75 50 22 45 75 18 32 64 78 57 60 74 26 37 29 63 47 83 51 59 64 87 70 50 86 52 95 77 67 99 28 42 100 49 38 27 18 21 90 47 77 2 20 2 90 100 16 36 35 66 46 98 5 15 47 42 66 93 71 32 44 98 25 43 98 14 69 67 34 11 14 63 64 85 64 53 85 80 40 71 97 85 68 53 99 66 95 16 11 65 99 54 14 76 96 63 
89 17 29 75 27 42 37 42 79 52 94 63 83 33 85 80 17 4 84 67 69 78 82 79 94 80 84 7 7 80 21 48 96 50 22 74 43 10 67 21 13 60 35 96 92 19 27 60 22 62 26 43 40 7 73 85 38 57 92 45 88 64 92 83 13 65 8 8 26 26 28 38 85 15 85 28 33 63 87 7 25 12 49 16 70 21 100 59 77 43 55 64 7 98 98 71 62 57 78 39 82 58 29 18 72 65 45 
56 28 31 62 4 94 10 71 15 31 70 74 59 65 28 75 71 26 24 93 39 33 71 78 66 28 58 84 51 22 28 6 1 11 68 4 56 77 74 71 59 96 44 70 60 23 44 82 48 19 74 39 51 96 16 17 23 73 52 25 46 31 31 47 41 98 50 49 26 76 19 37 71 14 6 82 36 1 63 84 71 88 22 22 84 89 90 58 13 41 83 58 71 65 4 64 14 6 12 39 81 82 27 3 95 32 36 
30 84 50 65 55 37 86 28 72 26 17 30 38 9 64 48 79 28 3 94 41 8 57 31 40 38 58 94 84 89 29 14 25 78 78 79 67 16 6 90 41 74 19 31 82 34 78 12 61 80 6 53 40 14 84 79 4 41 73 87 81 53 100 5 83 30 35 49 97 92 90 37 17 61 19 98 94 96 10 7 28 67 59 67 80 42 97 83 34 69 22 15 74 73 71 56 2 58 56 98 1 45 87 18 5 5 67 
99 53 76 5 32 94 15 98 74 57 46 8 42 67 29 8 40 2 79 95 55 88 50 5 88 46 43 57 51 99 24 1 51 51 5 34 45 19 31 70 27 29 29 69 95 10 76 34 63 6 28 17 45 29 73 85 74 15 41 76 14 16 76 16 67 32 50 63 3 32 32 29 60 60 49 54 21 77 39 83 34 18 100 79 46 24 15 72 39 7 47 4 23 23 71 41 6 20 3 8 4 86 89 15 97 89 21 
18 65 59 100 51 77 51 81 74 75 95 45 65 1 44 68 75 66 90 15 71 62 69 31 65 54 19 31 51 7 51 68 24 62 19 74 90 70 54 63 44 48 60 60 100 3 79 75 20 68 41 42 29 10 72 45 15 90 76 65 97 26 84 20 39 3 45 28 24 98 91 19 97 50 78 48 52 56 74 23 23 15 64 52 76 36 48 90 25 23 7 73 1 90 44 39 44 88 67 19 37 9 37 33 58 66 33 
61 21 6 83 96 72 46 99 47 33 46 89 10 69 95 82 21 36 78 59 32 65 77 50 2 85 39 86 94 4 70 6 25 76 40 72 47 38 70 46 70 15 34 79 35 28 13 55 63 90 14 46 54 42 96 7 27 34 45 72 89 14 78 65 41 17 36 40 54 5 85 76 72 18 54 58 97 66 13 11 55 78 57 61 19 4 19 97 89 63 69 77 29 46 42 21 14 29 60 20 86 96 95 9 65 100 66 
61 66 78 24 72 55 80 84 26 83 3 22 71 17 90 99 97 87 92 18 1 73 29 20 58 25 66 66 89 65 31 2 82 61 25 6 67 4 89 92 38 43 66 60 12 55 10 8 42 2 77 94 74 6 65 83 30 30 48 18 46 30 19 28 42 95 85 9 98 73 52 87 68 17 98 79 24 8 86 17 9 63 10 34 20 26 16 49 55 15 18 52 96 89 79 38 83 15 98 33 40 1 19 7 18 69 85 
93 76 22 9 36 36 70 21 55 95 36 55 49 2 73 100 97 61 31 86 95 45 83 27 36 84 98 42 53 66 78 45 41 52 5 28 87 74 48 94 68 35 48 68 36 20 67 84 32 49 70 27 46 4 53 81 39 50 75 91 67 52 87 59 3 91 86 42 64 33 35 83 19 82 50 54 54 69 38 85 17 7 63 14 62 16 47 1 17 21 91 84 72 30 94 27 72 80 68 36 64 54 70 83 87 20 88 
40 88 25 77 56 83 39 22 45 6 68 45 23 88 87 58 11 16 51 37 88 82 56 75 46 61 44 80 48 15 67 87 2 92 15 10 26 54 31 70 11 98 66 33 85 53 42 95 20 45 84 59 26 91 33 23 52 29 2 99 43 21 37 97 64 52 6 89 57 36 11 67 85 28 52 69 80 45 15 52 89 50 10 67 41 95 41 44 23 95 42 17 15 30 13 78 81 18 18 89 5 80 56 89 8 59 9 
39 3 76 90 44 25 52 10 17 46 50 60 68 44 53 36 58 83 49 87 15 18 57 56 75 36 63 63 43 21 24 34 23 99 23 66 23 74 27 92 71 77 51 90 72 56 26 82 90 26 20 56 43 76 11 17 12 73 32 6 45 55 39 20 53 14 37 27 39 64 18 62 92 21 51 15 76 76 96 17 1 16 72 96 43 35 64 6 59 95 12 4 1 2 23 53 67 11 32 58 74 49 19 17 69 69 32 
96 97 27 64 49 94 36 44 37 22 60 42 80 54 5 35 7 59 9 11 25 20 42 34 93 43 52 10 63 21 41 59 69 19 74 17 13 61 13 1 82 72 94 62 77 99 48 83 9 57 94 33 76 87 19 20 29 70 29 92 42 21 2 10 92 75 79 56 36 91 56 69 14 1 30 90 99 30 25 7 86 70 92 61 56 10 80 85 31 61 28 73 33 81 34 24 55 12 79 42 54 86 11 67 87 92 9 
37 21 33 96 58 2 39 18 57 100 50 93 30 62 72 2 94 52 88 70 59 51 100 52 5 86 62 23 24 6 31 60 78 63 7 36 16 45 5 25 44 6 69 74 67 41 27 13 44 66 82 2 17 81 54 21 18 67 43 41 24 26 53 54 40 59 41 56 56 45 32 99 3 100 24 69 92 3 33 36 20 66 89 36 47 94 8 16 13 3 57 36 28 61 41 67 71 81 74 26 26 57 77 80 9 52 100 
100 6 33 87 26 98 76 61 96 21 69 12 33 71 68 21 50 80 61 68 50 42 94 76 19 50 52 98 58 55 97 10 61 81 96 86 79 23 46 74 44 66 85 76 88 4 96 37 83 9 5 33 50 98 60 20 47 63 69 57 17 65 66 77 46 61 62 76 36 60 1 79 77 86 6 65 41 54 1 76 62 5 60 63 54 19 34 1 81 2 57 97 18 74 26 63 86 39 90 21 98 91 99 27 28 57 91 
68 10 91 95 23 48 54 85 1 72 18 53 52 19 61 1 36 34 26 51 20 64 92 92 14 82 43 40 9 99 82 29 8 72 23 30 71 77 66 72 100 83 24 4 53 85 4 40 70 81 42 41 96 34 33 61 67 75 52 28 25 33 56 32 5 30 13 27 58 78 98 58 12 74 61 16 10 16 7 79 48 49 72 95 82 4 56 100 30 7 27 54 92 34 37 48 16 49 74 73 78 72 82 41 97 94 56 
