69 27 8
34 35 30 16 55 65 36 39 83 52 97 66 54 11 53 4 75 63 74 41 88 94 86 20 60 55 68 
60 76 94 86 9 28 15 76 34 79 12 24 13 15 21 78 68 83 30 23 57 45 96 49 32 41 87 
4 100 41 71 12 68 16 97 28 96 11 4 29 42 67 5 54 81 77 32 1 59 13 23 68 57 71 
16 89 11 54 44 63 47 66 74 14 81 70 94 76 80 97 57 21 15 13 27 95 89 58 47 47 70 
70 14 79 40 82 19 50 87 62 12 33 27 37 47 59 6 92 87 38 88 43 10 54 55 36 48 95 
45 95 41 15 16 7 45 55 40 63 56 26 24 20 59 2 56 57 60 14 48 46 51 87 40 12 40 
46 48 39 40 92 33 33 58 100 39 2 6 30 64 62 55 39 33 65 40 40 73 100 5 20 97 55 
58 37 19 97 34 18 88 74 61 72 6 19 72 96 72 77 25 88 90 31 78 74 48 18 14 20 69 
70 92 17 25 49 5 95 98 39 12 85 12 72 56 69 42 27 64 66 56 40 5 97 70 82 71 17 
51 36 89 71 5 80 88 81 28 44 75 77 82 86 61 45 10 69 65 51 47 80 16 2 19 72 51 
41 54 21 57 56 8 97 27 12 76 66 93 56 9 19 32 43 57 45 39 66 13 4 68 11 83 36 
65 2 7 15 42 60 87 50 68 94 47 94 5 74 11 49 29 71 68 13 13 76 57 52 41 21 7 
60 83 89 95 47 42 2 13 35 13 99 37 80 92 35 25 49 8 35 97 89 6 16 1 70 91 9 
73 83 81 79 95 15 20 89 62 13 90 74 48 55 25 36 86 16 70 11 64 29 97 13 17 54 28 
69 24 71 29 48 5 61 79 99 76 98 88 89 10 29 14 9 35 38 44 21 6 13 31 69 94 79 
33 10 33 61 31 8 83 59 55 87 72 33 86 47 82 25 35 44 53 48 52 88 38 96 8 43 60 
90 63 53 68 96 15 52 8 45 11 90 55 18 76 26 2 13 72 84 37 58 27 90 58 78 29 95 
25 88 37 85 77 51 89 96 46 3 100 53 47 10 94 54 27 22 79 29 34 3 12 71 12 90 12 
69 19 40 15 44 79 51 80 55 54 68 2 99 71 1 4 69 11 97 22 89 70 1 17 4 55 80 
26 66 69 37 87 88 28 1 31 6 4 10 12 57 29 65 7 99 18 10 68 80 59 89 68 28 41 
85 83 47 64 8 13 85 44 51 72 23 51 54 80 6 15 43 62 43 8 69 94 25 30 61 4 40 
1 23 20 94 7 2 40 23 10 4 7 5 54 30 80 57 35 59 62 49 54 24 43 61 44 36 37 
73 48 92 65 49 14 84 94 21 37 33 95 98 37 53 55 42 82 34 98 16 44 60 16 97 35 10 
9 78 46 45 2 45 36 18 45 50 1 38 22 38 71 16 87 59 68 41 100 1 74 50 68 70 9 
35 66 95 44 75 72 41 71 25 86 7 43 30 8 95 20 29 84 42 96 71 100 15 11 51 67 37 
100 34 6 60 20 23 54 63 97 77 4 20 2 41 78 96 22 85 90 41 65 74 34 12 44 33 26 
54 36 44 42 35 29 47 95 48 70 100 62 18 77 17 37 30 57 14 25 31 50 14 23 14 87 57 
25 82 89 2 88 76 97 29 11 25 76 57 24 97 8 86 14 84 2 3 13 11 68 37 41 18 3 
63 83 41 19 60 23 60 13 62 35 10 90 97 86 17 5 10 65 13 47 31 48 48 33 61 10 52 
49 50 69 51 65 4 92 83 63 66 94 27 27 81 88 68 29 74 85 34 35 49 98 81 79 45 80 
63 57 90 15 6 91 35 8 55 38 99 90 52 16 35 31 42 15 18 10 96 43 46 81 77 46 78 
9 25 22 41 39 79 82 53 36 24 40 43 79 29 94 20 33 9 54 63 3 21 80 64 16 23 9 
96 51 6 73 12 30 46 4 21 76 85 25 11 8 64 6 38 93 99 57 25 59 63 39 13 83 18 
76 98 92 36 45 95 42 69 58 23 66 61 43 42 97 20 4 4 83 9 94 27 59 50 3 18 12 
41 30 46 11 58 95 54 45 39 100 38 59 57 61 25 17 55 66 13 74 21 69 9 30 62 35 88 
63 90 57 27 30 39 72 92 96 67 46 92 57 97 30 16 54 42 40 22 48 57 35 74 77 55 82 
58 68 68 98 30 57 54 56 39 92 80 82 39 46 79 83 54 76 12 69 29 53 60 50 100 16 36 
73 45 42 6 54 9 26 51 39 34 5 46 72 48 77 6 39 74 84 21 28 59 84 96 87 88 8 
89 39 75 76 12 19 18 69 73 26 94 75 16 28 31 14 51 31 90 56 69 64 92 41 91 50 76 
38 89 63 45 77 1 20 52 64 90 69 33 14 47 78 89 62 57 71 75 8 1 65 15 69 80 6 
61 70 8 36 59 96 50 56 24 51 75 27 14 16 96 98 30 94 76 70 55 32 40 82 91 93 46 
6 13 77 63 74 46 70 61 56 65 11 11 40 61 37 67 26 53 14 24 34 7 99 55 61 82 46 
94 73 38 39 30 51 15 92 24 12 14 36 20 30 46 30 70 58 67 36 84 19 49 59 4 7 57 
58 19 90 3 13 62 41 51 91 91 18 35 66 81 48 1 100 77 99 82 46 8 48 33 91 18 81 
49 21 39 57 78 58 47 32 70 8 72 72 51 14 89 37 79 22 84 32 73 12 82 54 10 89 1 
42 32 18 75 80 90 13 89 67 70 35 99 39 94 22 11 96 36 51 32 66 24 67 49 97 79 30 
50 88 71 3 81 2 72 55 33 62 20 21 28 89 7 78 80 1 52 42 48 39 44 80 4 68 98 
5 16 76 86 17 15 56 19 96 57 91 2 42 52 73 62 31 62 69 61 93 21 12 86 68 50 81 
47 5 100 45 9 15 72 47 32 39 2 50 86 11 92 87 52 43 60 65 74 73 33 86 17 53 97 
54 73 98 34 71 54 34 67 15 100 39 61 31 77 14 33 62 76 24 100 27 19 11 44 44 35 28 
29 3 33 77 56 5 74 90 75 79 75 42 93 74 80 53 5 8 67 89 21 42 12 72 21 30 35 
16 25 69 43 53 72 75 29 79 79 54 68 54 33 42 95 25 68 26 30 24 85 48 12 57 41 75 
28 13 57 62 28 81 83 23 34 54 97 14 32 28 20 52 81 52 45 27 28 12 4 9 35 40 8 
98 96 49 73 75 13 29 37 41 61 71 15 46 76 11 60 59 38 79 10 70 82 7 48 61 70 3 
70 57 42 29 54 89 77 78 64 90 58 52 82 19 22 48 64 97 58 75 55 48 5 17 69 86 23 
69 99 92 71 20 100 65 48 54 53 25 83 16 66 41 67 99 11 88 46 26 36 55 1 91 54 5 
7 75 43 81 43 41 24 13 12 24 29 59 29 82 35 11 97 52 51 16 2 13 55 47 39 91 54 
39 81 59 95 39 33 89 71 75 81 94 40 92 17 68 3 97 1 37 8 50 41 10 65 42 23 19 
41 13 9 94 3 41 4 97 31 37 38 1 63 18 47 54 62 15 74 64 12 74 52 19 23 92 80 
87 86 54 58 26 66 66 71 68 59 74 65 89 10 54 42 25 23 88 78 36 2 51 51 13 77 3 
83 51 46 63 38 31 16 47 56 82 12 78 49 22 52 65 11 13 70 4 37 93 91 67 28 44 69 
79 57 45 33 91 96 30 5 85 61 21 31 68 54 94 46 54 68 49 71 78 61 92 33 98 84 23 
16 64 66 84 94 74 29 26 65 76 7 69 60 19 41 42 39 46 87 36 52 54 84 74 83 44 65 
15 93 1 89 8 64 7 92 57 80 72 34 96 47 92 17 58 11 9 51 49 55 37 84 58 43 67 
31 25 62 95 92 7 95 32 66 58 38 9 66 70 80 51 65 78 43 33 87 5 42 37 53 96 26 
88 53 20 6 35 96 67 29 87 25 24 19 91 33 8 99 51 77 31 53 94 8 47 26 47 51 67 
83 55 14 60 42 18 79 47 52 27 14 81 13 90 56 83 80 40 91 79 42 19 61 95 12 20 41 
38 66 44 56 1 98 70 60 40 39 91 86 91 17 51 23 81 41 30 16 72 21 6 2 63 76 62 
9 88 82 49 77 47 44 32 47 42 53 59 81 92 1 18 34 17 21 56 49 61 37 64 84 57 21 
