475 52 8
49 7 12 79 27 97 21 43 75 26 86 60 67 55 79 89 56 56 74 74 51 40 59 16 74 74 47 16 100 50 92 100 8 3 31 86 51 51 80 77 28 65 36 94 19 67 35 75 74 8 100 25 
100 59 92 73 84 91 40 36 92 31 35 100 34 65 85 36 16 17 13 95 81 48 89 52 14 75 78 88 82 77 64 81 87 55 5 71 45 45 6 37 75 92 88 60 57 24 96 24 40 60 18 73 
59 58 24 73 32 1 12 66 77 75 98 16 81 3 86 78 99 43 66 73 34 53 85 42 28 32 65 68 91 35 92 49 92 15 73 76 15 36 93 43 62 90 58 43 44 95 20 42 89 85 67 75 
89 51 16 16 34 33 35 24 19 26 24 10 92 49 37 58 84 29 1 46 71 10 40 66 57 11 60 45 95 26 71 35 28 39 50 61 71 37 36 89 14 11 50 6 59 39 63 95 19 15 92 41 
77 83 7 33 93 18 29 87 43 52 73 22 90 22 34 12 10 69 52 24 31 53 29 90 91 43 36 62 58 27 2 34 9 60 18 53 77 98 91 71 49 63 92 38 36 25 49 46 45 100 69 76 
53 49 17 95 91 52 56 100 30 10 33 90 69 2 42 98 100 32 68 48 94 12 86 29 36 86 74 33 38 94 8 90 94 24 36 85 27 92 36 56 1 21 45 21 22 38 18 21 69 86 21 14 
97 58 42 84 43 68 16 80 13 75 21 7 50 9 43 76 52 78 31 52 98 27 24 20 16 42 92 84 79 12 97 27 21 91 62 64 10 78 95 22 4 68 80 54 76 22 29 27 52 12 30 49 
90 53 20 6 94 64 41 24 27 90 50 48 80 12 63 89 41 57 62 96 24 94 49 99 15 30 77 18 41 6 19 82 59 90 87 4 53 28 80 80 17 29 79 48 92 41 88 84 97 1 80 73 
94 28 23 61 9 100 78 1 57 96 83 67 86 69 23 90 48 2 21 16 82 99 15 74 91 2 9 40 3 88 12 96 68 86 56 76 37 86 77 94 81 59 60 18 79 82 8 79 35 80 46 17 
79 61 42 69 62 2 8 16 90 71 64 9 57 71 84 93 56 12 38 89 22 98 6 1 31 65 31 18 45 76 34 75 88 27 95 2 28 3 17 69 25 32 77 81 3 61 26 58 24 63 46 46 
12 4 98 95 20 28 12 64 55 97 38 43 23 33 44 2 87 12 71 11 44 99 44 46 59 21 55 35 83 53 80 47 8 77 41 27 4 52 43 10 48 32 4 22 16 47 75 2 11 97 65 6 
96 60 3 54 80 57 88 14 61 19 60 68 95 52 95 50 3 37 60 2 68 63 75 84 62 50 37 24 46 53 29 41 64 31 47 43 39 86 9 100 57 20 67 51 72 13 1 26 49 60 80 69 
74 54 4 35 55 92 10 53 45 38 45 8 68 43 3 59 81 63 58 37 82 76 87 5 89 39 31 89 50 10 9 24 15 12 10 22 4 20 26 100 9 22 59 29 65 61 87 45 23 44 33 57 
19 71 61 59 10 91 48 59 52 56 82 19 20 44 92 23 15 17 74 23 38 32 51 54 93 37 50 67 80 82 23 51 53 84 9 14 26 56 72 30 64 6 48 83 49 91 57 63 59 30 85 96 
61 88 2 5 24 51 24 56 85 46 6 89 81 66 2 59 74 73 88 37 30 87 19 30 77 27 92 35 56 29 82 68 16 83 73 91 86 48 46 22 45 3 10 26 69 11 36 42 35 23 30 17 
9 100 46 37 26 38 23 81 18 4 100 85 39 24 75 76 71 21 97 16 23 6 41 91 68 28 84 54 50 65 70 10 64 16 98 89 5 20 21 74 23 73 58 13 96 32 88 67 4 36 82 27 
41 74 69 60 1 5 66 2 69 35 11 33 2 8 73 58 79 46 31 53 18 88 66 13 72 5 31 75 41 12 53 33 37 74 45 89 78 10 90 98 96 52 30 98 11 55 7 89 52 38 42 69 
77 59 33 100 15 64 75 55 27 79 40 64 52 36 4 81 45 94 79 92 45 60 89 56 66 48 96 17 85 37 37 13 47 70 13 62 85 39 68 63 17 59 78 21 94 82 53 90 75 31 82 71 
43 22 26 60 69 74 77 5 10 13 18 9 34 30 22 70 68 89 33 36 100 10 8 93 43 61 35 17 43 16 88 37 37 65 97 58 38 73 62 100 37 79 8 23 60 29 44 27 69 76 15 20 
38 22 13 80 34 47 49 29 14 88 65 50 52 61 7 42 85 21 41 74 99 100 48 59 80 91 37 100 19 51 20 56 25 84 87 10 30 35 38 95 22 3 44 26 15 3 67 100 23 59 25 73 
58 72 31 37 62 20 88 80 22 7 87 46 90 74 56 71 60 93 65 34 47 61 11 62 15 77 13 37 35 37 61 44 60 44 32 21 63 19 53 84 26 91 82 67 64 89 38 76 33 2 61 80 
14 71 93 28 99 57 16 85 93 77 28 4 20 11 76 34 29 28 69 6 19 50 73 34 90 62 61 23 15 21 54 29 43 46 56 93 2 24 77 46 100 56 1 71 66 76 56 47 56 24 52 26 
26 76 59 15 37 72 89 52 44 42 80 87 39 87 79 92 62 8 89 13 63 89 83 81 17 90 27 72 66 78 97 91 54 7 57 90 78 98 93 22 91 24 60 30 63 90 73 24 97 14 37 12 
54 71 44 70 61 70 41 78 99 89 20 52 96 28 94 25 25 38 46 16 62 57 97 24 47 21 99 95 34 35 58 40 58 1 9 70 22 2 47 21 90 66 72 37 93 17 62 70 55 59 37 68 
68 33 43 66 5 41 12 91 28 70 30 85 22 38 6 44 91 52 64 33 69 87 69 13 56 82 82 62 93 70 29 60 2 71 25 59 63 36 49 90 57 78 26 31 67 31 26 58 34 41 90 54 
79 10 67 34 92 100 95 84 70 23 95 23 45 19 81 8 6 81 49 15 58 75 45 77 57 22 86 43 62 75 96 40 36 62 26 79 62 20 14 83 95 8 5 39 78 38 98 36 18 47 50 28 
73 46 4 81 19 89 23 80 15 19 71 50 32 96 29 45 16 42 27 62 2 84 52 79 73 50 66 90 48 15 69 72 12 72 4 30 12 27 61 78 97 32 28 28 27 8 25 94 1 3 55 54 
86 7 85 58 8 50 100 7 17 68 30 28 92 33 10 55 59 70 33 7 53 12 87 80 71 11 73 23 13 80 77 51 38 61 60 45 62 11 3 78 79 32 58 22 64 67 28 75 88 60 33 41 
23 19 72 93 81 96 16 94 75 44 96 12 56 55 8 17 66 10 47 96 93 4 69 57 22 96 83 61 56 15 1 78 34 24 23 14 20 90 59 94 33 54 58 40 61 65 56 78 27 2 73 19 
57 93 27 30 88 9 91 95 24 43 73 57 67 47 22 86 36 81 31 20 86 88 59 98 5 66 75 83 20 99 53 76 91 80 6 79 88 48 73 63 90 97 19 56 43 93 93 30 73 24 1 10 
63 59 8 19 77 34 1 96 33 54 23 75 85 80 53 72 27 78 35 17 26 5 24 21 97 17 50 21 92 51 83 6 61 42 25 37 75 25 32 59 30 7 34 14 86 38 38 13 15 24 81 41 
28 4 61 77 72 62 49 15 64 31 21 77 24 97 13 99 21 97 57 3 3 42 16 88 80 53 52 46 28 32 38 8 88 50 84 11 12 84 78 27 67 98 3 90 94 68 40 66 64 49 68 18 
90 36 57 21 40 9 67 68 92 4 75 31 54 10 42 17 93 19 43 11 68 98 1 13 65 40 30 28 40 50 97 30 85 53 50 76 13 68 43 5 72 69 35 25 78 28 41 23 98 35 33 17 
32 85 29 96 25 11 75 16 60 71 45 96 76 47 71 88 14 66 92 37 34 79 61 64 58 53 86 56 40 70 24 71 55 53 19 31 15 93 46 74 16 43 69 91 89 39 78 54 4 22 91 90 
52 3 53 61 8 90 16 47 59 92 17 65 96 87 95 10 32 93 83 47 35 3 89 75 41 18 28 97 39 70 86 42 73 90 3 80 79 70 26 89 61 94 54 56 81 100 65 12 92 99 10 26 
1 98 100 94 15 80 90 6 49 27 99 21 16 1 52 94 23 29 34 83 23 87 91 55 39 7 18 30 6 27 8 58 76 59 51 42 38 40 47 39 66 46 11 33 98 63 26 20 91 12 55 65 
98 45 71 88 51 88 18 8 66 77 66 41 35 16 35 25 8 81 63 25 78 25 58 76 87 35 47 78 46 1 94 96 45 65 83 48 52 52 55 70 80 72 62 67 88 96 43 47 29 57 71 6 
81 80 33 68 15 80 97 12 80 90 59 77 6 94 76 58 97 30 79 77 54 40 43 41 88 85 39 16 93 61 73 73 41 6 40 7 85 36 70 16 78 29 44 83 22 19 92 70 1 22 46 54 
62 40 46 1 76 84 16 68 44 88 41 36 45 32 42 81 68 64 97 97 92 92 31 65 11 75 34 63 96 32 16 9 71 61 9 99 96 76 66 39 64 58 27 8 90 20 41 9 83 89 5 26 
80 87 42 42 61 28 4 57 59 19 17 81 31 26 79 26 1 97 17 16 54 43 76 43 14 16 51 97 4 7 74 83 94 16 77 6 43 80 14 53 51 31 33 81 56 12 59 8 8 27 24 13 
21 99 56 34 66 58 30 69 65 56 3 10 71 79 15 65 11 29 17 61 11 49 93 66 12 3 25 71 29 48 84 49 98 39 83 15 48 64 35 12 71 38 73 41 68 40 5 30 68 73 90 30 
22 35 95 33 89 71 56 70 71 39 18 68 29 52 35 76 68 69 40 38 6 12 31 26 51 87 55 70 60 97 99 33 83 45 17 71 16 72 92 86 10 10 5 90 13 39 66 32 60 57 22 17 
68 52 42 71 90 49 40 49 45 91 33 79 35 50 1 2 21 93 87 83 2 44 24 66 34 89 50 93 45 71 10 65 22 3 35 11 51 26 12 95 16 44 25 51 45 26 52 66 18 91 100 71 
34 23 36 67 64 85 12 60 7 21 24 28 23 10 91 74 36 54 20 51 49 45 1 94 70 5 11 87 95 10 9 80 84 44 98 99 81 9 59 87 29 34 67 4 44 9 29 79 14 48 81 62 
44 34 55 65 38 65 3 84 26 11 15 62 7 12 12 87 73 70 25 53 56 43 56 51 3 36 81 16 36 61 78 79 94 84 96 83 1 98 18 78 9 84 91 15 96 3 53 20 72 29 72 79 
72 80 29 74 15 9 42 50 22 19 81 15 54 76 50 54 73 19 84 33 3 74 99 50 76 3 69 100 32 40 78 55 71 59 80 86 67 21 87 88 91 67 55 97 94 56 2 19 74 85 51 76 
59 2 25 34 4 45 33 87 37 63 93 7 21 25 44 39 45 31 79 88 49 33 84 43 40 37 61 13 22 63 41 80 64 17 65 20 62 50 58 98 12 51 4 84 75 100 22 71 30 100 10 30 
84 45 72 23 82 84 88 3 99 28 34 62 44 98 33 5 99 91 54 10 93 58 93 19 57 67 89 38 66 51 67 2 95 91 24 28 26 11 82 24 90 15 38 34 65 70 90 63 12 44 25 4 
53 69 22 61 35 63 98 53 65 16 54 11 58 29 39 84 40 20 59 81 87 96 66 51 18 56 65 29 51 89 33 3 58 6 63 92 68 12 96 84 79 49 95 37 30 33 72 21 4 30 1 90 
78 67 92 95 74 57 23 24 45 7 78 54 13 92 98 32 3 93 16 33 94 10 69 23 94 92 43 49 74 95 39 51 61 82 97 34 38 71 9 35 78 86 88 42 77 37 25 31 30 92 64 75 
53 84 97 46 76 91 95 49 85 85 51 98 66 47 31 56 69 40 42 98 77 29 39 54 66 16 36 47 7 99 21 60 83 69 57 58 59 3 58 95 87 8 92 5 6 75 60 26 66 53 24 42 
33 62 47 50 77 83 96 36 81 68 95 15 36 51 24 46 54 81 41 92 40 32 96 97 6 7 23 71 59 46 65 92 59 11 41 88 93 89 23 26 56 17 40 44 19 64 89 24 96 29 16 88 
13 63 84 70 22 58 93 32 55 57 75 66 19 68 53 12 56 75 89 63 43 80 6 13 95 47 37 91 27 4 30 91 66 65 61 39 23 5 71 29 61 45 94 79 64 46 42 19 72 82 34 66 
62 91 79 56 37 67 46 16 70 27 6 87 92 18 26 14 22 48 94 34 44 88 65 8 85 58 78 9 40 11 74 1 2 4 56 90 70 54 5 39 80 63 78 71 80 55 36 54 2 30 87 45 
69 51 52 53 9 30 61 48 92 87 100 93 90 55 35 12 8 91 2 40 53 79 10 85 33 98 38 34 27 76 31 95 27 82 99 87 63 12 86 55 98 85 99 39 91 33 50 51 76 52 90 28 
82 51 64 15 48 1 100 74 77 30 20 55 64 19 93 78 30 78 32 79 14 83 17 4 67 67 6 42 70 95 70 51 98 85 65 45 86 17 71 14 46 90 68 61 60 12 39 89 89 70 67 54 
4 36 9 71 54 15 12 23 61 33 73 58 18 90 3 55 6 73 68 3 14 87 64 74 98 54 62 38 23 81 43 27 68 51 49 21 17 60 43 78 93 67 87 10 8 41 64 13 13 83 68 79 
21 83 52 18 36 65 7 10 97 49 88 64 99 36 84 68 96 26 45 40 45 83 1 52 24 16 17 88 98 84 66 18 18 69 87 53 34 93 14 30 93 2 46 43 37 29 10 84 7 6 23 51 
89 75 54 12 90 70 99 87 5 17 56 22 85 42 26 18 86 40 100 78 93 97 21 81 25 82 17 83 88 91 85 76 66 39 39 55 60 89 42 65 5 97 38 42 91 16 11 76 7 62 6 99 
58 78 31 35 59 47 17 46 38 54 73 3 92 63 57 3 52 50 19 8 47 57 49 89 24 12 16 30 73 21 80 31 98 62 65 57 9 33 54 46 86 79 100 29 41 56 32 44 6 50 52 4 
58 52 44 81 15 59 62 88 80 93 18 77 55 34 85 63 66 39 60 52 17 59 80 57 66 11 53 23 13 56 78 70 59 21 3 74 80 16 61 11 9 30 87 15 63 24 77 28 62 88 79 30 
98 59 38 15 21 90 38 33 45 15 55 4 88 57 29 19 24 89 29 32 18 67 46 80 90 74 59 3 13 38 32 10 48 70 25 68 11 14 53 8 80 59 63 67 67 91 85 90 79 13 22 48 
80 19 79 21 45 37 24 57 74 55 67 21 76 43 41 39 56 45 46 87 3 8 54 21 98 90 10 28 55 31 75 86 2 53 6 46 89 29 2 15 36 20 87 63 14 79 1 21 75 46 8 29 
5 13 49 54 2 59 81 8 41 7 93 42 59 51 39 100 79 93 14 66 64 52 29 78 31 81 50 5 79 57 34 83 69 34 89 23 92 69 30 33 76 75 26 86 25 17 85 55 9 50 21 72 
54 1 1 84 33 51 40 11 59 25 46 28 59 34 2 50 54 83 34 29 57 12 67 81 28 3 36 88 53 8 11 6 8 12 41 40 14 32 3 72 57 48 51 15 33 52 16 86 35 2 67 43 
13 33 24 92 35 11 31 39 18 41 96 77 4 88 68 17 20 70 89 76 69 39 42 1 43 57 39 77 10 5 19 74 89 94 65 23 4 47 14 73 88 61 49 43 49 17 60 68 38 48 95 7 
38 36 59 80 44 97 8 54 1 79 79 41 24 96 64 28 42 29 52 81 89 1 24 37 69 83 56 6 82 50 12 71 37 71 51 81 67 10 86 20 88 64 60 12 59 75 91 53 55 42 33 44 
94 56 32 62 90 88 68 71 89 31 42 26 53 44 58 72 53 43 43 93 58 54 56 69 29 98 21 35 91 5 78 85 61 10 98 50 49 17 73 37 48 66 62 100 9 71 71 13 13 65 57 23 
19 12 43 47 61 63 33 52 19 11 88 79 72 85 81 72 54 5 8 1 70 22 52 30 92 75 94 57 39 51 31 57 14 73 55 27 87 88 78 5 50 17 84 21 1 16 44 54 20 3 6 41 
24 10 22 68 84 15 76 74 17 6 83 83 78 37 9 64 76 38 68 25 54 3 97 6 70 40 12 89 43 17 81 18 78 2 85 13 17 60 87 85 65 69 67 94 57 75 57 33 12 77 57 17 
79 6 23 49 45 34 89 39 2 22 57 80 23 93 92 91 5 30 76 21 98 42 15 55 69 23 87 80 99 95 97 30 100 71 30 97 4 70 35 57 91 43 36 14 36 80 56 40 9 31 12 7 
25 26 13 93 49 51 24 99 45 20 80 97 42 61 93 45 31 27 2 21 70 89 86 57 68 42 48 29 24 59 35 48 37 99 40 85 49 64 35 45 35 67 41 77 27 33 73 57 12 26 30 33 
67 67 89 34 60 36 14 84 94 48 31 30 46 23 66 46 38 53 91 72 19 31 100 45 16 25 54 27 50 83 59 16 1 99 2 61 34 15 44 79 15 26 61 12 100 78 58 37 82 100 9 52 
82 60 97 97 84 2 75 86 84 85 1 84 83 54 44 68 21 39 47 87 17 59 98 16 88 7 53 70 58 13 21 40 24 69 88 8 70 63 93 5 47 45 41 82 51 36 49 23 75 47 9 43 
5 58 58 45 65 62 14 74 26 86 13 50 7 53 9 76 15 53 33 13 49 73 46 99 8 95 21 34 41 29 76 98 39 86 42 3 99 7 28 25 44 41 26 50 45 86 78 59 38 10 23 86 
82 69 37 89 15 9 23 55 90 50 4 28 35 97 82 86 55 9 10 51 1 87 52 45 24 29 55 61 90 78 98 71 98 86 12 12 95 86 18 84 35 74 11 22 22 92 7 77 52 68 79 53 
6 30 97 29 59 52 41 48 81 38 71 30 76 34 93 70 19 10 53 5 35 15 78 57 6 36 85 57 3 63 61 60 92 58 40 2 61 80 2 41 70 72 70 45 5 14 14 75 23 18 31 10 
32 9 66 89 44 2 97 99 64 58 10 7 67 50 9 27 29 62 19 50 33 40 94 89 53 59 15 27 76 45 36 59 53 53 47 49 54 96 99 69 53 60 28 19 9 88 97 90 49 15 39 33 
54 85 21 6 43 35 32 71 31 20 29 84 72 28 84 78 23 34 98 27 93 25 97 2 12 93 43 12 7 81 44 12 65 16 69 60 2 52 82 33 71 10 68 95 89 3 24 63 36 21 89 28 
98 85 81 61 77 23 73 35 56 68 98 72 84 66 31 37 18 64 69 40 26 88 86 14 90 9 77 25 30 65 5 27 2 85 87 78 60 11 65 15 79 62 38 14 28 21 50 97 84 71 88 9 
58 74 75 48 82 51 72 63 67 76 41 68 13 80 98 24 90 62 90 20 23 27 33 2 47 35 50 31 5 38 91 62 63 65 9 96 15 81 11 34 8 51 1 72 82 50 95 24 11 84 43 86 
63 28 39 9 62 89 91 18 26 82 79 40 98 88 35 65 20 45 98 79 48 50 3 29 100 97 52 62 33 47 47 95 26 86 55 87 26 46 4 51 79 34 42 76 21 76 40 92 21 89 23 68 
39 25 96 90 21 100 51 5 46 50 51 71 35 6 9 60 3 64 62 33 49 55 8 22 30 100 13 50 88 35 69 26 11 17 67 84 68 18 88 65 67 91 87 53 96 95 64 50 10 77 82 58 
31 41 79 60 40 44 62 80 30 82 57 41 98 24 24 65 41 63 29 59 53 15 11 100 61 74 49 22 2 82 32 32 23 10 43 14 5 56 93 35 38 50 75 87 73 50 4 65 12 84 23 65 
51 33 64 11 58 65 85 59 98 16 42 20 77 84 86 82 40 78 68 29 79 94 15 51 43 18 67 6 2 89 70 52 21 86 14 30 2 50 40 99 65 81 71 42 17 56 75 8 85 42 36 64 
35 2 66 29 20 33 34 73 21 4 76 94 41 41 23 94 91 63 92 55 95 14 48 11 69 74 70 54 15 5 69 1 59 34 29 30 66 63 2 39 18 29 84 10 69 58 55 59 72 46 66 67 
12 65 29 80 39 99 85 5 55 53 58 13 39 38 42 56 52 95 94 21 23 77 30 44 87 84 2 58 82 19 24 93 36 5 24 26 3 61 30 9 13 39 22 51 77 15 59 28 10 52 49 84 
81 30 27 67 66 29 24 99 99 100 43 34 4 66 59 58 26 41 66 91 79 39 93 7 6 51 87 15 55 87 98 87 16 25 5 33 5 80 31 55 79 73 41 34 91 99 43 16 91 61 58 22 
99 51 80 4 53 66 70 7 52 20 45 20 96 49 52 100 29 83 6 59 7 46 93 97 97 35 65 39 47 22 60 46 24 92 1 29 57 23 87 61 42 32 80 37 80 31 88 60 65 93 19 72 
91 11 68 87 97 84 25 96 6 37 41 81 28 93 9 36 15 96 96 56 79 75 44 58 58 31 18 22 24 88 45 14 50 65 52 98 48 28 93 53 64 33 86 43 78 94 79 92 41 26 100 19 
1 43 29 58 26 98 31 49 85 76 14 34 40 17 31 39 44 24 92 60 8 29 54 37 74 32 81 15 10 32 85 10 74 65 19 99 62 1 99 98 28 64 83 19 80 66 58 76 41 1 35 48 
29 88 37 2 72 17 68 33 48 5 42 73 69 12 24 83 64 74 80 92 38 63 10 69 28 19 44 20 19 30 19 47 70 55 1 93 71 20 25 70 24 18 43 93 81 18 75 44 91 54 87 28 
68 97 49 47 15 44 66 86 26 85 84 47 91 84 91 62 4 67 83 79 84 77 71 16 94 45 59 85 51 46 64 70 94 64 17 60 8 34 45 85 70 29 31 61 64 21 74 19 87 56 98 22 
33 68 37 26 65 47 62 15 44 26 36 37 89 52 49 48 38 93 32 7 73 62 67 89 34 40 7 72 96 56 93 80 76 81 5 40 28 67 6 71 44 41 60 84 45 8 32 82 52 63 40 77 
77 7 65 10 98 23 82 45 79 26 24 54 7 81 45 34 99 2 56 42 94 15 25 38 74 56 71 78 71 11 54 47 69 70 8 18 92 41 63 22 67 86 27 25 18 23 58 16 24 65 57 18 
32 34 7 57 89 78 34 11 40 39 9 60 8 17 77 52 9 91 73 27 77 52 51 46 74 60 62 98 25 70 67 8 3 73 64 44 2 98 54 93 36 63 52 96 31 81 47 39 71 19 66 99 
22 16 45 96 28 6 45 52 27 11 59 30 35 74 73 37 71 26 29 7 40 33 2 70 13 100 9 35 70 26 34 92 93 78 87 20 35 83 23 61 93 33 42 27 7 14 15 29 92 96 87 31 
28 40 53 92 39 13 26 9 38 59 52 82 88 38 2 74 72 76 87 64 61 28 42 67 42 57 47 85 52 34 15 31 73 67 22 12 79 47 72 68 58 23 50 97 12 3 71 83 78 57 98 90 
36 39 56 77 47 3 13 50 88 28 80 60 46 53 23 77 52 94 96 9 16 45 57 79 99 27 61 29 35 58 18 71 49 26 99 95 28 12 97 67 91 28 26 88 81 49 64 32 42 12 92 10 
8 48 88 7 27 1 35 61 58 52 83 58 77 82 5 56 45 1 22 35 28 48 22 60 48 38 43 41 49 86 2 56 86 90 62 12 90 48 24 99 100 7 9 28 88 13 84 32 13 57 18 92 
56 39 4 3 28 46 96 76 32 97 84 17 38 97 80 79 45 3 78 96 9 86 75 48 50 58 31 62 67 48 5 22 39 8 77 66 6 72 94 37 68 29 5 6 25 84 84 21 86 13 68 47 
50 43 94 99 52 77 12 18 24 69 40 62 76 16 80 81 39 73 69 6 1 25 63 77 8 99 50 46 63 17 44 13 59 89 63 11 65 27 80 89 95 19 2 70 86 33 3 24 5 23 82 57 
48 96 86 7 94 35 4 57 51 47 21 62 36 83 24 52 9 3 40 55 22 94 25 59 26 79 35 83 53 68 91 100 63 76 59 57 62 62 65 65 61 85 26 48 19 49 99 80 51 91 34 24 
84 10 83 61 40 69 95 93 36 38 92 98 65 2 6 27 64 70 91 24 6 68 23 25 16 21 4 18 11 37 42 46 99 76 59 38 44 53 30 79 90 74 28 7 75 34 33 90 3 75 65 9 
42 87 85 9 8 88 26 18 76 67 16 74 42 74 64 37 26 93 15 68 66 43 26 93 76 58 82 30 84 47 90 25 33 74 33 92 61 10 10 89 77 25 14 70 50 77 7 27 22 73 46 39 
67 71 31 94 28 13 24 63 11 13 87 95 87 71 87 99 81 48 39 9 24 53 78 73 29 36 99 2 9 45 41 75 15 71 21 95 35 44 57 97 8 96 92 46 18 78 97 50 77 35 58 100 
87 88 72 68 23 22 69 83 18 9 10 85 32 30 31 66 73 39 15 32 34 6 78 4 35 74 5 11 8 63 10 47 2 33 14 76 6 34 59 24 43 68 60 26 49 90 91 73 28 5 4 14 
62 33 17 96 6 21 58 66 35 19 64 88 51 77 64 9 10 22 84 4 41 43 29 89 32 72 61 59 28 16 72 90 49 40 37 6 13 95 23 99 13 86 87 16 14 50 76 24 23 59 79 15 
1 60 55 84 83 67 94 10 82 18 51 82 57 40 88 21 86 10 20 50 96 6 17 9 7 92 84 81 50 15 95 2 26 49 37 8 67 31 69 48 48 20 30 56 11 69 77 96 78 48 97 25 
5 14 86 11 5 21 91 7 35 37 60 60 37 97 19 3 79 88 2 26 59 31 33 69 51 9 16 29 8 12 5 12 25 90 74 82 63 16 40 49 4 99 9 40 47 79 42 25 66 96 2 24 
26 35 44 77 95 59 57 3 71 13 66 95 55 40 28 17 7 67 65 11 18 25 50 64 4 44 41 21 39 42 45 16 76 88 44 23 99 52 25 69 65 90 15 19 81 95 35 88 61 51 98 78 
76 99 94 79 42 34 51 32 75 95 48 3 35 43 25 33 95 1 53 59 42 19 29 23 13 15 62 74 65 11 3 40 9 96 70 3 81 21 86 8 67 33 62 53 28 38 37 22 38 41 32 79 
60 60 53 72 74 14 97 90 24 52 82 85 99 51 87 32 23 72 39 42 57 100 94 84 89 31 57 26 71 88 56 82 99 9 6 72 74 54 13 98 5 94 34 56 45 72 87 19 95 77 60 3 
28 6 86 16 88 94 41 10 81 96 92 79 56 97 2 30 2 15 79 7 8 64 14 4 35 100 75 29 76 86 32 3 91 69 18 78 63 10 40 95 57 31 26 65 79 27 46 80 93 24 38 53 
87 51 56 73 50 82 53 77 68 84 31 58 5 100 88 19 61 27 65 18 9 90 82 87 69 27 18 61 2 56 65 40 6 73 64 8 54 16 36 21 52 67 31 8 66 70 26 27 48 42 96 56 
32 29 94 52 7 11 12 60 66 29 51 24 1 14 31 54 29 66 27 80 84 57 87 2 78 64 80 25 6 27 32 89 55 77 40 13 87 3 72 5 31 22 28 31 35 10 37 15 27 63 95 63 
71 33 64 48 49 43 24 54 21 7 42 75 83 33 87 69 35 10 25 18 31 52 48 17 13 36 31 92 98 77 54 68 10 17 67 58 11 90 63 83 96 56 57 78 88 95 99 74 4 23 91 86 
27 91 2 91 26 32 82 76 9 35 43 70 3 62 27 65 51 41 47 99 96 55 28 35 49 26 8 4 1 51 89 79 93 90 69 70 74 51 45 34 37 40 3 92 1 81 56 3 21 55 1 68 
9 81 2 10 58 61 13 58 63 54 36 7 95 57 77 68 7 73 1 95 12 3 86 12 35 94 15 7 100 67 74 60 47 27 69 5 88 34 14 2 87 2 9 81 58 85 1 16 57 1 62 21 
56 48 84 42 93 50 49 92 17 22 51 15 49 72 71 88 57 37 89 95 90 49 27 99 33 27 14 42 80 27 14 87 26 97 28 18 47 76 61 15 50 64 81 98 35 4 37 91 40 77 85 29 
26 63 27 10 90 92 3 21 70 16 7 96 13 34 13 11 62 26 77 11 89 57 60 23 12 96 65 51 24 1 31 49 63 9 59 4 52 61 24 22 77 30 17 41 16 81 3 29 6 79 39 94 
87 50 68 99 97 32 49 20 84 32 69 47 92 79 50 44 39 74 17 67 55 85 7 70 65 9 98 23 39 88 68 26 89 36 24 85 19 24 57 3 7 77 49 99 55 50 94 93 75 10 12 30 
46 18 51 62 79 1 84 17 40 52 94 29 39 17 65 57 93 73 59 99 49 59 97 3 9 42 48 35 3 59 16 48 28 67 10 6 19 93 75 10 96 68 90 34 37 7 91 29 79 1 79 28 
60 28 82 20 69 81 54 72 39 70 19 67 88 28 24 58 73 50 67 68 70 9 54 58 15 96 38 93 96 16 72 55 43 6 26 12 86 80 83 25 1 53 43 40 33 18 97 5 20 15 24 89 
23 29 98 89 24 35 82 20 50 5 74 45 10 52 8 96 31 42 72 83 94 14 22 26 83 18 82 2 84 58 42 7 86 39 95 10 73 28 29 75 33 54 19 94 5 26 41 87 67 12 69 12 
77 90 90 60 59 71 13 43 28 55 49 66 93 95 75 18 75 55 92 59 8 62 52 65 39 93 51 57 56 72 68 33 61 57 44 72 80 56 14 59 62 14 24 55 60 98 24 34 4 67 92 12 
28 44 28 18 88 30 74 43 1 93 27 14 2 70 85 81 78 50 91 39 15 15 45 74 64 68 8 68 34 99 31 13 94 58 30 81 39 55 76 40 48 2 5 1 24 41 33 1 90 23 39 56 
89 84 29 53 3 36 72 37 87 54 49 80 63 79 13 1 85 40 92 32 93 96 84 16 88 16 68 29 39 59 84 79 42 13 83 96 100 54 32 86 7 81 18 69 11 30 22 47 69 13 79 61 
61 14 29 100 30 96 29 20 54 64 98 47 76 81 43 28 86 26 13 45 58 30 65 20 11 86 67 79 99 45 92 11 10 20 10 39 67 90 58 21 54 8 19 81 40 13 8 25 39 21 69 96 
50 86 16 61 71 82 91 21 78 34 31 87 5 93 78 72 82 87 44 35 94 14 16 85 27 75 10 65 95 30 12 97 15 27 9 38 60 51 58 89 85 89 76 41 33 53 12 14 39 7 1 85 
21 68 69 99 42 30 15 37 12 26 85 78 5 93 15 16 95 25 5 79 65 80 20 97 84 83 10 74 42 10 10 14 29 31 12 71 60 26 7 23 3 43 53 7 35 67 23 29 43 27 60 7 
58 31 3 93 65 65 18 6 26 28 19 55 58 30 25 69 7 83 44 10 25 96 68 11 14 42 39 57 20 50 63 77 32 18 21 97 82 39 2 7 66 73 61 75 54 85 43 61 19 38 22 43 
33 41 53 47 83 44 55 2 45 17 31 77 34 51 73 15 41 26 74 6 98 34 32 52 71 27 12 89 64 85 84 97 25 88 95 7 31 49 61 76 17 91 4 51 93 76 17 34 1 42 91 99 
28 23 50 98 49 13 38 12 97 73 60 73 61 54 80 91 2 92 18 19 82 73 21 26 48 89 59 1 31 2 51 58 24 52 7 24 64 96 87 12 69 47 84 29 100 15 71 54 6 41 72 39 
13 44 65 13 84 75 13 14 76 63 23 51 14 81 74 29 77 13 92 45 59 75 25 10 42 47 63 47 87 86 38 52 29 2 64 13 28 76 78 4 90 53 6 55 33 32 83 9 44 74 5 2 
100 81 11 41 28 26 40 66 11 77 17 92 30 80 56 57 7 33 12 96 37 18 2 70 49 36 30 44 61 87 45 61 67 7 53 94 84 44 60 95 20 28 86 1 8 41 58 14 25 21 62 62 
38 15 83 38 51 12 81 11 98 77 23 65 36 28 10 19 71 21 13 43 49 50 43 56 42 52 21 19 73 34 80 10 1 62 100 51 25 80 13 23 9 36 39 44 63 100 62 85 21 27 27 69 
28 70 76 70 73 48 88 45 34 19 7 34 32 6 36 56 37 48 30 45 35 20 88 97 20 2 34 40 80 60 60 7 81 87 28 54 86 15 50 71 85 8 4 16 65 39 24 2 39 53 98 73 
73 38 22 92 39 55 83 70 66 94 76 47 80 4 52 17 70 53 88 55 61 43 70 25 34 93 78 72 98 76 96 70 13 17 13 3 23 47 72 89 40 47 87 71 2 38 87 72 42 26 26 2 
69 47 79 2 40 56 73 37 31 68 58 95 37 70 97 59 68 68 99 7 67 85 29 68 74 15 39 16 93 64 69 61 11 47 62 2 55 86 90 85 5 47 80 41 68 28 52 35 96 50 93 62 
87 21 29 12 87 68 79 79 83 48 39 45 46 52 46 100 89 35 37 94 33 68 86 100 95 89 86 90 91 78 3 77 50 84 88 37 3 67 67 85 66 6 82 11 9 27 63 98 14 99 91 98 
18 28 98 12 17 35 54 7 65 8 83 14 91 22 50 93 40 69 78 5 26 59 68 34 37 82 31 2 80 73 100 49 53 49 60 69 83 65 75 47 73 9 61 63 82 62 56 22 30 85 78 55 
95 97 41 83 78 23 85 9 48 36 57 100 84 69 68 18 33 94 65 5 2 77 20 83 90 75 56 72 59 34 78 5 30 18 87 60 41 23 68 40 58 77 39 41 45 6 59 77 99 75 34 52 
3 53 86 92 79 42 63 89 27 41 93 56 10 79 67 2 2 35 41 11 11 79 52 7 36 62 83 86 88 68 89 90 20 75 81 98 16 96 86 42 88 30 49 97 61 68 51 62 2 91 72 64 
22 75 70 9 88 4 47 75 72 35 64 43 9 97 41 76 92 78 69 79 8 18 27 68 85 29 81 38 20 4 53 93 31 74 53 18 77 99 45 100 34 8 43 94 4 35 70 47 12 90 25 71 
59 4 90 95 32 22 32 3 78 36 47 60 9 100 29 38 98 73 89 83 33 31 77 88 65 98 35 29 39 59 51 98 14 93 92 46 14 76 100 43 11 47 2 72 46 83 61 95 55 49 78 87 
32 6 75 48 55 61 76 93 19 79 90 85 71 34 30 36 9 81 79 71 27 32 94 72 14 6 67 21 55 96 59 38 1 85 85 7 45 13 99 16 91 41 100 61 74 81 48 34 61 78 4 88 
10 50 11 75 55 29 47 61 76 6 98 28 90 35 34 87 47 85 2 37 25 53 49 50 33 48 83 45 26 38 84 87 87 95 61 94 75 8 54 51 65 4 78 54 38 64 92 84 48 93 72 72 
45 72 21 29 19 3 74 96 92 57 82 79 3 43 72 30 2 77 32 66 80 9 71 17 72 63 52 19 7 23 42 52 46 62 80 65 16 5 60 60 14 94 38 68 88 61 97 89 37 28 6 17 
89 28 85 12 90 37 83 97 11 24 100 57 38 31 73 5 88 84 64 1 77 53 68 64 65 17 4 2 96 9 70 84 37 54 48 78 42 30 26 53 53 77 61 42 60 33 99 47 16 62 99 45 
67 66 8 31 34 64 84 30 72 53 65 60 59 12 90 52 41 15 4 46 44 64 39 3 48 37 49 16 51 47 60 17 64 19 99 50 82 83 79 6 35 95 65 45 7 6 97 99 21 52 96 16 
16 35 18 15 23 18 30 73 16 41 41 79 60 40 80 93 22 58 98 8 5 15 53 11 20 1 61 92 52 57 7 19 43 76 34 17 93 63 42 8 4 82 39 15 73 18 7 46 28 57 54 32 
71 58 42 42 58 54 34 9 62 92 28 56 68 13 73 12 75 14 20 30 47 10 96 72 27 55 17 54 11 70 85 33 79 78 74 36 84 59 97 45 3 76 1 22 88 25 33 62 90 4 44 36 
13 39 7 40 93 24 45 55 45 82 87 24 11 13 11 94 71 7 91 73 82 91 94 69 67 79 83 56 82 78 91 95 16 50 86 61 25 82 15 69 63 54 44 26 66 55 19 88 13 9 61 95 
51 6 15 69 36 97 24 18 74 67 64 42 16 1 54 92 82 20 12 97 73 56 22 90 62 40 78 74 1 90 68 3 95 83 72 83 31 95 100 5 13 15 46 28 15 51 19 96 70 31 92 43 
38 65 32 99 5 9 72 57 98 92 11 45 74 34 27 4 81 78 60 93 92 57 73 58 7 91 5 77 73 49 71 62 13 54 60 17 63 84 25 12 75 36 8 100 21 86 55 1 63 15 94 6 
71 66 15 78 8 20 6 33 68 76 94 80 29 6 49 43 89 73 7 15 60 66 14 81 52 20 81 66 34 26 24 57 91 38 86 51 57 91 83 24 18 28 4 98 33 52 41 73 76 99 39 88 
64 52 68 67 72 100 33 57 26 56 13 68 93 98 18 2 40 52 25 57 80 80 55 12 83 47 37 59 45 75 46 60 79 65 27 2 16 11 58 93 18 71 61 62 20 30 63 60 82 40 16 61 
19 22 24 54 68 60 12 64 35 9 76 13 25 54 14 40 64 23 33 81 45 45 42 65 74 5 76 7 96 43 19 14 65 43 67 84 54 30 100 88 90 75 52 66 28 17 6 43 92 90 23 36 
86 16 52 11 72 27 18 67 70 36 33 86 30 51 69 84 81 20 23 22 94 27 88 73 43 45 15 34 34 89 22 19 57 73 29 28 52 98 47 73 86 79 58 15 29 78 50 61 50 73 83 95 
51 70 68 93 66 34 79 99 75 52 69 31 24 49 10 27 99 56 99 84 34 8 98 63 38 100 23 87 24 57 81 74 26 100 66 91 86 96 41 60 99 61 90 75 10 51 1 8 7 52 43 40 
59 92 54 48 91 77 86 14 33 19 87 11 18 5 53 3 52 46 14 51 6 55 25 67 6 25 26 12 76 68 3 87 12 57 86 2 85 72 68 69 42 54 31 59 10 84 14 62 81 79 12 38 
34 36 57 39 12 82 2 40 2 4 78 13 60 63 66 96 86 33 65 27 39 95 38 48 30 3 9 10 81 72 48 14 59 4 4 71 37 5 62 90 61 39 54 72 53 72 68 39 4 32 17 94 
78 54 42 8 8 2 69 89 74 68 54 32 23 58 2 12 14 15 1 74 53 7 98 6 78 65 96 33 48 12 27 77 18 68 84 25 69 5 65 94 72 19 26 47 28 79 58 41 94 10 67 98 
16 64 3 93 80 98 26 79 10 52 55 27 71 39 3 91 95 68 85 66 86 62 64 65 92 21 57 85 31 23 35 46 38 37 91 69 87 68 47 48 19 2 74 41 40 28 83 86 95 67 51 32 
80 15 48 72 87 5 8 17 79 42 15 17 31 5 85 17 72 84 64 42 85 89 34 76 68 16 61 63 35 63 46 14 29 94 37 16 50 97 84 28 90 98 44 72 54 81 88 77 64 3 70 100 
43 3 75 11 19 35 25 5 97 22 70 26 67 59 93 16 55 76 44 96 74 39 68 79 71 7 56 86 62 25 85 4 80 59 66 98 45 90 54 94 64 23 71 30 81 63 46 87 38 41 83 63 
79 50 94 50 8 49 35 69 25 20 73 4 30 90 53 27 32 6 20 95 81 90 76 61 4 21 48 93 13 30 8 92 31 1 41 38 1 27 59 25 98 83 81 28 72 85 6 3 91 25 97 23 
66 25 83 69 45 82 61 58 63 68 1 93 20 93 83 20 19 93 97 69 75 77 48 46 13 53 49 55 77 97 77 42 21 60 62 18 41 74 27 56 94 27 100 13 71 34 33 41 26 81 9 100 
57 56 46 21 8 46 76 84 94 52 77 15 11 38 84 4 12 10 59 5 88 10 69 10 44 1 50 69 81 59 69 89 14 66 10 22 11 85 57 4 88 34 70 99 23 53 54 86 14 64 42 53 
73 11 62 16 63 64 85 96 22 5 84 87 70 45 8 32 81 17 35 69 50 57 19 24 9 24 10 75 87 51 79 11 61 41 79 76 56 63 71 77 19 54 63 40 51 23 71 83 39 5 51 40 
61 21 63 22 44 24 96 82 75 26 93 87 18 71 62 73 85 32 49 3 38 64 94 40 38 64 22 28 20 25 67 81 45 81 54 41 5 1 22 79 26 66 17 44 36 31 16 72 62 17 26 51 
32 19 42 21 82 64 48 2 40 14 34 36 94 87 76 98 39 50 28 64 15 97 59 51 27 27 22 40 95 48 43 26 66 84 46 100 99 93 1 38 58 34 74 3 72 1 53 10 50 32 25 65 
28 36 15 6 62 88 46 56 87 88 33 53 23 30 4 22 74 4 59 31 89 84 85 60 85 37 21 34 69 97 98 96 32 64 2 45 52 99 52 38 38 84 42 60 65 45 81 38 100 92 20 88 
75 5 99 11 41 71 45 9 20 94 57 51 58 10 48 61 8 99 98 45 35 92 56 99 88 89 89 40 32 8 27 58 64 78 69 57 100 13 65 19 6 73 70 15 82 69 75 41 67 73 85 1 
16 93 52 55 33 40 94 64 99 73 21 15 50 89 71 49 53 87 68 11 60 89 25 41 57 100 82 75 24 18 28 91 62 31 45 94 22 39 57 20 63 30 86 12 70 56 12 23 43 31 33 2 
71 9 94 79 8 27 54 31 97 33 21 58 63 18 52 84 56 60 55 70 41 93 81 11 48 44 85 90 75 17 43 97 25 89 76 85 15 81 67 11 13 88 69 27 57 72 62 64 83 68 33 24 
60 13 86 8 8 70 49 34 38 44 31 14 32 6 98 46 86 65 9 50 4 29 76 60 100 89 75 34 56 7 9 16 71 94 75 78 15 23 12 52 66 94 66 97 51 15 95 88 31 3 37 34 
31 64 45 82 4 19 67 59 77 76 74 47 21 48 77 36 23 40 39 88 33 4 37 83 71 83 70 1 85 58 87 67 73 83 100 76 54 66 34 30 93 60 77 14 59 5 1 33 44 39 21 76 
95 9 10 65 91 31 17 27 88 3 93 12 86 44 39 39 9 72 20 54 83 48 19 94 52 19 26 95 9 98 22 3 58 31 19 48 61 36 26 100 38 70 63 75 13 1 65 74 25 85 27 7 
32 45 52 84 15 30 78 23 27 100 78 85 82 96 84 43 83 10 94 73 31 57 47 44 57 12 17 33 48 95 92 79 39 43 62 53 72 92 75 51 43 4 87 24 52 70 18 34 31 64 58 62 
20 57 57 28 68 25 61 67 19 4 45 57 46 59 61 70 50 87 20 44 91 6 67 42 27 37 27 10 100 85 23 19 41 79 98 60 3 10 26 73 13 22 29 11 80 89 80 81 75 51 24 17 
8 91 10 34 27 37 95 26 73 17 96 13 47 45 24 1 55 1 73 19 22 1 29 2 41 60 82 68 62 6 84 69 48 94 55 26 82 49 3 54 18 98 18 64 94 93 65 48 93 37 19 14 
90 99 67 82 59 1 49 72 58 85 41 57 30 95 82 11 95 84 16 12 33 33 28 26 25 92 26 69 80 96 34 69 94 53 51 4 53 51 76 62 35 16 70 16 62 51 78 8 86 93 72 70 
77 99 47 53 90 72 73 69 19 7 90 13 59 92 16 63 42 91 76 29 58 45 44 71 47 22 79 32 66 50 53 95 48 99 47 89 23 20 9 41 78 50 5 36 41 21 50 83 63 25 63 73 
69 58 43 67 79 73 50 97 74 2 91 73 52 89 61 74 60 22 67 89 71 71 24 64 43 25 98 6 49 60 78 69 17 72 35 48 97 84 96 70 37 38 43 89 26 55 14 38 76 80 26 99 
51 2 62 45 26 59 50 27 70 79 95 38 3 82 85 99 17 80 68 54 17 62 94 95 17 7 84 44 39 9 42 89 62 55 33 40 65 35 66 86 65 12 24 67 93 8 17 62 40 37 15 8 
98 60 2 14 66 37 58 4 98 51 44 59 58 29 98 22 15 15 8 79 27 83 98 71 90 14 32 81 50 98 89 48 57 42 13 75 79 22 78 28 25 74 86 82 54 36 55 68 2 14 46 28 
96 95 99 38 9 82 18 10 80 6 9 88 100 22 62 30 95 92 57 19 65 94 100 70 81 55 37 83 20 34 10 16 29 60 53 89 42 70 98 73 28 59 60 79 80 22 8 74 13 64 45 29 
9 44 98 90 50 86 24 70 19 85 37 99 45 89 87 38 10 37 10 37 95 69 15 26 42 74 51 54 89 95 34 98 91 83 39 40 68 62 61 87 46 97 37 42 37 24 79 47 12 40 35 58 
9 2 35 50 75 85 56 64 32 41 13 22 24 3 13 91 16 26 29 61 22 66 55 11 41 33 57 4 73 91 61 33 92 47 34 19 83 41 34 14 82 98 87 57 100 52 99 15 29 28 27 2 
45 81 12 37 14 68 40 38 11 52 70 54 98 55 72 32 96 5 46 77 54 84 33 53 87 31 67 15 10 94 17 6 26 28 42 39 48 33 28 58 84 49 11 33 4 83 65 99 39 62 27 93 
45 11 97 84 93 16 98 55 9 14 60 86 94 54 77 41 86 4 98 70 53 60 2 8 94 18 58 85 79 36 29 76 46 25 59 90 40 56 44 100 22 56 86 67 9 62 7 94 65 56 15 69 
15 69 28 61 86 85 45 65 72 73 40 69 97 50 59 89 57 54 88 30 61 73 96 69 86 54 15 3 9 29 23 76 97 51 36 35 87 32 99 59 4 90 27 52 91 37 40 47 91 28 77 3 
52 24 72 90 78 38 92 38 18 14 13 67 16 100 1 3 31 51 61 86 92 39 38 82 76 77 28 18 56 56 72 60 80 43 49 9 32 92 46 50 5 11 16 21 10 16 75 93 18 87 78 9 
25 67 90 52 96 69 21 3 77 93 62 8 87 62 16 19 53 61 20 10 71 87 30 33 2 56 77 71 42 6 79 66 73 68 70 68 88 90 70 64 34 84 71 73 45 86 91 50 99 62 59 21 
48 40 5 1 95 81 71 36 39 49 53 11 68 74 30 55 16 51 71 49 86 93 21 83 79 63 84 29 24 42 1 23 33 6 23 79 38 45 66 76 45 18 38 12 44 19 19 59 22 41 7 7 
33 80 41 63 42 24 91 18 17 92 92 49 49 67 79 86 11 44 14 56 14 51 19 57 22 89 15 43 29 73 1 62 52 94 24 46 17 67 15 34 58 6 34 58 72 13 43 35 8 8 42 73 
59 60 29 32 49 95 74 29 68 26 90 71 19 14 16 88 32 82 21 89 88 6 98 11 70 40 45 78 48 86 50 58 98 31 89 98 25 14 26 44 91 16 67 10 81 82 49 12 16 69 52 3 
26 49 13 96 40 10 25 39 95 26 96 92 8 36 89 85 1 67 28 92 82 94 53 14 28 1 25 43 21 28 97 98 76 61 93 15 70 69 54 17 47 1 8 54 89 49 38 41 15 18 32 48 
63 36 61 90 88 37 84 60 64 80 58 39 41 2 5 10 71 10 26 17 63 86 22 51 86 60 91 52 29 75 99 91 62 11 81 2 47 16 61 62 96 18 100 88 72 56 49 42 18 75 10 80 
12 83 82 49 42 72 100 70 98 50 61 12 12 93 13 10 8 73 71 55 43 22 42 14 77 91 7 94 17 68 73 80 50 6 28 44 30 79 65 27 80 77 38 91 69 2 100 29 75 70 83 69 
91 77 34 19 19 40 13 35 7 37 66 8 43 93 51 72 23 16 50 2 92 40 92 13 41 43 41 67 64 75 35 54 3 68 24 21 59 88 7 65 25 72 25 19 16 75 42 38 90 91 91 34 
82 82 46 23 76 38 89 39 12 24 44 15 43 68 87 2 55 94 18 31 65 42 1 33 17 42 70 58 85 61 91 18 94 88 40 22 25 81 60 89 56 56 55 98 75 41 99 81 34 69 12 51 
10 64 83 78 58 4 36 42 16 78 59 10 18 51 83 42 31 42 30 86 49 36 35 23 77 86 4 62 54 67 64 63 30 98 41 87 54 28 80 69 57 91 30 74 93 12 16 75 6 97 12 54 
85 46 29 13 31 84 74 36 50 90 99 31 87 91 70 92 70 1 61 26 43 90 100 35 2 67 61 7 15 72 12 99 70 40 11 100 23 37 88 24 78 38 7 16 28 28 8 97 28 68 74 71 
9 25 57 10 91 18 68 58 41 32 8 10 23 71 10 98 7 49 21 84 86 79 51 13 6 58 61 34 25 34 56 34 59 64 95 1 33 15 58 74 98 18 83 20 88 44 17 46 92 90 81 77 
20 31 41 26 89 1 11 65 87 18 50 97 81 97 49 14 63 59 87 60 76 21 31 63 65 48 8 56 89 88 33 8 70 25 85 58 26 95 23 64 12 24 12 45 20 60 58 82 18 96 41 93 
16 72 55 32 71 14 88 11 53 72 70 23 96 55 32 73 49 6 88 13 30 99 57 49 59 66 83 28 13 75 21 28 98 27 60 20 93 99 30 45 22 52 19 17 6 51 42 6 56 81 18 37 
80 26 38 90 91 20 17 3 94 89 83 92 16 94 11 8 44 93 4 65 44 23 33 49 25 26 6 32 7 76 69 38 1 6 27 92 77 95 46 22 84 80 13 51 25 76 58 68 20 61 32 63 
35 17 63 59 42 68 43 48 43 11 37 96 68 63 39 96 10 84 17 45 16 82 95 40 9 52 8 28 64 91 42 51 7 4 61 49 23 3 48 18 65 85 65 84 99 3 79 8 38 48 52 53 
29 46 93 37 49 100 16 65 42 57 15 49 12 75 97 86 30 44 55 94 28 19 78 27 21 56 86 59 3 90 11 83 87 55 71 36 6 86 52 48 94 18 96 5 44 44 91 73 87 97 67 67 
16 44 45 36 51 30 46 6 71 57 88 58 63 59 93 69 96 96 16 90 13 63 46 56 6 88 29 44 85 47 10 100 90 6 87 92 88 33 97 58 41 37 15 3 47 59 71 42 54 38 83 66 
100 29 74 57 16 54 1 100 100 62 51 89 68 38 32 55 70 29 12 10 17 79 64 63 37 35 56 91 24 91 8 76 19 33 32 86 86 84 38 85 46 88 25 65 77 57 71 46 37 34 7 53 
12 71 67 49 57 74 91 80 64 50 7 34 83 39 20 68 74 9 5 19 48 29 83 25 37 5 70 73 39 77 77 50 47 43 98 55 17 40 34 32 90 41 66 24 31 37 43 4 45 47 75 92 
28 9 68 64 14 38 37 52 66 65 1 64 60 51 18 28 42 3 59 31 43 24 6 73 12 49 29 8 95 3 52 22 11 19 86 76 56 74 27 73 90 28 36 49 30 5 76 71 8 35 54 50 
10 59 75 74 59 55 81 6 57 32 27 19 51 64 95 58 89 73 31 79 52 66 27 81 23 55 4 30 89 57 79 50 67 5 23 26 59 4 31 67 87 9 38 37 25 32 95 13 4 77 43 8 
94 22 88 16 76 91 45 16 99 24 17 66 80 92 43 91 47 25 57 33 85 94 22 9 77 16 74 33 92 16 40 85 89 79 53 16 70 97 31 20 72 100 37 52 91 79 42 37 55 50 69 40 
44 90 48 72 57 73 56 100 89 95 37 29 74 89 45 95 85 27 14 57 26 51 60 16 81 1 52 88 50 73 27 45 62 26 69 19 99 24 18 39 19 6 67 44 94 63 90 79 90 3 87 67 
5 46 83 38 98 86 77 99 58 3 44 20 80 64 90 78 87 59 68 57 65 35 52 58 49 41 88 90 96 74 57 52 71 39 89 68 24 65 67 82 19 62 53 99 25 42 28 11 52 96 20 16 
82 71 26 30 12 13 20 7 39 76 10 9 66 99 77 41 15 95 74 86 56 26 36 80 19 63 42 71 58 13 38 39 84 15 21 47 28 92 5 18 19 14 78 84 64 6 76 31 100 50 16 55 
27 51 86 98 65 80 68 23 92 57 13 27 72 85 25 51 76 29 20 94 95 97 29 10 3 57 40 2 6 7 9 84 9 46 81 74 77 100 48 69 57 12 47 80 97 24 30 24 4 49 18 98 
97 98 8 99 54 99 53 11 58 13 47 66 58 27 91 35 27 38 55 35 2 53 66 98 76 47 21 80 95 90 29 43 40 88 42 93 87 46 56 44 58 2 61 67 80 52 1 58 41 7 92 42 
60 57 91 35 3 64 66 49 53 95 44 92 82 37 37 20 82 44 15 91 97 76 57 76 27 58 34 19 64 77 61 75 86 51 62 40 14 27 41 19 73 84 62 7 20 50 78 1 93 93 91 89 
20 47 17 98 56 50 16 72 26 28 98 11 31 59 51 44 38 91 14 10 26 76 68 45 77 46 45 70 38 87 10 9 85 26 6 93 75 21 64 53 49 61 15 79 72 17 74 9 59 40 18 84 
67 86 28 43 83 24 12 72 10 22 80 47 47 85 39 74 5 54 26 5 14 92 35 37 9 9 45 67 48 63 51 14 100 78 56 82 2 20 53 63 93 32 9 91 68 99 64 24 52 41 29 18 
85 63 54 93 23 99 59 22 13 9 87 64 39 95 45 92 14 49 6 58 32 67 48 99 65 64 74 17 56 2 86 40 17 39 32 91 89 43 13 1 3 51 64 41 45 60 84 10 60 42 67 43 
8 67 93 24 82 67 92 37 20 77 29 88 68 60 79 56 2 43 9 57 93 24 49 90 36 33 99 95 74 18 38 33 36 30 56 17 48 48 53 68 24 81 55 91 93 85 99 46 27 7 2 72 
82 51 61 17 35 11 64 8 28 53 40 63 34 47 31 82 94 84 49 18 16 55 60 8 40 10 6 18 68 7 89 50 9 49 18 43 60 33 50 39 85 41 54 71 40 84 52 33 19 52 2 87 
6 14 94 97 23 51 15 91 58 3 92 66 4 61 61 63 94 10 53 78 3 58 100 94 42 51 26 12 2 80 98 60 93 44 8 15 94 22 57 3 77 48 21 80 9 81 94 54 42 98 83 96 
56 83 89 49 33 15 60 87 94 10 98 38 53 57 52 98 31 61 1 7 60 21 38 20 53 83 73 94 32 56 90 87 38 78 87 22 44 99 60 89 8 57 26 12 14 30 9 96 90 9 2 49 
81 91 21 33 25 93 79 56 100 68 95 89 97 81 63 41 79 22 29 38 31 7 49 96 36 10 91 25 70 92 25 51 34 97 35 58 90 13 13 41 32 7 30 29 40 92 21 70 65 1 8 95 
7 8 90 42 17 80 18 87 23 43 89 8 39 23 65 80 88 30 73 19 88 54 99 79 97 19 49 61 20 56 8 78 15 97 20 32 29 37 18 3 31 58 11 22 80 27 53 19 8 25 90 48 
78 88 26 26 59 74 87 30 81 94 7 96 42 26 27 22 15 96 25 45 53 87 66 84 65 71 55 73 95 44 20 25 31 97 50 89 71 88 70 51 81 77 46 75 2 24 96 16 71 72 13 75 
58 30 11 75 100 65 99 95 8 70 71 90 66 20 31 36 8 100 39 40 76 84 14 30 60 62 97 82 33 9 57 43 39 19 17 38 83 15 84 42 36 6 83 1 26 13 89 85 65 27 76 40 
62 42 21 21 3 18 55 35 26 63 29 16 81 45 6 15 11 41 56 98 47 90 99 72 3 87 8 19 65 35 10 26 76 31 99 78 100 53 65 25 15 45 93 47 42 98 61 4 38 68 2 36 
57 52 7 11 90 66 29 54 1 39 79 76 21 29 6 20 81 22 96 47 66 88 93 7 37 5 11 27 72 64 62 81 15 21 91 4 38 72 57 38 62 87 66 82 16 23 53 48 96 48 47 61 
88 91 20 76 48 82 54 19 97 16 99 11 88 42 14 25 65 22 15 26 60 32 59 27 6 11 27 1 10 73 13 49 15 32 25 62 65 78 33 61 45 83 23 32 24 36 9 40 9 75 65 69 
6 75 47 11 37 73 11 47 97 75 95 12 59 71 25 23 1 57 36 45 40 58 29 15 46 37 55 6 11 71 26 68 46 73 78 82 45 40 80 42 14 27 5 72 97 29 47 97 86 34 94 77 
91 22 43 88 10 97 94 20 20 19 39 65 91 68 98 88 7 78 81 72 4 85 96 52 13 42 49 50 75 42 78 17 15 21 5 24 69 50 95 88 20 33 52 11 100 50 50 58 79 30 29 82 
14 24 33 78 17 33 80 43 26 57 12 40 29 16 15 98 17 9 85 36 41 89 98 40 38 47 97 16 28 78 49 93 53 81 71 70 66 2 64 91 10 75 83 39 42 97 36 58 58 20 46 50 
8 43 90 97 42 38 64 69 67 12 62 20 45 84 41 62 37 4 4 46 31 38 84 72 87 19 82 44 91 27 93 50 21 34 99 62 24 62 83 90 26 96 61 22 31 1 35 67 57 38 12 87 
76 96 10 62 14 91 5 56 17 49 58 38 83 56 51 6 69 33 47 46 28 60 19 10 60 53 76 68 91 88 6 18 83 16 31 48 6 87 56 75 35 13 64 69 68 14 26 88 99 73 34 78 
32 52 88 43 57 63 63 47 2 68 16 84 35 46 84 93 32 39 19 66 51 82 35 70 47 60 9 45 84 42 75 67 46 62 62 2 76 24 100 78 43 15 13 78 60 96 22 43 86 40 8 36 
73 94 57 19 6 66 16 89 59 90 56 4 3 69 57 78 92 56 7 34 22 20 63 81 15 36 23 1 75 83 88 47 28 97 18 33 14 33 74 24 74 81 80 76 49 36 5 40 92 12 25 13 
83 40 46 97 75 20 49 2 54 89 100 82 37 17 66 50 1 39 73 74 19 52 1 19 40 58 10 31 21 87 95 3 26 92 51 52 64 52 5 17 40 5 50 76 73 16 77 74 6 1 99 77 
5 100 95 44 57 5 26 29 91 20 31 68 64 81 71 27 32 76 43 23 32 93 50 4 60 26 77 65 27 28 41 83 27 36 26 35 92 51 63 34 22 45 1 85 25 23 63 9 98 58 31 81 
2 81 85 61 58 13 77 36 40 18 18 18 5 43 4 48 45 18 81 67 62 33 3 39 55 18 47 5 75 29 85 76 61 69 36 71 34 64 6 73 33 24 43 89 18 46 36 15 64 16 33 77 
100 87 15 55 4 13 59 78 94 43 53 54 64 40 24 97 4 82 21 36 57 63 25 26 61 60 40 76 28 72 52 79 59 19 33 62 83 91 92 76 86 44 82 49 36 57 97 39 38 69 26 46 
32 50 72 44 62 11 19 41 35 22 19 45 92 4 58 75 46 49 2 31 45 83 31 32 92 79 70 81 48 47 27 31 49 50 74 62 60 44 2 46 65 72 90 57 27 48 83 73 48 84 55 44 
67 38 75 10 16 96 90 15 43 16 45 91 65 70 52 77 13 5 74 30 28 64 86 55 63 20 27 62 3 33 6 21 70 80 30 38 28 20 52 70 87 49 60 4 18 63 32 31 67 5 60 94 
20 97 48 34 16 26 96 18 11 53 91 32 84 20 69 11 91 73 32 78 21 91 33 90 5 64 20 71 20 31 17 40 27 16 25 94 94 72 64 4 24 54 87 60 25 56 22 16 80 54 93 52 
44 25 41 1 40 61 71 59 43 39 98 22 55 75 15 48 46 30 3 70 35 89 81 60 96 2 75 75 55 19 78 51 43 19 51 34 31 73 92 73 12 42 94 66 16 61 65 61 42 67 82 77 
7 62 36 3 64 62 29 70 80 7 20 74 25 22 7 7 95 98 79 6 91 25 23 6 37 87 19 78 5 100 54 11 14 89 65 29 50 94 98 81 52 18 54 76 39 60 34 85 10 12 90 52 
88 64 58 24 2 28 2 6 27 55 69 92 96 85 20 97 78 18 78 81 87 83 8 77 43 41 62 4 53 3 55 40 67 64 64 68 91 17 26 70 71 46 61 18 30 81 15 60 98 44 40 36 
26 48 12 20 88 25 23 92 28 30 84 46 93 99 65 84 15 42 53 37 87 65 55 69 45 21 28 94 64 19 29 41 18 93 61 6 17 35 49 96 64 32 93 57 30 58 92 44 99 96 81 38 
60 87 6 5 7 85 50 22 55 31 62 73 75 74 78 43 9 78 39 24 10 83 32 39 40 23 35 91 18 67 80 78 53 37 34 11 73 35 84 27 65 45 99 91 71 28 34 31 6 24 54 15 
6 86 5 46 60 91 88 78 57 19 7 61 55 92 71 27 26 54 5 43 51 4 33 73 83 18 3 40 41 8 54 47 45 11 44 57 1 31 86 10 1 92 70 55 35 93 33 12 46 37 6 48 
92 91 20 75 8 74 14 49 34 20 95 30 82 90 86 34 72 71 43 72 14 13 26 48 57 10 12 54 46 17 2 90 7 73 16 15 99 29 63 84 100 9 13 81 98 51 15 69 73 9 92 87 
73 17 86 29 78 97 83 75 66 36 64 72 8 79 86 58 60 100 41 11 60 6 44 9 8 10 29 80 18 20 18 91 88 56 71 65 4 53 40 69 88 55 41 48 86 78 5 45 78 98 7 89 
3 50 98 62 59 26 41 77 98 11 19 85 66 89 50 69 42 41 38 81 95 30 28 32 7 33 28 36 82 35 25 36 84 74 97 43 51 37 71 48 47 89 33 64 77 34 85 70 74 74 51 20 
3 78 52 61 62 79 97 95 65 73 30 49 46 26 91 48 63 61 96 61 1 80 77 77 13 61 99 38 34 49 9 36 78 12 48 92 43 44 86 7 16 16 55 13 41 45 61 55 57 8 68 57 
87 44 86 51 56 84 88 89 84 96 76 13 8 23 56 50 19 42 8 86 9 63 51 1 59 63 8 68 70 27 24 8 22 61 58 77 96 97 17 31 44 44 44 3 18 99 4 36 92 12 22 52 
74 72 53 32 34 12 99 55 38 75 62 59 87 71 35 83 19 3 13 62 46 8 65 63 59 68 99 2 31 72 54 4 95 58 88 28 21 38 34 58 12 47 16 51 17 2 33 87 4 97 48 1 
57 64 63 67 84 13 68 14 84 73 18 78 82 5 57 2 94 42 59 58 88 26 8 56 79 92 42 34 40 42 34 96 5 49 14 88 61 34 2 97 6 71 74 40 27 83 41 20 76 52 77 64 
29 84 71 8 75 65 41 15 6 27 62 62 75 76 50 35 9 3 31 66 73 57 5 51 91 98 70 66 49 47 81 77 82 4 36 9 68 29 23 73 7 36 34 81 63 35 67 23 89 50 41 61 
58 45 11 100 94 33 17 42 31 98 71 12 1 58 20 20 38 94 92 44 82 77 24 44 64 43 19 52 92 59 65 1 3 27 100 97 59 16 90 89 65 12 53 17 22 72 36 59 18 27 3 99 
56 26 42 19 20 60 22 11 18 86 63 73 13 62 21 23 30 62 64 94 26 16 11 47 87 46 5 4 25 7 2 80 85 96 50 4 7 23 67 77 9 29 49 73 91 21 95 20 34 58 65 59 
73 75 5 12 73 10 67 97 68 21 28 52 16 29 56 22 51 22 98 59 50 98 83 92 70 78 63 4 87 28 14 60 2 19 23 74 80 89 22 47 9 49 51 76 77 6 50 80 79 99 90 28 
97 73 72 18 50 34 21 36 61 35 47 15 5 21 40 36 10 62 34 70 10 84 98 39 41 47 18 19 45 7 99 93 79 70 11 80 55 83 68 16 69 66 30 73 87 21 60 48 82 94 17 44 
29 66 82 70 12 51 40 57 9 38 1 40 59 11 19 14 94 38 29 62 4 10 87 42 30 98 89 64 91 57 7 72 23 88 41 34 90 80 42 98 70 43 89 28 5 8 41 50 97 21 64 100 
82 2 41 64 99 81 27 42 38 33 13 60 72 5 45 13 84 39 62 53 33 51 33 37 10 25 39 6 46 2 58 79 3 50 94 1 31 20 94 20 4 6 31 27 10 27 91 46 65 53 50 49 
3 82 38 12 7 76 69 4 77 26 34 31 76 28 83 58 99 77 77 3 34 7 81 44 33 72 89 50 24 90 98 78 72 35 41 30 62 9 33 38 35 66 20 62 93 3 19 92 79 47 46 12 
5 78 7 89 49 47 90 24 37 88 53 8 74 93 37 36 2 21 25 88 86 45 49 31 99 19 74 77 65 19 40 21 96 47 9 97 45 99 72 81 38 25 40 63 69 28 50 22 48 75 9 86 
71 57 16 21 75 89 49 91 59 88 11 54 86 72 2 31 70 26 63 59 50 3 21 70 30 71 92 30 97 100 15 67 9 30 87 35 70 87 26 28 74 88 33 12 11 35 42 80 60 56 38 61 
58 11 30 40 81 73 69 77 73 83 95 33 64 33 67 33 19 44 60 92 84 92 3 94 78 96 74 37 4 63 49 61 73 79 52 5 3 20 81 75 54 75 59 17 7 26 49 25 69 8 69 52 
52 23 98 29 71 23 66 74 85 14 86 10 44 38 14 99 57 95 25 11 21 84 27 28 9 28 52 29 87 72 33 38 95 30 67 65 52 84 38 88 49 23 49 45 60 63 43 69 9 67 31 29 
50 9 8 10 36 12 91 23 83 23 12 77 4 30 93 55 13 30 94 14 5 43 10 16 57 52 84 65 70 66 45 72 75 5 33 62 16 23 36 50 45 48 79 48 77 71 54 42 53 48 7 57 
42 16 72 98 19 8 14 40 73 10 11 99 14 96 61 81 18 96 83 15 43 61 14 72 83 68 65 35 67 71 43 8 38 67 5 56 74 70 95 98 79 58 97 45 53 57 25 22 4 59 36 99 
19 50 70 54 69 86 88 35 56 83 94 93 49 50 100 74 19 46 71 49 55 67 93 7 75 70 81 79 28 16 29 99 17 98 52 85 35 91 71 90 73 16 34 21 65 85 94 35 30 17 84 85 
35 28 43 10 97 23 40 25 91 68 75 7 17 26 44 51 16 66 92 89 82 77 61 98 61 7 33 42 75 68 26 9 95 21 18 44 95 9 20 37 28 94 96 96 19 39 46 86 4 89 26 37 
65 87 35 77 45 19 19 19 38 96 27 32 16 97 27 63 57 46 99 85 91 94 80 9 84 78 95 40 66 72 76 83 58 62 59 54 80 77 24 17 73 3 1 40 51 27 2 7 25 53 91 15 
46 23 76 82 100 22 21 17 93 96 99 3 58 10 8 89 38 32 6 62 86 58 2 36 36 55 42 12 7 85 79 5 7 54 86 6 27 58 74 71 5 73 73 14 34 33 3 71 16 60 33 1 
17 86 36 4 40 77 16 99 61 94 55 19 99 40 24 25 97 50 95 1 22 20 15 7 52 69 77 67 28 61 67 96 46 54 99 38 30 14 88 43 59 42 61 57 33 37 81 81 86 28 81 59 
47 47 65 50 67 93 16 46 6 34 41 3 87 92 40 68 57 79 62 16 20 23 72 52 11 5 32 48 32 65 6 30 63 22 79 30 66 46 75 71 31 68 74 69 59 65 36 15 44 98 82 63 
72 6 67 34 10 50 81 93 14 38 22 29 59 52 10 76 97 36 47 27 3 72 95 13 36 82 28 31 31 61 46 54 66 12 87 75 13 19 67 27 56 40 7 66 91 16 42 39 51 40 17 54 
63 63 18 50 45 97 81 27 58 26 81 23 89 19 50 1 38 68 79 45 8 85 11 50 52 4 89 3 95 57 8 57 20 77 6 16 74 86 42 31 63 74 53 51 93 54 4 82 22 34 26 81 
71 88 82 22 43 70 76 37 27 35 93 98 12 99 13 85 36 54 15 99 28 19 1 72 25 4 5 46 90 82 78 60 22 59 81 64 81 9 1 59 43 93 56 54 43 68 90 79 73 56 77 52 
75 29 23 99 85 79 96 74 61 25 33 82 83 65 97 15 73 97 73 16 42 28 21 84 47 11 62 20 66 90 71 92 19 46 42 3 24 89 76 36 13 60 69 48 24 66 62 97 14 87 12 55 
66 84 39 13 94 52 84 12 42 54 55 12 51 97 14 27 85 41 62 50 100 83 97 75 100 10 71 13 96 34 68 62 18 58 74 63 9 57 26 2 62 81 13 13 77 78 39 13 18 52 62 69 
86 10 44 85 20 66 98 67 100 17 28 69 74 53 83 34 9 61 36 23 41 48 87 69 78 25 81 95 28 95 16 14 56 11 98 27 76 47 94 27 63 21 47 88 74 30 22 34 90 9 8 82 
8 94 50 85 70 82 32 98 28 47 11 84 57 60 62 84 7 55 11 21 28 57 9 53 38 82 38 79 90 46 12 97 39 61 34 61 95 65 58 22 11 20 57 19 31 19 2 89 25 64 10 52 
73 70 4 10 3 42 41 92 39 52 40 29 65 25 89 59 89 46 32 51 17 89 69 48 59 23 36 83 86 97 87 10 66 90 72 68 83 12 11 73 15 3 2 31 27 90 41 68 88 25 18 56 
65 39 3 23 13 91 57 50 39 43 60 5 85 31 24 19 42 87 92 8 41 93 91 67 34 31 34 73 7 4 29 71 42 83 93 54 73 50 3 12 44 62 68 28 44 43 47 85 81 38 45 21 
82 87 40 67 69 25 40 76 28 68 46 21 2 39 26 75 40 29 38 83 42 57 11 86 51 9 22 84 46 18 4 79 4 95 45 73 20 36 48 99 55 45 20 57 83 45 83 74 25 20 57 19 
28 19 56 30 27 77 13 24 47 69 54 2 63 98 74 34 86 73 33 40 18 4 96 52 100 78 78 77 49 86 95 76 4 50 58 82 78 70 57 76 38 10 78 53 59 3 86 44 28 70 84 45 
73 31 48 25 9 25 1 57 10 95 85 65 96 94 98 25 63 54 1 53 63 78 5 74 32 42 17 59 12 100 55 36 31 3 60 91 79 60 99 41 6 35 57 1 28 55 78 91 8 78 43 23 
7 99 96 38 40 12 97 3 64 51 39 46 5 50 88 84 10 86 76 15 21 32 68 48 86 45 90 46 22 84 68 80 82 15 17 74 78 13 28 93 16 66 38 20 16 77 55 77 63 30 43 35 
62 10 82 99 54 72 44 27 7 63 58 89 77 75 14 7 39 41 99 54 59 89 26 26 65 32 2 79 62 44 13 75 6 47 25 11 18 21 90 76 83 47 64 12 21 29 18 12 22 16 17 80 
56 42 57 73 26 58 51 39 53 64 65 58 10 89 69 79 9 58 54 92 4 70 55 77 50 72 88 71 39 56 2 47 50 58 19 75 15 69 13 20 84 77 77 93 65 45 23 26 54 29 17 10 
98 23 86 99 94 25 70 84 80 71 30 29 29 48 55 95 69 67 14 52 43 43 97 60 87 19 85 93 47 53 2 96 75 39 95 20 63 16 55 94 86 37 75 66 36 29 13 4 96 26 8 90 
20 4 1 7 74 85 51 21 89 52 68 15 42 14 34 4 29 41 49 67 77 23 84 12 52 96 68 99 74 75 40 93 78 41 51 51 77 53 23 66 56 43 80 97 8 66 52 89 6 1 55 34 
75 90 97 78 38 16 76 63 90 16 7 19 8 10 22 84 62 96 49 18 90 81 14 98 98 66 86 55 18 92 88 92 33 36 70 70 52 97 32 93 64 91 12 71 100 85 55 61 80 55 78 22 
87 44 19 84 61 56 38 78 47 77 69 79 13 90 49 64 87 32 56 50 22 19 73 21 3 27 34 35 33 63 56 20 6 26 3 66 81 41 95 27 17 64 57 81 5 57 44 91 41 52 93 62 
22 65 35 25 43 20 11 75 82 66 94 88 43 49 5 23 41 100 1 9 15 57 90 19 66 85 62 6 88 54 19 10 18 53 86 60 72 96 86 54 13 32 93 55 80 49 29 20 48 29 80 14 
37 69 85 2 6 46 7 93 51 26 54 20 30 39 79 2 34 16 7 46 47 51 52 26 99 80 97 99 8 77 64 97 97 48 98 54 45 5 99 95 82 52 14 11 91 44 64 76 60 70 74 6 
72 25 84 23 57 80 21 16 8 84 12 57 84 10 62 28 14 60 23 95 12 36 57 54 80 21 29 39 90 54 96 14 79 79 36 35 11 56 50 70 91 62 78 74 23 40 54 88 99 76 34 62 
63 90 67 42 10 48 32 52 1 80 65 79 58 52 65 20 7 67 90 49 80 67 75 2 58 28 89 57 55 22 70 17 63 37 59 73 36 42 76 36 21 40 15 31 91 31 50 49 97 91 49 28 
10 23 29 67 2 69 75 56 42 45 73 5 33 83 29 68 76 4 3 49 43 69 79 85 52 80 85 48 71 33 28 80 8 56 46 9 77 21 17 18 17 41 74 1 75 2 68 50 5 22 98 99 
43 28 83 94 8 67 93 30 52 20 9 59 76 6 19 4 78 35 21 94 27 95 94 1 96 13 51 1 87 100 51 29 80 34 74 87 52 66 16 3 86 76 13 13 81 84 16 59 70 88 4 97 
34 50 97 30 14 99 82 100 51 32 80 30 17 53 68 21 71 35 75 8 10 88 20 90 23 87 100 92 26 4 88 60 5 37 41 18 87 22 70 37 5 49 18 74 54 85 94 76 19 68 83 80 
7 54 70 29 92 21 73 17 76 60 76 80 48 68 98 35 89 67 23 46 67 93 71 72 77 64 47 48 83 29 27 42 82 48 22 73 69 94 42 44 6 69 24 53 37 73 39 77 91 14 22 9 
6 44 81 34 7 79 33 42 8 60 83 41 59 4 66 79 98 7 23 55 27 98 7 63 22 98 40 12 11 13 20 68 57 52 53 15 83 86 56 90 97 38 82 55 94 99 34 43 57 8 97 84 
5 55 46 78 4 85 89 66 98 60 33 6 64 86 20 46 23 76 87 19 65 20 25 10 19 58 52 75 17 100 58 73 7 56 50 10 40 38 76 89 50 8 46 65 45 66 10 19 93 48 37 57 
67 62 67 85 71 70 12 88 22 21 60 28 76 10 37 68 99 12 8 100 72 54 64 68 19 73 87 11 72 75 19 39 36 37 75 59 59 38 98 80 59 57 7 86 18 43 53 69 7 61 68 78 
66 84 97 84 8 83 46 80 58 16 18 45 53 44 3 11 82 100 90 40 9 48 25 78 90 78 46 96 90 66 25 55 49 22 90 8 56 87 87 13 2 4 10 6 48 12 68 29 64 57 20 24 
56 44 1 46 73 99 93 14 16 18 68 16 91 9 23 46 95 10 59 49 65 68 54 64 31 22 44 46 30 63 69 86 59 22 83 31 72 75 97 39 44 64 6 34 25 28 80 71 89 90 19 6 
9 25 69 91 98 13 89 27 75 9 64 33 30 98 16 53 25 12 91 68 27 96 54 51 76 85 74 16 74 92 21 34 16 90 24 13 2 12 92 28 21 7 13 2 5 80 7 29 91 49 48 69 
97 1 72 72 37 45 39 10 36 60 95 4 49 19 68 2 82 59 81 54 18 45 8 22 24 14 2 66 14 1 35 10 54 58 33 90 2 72 52 89 31 46 92 31 16 60 84 50 70 16 3 87 
61 62 60 36 27 13 2 41 14 36 2 19 93 35 8 46 58 59 34 40 57 78 70 72 89 5 21 10 20 76 49 32 89 8 68 16 73 69 8 38 56 9 56 100 43 63 97 100 74 30 39 30 
59 60 1 47 16 74 57 88 1 5 19 89 64 38 4 36 6 11 73 13 20 28 64 14 43 60 66 16 42 56 45 100 68 97 47 83 22 3 70 22 59 41 11 22 78 66 10 36 29 82 48 48 
62 64 13 4 23 78 71 64 86 15 64 53 63 62 87 37 16 57 58 74 49 20 47 26 86 56 13 14 90 13 13 51 76 25 54 50 55 24 14 92 90 29 44 4 90 30 40 5 38 50 30 86 
69 76 64 54 32 76 19 21 40 31 23 15 8 76 65 14 51 30 5 92 58 48 47 99 29 87 3 67 36 84 4 56 59 19 62 42 47 80 14 86 63 36 1 70 63 17 83 13 46 87 56 55 
86 3 53 66 41 7 84 28 90 88 83 48 58 44 90 4 76 55 42 38 91 42 7 53 10 41 18 55 79 73 9 64 27 61 81 67 19 65 94 8 4 29 55 61 72 96 65 47 51 58 84 93 
99 42 45 60 82 62 14 60 35 74 75 61 86 8 80 4 72 73 11 75 53 17 35 25 65 51 23 67 8 59 59 58 52 3 17 34 17 82 45 3 7 72 15 44 79 94 47 2 19 9 76 71 
78 62 47 42 13 70 60 72 80 18 82 31 20 50 16 88 32 13 90 90 84 5 34 14 98 32 15 16 41 42 87 18 3 85 11 15 54 70 39 85 39 20 16 58 21 83 98 52 95 87 94 78 
91 27 43 89 58 57 56 50 98 94 19 53 79 29 19 84 50 57 69 88 28 36 98 49 18 95 52 13 81 45 42 24 23 85 12 81 93 19 82 43 13 1 95 91 81 13 26 83 22 94 70 49 
81 19 49 99 65 1 63 98 97 4 21 20 40 84 52 85 2 33 27 14 85 73 56 66 85 82 100 6 27 21 7 8 40 55 58 56 7 72 53 4 75 73 75 67 8 26 51 10 10 29 23 47 
1 79 64 85 12 63 43 38 83 1 97 74 55 6 30 14 77 34 17 4 59 43 70 66 20 72 75 29 100 50 27 100 28 90 36 91 52 78 80 87 78 77 60 85 34 41 50 11 27 18 14 85 
60 35 2 79 6 77 59 5 26 86 56 5 75 91 47 79 21 26 65 50 54 76 34 88 69 83 98 95 100 63 31 11 97 32 89 54 60 48 58 37 33 13 93 59 55 39 89 75 65 5 25 18 
81 10 57 1 45 54 47 96 68 29 7 64 60 95 69 72 94 26 8 78 90 1 37 97 39 77 71 55 82 95 25 14 5 33 14 1 39 12 96 6 40 2 22 51 49 90 22 42 68 82 72 9 
82 60 5 72 36 76 79 17 22 55 30 78 87 95 78 25 6 74 31 97 27 52 48 75 93 21 69 60 2 40 69 35 99 73 59 86 100 37 3 22 43 84 51 29 79 29 54 36 54 36 33 80 
39 80 7 31 100 75 43 2 66 11 88 16 35 46 1 35 82 55 8 24 39 10 5 17 38 10 52 43 97 84 75 35 15 81 17 67 7 59 20 72 21 7 39 56 53 91 42 86 46 1 62 84 
10 66 52 100 27 55 42 23 39 16 57 5 48 25 71 54 36 42 77 56 49 15 63 1 58 56 38 3 8 99 38 18 16 89 69 42 43 62 64 33 30 72 38 77 97 60 83 32 2 59 39 2 
26 2 54 83 9 91 37 17 90 74 86 57 62 54 99 56 67 62 89 96 34 78 25 82 89 7 13 90 17 3 43 94 56 96 28 65 87 64 33 28 37 18 84 50 23 34 6 41 48 94 37 33 
23 61 14 11 19 78 53 35 80 95 29 88 91 56 52 29 72 36 56 8 5 91 10 27 77 15 67 24 60 55 56 82 67 69 92 85 98 96 20 29 91 100 16 33 7 67 61 78 54 68 38 58 
58 47 36 34 13 3 9 72 9 64 5 76 84 48 60 81 44 31 10 34 82 25 66 89 44 78 18 49 45 55 7 54 53 42 40 65 96 48 88 5 12 92 32 47 92 43 28 35 74 89 20 7 
65 37 47 60 14 65 9 58 71 15 11 24 8 2 40 4 50 80 8 13 71 39 59 14 81 38 48 6 78 19 65 95 55 11 54 68 75 14 77 46 80 88 21 88 41 60 43 90 39 2 54 62 
40 13 75 72 2 75 30 32 93 94 26 48 4 31 67 31 97 44 76 76 83 96 15 23 7 57 13 46 58 66 59 49 30 85 73 84 59 54 15 4 99 40 51 54 70 69 84 66 12 59 94 94 
6 60 17 13 69 81 10 26 98 20 27 80 4 51 63 15 4 29 18 54 68 68 7 89 88 91 7 100 1 52 45 7 11 61 71 79 93 32 57 43 51 83 74 54 85 88 68 40 16 37 93 83 
56 99 23 44 41 29 43 42 80 87 100 43 100 70 21 44 1 77 86 3 11 11 56 95 98 76 86 13 12 78 47 68 29 70 63 69 50 5 10 82 91 61 24 42 30 96 86 82 73 23 84 35 
34 92 82 83 19 67 96 82 45 42 49 25 63 63 93 13 67 55 46 10 15 69 51 97 16 88 78 88 63 62 75 96 5 56 78 23 22 25 4 18 19 5 94 81 67 39 45 34 45 42 95 11 
62 97 7 78 85 37 65 47 50 91 94 54 46 23 76 20 100 31 89 18 35 83 50 2 21 47 87 65 88 33 75 50 29 34 27 65 70 43 11 19 34 56 72 31 31 99 50 30 29 39 47 64 
73 48 17 93 94 55 9 82 87 83 31 67 16 9 32 85 51 94 55 84 50 26 67 32 76 16 61 5 6 59 20 30 6 36 22 52 42 82 33 28 65 15 94 32 23 77 69 73 71 23 9 72 
1 75 3 76 42 63 32 100 73 51 29 78 38 3 29 79 84 13 6 100 79 52 84 1 28 4 26 98 78 86 21 78 12 23 6 5 37 89 4 9 40 33 39 77 87 19 56 70 32 13 22 10 
16 5 63 44 8 40 93 85 25 14 15 36 36 72 40 73 60 96 33 99 80 71 28 66 90 35 87 73 47 60 34 63 64 96 58 23 87 2 60 11 15 74 98 3 97 90 27 56 37 59 7 16 
82 34 33 23 20 19 95 66 79 80 80 94 28 89 69 14 91 28 25 5 53 74 59 1 15 85 56 51 96 14 66 77 99 98 99 18 69 45 36 99 24 15 44 51 4 12 17 94 91 93 50 95 
66 9 95 81 45 51 31 40 16 49 68 15 98 18 84 66 62 19 16 38 86 60 40 89 23 56 34 66 48 35 60 66 43 55 98 88 57 80 79 72 28 47 38 26 64 22 43 78 40 59 15 25 
70 6 65 44 14 50 9 13 85 69 78 79 23 27 66 31 7 45 54 34 91 92 11 6 65 54 83 4 64 49 81 85 55 97 28 20 99 37 32 83 5 62 61 79 88 79 61 94 75 14 80 17 
5 90 22 69 95 57 25 10 5 57 94 11 5 22 30 3 58 62 37 14 23 50 44 62 80 4 56 54 17 87 22 74 76 43 42 23 51 18 32 56 26 26 66 31 47 48 33 56 9 22 21 83 
71 64 44 50 19 51 55 35 37 76 8 13 70 2 35 21 71 18 28 97 43 45 79 41 92 63 96 52 84 16 34 6 31 78 7 49 28 61 36 17 88 95 29 58 48 15 30 19 84 9 67 27 
53 45 67 45 7 15 96 43 82 82 48 13 11 55 13 90 67 48 6 55 43 86 64 90 100 45 60 36 53 26 62 5 22 80 1 81 94 49 23 76 82 22 40 92 28 52 81 47 100 87 53 94 
72 16 83 24 12 95 59 64 72 72 20 94 51 73 26 97 73 100 24 54 21 63 45 1 66 77 99 65 63 51 58 87 18 93 10 29 87 20 44 58 91 15 3 93 39 28 89 11 27 12 16 100 
26 12 52 92 89 50 8 3 100 18 89 17 10 50 97 48 21 40 57 63 6 60 56 45 87 96 55 66 60 23 17 37 34 68 28 74 17 88 77 68 5 17 36 14 19 32 13 39 23 69 2 28 
28 9 24 67 56 31 32 67 53 48 4 86 67 83 60 83 70 88 2 74 4 37 39 22 68 51 13 42 20 66 21 99 26 45 65 81 75 48 100 27 47 3 64 65 85 75 99 7 14 100 80 18 
36 71 91 55 21 55 96 92 20 17 43 45 61 59 78 87 59 77 13 57 31 28 22 15 55 20 73 68 20 53 37 55 23 28 10 95 34 57 39 54 73 33 50 85 91 79 71 1 7 35 58 37 
63 79 4 69 50 76 36 69 28 73 76 2 52 37 49 85 93 39 90 66 23 40 50 65 70 21 66 77 55 75 13 69 5 16 37 54 92 25 75 71 97 50 25 100 38 25 36 30 15 26 47 37 
17 97 1 86 69 18 62 75 92 75 96 48 42 84 2 85 8 28 56 56 29 32 55 66 8 91 95 22 68 42 10 84 90 62 69 10 80 83 84 23 9 31 71 50 15 24 35 22 51 42 30 79 
73 36 96 32 78 90 53 45 83 62 28 24 23 49 33 54 31 69 77 39 99 99 40 13 22 74 87 24 67 68 54 91 3 49 22 81 90 74 25 73 87 5 96 62 5 81 15 87 49 43 77 47 
41 16 12 14 42 50 89 8 17 42 99 19 90 72 51 32 46 76 4 84 32 51 45 88 83 12 74 31 54 50 30 47 65 93 60 58 42 1 66 58 42 16 28 84 87 79 15 84 6 70 68 89 
72 64 76 55 75 1 37 29 50 66 75 66 58 86 24 51 86 89 8 80 56 88 15 42 66 81 26 23 50 45 11 73 8 86 27 83 86 64 63 87 81 89 52 39 26 27 89 64 67 49 43 22 
36 57 64 53 89 41 75 38 85 85 10 92 22 89 26 59 4 88 45 84 28 48 74 54 27 15 17 93 63 11 15 50 19 30 54 7 70 28 96 54 64 5 45 37 45 71 95 48 10 91 84 38 
90 57 91 16 71 59 9 85 69 75 86 87 4 39 93 73 66 88 26 81 44 22 17 41 44 63 40 54 53 23 91 95 32 33 10 2 91 70 39 11 44 24 97 99 63 41 71 80 80 48 61 75 
22 29 67 65 92 7 70 96 81 12 90 12 44 52 66 86 21 4 96 17 79 44 15 41 84 38 73 15 37 85 42 58 13 8 75 56 66 44 52 47 56 93 10 51 44 75 37 17 30 84 85 61 
28 99 1 63 88 25 78 25 9 19 34 22 78 60 77 44 56 80 90 11 73 99 13 68 26 49 84 7 85 20 67 12 19 20 74 58 44 3 34 53 73 68 26 51 79 2 46 34 34 35 96 6 
85 9 25 62 9 9 69 93 28 35 4 98 6 30 8 50 84 41 54 57 60 79 7 39 32 52 72 65 38 20 70 74 28 95 36 88 55 56 81 34 42 36 84 48 17 91 49 1 31 2 57 43 
80 15 81 11 18 4 28 7 23 97 80 2 43 67 90 49 22 22 35 16 57 18 63 26 60 11 26 42 64 82 84 95 48 16 57 65 72 84 23 46 81 2 48 75 21 89 24 42 10 10 9 18 
27 71 43 38 33 68 79 48 1 63 42 48 30 99 64 1 82 86 47 14 40 46 41 60 34 16 53 43 25 62 60 51 32 55 88 17 22 18 64 23 32 58 22 62 56 38 62 89 23 60 3 62 
5 43 73 38 58 26 32 82 87 92 84 70 46 23 86 19 40 2 93 72 59 67 85 66 4 46 54 78 58 8 92 62 50 64 100 59 89 31 92 27 74 75 97 71 49 34 42 89 87 34 12 97 
52 96 62 55 93 68 33 50 75 76 12 77 39 63 35 80 45 27 6 71 53 54 41 2 88 82 42 74 68 5 23 19 100 84 26 44 3 58 94 78 85 57 54 23 19 40 2 63 66 60 33 71 
13 26 24 52 59 17 78 78 21 100 97 72 35 22 15 38 31 8 67 67 64 20 89 34 59 43 49 77 54 33 99 66 58 22 70 69 38 47 46 10 98 94 81 32 67 95 21 49 55 87 15 70 
58 4 56 17 98 4 45 51 36 43 68 46 16 37 14 53 35 11 14 32 5 94 16 71 40 36 20 46 75 86 16 32 89 71 100 38 26 44 88 13 38 8 58 53 96 23 5 31 86 70 14 90 
63 29 12 55 17 83 100 91 69 67 74 9 89 74 47 14 69 86 27 7 45 36 59 41 11 16 23 96 85 88 37 48 69 48 54 85 83 53 27 3 20 52 11 60 25 9 74 94 47 52 52 91 
39 10 83 49 25 57 44 10 45 80 9 65 80 62 1 62 66 27 64 37 30 26 97 7 35 22 52 33 73 3 75 11 12 10 12 89 66 55 50 62 87 58 26 66 71 26 79 36 4 94 73 34 
19 21 92 5 42 43 37 14 45 64 76 8 73 87 96 90 94 45 52 32 54 29 49 76 7 27 12 10 20 36 95 90 56 86 95 97 28 83 62 24 98 89 32 70 28 79 12 21 24 15 52 29 
43 100 5 49 78 68 11 49 55 5 38 10 43 84 58 70 19 71 46 68 59 77 90 38 55 1 58 30 15 61 11 9 12 15 10 41 34 20 89 88 76 79 49 18 14 58 40 84 28 85 52 38 
61 41 76 67 93 85 49 7 98 59 67 61 25 76 2 58 47 90 45 23 20 45 40 34 2 31 69 81 15 20 70 27 12 97 94 4 34 42 62 31 100 29 91 24 56 92 33 3 34 29 25 5 
73 16 90 26 47 59 6 61 78 27 88 42 24 33 45 57 74 7 39 25 35 29 100 90 73 32 44 58 60 68 62 32 84 52 9 82 62 14 42 91 40 81 32 15 13 77 23 38 35 61 62 69 
42 13 10 14 44 54 23 55 73 84 38 8 87 46 89 48 59 31 39 51 11 22 17 76 98 40 13 32 100 27 52 41 39 14 6 35 19 28 89 91 64 27 99 50 24 87 50 83 69 40 85 32 
61 1 7 59 92 71 42 92 97 46 84 88 59 90 22 77 69 10 19 32 88 69 34 12 56 83 46 76 22 82 7 34 34 65 92 26 36 86 69 84 31 52 71 41 41 44 69 10 6 87 93 93 
8 26 56 63 8 53 90 81 34 97 15 20 13 58 45 100 95 13 84 25 64 6 17 57 2 85 18 7 24 10 51 31 36 59 45 95 11 34 28 97 82 94 16 47 51 60 46 46 24 81 22 87 
39 91 95 40 75 12 46 50 74 48 32 61 6 76 7 17 62 34 13 43 27 80 89 30 39 87 27 62 67 100 100 5 90 95 96 17 58 41 66 83 41 98 43 46 25 50 62 86 35 26 81 62 
5 21 43 95 7 21 8 26 20 8 82 10 54 78 78 63 70 43 46 10 92 88 56 17 89 69 2 24 47 34 37 51 55 79 98 13 99 5 38 70 12 20 31 17 49 8 80 18 51 77 80 94 
64 35 10 5 55 64 28 1 97 64 4 3 94 1 16 92 5 5 13 69 24 44 37 24 51 68 94 53 44 73 47 60 7 8 64 13 71 91 14 20 6 17 22 99 69 37 42 25 42 54 45 17 
97 82 41 100 1 86 52 45 58 50 56 16 58 19 28 28 61 41 99 66 9 21 16 29 9 57 54 50 10 98 19 59 31 11 58 32 96 61 28 53 11 83 20 68 53 47 47 65 40 46 82 100 
18 97 29 26 53 34 28 62 83 46 20 66 8 29 97 3 90 76 7 100 58 26 19 62 24 17 26 63 14 7 63 31 55 43 9 7 76 36 20 10 33 40 75 40 68 23 94 9 98 100 8 7 
77 78 68 100 95 45 15 60 3 77 91 57 71 99 63 98 34 35 7 66 74 34 57 93 56 50 2 54 1 61 60 77 91 80 28 85 24 42 44 27 70 86 35 40 36 50 89 21 84 48 38 9 
81 94 53 88 43 6 41 95 67 53 71 57 84 51 93 7 92 88 85 14 26 20 5 61 69 94 82 52 41 71 60 73 65 12 60 59 18 53 54 36 5 76 44 88 78 88 46 70 75 31 35 100 
50 39 13 70 32 94 21 24 64 32 96 80 95 56 91 64 8 44 51 64 71 94 3 49 81 100 70 8 30 4 59 31 42 71 100 26 16 72 49 32 55 97 11 2 4 1 65 63 96 68 78 19 
61 80 67 94 79 88 53 61 91 11 43 84 82 43 61 97 66 10 28 21 58 91 74 61 43 38 23 39 5 52 57 18 31 75 63 61 62 67 73 4 77 16 39 10 10 100 59 75 61 86 47 18 
28 20 30 71 10 4 61 66 55 69 35 37 95 49 97 8 15 22 11 92 37 1 1 46 100 59 72 12 97 19 29 76 90 10 46 99 13 58 17 67 26 51 3 20 100 52 27 14 73 89 57 61 
90 58 6 41 68 77 53 16 47 33 92 89 43 89 87 55 47 55 74 24 6 76 96 57 79 22 70 3 63 27 63 52 36 20 44 55 49 96 23 95 29 66 35 71 54 74 77 52 28 50 28 33 
78 23 89 8 44 11 11 58 89 73 9 76 45 53 30 93 100 4 39 28 69 74 50 23 47 27 26 74 28 53 59 5 75 99 13 71 61 75 28 49 99 89 76 43 93 58 35 92 61 26 72 30 
99 21 4 97 99 81 70 27 34 80 83 60 31 47 82 91 21 62 92 20 50 67 14 94 24 49 85 85 74 56 66 24 29 69 20 27 1 41 5 34 73 88 46 3 34 79 93 7 40 36 78 41 
3 91 34 26 91 19 62 16 26 79 39 54 99 10 33 100 51 37 85 75 76 82 77 62 61 21 68 100 57 97 41 59 87 74 36 78 44 50 93 22 28 84 75 79 93 59 78 95 48 14 69 23 
96 45 84 56 66 3 7 74 99 47 32 86 73 19 15 68 20 7 89 100 42 64 78 35 74 55 29 21 68 98 44 15 94 79 70 11 82 77 84 80 75 67 17 47 86 83 15 57 42 55 56 83 
18 33 17 44 39 98 64 7 47 59 21 40 38 43 51 19 19 86 50 45 53 19 92 90 1 58 46 42 12 2 77 82 34 93 77 25 42 40 31 88 99 3 80 88 97 82 58 67 67 59 12 71 
77 3 60 30 12 58 23 75 11 99 8 96 44 84 20 85 24 2 25 74 57 4 61 53 85 18 20 51 76 31 74 5 85 85 34 48 42 8 22 4 7 30 100 2 13 71 38 88 73 62 13 29 
65 73 33 49 42 52 52 18 34 25 74 18 9 59 17 3 66 39 6 24 20 57 25 84 28 63 72 52 76 36 32 41 9 64 41 50 68 92 19 1 68 44 71 29 2 87 31 68 77 88 43 96 
45 20 80 24 82 3 75 57 38 6 49 98 21 90 100 88 33 70 89 53 14 11 81 15 97 63 34 74 50 77 21 46 96 100 69 29 54 95 37 44 52 38 41 73 79 40 60 11 10 100 63 75 
10 95 41 59 57 75 84 7 3 4 52 50 4 73 30 9 19 18 52 71 55 45 95 33 84 54 96 45 6 10 19 15 5 60 25 61 86 8 19 40 12 23 89 67 95 18 75 65 35 79 87 42 
23 81 26 58 35 21 3 92 31 73 6 87 84 83 47 21 90 66 60 1 88 48 19 34 17 94 98 4 24 85 45 46 17 70 3 51 43 57 94 25 82 52 11 65 34 57 86 23 74 45 76 13 
45 94 46 61 39 96 16 14 32 60 59 48 82 14 51 76 22 44 100 3 95 10 20 80 18 57 3 44 1 30 56 97 23 54 10 14 1 25 27 32 37 38 31 18 3 33 45 24 77 44 79 23 
5 98 3 22 54 57 17 6 86 73 3 60 78 64 25 78 88 52 61 24 41 91 93 43 24 37 66 52 80 44 26 36 93 80 58 46 36 26 4 73 98 58 85 75 21 9 4 8 12 64 84 4 
55 76 46 30 65 64 81 44 59 58 32 52 38 89 49 73 66 4 98 64 61 82 90 81 42 94 41 6 57 24 9 63 51 7 92 15 70 24 11 80 82 42 83 19 30 84 43 95 87 40 10 48 
73 52 80 67 45 20 72 53 43 32 16 46 38 7 60 59 83 70 39 64 11 73 82 92 56 76 39 43 68 48 42 40 51 21 58 95 93 81 100 87 13 15 32 2 73 92 61 55 61 51 70 72 
23 51 63 31 79 1 25 46 1 66 85 51 38 95 98 82 75 97 69 87 63 100 89 87 43 1 94 4 51 63 27 25 66 89 55 44 42 79 89 94 96 25 44 86 19 93 67 94 41 35 80 3 
87 20 90 29 20 83 32 70 97 10 47 62 51 1 5 92 32 93 37 79 18 32 64 36 25 83 29 65 69 61 68 55 32 9 36 52 43 19 73 39 29 19 1 79 72 5 22 55 50 58 33 67 
89 49 54 13 31 35 30 51 95 97 6 78 57 41 29 51 59 54 89 87 72 41 17 95 98 38 49 47 95 82 65 84 82 70 48 64 4 77 14 50 25 19 28 81 11 8 83 22 61 72 60 85 
64 77 79 61 66 80 59 61 61 75 96 94 45 43 57 100 20 70 2 44 41 29 77 3 88 59 24 49 82 36 85 46 64 63 58 29 42 69 89 54 95 84 47 39 79 55 91 98 25 92 93 17 
72 21 19 59 32 95 7 13 30 43 10 93 6 20 73 99 40 62 5 34 97 3 25 75 58 15 24 34 6 69 50 29 89 20 87 20 14 46 85 95 88 46 39 45 65 12 96 4 25 100 90 21 
54 14 48 63 28 23 48 85 91 49 13 80 69 99 51 34 96 87 29 84 33 19 28 49 82 75 5 6 74 94 79 80 7 78 42 86 100 90 70 91 38 34 22 58 84 24 92 80 11 72 15 95 
42 94 95 24 69 51 29 94 44 59 73 2 36 67 39 36 8 60 78 97 93 51 55 29 26 98 8 88 21 22 82 62 15 29 85 83 79 66 77 75 24 1 76 12 67 67 99 74 26 28 71 71 
78 77 99 55 74 58 43 46 79 76 7 45 4 44 80 83 9 8 9 84 60 36 47 27 2 45 52 28 72 74 50 1 2 48 56 27 5 98 72 35 25 79 31 29 74 10 63 82 69 71 17 29 
6 64 7 8 60 58 87 84 84 36 84 85 35 91 12 91 40 83 25 65 13 7 93 86 69 7 19 37 77 36 17 82 51 23 41 10 33 79 93 16 66 29 52 100 19 63 90 11 98 66 75 10 
73 19 96 41 25 66 29 1 53 46 34 3 68 27 65 52 5 9 19 71 37 71 22 8 33 12 18 30 29 44 92 1 62 39 93 38 4 22 38 57 67 23 11 86 1 75 90 6 84 8 28 72 
78 1 31 63 12 48 92 93 43 35 93 56 73 86 93 77 59 82 85 77 5 95 14 57 70 3 14 5 11 41 76 88 94 7 2 5 6 94 49 49 80 42 4 53 79 49 29 89 30 65 65 86 
59 78 43 28 81 56 84 43 49 60 82 42 18 84 98 23 29 47 23 8 40 79 60 18 27 40 58 56 4 22 42 63 99 36 42 31 91 26 73 91 37 55 32 54 90 30 28 18 28 3 25 67 
81 85 36 59 76 93 66 80 14 7 94 64 94 87 47 85 12 19 27 100 25 59 53 14 40 33 31 67 35 8 33 67 92 68 25 19 12 90 98 25 49 43 40 42 30 86 78 41 5 5 93 81 
15 97 47 54 29 77 72 15 84 4 81 27 23 5 46 34 47 95 10 95 38 49 88 67 35 18 59 91 22 51 23 36 100 69 41 28 98 12 43 33 67 75 12 41 80 57 26 78 3 35 72 92 
35 11 58 21 28 69 63 49 71 86 36 70 6 28 50 3 91 44 88 57 18 99 49 49 7 74 26 9 60 97 1 47 8 10 67 35 30 82 36 53 67 23 22 24 51 23 79 41 66 66 50 84 
64 98 32 70 24 10 30 83 6 82 29 65 92 48 52 73 29 39 25 47 61 99 70 63 21 100 56 39 65 5 74 28 54 5 49 29 66 31 12 72 12 92 88 55 91 91 28 19 29 52 17 90 
2 39 4 23 38 59 13 3 15 86 82 21 42 83 49 8 13 12 31 24 56 18 79 46 9 58 17 89 61 33 78 63 23 34 37 61 92 49 15 59 34 48 79 75 30 79 82 94 91 12 70 46 
82 48 43 42 57 59 30 17 44 60 79 18 93 15 78 36 63 44 94 48 92 24 23 73 3 56 67 45 20 36 90 1 35 84 42 91 95 23 59 90 82 38 7 74 4 85 10 67 80 55 66 23 
79 88 96 33 96 14 77 15 1 18 15 35 1 8 77 95 30 35 84 64 24 43 37 28 27 98 46 58 5 11 81 83 51 76 67 46 41 43 60 41 60 26 75 60 85 3 7 66 37 42 29 13 
84 18 40 62 15 85 20 71 47 52 5 97 27 71 42 67 13 53 7 72 78 33 84 14 35 42 80 23 35 8 87 71 77 26 32 44 62 3 14 61 54 19 57 32 89 51 50 2 3 8 25 33 
92 60 98 78 53 77 53 88 37 39 58 13 65 41 56 78 96 70 38 49 88 47 33 28 97 82 29 51 42 6 35 33 17 33 11 70 61 63 57 49 53 66 62 17 58 69 47 53 90 36 2 29 
82 86 57 30 19 37 33 60 94 67 45 11 51 55 80 64 69 88 12 21 53 73 90 62 94 88 15 83 23 68 12 5 53 20 86 71 56 18 83 2 37 27 12 87 33 91 2 53 78 14 73 82 
38 14 95 31 53 9 66 76 76 29 32 80 48 17 3 55 87 85 56 23 63 19 61 95 9 63 47 38 76 71 71 13 37 66 96 89 74 61 64 2 89 47 81 88 64 35 94 2 19 2 24 81 
20 84 27 29 46 25 18 73 96 89 38 84 6 33 72 31 93 88 84 33 34 65 20 49 51 65 50 70 66 25 2 86 9 29 66 6 5 83 31 100 23 68 35 28 100 7 11 44 46 94 76 31 
10 47 32 61 63 33 82 29 58 83 66 18 63 31 75 68 65 57 19 88 24 54 67 75 12 77 18 9 23 45 39 32 43 22 92 6 55 73 86 64 8 51 33 22 33 7 41 97 64 60 84 39 
65 3 14 28 31 83 36 53 80 26 37 74 48 80 31 54 5 16 69 12 18 1 85 50 59 26 47 22 85 82 13 1 36 78 28 67 60 15 71 91 40 7 65 39 39 47 44 43 63 12 6 32 
12 90 34 71 15 80 44 51 13 8 3 49 85 30 67 97 44 89 87 36 96 3 74 86 50 70 28 64 81 33 47 45 74 80 67 41 59 10 91 24 18 94 24 54 75 90 50 71 78 37 6 25 
91 31 10 92 100 89 55 81 73 2 25 47 33 43 87 44 52 29 67 21 74 90 75 49 31 76 19 60 64 76 37 55 6 98 46 6 39 53 38 11 6 14 9 38 56 47 81 59 76 99 80 1 
40 6 1 22 81 71 34 45 46 70 51 52 19 48 9 57 100 46 20 57 59 28 47 14 75 27 72 2 78 3 54 17 60 55 39 41 25 72 37 23 93 39 26 63 86 34 72 38 79 91 94 37 
70 40 2 96 19 73 49 96 28 3 64 87 57 2 79 33 25 15 55 69 5 80 32 91 65 3 80 43 45 25 31 14 17 32 62 35 57 10 82 84 12 97 70 20 99 1 5 75 67 11 44 72 
43 75 14 7 29 93 50 25 69 32 90 85 64 51 71 72 13 4 7 76 1 28 48 99 28 52 25 95 62 68 66 4 94 31 11 74 23 12 98 91 43 88 28 58 90 98 81 2 2 87 78 2 
15 25 52 94 28 76 88 89 96 5 45 41 35 7 15 9 18 64 52 12 3 79 22 93 76 2 46 29 89 23 30 55 99 81 100 26 9 88 67 56 44 63 96 79 69 62 87 38 26 38 1 28 
68 22 72 44 24 18 72 64 92 54 70 91 86 69 68 94 8 34 49 52 96 97 30 16 58 68 5 83 58 6 63 25 27 34 20 2 3 44 17 95 97 86 37 82 7 4 28 14 90 28 65 37 
24 46 53 34 66 57 68 23 14 30 99 41 16 19 94 70 62 11 64 10 96 100 43 2 56 22 68 45 50 84 81 25 30 85 58 95 94 26 69 7 7 67 99 74 37 93 44 50 3 59 11 50 
59 54 4 66 75 71 10 76 54 42 53 35 27 10 81 72 87 1 78 46 68 77 71 56 21 14 58 23 73 68 72 83 21 75 48 48 97 9 23 51 50 75 37 28 37 18 99 75 18 77 20 37 
5 91 45 25 56 2 47 80 69 70 14 42 97 13 89 93 21 11 95 71 38 32 50 74 1 49 48 70 77 20 59 81 62 3 57 69 56 55 49 24 24 62 17 20 75 5 13 47 68 7 69 5 
90 19 30 90 67 29 60 43 100 70 23 61 72 31 30 79 85 30 54 8 43 71 80 69 75 92 16 42 50 84 98 92 2 27 81 20 8 92 62 7 61 36 20 84 66 1 62 50 30 16 10 24 
86 89 93 12 32 8 6 33 43 3 24 97 82 57 16 89 48 30 95 61 65 14 44 83 66 58 84 95 25 93 19 62 81 63 73 64 70 78 97 64 81 20 60 14 76 76 2 76 57 48 88 21 
14 83 55 79 40 39 26 16 31 96 77 64 58 50 27 79 79 23 42 11 95 2 24 22 29 77 49 85 25 36 57 38 19 64 68 10 2 93 26 32 88 2 47 45 3 74 23 82 48 65 44 42 
18 68 64 98 44 64 34 20 100 42 9 18 5 77 79 6 21 4 90 9 58 36 5 60 61 28 93 9 44 37 2 13 56 17 62 51 81 95 71 80 88 31 49 93 7 27 50 28 31 39 88 88 
27 92 99 87 71 92 47 66 80 49 78 35 65 91 85 45 85 7 76 73 38 24 17 96 51 66 75 33 5 14 72 83 6 70 21 28 13 20 94 92 68 23 26 84 14 63 81 50 21 56 74 10 
32 90 58 34 56 32 66 12 46 37 46 3 58 66 82 71 85 27 62 4 50 40 88 15 54 20 16 26 75 90 36 58 79 93 91 86 76 56 97 73 44 42 75 54 60 57 24 44 35 37 100 84 
28 39 50 33 58 66 59 84 7 46 42 85 90 32 23 65 40 19 38 83 13 64 88 72 72 63 67 7 100 66 42 79 4 92 64 13 9 74 97 15 19 38 51 60 69 73 24 60 44 13 95 8 
29 82 31 100 45 97 58 96 15 100 74 70 43 89 83 3 62 31 69 32 68 19 91 88 44 15 48 39 79 42 46 7 75 76 59 19 24 16 14 90 67 40 60 61 80 94 63 42 76 31 73 95 
2 64 82 97 30 81 35 60 74 80 67 49 7 77 19 30 44 85 20 11 24 31 23 3 76 86 96 51 68 69 97 21 84 78 17 13 11 51 24 84 82 42 84 88 18 3 70 62 87 89 24 62 
71 98 16 98 83 12 100 3 32 96 23 15 25 40 79 35 90 2 71 24 44 54 11 13 8 80 26 94 20 1 7 42 99 75 39 33 86 90 35 69 85 10 35 62 49 65 96 90 18 66 13 13 
72 24 26 79 55 3 25 27 4 83 68 54 57 59 86 94 100 73 62 37 82 48 98 30 12 93 71 30 11 84 42 82 59 19 12 65 22 36 91 77 71 11 30 27 21 15 21 20 39 34 56 20 
34 53 49 45 98 20 26 8 55 20 41 13 38 52 77 59 40 20 87 10 30 16 88 2 83 60 21 21 94 77 41 79 81 41 23 78 12 49 85 66 68 25 30 57 29 59 68 68 78 54 29 59 
70 16 60 4 76 32 24 21 60 16 99 41 57 21 70 20 21 7 86 40 83 67 49 11 77 16 30 54 69 58 64 90 74 75 45 49 59 69 69 18 84 67 10 92 39 32 12 12 38 49 3 20 
15 51 83 92 66 12 97 87 70 13 28 95 39 73 43 97 41 63 67 76 81 76 68 71 7 31 82 96 79 37 16 45 87 50 88 53 61 37 91 82 1 18 76 39 90 18 88 30 32 54 58 64 
81 77 35 40 7 68 35 37 4 2 33 91 51 21 95 64 9 85 45 9 2 21 99 92 90 86 73 22 91 30 85 72 58 71 11 64 39 97 52 42 99 85 32 1 57 78 64 65 62 9 73 64 
81 23 55 70 9 79 43 99 61 28 22 18 50 84 34 88 81 85 30 31 69 13 31 77 91 47 41 52 55 65 67 87 88 73 56 48 52 99 46 12 78 20 81 27 3 14 67 35 99 96 65 19 
60 48 48 2 94 88 6 100 5 72 86 92 97 93 91 100 91 36 63 20 7 43 99 10 57 65 44 7 12 61 77 71 8 24 25 53 64 30 4 68 53 41 11 49 33 1 48 76 88 62 95 95 
5 45 56 13 9 99 19 20 59 47 43 18 23 67 22 86 48 25 5 52 65 67 53 50 67 52 25 6 14 71 52 18 16 7 30 24 6 100 44 16 98 38 86 20 4 7 57 3 84 13 54 48 
79 6 97 97 58 73 3 71 44 54 88 11 13 69 34 70 20 29 85 17 66 22 89 21 81 45 23 64 58 77 63 88 34 12 85 91 84 39 61 79 44 100 89 56 20 75 25 39 55 62 56 21 
35 44 93 15 40 16 78 49 44 93 37 77 4 73 20 39 63 80 18 58 32 58 14 3 32 90 42 39 3 49 59 38 44 3 4 83 70 34 32 13 26 20 42 29 44 61 67 6 92 36 63 75 
94 28 78 77 70 19 15 72 19 25 61 62 80 65 44 49 50 27 14 75 98 55 3 41 67 21 46 58 9 9 85 54 88 62 30 57 32 97 81 50 73 41 11 52 57 6 1 58 85 14 32 82 
20 86 23 86 59 20 95 67 80 79 20 68 40 1 24 71 97 4 20 70 97 82 73 5 88 73 63 72 38 46 53 57 32 27 94 90 47 89 56 26 67 27 45 59 27 69 29 24 24 1 45 72 
82 17 29 21 42 43 44 31 88 49 88 19 75 33 60 73 21 15 51 40 41 95 98 68 15 78 43 91 30 39 14 64 7 42 84 100 84 80 31 72 28 70 42 2 2 2 75 75 68 77 14 9 
71 63 28 86 92 22 28 22 60 41 85 18 83 20 18 18 99 48 89 26 69 83 80 70 84 6 44 51 82 9 11 4 71 90 41 15 11 68 36 22 9 72 40 43 43 57 60 94 56 1 71 24 
83 50 93 18 7 89 68 40 49 31 44 72 20 84 86 31 52 21 4 12 44 43 54 86 51 65 31 6 65 2 29 99 3 74 16 10 62 36 49 62 18 44 33 37 28 18 19 31 90 23 42 33 
17 95 71 68 11 53 73 28 54 2 26 9 27 94 70 40 81 70 1 98 14 34 86 41 3 57 71 93 79 12 77 47 58 99 14 20 52 39 47 57 92 73 65 18 18 34 57 50 4 9 47 69 
42 84 9 97 40 31 41 70 94 17 17 3 68 30 22 19 20 69 75 11 93 92 28 62 77 36 11 80 45 9 48 38 92 8 34 32 38 74 1 31 43 17 33 10 99 55 28 18 75 54 81 67 
45 8 28 22 96 90 53 40 98 53 77 89 12 11 72 50 36 73 32 78 41 17 87 91 23 66 61 97 20 41 15 16 100 94 89 95 83 42 86 80 46 63 20 57 25 92 58 60 16 90 90 56 
58 76 99 80 42 11 28 61 51 42 28 2 87 17 49 69 10 34 100 55 96 19 63 72 10 21 84 25 62 73 33 19 48 31 50 89 41 77 1 43 18 29 96 4 97 44 24 6 78 23 12 25 
41 26 97 3 46 32 79 59 4 11 29 51 93 78 92 85 54 44 79 23 24 75 78 20 70 1 77 99 23 88 24 16 14 72 70 11 3 48 22 6 11 50 8 55 28 99 40 33 43 70 56 66 
96 33 38 66 86 14 64 8 54 39 75 67 62 96 29 64 44 50 21 6 52 81 60 79 79 51 63 73 21 18 91 16 3 28 33 88 93 49 47 46 87 22 64 49 69 93 64 12 94 37 17 97 
17 29 27 47 79 90 72 99 7 62 67 9 41 51 96 85 99 95 31 38 68 94 38 36 38 53 48 84 89 16 80 57 96 7 4 75 96 75 25 54 88 43 15 80 94 62 64 44 56 46 81 23 
40 18 59 29 23 58 12 11 25 44 68 21 2 23 95 49 49 71 2 88 14 68 19 7 30 82 2 37 28 83 60 19 52 70 47 74 27 11 37 3 6 56 23 7 78 69 55 78 40 8 17 5 
