489 63 55
89 47 5 35 36 47 55 60 20 39 84 77 49 46 100 60 94 40 53 84 93 4 55 67 81 47 52 64 35 67 69 75 13 25 10 100 71 16 60 91 7 95 19 55 92 18 14 85 9 19 20 2 74 74 20 54 20 71 17 6 37 37 81 
1 61 42 1 84 9 12 26 15 6 44 21 97 62 87 33 70 5 52 23 78 78 42 31 97 65 99 3 1 36 35 54 48 76 6 31 36 17 56 51 22 100 23 70 13 9 2 82 13 5 57 42 82 98 24 31 62 23 85 15 10 19 68 
57 46 73 88 81 89 95 83 62 94 6 83 58 66 36 40 31 40 48 72 74 45 96 4 7 70 88 73 79 58 92 87 3 64 26 35 4 21 18 17 66 75 99 24 40 34 15 70 25 62 42 98 6 89 53 64 10 40 36 40 97 27 26 
51 42 52 86 97 72 55 65 37 29 63 60 68 48 74 38 25 35 31 22 93 71 75 56 80 66 44 19 15 22 96 17 64 47 2 12 70 56 77 7 36 91 18 4 91 92 93 15 78 75 88 70 45 14 78 76 80 73 46 46 94 41 62 
9 88 16 21 57 23 49 15 59 91 33 14 81 76 6 47 5 80 35 27 76 48 56 51 79 28 96 24 21 88 38 82 75 53 54 84 75 2 50 85 92 82 98 25 9 3 71 14 34 57 92 61 57 47 11 87 74 58 63 46 98 100 27 
24 52 80 7 78 33 57 63 25 90 60 1 51 15 23 64 100 80 7 61 88 53 23 74 26 33 36 71 30 87 50 53 90 29 12 68 62 20 82 38 9 93 38 59 7 12 74 59 91 80 19 30 84 41 4 61 25 91 84 54 78 33 59 
19 61 70 38 74 41 19 11 49 12 100 60 70 12 85 28 54 17 98 84 100 91 39 13 15 81 96 21 10 28 79 29 40 100 66 14 40 37 24 40 100 24 51 21 87 88 49 40 4 98 75 55 88 65 67 55 46 14 75 7 41 5 35 
81 56 53 94 95 41 69 86 40 44 89 60 30 76 60 22 79 10 48 85 97 13 4 51 10 17 77 16 58 33 3 90 88 7 83 34 47 3 20 38 47 8 49 28 83 61 1 13 70 49 97 66 13 100 69 22 69 97 89 26 30 43 15 
17 49 49 51 47 3 22 84 49 81 33 29 15 45 29 27 14 29 75 79 41 27 99 14 95 96 3 72 77 45 38 93 46 86 95 92 88 16 28 89 48 12 69 62 56 97 40 69 78 67 99 18 93 50 32 39 97 86 10 73 82 99 17 
27 36 12 71 75 79 50 63 27 61 31 40 16 80 80 36 57 46 86 26 90 35 9 80 31 94 41 55 76 39 72 54 74 35 76 48 13 25 63 91 85 93 83 52 24 14 39 32 59 25 58 100 59 66 79 42 60 19 96 87 57 67 92 
30 1 68 29 66 44 91 8 29 36 42 32 59 55 71 91 13 95 100 64 5 65 42 46 76 60 42 14 68 60 6 49 13 25 78 30 68 20 89 48 55 31 32 66 85 54 56 50 48 55 13 4 71 55 50 47 66 43 60 86 2 17 34 
66 93 63 95 61 83 84 60 89 14 91 54 50 44 61 99 43 67 12 47 38 18 48 84 35 90 95 20 43 64 6 9 56 20 55 16 54 38 28 43 3 70 96 53 66 57 3 60 75 14 58 12 83 5 47 70 46 94 41 41 57 98 49 
12 18 55 80 71 45 7 65 47 28 13 51 93 21 54 53 95 19 10 7 54 67 53 23 12 98 63 52 54 61 52 66 30 7 45 52 51 3 17 49 30 29 52 75 49 57 27 95 27 88 1 80 54 6 54 18 3 69 69 9 81 73 74 
10 79 70 61 81 24 29 81 5 9 84 79 9 40 57 4 19 97 56 50 50 61 4 67 16 72 88 24 52 60 49 13 90 70 25 22 93 54 54 97 14 38 28 23 29 84 78 47 80 33 97 82 46 52 100 13 23 39 88 26 50 36 38 
39 57 62 12 49 67 66 97 81 55 24 55 83 60 32 82 39 64 30 72 61 81 72 73 55 10 60 80 60 47 69 50 3 30 62 3 49 79 100 29 33 75 35 67 34 66 48 25 81 77 96 42 9 19 66 63 29 26 94 40 24 62 41 
27 44 2 29 92 32 80 72 64 55 6 31 40 23 30 64 3 59 60 96 19 30 62 82 58 39 75 49 62 89 90 40 32 43 69 23 75 100 46 90 54 3 20 94 25 2 9 79 12 68 75 30 50 88 11 7 26 38 8 39 26 97 79 
9 91 99 31 65 98 28 55 4 30 26 97 54 79 5 84 90 25 58 20 74 97 30 32 74 19 91 13 96 39 43 4 30 41 34 94 38 13 100 41 42 78 89 47 56 46 31 46 70 40 65 95 37 46 26 62 65 69 74 60 7 16 64 
36 8 49 82 46 62 81 38 55 58 27 54 14 72 36 11 93 27 75 87 15 20 64 77 36 32 50 48 39 18 63 26 25 11 7 22 24 40 60 31 97 38 84 62 61 71 72 53 97 98 91 12 70 6 88 5 90 89 4 80 6 66 5 
83 77 12 4 52 51 15 82 99 52 17 13 64 39 84 16 36 34 58 47 3 64 86 59 53 74 63 32 32 28 36 14 56 99 69 60 1 36 93 100 39 62 12 3 100 47 70 35 80 28 33 82 91 18 93 95 92 7 26 75 86 13 40 
42 64 8 53 64 95 45 63 34 6 26 36 6 73 5 92 52 32 25 86 74 42 30 20 85 36 45 59 21 10 98 14 73 58 66 88 52 11 51 85 68 28 20 25 100 77 17 4 60 41 41 86 34 70 5 19 5 2 77 77 11 75 91 
35 84 56 22 35 18 24 20 86 52 91 10 3 19 78 6 79 18 46 16 52 15 20 22 71 21 98 48 31 24 90 17 7 97 91 94 15 66 65 52 17 55 13 20 26 91 77 56 60 23 71 63 89 90 84 12 11 34 11 93 57 100 62 
16 96 52 9 62 17 73 65 86 79 30 57 4 20 33 11 31 7 81 46 96 23 29 59 85 62 69 77 71 20 90 86 67 93 94 81 10 18 45 47 96 74 3 52 45 87 62 28 94 95 73 41 17 1 51 1 15 19 29 85 90 19 22 
56 11 67 36 72 84 81 70 79 6 72 30 51 11 44 78 56 38 2 48 6 54 98 6 68 68 34 4 57 4 25 12 15 91 100 38 26 32 8 5 37 31 86 39 41 29 68 48 18 69 95 23 23 92 80 42 59 14 46 67 69 22 79 
35 65 30 73 90 61 80 46 49 62 32 88 3 12 7 2 82 76 97 4 98 40 36 39 99 49 36 65 69 10 95 4 74 76 76 63 36 7 9 85 68 92 24 22 3 30 76 36 57 72 92 54 11 27 45 61 27 32 78 95 41 72 98 
14 100 25 29 35 83 89 71 3 80 46 24 34 28 99 22 84 22 13 90 33 39 86 45 65 17 22 59 10 46 9 75 45 33 3 31 16 43 2 18 74 99 93 60 26 44 81 10 65 93 99 49 31 84 46 95 52 67 5 61 64 13 36 
8 98 38 39 13 33 92 82 6 42 26 65 68 69 45 77 86 37 27 86 19 62 31 13 13 50 70 74 13 82 9 73 79 98 63 43 30 6 76 36 47 2 52 14 22 97 42 7 85 20 45 4 81 27 68 94 76 37 19 41 71 27 13 
49 76 75 44 58 32 19 45 78 20 96 44 42 44 37 100 29 57 44 84 89 71 51 82 98 40 52 38 10 78 50 10 6 76 53 63 7 24 7 37 43 2 80 36 98 16 88 26 24 31 9 13 53 11 46 3 2 98 40 11 27 42 73 
32 69 77 94 76 100 52 64 95 6 43 82 3 10 69 80 34 52 40 98 4 50 43 58 52 40 98 14 67 91 86 50 59 15 44 86 14 47 49 60 52 43 42 54 5 10 85 38 61 24 87 17 74 29 74 77 21 23 42 87 13 28 36 
24 94 31 9 7 30 10 19 81 52 60 87 56 69 71 45 30 95 31 98 20 12 71 48 32 46 89 70 58 68 57 81 61 40 42 20 69 51 38 1 2 97 39 10 65 10 54 46 56 37 95 27 48 66 74 79 63 62 48 20 30 56 53 
42 95 94 61 63 44 98 16 97 94 54 6 11 15 60 8 22 96 3 48 43 20 73 73 82 87 72 53 68 27 5 9 22 98 70 36 93 67 51 90 61 5 95 23 19 6 30 41 1 84 40 95 3 13 19 36 99 90 89 66 17 93 26 
90 43 95 25 87 62 28 76 74 32 23 96 2 28 77 94 81 61 34 27 15 98 46 51 48 35 39 65 3 83 90 92 77 85 69 64 98 96 91 23 79 65 18 32 45 46 26 25 58 11 51 73 60 96 23 7 83 13 23 85 47 12 77 
24 48 45 39 97 92 81 19 22 46 88 53 90 34 78 14 43 40 16 15 99 64 89 57 46 53 79 30 100 43 58 75 42 54 13 39 45 93 9 66 38 97 71 27 82 48 92 24 40 60 91 38 23 79 47 68 84 77 49 83 71 7 57 
13 60 21 3 57 13 11 74 3 59 44 29 40 44 73 64 35 84 54 24 6 84 70 25 67 47 73 1 17 31 9 81 43 29 35 51 42 46 76 44 4 20 24 96 15 48 11 1 31 16 24 88 99 94 12 18 92 37 70 60 67 79 93 
9 7 27 11 100 24 87 95 80 58 19 75 24 18 85 24 49 100 47 88 50 92 100 19 35 36 89 47 54 19 39 63 77 65 25 77 41 11 23 20 68 93 94 91 11 30 14 11 81 13 98 30 4 97 49 91 84 89 37 38 7 75 52 
35 91 76 63 31 39 86 50 6 78 95 49 40 24 14 50 4 26 100 86 82 48 34 72 32 74 8 69 32 82 72 66 24 99 29 55 37 66 56 43 43 51 43 83 74 56 84 30 82 83 15 15 31 100 86 14 25 45 34 56 78 5 73 
1 3 53 55 40 18 11 34 13 13 76 47 38 83 82 67 16 65 33 30 47 32 67 12 56 11 45 63 88 1 36 41 3 88 47 94 58 9 79 22 21 54 68 59 37 49 25 4 65 58 34 63 41 52 74 97 63 70 11 2 70 46 42 
73 86 89 18 95 97 97 16 70 50 35 28 38 83 4 94 100 13 27 14 54 78 40 2 92 9 12 94 79 10 87 51 95 27 20 89 76 16 4 45 18 38 24 7 72 27 100 23 40 78 89 45 8 28 46 99 36 9 44 14 18 83 16 
12 9 36 52 84 51 7 80 68 96 3 27 68 30 26 42 21 56 30 65 63 57 62 61 93 70 57 58 88 39 74 51 99 61 3 83 11 61 14 31 57 17 9 76 98 34 17 18 89 99 34 51 7 95 64 51 16 72 9 3 62 34 6 
60 94 60 42 56 20 8 86 76 24 94 51 73 80 20 42 20 70 75 23 76 21 38 27 88 9 35 43 70 20 48 29 13 7 23 68 26 30 6 54 5 51 4 77 30 75 18 2 44 44 24 20 16 61 98 3 21 84 45 90 3 92 70 
15 50 44 34 76 73 39 29 29 42 84 5 23 11 74 24 6 69 47 77 84 59 74 87 79 57 31 20 11 75 90 77 24 33 11 51 58 1 31 86 42 67 43 65 77 68 88 34 37 87 11 20 97 84 6 76 93 89 95 55 15 36 32 
38 21 94 41 78 94 71 15 88 37 57 52 65 77 91 99 13 29 61 32 26 44 90 1 88 30 47 43 44 35 26 33 55 19 73 32 12 44 98 99 32 7 2 49 83 45 99 95 73 59 26 98 54 67 50 42 96 97 36 91 31 61 24 
85 31 96 68 94 91 17 45 75 23 46 23 5 90 73 99 15 31 77 12 84 95 62 77 91 10 64 81 40 24 56 76 6 52 95 100 94 11 44 68 86 41 42 90 31 14 41 45 96 17 8 80 63 21 8 53 30 72 86 21 47 41 48 
53 44 42 52 38 5 47 57 90 87 99 31 69 64 71 65 60 39 73 91 2 93 98 54 75 69 91 95 68 84 43 20 27 36 23 16 92 69 25 33 7 23 64 76 38 34 40 97 73 64 39 26 9 37 31 83 57 22 77 24 57 71 95 
35 59 69 51 2 89 27 35 96 49 98 71 38 83 62 87 7 78 25 32 86 13 63 68 70 36 96 45 92 19 92 78 77 60 28 78 49 54 64 96 54 13 18 44 96 79 30 54 8 54 86 93 67 100 12 88 87 8 84 30 78 75 7 
6 87 87 35 35 92 99 82 46 11 99 41 58 29 70 12 37 75 49 29 93 48 41 32 86 100 16 15 29 42 21 34 28 7 20 14 99 18 95 96 81 45 36 90 74 57 1 10 31 49 90 24 48 82 55 33 33 22 47 61 64 20 46 
91 26 66 57 76 35 51 71 67 96 58 57 21 14 9 30 45 58 71 20 57 53 26 90 37 48 88 98 11 7 95 53 85 12 9 60 99 12 83 65 59 40 73 79 54 82 60 50 91 82 21 47 34 46 88 71 93 76 20 55 34 14 60 
70 78 68 30 76 31 12 92 41 3 65 71 56 98 30 57 88 12 77 34 97 75 74 19 19 1 38 74 34 4 33 4 33 52 85 8 35 48 99 75 50 15 46 58 12 27 14 51 90 43 37 87 17 10 57 35 10 47 60 95 2 44 50 
34 96 34 41 30 81 91 56 83 58 1 40 21 28 53 72 17 47 8 55 15 69 12 2 78 58 61 24 59 57 74 44 52 59 84 33 92 26 88 74 35 89 13 56 68 17 79 36 16 38 91 30 6 2 83 35 11 44 58 21 52 83 64 
3 42 99 87 33 76 74 6 11 14 70 18 33 86 48 69 1 85 59 83 42 12 65 76 74 60 85 94 11 68 9 65 61 7 51 93 82 77 50 44 42 71 13 75 56 60 95 9 44 53 43 85 16 7 12 41 67 97 86 29 16 94 94 
76 52 44 20 85 72 21 29 14 91 41 40 98 53 34 6 96 86 100 33 53 7 96 45 25 92 30 53 59 23 98 86 74 94 5 58 65 25 38 30 67 31 69 65 83 2 22 30 39 22 62 91 28 10 35 4 53 16 8 12 38 6 97 
63 99 2 73 15 78 10 45 45 92 13 9 74 15 82 56 53 3 69 96 30 78 82 85 31 98 93 42 87 98 90 50 96 43 74 62 21 83 6 17 75 19 77 100 85 58 55 37 61 24 32 42 53 66 27 83 63 19 24 1 16 14 50 
63 8 23 24 28 58 82 96 84 100 72 35 84 30 42 72 42 17 56 83 69 21 9 52 35 79 27 35 46 92 37 8 100 11 84 79 68 65 75 3 16 46 90 51 27 31 22 68 47 77 3 15 49 63 18 83 42 45 18 87 36 6 47 
87 16 82 66 36 98 40 38 13 37 27 63 64 9 36 83 55 65 85 22 13 48 39 96 89 83 65 27 71 22 73 57 37 54 74 72 51 13 62 15 2 40 29 65 49 65 99 3 81 84 24 93 31 63 40 71 97 56 97 67 77 22 76 
14 27 49 37 30 14 98 44 67 90 25 31 38 41 81 40 21 64 16 13 46 30 5 68 26 60 65 45 89 38 72 54 64 72 90 45 85 40 89 51 29 13 33 18 53 14 9 73 29 24 37 75 5 41 42 31 53 58 27 41 47 98 46 
63 69 35 7 6 26 47 8 6 59 41 23 63 6 32 87 86 7 76 60 12 68 54 94 72 63 20 64 10 17 9 24 37 96 30 42 21 77 50 79 87 42 1 2 99 84 88 84 43 15 96 6 83 49 99 54 63 70 18 24 38 26 47 
74 21 77 68 94 5 17 72 91 10 24 44 8 60 32 43 54 98 38 59 80 38 9 86 1 78 3 24 15 80 23 40 53 99 7 98 55 75 21 97 84 96 41 43 7 24 86 60 21 75 18 53 13 78 38 13 55 92 88 21 23 10 61 
75 60 19 24 14 94 44 11 29 92 51 24 98 26 61 58 46 35 27 98 47 5 35 59 11 78 47 84 1 8 96 75 68 14 51 81 59 94 43 40 85 93 63 83 70 23 92 16 9 70 65 56 26 100 66 37 29 64 20 29 72 15 4 
39 80 54 19 39 99 62 78 36 6 92 70 76 66 61 43 74 30 7 81 56 58 47 44 87 10 15 15 81 81 70 71 60 75 90 50 26 3 79 61 60 70 30 87 87 42 29 61 23 88 41 30 45 87 25 83 49 39 98 81 19 19 52 
79 46 93 28 71 95 7 83 54 28 64 41 15 5 21 27 79 8 67 61 5 6 85 87 6 76 36 86 94 55 37 24 52 29 4 22 75 62 4 81 41 67 73 55 23 93 33 53 53 100 13 57 57 98 43 62 73 31 99 18 37 88 94 
88 16 97 61 43 58 64 23 50 82 95 5 56 39 37 8 91 88 73 47 96 22 42 9 46 72 8 63 8 95 56 95 62 4 55 56 13 70 78 63 3 24 67 10 63 55 17 53 95 41 100 90 62 41 51 7 64 10 70 71 4 77 17 
17 81 23 73 93 44 2 55 46 26 73 55 88 80 23 40 26 64 91 15 25 83 17 84 46 26 53 68 81 81 84 98 13 58 22 6 1 75 12 98 100 37 4 87 68 27 79 93 42 69 59 18 4 76 1 49 1 5 17 82 86 52 31 
98 10 4 55 62 78 19 60 30 7 63 68 74 41 46 66 82 67 76 100 70 51 100 70 4 57 38 37 42 42 19 91 3 22 98 64 51 16 75 32 22 38 100 47 30 97 12 12 63 87 63 84 90 14 6 93 70 43 29 63 84 47 54 
86 20 3 2 22 18 76 54 91 65 53 37 95 1 100 58 16 38 20 99 27 85 56 19 55 99 99 69 34 97 74 72 68 76 73 42 45 48 95 35 13 99 23 59 99 22 16 14 60 87 65 38 71 20 9 77 70 59 98 56 56 71 27 
75 47 99 16 43 46 62 30 10 12 52 68 11 26 35 76 37 73 92 74 96 64 82 24 85 41 21 40 48 92 66 22 90 64 90 32 62 51 61 23 63 65 43 25 90 77 52 26 2 96 51 97 59 85 20 95 25 41 35 24 84 52 97 
73 68 86 56 81 89 69 3 3 85 45 27 26 74 30 3 75 25 53 71 35 37 42 30 13 82 16 36 65 19 85 89 86 70 97 66 58 17 21 12 1 65 38 78 90 20 80 16 96 32 86 31 21 80 12 33 61 79 21 78 97 5 18 
35 26 66 100 36 82 20 47 34 37 37 11 26 56 90 94 3 74 79 85 46 10 48 30 71 26 50 100 75 6 17 9 84 83 60 19 16 32 65 2 20 53 64 97 60 6 90 63 79 21 47 24 30 95 53 100 72 55 51 46 12 68 6 
95 2 18 13 69 49 30 22 68 34 86 16 94 91 6 56 21 26 54 96 55 48 48 7 72 54 57 17 66 76 75 12 29 92 77 98 92 6 71 11 91 56 26 84 46 31 91 66 56 45 13 63 44 61 69 67 66 77 36 83 53 10 95 
81 53 71 30 44 28 1 6 18 56 31 2 54 14 44 71 21 40 84 83 84 96 3 50 61 80 85 44 32 46 90 64 98 60 94 93 87 46 98 56 53 81 57 58 94 53 29 14 92 64 97 75 59 51 77 71 30 13 66 61 11 7 77 
8 66 70 53 4 67 2 60 19 82 68 77 27 20 57 41 12 20 89 38 30 39 66 52 69 31 70 81 41 76 57 100 94 78 52 97 44 6 8 15 87 76 43 14 47 99 6 58 70 46 48 51 84 13 54 4 95 23 37 35 51 45 35 
44 23 38 40 18 43 48 84 82 75 26 47 21 76 52 31 97 97 30 47 32 94 1 88 89 75 24 23 25 68 9 68 42 47 60 12 41 59 95 22 33 73 68 5 48 71 35 45 67 64 43 51 58 43 38 46 70 61 20 94 80 29 62 
74 27 21 85 67 79 31 89 63 3 56 67 3 27 2 99 45 17 41 95 26 36 84 23 5 96 43 98 76 23 11 49 49 83 85 15 13 15 3 75 70 11 42 72 89 95 22 85 63 62 32 89 49 15 63 5 11 5 3 38 79 65 38 
27 48 22 42 60 88 96 87 57 58 80 80 98 74 1 83 88 15 66 28 63 80 91 68 42 47 22 31 26 38 68 4 37 41 45 49 81 93 35 37 50 14 69 100 39 69 82 78 83 99 6 98 30 96 17 72 94 90 54 71 27 74 75 
64 14 19 12 46 63 98 35 65 11 3 64 1 23 97 78 58 95 83 55 24 30 23 47 76 64 1 46 90 74 20 5 39 91 68 37 53 17 71 17 79 73 32 79 95 28 9 52 74 43 58 98 25 32 96 100 95 48 45 37 73 17 93 
12 7 61 48 11 29 70 28 8 42 11 86 88 39 94 92 64 89 49 13 13 81 9 12 27 8 8 63 81 24 56 44 82 68 43 93 96 12 72 3 53 82 41 92 72 86 83 36 74 84 100 86 16 60 49 42 68 57 5 48 32 60 91 
66 27 33 58 74 44 29 77 48 62 17 39 86 2 74 73 76 57 72 13 72 32 62 65 99 70 69 46 53 80 88 18 58 20 27 32 63 7 8 62 21 76 52 6 29 25 78 4 33 49 69 56 80 82 21 30 3 41 27 55 21 14 25 
30 33 3 61 47 10 20 8 30 47 12 35 76 36 64 31 21 12 99 76 44 80 48 25 82 89 52 89 61 65 65 90 50 67 3 96 76 22 56 57 21 67 43 96 54 6 26 74 70 77 50 65 56 97 89 90 37 40 30 97 57 94 87 
6 60 41 53 88 62 8 96 34 74 91 29 28 96 7 53 17 83 54 81 90 51 22 79 39 61 60 36 69 53 74 74 65 14 27 4 27 86 99 61 60 41 41 39 37 47 91 5 29 45 86 19 47 7 49 85 19 9 72 88 13 45 13 
29 10 91 32 37 77 83 49 88 23 89 26 11 36 68 16 16 64 53 34 62 11 35 99 29 95 22 68 7 19 33 36 28 23 19 16 51 1 64 38 24 53 15 86 40 83 1 55 98 53 41 12 63 75 10 44 69 31 63 27 49 95 14 
77 18 33 44 68 33 8 58 8 12 72 94 51 6 94 57 56 99 97 67 13 23 76 56 91 58 71 70 7 65 83 35 34 15 78 54 100 37 11 59 48 34 52 50 40 98 59 95 48 55 61 60 78 88 68 20 45 38 41 3 2 24 37 
88 90 67 41 89 55 3 100 55 36 51 4 75 100 62 21 47 69 33 7 98 20 26 17 17 63 58 19 16 33 8 3 22 26 95 63 80 97 62 34 85 64 90 11 64 3 32 10 71 64 68 68 36 93 37 52 7 46 70 75 78 29 29 
51 54 24 65 34 72 26 67 56 42 8 19 5 11 50 66 33 65 34 1 52 78 89 3 37 86 25 11 63 53 39 65 59 14 30 92 86 7 10 93 48 18 11 4 80 12 70 12 29 55 64 80 84 52 35 20 37 11 82 51 15 73 68 
73 86 97 16 23 55 26 16 3 95 78 6 74 42 27 37 70 81 1 1 65 4 35 36 93 97 70 95 12 42 62 36 27 10 52 50 65 29 17 67 23 46 24 48 87 51 84 8 83 36 9 99 40 95 87 84 44 56 78 55 97 40 42 
23 1 93 24 65 73 92 31 47 38 7 94 24 9 30 84 43 17 92 42 8 38 28 91 81 35 21 87 31 12 29 5 12 73 29 77 46 20 59 92 9 65 38 85 25 19 68 68 35 11 61 43 48 40 85 81 74 5 67 56 16 47 60 
28 20 40 56 65 12 14 8 20 31 45 4 55 63 23 74 50 33 34 92 33 73 76 65 98 33 31 53 100 78 13 27 49 4 34 65 15 48 72 87 30 69 42 36 31 65 10 80 49 43 23 33 68 51 97 65 35 80 18 34 9 82 61 
57 85 46 21 52 93 44 90 74 12 31 10 95 47 19 26 48 13 49 80 32 51 77 97 85 8 66 18 16 99 30 72 83 76 44 86 20 87 75 94 99 58 55 93 4 73 18 51 37 18 83 69 68 11 17 4 18 34 74 33 32 55 56 
66 82 99 52 2 85 78 47 35 35 1 79 39 25 49 41 13 66 23 33 86 85 1 41 2 34 14 86 17 69 41 83 50 39 86 3 76 63 1 10 98 53 41 88 77 89 28 42 54 3 74 91 39 75 32 41 8 45 26 77 65 67 59 
67 57 44 69 32 6 22 94 55 74 34 42 51 22 22 92 27 76 17 18 14 91 49 6 51 45 32 27 62 50 37 28 58 80 48 90 37 69 35 92 43 20 85 45 93 58 88 19 33 4 88 99 47 88 4 49 85 35 27 46 36 63 25 
94 94 72 35 30 93 69 73 87 40 10 31 32 67 70 2 52 25 90 50 71 29 53 19 13 40 97 58 75 59 34 20 52 6 54 34 50 74 6 36 65 15 18 96 34 87 98 85 11 39 86 34 67 38 4 80 29 1 89 56 59 23 75 
63 80 81 96 29 6 1 16 71 68 33 18 53 19 15 89 81 53 74 14 72 63 70 51 92 70 39 47 80 13 73 42 92 53 37 72 11 90 87 81 9 19 50 61 89 65 1 22 69 74 87 40 36 56 42 27 25 81 25 5 93 98 98 
37 2 87 8 12 76 95 44 36 65 94 48 54 10 48 75 78 21 61 70 8 69 11 87 93 43 11 49 88 8 47 24 62 33 83 73 60 77 69 47 42 62 94 47 71 41 73 100 13 85 21 20 53 32 6 98 26 69 46 13 28 44 88 
89 28 71 62 39 99 30 85 92 43 78 90 65 18 62 64 82 99 85 2 51 68 59 100 93 27 98 58 55 41 45 43 69 15 56 7 66 37 92 57 31 21 47 95 39 60 11 72 58 47 73 61 66 32 60 58 10 57 15 16 50 12 59 
70 78 66 28 43 55 71 100 37 92 98 32 82 57 94 53 67 40 26 27 5 9 38 14 70 47 81 86 96 92 96 65 69 13 92 64 67 63 15 4 6 12 87 87 20 80 39 86 71 16 64 27 76 2 92 46 48 72 31 95 15 26 11 
36 38 2 99 57 16 65 12 21 76 98 59 95 29 98 33 99 65 96 25 41 49 68 86 96 40 68 42 6 45 52 93 34 6 43 90 21 7 1 94 82 50 52 29 78 1 61 28 66 8 52 58 57 20 95 4 11 62 46 68 58 97 61 
91 54 3 33 27 62 85 20 43 35 23 23 64 76 35 92 93 43 95 50 99 66 44 2 28 57 47 96 66 96 8 56 49 62 88 75 23 25 46 18 59 21 40 74 96 75 65 88 69 60 89 67 77 84 20 5 40 67 100 5 14 59 12 
14 20 52 41 43 76 86 60 86 58 51 59 53 25 76 92 93 87 80 11 63 15 31 67 6 49 18 62 14 76 74 27 48 77 67 90 52 5 49 89 14 99 47 67 76 22 10 20 8 42 83 23 56 13 41 62 13 11 23 26 38 48 52 
85 24 71 74 75 27 74 15 40 73 62 58 100 35 20 71 95 61 53 69 16 65 9 29 29 19 4 54 57 51 58 41 75 28 15 1 6 40 16 97 64 29 55 63 15 74 86 61 34 38 29 1 55 38 82 83 8 85 37 64 87 94 57 
61 73 23 14 78 62 81 74 26 61 80 40 75 5 25 36 90 63 16 43 69 53 24 51 61 60 39 76 46 84 32 59 56 54 24 85 68 4 11 93 16 42 32 42 47 9 29 36 23 45 78 91 97 1 41 9 12 32 37 58 15 68 68 
71 74 91 7 41 46 17 85 13 59 68 54 57 76 83 92 98 27 70 40 75 22 33 36 86 64 72 43 78 91 62 100 16 4 59 8 1 27 92 13 37 12 66 93 39 48 85 37 26 6 76 53 79 8 88 64 23 11 58 53 1 19 52 
69 22 62 76 74 89 20 86 25 31 52 18 69 51 54 57 29 11 85 81 89 44 68 53 67 78 10 19 30 81 22 98 54 84 74 28 24 45 13 48 75 16 17 95 19 22 4 99 32 88 79 21 31 98 73 97 27 34 67 8 14 41 6 
68 24 31 47 47 27 11 46 1 27 63 47 97 36 50 95 68 37 25 88 20 74 12 68 100 97 35 59 11 75 16 30 50 98 28 48 24 38 93 76 64 7 23 12 43 72 58 62 61 82 49 80 55 12 99 6 8 85 17 70 59 32 51 
60 30 78 7 53 16 52 29 31 58 3 43 52 74 100 13 86 34 13 17 40 76 16 98 84 100 14 5 11 97 56 22 26 33 29 31 48 80 59 79 89 61 73 93 86 24 5 24 57 70 40 49 45 7 46 80 59 11 85 21 7 40 42 
33 24 70 63 72 1 73 2 42 33 26 34 70 49 90 93 58 59 85 6 4 91 3 83 1 13 67 21 19 58 63 3 82 84 17 5 37 89 6 78 73 83 11 95 31 100 87 40 11 23 45 14 66 47 48 66 11 15 39 30 24 1 84 
5 36 1 9 72 89 66 49 14 100 11 8 31 63 46 70 73 69 67 86 34 65 85 51 76 51 89 57 75 41 40 31 77 40 40 48 81 57 49 46 57 59 53 39 21 50 60 93 18 78 30 3 43 15 6 70 65 94 26 91 35 65 22 
11 57 13 10 89 69 58 34 77 17 38 67 89 87 27 34 57 4 15 59 98 81 64 67 98 10 44 88 44 61 9 6 69 73 15 57 94 25 90 70 93 27 37 81 65 15 66 21 70 33 32 20 13 95 38 10 56 82 50 51 94 10 56 
62 83 23 18 76 99 59 97 91 37 85 23 1 99 41 22 21 73 5 40 85 99 77 47 7 10 96 57 55 5 13 16 39 87 85 14 85 95 63 27 31 47 49 84 98 89 57 18 61 61 9 98 11 37 44 17 99 39 74 53 95 38 69 
34 76 5 99 60 100 61 86 30 8 86 65 5 27 21 74 87 81 34 84 92 70 79 60 68 17 33 21 64 22 41 97 97 45 47 8 96 8 45 78 67 31 42 23 9 63 96 95 95 29 31 86 50 9 98 18 78 30 90 93 4 82 41 
100 78 87 60 74 46 4 51 12 86 44 34 94 6 81 41 1 61 23 38 11 31 35 80 60 17 69 52 20 2 44 71 31 31 82 56 76 86 58 40 23 2 25 17 7 6 9 59 66 31 97 76 13 83 55 73 99 75 76 70 28 72 93 
59 2 74 14 29 11 72 20 34 25 45 2 83 50 10 42 15 40 90 43 52 72 49 76 23 24 4 44 3 75 36 61 28 10 27 56 72 50 76 5 74 72 6 56 21 15 49 87 6 38 29 58 62 78 85 36 53 88 79 55 62 15 68 
41 76 46 49 47 95 76 4 20 47 9 27 67 76 28 53 81 17 34 90 78 63 75 65 67 62 44 73 76 10 92 16 37 37 64 83 83 39 86 54 85 47 81 3 22 60 8 54 76 41 44 6 55 18 70 21 79 65 93 6 74 85 22 
10 73 37 45 56 28 82 9 64 80 41 67 1 100 26 7 28 66 50 33 72 67 54 92 97 19 36 3 44 72 76 6 45 64 50 100 43 83 60 7 63 53 25 15 4 50 21 31 67 70 15 38 88 69 29 85 39 16 39 82 88 66 87 
32 29 88 83 72 23 94 30 37 46 54 51 2 55 24 32 21 45 99 58 33 19 38 69 57 5 59 90 92 24 29 23 52 68 57 75 90 51 4 26 48 57 29 49 11 52 33 83 48 83 92 80 1 81 100 9 86 58 98 77 81 26 52 
85 46 60 59 35 10 63 13 10 71 41 10 34 44 42 68 91 76 60 23 76 40 22 84 25 32 34 54 12 11 57 48 56 16 7 91 26 21 55 87 43 95 96 28 90 90 96 80 65 7 54 93 46 76 76 23 7 9 28 70 72 84 70 
27 99 76 69 76 48 23 14 42 69 10 70 58 51 17 90 15 23 43 7 20 18 35 94 76 95 21 98 66 56 67 93 7 94 61 82 93 36 48 34 4 57 55 62 7 71 51 73 45 93 32 65 63 66 58 90 60 31 87 78 86 5 22 
92 98 34 26 42 69 73 76 73 81 82 34 87 5 36 11 49 28 42 65 42 7 23 32 19 53 70 48 90 75 69 82 24 2 59 66 71 31 93 43 11 74 28 49 30 15 59 79 94 53 43 36 11 17 67 29 21 88 28 11 62 96 44 
86 98 2 3 20 84 47 62 46 20 41 94 2 55 4 80 48 56 74 35 67 43 1 47 63 89 75 25 2 22 20 39 19 73 41 38 56 87 51 1 59 43 46 60 97 50 91 97 57 16 31 75 58 84 22 21 24 48 97 25 69 17 16 
40 89 56 29 97 95 80 97 5 74 95 64 23 44 6 19 52 21 1 27 79 84 100 51 59 99 47 84 67 63 99 58 52 6 87 48 52 18 96 56 91 90 71 13 85 76 83 37 49 84 15 27 19 66 77 78 64 23 13 82 38 11 40 
41 68 78 88 20 47 35 75 37 77 98 2 61 73 36 49 21 19 15 99 38 80 27 67 43 2 79 77 39 41 68 79 8 45 18 79 91 4 6 79 80 3 32 93 27 68 93 100 86 8 98 75 87 25 41 82 78 71 10 16 11 77 46 
71 73 63 49 63 66 54 93 98 8 25 90 35 92 82 34 29 89 83 4 28 59 96 61 36 67 70 51 77 98 96 47 70 10 48 84 76 53 76 73 61 100 14 95 43 95 80 72 36 62 75 15 73 22 75 8 88 96 11 17 45 58 15 
14 68 62 97 95 15 24 19 75 76 32 21 18 78 52 89 65 65 15 79 37 89 5 97 76 52 7 44 96 64 59 9 83 20 57 77 86 33 47 12 8 78 84 77 8 35 18 72 100 84 51 88 72 7 84 100 59 42 43 54 6 1 15 
40 73 23 17 58 55 15 70 14 45 53 43 52 40 60 23 91 95 25 78 67 32 14 66 42 55 60 95 12 61 61 52 85 84 20 42 90 34 63 4 78 68 98 29 59 57 4 49 3 80 26 69 63 39 86 4 46 46 99 57 58 11 8 
42 94 27 35 84 61 98 39 38 17 36 19 75 44 22 23 46 53 100 67 16 91 52 19 36 49 69 44 6 80 52 47 25 30 34 8 90 83 98 80 99 33 98 25 28 71 99 26 23 50 92 90 92 95 61 79 44 81 23 1 12 74 100 
37 55 33 96 45 15 94 76 65 78 73 41 6 95 39 31 69 40 74 59 32 68 71 10 63 51 32 16 63 57 67 51 12 99 46 8 65 91 83 81 69 7 21 26 1 11 8 69 50 81 79 33 100 49 43 15 52 26 82 14 35 48 64 
98 98 61 5 62 52 39 94 72 45 14 97 97 76 56 17 77 88 48 10 39 96 4 5 47 29 86 12 15 33 27 12 30 88 68 43 39 6 36 10 2 1 58 50 28 65 67 5 52 14 66 90 61 69 95 8 97 32 71 12 65 98 75 
46 85 43 41 75 100 28 36 54 81 45 3 8 9 69 64 12 82 29 1 95 97 47 54 46 79 24 57 95 21 83 92 57 25 32 83 77 60 18 30 40 62 32 99 22 1 63 33 34 91 86 80 40 84 33 85 14 57 93 8 29 75 52 
38 52 83 20 28 94 90 57 85 3 40 36 25 92 98 9 78 40 94 57 79 30 90 63 43 98 55 3 26 82 54 15 33 88 35 60 82 76 68 18 78 59 53 54 51 2 63 28 94 8 84 72 37 25 87 80 22 93 82 100 74 87 14 
6 74 100 17 7 75 36 77 53 95 81 6 45 83 20 24 76 28 59 99 64 84 85 95 57 78 28 56 3 14 22 9 40 21 77 98 48 13 74 52 7 55 9 3 89 29 26 64 8 36 14 23 19 51 18 76 80 97 83 82 63 4 90 
2 77 19 51 76 31 25 27 89 31 87 91 19 67 68 34 74 3 47 49 74 97 66 49 76 14 83 58 76 87 99 29 15 17 80 90 99 56 68 87 86 54 29 4 73 48 37 46 51 83 94 76 32 11 76 7 77 58 16 52 44 67 33 
10 35 64 99 34 19 66 72 4 72 1 59 44 48 95 41 50 29 87 25 12 49 100 71 25 10 86 29 5 4 13 15 91 76 13 24 94 31 47 49 54 47 59 49 47 53 89 48 33 75 73 45 76 24 67 100 85 4 80 90 8 92 4 
98 67 68 73 12 50 19 12 3 18 70 51 64 74 92 63 7 18 35 3 93 11 69 93 95 72 72 84 31 16 39 80 82 7 52 46 8 71 57 63 40 27 65 55 100 56 17 58 74 4 12 66 14 80 10 60 4 34 96 86 49 34 66 
82 92 17 79 52 39 36 14 78 14 78 32 13 34 1 23 59 4 34 24 17 66 86 28 69 19 75 6 19 61 71 100 52 88 79 55 78 66 68 8 79 46 39 43 31 39 65 89 94 51 64 10 16 49 90 36 19 64 41 37 24 12 89 
28 51 19 82 28 84 2 35 14 99 26 56 81 16 73 21 10 23 84 71 38 85 60 25 3 76 65 92 51 28 32 78 78 50 12 6 85 65 92 98 63 17 53 43 33 77 63 94 99 98 64 88 34 76 12 89 3 77 80 53 4 11 83 
34 12 94 39 96 58 30 93 72 99 97 66 83 74 80 76 72 77 91 60 11 66 23 99 68 99 30 21 55 92 55 40 3 48 78 98 57 59 90 80 9 86 45 91 59 24 18 83 52 9 42 14 74 64 12 94 15 93 66 21 84 20 60 
86 19 89 83 27 99 24 58 8 10 2 50 20 77 68 2 28 76 95 94 1 11 57 46 25 50 11 97 33 82 8 71 52 48 5 78 46 29 35 5 38 88 7 9 64 74 11 44 1 5 37 53 67 93 99 43 94 61 39 79 43 98 49 
94 45 53 24 91 81 58 47 70 98 53 79 13 78 41 8 30 97 96 83 64 41 33 6 34 93 97 12 87 94 12 81 39 65 4 81 97 13 27 19 62 32 49 75 61 89 82 91 37 78 73 100 18 5 58 51 49 54 15 36 47 26 16 
37 90 71 17 39 35 96 57 97 79 57 71 39 45 4 29 33 81 1 33 50 57 90 1 6 95 67 41 41 92 8 30 34 30 46 72 64 93 80 12 71 36 34 10 32 38 38 64 70 91 48 20 99 89 72 56 83 38 96 76 81 55 5 
14 84 50 37 48 43 68 11 65 55 45 74 86 34 64 2 3 6 49 74 4 38 45 60 72 34 7 47 15 62 51 80 45 1 69 44 95 36 7 11 91 51 37 28 36 100 81 38 5 82 12 60 71 8 71 42 94 78 89 8 91 39 39 
87 91 7 83 37 95 89 100 37 91 36 64 26 35 97 63 91 78 26 50 48 86 21 41 79 50 29 38 40 20 76 26 62 35 8 51 29 48 50 65 38 85 80 63 19 28 78 61 5 3 62 4 40 34 45 18 83 73 55 74 44 31 52 
6 17 11 8 45 59 57 61 48 41 92 11 11 20 40 71 24 42 84 80 34 18 24 51 52 48 6 26 44 88 77 49 4 39 56 48 97 64 60 45 4 51 7 66 22 46 88 46 39 71 77 72 88 100 23 92 99 28 17 42 67 45 90 
70 83 97 69 32 12 28 76 15 30 34 32 52 79 19 49 17 90 25 41 29 76 63 20 74 42 88 16 8 32 57 29 67 6 97 98 17 76 73 84 5 58 15 8 36 34 56 4 75 32 44 3 7 58 75 81 51 62 48 10 46 4 38 
12 9 86 61 26 61 85 9 18 42 23 77 77 8 33 80 82 16 76 37 23 33 11 55 84 24 2 93 21 5 83 84 66 68 44 43 81 28 3 50 21 77 26 97 85 10 29 66 26 4 2 48 88 64 2 23 40 55 16 12 59 50 96 
24 17 91 66 49 71 68 98 91 97 24 88 81 33 68 98 58 23 100 57 10 15 10 33 6 64 100 18 23 1 13 98 17 55 16 66 25 35 15 16 31 38 55 63 23 22 61 80 44 12 89 5 26 98 37 32 14 88 1 88 88 13 85 
57 67 52 74 44 39 88 59 69 78 13 84 100 86 44 31 29 55 19 33 32 69 22 15 82 61 15 69 1 27 53 57 46 57 30 89 95 69 99 15 46 11 98 45 48 41 28 76 47 46 60 79 14 81 93 95 94 8 63 94 86 68 50 
31 24 31 71 70 51 21 36 49 83 34 45 30 26 72 5 73 18 17 51 83 97 95 78 42 2 92 35 88 59 36 70 34 18 93 55 69 13 91 17 96 24 61 25 1 85 82 73 2 98 75 84 46 70 13 88 23 5 74 10 15 10 32 
49 79 76 3 47 88 93 15 35 68 28 12 69 12 93 93 65 42 20 100 39 89 13 78 63 69 52 73 83 13 56 83 91 31 86 38 70 30 4 5 50 83 16 18 94 60 62 10 53 81 10 91 21 74 69 84 42 72 8 24 84 15 7 
74 45 44 63 14 25 19 70 74 1 37 91 47 48 5 56 100 85 17 43 58 90 63 41 31 34 100 7 17 14 65 42 10 8 5 75 32 23 45 6 75 81 48 21 81 52 77 80 89 93 74 46 83 36 38 65 69 89 23 85 2 87 27 
11 46 83 85 78 57 81 35 31 14 34 52 94 38 80 25 26 72 99 23 6 34 12 23 3 100 45 39 53 32 17 15 77 99 51 6 55 32 92 38 97 26 89 90 63 20 14 40 91 12 14 49 98 77 71 100 28 67 38 80 98 55 46 
27 5 96 84 12 79 76 49 75 53 89 64 67 8 30 58 50 93 71 98 90 99 20 41 26 87 79 5 36 85 50 14 41 97 98 52 76 73 52 2 25 40 18 91 47 47 100 97 91 70 46 81 20 66 21 45 4 51 1 39 87 2 53 
28 98 2 31 25 74 83 79 50 22 96 92 21 94 91 69 84 12 14 16 31 31 37 27 34 39 27 25 78 80 29 5 77 30 87 54 55 69 32 4 43 27 47 15 72 89 83 55 100 96 71 82 79 59 8 12 49 86 88 26 65 68 30 
41 97 69 46 51 89 29 6 31 7 4 45 78 92 79 33 91 75 55 24 53 65 31 16 13 16 56 39 80 23 20 73 20 88 18 22 77 99 80 59 5 83 56 83 27 34 67 17 60 73 93 12 37 23 80 49 39 35 87 70 57 7 42 
28 46 12 2 74 10 81 33 66 15 40 48 41 73 66 10 33 38 2 96 74 76 27 75 14 61 13 36 70 19 77 49 17 40 50 90 1 30 74 67 97 13 14 89 86 32 98 70 69 51 17 95 27 44 69 92 56 81 79 77 52 8 26 
20 47 75 9 48 57 83 66 53 95 31 41 32 62 91 53 83 93 70 77 71 65 97 15 20 29 93 97 80 100 22 99 99 96 60 98 4 42 63 56 88 93 49 20 7 91 72 89 35 93 65 6 57 13 72 77 41 64 25 73 16 46 23 
14 93 82 63 97 75 25 4 15 69 4 86 75 94 57 63 29 2 79 86 58 91 57 86 32 72 10 56 39 7 78 4 52 12 66 100 38 42 55 52 11 59 37 85 4 46 100 84 47 78 69 56 21 77 42 4 1 3 59 39 10 88 95 
13 51 60 12 89 2 66 92 64 76 29 48 80 26 99 63 72 29 84 27 49 12 20 52 12 23 62 3 32 1 97 44 52 8 7 92 9 24 83 72 100 63 72 79 88 22 93 11 50 28 38 98 40 9 1 3 31 14 57 14 15 5 9 
18 13 15 9 73 91 43 45 90 6 68 20 45 89 64 56 91 92 45 40 83 53 41 85 36 6 42 49 72 46 58 89 10 24 49 83 14 44 79 55 1 46 26 45 86 90 52 76 33 96 16 15 1 8 99 36 65 92 84 37 90 93 77 
99 17 78 81 82 21 59 37 73 56 62 17 94 3 69 21 35 16 88 49 16 47 100 3 12 91 39 48 80 31 76 79 99 53 59 81 25 70 69 97 77 82 14 70 85 34 91 71 1 78 20 69 25 19 71 88 61 9 35 41 92 10 19 
90 15 29 22 39 50 90 36 27 24 1 96 60 34 38 30 86 16 49 54 92 19 77 79 80 37 65 72 28 26 90 70 40 70 91 31 20 33 66 46 8 66 93 67 51 31 96 36 98 97 90 41 15 66 19 46 2 35 17 82 60 58 51 
52 28 93 82 99 77 99 96 84 64 88 50 14 70 46 1 67 94 90 7 8 7 77 6 61 63 22 42 75 32 44 26 11 36 59 9 65 57 56 48 72 95 50 85 65 47 37 83 40 79 42 99 85 70 4 97 33 78 38 7 61 33 84 
71 21 42 31 85 50 86 32 21 32 33 57 96 79 93 31 18 71 72 69 8 93 72 4 25 1 94 83 61 26 66 83 46 59 13 30 8 50 14 28 82 46 84 29 77 77 11 46 99 34 14 6 27 86 10 3 38 3 86 51 80 51 33 
26 10 46 55 69 47 20 97 28 18 32 9 94 60 19 39 59 53 53 16 31 90 25 33 79 79 18 29 59 21 62 36 82 7 90 50 5 62 98 85 79 30 93 72 89 63 62 99 67 66 15 97 55 91 82 86 22 51 14 80 71 75 15 
4 33 56 6 38 69 3 22 47 32 14 70 73 28 84 23 95 49 37 43 56 28 24 41 49 27 54 80 97 29 46 53 13 53 58 50 22 12 71 20 44 36 42 68 16 25 90 62 73 79 4 80 58 80 20 58 6 26 37 54 54 34 58 
18 38 15 68 11 27 90 83 22 78 24 41 93 48 82 54 72 60 9 52 17 40 23 74 97 48 62 3 53 47 60 71 85 27 38 47 5 79 29 78 56 52 70 100 51 51 5 23 63 14 26 79 5 48 5 54 96 66 56 100 65 67 70 
49 45 59 47 49 38 76 78 45 79 47 45 30 50 49 4 12 14 81 42 71 80 46 24 27 64 79 27 28 97 96 28 42 55 74 42 44 1 20 88 80 18 84 61 19 85 16 30 50 48 24 20 27 69 95 54 32 25 80 11 22 27 38 
15 81 64 56 76 64 27 16 95 97 99 7 15 35 74 97 37 21 20 56 48 40 3 1 24 27 80 34 100 6 24 14 39 39 22 66 54 48 81 49 96 32 7 11 66 81 59 2 1 30 10 48 69 64 100 92 90 31 78 42 89 1 55 
79 39 76 44 92 76 25 92 71 8 51 33 25 31 91 27 83 20 88 83 89 51 82 32 92 65 9 33 53 61 40 31 51 15 26 95 90 50 38 13 9 88 45 34 18 36 12 53 7 99 35 47 1 16 31 44 80 91 77 84 52 68 66 
54 82 92 48 24 93 38 36 2 25 32 35 95 19 46 47 26 96 81 24 96 48 54 91 80 45 67 15 48 34 81 1 68 72 1 43 64 38 78 65 14 61 99 8 80 96 6 5 91 38 80 38 86 86 29 17 30 47 31 29 33 11 81 
100 82 81 42 98 70 71 62 36 31 13 95 10 8 1 66 99 38 98 36 75 83 64 43 12 11 74 92 43 36 72 94 70 5 87 67 26 9 80 61 91 92 56 1 52 8 18 50 45 15 37 72 49 53 14 60 15 39 3 9 75 75 54 
96 31 40 14 56 48 93 17 38 85 24 90 36 31 60 37 27 26 25 98 75 77 64 86 43 2 89 51 28 15 56 75 45 95 88 100 94 81 68 84 17 43 25 4 73 36 40 100 62 16 49 88 93 12 73 87 66 13 90 45 27 45 20 
23 92 7 23 85 39 42 20 55 85 45 58 9 80 49 60 93 65 9 80 9 72 53 95 89 65 36 34 44 81 5 66 72 63 40 8 2 34 28 8 18 72 66 78 3 66 38 96 30 98 75 90 21 79 37 10 96 72 95 39 52 51 56 
23 13 48 83 14 81 10 22 50 81 39 79 35 56 16 30 86 13 57 27 34 35 63 95 82 35 41 20 38 91 28 13 3 27 95 69 7 4 42 8 36 32 86 70 87 54 52 24 18 8 51 3 94 13 97 76 99 37 47 37 79 26 49 
82 52 95 50 10 98 43 69 33 74 7 54 60 60 57 84 77 16 86 80 10 50 28 37 49 17 35 37 95 61 37 76 64 31 77 26 28 19 94 12 92 100 17 4 59 74 87 88 89 72 67 50 21 94 38 21 62 25 57 57 37 45 32 
100 75 61 25 54 79 19 17 23 70 34 26 29 59 64 16 99 87 34 1 59 79 90 80 41 14 88 97 50 33 80 50 59 92 26 13 71 96 81 45 66 66 22 46 24 37 13 75 23 98 27 81 76 16 12 68 30 52 64 79 84 96 80 
94 87 6 6 9 1 39 5 18 4 26 63 80 62 27 54 84 24 80 17 100 47 80 67 76 31 83 55 14 30 86 8 16 91 65 25 44 55 29 61 59 7 76 38 68 54 43 4 78 74 72 29 20 51 47 48 82 81 54 47 10 39 6 
26 30 23 2 25 77 82 37 35 88 64 24 8 18 18 63 95 91 86 75 63 88 73 10 69 54 15 68 15 53 73 92 34 47 93 58 24 27 95 10 66 58 86 25 75 3 39 21 46 24 47 60 12 20 21 32 25 35 99 91 87 24 83 
21 22 27 78 45 53 24 7 19 82 44 95 8 46 34 81 43 57 79 2 20 98 22 4 74 8 54 65 95 77 47 15 51 73 44 95 78 20 53 48 1 96 42 60 94 75 92 88 84 71 90 55 20 63 58 94 71 12 10 17 40 8 83 
90 32 78 37 9 97 41 56 49 89 98 9 82 24 100 21 7 70 62 62 42 25 71 35 47 82 96 15 74 3 97 15 86 74 51 95 71 44 2 19 32 51 79 65 75 31 85 33 52 47 46 93 23 17 79 21 50 74 35 75 28 83 90 
14 56 92 60 78 35 61 49 18 12 27 82 38 57 19 70 9 65 16 53 39 84 32 59 33 57 45 8 85 79 97 50 86 40 9 64 75 21 12 92 84 90 26 21 99 44 43 59 8 58 11 98 41 42 8 25 99 52 32 35 30 80 84 
15 20 44 30 46 64 93 37 48 35 14 68 33 57 10 91 16 19 1 13 11 95 20 36 45 23 67 79 4 99 14 71 18 57 52 63 20 45 51 19 79 65 39 63 73 48 53 89 19 5 53 29 51 25 64 95 47 83 25 3 81 90 73 
50 46 76 64 18 20 14 88 50 30 26 12 3 26 16 43 44 21 95 72 23 19 88 70 18 22 94 20 54 36 44 3 33 19 18 2 91 83 90 40 13 15 4 67 40 19 9 35 91 55 7 14 74 46 83 43 67 28 62 72 63 57 74 
96 27 43 97 69 25 86 61 37 53 64 55 44 82 63 79 73 70 37 86 43 82 20 85 100 47 98 71 10 6 96 57 32 38 53 53 14 91 13 51 95 76 57 38 57 72 16 81 41 4 18 35 37 37 19 36 84 68 58 45 73 5 1 
56 94 53 8 8 95 20 10 89 47 66 27 4 37 94 36 77 50 54 11 86 42 81 74 25 100 31 69 72 88 21 80 81 26 39 88 20 11 97 9 57 63 87 60 51 32 48 80 81 1 42 67 42 23 40 19 74 22 39 98 9 60 77 
90 85 15 29 56 77 26 16 34 40 54 45 42 86 92 21 18 44 63 36 86 37 27 56 10 49 94 7 9 5 35 50 41 2 79 97 78 56 64 11 47 18 56 40 3 47 61 72 43 75 8 28 11 34 35 72 34 80 31 43 85 65 44 
77 18 74 25 96 81 89 58 27 6 13 67 60 12 79 31 54 53 90 33 15 24 19 38 9 98 68 3 34 85 47 11 2 20 87 49 1 75 7 79 32 19 97 91 82 27 74 87 31 63 19 97 38 37 35 47 87 54 49 20 90 47 82 
92 19 69 92 19 43 98 49 27 69 98 17 50 24 42 37 55 5 7 51 94 96 37 92 82 91 41 1 32 39 35 75 57 3 67 27 97 64 76 23 32 73 92 34 48 33 22 2 89 28 5 83 75 41 74 56 83 66 9 15 5 43 89 
13 97 55 40 45 71 15 20 54 39 11 87 86 95 60 40 36 88 44 18 14 84 43 70 67 61 30 33 17 24 21 29 72 28 68 16 98 34 87 51 72 49 90 10 44 49 49 79 88 92 48 2 27 42 23 45 2 52 77 18 75 98 47 
98 77 66 13 74 100 100 76 23 48 65 32 43 66 80 73 53 23 72 54 50 14 76 94 67 79 23 37 5 72 35 2 48 100 67 73 99 18 48 22 17 65 5 60 30 85 84 82 59 56 88 8 21 15 54 87 94 28 23 50 99 57 52 
46 9 18 70 7 87 17 80 3 81 85 62 10 21 98 44 79 53 31 39 25 97 44 11 90 71 86 40 21 94 43 66 2 12 35 61 98 3 92 100 36 28 14 97 48 11 40 79 15 22 69 39 19 64 1 60 34 38 51 54 32 93 71 
33 56 57 45 53 11 37 5 46 64 18 43 64 80 34 94 94 56 62 32 26 25 84 85 10 22 36 15 5 80 37 89 36 93 34 40 3 70 96 1 85 13 43 100 92 76 93 37 83 6 68 8 82 4 45 91 77 32 5 81 11 41 69 
98 85 2 90 40 23 85 40 60 50 34 59 41 9 52 78 44 57 97 51 39 52 95 81 28 78 38 8 89 30 77 38 15 30 79 6 53 64 45 12 13 78 70 5 38 73 34 81 30 83 84 20 34 30 100 62 8 37 69 48 67 97 85 
33 27 16 38 79 79 34 42 43 11 63 99 100 36 33 33 65 15 16 36 48 97 35 61 4 24 30 3 42 78 40 74 4 55 11 34 33 96 75 27 6 38 25 57 73 57 89 89 23 4 24 71 53 10 31 8 33 12 11 74 90 50 99 
45 4 61 79 88 56 5 66 13 42 90 70 66 99 58 6 21 14 29 43 66 91 26 73 23 37 35 49 78 84 99 23 39 60 1 26 15 57 43 80 99 33 49 16 31 6 22 3 71 2 46 88 44 71 13 19 59 47 67 37 83 17 11 
21 76 11 99 43 19 41 22 17 73 70 85 55 27 58 10 50 11 55 37 55 77 1 73 35 48 91 23 30 7 33 50 83 95 100 77 14 41 98 82 65 19 18 72 97 75 81 46 86 87 35 40 15 35 64 49 34 54 24 63 60 56 65 
94 3 64 70 68 56 19 49 21 37 67 44 86 93 24 83 78 62 17 69 76 4 32 24 37 37 99 52 97 7 16 90 9 31 60 76 87 30 76 59 67 94 2 52 87 77 34 16 38 3 85 13 6 68 88 94 5 39 45 1 45 60 42 
5 43 53 80 81 83 7 39 1 1 92 4 87 20 89 2 57 91 38 21 48 6 60 42 62 98 86 14 42 98 55 46 40 60 77 72 42 84 62 94 36 53 97 74 24 85 75 80 28 65 52 75 70 11 68 83 61 54 96 54 3 2 100 
94 61 28 65 54 63 26 99 98 30 95 71 53 80 98 84 59 62 87 33 83 49 1 65 9 6 12 63 60 65 14 53 78 93 69 31 8 46 82 5 27 76 28 31 7 77 66 65 90 52 50 24 100 50 40 61 7 51 75 66 15 40 70 
44 32 90 27 39 35 8 96 13 83 75 43 90 3 8 6 92 11 55 15 10 56 54 22 62 56 48 79 22 87 100 66 71 41 92 61 27 99 8 39 81 82 81 22 36 40 28 27 50 34 93 12 90 98 33 3 53 33 34 27 19 33 92 
41 74 35 2 100 33 9 91 65 43 71 39 78 63 18 57 12 51 1 23 40 99 8 95 3 92 28 29 10 60 72 3 85 6 4 37 90 64 27 7 6 49 45 84 11 62 92 75 64 92 49 56 90 8 50 45 99 77 25 61 88 97 63 
25 54 18 61 96 81 39 2 87 39 98 22 50 11 65 76 74 56 24 81 98 32 30 42 82 58 18 42 46 66 4 70 72 21 82 67 54 20 20 40 58 69 13 59 79 77 86 4 84 10 85 81 93 66 74 74 24 92 68 69 57 23 90 
28 44 71 46 49 42 65 88 51 85 52 62 63 28 47 19 11 56 55 44 100 20 17 26 95 60 93 15 17 15 4 96 10 26 42 58 67 58 97 70 43 48 31 57 27 77 27 90 85 81 33 84 53 1 9 47 61 53 62 77 68 17 24 
77 43 65 35 61 75 83 30 69 31 60 77 57 89 4 46 73 36 30 56 40 31 17 87 91 69 100 19 88 68 42 65 10 7 51 23 33 33 4 1 15 64 77 72 52 32 69 76 68 99 83 7 81 99 45 71 20 96 89 7 16 30 23 
77 88 25 99 20 58 3 72 72 18 1 95 21 84 16 96 3 14 78 62 46 29 6 16 100 54 4 58 69 85 81 45 73 57 96 44 14 98 68 38 67 20 84 87 3 99 82 6 64 11 67 9 91 24 24 42 77 79 100 97 64 32 94 
88 88 89 83 54 38 50 43 4 69 26 42 72 25 75 77 40 37 95 49 28 18 24 21 95 3 72 43 18 3 88 57 43 28 39 96 17 41 90 20 9 15 13 32 91 87 60 31 24 54 79 3 72 54 75 18 8 47 12 25 49 100 81 
43 27 72 90 44 12 79 15 20 94 28 4 84 66 63 14 41 17 44 95 40 50 70 57 57 16 68 82 16 19 14 59 46 85 100 41 96 79 55 68 72 34 71 7 52 85 73 92 53 68 39 92 17 8 100 74 75 20 7 42 38 20 100 
35 57 52 75 4 30 82 71 1 67 93 59 18 30 31 62 82 99 100 74 67 59 73 40 33 92 46 74 82 18 26 16 74 77 91 29 6 72 52 58 90 96 68 8 25 99 69 7 49 20 32 15 78 56 7 62 48 4 87 81 21 12 96 
46 40 86 75 97 9 26 6 99 21 74 58 98 24 78 4 72 97 35 38 26 90 44 87 89 48 73 69 20 37 65 66 28 2 92 25 63 69 30 13 41 55 22 38 78 99 41 49 47 27 87 72 69 82 10 9 29 82 78 1 70 94 66 
98 47 57 22 61 77 3 73 17 58 94 55 87 44 47 36 90 26 74 61 94 7 70 2 88 4 31 88 25 76 53 22 23 61 95 35 37 50 60 5 7 53 59 45 49 58 80 38 83 5 51 76 64 72 29 51 75 12 38 52 87 42 73 
61 54 20 96 42 69 55 46 27 59 57 71 7 66 3 45 48 59 95 75 22 66 55 72 93 66 61 96 53 2 68 13 7 39 60 48 7 14 46 33 25 54 4 31 19 58 27 66 16 21 92 38 39 46 61 83 12 22 78 16 75 97 28 
82 36 40 81 94 53 26 27 29 79 82 60 49 39 86 14 54 59 57 43 49 3 4 83 66 77 12 81 51 8 60 84 95 51 17 89 4 94 67 84 25 100 43 73 38 81 39 43 39 95 38 39 49 41 21 66 69 32 98 71 91 10 55 
38 60 23 78 15 16 44 99 40 43 41 13 32 73 3 74 11 49 63 1 98 55 21 15 23 4 13 94 47 74 100 84 33 22 61 48 37 56 98 77 98 90 41 29 63 95 54 25 43 17 26 92 71 98 7 46 2 71 39 48 44 38 83 
28 59 95 27 47 50 24 75 47 14 67 27 76 61 32 100 4 48 77 47 71 75 53 68 28 75 6 75 18 43 9 46 53 3 72 99 52 48 74 50 61 40 76 88 53 7 39 56 7 16 2 29 90 7 96 69 81 1 43 51 95 3 48 
99 5 71 97 8 18 22 57 30 14 32 17 66 90 8 21 96 23 74 24 64 32 19 32 13 71 26 15 17 28 62 15 84 32 64 43 2 85 99 31 98 82 100 15 71 7 87 19 81 61 42 44 44 13 27 56 83 52 22 100 31 83 66 
66 67 29 8 20 14 58 2 63 39 1 30 9 59 16 27 39 28 21 34 72 85 60 79 67 63 1 18 45 83 36 10 1 64 69 20 29 26 22 44 64 74 73 25 85 88 3 23 16 75 9 87 59 20 17 78 83 17 95 79 100 30 41 
52 46 9 72 74 87 45 17 2 70 89 26 54 29 81 77 96 55 37 34 14 56 50 91 38 67 37 17 18 19 9 69 64 17 92 89 3 36 58 57 58 98 34 11 26 14 39 73 21 75 6 34 31 56 76 20 74 64 88 91 82 96 11 
97 13 3 38 67 90 95 23 47 44 57 58 70 22 96 42 42 71 100 27 53 7 2 72 80 18 60 70 51 55 80 48 19 34 37 38 24 83 12 22 26 20 31 95 42 27 89 35 49 40 62 53 46 15 24 25 32 35 46 83 90 77 82 
60 11 70 49 86 52 61 59 77 80 90 24 73 68 64 60 68 3 73 20 48 87 43 24 71 30 69 5 71 45 38 30 7 7 79 44 58 91 3 86 22 92 9 95 11 72 6 78 74 78 97 21 16 91 44 86 20 64 42 90 61 31 72 
67 37 50 63 46 92 65 32 13 8 40 59 18 12 64 95 37 41 91 10 9 33 5 46 53 69 88 94 81 18 65 47 7 66 9 52 57 25 35 22 32 75 80 49 38 96 95 26 88 37 35 96 70 92 42 74 60 29 67 92 98 32 38 
4 49 99 8 6 23 42 27 7 68 58 7 57 53 2 35 41 38 69 36 7 12 77 32 23 57 99 14 7 82 52 10 30 2 69 87 76 63 65 82 30 23 41 39 75 42 73 67 31 93 3 90 5 31 21 27 40 19 41 46 100 92 7 
82 45 76 68 20 38 33 54 19 7 94 57 33 35 81 100 17 74 54 6 78 84 27 4 23 45 96 20 97 39 27 78 83 2 97 3 91 81 8 61 87 1 18 20 87 50 71 3 23 24 9 100 7 35 56 82 31 51 1 79 90 27 8 
24 80 5 78 22 85 85 83 24 85 52 43 23 1 65 26 24 88 86 75 46 72 82 27 54 85 80 33 26 58 92 49 90 96 27 11 33 63 45 8 100 96 2 22 49 66 99 24 53 84 50 98 55 32 77 61 68 8 93 93 65 84 41 
6 32 19 17 16 82 13 23 81 61 24 54 9 89 53 84 93 36 33 90 43 64 18 3 31 25 47 75 42 82 68 47 65 86 15 80 19 28 54 99 88 77 53 48 17 57 31 9 92 63 51 86 79 68 40 61 45 86 36 86 20 3 32 
84 40 47 64 59 26 69 9 65 98 13 12 14 69 94 75 13 8 25 98 86 44 90 47 88 75 34 25 94 88 57 30 27 55 93 85 80 13 94 44 10 6 7 24 27 100 98 39 7 74 88 45 17 77 43 57 4 76 81 49 63 89 78 
89 43 22 26 22 35 19 17 44 76 23 19 2 22 68 92 81 93 32 25 10 8 67 18 63 94 50 12 8 39 41 48 81 63 73 55 49 43 71 92 71 94 63 24 67 30 16 47 23 47 23 84 6 41 53 69 34 2 32 93 40 72 41 
73 86 65 27 34 60 97 78 30 42 40 5 9 21 72 55 95 70 78 78 76 70 82 96 4 84 79 48 23 2 40 47 88 5 73 21 16 22 98 97 63 89 1 23 10 73 30 4 42 59 34 69 28 15 64 83 50 94 31 25 96 70 71 
83 26 96 55 41 17 5 37 31 45 38 54 54 62 83 10 3 41 95 72 20 61 87 3 11 81 33 87 28 54 57 10 80 52 16 20 20 72 9 51 17 98 56 22 59 90 31 13 82 77 36 1 38 75 3 100 55 87 86 82 41 94 43 
20 98 10 91 17 82 99 19 98 48 26 19 6 15 2 71 96 78 6 97 67 80 51 18 86 38 55 19 78 1 13 49 98 23 91 66 56 90 37 5 89 62 75 95 77 28 17 24 58 22 72 24 54 23 94 39 12 48 10 41 48 22 89 
97 96 79 63 51 20 51 7 9 12 82 55 40 61 23 64 18 44 35 94 49 9 87 88 72 86 97 12 86 70 52 82 66 83 96 68 54 46 75 14 10 8 20 49 20 42 12 38 38 99 31 86 59 69 25 31 6 73 94 91 43 46 73 
60 80 20 27 85 66 53 99 75 12 18 75 32 12 39 21 49 37 3 34 47 71 59 29 76 31 23 19 25 20 43 84 51 62 63 35 79 15 33 53 79 3 28 10 14 66 82 14 54 84 99 52 6 57 81 33 40 3 51 64 74 93 100 
24 55 62 58 33 76 91 38 6 45 17 15 10 34 48 23 39 31 21 90 88 30 70 21 21 24 23 36 97 16 35 20 22 96 78 6 24 20 95 29 16 63 96 25 48 95 99 86 26 71 28 65 52 97 85 72 73 8 8 69 75 94 41 
48 42 70 5 17 41 52 45 56 14 92 32 62 87 82 99 64 52 26 28 56 75 65 27 47 24 86 67 50 32 7 49 73 76 53 89 16 4 85 23 70 29 54 83 67 87 81 82 91 59 9 46 33 25 24 79 48 62 45 49 93 4 97 
17 79 50 5 47 5 41 69 26 21 75 8 87 61 41 20 51 99 81 48 83 5 72 13 5 33 57 53 77 12 50 93 91 51 49 89 55 41 9 33 62 83 92 100 96 32 20 98 82 100 46 16 4 69 28 60 1 37 13 77 48 62 21 
90 64 69 78 18 9 87 2 70 21 94 22 68 77 41 66 11 40 11 26 95 79 54 55 31 90 67 59 37 80 79 27 43 99 56 12 7 94 66 29 15 59 50 82 87 42 99 97 81 9 23 27 39 76 81 21 65 99 79 53 30 9 79 
24 7 35 88 66 80 53 94 94 63 95 28 49 36 26 46 68 87 68 94 25 43 27 46 59 77 76 11 7 85 90 30 43 76 17 8 55 21 53 1 83 99 80 32 86 5 77 53 91 44 99 68 38 25 65 96 1 92 6 59 76 47 89 
71 74 57 78 81 30 83 81 12 81 60 43 67 16 71 71 59 66 69 26 3 45 42 50 46 33 8 4 61 54 44 31 80 53 60 60 82 42 92 45 75 3 40 93 18 10 63 76 28 84 53 30 28 94 32 73 27 39 29 39 44 24 69 
23 76 28 34 9 22 77 6 96 79 45 40 49 6 2 76 33 37 81 15 65 74 98 89 52 36 17 90 31 41 10 54 68 38 39 29 11 16 34 58 46 30 97 94 35 50 22 20 87 2 86 51 27 83 39 31 70 8 20 100 100 30 5 
19 19 44 47 29 11 32 38 56 61 34 2 48 83 75 67 69 76 4 71 2 86 62 84 55 69 4 54 68 85 59 86 55 54 85 35 16 68 72 71 29 5 24 28 39 98 94 60 25 49 30 79 34 43 62 40 11 17 45 30 53 55 68 
7 8 4 93 23 71 64 46 99 20 21 26 59 19 71 70 95 71 51 73 4 94 35 43 56 3 40 86 56 94 5 62 2 8 7 76 78 70 73 29 90 94 6 100 64 29 21 58 99 71 83 3 64 69 97 20 71 36 57 26 30 61 40 
83 68 46 10 97 67 83 25 8 76 31 7 91 59 27 48 9 50 30 63 13 98 12 84 69 47 40 46 28 52 85 62 19 82 72 16 49 6 92 8 81 74 15 71 84 93 70 93 42 100 55 7 49 66 42 69 65 34 15 44 85 51 6 
56 85 29 23 33 34 14 40 66 88 6 88 71 51 57 63 44 8 70 2 9 35 44 77 51 77 91 95 13 94 52 68 78 80 90 62 65 4 53 30 43 11 69 13 13 25 28 56 85 49 10 93 35 5 21 86 81 64 80 45 57 31 13 
86 62 54 99 26 57 51 7 51 13 75 16 25 51 43 33 35 43 42 79 77 46 52 62 78 15 93 22 23 23 86 8 36 40 6 13 48 8 19 99 21 93 14 45 44 8 29 30 50 70 61 26 67 12 40 44 26 32 18 48 7 55 7 
42 94 12 55 94 71 73 44 91 18 57 88 13 16 16 94 17 38 54 94 4 65 33 100 42 65 69 41 71 23 47 12 69 10 18 62 81 43 5 23 60 13 10 24 80 78 17 96 15 71 41 18 87 74 17 81 38 85 21 8 60 20 71 
28 81 41 41 13 83 45 36 94 9 97 69 40 74 85 87 88 7 27 6 94 100 74 74 89 11 46 48 70 17 19 97 98 11 37 62 45 33 97 38 93 46 6 84 19 42 70 59 49 96 16 42 48 89 67 36 99 64 84 20 81 54 68 
30 64 56 43 8 40 40 97 32 37 54 67 55 95 36 13 43 84 28 36 83 69 54 18 19 18 53 39 50 58 58 31 73 14 73 32 53 64 28 37 100 33 3 7 28 91 71 22 74 51 10 8 19 63 25 89 80 30 79 81 87 37 63 
60 50 36 91 54 51 71 42 3 3 45 9 82 87 79 56 12 81 65 19 99 79 95 40 11 24 18 91 63 54 54 74 55 41 16 9 43 38 2 45 93 46 5 74 32 36 81 95 16 97 13 15 76 8 54 86 83 23 28 45 77 33 18 
83 73 86 43 68 23 45 12 15 42 17 41 74 52 21 20 67 70 33 33 45 40 38 82 22 61 9 19 89 42 88 23 14 73 66 33 96 10 45 62 51 13 2 76 16 75 96 34 44 28 67 40 19 56 21 92 68 29 10 8 70 98 31 
36 22 96 68 69 57 64 31 7 76 84 35 43 58 82 77 53 9 95 44 79 50 64 70 70 45 32 77 66 29 7 1 2 54 21 71 10 36 53 69 64 36 55 6 46 36 82 50 44 76 94 74 78 9 43 99 53 74 75 19 54 34 71 
56 39 43 78 1 79 30 69 42 65 23 47 10 58 81 12 53 8 5 26 37 13 20 35 18 46 10 88 99 95 10 6 33 53 83 33 31 12 53 72 29 27 70 90 84 50 1 88 10 5 65 46 70 85 81 39 82 42 26 32 88 35 38 
72 87 72 57 69 36 9 92 64 36 62 53 71 63 6 11 72 10 75 70 31 11 2 69 92 43 46 24 30 81 13 53 19 36 9 40 71 70 31 86 57 44 91 27 7 96 89 30 57 64 51 88 26 52 8 18 94 54 93 75 86 57 80 
56 92 88 95 15 57 26 100 13 69 90 92 27 37 80 9 94 95 59 33 73 11 40 42 56 45 86 83 30 42 62 38 85 49 32 99 58 9 51 70 30 92 13 56 29 45 16 74 91 75 6 63 85 45 4 92 42 89 74 23 82 35 60 
67 84 44 17 93 52 19 62 33 11 27 41 91 71 56 64 13 30 21 76 66 65 31 58 58 72 83 81 53 18 40 71 53 83 88 45 87 6 58 71 68 84 11 10 6 19 25 71 100 45 46 66 62 28 75 19 99 9 99 4 26 91 74 
30 25 61 74 11 19 84 34 38 67 96 100 25 14 24 95 14 69 92 31 30 71 5 100 70 13 99 73 91 89 46 20 65 59 46 28 29 29 61 18 47 56 17 23 70 41 69 83 61 60 13 90 31 69 41 52 33 91 76 23 79 73 95 
44 31 40 71 11 20 83 29 66 38 45 89 59 37 57 41 97 69 5 38 51 25 79 54 58 69 29 32 100 1 26 95 84 17 17 94 36 99 74 54 88 71 94 47 7 2 39 56 70 96 93 72 20 23 25 77 44 53 61 95 54 38 89 
89 55 57 82 42 7 56 47 94 78 40 92 84 42 83 39 63 78 84 35 97 58 11 26 1 64 38 95 69 75 35 57 81 91 90 23 97 97 69 43 74 61 86 10 2 68 100 16 45 83 2 94 41 13 19 93 28 8 88 96 82 74 4 
63 65 93 37 13 42 5 55 15 65 41 24 18 60 24 86 5 58 87 98 50 99 68 43 26 75 82 73 8 7 76 70 71 21 6 36 14 63 42 28 79 34 4 49 94 79 34 98 88 20 47 38 71 66 32 96 40 65 69 47 71 96 69 
94 68 26 29 81 88 22 61 19 56 16 67 49 46 100 46 33 71 44 22 41 9 53 37 100 69 57 98 92 4 66 37 24 92 65 56 31 38 16 49 93 83 15 41 28 66 38 13 37 81 34 77 89 39 65 40 7 21 38 50 77 3 86 
100 46 2 55 29 40 23 77 32 57 44 73 85 9 62 49 97 43 82 74 83 20 38 75 79 11 12 28 39 66 14 38 64 67 44 92 6 18 20 38 75 63 62 11 24 23 59 72 17 92 45 52 64 35 26 42 97 89 21 35 54 86 24 
69 53 67 60 58 85 80 47 11 94 8 21 69 83 31 41 51 22 37 54 85 23 31 78 19 19 51 5 25 36 28 93 40 47 53 98 31 84 96 93 29 4 65 50 38 95 42 88 68 30 94 5 5 24 34 23 43 84 80 67 72 7 11 
11 53 15 60 35 50 56 79 79 11 43 80 100 89 73 39 57 2 32 13 58 56 46 81 98 82 12 16 53 18 26 15 23 93 75 9 42 82 88 72 44 30 51 43 19 75 81 27 29 13 39 86 20 36 18 69 69 29 84 21 99 61 88 
21 53 14 29 47 47 68 18 90 98 21 32 68 95 64 94 75 28 84 61 47 71 78 15 40 59 50 12 57 63 51 29 67 64 9 13 10 77 31 99 74 3 82 93 49 98 38 24 25 21 36 24 43 65 38 34 23 40 46 31 2 96 59 
68 12 68 81 21 44 63 72 69 17 5 13 65 2 50 40 27 22 75 2 64 40 39 98 14 78 95 45 31 42 3 99 53 22 31 74 17 93 97 37 9 1 49 25 3 98 65 81 71 39 82 35 30 72 84 44 2 78 88 84 71 42 82 
24 64 12 49 80 56 97 17 64 97 65 41 51 15 5 83 85 43 64 71 25 88 54 68 41 83 55 24 54 48 58 29 11 21 29 91 77 25 59 92 21 23 32 72 89 36 54 74 31 70 44 55 9 50 74 1 32 80 76 37 27 33 65 
38 54 93 80 82 69 38 73 90 12 5 13 1 92 18 74 22 87 69 28 47 18 1 99 2 80 75 38 59 59 55 96 12 99 27 93 68 64 18 9 75 22 21 27 65 38 52 39 77 21 66 75 90 19 74 91 50 48 29 8 6 35 55 
70 33 81 14 52 96 31 60 23 4 32 49 21 70 1 59 98 73 76 72 62 46 97 53 96 96 33 55 2 19 10 23 3 42 88 55 38 19 66 60 74 98 8 94 19 60 4 16 84 80 39 46 77 36 50 72 31 34 79 84 52 40 58 
54 81 46 8 70 16 26 29 89 23 89 35 41 100 90 8 84 69 46 81 98 33 30 69 16 63 99 99 14 38 57 19 71 54 79 92 69 4 21 9 26 61 43 18 12 33 25 95 53 22 75 50 55 56 71 22 70 21 20 83 11 28 54 
81 33 32 24 1 35 44 10 12 56 4 81 68 88 5 14 93 78 41 94 84 48 16 5 18 37 77 52 47 56 5 79 89 36 2 89 22 98 50 85 5 6 65 24 93 21 90 37 99 82 31 82 29 46 39 46 34 15 50 32 22 54 10 
10 42 64 51 15 13 100 100 69 5 64 93 50 85 34 86 35 15 16 68 43 14 6 41 47 72 90 79 94 95 40 55 36 55 5 3 19 57 2 88 13 17 32 62 53 65 100 87 79 15 7 73 80 12 13 27 36 54 57 81 49 96 87 
36 3 92 90 21 100 91 8 12 60 39 26 12 55 25 51 85 91 57 58 71 20 22 97 7 76 53 87 76 100 26 63 2 69 53 23 68 95 82 31 54 73 8 18 27 32 68 12 23 76 21 45 95 42 93 2 69 97 40 96 96 65 59 
50 85 63 72 52 57 5 35 63 77 42 80 56 26 99 67 100 74 39 44 68 80 36 21 1 32 13 96 79 29 6 28 14 68 51 17 77 56 51 91 32 45 70 39 70 68 57 69 41 95 12 60 27 99 33 27 30 45 22 8 25 28 88 
38 47 38 55 75 93 57 65 77 1 34 15 70 53 72 90 45 18 53 57 44 51 89 70 32 85 44 92 9 71 79 99 69 16 5 44 9 61 8 37 14 94 51 35 98 74 25 43 44 77 99 87 80 39 9 11 23 52 2 83 74 32 81 
42 48 85 85 8 98 45 44 11 90 46 97 87 72 21 81 15 50 79 53 81 69 61 91 43 64 45 26 37 76 58 79 75 43 15 34 92 59 77 2 48 75 50 87 46 23 67 12 72 98 16 52 66 77 94 61 40 90 86 77 18 43 7 
92 37 21 26 28 32 54 81 31 28 31 17 25 53 36 88 76 33 4 79 50 32 24 10 23 14 95 99 83 90 57 26 78 78 51 58 61 57 90 91 36 72 60 61 76 95 100 51 27 3 81 76 34 5 86 57 70 32 7 52 73 16 77 
3 93 80 60 5 88 49 95 23 21 6 35 96 52 35 99 78 89 31 6 75 87 43 83 56 26 89 59 51 4 88 53 48 19 12 4 6 12 51 80 84 56 15 32 8 1 82 37 89 12 94 15 99 88 97 6 14 38 17 16 93 56 68 
41 26 31 96 83 94 46 62 78 2 28 61 61 80 42 97 21 5 43 35 55 30 32 61 95 69 29 10 61 36 29 53 61 59 49 95 53 94 8 82 47 88 42 7 67 35 56 87 39 98 74 94 79 57 6 74 25 86 35 37 21 64 42 
33 74 42 27 26 87 86 59 86 73 52 92 40 86 99 78 77 96 51 22 75 7 27 100 83 64 34 72 84 97 65 68 71 6 46 48 44 31 59 29 4 10 21 95 48 19 72 24 67 75 45 93 33 23 92 68 86 77 39 21 74 3 88 
96 60 85 95 3 15 53 32 70 15 4 64 62 74 88 85 40 14 81 84 98 3 75 65 88 52 55 60 77 9 99 24 68 83 18 71 49 23 54 19 37 57 34 98 30 73 82 22 86 62 5 84 16 80 100 55 83 55 14 59 63 12 82 
31 94 51 53 42 73 6 12 61 14 46 58 43 18 91 64 56 4 21 91 19 100 90 73 34 96 86 44 59 49 77 41 94 27 45 88 52 2 99 12 15 96 70 9 66 60 73 73 64 93 63 34 44 4 7 77 100 44 72 58 93 48 50 
38 74 94 25 77 95 76 89 61 71 10 69 88 21 93 60 36 37 22 70 80 78 28 8 77 71 79 86 15 26 35 5 52 80 29 80 26 4 68 86 27 29 54 14 50 99 26 37 35 47 58 67 24 85 74 52 8 5 37 74 82 23 78 
85 54 7 65 79 62 84 16 88 13 22 54 14 20 79 50 54 77 8 72 53 92 46 4 51 2 93 25 83 67 2 20 21 60 84 51 74 67 67 13 79 40 66 44 11 96 94 16 73 1 88 77 44 33 32 47 86 24 71 20 91 24 39 
63 36 22 13 9 41 31 21 71 70 39 15 80 34 8 96 58 60 83 34 55 67 66 1 52 41 23 71 83 99 62 45 34 83 58 94 23 40 14 46 10 4 60 41 38 67 36 47 78 70 81 84 88 98 85 39 38 59 62 21 57 23 17 
90 57 26 83 32 66 49 77 75 52 36 15 41 54 3 88 31 24 20 66 12 69 50 2 6 61 63 78 17 37 47 59 94 72 93 25 37 41 53 11 45 88 78 85 41 32 24 23 7 95 88 18 63 90 20 21 50 34 98 18 23 44 76 
68 68 69 92 4 9 44 67 5 83 44 42 75 27 65 97 33 12 36 3 74 25 74 94 26 7 44 44 81 39 19 48 6 87 91 10 48 86 76 4 68 71 45 42 97 62 90 81 73 26 83 46 2 56 40 28 15 83 23 95 21 41 43 
27 80 85 88 79 71 63 82 38 33 27 32 81 88 73 61 12 98 44 57 52 99 48 31 13 82 53 60 3 93 2 81 24 86 68 2 8 82 84 98 14 62 29 94 1 1 54 12 51 49 20 54 48 68 84 12 49 36 71 3 28 24 83 
52 62 2 5 69 83 88 66 48 1 46 93 1 99 99 64 49 47 84 2 46 3 37 58 51 72 80 54 51 4 88 2 65 42 59 85 76 98 51 76 99 96 68 51 94 18 67 94 17 50 47 62 52 83 71 54 54 51 59 5 6 47 58 
22 40 16 6 15 66 8 90 64 4 10 66 49 27 32 43 43 33 41 57 84 24 79 90 29 81 48 85 86 46 43 59 37 10 65 52 75 72 93 90 27 54 56 76 81 39 70 75 72 10 83 7 85 62 96 14 42 96 98 80 41 92 90 
78 54 54 81 80 78 25 22 56 79 29 83 11 67 52 37 38 14 20 45 98 33 92 63 26 87 13 57 80 56 47 9 9 52 41 41 81 65 62 37 43 42 71 5 8 75 42 46 88 13 42 37 97 33 52 22 72 64 31 51 19 77 11 
80 80 51 20 61 67 33 49 62 74 19 66 81 93 59 78 32 71 71 21 19 56 72 41 27 35 23 29 5 51 39 84 30 41 3 42 59 87 90 20 60 61 38 93 5 96 22 89 19 93 9 37 48 32 29 26 66 51 54 70 1 44 6 
31 36 8 24 94 47 14 66 6 26 3 50 30 98 72 70 16 16 78 5 15 9 33 40 26 84 45 48 36 88 53 18 75 12 42 20 58 7 85 64 32 87 65 13 37 36 83 4 3 12 8 17 73 41 56 98 76 100 45 11 39 49 81 
65 61 22 85 18 28 21 33 11 8 98 75 96 85 57 99 88 21 7 4 93 99 12 90 74 63 87 36 54 35 16 18 95 89 54 13 16 75 45 78 34 94 53 29 79 61 27 66 81 85 21 73 83 32 15 8 47 53 96 100 87 11 69 
34 100 23 98 67 49 94 45 82 88 49 10 18 9 88 83 42 73 3 14 55 87 80 15 33 32 10 84 71 72 52 56 71 74 53 90 22 98 86 55 37 34 64 54 94 52 88 35 76 91 1 30 29 80 96 13 64 5 96 34 77 47 89 
99 73 93 40 46 42 25 1 79 10 16 84 4 19 72 38 94 62 38 76 42 70 71 54 33 28 1 66 56 47 6 6 71 50 46 69 43 70 69 21 80 36 5 35 55 76 72 100 89 62 75 82 31 98 87 63 25 87 80 32 85 37 37 
56 86 34 24 28 4 44 1 35 31 57 69 37 84 92 37 24 53 63 5 83 60 91 97 36 77 76 67 61 12 56 68 49 89 43 29 44 38 81 30 69 37 98 5 72 42 93 95 94 56 99 29 15 41 77 3 69 53 69 81 16 76 49 
17 17 43 97 60 81 77 90 1 65 39 5 36 80 50 82 26 5 32 6 19 72 82 21 40 34 42 20 2 69 20 18 85 63 14 97 95 42 38 95 58 76 51 45 8 100 26 85 4 57 90 75 28 71 47 19 57 40 38 58 61 10 27 
45 24 92 93 18 33 30 64 90 58 14 34 17 66 11 1 69 67 42 95 46 12 94 64 68 33 53 77 45 62 3 90 85 46 34 54 78 16 17 19 25 31 4 93 96 14 93 16 32 34 63 77 97 56 92 17 40 45 93 85 58 48 26 
43 93 11 96 23 26 13 41 2 95 97 94 42 62 38 9 46 23 71 22 20 78 66 36 18 10 80 54 19 27 31 61 72 41 9 94 19 73 86 20 19 82 14 60 96 3 68 41 26 39 14 97 68 79 84 85 40 63 90 59 42 20 19 
13 13 79 6 31 3 43 2 21 25 67 80 20 70 48 12 47 38 25 43 5 4 26 42 43 40 83 1 81 55 72 45 67 50 2 97 53 45 50 73 21 17 5 92 86 52 3 32 41 27 26 97 30 51 38 25 90 21 25 23 27 96 67 
93 98 69 41 2 65 90 74 85 6 30 76 43 81 78 26 73 56 51 70 38 53 59 62 95 31 86 17 57 34 35 49 83 3 41 84 67 31 9 3 88 39 78 83 71 7 60 44 15 63 65 52 15 23 65 61 54 2 77 62 35 12 11 
69 66 51 52 85 33 61 87 73 99 17 7 21 75 66 64 41 28 28 92 95 3 56 55 56 58 32 69 44 95 79 13 60 82 16 96 66 76 35 90 26 51 96 47 77 62 62 18 89 42 61 35 44 69 90 51 78 73 19 21 19 50 85 
30 31 53 26 48 28 60 38 6 62 33 4 38 94 65 7 35 6 68 21 49 36 62 99 13 34 70 85 52 19 22 34 1 74 59 48 53 18 37 10 31 70 13 68 15 30 27 1 87 94 22 36 81 83 86 45 69 7 81 72 25 2 5 
25 27 63 73 32 32 9 41 14 30 6 34 97 35 60 97 73 5 70 60 85 5 98 29 73 4 61 44 29 15 1 53 41 15 77 24 99 38 17 12 67 22 45 63 8 4 12 80 8 81 40 44 85 37 24 9 40 85 5 20 99 5 73 
91 19 1 15 17 38 31 81 57 4 25 71 63 29 82 42 88 15 33 32 51 21 7 60 13 91 16 32 89 20 56 32 90 57 46 59 46 28 39 2 83 63 73 45 43 6 38 83 72 71 66 23 43 72 34 55 63 49 87 3 20 94 34 
9 50 31 19 96 58 57 49 40 72 73 84 66 31 74 48 2 44 65 24 38 37 9 93 51 57 31 53 76 24 39 37 26 69 55 21 27 64 21 18 35 94 54 52 24 27 100 25 22 64 1 59 52 9 3 2 18 33 55 45 9 93 81 
34 61 36 6 39 51 26 9 85 71 14 36 94 40 87 71 13 3 23 23 54 83 26 56 100 10 62 97 70 6 77 3 18 64 8 57 14 86 17 50 56 30 86 2 21 24 24 85 26 46 7 32 80 84 39 32 46 100 28 15 57 4 18 
74 20 77 82 33 14 98 83 70 79 20 23 99 95 46 83 73 43 42 4 22 77 94 53 22 45 80 37 1 36 6 74 55 34 56 87 48 5 21 17 84 40 39 34 87 36 69 59 78 10 14 99 86 7 52 60 51 83 48 51 18 53 76 
72 38 31 11 85 88 31 53 71 23 43 4 9 78 72 67 55 33 32 6 71 38 9 30 40 91 29 42 9 81 17 32 18 100 42 55 87 73 7 57 47 50 12 55 79 36 73 34 20 4 91 90 93 99 71 32 89 99 73 49 31 41 33 
1 40 74 55 26 98 13 34 44 62 98 50 41 85 22 26 4 77 16 94 69 66 16 52 6 67 76 55 97 17 39 97 8 64 3 86 62 16 19 57 29 68 7 21 52 80 46 56 9 13 1 29 78 68 81 84 34 56 90 83 24 80 79 
32 43 34 17 4 1 87 13 29 7 19 50 58 50 47 65 58 12 17 87 89 37 19 24 70 26 65 52 50 44 83 33 39 68 1 42 68 39 6 96 45 24 97 55 26 44 71 83 55 40 21 95 76 39 71 97 65 87 1 66 83 35 98 
21 2 98 14 21 36 20 68 33 95 65 87 20 60 57 55 66 48 27 12 23 66 34 72 82 73 72 47 55 6 96 27 59 45 40 79 32 11 46 64 58 62 2 77 21 11 83 38 58 10 50 81 27 83 52 60 55 75 6 61 32 53 87 
90 97 79 20 28 41 17 92 98 79 93 27 51 55 61 89 13 22 90 45 100 24 48 59 31 22 64 91 53 16 30 94 64 60 65 92 52 81 35 2 11 79 28 62 34 40 2 46 62 43 42 61 66 89 20 96 10 35 39 14 3 20 59 
66 79 23 9 82 55 43 83 66 74 62 79 59 2 32 4 63 74 97 23 91 85 94 87 46 29 77 59 83 96 69 100 26 43 9 7 97 3 90 14 76 51 44 34 4 27 89 66 52 85 41 43 21 34 81 66 14 57 76 48 52 44 48 
77 38 56 35 87 10 76 52 86 79 96 71 82 74 12 48 26 48 40 68 69 25 100 86 91 56 62 38 59 57 37 87 95 92 21 81 2 49 32 39 27 79 61 60 53 24 59 30 72 98 49 92 75 48 77 65 55 90 54 13 47 91 99 
93 34 71 25 87 19 56 25 97 87 38 57 91 61 15 20 84 65 20 27 39 67 56 3 21 45 8 85 43 98 83 35 32 53 59 18 24 67 95 20 53 84 76 43 44 43 14 80 7 33 6 97 51 61 51 23 58 58 7 100 56 89 87 
87 93 45 56 16 63 2 36 15 85 63 9 29 57 74 60 15 6 17 11 8 78 61 30 87 19 36 38 74 76 24 12 69 21 19 36 83 21 23 98 5 38 58 85 94 32 44 9 89 61 19 97 90 32 78 28 50 66 65 75 41 89 38 
61 9 56 97 43 76 19 40 33 8 50 17 2 33 61 10 21 73 80 69 14 11 47 41 12 64 5 86 4 45 23 17 53 79 13 96 6 83 87 38 91 88 7 44 20 19 5 41 91 84 61 4 47 59 96 58 22 100 96 78 45 70 94 
49 100 58 96 6 92 35 95 34 22 1 77 42 71 81 34 61 17 46 16 15 5 11 24 26 63 19 55 7 89 48 7 40 5 3 97 97 37 92 30 10 44 59 3 15 39 36 27 7 82 95 21 38 5 45 15 67 63 70 25 3 17 32 
43 74 86 91 22 74 82 3 83 78 61 86 44 52 73 70 58 6 64 79 43 21 23 10 39 37 79 64 92 47 47 86 20 32 76 41 5 10 44 39 39 56 24 82 7 49 3 65 54 19 95 49 39 69 58 29 5 36 44 48 82 90 33 
54 73 61 46 29 70 41 68 8 97 43 41 55 91 43 71 45 61 65 45 51 33 2 80 90 37 23 37 70 65 22 75 89 82 21 18 3 13 37 62 61 79 2 16 70 44 86 66 57 3 10 7 35 63 38 76 51 13 65 20 77 38 47 
65 71 67 34 73 31 70 34 92 49 87 7 70 30 92 87 86 94 48 45 81 10 82 8 60 94 72 31 22 9 77 39 79 95 72 3 26 94 88 17 94 74 23 63 4 66 1 41 12 48 37 92 9 19 51 68 64 23 50 38 83 27 76 
14 21 99 16 98 44 56 14 37 29 88 99 84 54 51 25 65 98 13 8 58 31 58 25 47 32 27 84 15 53 11 80 25 61 95 23 5 50 36 41 31 24 92 14 29 42 90 45 92 3 52 49 85 61 26 31 45 52 66 11 56 28 90 
80 89 36 54 45 38 42 37 68 17 80 33 45 74 23 89 65 77 92 65 61 4 42 44 48 93 61 58 100 89 47 80 77 83 85 73 20 26 9 39 42 89 71 86 62 45 26 78 21 17 94 34 73 36 29 20 28 89 78 28 29 76 59 
5 10 43 29 81 21 38 19 62 78 90 100 91 86 77 68 59 94 61 92 18 96 72 37 76 12 66 55 41 42 65 97 3 59 26 84 79 63 2 93 92 43 44 82 29 20 1 87 65 13 30 82 61 1 19 36 64 36 42 4 29 6 1 
32 16 26 15 95 40 16 39 83 11 82 64 39 1 16 25 18 28 6 99 88 6 69 75 21 5 16 25 33 73 25 64 89 2 78 35 93 46 73 75 56 6 90 46 58 5 22 75 84 27 74 72 84 94 98 4 98 14 28 83 38 4 46 
78 57 76 64 49 73 36 75 80 93 16 25 51 20 46 25 4 72 50 27 55 44 24 10 93 89 38 75 79 93 73 56 50 100 20 50 72 7 77 51 100 92 75 2 64 72 78 19 43 80 45 49 23 20 58 67 9 47 94 87 92 66 94 
41 65 13 42 36 20 18 38 71 62 64 24 25 35 1 43 29 80 39 29 54 58 38 21 66 85 14 4 76 31 98 68 95 10 61 82 81 79 19 3 40 82 26 16 68 27 58 96 58 48 24 12 5 61 84 23 97 97 26 24 79 23 91 
73 85 52 54 17 82 24 72 73 57 49 88 24 27 97 71 85 44 46 96 48 6 31 22 55 79 48 78 57 22 21 29 58 24 34 27 57 9 50 81 65 98 68 40 25 16 10 9 11 55 56 10 12 38 32 18 16 31 48 72 52 68 52 
62 43 85 40 51 45 89 31 9 86 50 100 10 17 61 70 27 15 77 36 78 14 19 96 81 49 43 52 53 62 3 14 56 39 53 6 83 41 88 43 78 37 94 40 53 54 9 79 20 38 66 98 3 85 45 84 85 39 87 37 52 90 2 
7 80 6 64 15 46 51 9 76 39 3 15 91 56 75 21 76 12 38 25 67 74 69 2 59 59 88 47 10 29 49 16 9 54 31 75 52 81 83 27 71 85 93 61 41 67 33 68 31 22 92 97 96 12 98 6 22 85 52 31 66 100 98 
26 6 80 100 57 60 82 35 82 67 27 42 59 93 26 26 23 47 69 71 94 32 68 99 53 5 51 35 22 50 84 47 7 63 46 63 74 27 97 55 93 75 48 51 68 73 28 42 71 48 13 65 79 32 63 83 88 65 17 9 67 100 55 
73 14 100 36 87 27 84 41 71 59 88 74 78 12 1 19 83 49 83 47 79 15 61 62 2 26 30 11 92 82 65 64 95 17 51 34 43 87 74 65 45 62 38 74 73 91 92 7 91 75 5 69 89 66 82 42 43 12 52 86 45 69 1 
91 85 52 24 79 90 98 95 34 11 33 59 35 23 50 42 65 76 98 33 16 15 15 58 57 78 61 94 74 81 95 64 65 98 40 95 87 37 90 72 99 74 30 33 48 31 26 12 7 24 44 22 38 10 31 47 39 44 40 12 24 86 28 
41 83 67 35 69 3 76 92 53 49 21 85 48 52 63 59 10 38 55 83 75 64 14 73 3 57 13 66 80 98 93 20 33 59 7 53 13 34 45 65 35 17 2 82 20 16 41 29 53 47 12 79 10 77 52 64 85 16 82 64 65 74 36 
97 85 94 2 97 27 98 14 13 14 67 95 86 82 87 14 34 33 77 64 94 53 15 58 89 30 91 53 47 64 40 95 100 85 96 49 63 93 62 76 7 80 22 92 61 8 57 46 92 86 9 85 90 76 94 79 5 84 83 3 100 22 98 
99 58 93 47 20 86 8 95 44 39 16 87 99 75 95 96 66 80 5 51 70 80 96 100 36 80 82 91 79 55 88 77 12 80 24 83 17 83 30 12 22 97 98 72 72 45 68 37 24 24 39 45 55 35 44 42 66 77 32 44 83 19 72 
94 51 47 29 67 82 58 79 55 54 28 26 25 72 45 14 48 68 4 44 74 38 88 16 3 16 47 98 99 66 70 44 16 16 72 34 97 29 64 51 83 92 29 59 15 73 24 62 93 28 6 18 17 45 33 20 60 80 69 10 97 38 54 
64 6 77 49 54 6 13 5 40 4 85 50 18 9 74 32 53 1 37 71 69 33 3 88 92 34 9 54 82 98 59 97 3 35 46 57 92 58 13 83 61 49 33 30 57 58 61 10 10 49 80 78 81 34 18 25 20 26 78 1 23 36 98 
26 22 43 34 14 100 98 96 12 46 80 93 2 37 6 63 46 6 42 24 87 28 41 63 47 18 40 47 40 27 96 17 100 90 50 13 89 99 61 52 44 40 97 98 29 54 60 26 59 54 49 45 81 41 59 79 58 50 77 98 28 73 66 
28 62 16 92 3 14 52 6 10 44 54 7 24 7 66 49 66 71 98 62 51 90 21 81 48 70 58 97 98 30 62 77 43 29 68 97 95 20 3 4 15 56 10 38 15 27 86 80 98 35 93 100 25 65 81 24 35 38 72 84 19 33 60 
13 62 79 10 8 50 64 11 64 19 72 53 85 50 91 64 47 77 9 99 53 73 31 76 59 20 47 94 38 32 53 50 45 84 11 52 33 74 14 97 45 85 1 29 34 91 45 33 68 53 83 20 77 13 48 36 32 46 29 21 77 34 22 
73 17 33 24 49 6 89 97 50 73 98 31 59 40 75 43 7 79 25 79 55 37 78 90 20 23 71 40 52 4 61 24 72 93 100 72 51 88 69 52 61 18 82 71 57 56 13 16 34 89 94 89 77 71 30 96 45 100 87 96 55 47 20 
26 92 71 98 94 58 18 45 70 35 27 40 91 82 4 6 68 92 51 56 68 73 37 15 18 37 1 65 91 100 36 69 43 6 18 36 16 35 32 85 69 58 77 11 92 32 69 11 24 19 18 43 44 54 58 13 90 10 77 33 9 65 1 
3 22 18 90 37 4 22 22 24 31 50 34 74 81 54 84 56 25 1 51 68 7 60 32 96 69 60 80 30 24 80 84 46 49 74 82 4 47 55 27 77 4 13 3 37 18 38 44 42 91 94 61 97 53 92 44 22 52 24 3 75 55 86 
20 4 59 54 59 57 8 38 34 64 50 88 52 67 25 95 61 15 89 21 63 93 13 7 66 16 30 68 90 84 6 62 39 64 67 98 73 74 87 58 89 36 45 92 54 21 87 66 88 27 87 50 19 51 56 85 66 37 52 7 73 57 68 
11 73 34 60 45 60 98 2 100 33 98 92 39 18 30 56 5 56 94 7 74 44 14 10 61 51 14 68 75 22 87 37 46 73 49 42 84 46 95 83 31 92 26 69 62 55 76 66 10 70 24 36 13 38 45 26 40 58 93 14 32 31 50 
77 3 98 19 86 96 13 69 26 57 94 46 18 49 21 35 10 90 59 45 55 48 42 80 87 51 72 52 82 54 53 59 57 51 29 42 98 93 62 23 49 8 68 66 8 88 1 17 30 11 14 84 58 7 63 96 57 86 47 39 39 99 49 
47 1 29 89 98 21 2 20 70 9 39 35 68 27 87 37 56 49 2 91 58 8 53 5 64 90 51 54 80 2 2 27 54 30 15 4 51 68 75 72 29 14 58 96 92 97 84 99 45 85 89 55 92 93 59 56 82 62 61 13 15 63 39 
20 44 5 23 46 73 50 17 1 15 27 48 6 23 32 56 19 16 44 73 60 36 84 67 69 45 27 81 11 41 72 30 37 76 5 82 48 54 51 100 68 77 48 25 51 31 80 69 98 23 94 57 10 77 75 30 73 2 62 35 94 33 64 
30 9 20 12 8 73 14 60 92 42 59 16 92 89 47 12 38 21 5 47 82 81 21 11 5 74 25 39 68 9 55 97 17 74 60 77 99 73 36 90 66 94 58 57 34 56 69 71 77 25 17 58 6 38 21 62 11 45 53 30 53 7 27 
22 80 86 98 30 11 85 72 76 78 81 85 63 36 5 33 12 29 2 22 86 39 42 48 1 86 100 31 90 58 9 11 89 94 60 19 56 44 42 84 73 22 20 35 57 24 20 21 52 21 42 90 11 83 89 11 20 88 93 9 97 1 20 
85 47 79 3 54 75 44 37 99 17 56 86 26 31 5 46 35 25 87 24 87 21 12 49 40 51 42 100 47 94 19 31 92 50 86 46 76 81 34 74 50 42 59 75 72 15 20 6 39 58 81 25 30 92 26 21 94 67 20 40 12 91 23 
4 92 60 1 67 92 86 92 41 27 51 15 51 65 86 56 56 43 37 32 24 80 57 44 74 75 64 65 39 6 87 42 97 46 94 63 38 79 6 30 58 8 45 8 73 30 15 80 25 51 63 48 83 72 44 8 46 7 72 84 64 59 77 
60 56 22 74 45 53 79 75 10 87 71 69 11 52 83 42 76 86 4 76 68 75 19 75 73 77 46 8 40 56 37 99 12 58 24 56 10 2 82 71 88 52 39 50 4 22 91 31 7 95 6 26 21 76 100 93 4 97 1 95 53 89 45 
16 46 68 71 8 70 53 78 9 56 69 59 59 42 49 42 48 95 99 73 16 75 24 60 30 72 12 25 24 100 69 39 98 37 62 5 58 66 34 66 73 54 76 32 95 77 25 42 71 23 66 38 97 41 50 79 13 61 3 88 13 71 79 
10 59 92 14 16 9 99 34 81 53 9 64 47 85 88 41 8 11 58 97 59 51 46 37 15 59 91 2 71 62 32 80 20 75 45 88 83 43 21 64 47 29 79 46 66 67 86 25 29 95 21 39 45 19 76 59 77 18 13 47 79 96 26 
51 71 22 38 53 16 58 68 63 38 47 60 55 65 45 79 45 91 100 83 88 18 10 46 94 28 10 92 58 6 69 8 28 90 97 32 5 6 100 19 96 98 78 50 14 74 29 58 65 80 40 52 49 50 49 94 77 11 85 86 68 5 46 
95 94 42 26 98 100 77 69 47 74 46 96 87 72 76 44 36 7 36 39 7 85 39 100 13 49 36 98 16 40 43 62 85 37 88 35 88 64 3 34 90 100 81 76 71 57 72 58 15 7 96 22 43 35 73 55 35 61 4 3 52 99 64 
37 35 51 71 22 67 25 7 56 24 87 83 47 95 54 4 10 12 100 83 54 86 55 60 72 67 64 74 19 62 38 7 48 40 29 21 6 53 27 61 28 13 44 74 8 49 78 69 61 29 51 66 66 57 26 37 76 41 63 94 54 100 52 
53 39 80 73 45 84 99 57 63 63 52 37 70 1 66 90 13 46 40 78 63 49 55 99 24 95 13 69 100 12 20 52 3 51 76 99 86 74 55 48 37 59 84 58 59 1 48 71 98 39 100 60 39 55 11 62 1 23 82 1 35 53 4 
89 55 80 87 40 5 93 88 93 51 23 51 61 76 50 83 73 40 83 33 79 37 43 92 89 65 26 89 51 78 45 91 33 76 77 72 80 22 11 25 72 34 75 85 9 76 67 81 15 49 65 45 37 7 37 26 24 62 66 26 91 10 17 
23 37 45 47 69 66 57 93 90 90 19 74 50 94 40 31 60 41 95 5 77 54 93 2 29 54 20 54 96 81 22 19 18 67 17 86 84 73 78 73 15 96 98 64 41 90 46 100 30 93 4 58 98 96 12 26 1 31 79 97 11 1 67 
28 19 83 65 2 7 94 75 21 89 24 37 81 13 34 81 94 78 84 52 75 32 63 100 32 93 31 80 3 83 46 83 1 80 47 54 87 93 80 59 33 4 47 14 16 81 94 10 58 29 13 33 60 75 84 44 67 66 75 21 100 73 55 
100 4 54 6 90 46 85 1 78 88 47 43 56 27 36 17 37 17 29 21 28 55 56 23 73 22 98 45 21 70 100 73 73 5 78 15 50 14 67 79 2 13 22 9 92 9 77 80 25 57 100 53 11 55 75 83 28 24 27 49 93 78 73 
18 82 2 84 83 15 50 62 68 14 35 76 5 95 52 36 20 8 35 24 70 42 98 52 69 22 79 69 66 8 41 35 90 42 18 72 57 19 85 24 33 71 52 89 66 55 25 85 15 11 8 84 52 57 88 73 30 18 41 96 25 82 82 
14 75 52 86 83 70 22 59 54 93 62 95 58 16 71 94 82 81 53 66 85 9 5 57 39 22 49 86 46 82 19 60 57 70 97 91 40 18 1 45 62 62 39 19 30 61 64 11 94 16 28 78 77 32 86 67 53 34 52 99 16 70 10 
24 92 6 14 83 75 15 27 37 28 18 7 57 78 71 68 23 38 95 100 14 79 37 80 31 71 83 81 38 5 90 61 96 47 26 78 22 92 56 58 20 73 64 76 3 86 95 25 24 42 77 89 20 65 69 2 87 3 35 24 59 24 36 
54 71 14 83 92 5 39 1 76 63 16 4 65 2 98 42 77 39 70 65 10 34 85 12 21 40 98 96 98 21 32 4 43 45 86 86 1 76 38 77 39 54 80 55 55 29 48 83 68 17 99 29 3 84 92 23 75 89 18 72 62 1 75 
4 97 13 42 98 88 79 26 26 32 57 33 38 85 80 72 4 97 71 33 99 6 76 73 80 65 42 51 26 43 78 81 91 90 74 88 77 53 65 55 36 21 87 26 58 18 97 13 66 67 97 64 24 73 88 3 89 30 54 14 24 31 46 
14 72 20 54 100 24 70 54 11 43 92 36 100 10 85 64 75 3 61 91 27 33 30 29 21 11 34 86 34 16 83 100 87 54 5 87 77 74 92 88 68 84 75 19 45 59 83 19 62 43 61 88 27 91 16 99 1 50 36 87 65 18 38 
4 24 42 42 100 67 33 39 87 16 14 5 12 72 87 31 33 81 43 72 59 33 88 9 34 89 44 72 5 14 9 60 37 2 1 88 68 34 27 54 1 40 11 13 63 97 95 96 30 37 19 88 22 6 49 55 46 44 78 3 57 86 62 
45 87 15 85 6 48 63 12 100 2 22 12 16 18 58 11 99 95 30 87 16 87 35 22 85 78 51 39 87 36 52 83 74 66 19 79 65 81 90 65 34 11 76 50 81 86 12 79 80 93 17 47 32 3 20 16 33 70 6 19 57 57 53 
30 23 24 8 87 4 50 3 38 60 31 39 40 16 50 71 47 43 87 93 74 90 64 41 22 85 46 92 41 54 96 70 76 19 29 15 75 78 17 12 38 99 2 29 14 51 99 60 93 38 4 18 27 67 58 100 51 55 91 91 9 86 12 
36 57 41 2 31 70 71 94 59 69 95 88 83 45 38 42 90 27 46 59 53 64 17 4 67 23 94 9 31 32 21 19 88 13 20 70 82 42 63 41 11 57 80 93 53 69 86 94 96 83 53 100 99 21 4 65 43 97 73 26 28 93 96 
67 57 15 36 39 9 50 31 19 58 10 63 11 78 100 56 73 83 60 73 33 80 76 97 75 24 69 52 4 14 47 70 70 13 58 60 21 7 90 91 65 51 53 27 29 53 34 53 87 94 25 19 25 52 67 51 76 35 54 79 100 100 100 
22 65 57 81 37 16 23 80 32 73 84 10 1 36 43 6 74 36 30 44 13 34 10 63 9 97 17 39 96 68 90 17 84 99 50 73 14 72 52 97 96 35 6 49 23 48 54 48 36 35 92 48 68 53 62 28 1 30 66 97 98 8 65 
33 6 66 5 71 89 8 67 85 95 72 33 17 71 86 64 6 20 7 5 40 12 19 67 12 48 85 60 97 92 77 30 49 42 86 19 31 94 37 67 40 60 99 56 30 36 71 88 7 30 44 46 41 62 65 4 62 49 64 58 92 40 39 
40 81 25 58 63 70 46 29 9 5 79 16 86 66 38 73 25 67 69 70 59 30 34 63 43 34 78 1 25 17 91 64 49 15 73 64 36 18 44 96 74 75 63 60 40 1 84 64 19 52 86 78 34 71 92 76 5 69 28 29 37 19 45 
85 33 17 48 21 87 44 68 60 18 31 19 57 83 3 73 1 54 58 30 39 80 21 15 84 41 42 65 77 60 9 62 45 77 61 17 63 4 84 23 73 14 93 30 48 95 54 49 1 63 78 39 42 51 5 78 91 47 42 68 58 2 81 
2 78 93 18 41 49 54 15 21 19 7 2 67 54 55 15 54 17 44 44 11 94 1 88 85 99 81 52 56 82 84 10 11 76 79 51 24 32 65 45 51 24 46 69 77 53 83 82 21 26 77 31 72 77 70 56 75 2 59 83 35 42 92 
46 69 70 48 93 54 65 37 56 88 34 24 64 86 6 45 7 83 21 89 6 50 59 13 24 60 71 6 95 64 97 92 33 19 39 25 24 3 13 79 90 46 2 5 84 59 1 90 41 74 78 99 23 88 11 46 48 82 4 94 97 52 37 
81 70 75 57 45 30 69 23 71 67 24 76 50 82 28 39 75 1 68 73 23 56 83 69 55 16 24 48 65 75 36 45 97 10 2 41 39 22 64 62 88 87 37 37 21 16 27 47 17 95 19 39 50 53 59 56 21 82 55 85 57 90 81 
5 99 82 45 90 4 8 51 91 47 39 80 19 54 6 65 70 52 35 61 53 87 19 8 59 53 62 43 61 51 24 65 2 57 9 91 12 69 93 55 67 31 34 85 36 91 49 6 95 83 18 47 21 88 7 80 40 68 74 52 71 49 68 
72 6 29 62 17 97 6 71 63 36 56 47 23 99 47 80 93 29 97 39 49 85 45 80 76 65 54 80 35 54 47 6 11 75 19 28 23 24 50 37 11 58 35 33 56 81 13 48 9 61 38 10 45 35 41 73 99 46 52 33 100 50 90 
10 25 8 89 99 83 91 36 45 100 70 77 55 51 41 54 11 2 43 72 98 77 13 22 75 10 73 59 9 23 100 71 99 7 59 97 41 1 84 85 100 54 14 6 56 6 59 66 59 2 90 57 30 2 30 57 63 55 15 72 29 15 42 
27 73 52 75 66 5 59 50 4 64 15 10 19 21 20 36 79 73 25 87 55 78 69 11 41 23 77 64 51 43 57 29 68 8 55 33 64 65 34 68 28 49 29 98 21 100 34 51 73 10 90 27 88 58 37 80 32 65 43 82 8 99 62 
75 58 16 7 22 81 92 41 60 92 21 58 12 20 43 15 92 52 4 70 91 13 58 22 44 23 64 77 82 14 38 56 24 5 14 97 37 5 37 97 49 9 6 60 28 48 26 72 51 29 41 94 93 51 15 88 25 31 64 6 44 53 13 
19 10 26 15 46 82 3 94 30 11 51 42 39 50 67 62 1 48 2 46 92 4 60 80 28 42 95 85 86 100 97 4 61 74 71 6 8 73 52 89 84 2 30 74 52 49 35 4 48 88 49 39 44 60 70 71 2 65 56 39 16 4 42 
76 78 64 33 37 37 84 25 72 86 7 97 89 7 83 92 54 70 92 92 65 51 14 36 4 78 43 42 93 46 36 20 75 99 52 11 87 36 88 58 73 94 6 13 100 88 56 53 10 47 96 74 49 9 61 53 38 3 46 82 1 33 1 
27 32 5 90 70 40 77 28 64 70 85 76 21 73 31 73 34 29 20 7 29 81 68 33 18 22 79 52 74 11 4 1 94 8 90 64 99 18 43 62 87 27 89 7 51 71 31 84 51 2 43 80 82 62 12 52 83 42 3 9 53 58 61 
98 66 2 13 64 19 7 78 57 34 18 63 36 89 45 72 39 46 14 70 28 75 82 31 9 23 33 17 27 42 77 25 7 78 89 23 48 96 100 4 81 17 66 16 57 62 87 48 8 52 17 87 26 98 17 35 73 1 3 99 42 80 75 
1 9 64 23 57 59 74 60 91 42 78 6 51 39 45 98 98 48 66 84 74 64 100 60 88 100 62 86 94 93 13 94 54 28 68 62 38 41 73 28 34 50 85 84 41 81 33 38 29 99 22 2 14 73 13 1 25 26 38 18 71 50 63 
24 77 30 37 14 22 9 93 7 59 78 91 51 58 75 88 86 73 9 39 86 82 3 86 6 29 76 75 51 77 37 26 54 18 62 19 91 70 64 97 80 41 39 30 50 14 70 88 86 78 78 24 11 81 61 68 61 36 94 11 13 82 36 
18 99 49 88 41 70 51 38 2 43 76 31 93 41 52 80 79 30 57 2 92 89 62 12 49 50 5 11 62 39 98 31 37 98 70 78 68 21 67 69 15 94 51 59 35 3 38 65 84 47 66 27 87 79 38 88 28 95 98 41 33 48 71 
21 45 93 50 64 13 16 32 79 62 35 38 48 89 27 12 72 25 77 50 12 55 88 99 35 34 48 75 18 47 98 38 92 90 40 7 54 7 39 32 68 25 21 15 13 48 26 36 72 54 85 35 61 24 33 95 57 33 21 26 79 70 16 
22 59 55 29 64 61 19 48 81 95 68 95 7 15 73 42 39 78 78 73 38 2 58 84 10 42 57 36 72 26 3 94 37 57 74 100 69 44 99 1 38 67 96 96 33 20 89 71 97 66 96 87 67 53 22 29 46 78 16 17 56 18 62 
92 26 35 43 94 30 42 95 67 60 42 14 92 13 2 63 61 68 10 47 86 14 69 14 59 98 29 75 53 46 37 96 23 23 39 17 53 32 63 71 91 56 85 82 68 86 96 28 5 5 27 91 70 47 4 28 44 85 3 49 82 39 44 
5 61 34 73 65 17 87 36 7 42 20 41 61 57 88 40 62 45 18 52 14 64 7 42 60 91 96 8 73 34 3 29 46 37 1 11 53 87 98 12 80 17 4 92 73 91 31 34 35 49 37 49 64 44 42 23 86 37 30 10 22 33 38 
67 21 90 29 25 76 26 36 7 94 91 98 19 82 29 4 16 29 41 16 92 36 9 15 21 45 96 83 66 80 20 85 52 10 65 77 37 43 64 44 36 55 41 6 88 69 10 3 49 2 71 93 37 79 7 9 24 54 91 41 86 11 77 
37 72 42 65 8 84 81 51 71 35 44 77 22 64 86 76 13 87 98 5 75 77 63 83 52 68 74 44 53 36 21 42 7 62 6 66 97 86 17 67 72 12 43 45 75 80 73 87 18 70 43 92 98 57 75 1 25 100 45 77 35 17 70 
41 30 76 6 26 13 74 44 37 85 39 33 12 18 5 50 88 27 93 79 24 49 5 77 73 4 73 2 90 89 23 30 18 50 88 95 63 13 38 51 50 76 83 61 46 88 10 33 66 54 63 89 3 68 65 27 23 37 80 13 77 3 94 
46 52 33 40 66 46 30 68 47 5 51 59 2 90 68 34 55 22 97 95 76 16 12 54 38 100 34 2 77 88 48 22 39 80 14 57 77 43 24 23 99 26 81 1 15 1 86 21 74 34 16 1 49 27 54 39 78 39 92 54 26 39 28 
17 19 41 73 47 83 48 22 81 74 54 33 40 54 19 61 79 52 28 79 53 6 33 43 83 71 34 37 49 73 64 65 43 56 37 89 38 36 10 70 9 64 3 49 69 73 61 48 76 40 78 28 45 10 22 27 33 56 15 81 28 30 45 
70 85 33 58 74 68 20 44 29 83 98 29 3 22 41 2 97 80 80 77 24 41 98 2 73 53 69 5 32 98 1 1 35 85 11 8 5 30 3 33 64 100 13 18 21 53 20 70 84 99 98 59 39 95 60 64 100 80 20 31 30 73 32 
64 57 94 23 61 75 78 45 38 77 9 55 50 13 74 71 96 24 68 54 15 14 66 78 13 45 49 44 74 21 27 89 30 72 12 90 46 89 87 83 17 95 89 18 8 15 40 55 38 7 9 4 73 74 33 85 18 82 80 44 2 6 32 
83 77 95 73 74 35 11 56 4 57 97 73 16 63 13 71 52 71 79 56 43 4 88 28 21 69 59 16 23 65 48 5 93 42 29 67 29 91 74 32 48 22 4 15 84 68 85 36 39 15 91 33 18 78 12 91 99 71 58 73 87 5 77 
79 99 58 97 27 48 23 10 47 96 13 62 80 81 98 15 71 13 57 3 82 86 15 24 36 85 82 8 71 38 37 1 36 94 50 14 93 24 23 40 19 88 1 98 20 98 64 90 62 72 44 96 10 10 71 45 46 4 53 68 42 89 69 
29 34 70 43 26 93 17 65 63 4 17 13 23 67 28 64 80 100 60 75 9 69 98 5 15 1 57 82 94 97 2 23 82 71 17 8 15 33 24 78 37 93 90 11 59 17 27 38 68 86 65 28 54 14 33 20 14 41 54 8 38 55 82 
19 78 98 78 44 30 2 21 18 46 62 81 4 31 7 93 50 92 9 78 97 22 62 69 88 2 22 47 91 28 28 62 5 25 39 49 6 92 21 24 37 35 56 92 65 62 37 66 5 45 43 1 19 56 21 6 58 42 4 100 70 31 61 
26 7 52 26 12 95 47 87 84 81 94 75 97 55 11 62 59 8 57 12 78 12 32 83 21 26 38 21 47 68 33 72 26 84 98 89 79 96 76 14 28 69 88 24 76 51 37 86 10 93 49 87 5 81 21 77 58 58 97 4 25 30 27 
2 65 76 90 95 71 17 8 98 38 48 21 13 50 10 98 59 2 99 97 58 79 17 35 88 74 83 43 50 64 69 51 29 45 40 75 67 57 83 65 94 82 37 58 31 46 7 41 100 5 37 57 35 53 43 22 78 26 16 79 41 85 29 
69 81 20 96 47 28 30 63 73 11 100 30 93 97 37 33 96 93 69 53 28 73 47 1 50 72 17 28 65 53 8 85 33 79 80 79 7 9 94 79 19 93 61 11 89 49 95 37 41 63 41 20 87 87 21 36 11 37 15 75 41 74 59 
73 53 39 3 11 99 96 89 18 40 1 80 81 49 75 17 90 89 57 9 76 43 81 63 5 69 30 79 9 3 38 81 7 28 36 17 26 31 6 95 23 6 27 3 55 1 71 96 41 27 56 16 21 89 31 26 57 60 56 66 62 45 98 
69 72 33 85 50 16 42 96 38 100 22 92 6 74 62 53 15 40 8 82 60 96 12 37 5 71 93 70 85 37 19 5 61 4 41 10 19 83 5 8 34 79 51 39 52 12 91 66 51 50 100 62 98 11 99 2 34 91 71 18 27 41 74 
87 44 14 48 14 48 5 21 81 83 71 19 34 34 61 52 84 11 3 46 8 13 96 9 98 86 31 67 64 71 40 3 67 6 50 80 53 6 53 34 88 23 52 74 9 65 77 44 75 79 41 82 43 36 42 93 21 72 59 37 94 51 39 
60 56 40 40 8 46 92 41 85 66 45 10 74 9 38 70 35 16 10 16 11 46 9 3 18 80 13 54 25 63 44 85 18 84 24 26 81 67 18 17 32 62 27 58 22 64 79 56 32 88 23 42 33 31 96 51 62 8 56 87 71 100 23 
40 83 98 65 15 64 83 31 47 96 9 56 70 73 34 25 56 22 100 49 6 82 44 8 44 3 64 82 25 15 4 65 49 1 29 63 16 63 45 14 11 54 70 80 78 55 56 85 28 55 33 34 37 28 93 32 30 8 13 7 22 68 71 
22 68 51 36 35 66 81 48 76 86 69 55 15 24 10 99 3 17 83 88 53 10 81 84 91 88 48 97 62 15 67 83 34 70 19 68 35 51 67 10 88 36 16 2 11 77 52 65 45 34 53 97 43 33 32 85 72 79 34 33 45 52 68 
78 21 38 45 55 40 64 16 27 51 83 28 13 12 79 77 56 64 29 5 58 61 88 42 85 67 75 69 63 27 88 41 99 25 37 6 16 100 21 42 2 56 21 14 67 51 91 74 14 71 78 71 84 66 65 68 84 91 36 46 69 24 86 
68 100 75 73 16 26 45 57 28 52 30 41 18 80 83 92 94 54 21 16 37 86 32 56 21 23 91 67 91 66 4 10 18 78 34 33 56 31 41 83 82 70 75 52 2 58 43 95 11 15 62 99 1 94 54 73 16 96 39 58 14 95 20 
31 24 53 15 79 83 7 61 17 29 36 68 30 45 62 76 55 76 37 5 28 30 10 1 97 5 91 7 18 85 26 100 9 30 66 39 65 73 100 81 1 87 48 82 31 61 57 37 36 45 93 64 27 2 16 23 58 6 81 28 43 6 27 
51 88 93 41 52 17 40 84 69 78 83 50 60 43 58 96 78 54 40 93 80 41 60 55 99 66 35 26 8 93 4 10 80 96 2 83 64 94 66 32 71 48 33 31 90 42 78 19 96 70 12 75 10 23 29 8 88 64 85 47 8 89 8 
87 36 10 69 100 3 86 83 25 85 16 7 74 57 37 44 4 6 7 79 15 30 59 75 17 74 11 16 81 99 75 19 87 84 39 86 38 24 68 15 8 35 21 33 44 9 77 47 14 83 77 81 12 36 7 81 61 17 48 42 68 22 60 
54 58 99 91 47 74 10 61 82 45 34 66 40 42 42 38 56 77 15 88 88 2 94 20 62 62 67 55 29 89 15 34 46 65 24 44 38 34 5 71 30 38 37 69 79 78 58 86 6 24 25 94 25 18 65 39 32 32 93 60 72 59 46 
69 23 69 12 61 2 16 83 83 5 19 3 36 49 61 73 54 84 98 99 61 67 64 51 98 95 43 10 66 54 55 86 76 23 97 88 77 65 71 11 69 41 14 4 89 74 77 43 9 26 93 21 92 56 71 90 2 66 51 19 71 5 4 
46 79 1 86 7 65 56 18 85 48 83 41 37 8 17 31 16 42 23 89 85 31 11 74 32 28 76 51 98 32 6 44 11 58 81 69 74 88 38 59 35 20 99 71 27 67 53 95 60 28 83 44 58 93 70 41 73 45 91 70 77 49 65 
39 6 45 7 80 32 97 90 67 16 88 89 43 54 42 89 13 69 71 8 78 15 77 18 87 22 61 9 98 9 73 36 14 18 94 45 1 90 34 67 58 73 8 52 26 49 40 90 69 62 98 46 76 74 15 15 47 75 75 44 83 47 31 
49 16 77 45 17 18 31 35 75 3 42 26 81 90 17 22 10 78 19 7 6 45 22 72 43 48 46 87 83 44 69 83 60 97 27 28 15 57 62 41 12 4 19 92 45 35 13 7 13 84 13 70 80 86 41 22 34 38 60 16 81 81 98 
92 77 76 19 91 85 81 84 96 36 2 87 32 36 99 38 100 34 51 69 13 88 9 35 21 98 94 88 79 74 37 70 3 13 41 45 97 21 28 92 8 29 30 39 65 28 77 64 14 79 85 26 66 45 12 39 43 6 26 21 31 63 42 
85 27 82 30 23 54 57 66 61 86 95 52 2 74 28 17 87 58 1 13 23 46 24 13 40 81 39 60 64 53 53 48 79 87 77 53 40 34 18 53 71 12 56 72 85 35 88 72 92 89 36 66 86 59 79 25 92 17 36 55 21 88 54 
99 74 31 51 66 16 20 70 86 31 25 57 67 59 96 38 50 84 25 15 21 84 45 45 27 13 80 33 33 20 86 83 45 68 33 10 35 4 31 20 34 55 28 1 13 24 90 14 59 15 81 80 50 25 24 76 38 56 8 70 75 45 5 
19 65 89 81 99 93 11 19 26 66 98 78 30 21 68 96 32 82 76 11 31 52 86 58 89 41 17 11 67 13 15 38 77 3 18 76 47 80 46 73 97 43 50 27 16 69 74 47 50 49 9 32 100 94 41 41 87 57 3 5 70 69 42 
98 23 11 73 70 91 18 42 87 61 43 65 28 12 38 74 13 38 34 45 90 27 37 82 65 46 84 70 15 52 63 64 74 74 37 43 64 54 36 2 66 31 19 93 42 8 18 54 98 51 50 87 30 39 20 46 84 3 67 50 6 30 13 
31 3 49 26 18 55 61 71 72 91 89 65 84 49 34 90 46 37 91 84 66 29 3 63 12 57 30 61 14 59 74 44 13 74 69 82 28 82 52 100 24 93 16 60 41 1 49 86 37 39 69 54 20 71 17 31 79 46 44 92 56 69 35 
20 42 56 1 22 89 52 73 12 44 40 23 36 40 71 21 77 62 89 30 81 11 98 63 89 95 58 32 2 26 67 21 20 74 21 93 62 25 65 25 20 56 48 56 95 70 28 23 83 69 5 63 79 2 78 20 97 35 51 98 13 69 71 
84 42 43 76 55 19 92 32 91 47 31 98 93 52 25 16 35 93 20 97 24 21 26 43 69 13 45 19 25 14 89 8 7 83 35 14 2 26 97 92 24 27 41 68 78 65 83 12 10 2 61 85 75 38 27 95 50 23 13 74 88 53 33 
47 88 67 60 89 44 56 32 19 34 72 87 11 88 69 75 49 23 87 33 49 24 11 43 74 34 8 99 73 60 32 19 99 50 30 87 94 85 70 64 70 93 50 33 33 71 7 81 93 45 66 93 68 76 35 41 61 42 40 34 54 23 4 
52 72 34 91 65 70 12 81 40 57 30 72 89 100 30 21 44 74 38 88 93 14 23 86 26 16 77 59 21 99 15 25 70 48 67 87 69 78 67 60 86 48 83 26 100 12 47 95 37 84 83 82 49 5 67 75 72 43 85 93 41 99 17 
62 98 83 48 67 12 66 78 98 66 61 23 65 24 21 59 61 57 41 42 57 97 60 83 69 2 68 13 94 18 81 55 68 15 55 86 26 72 63 75 37 23 50 1 47 22 60 59 30 52 100 87 49 59 69 69 12 88 81 5 6 61 59 
25 75 65 10 52 37 72 27 73 95 28 74 41 1 85 99 31 36 50 17 36 60 37 4 23 25 36 27 82 96 37 6 22 2 15 74 38 38 52 10 32 79 35 24 79 71 74 61 7 75 77 94 86 66 98 8 42 33 34 75 81 23 32 
2 24 98 75 13 35 26 74 67 56 9 42 87 79 68 47 37 42 76 31 28 41 80 87 34 64 21 8 44 43 39 46 18 36 72 30 22 50 3 88 57 63 82 43 94 49 42 82 42 69 12 69 61 43 56 94 7 28 53 50 22 91 47 
39 78 71 20 99 20 74 39 76 89 20 71 82 20 64 15 61 32 27 82 92 21 89 37 27 16 89 29 89 79 75 79 8 45 50 6 16 23 96 92 11 67 14 44 86 29 59 99 60 37 80 3 9 20 39 36 87 27 64 75 57 90 53 
64 35 2 21 50 76 17 93 39 83 58 34 21 86 92 19 97 80 50 99 89 69 37 76 55 63 39 81 71 28 33 34 14 86 55 16 61 23 60 51 5 18 85 77 55 28 95 52 8 96 50 48 16 87 75 22 1 13 2 72 92 86 57 
58 23 11 73 36 85 32 86 90 1 70 18 56 98 13 7 57 60 56 4 28 94 78 49 95 42 3 18 85 88 74 42 11 37 66 46 21 98 31 62 50 53 80 5 50 44 63 6 3 19 61 30 64 38 31 10 31 33 27 67 72 53 9 
34 89 74 79 9 23 62 23 25 66 2 29 15 45 92 20 99 62 80 81 77 69 11 87 51 43 65 17 66 17 77 100 57 3 30 18 77 43 40 1 8 41 82 22 85 25 93 35 38 72 15 14 92 25 52 42 19 17 59 85 85 87 84 
42 89 65 59 66 8 98 66 15 90 47 89 26 71 81 60 8 53 75 74 96 99 25 38 70 93 48 6 78 34 41 71 23 5 81 40 12 30 5 79 19 4 67 44 26 47 3 34 99 29 59 95 28 83 84 49 76 83 54 5 16 94 27 
90 98 7 81 62 88 86 40 6 41 6 1 66 52 3 51 3 32 9 49 11 44 84 11 71 66 64 27 33 9 53 75 6 11 55 19 98 92 58 3 32 15 55 50 19 57 52 21 40 61 21 2 56 4 12 26 21 75 4 53 83 56 79 
41 18 34 59 15 77 69 69 61 83 23 10 53 31 61 73 23 73 45 24 80 100 36 57 20 62 60 25 97 67 3 89 84 36 99 98 65 19 18 25 54 40 86 6 23 46 31 45 71 75 68 50 75 55 7 94 69 18 18 17 85 73 5 
68 60 55 18 24 74 35 48 27 27 33 32 49 31 62 93 53 89 12 54 63 67 60 8 87 30 78 3 14 50 7 81 9 13 98 33 86 85 32 64 11 65 96 59 47 9 3 99 49 66 52 63 32 64 71 70 93 100 72 58 49 30 38 
9 43 88 93 28 72 25 92 34 41 39 44 39 99 46 37 48 11 40 62 95 3 32 16 47 83 88 4 31 17 94 92 59 81 84 39 4 60 30 37 52 20 80 90 70 77 78 69 39 18 31 85 72 14 1 19 97 40 74 79 56 67 70 
67 99 6 5 54 17 86 90 69 5 21 10 26 49 88 95 40 5 25 24 76 90 76 46 86 15 72 65 23 90 86 89 89 43 93 94 60 78 84 80 34 56 89 11 57 76 5 96 80 81 71 8 71 47 5 56 13 28 72 87 18 58 75 
58 52 19 51 11 48 86 90 33 42 79 44 50 6 48 45 86 81 15 45 51 13 1 58 78 29 30 64 46 39 39 3 90 9 5 1 57 91 42 89 84 72 32 33 78 32 29 15 12 43 59 62 8 11 19 85 39 100 100 84 38 90 38 
80 99 95 32 55 85 73 43 20 97 27 52 74 58 32 88 69 74 98 82 81 8 100 17 47 52 17 82 41 58 72 20 56 66 51 10 2 76 5 21 72 83 24 45 40 55 84 60 28 33 41 61 40 92 29 38 43 97 20 84 55 43 3 
10 8 6 72 9 81 28 29 52 10 4 48 1 58 83 60 37 15 52 49 54 43 30 44 86 26 15 21 80 57 75 42 16 80 65 24 60 92 4 63 53 7 62 5 16 44 64 4 58 67 53 64 9 82 59 46 59 73 66 39 29 41 32 
96 72 96 19 32 39 74 46 43 32 8 47 47 3 62 2 13 28 54 28 36 87 86 34 46 58 99 36 38 91 67 33 63 14 3 46 52 28 43 46 59 50 92 57 5 5 58 17 32 64 44 19 50 29 52 95 38 3 30 27 45 48 59 
59 61 13 4 64 40 99 9 50 48 52 6 52 56 15 20 39 78 63 10 28 43 61 74 80 15 56 6 12 3 16 70 16 80 26 31 71 24 92 20 23 95 77 27 3 92 46 41 21 9 50 100 51 63 74 83 29 81 40 40 35 8 62 
50 87 87 33 58 62 76 29 84 70 6 10 72 49 56 65 69 16 14 21 18 28 94 52 57 26 92 48 60 99 9 62 85 95 94 94 56 69 23 92 90 80 1 62 28 8 26 48 23 91 68 93 19 13 44 27 38 35 74 50 85 83 11 
22 29 56 15 85 76 89 76 65 20 28 26 99 36 3 47 10 94 66 54 64 31 98 90 20 84 63 69 69 97 79 42 26 34 8 62 9 97 89 26 68 16 51 67 3 6 65 65 51 82 18 14 12 67 55 32 51 69 52 71 66 31 12 
43 16 19 4 77 67 92 2 35 7 4 53 62 9 17 26 11 98 43 24 62 10 78 45 12 99 96 82 64 78 45 6 46 15 61 22 82 52 75 68 10 78 20 71 39 88 96 49 85 91 25 98 100 54 42 63 52 38 44 15 15 40 72 
60 54 32 33 87 35 7 54 45 37 25 67 27 12 15 75 49 5 51 46 56 5 88 18 56 25 13 23 91 4 46 3 57 78 35 44 12 94 49 8 30 74 27 56 37 41 82 85 97 33 31 52 89 18 21 96 94 85 18 36 88 64 38 
44 93 25 39 56 18 40 16 99 65 42 6 1 82 87 38 78 71 68 81 11 37 1 7 30 37 24 65 24 39 3 19 83 79 10 39 96 1 6 46 65 47 51 17 80 89 54 57 12 21 89 22 57 41 28 38 77 4 55 52 42 9 70 
77 87 31 15 82 31 20 79 95 18 29 12 97 17 17 5 28 90 93 50 98 33 29 36 61 32 90 12 26 98 81 2 36 64 68 69 94 39 47 41 56 75 52 52 43 20 56 23 9 100 72 7 32 52 94 92 84 83 55 9 32 87 62 
67 50 29 35 44 67 33 84 22 7 87 25 49 6 32 71 67 31 94 73 14 98 66 57 81 100 11 41 83 97 2 49 47 82 35 42 48 67 25 21 25 63 45 25 68 76 48 34 58 93 58 71 90 23 27 22 74 89 62 56 85 15 4 
83 96 90 24 95 8 100 15 84 62 59 9 82 86 8 67 43 100 25 65 42 99 43 63 73 31 77 28 68 43 84 50 39 25 26 85 85 25 100 68 39 10 28 72 48 35 38 90 87 14 7 28 65 49 42 37 80 18 16 47 61 51 48 
51 76 73 87 60 50 86 27 88 48 7 11 95 93 48 36 31 14 42 10 78 91 52 66 22 21 81 68 33 32 67 83 59 40 70 18 89 7 96 28 54 54 38 100 47 37 36 77 50 29 87 79 71 38 44 92 10 77 11 43 60 78 77 
70 17 98 87 57 5 34 36 10 88 25 62 86 61 97 62 63 77 100 93 48 89 89 39 99 65 50 93 76 79 69 45 47 67 83 3 23 68 90 84 7 14 45 92 26 93 6 40 70 57 33 17 46 21 7 96 37 8 88 12 86 8 8 
32 74 42 86 96 9 75 32 68 40 76 59 18 21 16 57 90 25 89 58 70 61 16 17 97 24 56 60 61 63 67 93 37 60 30 84 69 57 15 36 48 43 46 65 63 14 22 4 38 62 13 59 23 28 75 71 3 82 31 64 44 49 8 
32 9 37 16 29 45 82 16 93 76 13 9 38 26 82 93 63 44 5 73 18 33 99 40 35 80 22 50 24 71 57 7 31 46 74 11 90 56 26 34 83 38 43 73 16 24 65 30 19 70 3 88 54 1 28 40 33 1 90 8 23 98 14 
5 43 88 15 85 95 92 70 77 82 64 49 97 40 14 78 10 35 80 98 40 33 77 31 65 77 72 72 100 70 37 4 64 24 71 100 18 62 70 95 95 33 95 43 24 60 21 34 94 52 83 85 84 59 16 100 87 87 23 38 8 60 94 
72 83 64 23 53 77 92 99 24 77 93 66 52 53 86 85 98 38 67 35 73 77 50 25 64 88 47 53 48 6 46 71 41 61 93 45 90 85 43 13 13 35 78 64 39 16 1 89 5 67 23 29 44 24 53 59 11 100 11 10 57 9 80 
49 21 73 93 10 9 35 74 21 22 4 36 12 19 36 100 75 55 22 3 98 45 56 8 8 7 70 17 63 78 97 12 51 21 56 60 29 91 34 1 64 89 88 75 7 24 75 33 78 48 87 27 45 42 86 52 100 55 20 63 85 68 26 
87 88 81 46 68 23 31 68 86 19 56 13 77 31 87 61 60 86 48 38 30 41 23 33 41 29 53 55 65 20 80 51 8 12 49 75 35 79 95 72 50 2 84 78 32 22 39 91 60 38 28 89 78 2 22 18 30 74 24 95 45 55 97 
4 67 45 31 53 76 25 76 25 26 60 54 9 33 44 99 92 81 78 81 59 79 54 28 8 79 52 54 23 6 3 27 24 47 57 76 22 33 4 98 10 63 4 18 47 47 68 91 28 45 23 86 23 76 13 82 54 16 88 28 22 90 54 
97 88 62 25 62 94 28 11 55 90 14 72 88 61 39 78 88 35 100 25 57 75 89 91 80 5 30 8 78 71 13 74 58 75 98 71 20 25 82 75 66 95 98 6 7 89 83 94 23 35 18 80 61 59 22 41 63 51 100 92 21 12 65 
30 38 15 1 58 91 34 84 9 28 81 14 35 69 96 80 92 82 50 23 43 8 96 83 70 98 82 13 70 45 77 99 83 43 51 92 34 84 75 42 64 7 7 50 28 54 29 19 36 78 93 78 85 40 60 6 37 93 70 6 89 47 56 
71 41 59 62 26 42 88 19 57 95 25 6 22 79 35 92 14 12 36 91 49 75 2 6 63 46 76 20 34 74 75 57 66 33 70 92 27 58 10 83 4 87 89 77 65 23 68 30 86 55 72 86 81 73 44 43 70 71 62 55 44 88 11 
61 21 33 52 99 42 14 81 45 100 69 73 16 43 40 45 81 46 68 18 26 40 61 20 61 31 33 15 26 20 26 87 92 10 90 90 51 55 71 95 54 91 67 21 86 58 17 18 55 84 35 32 75 96 51 35 78 83 50 56 54 27 94 
46 36 83 35 86 38 57 32 43 100 50 64 85 59 32 2 65 16 36 96 42 83 98 77 13 32 78 68 85 56 61 30 91 95 17 28 84 73 11 27 72 12 42 56 70 25 9 86 92 97 81 34 79 78 62 43 9 39 62 93 46 22 75 
36 69 91 15 52 63 77 30 87 88 23 94 9 48 3 94 39 51 74 72 81 3 33 24 11 23 85 55 68 59 81 55 27 71 21 30 86 97 12 24 84 34 17 44 81 71 37 72 21 62 95 54 64 80 77 26 2 13 33 22 71 13 28 
49 36 49 31 73 97 42 96 81 27 64 76 60 35 13 31 7 26 25 60 42 4 88 67 58 1 51 31 23 16 58 24 51 6 54 75 3 47 70 35 73 33 10 32 19 74 14 78 100 39 89 41 94 77 59 51 29 62 81 3 77 91 26 
79 96 79 53 50 77 22 36 50 6 98 33 77 23 47 54 74 37 42 66 82 70 77 33 50 38 65 53 14 55 78 92 3 57 44 4 85 17 92 34 74 41 19 50 63 17 3 89 5 97 54 86 18 30 70 68 19 35 20 32 41 97 75 
95 5 70 51 90 86 42 75 12 82 93 61 96 9 16 84 13 12 90 99 29 71 68 96 90 54 15 73 47 64 48 41 68 69 91 9 7 84 84 18 65 76 78 13 37 93 48 1 56 37 51 37 60 71 32 49 24 99 73 22 14 72 63 
81 41 5 42 47 89 25 16 5 52 93 17 88 38 65 89 93 53 39 29 12 61 13 12 85 63 85 58 76 56 20 8 48 77 49 94 65 25 9 21 77 54 90 16 91 54 4 35 58 95 16 70 55 80 33 91 42 17 49 69 25 20 28 
72 96 29 18 12 53 78 85 81 31 74 97 73 79 100 60 36 46 75 57 53 6 90 95 47 58 43 67 82 15 94 54 62 74 23 26 27 100 10 7 83 83 3 7 61 55 66 96 52 92 5 4 97 94 99 95 51 93 61 85 7 7 90 
21 80 12 46 6 63 55 65 45 37 19 52 49 73 69 96 25 61 100 80 9 45 78 4 48 23 16 32 29 22 21 1 54 84 46 59 46 52 75 43 40 94 46 88 18 14 84 42 26 83 74 35 28 51 90 75 73 5 58 54 79 30 54 
32 65 52 42 10 3 69 4 43 62 49 82 31 15 65 25 92 100 98 78 79 100 67 53 73 24 62 78 54 91 83 37 55 34 78 16 89 46 72 83 59 72 64 90 86 29 66 30 28 63 7 6 62 26 10 86 49 23 63 54 13 98 90 
19 83 67 34 71 65 5 5 75 77 69 16 14 97 81 43 76 43 50 33 57 27 94 42 75 16 57 80 80 6 69 98 88 87 31 11 3 88 15 78 16 83 45 81 31 26 24 58 20 25 42 76 51 35 70 77 50 26 56 81 31 76 78 
70 62 61 80 65 48 47 94 15 81 38 95 12 15 18 21 35 94 63 10 44 97 79 72 99 56 27 79 38 2 57 8 16 69 39 32 16 85 77 30 66 66 76 29 81 46 49 15 39 11 76 35 60 7 6 10 62 85 40 52 38 96 59 
53 64 49 36 31 34 12 12 51 78 88 79 58 33 79 24 23 42 99 57 53 5 63 62 19 47 1 70 84 49 80 89 64 28 76 47 13 88 10 63 17 97 93 26 81 24 49 56 65 99 12 69 56 26 30 74 24 82 95 8 82 26 48 
46 53 23 92 66 62 1 80 78 50 25 55 82 48 55 37 64 54 1 32 61 26 13 86 50 94 80 9 76 5 8 73 9 82 16 26 44 68 6 73 17 82 28 51 29 82 39 44 87 91 75 47 69 87 32 18 32 63 78 59 19 37 31 
28 18 46 53 13 14 10 86 82 91 65 84 71 46 75 14 85 65 40 83 33 26 15 2 10 29 31 68 48 67 51 75 37 48 79 49 13 41 34 95 83 98 30 6 96 4 19 32 69 59 14 53 36 80 55 97 9 85 65 56 4 67 82 
40 14 12 40 27 52 74 73 87 23 54 92 70 58 62 1 78 20 67 82 8 46 36 4 54 73 20 61 28 86 42 67 52 54 6 30 57 31 2 95 6 7 86 27 64 48 80 93 19 46 75 26 43 62 82 97 86 1 9 13 39 51 31 
42 56 89 71 64 19 24 59 76 30 96 3 46 43 82 90 14 79 16 91 21 30 72 69 15 25 78 28 15 80 10 56 87 98 78 50 69 53 60 44 34 56 98 31 50 31 21 15 9 88 6 30 17 29 50 84 53 79 63 19 58 72 26 
44 70 3 46 38 7 57 33 41 64 31 71 66 61 43 80 70 83 37 51 99 66 52 82 70 31 96 89 88 68 14 84 37 17 81 26 75 89 58 15 53 40 38 70 1 80 49 22 62 86 24 13 3 75 46 72 57 42 60 97 9 74 80 
97 42 12 74 16 100 31 31 4 71 20 73 23 99 74 96 13 11 71 25 13 97 22 84 54 63 44 50 23 69 81 71 10 44 44 77 95 27 59 99 49 78 71 71 29 96 18 41 6 88 17 18 84 38 2 89 53 97 38 27 65 70 98 
