42 53 40
28 59 19 38 76 71 48 5 35 94 72 68 44 70 33 37 11 97 64 65 10 64 20 74 72 26 42 41 19 95 86 46 53 4 35 81 27 83 37 13 28 9 81 71 30 65 60 40 61 23 56 70 86 
76 44 9 1 85 1 71 31 86 68 36 42 3 16 68 85 52 32 64 12 12 35 42 76 94 33 89 16 89 58 53 64 53 61 16 90 13 86 72 98 53 7 39 7 74 58 43 78 90 7 89 53 41 
82 81 34 15 69 1 55 78 5 70 31 65 85 72 29 22 43 26 26 2 17 33 75 26 75 52 67 81 41 20 73 74 52 6 40 20 58 94 97 62 15 79 78 99 50 6 72 45 84 98 46 52 82 
20 29 56 72 96 89 64 67 61 89 18 19 81 89 28 26 37 42 41 16 19 39 17 77 63 13 12 60 58 15 41 30 43 48 53 90 88 68 8 1 56 25 71 36 65 98 62 2 39 54 69 10 92 
85 38 54 50 49 65 7 15 57 88 9 57 40 99 96 59 6 96 15 83 66 2 99 16 15 100 54 68 68 15 12 5 52 17 54 100 34 12 66 90 100 75 98 39 25 94 98 30 89 64 64 7 17 
63 22 84 14 27 3 82 42 66 38 93 83 91 45 16 2 10 57 1 84 55 92 8 48 41 90 88 56 5 94 72 19 67 7 33 94 10 66 35 75 3 27 9 93 23 76 94 33 33 47 68 39 90 
76 86 30 17 25 85 21 71 8 40 37 67 24 30 76 89 16 2 91 43 11 83 65 86 28 49 70 26 17 8 15 92 45 44 60 70 80 80 92 40 71 28 6 94 10 33 82 25 86 24 19 96 58 
36 34 38 84 3 63 100 63 78 43 7 73 2 28 5 34 19 96 56 47 53 50 8 85 83 32 70 59 51 18 16 86 3 53 21 5 68 21 19 97 15 26 21 69 53 77 54 24 72 9 22 24 10 
29 60 93 12 82 3 62 51 18 99 53 23 20 9 90 92 28 38 58 53 58 26 57 35 31 32 58 40 53 82 49 33 93 93 45 74 95 58 24 65 9 28 87 28 37 28 71 16 17 80 20 74 6 
76 60 36 60 18 27 64 51 76 49 43 20 93 69 15 2 44 79 10 72 17 89 60 96 59 75 12 39 94 37 96 21 97 83 80 66 10 96 16 37 44 58 56 36 26 22 37 70 52 99 93 20 87 
52 15 46 26 78 36 19 67 83 39 15 65 71 80 26 66 95 14 9 4 22 96 82 43 84 3 95 82 95 66 69 98 33 66 23 62 1 93 28 83 83 94 99 5 73 77 70 19 42 30 23 63 25 
4 6 9 58 52 42 52 69 10 49 1 75 23 63 27 67 90 61 1 84 12 6 8 88 27 27 29 57 1 44 33 56 49 93 13 52 35 16 20 96 16 73 71 90 35 49 56 76 10 8 11 73 13 
19 60 92 97 40 48 49 83 32 56 83 25 68 86 11 35 58 6 50 30 28 39 64 77 46 39 38 53 2 10 18 72 21 9 20 12 56 68 95 39 23 29 63 42 15 25 76 72 31 25 53 58 15 
16 86 60 6 23 64 7 84 81 30 4 89 49 16 96 16 62 35 90 42 49 31 56 74 58 79 4 82 31 61 48 98 99 59 56 21 23 14 5 55 44 60 44 92 27 39 60 40 73 49 82 74 32 
89 47 89 20 50 23 50 62 22 100 60 81 55 33 55 68 89 9 11 100 52 55 27 43 66 66 67 66 99 40 97 88 86 38 7 87 12 8 49 33 59 60 65 13 92 19 33 32 28 43 32 31 49 
10 73 14 75 40 80 26 79 28 13 17 17 71 3 28 30 3 13 89 63 77 1 6 96 33 38 23 28 21 5 28 30 78 94 56 69 73 81 99 52 45 15 21 15 18 48 45 72 60 33 34 37 85 
92 84 70 81 58 97 1 62 76 30 39 69 37 7 93 18 58 97 62 72 17 29 41 64 25 13 76 9 98 64 93 89 99 14 69 56 10 69 17 38 50 8 6 87 66 99 56 23 95 69 95 63 97 
87 78 73 99 53 81 49 68 26 37 66 39 58 21 1 26 90 38 28 97 95 66 62 45 21 85 91 89 31 53 38 17 31 10 68 35 43 16 3 20 4 68 58 61 41 10 39 30 47 18 26 42 83 
39 38 3 23 29 43 5 81 32 22 11 94 41 46 36 8 100 55 63 19 64 24 59 74 14 40 72 31 17 65 13 56 3 67 30 31 9 35 63 93 8 26 86 100 23 21 59 22 27 21 40 42 96 
51 15 9 42 87 91 11 51 55 66 53 21 47 35 82 33 98 74 40 23 59 91 97 31 49 18 9 70 9 50 65 11 65 26 5 3 16 15 5 23 80 58 43 78 44 76 11 93 1 50 67 11 93 
63 41 41 80 1 10 41 51 27 3 67 4 7 69 71 21 73 93 100 82 88 30 78 63 40 70 16 41 37 26 33 99 19 74 31 19 35 23 69 13 25 87 16 32 7 87 52 32 79 4 65 18 33 
42 81 72 12 96 64 100 73 97 50 91 22 32 10 56 54 30 21 79 69 36 62 75 74 13 6 5 68 71 22 100 64 54 23 27 1 87 26 74 35 28 64 56 59 25 63 13 7 83 43 75 19 4 
49 44 68 7 48 36 29 22 87 92 75 62 19 76 48 96 1 82 23 16 89 82 93 51 46 99 34 40 25 4 95 73 47 62 31 47 49 11 68 88 55 42 49 25 69 96 20 21 29 95 89 17 28 
81 19 73 79 52 64 3 55 58 27 54 71 10 100 20 72 67 7 26 60 7 50 81 2 22 1 82 16 89 50 95 69 68 19 99 72 82 53 78 39 32 31 9 93 82 80 64 48 38 90 60 44 91 
40 97 64 40 30 31 81 31 25 49 99 43 100 22 24 4 99 14 35 82 75 27 63 6 43 63 44 84 22 39 74 61 36 90 52 17 20 32 48 45 33 98 39 32 19 63 35 69 28 22 50 2 100 
65 8 42 27 3 25 48 41 51 60 28 40 63 97 11 95 44 55 27 41 94 10 11 8 96 79 35 17 81 89 17 45 48 10 23 50 87 22 42 37 81 22 28 43 18 38 89 61 45 67 53 90 76 
15 97 72 45 83 88 25 71 56 21 18 66 43 19 52 64 61 40 44 82 19 39 99 8 27 11 52 94 15 41 21 29 89 92 73 72 32 98 94 87 18 64 4 61 82 7 24 42 98 20 75 16 10 
73 24 88 35 27 33 49 68 54 77 56 97 50 79 80 99 73 19 68 36 22 80 17 81 56 11 78 27 85 94 36 10 69 23 96 95 8 45 14 13 73 70 9 74 100 89 72 72 7 92 59 80 71 
76 60 26 38 38 4 74 83 39 35 3 14 31 97 21 27 63 85 99 32 93 73 31 33 96 55 91 87 13 71 58 40 82 35 77 71 39 51 5 29 37 7 94 67 56 66 93 18 50 44 1 95 16 
83 27 11 37 18 50 50 40 59 41 21 45 18 92 35 20 96 64 56 55 57 75 10 23 19 27 24 62 79 18 29 61 45 40 98 14 41 99 53 99 39 25 43 8 68 78 27 64 93 35 18 1 61 
79 75 79 57 99 41 35 16 21 95 60 60 44 25 52 42 29 50 33 54 45 40 21 74 19 36 18 5 5 18 65 83 93 95 39 91 87 25 6 8 72 18 19 15 94 71 9 23 72 93 76 68 32 
48 41 2 84 58 58 88 76 74 23 20 69 61 10 7 38 67 14 9 36 85 23 30 55 83 52 78 75 79 46 7 26 38 60 9 96 18 49 23 43 71 42 11 83 3 18 20 21 83 80 57 67 3 
86 73 85 37 51 60 67 48 18 92 85 29 53 80 98 53 54 41 23 47 3 57 49 72 29 70 55 8 78 73 62 63 46 47 51 48 58 17 95 27 8 79 55 12 11 5 64 64 45 38 63 47 95 
63 19 23 32 25 82 61 97 44 23 94 90 25 41 99 41 87 25 1 66 31 12 28 35 28 43 31 65 5 30 59 68 100 33 51 24 15 12 72 58 86 18 99 11 58 97 51 97 73 3 62 55 67 
41 42 94 83 72 58 88 1 69 55 100 1 57 75 67 68 47 24 6 64 74 16 73 22 18 69 94 21 82 1 39 22 42 32 5 13 41 44 66 9 50 65 62 6 92 28 26 90 4 31 53 77 98 
77 99 15 98 44 87 31 44 25 53 85 8 9 50 1 4 15 9 53 31 22 10 22 2 87 11 5 17 15 33 14 44 83 81 41 27 19 71 22 96 75 7 3 35 8 3 38 22 64 42 52 37 52 
26 38 38 36 42 7 3 75 72 46 57 4 38 35 23 60 57 18 35 15 72 21 22 27 59 95 42 52 98 78 55 23 16 93 11 57 51 13 83 74 10 92 78 47 78 100 6 86 69 92 100 40 65 
73 18 75 19 59 26 17 37 81 91 52 25 53 60 75 17 95 48 26 86 25 24 63 76 82 49 96 25 100 36 89 25 5 63 43 64 89 11 52 69 54 55 45 58 66 19 75 60 18 52 45 95 28 
60 70 61 60 66 85 11 53 74 87 9 88 30 72 76 92 75 96 97 29 40 55 95 10 81 6 28 84 3 22 11 62 43 71 73 60 8 35 64 81 22 73 20 3 96 96 46 71 43 43 51 35 49 
97 44 81 3 23 64 5 96 27 18 39 49 42 50 56 76 66 88 49 38 8 51 85 55 49 55 49 43 58 83 91 6 27 23 8 1 38 64 97 64 33 87 65 74 36 72 2 1 12 50 90 19 53 
75 25 1 81 73 43 38 56 85 96 34 7 3 34 96 19 82 12 51 68 76 25 56 47 78 8 10 79 98 80 31 24 4 83 4 29 25 94 84 61 89 69 19 43 54 15 61 36 26 64 3 53 40 
10 51 17 18 61 95 67 40 78 90 44 60 45 24 37 38 59 97 78 27 16 21 32 82 33 67 7 96 22 11 87 31 61 3 100 21 50 66 61 27 7 56 38 52 79 74 41 89 71 19 15 38 91 
